     I  COEFFICIENT            ORDER EXPONENTS
     1   1.000000000000000       1   1 0  0 0  0 0  0 0
     2  0.2701140000000000       1   0 1  0 0  0 0  0 0
     3  -.1352828932845801       2   0 1  0 0  0 1  0 0
     4  -.1348311067154200       2   0 1  0 0  0 0  1 0
     5  0.1350570000000000       3   0 3  0 0  0 0  0 0
     6  0.1350570000000000       3   0 1  0 2  0 0  0 0
     7  0.1014059800102903       3   0 1  0 0  0 2  0 0
     8  0.6775382654857949E-01   3   0 1  0 0  0 1  1 0
     9  0.1009541934411302       3   0 1  0 0  0 0  2 0
    10  -.2029243399268701       4   0 3  0 0  0 1  0 0
    11  -.2029243399268701       4   0 1  0 2  0 1  0 0
    12  -.2022466600731299       4   0 3  0 0  0 0  1 0
    13  -.2022466600731299       4   0 1  0 2  0 0  1 0
    14  -.8449547706068009E-01   4   0 1  0 0  0 3  0 0
    15  -.5073150884883066E-01   4   0 1  0 0  0 2  1 0
    16  -.5089923097403858E-01   4   0 1  0 0  0 1  2 0
    17  -.8398778311645068E-01   4   0 1  0 0  0 0  3 0
    ---------------------------------------------------
     I  COEFFICIENT            ORDER EXPONENTS
     1   1.000000000000000       1   0 1  0 0  0 0  0 0
     --------------------------------------------------
     I  COEFFICIENT            ORDER EXPONENTS
     1   1.000000000000000       1   0 0  1 0  0 0  0 0
     2  0.2701140000000000       1   0 0  0 1  0 0  0 0
     3  -.1352828932845801       2   0 0  0 1  0 1  0 0
     4  -.1348311067154200       2   0 0  0 1  0 0  1 0
     5  0.1350570000000000       3   0 2  0 1  0 0  0 0
     6  0.1350570000000000       3   0 0  0 3  0 0  0 0
     7  0.1014059800102903       3   0 0  0 1  0 2  0 0
     8  0.6775382654857949E-01   3   0 0  0 1  0 1  1 0
     9  0.1009541934411302       3   0 0  0 1  0 0  2 0
    10  -.2029243399268701       4   0 2  0 1  0 1  0 0
    11  -.2029243399268701       4   0 0  0 3  0 1  0 0
    12  -.2022466600731299       4   0 2  0 1  0 0  1 0
    13  -.2022466600731299       4   0 0  0 3  0 0  1 0
    14  -.8449547706068009E-01   4   0 0  0 1  0 3  0 0
    15  -.5073150884883066E-01   4   0 0  0 1  0 2  1 0
    16  -.5089923097403858E-01   4   0 0  0 1  0 1  2 0
    17  -.8398778311645068E-01   4   0 0  0 1  0 0  3 0
    ---------------------------------------------------
     I  COEFFICIENT            ORDER EXPONENTS
     1   1.000000000000000       1   0 0  0 1  0 0  0 0
     --------------------------------------------------
     I  COEFFICIENT            ORDER EXPONENTS
     1   1.000000000000000       1   0 0  0 0  1 0  0 0
     2  0.6730279562742014E-01   1   0 0  0 0  0 1  0 0
     3  -.6730279562742013E-01   1   0 0  0 0  0 0  1 0
     4  -.6764144664229005E-01   2   0 2  0 0  0 0  0 0
     5  -.6764144664229005E-01   2   0 0  0 2  0 0  0 0
     6  -.5056152357125980E-01   2   0 0  0 0  0 2  0 0
     7  0.3382025151509947E-01   2   0 0  0 0  0 1  1 0
     8  0.1674127205616032E-01   2   0 0  0 0  0 0  2 0
     9  0.1014059800102903       3   0 2  0 0  0 1  0 0
    10  0.1014059800102903       3   0 0  0 2  0 1  0 0
    11  0.3387691327428977E-01   3   0 2  0 0  0 0  1 0
    12  0.3387691327428977E-01   3   0 0  0 2  0 0  1 0
    13  0.4214879179320027E-01   3   0 0  0 0  0 3  0 0
    14  -.2532332823708123E-01   3   0 0  0 0  0 2  1 0
    15  -.8496923278018223E-02   3   0 0  0 0  0 1  2 0
    16  -.8328540278100814E-02   3   0 0  0 0  0 0  3 0
    17  -.5073108498171754E-01   4   0 4  0 0  0 0  0 0
    18  -.1014621699634351       4   0 2  0 2  0 0  0 0
    19  -.5073108498171754E-01   4   0 0  0 4  0 0  0 0
    20  -.1267432155910202       4   0 2  0 0  0 2  0 0
    21  -.1267432155910202       4   0 0  0 2  0 2  0 0
    22  -.5073150884883067E-01   4   0 2  0 0  0 1  1 0
    23  -.5073150884883067E-01   4   0 0  0 2  0 1  1 0
    24  -.2544961548701932E-01   4   0 2  0 0  0 0  2 0
    25  -.2544961548701932E-01   4   0 0  0 2  0 0  2 0
    26  -.3688549908827917E-01   4   0 0  0 0  0 4  0 0
    27  0.2109562097351585E-01   4   0 0  0 0  0 3  1 0
    28  0.6341560895348019E-02   4   0 0  0 0  0 2  2 0
    29  0.4269216014452855E-02   4   0 0  0 0  0 1  3 0
    30  0.5179101204962381E-02   4   0 0  0 0  0 0  4 0
    ---------------------------------------------------
     I  COEFFICIENT            ORDER EXPONENTS
     1   1.000000000000000       1   0 0  0 0  0 1  0 0
     --------------------------------------------------
     I  COEFFICIENT            ORDER EXPONENTS
     1   1.000000000000000       1   0 0  0 0  0 0  1 0
     --------------------------------------------------
     I  COEFFICIENT            ORDER EXPONENTS
     1   1.000000000000000       1   0 0  0 0  0 0  0 1
     --------------------------------------------------
