     I  COEFFICIENT            ORDER EXPONENTS
     1  0.7487271440647985E-04   0   0 0  0 0  0 0  0 0
     2  0.9999995078054956       1   1 0  0 0  0 0  0 0
     3  0.2599998719114379       1   0 1  0 0  0 0  0 0
     4  -.1836697801076511E-05   1   0 0  1 0  0 0  0 0
     5  -.1439179399549792E-06   1   0 0  0 1  0 0  0 0
     6  -.4819811585560428E-11   1   0 0  0 0  0 1  0 0
     7  -.4803715517693459E-11   1   0 0  0 0  0 0  1 0
     8  0.9623537052095663E-11   1   0 0  0 0  0 0  0 1
     9  -.3598540115585504E-01   2   2 0  0 0  0 0  0 0
    10  -.4456874093906686E-02   2   1 1  0 0  0 0  0 0
    11  -.2897442623428348E-03   2   0 2  0 0  0 0  0 0
    12  0.2071198459909187E-04   2   1 0  1 0  0 0  0 0
    13  0.1312699395459752E-05   2   0 1  1 0  0 0  0 0
    14  0.3598538239581902E-01   2   0 0  2 0  0 0  0 0
    15  0.1282633268535089E-05   2   1 0  0 1  0 0  0 0
    16  0.1741232489063823E-06   2   0 1  0 1  0 0  0 0
    17  0.4456880217501544E-02   2   0 0  1 1  0 0  0 0
    18  0.2897461389101051E-03   2   0 0  0 2  0 0  0 0
    19  0.2465082811736309E-06   2   1 0  0 0  0 1  0 0
    20  -.1302173118672722       2   0 1  0 0  0 1  0 0
    21  0.9078033500861383E-06   2   0 0  1 0  0 1  0 0
    22  0.1410175589863482E-06   2   0 0  0 1  0 1  0 0
    23  0.2456850497367884E-06   2   1 0  0 0  0 0  1 0
    24  -.1297824421572490       2   0 1  0 0  0 0  1 0
    25  0.9047716780760920E-06   2   0 0  1 0  0 0  1 0
    26  0.1405466211048290E-06   2   0 0  0 1  0 0  1 0
    27  -.4921942044657909E-06   2   1 0  0 0  0 0  0 1
    28  -.1178872345071801E-06   2   0 1  0 0  0 0  0 1
    29  -.1812575581738686E-05   2   0 0  1 0  0 0  0 1
    30  -.1376463435255392E-06   2   0 0  0 1  0 0  0 1
    31  -.2713882570761579E-11   2   0 0  0 0  0 2  0 0
    32  -.5171358198888917E-11   2   0 0  0 0  0 1  1 0
    33  -.2696184290365337E-11   2   0 0  0 0  0 0  2 0
    34  -.4819816581304880E-11   2   0 0  0 0  0 1  0 1
    35  -.4803720470826113E-11   2   0 0  0 0  0 0  1 1
    36  0.4221240022665358E-03   3   3 0  0 0  0 0  0 0
    37  0.1696825068438145E-04   3   2 1  0 0  0 0  0 0
    38  -.6009023151625545E-05   3   1 2  0 0  0 0  0 0
    39  0.1299991121254362       3   0 3  0 0  0 0  0 0
    40  -.3492791239261618E-04   3   2 0  1 0  0 0  0 0
    41  0.8523212627056688E-05   3   1 1  1 0  0 0  0 0
    42  -.2193711701871405E-05   3   0 2  1 0  0 0  0 0
    43  0.2627043639306098E-03   3   1 0  2 0  0 0  0 0
    44  -.3829140045106460E-04   3   0 1  2 0  0 0  0 0
    45  0.1176525968289634E-04   3   0 0  3 0  0 0  0 0
    46  -.4293257101593033E-05   3   2 0  0 1  0 0  0 0
    47  -.1584065505971746E-05   3   1 1  0 1  0 0  0 0
    48  -.3046472928463888E-06   3   0 2  0 1  0 0  0 0
    49  0.6989505503477803E-04   3   1 0  1 1  0 0  0 0
    50  -.1396445326898002E-06   3   0 1  1 1  0 0  0 0
    51  -.1274853161209555E-04   3   0 0  2 1  0 0  0 0
    52  -.3853303358652710E-05   3   1 0  0 2  0 0  0 0
    53  0.1299994861151514       3   0 1  0 2  0 0  0 0
    54  -.4052154087582385E-05   3   0 0  1 2  0 0  0 0
    55  -.4769383254385043E-06   3   0 0  0 3  0 0  0 0
    56  0.1802278824149596E-01   3   2 0  0 0  0 1  0 0
    57  0.4464326823014719E-02   3   1 1  0 0  0 1  0 0
    58  0.4353431863816258E-03   3   0 2  0 0  0 1  0 0
    59  -.1036248914478861E-04   3   1 0  1 0  0 1  0 0
    60  -.1304071445449654E-05   3   0 1  1 0  0 1  0 0
    61  -.1802277086345131E-01   3   0 0  2 0  0 1  0 0
    62  -.1284674245158292E-05   3   1 0  0 1  0 1  0 0
    63  -.2583162716188562E-06   3   0 1  0 1  0 1  0 0
    64  -.4464331945809663E-02   3   0 0  1 1  0 1  0 0
    65  -.4353457403162579E-03   3   0 0  0 2  0 1  0 0
    66  0.1796259989492371E-01   3   2 0  0 0  0 0  1 0
    67  0.4449417895137728E-02   3   1 1  0 0  0 0  1 0
    68  0.4338893277316689E-03   3   0 2  0 0  0 0  1 0
    69  -.1032788289631913E-04   3   1 0  1 0  0 0  1 0
    70  -.1299716408755995E-05   3   0 1  1 0  0 0  1 0
    71  -.1796258257491419E-01   3   0 0  2 0  0 0  1 0
    72  -.1280383986755185E-05   3   1 0  0 1  0 0  1 0
    73  -.2574536065819569E-06   3   0 1  0 1  0 0  1 0
    74  -.4449423000824519E-02   3   0 0  1 1  0 0  1 0
    75  -.4338918731372123E-03   3   0 0  0 2  0 0  1 0
    76  -.3598540038428584E-01   3   2 0  0 0  0 0  0 1
    77  -.4456880730357884E-02   3   1 1  0 0  0 0  0 1
    78  -.2897460178017176E-03   3   0 2  0 0  0 0  0 1
    79  0.2069048001315943E-04   3   1 0  1 0  0 0  0 1
    80  0.1287761621194439E-05   3   0 1  1 0  0 0  0 1
    81  0.3598536291454641E-01   3   0 0  2 0  0 0  0 1
    82  0.1282160148024349E-05   3   1 0  0 1  0 0  0 1
    83  0.1670592581846208E-06   3   0 1  0 1  0 0  0 1
    84  0.4456878575089991E-02   3   0 0  1 1  0 0  0 1
    85  0.2897459466710471E-03   3   0 0  0 2  0 0  0 1
    86  -.1847789054581387E-06   3   1 0  0 0  0 2  0 0
    87  0.9760880589358972E-01   3   0 1  0 0  0 2  0 0
    88  -.6804764274399653E-06   3   0 0  1 0  0 2  0 0
    89  -.1284465169564112E-06   3   0 0  0 1  0 2  0 0
    90  -.1234592516588947E-06   3   1 0  0 0  0 1  1 0
    91  0.6521669399386518E-01   3   0 1  0 0  0 1  1 0
    92  -.4546569714145153E-06   3   0 0  1 0  0 1  1 0
    93  -.1253197728140203E-06   3   0 0  0 1  0 1  1 0
    94  -.1839556731939283E-06   3   1 0  0 0  0 0  2 0
    95  0.9717393671448066E-01   3   0 1  0 0  0 0  2 0
    96  -.6774447503003071E-06   3   0 0  1 0  0 0  2 0
    97  -.1278083039537879E-06   3   0 0  0 1  0 0  2 0
    98  0.2465083307659982E-06   3   1 0  0 0  0 1  0 1
    99  0.1180842326876575E-06   3   0 1  0 0  0 1  0 1
   100  0.9078045718789840E-06   3   0 0  1 0  0 1  0 1
   101  0.1378765792518687E-06   3   0 0  0 1  0 1  0 1
   102  0.2456850991635383E-06   3   1 0  0 0  0 0  1 1
   103  0.1176898822337985E-06   3   0 1  0 0  0 0  1 1
   104  0.9047728957886762E-06   3   0 0  1 0  0 0  1 1
   105  0.1374161308891925E-06   3   0 0  0 1  0 0  1 1
   106  -.2860308890863724E-10   3   0 0  0 0  0 3  0 0
   107  -.5166557556549563E-10   3   0 0  0 0  0 2  1 0
   108  -.5154956887421987E-10   3   0 0  0 0  0 1  2 0
   109  -.2837382410348181E-10   3   0 0  0 0  0 0  3 0
   110  0.1955752795712897E-10   3   0 0  0 0  0 2  0 1
   111  0.2783172980928562E-10   3   0 0  0 0  0 1  1 1
   112  0.1944574124889816E-10   3   0 0  0 0  0 0  2 1
   113  0.6816577241100701E-03   4   4 0  0 0  0 0  0 0
   114  -.1380170551102796       4   3 1  0 0  0 0  0 0
   115  -.8087054420931750E-01   4   2 2  0 0  0 0  0 0
   116  -.1624918185727841E-01   4   1 3  0 0  0 0  0 0
   117  -.1428512581522658E-02   4   0 4  0 0  0 0  0 0
   118  -.1246003962832443E-05   4   3 0  1 0  0 0  0 0
   119  0.3934084158373876E-04   4   2 1  1 0  0 0  0 0
   120  0.3622290089060869E-04   4   1 2  1 0  0 0  0 0
   121  0.3289034302574511E-05   4   0 3  1 0  0 0  0 0
   122  0.1379338670348427E-02   4   2 0  2 0  0 0  0 0
   123  -.1380174979925005       4   1 1  2 0  0 0  0 0
   124  0.4501392816871082E-01   4   0 2  2 0  0 0  0 0
   125  0.1557516152455824E-05   4   1 0  3 0  0 0  0 0
   126  0.3980056661597427E-04   4   0 1  3 0  0 0  0 0
   127  -.1148393835864848E-02   4   0 0  4 0  0 0  0 0
   128  0.3988894190216149E-04   4   3 0  0 1  0 0  0 0
   129  0.1553250253606610E-04   4   2 1  0 1  0 0  0 0
   130  0.6731601691327293E-05   4   1 2  0 1  0 0  0 0
   131  0.3346411180042215E-04   4   0 3  0 1  0 0  0 0
   132  0.1389391104114225       4   2 0  1 1  0 0  0 0
   133  0.3614748468792674E-01   4   1 1  1 1  0 0  0 0
   134  0.8710825358495452E-02   4   0 2  1 1  0 0  0 0
   135  0.4044806182171733E-04   4   1 0  2 1  0 0  0 0
   136  0.5174025443465035E-05   4   0 1  2 1  0 0  0 0
   137  0.1377068800042751       4   0 0  3 1  0 0  0 0
   138  -.2693987471862288E-01   4   2 0  0 2  0 0  0 0
   139  -.1984107655602947E-02   4   1 1  0 2  0 0  0 0
   140  0.2688466923198985E-03   4   0 2  0 2  0 0  0 0
   141  0.2599448110548452E-04   4   1 0  1 2  0 0  0 0
   142  0.4829269657543723E-05   4   0 1  1 2  0 0  0 0
   143  0.6279610504699164E-01   4   0 0  2 2  0 0  0 0
   144  0.2629788524390811E-05   4   1 0  0 3  0 0  0 0
   145  0.3329733448777225E-04   4   0 1  0 3  0 0  0 0
   146  0.1400690258295575E-01   4   0 0  1 3  0 0  0 0
   147  0.1114275287968629E-02   4   0 0  0 4  0 0  0 0
   148  -.4426584243266959E-03   4   3 0  0 0  0 1  0 0
   149  -.9639457914865839E-04   4   2 1  0 0  0 1  0 0
   150  -.1550564478478071E-04   4   1 2  0 0  0 1  0 0
   151  -.1953276773420733       4   0 3  0 0  0 1  0 0
   152  0.5818006900178671E-05   4   2 0  1 0  0 1  0 0
   153  -.7527321780007204E-05   4   1 1  1 0  0 1  0 0
   154  -.8660164638700368E-06   4   0 2  1 0  0 1  0 0
   155  -.3628163933725648E-03   4   1 0  2 0  0 1  0 0
   156  0.9617819046533439E-04   4   0 1  2 0  0 1  0 0
   157  -.1739114193614334E-04   4   0 0  3 0  0 1  0 0
   158  0.8304643272806537E-05   4   2 0  0 1  0 1  0 0
   159  0.1967135072502493E-05   4   1 1  0 1  0 1  0 0
   160  0.9194257646972910E-07   4   0 2  0 1  0 1  0 0
   161  -.8876671928460234E-04   4   1 0  1 1  0 1  0 0
   162  0.8702727597151878E-05   4   0 1  1 1  0 1  0 0
   163  -.1131310296047801E-04   4   0 0  2 1  0 1  0 0
   164  0.7409887807233905E-05   4   1 0  0 2  0 1  0 0
   165  -.1953243799637521       4   0 1  0 2  0 1  0 0
   166  -.4735570913777509E-05   4   0 0  1 2  0 1  0 0
   167  -.5608012890574904E-06   4   0 0  0 3  0 1  0 0
   168  -.4411801359343023E-03   4   3 0  0 0  0 0  1 0
   169  -.9607266279148047E-04   4   2 1  0 0  0 0  1 0
   170  -.1545386261260407E-04   4   1 2  0 0  0 0  1 0
   171  -.1946753670679074       4   0 3  0 0  0 0  1 0
   172  0.5798577264154725E-05   4   2 0  1 0  0 0  1 0
   173  -.7502183768841195E-05   4   1 1  1 0  0 0  1 0
   174  -.8631243420537226E-06   4   0 2  1 0  0 0  1 0
   175  -.3616047429592488E-03   4   1 0  2 0  0 0  1 0
   176  0.9585699675297664E-04   4   0 1  2 0  0 0  1 0
   177  -.1733306301604971E-04   4   0 0  3 0  0 0  1 0
   178  0.8276909342808277E-05   4   2 0  0 1  0 0  1 0
   179  0.1960565689013549E-05   4   1 1  0 1  0 0  1 0
   180  0.9163552788289285E-07   4   0 2  0 1  0 0  1 0
   181  -.8847027669231211E-04   4   1 0  1 1  0 0  1 0
   182  0.8673664237189152E-05   4   0 1  1 1  0 0  1 0
   183  -.1127532207149071E-04   4   0 0  2 1  0 0  1 0
   184  0.7385141974881238E-05   4   1 0  0 2  0 0  1 0
   185  -.1946720807014095       4   0 1  0 2  0 0  1 0
   186  -.4719756147518435E-05   4   0 0  1 2  0 0  1 0
   187  -.5589284544054399E-06   4   0 0  0 3  0 0  1 0
   188  0.8440897864332943E-03   4   3 0  0 0  0 0  0 1
   189  0.8689517580984490E-04   4   2 1  0 0  0 0  0 1
   190  0.4418520046538019E-05   4   1 2  0 0  0 0  0 1
   191  0.3086376890822989E-06   4   0 3  0 0  0 0  0 1
   192  -.2324485177926641E-04   4   2 0  1 0  0 0  0 1
   193  0.6011025960492141E-05   4   1 1  1 0  0 0  0 1
   194  0.3340646084713359E-06   4   0 2  1 0  0 0  0 1
   195  0.6846714337477063E-03   4   1 0  2 0  0 0  0 1
   196  -.1003764098294430E-03   4   0 1  2 0  0 0  0 1
   197  0.2319905582619748E-04   4   0 0  3 0  0 0  0 1
   198  -.6031632045028164E-05   4   2 0  0 1  0 0  0 1
   199  -.1197125501599013E-05   4   1 1  0 1  0 0  0 1
   200  -.8286186017141211E-07   4   0 2  0 1  0 0  0 1
   201  0.1250940753136009E-03   4   1 0  1 1  0 0  0 1
   202  -.2844068396885987E-05   4   0 1  1 1  0 0  0 1
   203  0.6034187809069801E-05   4   0 0  2 1  0 0  0 1
   204  -.7620020632947515E-05   4   1 0  0 2  0 0  0 1
   205  -.9256027782176369E-06   4   0 1  0 2  0 0  0 1
   206  0.1978803517952285E-05   4   0 0  1 2  0 0  0 1
   207  0.1795706903294340E-06   4   0 0  0 3  0 0  0 1
   208  -.1350961380054089E-01   4   2 0  0 0  0 2  0 0
   209  -.4464340263547729E-02   4   1 1  0 0  0 2  0 0
   210  -.7553709382979276E-03   4   0 2  0 0  0 2  0 0
   211  0.7787379810391756E-05   4   1 0  1 0  0 2  0 0
   212  0.1298148841035177E-05   4   0 1  1 0  0 2  0 0
   213  0.1350961518479694E-01   4   0 0  2 0  0 2  0 0
   214  0.1284887007050918E-05   4   1 0  0 1  0 2  0 0
   215  0.4124383803226648E-04   4   0 1  0 1  0 2  0 0
   216  0.4464345133810106E-02   4   0 0  1 1  0 2  0 0
   217  0.4740296590890736E-03   4   0 0  0 2  0 2  0 0
   218  -.9026383030788702E-02   4   2 0  0 0  0 1  1 0
   219  -.4464306841613874E-02   4   1 1  0 0  0 1  1 0
   220  -.9056322917707603E-03   4   0 2  0 0  0 1  1 0
   221  0.5206323890469624E-05   4   1 0  1 0  0 1  1 0
   222  0.1294000255981168E-05   4   0 1  1 0  0 1  1 0
   223  0.9026383419949496E-02   4   0 0  2 0  0 1  1 0
   224  0.1284466317009955E-05   4   1 0  0 1  0 1  1 0
   225  0.4944663932000651E-04   4   0 1  0 1  0 1  1 0
   226  0.4464308514094554E-02   4   0 0  1 1  0 1  1 0
   227  0.5683250983542935E-03   4   0 0  0 2  0 1  1 0
   228  -.1344942539694722E-01   4   2 0  0 0  0 0  2 0
   229  -.4441976860211651E-02   4   1 1  0 0  0 0  2 0
   230  -.7513361140535869E-03   4   0 2  0 0  0 0  2 0
   231  0.7752679878350566E-05   4   1 0  1 0  0 0  2 0
   232  0.1291652881707332E-05   4   0 1  1 0  0 0  2 0
   233  0.1344942677593058E-01   4   0 0  2 0  0 0  2 0
   234  0.1278451256155687E-05   4   1 0  0 1  0 0  2 0
   235  0.4102353615133130E-04   4   0 1  0 1  0 0  2 0
   236  0.4441981711416218E-02   4   0 0  1 1  0 0  2 0
   237  0.4714976238240656E-03   4   0 0  0 2  0 0  2 0
   238  0.1802279783769820E-01   4   2 0  0 0  0 1  0 1
   239  0.4464330806622278E-02   4   1 1  0 0  0 1  0 1
   240  0.4353453428302154E-03   4   0 2  0 0  0 1  0 1
   241  -.1038835263403075E-04   4   1 0  1 0  0 1  0 1
   242  -.1287621375050031E-05   4   0 1  1 0  0 1  0 1
   243  -.1802279980779824E-01   4   0 0  2 0  0 1  0 1
   244  -.1284924199387809E-05   4   1 0  0 1  0 1  0 1
   245  -.2509914677026202E-06   4   0 1  0 1  0 1  0 1
   246  -.4464332771670959E-02   4   0 0  1 1  0 1  0 1
   247  -.4353459560611535E-03   4   0 0  0 2  0 1  0 1
   248  0.1796260945907877E-01   4   2 0  0 0  0 0  1 1
   249  0.4449421865441755E-02   4   1 1  0 0  0 0  1 1
   250  0.4338914769786213E-03   4   0 2  0 0  0 0  1 1
   251  -.1035366001265197E-04   4   1 0  1 0  0 0  1 1
   252  -.1283321274503032E-05   4   0 1  1 0  0 0  1 1
   253  -.1796261142259948E-01   4   0 0  2 0  0 0  1 1
   254  -.1280633106245289E-05   4   1 0  0 1  0 0  1 1
   255  -.2501532643545163E-06   4   0 1  0 1  0 0  1 1
   256  -.4449423823927795E-02   4   0 0  1 1  0 0  1 1
   257  -.4338920881616129E-03   4   0 0  0 2  0 0  1 1
   258  0.1770596652378764E-15   4   2 0  0 0  0 0  0 2
   259  -.1242292315179786E-15   4   1 1  0 0  0 0  0 2
   260  -.1023750796956469E-15   4   0 2  0 0  0 0  0 2
   261  -.8767383680910444E-14   4   1 0  1 0  0 0  0 2
   262  -.2310497521272885E-14   4   0 1  1 0  0 0  0 2
   263  -.9658849220223934E-14   4   0 0  2 0  0 0  0 2
   264  -.7412826474761370E-15   4   1 0  0 1  0 0  0 2
   265  -.2207745383211306E-15   4   0 1  0 1  0 0  0 2
   266  -.2499967053985405E-14   4   0 0  1 1  0 0  0 2
   267  -.1145152187605565E-15   4   0 0  0 2  0 0  0 2
   268  -.8842201441555644E-06   4   1 0  0 0  0 3  0 0
   269  -.8133186009184809E-01   4   0 1  0 0  0 3  0 0
   270  -.2569515156934189E-06   4   0 0  1 0  0 3  0 0
   271  -.5772490708519640E-07   4   0 0  0 1  0 3  0 0
   272  -.1044668268026685E-05   4   1 0  0 0  0 2  1 0
   273  -.4883229095336012E-01   4   0 1  0 0  0 2  1 0
   274  -.3035774083960759E-06   4   0 0  1 0  0 2  1 0
   275  -.7862770203073489E-07   4   0 0  0 1  0 2  1 0
   276  -.1043849734354017E-05   4   1 0  0 0  0 1  2 0
   277  -.4899373218087855E-01   4   0 1  0 0  0 1  2 0
   278  -.3033395442476756E-06   4   0 0  1 0  0 1  2 0
   279  -.7852202685407458E-07   4   0 0  0 1  0 1  2 0
   280  -.8780522436553920E-06   4   1 0  0 0  0 0  3 0
   281  -.8084317445884563E-01   4   0 1  0 0  0 0  3 0
   282  -.2551591434604416E-06   4   0 0  1 0  0 0  3 0
   283  -.5730489082150085E-07   4   0 0  0 1  0 0  3 0
   284  0.8038604869745493E-06   4   1 0  0 0  0 2  0 1
   285  0.1463831177055967E-06   4   0 1  0 0  0 2  0 1
   286  0.2335992714921711E-06   4   0 0  1 0  0 2  0 1
   287  0.4253850373520535E-07   4   0 0  0 1  0 2  0 1
   288  0.9637662547860857E-06   4   1 0  0 0  0 1  1 1
   289  0.2087583584842937E-06   4   0 1  0 0  0 1  1 1
   290  0.2800677064858566E-06   4   0 0  1 0  0 1  1 1
   291  0.6066458541623370E-07   4   0 0  0 1  0 1  1 1
   292  0.7995666572515024E-06   4   1 0  0 0  0 0  2 1
   293  0.1455456796845331E-06   4   0 1  0 0  0 0  2 1
   294  0.2323514978568527E-06   4   0 0  1 0  0 0  2 1
   295  0.4229514670715800E-07   4   0 0  0 1  0 0  2 1
   296  -.2049313094054799E-04   4   0 0  0 0  0 4  0 0
   297  -.1171489401124235E-04   4   0 0  0 0  0 3  1 0
   298  -.1055295229995539E-04   4   0 0  0 0  0 2  2 0
   299  -.1177688301849080E-04   4   0 0  0 0  0 1  3 0
   300  -.2033690260145250E-04   4   0 0  0 0  0 0  4 0
   301  0.4095100883455987E-11   4   0 0  0 0  0 3  0 1
   302  0.2900130367055764E-10   4   0 0  0 0  0 2  1 1
   303  0.2887647118570916E-10   4   0 0  0 0  0 1  2 1
   304  0.4026322944250053E-11   4   0 0  0 0  0 0  3 1
   ----------------------------------------------------
     I  COEFFICIENT            ORDER EXPONENTS
     1  0.7928771935168348E-08   0   0 0  0 0  0 0  0 0
     2  -.1464128307062797E-04   1   1 0  0 0  0 0  0 0
     3  0.9999966854587308       1   0 1  0 0  0 0  0 0
     4  -.1709779695710143E-04   1   0 0  1 0  0 0  0 0
     5  -.2656975828881699E-05   1   0 0  0 1  0 0  0 0
     6  0.4028845800083273E-08   1   0 0  0 0  0 1  0 0
     7  0.4015391191127521E-08   1   0 0  0 0  0 0  1 0
     8  -.1154647662114182E-09   1   0 0  0 0  0 0  0 1
     9  -.2768195266439645       2   2 0  0 0  0 0  0 0
    10  -.7197548929849189E-01   2   1 1  0 0  0 0  0 0
    11  -.7128378602328332E-02   2   0 2  0 0  0 0  0 0
    12  0.1588259788110379E-03   2   1 0  1 0  0 0  0 0
    13  0.2075034476193235E-04   2   0 1  1 0  0 0  0 0
    14  0.2768196078788598       2   0 0  2 0  0 0  0 0
    15  0.2063080774120206E-04   2   1 0  0 1  0 0  0 0
    16  0.4099138000976522E-05   2   0 1  0 1  0 0  0 0
    17  0.7197559080442485E-01   2   0 0  1 1  0 0  0 0
    18  0.7128385403376690E-02   2   0 0  0 2  0 0  0 0
    19  -.9996936984853501E-11   2   1 0  0 0  0 1  0 0
    20  0.1660040764528324E-05   2   0 1  0 0  0 1  0 0
    21  -.7865559584709091E-11   2   0 0  1 0  0 1  0 0
    22  0.1318629447297187E-05   2   0 0  0 1  0 1  0 0
    23  -.9963551356183140E-11   2   1 0  0 0  0 0  1 0
    24  0.1654496943597452E-05   2   0 1  0 0  0 0  1 0
    25  -.7839291958910896E-11   2   0 0  1 0  0 0  1 0
    26  0.1314225793150453E-05   2   0 0  0 1  0 0  1 0
    27  -.1464126323334128E-04   2   1 0  0 0  0 0  0 1
    28  -.3314538355586034E-05   2   0 1  0 0  0 0  0 1
    29  -.1709778180945482E-04   2   0 0  1 0  0 0  0 1
    30  -.2632855050302811E-05   2   0 0  0 1  0 0  0 1
    31  -.1002169559137679E-08   2   0 0  0 0  0 2  0 0
    32  0.2004336341110856E-08   2   0 0  0 0  0 1  1 0
    33  -.1002169554928651E-08   2   0 0  0 0  0 0  2 0
    34  0.8290980200801996E-15   2   0 0  0 0  0 1  0 1
    35  0.8263291663716042E-15   2   0 0  0 0  0 0  1 1
    36  0.8156998199999141E-02   3   3 0  0 0  0 0  0 0
    37  0.2383537151405454E-02   3   2 1  0 0  0 0  0 0
    38  0.2501390224251165E-03   3   1 2  0 0  0 0  0 0
    39  0.1450119735286403E-04   3   0 3  0 0  0 0  0 0
    40  -.1095785174183247E-05   3   2 0  1 0  0 0  0 0
    41  0.6928297009141137E-04   3   1 1  1 0  0 0  0 0
    42  0.4745671428063302E-05   3   0 2  1 0  0 0  0 0
    43  0.8157020448877329E-02   3   1 0  2 0  0 0  0 0
    44  -.8544288161627947E-03   3   0 1  2 0  0 0  0 0
    45  0.1620628459512239E-05   3   0 0  3 0  0 0  0 0
    46  0.3459957438936911E-04   3   2 0  0 1  0 0  0 0
    47  0.2657487481590129E-04   3   1 1  0 1  0 0  0 0
    48  0.2023913381827541E-05   3   0 2  0 1  0 0  0 0
    49  0.3716324407013030E-02   3   1 0  1 1  0 0  0 0
    50  0.1911266232521971E-03   3   0 1  1 1  0 0  0 0
    51  -.3396668559832486E-04   3   0 0  2 1  0 0  0 0
    52  0.1541274990448631E-03   3   1 0  0 2  0 0  0 0
    53  0.2019182106848624E-04   3   0 1  0 2  0 0  0 0
    54  -.4620338636339390E-05   3   0 0  1 2  0 0  0 0
    55  -.1545197576462721E-05   3   0 0  0 3  0 0  0 0
    56  -.2102467339078952E-06   3   2 0  0 0  0 1  0 0
    57  0.3604788893285040E-01   3   1 1  0 0  0 1  0 0
    58  0.7140291513805268E-02   3   0 2  0 0  0 1  0 0
    59  0.3158772336711772E-06   3   1 0  1 0  0 1  0 0
    60  -.1040950124406479E-04   3   0 1  1 0  0 1  0 0
    61  0.1907008126008955E-06   3   0 0  2 0  0 1  0 0
    62  -.1027665524215738E-04   3   1 0  0 1  0 1  0 0
    63  -.4101883760084968E-05   3   0 1  0 1  0 1  0 0
    64  -.3604798504611301E-01   3   0 0  1 1  0 1  0 0
    65  -.7140312516774012E-02   3   0 0  0 2  0 1  0 0
    66  -.2095446003648693E-06   3   2 0  0 0  0 0  1 0
    67  0.3592750451712017E-01   3   1 1  0 0  0 0  1 0
    68  0.7116446016953896E-02   3   0 2  0 0  0 0  1 0
    69  0.3148223398245527E-06   3   1 0  1 0  0 0  1 0
    70  -.1037473799544168E-04   3   0 1  1 0  0 0  1 0
    71  0.1900639540741820E-06   3   0 0  2 0  0 0  1 0
    72  -.1024233564193635E-04   3   1 0  0 1  0 0  1 0
    73  -.4088185235858553E-05   3   0 1  0 1  0 0  1 0
    74  -.3592760030940586E-01   3   0 0  1 1  0 0  1 0
    75  -.7116466949781803E-02   3   0 0  0 2  0 0  1 0
    76  -.2768190909966327       3   2 0  0 0  0 0  0 1
    77  -.7197538929519143E-01   3   1 1  0 0  0 0  0 1
    78  -.7128362036166838E-02   3   0 2  0 0  0 0  0 1
    79  0.1582018928212928E-03   3   1 0  1 0  0 0  0 1
    80  0.2078063119598073E-04   3   0 1  1 0  0 0  0 1
    81  0.2768192324135638       3   0 0  2 0  0 0  0 1
    82  0.2053194173242020E-04   3   1 0  0 1  0 0  0 1
    83  0.4093079575372526E-05   3   0 1  0 1  0 0  0 1
    84  0.7197558950828536E-01   3   0 0  1 1  0 0  0 1
    85  0.7128393001522865E-02   3   0 0  0 2  0 0  0 1
    86  -.2874495348758403E-10   3   1 0  0 0  0 2  0 0
    87  -.1244350726956917E-05   3   0 1  0 0  0 2  0 0
    88  -.4147126142121688E-11   3   0 0  1 0  0 2  0 0
    89  -.9884217396106931E-06   3   0 0  0 1  0 2  0 0
    90  -.3927298832913579E-10   3   1 0  0 0  0 1  1 0
    91  -.8314124024546938E-06   3   0 1  0 0  0 1  1 0
    92  -.4844454340654516E-11   3   0 0  1 0  0 1  1 0
    93  -.6604064775779844E-06   3   0 0  0 1  0 1  1 0
    94  -.2858332709511458E-10   3   1 0  0 0  0 0  2 0
    95  -.1238806852279030E-05   3   0 1  0 0  0 0  2 0
    96  -.4125157262537449E-11   3   0 0  1 0  0 0  2 0
    97  -.9840181004515414E-06   3   0 0  0 1  0 0  2 0
    98  0.3671765540857512E-10   3   1 0  0 0  0 1  0 1
    99  0.1660050903383466E-05   3   0 1  0 0  0 1  0 1
   100  0.7867659687528524E-11   3   0 0  1 0  0 1  0 1
   101  0.1318626613519187E-05   3   0 0  0 1  0 1  0 1
   102  0.3659503442215496E-10   3   1 0  0 0  0 0  1 1
   103  0.1654507048694351E-05   3   0 1  0 0  0 0  1 1
   104  0.7841385137726307E-11   3   0 0  1 0  0 0  1 1
   105  0.1314222968836072E-05   3   0 0  0 1  0 0  1 1
   106  0.6879987119918868E-10   3   0 0  0 0  0 3  0 0
   107  -.9802887571127935E-09   3   0 0  0 0  0 2  1 0
   108  -.9750346519020190E-09   3   0 0  0 0  0 1  2 0
   109  0.7008663488273202E-10   3   0 0  0 0  0 0  3 0
   110  0.4113027699854217E-09   3   0 0  0 0  0 2  0 1
   111  0.4547213333423714E-09   3   0 0  0 0  0 1  1 1
   112  0.4091699089628864E-09   3   0 0  0 0  0 0  2 1
   113  0.6881395949594761E-02   4   4 0  0 0  0 0  0 0
   114  0.4550964018078809E-02   4   3 1  0 0  0 0  0 0
   115  0.2088113101828757       4   2 2  0 0  0 0  0 0
   116  0.1813492574916684E-01   4   1 3  0 0  0 0  0 0
   117  -.1776548969841679E-02   4   0 4  0 0  0 0  0 0
   118  -.2534836246119010E-05   4   3 0  1 0  0 0  0 0
   119  -.3334235964518593E-05   4   2 1  1 0  0 0  0 0
   120  -.4035259550832617E-04   4   1 2  1 0  0 0  0 0
   121  0.5151457906856854E-05   4   0 3  1 0  0 0  0 0
   122  0.1483799045097930E-01   4   2 0  2 0  0 0  0 0
   123  0.4705111926604459E-02   4   1 1  2 0  0 0  0 0
   124  0.6961270779935598E-01   4   0 2  2 0  0 0  0 0
   125  -.8224467531773956E-05   4   1 0  3 0  0 0  0 0
   126  -.2012289421526822E-05   4   0 1  3 0  0 0  0 0
   127  -.1179796862771060E-01   4   0 0  4 0  0 0  0 0
   128  -.3045970026348670E-06   4   3 0  0 1  0 0  0 0
   129  -.1196939685355745E-03   4   2 1  0 1  0 0  0 0
   130  -.2592736698769773E-04   4   1 2  0 1  0 0  0 0
   131  -.2322210369653073E-08   4   0 3  0 1  0 0  0 0
   132  0.5989966329915631E-02   4   2 0  1 1  0 0  0 0
   133  -.2747918664170372       4   1 1  1 1  0 0  0 0
   134  0.1817430230371428E-01   4   0 2  1 1  0 0  0 0
   135  -.5721963595406472E-05   4   1 0  2 1  0 0  0 0
   136  -.4075960429089436E-04   4   0 1  2 1  0 0  0 0
   137  -.8085030228784710E-02   4   0 0  3 1  0 0  0 0
   138  -.2070104864627447       4   2 0  0 2  0 0  0 0
   139  -.1257389144606273       4   1 1  0 2  0 0  0 0
   140  -.1067568352515909E-01   4   0 2  0 2  0 0  0 0
   141  0.3887855541219009E-04   4   1 0  1 2  0 0  0 0
   142  0.5027033965692381E-05   4   0 1  1 2  0 0  0 0
   143  -.7140772800198177E-01   4   0 0  2 2  0 0  0 0
   144  0.1549062293392890E-04   4   1 0  0 3  0 0  0 0
   145  0.4097681939717167E-05   4   0 1  0 3  0 0  0 0
   146  0.1772051200624982E-01   4   0 0  1 3  0 0  0 0
   147  0.5335129327124650E-02   4   0 0  0 4  0 0  0 0
   148  -.4084163671479991E-02   4   3 0  0 0  0 1  0 0
   149  -.2326736078725387E-02   4   2 1  0 0  0 1  0 0
   150  -.3669178847862657E-03   4   1 2  0 0  0 1  0 0
   151  -.3457535767269228E-04   4   0 3  0 0  0 1  0 0
   152  -.2498985132649785E-06   4   2 0  1 0  0 1  0 0
   153  -.1175628185743932E-04   4   1 1  1 0  0 1  0 0
   154  -.9823102046615445E-05   4   0 2  1 0  0 1  0 0
   155  -.4084140280984032E-02   4   1 0  2 0  0 1  0 0
   156  0.9559710480793214E-03   4   0 1  2 0  0 1  0 0
   157  0.3402588176262295E-06   4   0 0  3 0  0 1  0 0
   158  0.1732008204036430E-04   4   2 0  0 1  0 1  0 0
   159  0.1052032711724306E-04   4   1 1  0 1  0 1  0 0
   160  -.3180258101570420E-08   4   0 2  0 1  0 1  0 0
   161  -.3681889246168153E-02   4   1 0  1 1  0 1  0 0
   162  -.2408962950527709E-03   4   0 1  1 1  0 1  0 0
   163  0.2922852585832546E-04   4   0 0  2 1  0 1  0 0
   164  -.2713317772749193E-03   4   1 0  0 2  0 1  0 0
   165  -.4896768896245101E-04   4   0 1  0 2  0 1  0 0
   166  0.7993409140147573E-06   4   0 0  1 2  0 1  0 0
   167  -.1790298194571289E-05   4   0 0  0 3  0 1  0 0
   168  -.4070524324713637E-02   4   3 0  0 0  0 0  1 0
   169  -.2318965782830482E-02   4   2 1  0 0  0 0  1 0
   170  -.3656925371591285E-03   4   1 2  0 0  0 0  1 0
   171  -.3445989087698318E-04   4   0 3  0 0  0 0  1 0
   172  -.2490639599137802E-06   4   2 0  1 0  0 0  1 0
   173  -.1171702094190529E-04   4   1 1  1 0  0 0  1 0
   174  -.9790297118627966E-05   4   0 2  1 0  0 0  1 0
   175  -.4070501012331747E-02   4   1 0  2 0  0 0  1 0
   176  0.9527785167134922E-03   4   0 1  2 0  0 0  1 0
   177  0.3391224997954021E-06   4   0 0  3 0  0 0  1 0
   178  0.1726224042970239E-04   4   2 0  0 1  0 0  1 0
   179  0.1048519375795912E-04   4   1 1  0 1  0 0  1 0
   180  -.3169637409919492E-08   4   0 2  0 1  0 0  1 0
   181  -.3669593322639414E-02   4   1 0  1 1  0 0  1 0
   182  -.2400918052314034E-03   4   0 1  1 1  0 0  1 0
   183  0.2913091517674901E-04   4   0 0  2 1  0 0  1 0
   184  -.2704256460576011E-03   4   1 0  0 2  0 0  1 0
   185  -.4880415798199833E-04   4   0 1  0 2  0 0  1 0
   186  0.7966714598039047E-06   4   0 0  1 2  0 0  1 0
   187  -.1784319370054229E-05   4   0 0  0 3  0 0  1 0
   188  0.1631198849420970E-01   4   3 0  0 0  0 0  0 1
   189  0.4765976826126997E-02   4   2 1  0 0  0 0  0 1
   190  0.5092165018279133E-03   4   1 2  0 0  0 0  0 1
   191  0.3349428889273646E-04   4   0 3  0 0  0 0  0 1
   192  -.4300729164049003E-08   4   2 0  1 0  0 0  0 1
   193  0.4647152492013109E-04   4   1 1  1 0  0 0  0 1
   194  0.9047642463356531E-05   4   0 2  1 0  0 0  0 1
   195  0.1631198725596446E-01   4   1 0  2 0  0 0  0 1
   196  -.1868652156289908E-02   4   0 1  2 0  0 0  0 1
   197  -.3513627131840928E-08   4   0 0  3 0  0 0  0 1
   198  0.6822844673019743E-07   4   2 0  0 1  0 0  0 1
   199  0.2360128189269483E-07   4   1 1  0 1  0 0  0 1
   200  0.5983550747256408E-06   4   0 2  0 1  0 0  0 1
   201  0.7272340242733837E-02   4   1 0  1 1  0 0  0 1
   202  0.3138197386675781E-03   4   0 1  1 1  0 0  0 1
   203  -.4640629191671738E-04   4   0 0  2 1  0 0  0 1
   204  0.3197558366403747E-03   4   1 0  0 2  0 0  0 1
   205  0.4170537258648981E-04   4   0 1  0 2  0 0  0 1
   206  -.3024152424995043E-05   4   0 0  1 2  0 0  0 1
   207  0.5959888167218509E-06   4   0 0  0 3  0 0  0 1
   208  -.4513038168596214E-06   4   2 0  0 0  0 2  0 0
   209  -.2702115415744006E-01   4   1 1  0 0  0 2  0 0
   210  -.7140345559159838E-02   4   0 2  0 0  0 2  0 0
   211  0.1824240905222218E-06   4   1 0  1 0  0 2  0 0
   212  0.7790994255826939E-05   4   0 1  1 0  0 2  0 0
   213  0.1757075323892138E-06   4   0 0  2 0  0 2  0 0
   214  0.7796741174421202E-05   4   1 0  0 1  0 2  0 0
   215  0.4114236246411926E-05   4   0 1  0 1  0 2  0 0
   216  0.2702098258843580E-01   4   0 0  1 1  0 2  0 0
   217  0.7140322011681339E-02   4   0 0  0 2  0 2  0 0
   218  -.5252830689196270E-06   4   2 0  0 0  0 1  1 0
   219  -.1805413072225173E-01   4   1 1  0 0  0 1  1 0
   220  -.7140295253928753E-02   4   0 2  0 0  0 1  1 0
   221  0.2252974913216972E-06   4   1 0  1 0  0 1  1 0
   222  0.5211602714960902E-05   4   0 1  1 0  0 1  1 0
   223  0.2158911428506538E-06   4   0 0  2 0  0 1  1 0
   224  0.5230591774041975E-05   4   1 0  0 1  0 1  1 0
   225  0.4116811725859579E-05   4   0 1  0 1  0 1  1 0
   226  0.1805389116812487E-01   4   0 0  1 1  0 1  1 0
   227  0.7140259206760618E-02   4   0 0  0 2  0 1  1 0
   228  -.4489195469761103E-06   4   2 0  0 0  0 0  2 0
   229  -.2690076863769547E-01   4   1 1  0 0  0 0  2 0
   230  -.7104577127149786E-02   4   0 2  0 0  0 0  2 0
   231  0.1814386743984575E-06   4   1 0  1 0  0 0  2 0
   232  0.7756273438595315E-05   4   0 1  1 0  0 0  2 0
   233  0.1747602532185600E-06   4   0 0  2 0  0 0  2 0
   234  0.7761969457320311E-05   4   1 0  0 1  0 0  2 0
   235  0.4093622281676176E-05   4   0 1  0 1  0 0  2 0
   236  0.2690059804166168E-01   4   0 0  1 1  0 0  2 0
   237  0.7104553718500500E-02   4   0 0  0 2  0 0  2 0
   238  0.7218920350481938E-06   4   2 0  0 0  0 1  0 1
   239  0.3604814340828256E-01   4   1 1  0 0  0 1  0 1
   240  0.7140322296758587E-02   4   0 2  0 0  0 1  0 1
   241  -.2917539426000952E-06   4   1 0  1 0  0 1  0 1
   242  -.1039152011041762E-04   4   0 1  1 0  0 1  0 1
   243  -.2810122659651600E-06   4   0 0  2 0  0 1  0 1
   244  -.1039775726607457E-04   4   1 0  0 1  0 1  0 1
   245  -.4113813827745045E-05   4   0 1  0 1  0 1  0 1
   246  -.3604794687288015E-01   4   0 0  1 1  0 1  0 1
   247  -.7140304250645603E-02   4   0 0  0 2  0 1  0 1
   248  0.7194812267302785E-06   4   2 0  0 0  0 0  1 1
   249  0.3592775814271403E-01   4   1 1  0 0  0 0  1 1
   250  0.7116476697105418E-02   4   0 2  0 0  0 0  1 1
   251  -.2907796101507737E-06   4   1 0  1 0  0 0  1 1
   252  -.1035681691103271E-04   4   0 1  1 0  0 0  1 1
   253  -.2800738061374457E-06   4   0 0  2 0  0 0  1 1
   254  -.1036303323727741E-04   4   1 0  0 1  0 0  1 1
   255  -.4100075462233356E-05   4   0 1  0 1  0 0  1 1
   256  -.3592756226365515E-01   4   0 0  1 1  0 0  1 1
   257  -.7116458711258699E-02   4   0 0  0 2  0 0  1 1
   258  0.8215160358001303E-13   4   2 0  0 0  0 0  0 2
   259  0.2932900375591859E-13   4   1 1  0 0  0 0  0 2
   260  0.2816713755528608E-14   4   0 2  0 0  0 0  0 2
   261  -.9093218846043012E-13   4   1 0  1 0  0 0  0 2
   262  -.6602508655270570E-14   4   0 1  1 0  0 0  0 2
   263  0.6376868849949030E-13   4   0 0  2 0  0 0  0 2
   264  -.1704062605273707E-13   4   1 0  0 1  0 0  0 2
   265  -.2341581285905897E-14   4   0 1  0 1  0 0  0 2
   266  0.2454931464820268E-13   4   0 0  1 1  0 0  0 2
   267  0.2343341770228098E-14   4   0 0  0 2  0 0  0 2
   268  -.6484393861588541E-05   4   1 0  0 0  0 3  0 0
   269  -.2828463909511724E-05   4   0 1  0 0  0 3  0 0
   270  -.1884340493977921E-05   4   0 0  1 0  0 3  0 0
   271  -.8219426212469633E-06   4   0 0  0 1  0 3  0 0
   272  -.3893294566199595E-05   4   1 0  0 0  0 2  1 0
   273  -.3341717376209855E-05   4   0 1  0 0  0 2  1 0
   274  -.1131366978434096E-05   4   0 0  1 0  0 2  1 0
   275  -.9710881508425969E-06   4   0 0  0 1  0 2  1 0
   276  -.3906165820922139E-05   4   1 0  0 0  0 1  2 0
   277  -.3339098990530115E-05   4   0 1  0 0  0 1  2 0
   278  -.1135107365760727E-05   4   0 0  1 0  0 1  2 0
   279  -.9703272777938378E-06   4   0 0  0 1  0 1  2 0
   280  -.6445432107673245E-05   4   1 0  0 0  0 0  3 0
   281  -.2808733872751779E-05   4   0 1  0 0  0 0  3 0
   282  -.1873018370967323E-05   4   0 0  1 0  0 0  3 0
   283  -.8162091424423461E-06   4   0 0  0 1  0 0  3 0
   284  0.7782148317148066E-05   4   1 0  0 0  0 2  0 1
   285  0.2571407600829037E-05   4   0 1  0 0  0 2  0 1
   286  0.2261462648424770E-05   4   0 0  1 0  0 2  0 1
   287  0.7472428672533286E-06   4   0 0  0 1  0 2  0 1
   288  0.5199637853578719E-05   4   1 0  0 0  0 1  1 1
   289  0.3082926456709036E-05   4   0 1  0 0  0 1  1 1
   290  0.1510986393802087E-05   4   0 0  1 0  0 1  1 1
   291  0.8958844378224993E-06   4   0 0  0 1  0 1  1 1
   292  0.7747477020219670E-05   4   1 0  0 0  0 0  2 1
   293  0.2557672384526282E-05   4   0 1  0 0  0 0  2 1
   294  0.2251387315922770E-05   4   0 0  1 0  0 0  2 1
   295  0.7432514640783755E-06   4   0 0  0 1  0 0  2 1
   296  -.3555028383664227E-09   4   0 0  0 0  0 4  0 0
   297  -.2580895642244436E-09   4   0 0  0 0  0 3  1 0
   298  -.3991712361156936E-09   4   0 0  0 0  0 2  2 0
   299  -.2582596806279121E-09   4   0 0  0 0  0 1  3 0
   300  -.3527019749887769E-09   4   0 0  0 0  0 0  4 0
   301  0.4440025130973087E-10   4   0 0  0 0  0 3  0 1
   302  0.4985051367899657E-09   4   0 0  0 0  0 2  1 1
   303  0.4962296218081441E-09   4   0 0  0 0  0 1  2 1
   304  0.4334821999712756E-10   4   0 0  0 0  0 0  3 1
   ----------------------------------------------------
     I  COEFFICIENT            ORDER EXPONENTS
     1  -.2178067112065667E-04   0   0 0  0 0  0 0  0 0
     2  -.1788455917402996E-05   1   1 0  0 0  0 0  0 0
     3  -.1313747588189710E-06   1   0 1  0 0  0 0  0 0
     4   1.000000492194622       1   0 0  1 0  0 0  0 0
     5  0.2600001076858734       1   0 0  0 1  0 0  0 0
     6  0.9870720102513397E-11   1   0 0  0 0  0 1  0 0
     7  0.9837756156670865E-11   1   0 0  0 0  0 0  1 0
     8  -.1970847915032131E-10   1   0 0  0 0  0 0  0 1
     9  0.1036152761386534E-04   2   2 0  0 0  0 0  0 0
    10  0.1281851057675685E-05   2   1 1  0 0  0 0  0 0
    11  0.8348815909593485E-07   2   0 2  0 0  0 0  0 0
    12  0.7197080275437900E-01   2   1 0  1 0  0 0  0 0
    13  0.4456877506515537E-02   2   0 1  1 0  0 0  0 0
    14  -.1039152428152598E-04   2   0 0  2 0  0 0  0 0
    15  0.4456889825660061E-02   2   1 0  0 1  0 0  0 0
    16  0.5794942953161921E-03   2   0 1  0 1  0 0  0 0
    17  -.1256989295705181E-05   2   0 0  1 1  0 0  0 0
    18  -.7628120336162117E-07   2   0 0  0 2  0 0  0 0
    19  0.9078041664367240E-06   2   1 0  0 0  0 1  0 0
    20  0.1347353013707224E-06   2   0 1  0 0  0 1  0 0
    21  -.2465084471655203E-06   2   0 0  1 0  0 1  0 0
    22  -.1302175480356956       2   0 0  0 1  0 1  0 0
    23  0.9047724917004300E-06   2   1 0  0 0  0 0  1 0
    24  0.1342853435225673E-06   2   0 1  0 0  0 0  1 0
    25  -.2456852151743133E-06   2   0 0  1 0  0 0  1 0
    26  -.1297826775369717       2   0 0  0 1  0 0  1 0
    27  -.1812577330723622E-05   2   1 0  0 0  0 0  0 1
    28  -.1376461726055706E-06   2   0 1  0 0  0 0  0 1
    29  0.4921944257460474E-06   2   0 0  1 0  0 0  0 1
    30  0.1178870813690755E-06   2   0 0  0 1  0 0  0 1
    31  -.5558434253451819E-11   2   0 0  0 0  0 2  0 0
    32  -.2736936302705743E-11   2   0 0  0 0  0 1  1 0
    33  -.5535301392022638E-11   2   0 0  0 0  0 0  2 0
    34  0.9870721553466021E-11   2   0 0  0 0  0 1  0 1
    35  0.9837757596836636E-11   2   0 0  0 0  0 0  1 1
    36  -.1151912514112224E-04   3   3 0  0 0  0 0  0 0
    37  -.4228334973802578E-05   3   2 1  0 0  0 0  0 0
    38  -.3002091838890273E-05   3   1 2  0 0  0 0  0 0
    39  -.3245385977277463E-06   3   0 3  0 0  0 0  0 0
    40  0.2623350272058959E-03   3   2 0  1 0  0 0  0 0
    41  0.6975777602358764E-04   3   1 1  1 0  0 0  0 0
    42  -.2887925876604238E-05   3   0 2  1 0  0 0  0 0
    43  0.3492498462260580E-04   3   1 0  2 0  0 0  0 0
    44  -.1281343183424085E-04   3   0 1  2 0  0 0  0 0
    45  0.4220278158586812E-03   3   0 0  3 0  0 0  0 0
    46  -.2371449775390753E-04   3   2 0  0 1  0 0  0 0
    47  0.5471060195110188E-05   3   1 1  0 1  0 0  0 0
    48  0.1300003435555840       3   0 2  0 1  0 0  0 0
    49  -.8517215028350318E-05   3   1 0  1 1  0 0  0 0
    50  -.3684182895894545E-05   3   0 1  1 1  0 0  0 0
    51  0.3155559247799158E-04   3   0 0  2 1  0 0  0 0
    52  -.3243766943124695E-05   3   1 0  0 2  0 0  0 0
    53  -.7367592210413713E-06   3   0 1  0 2  0 0  0 0
    54  0.1592157437533263E-05   3   0 0  1 2  0 0  0 0
    55  0.1300002680931260       3   0 0  0 3  0 0  0 0
    56  -.5188106711693334E-05   3   2 0  0 0  0 1  0 0
    57  -.1286339818971300E-05   3   1 1  0 0  0 1  0 0
    58  -.1261278349721851E-06   3   0 2  0 0  0 1  0 0
    59  -.3604558245479823E-01   3   1 0  1 0  0 1  0 0
    60  -.4464326080617618E-02   3   0 1  1 0  0 1  0 0
    61  0.5212884086241253E-05   3   0 0  2 0  0 1  0 0
    62  -.4464337131891683E-02   3   1 0  0 1  0 1  0 0
    63  -.8706927505099346E-03   3   0 1  0 1  0 1  0 0
    64  0.1270558898102233E-05   3   0 0  1 1  0 1  0 0
    65  0.1175139413899483E-06   3   0 0  0 2  0 1  0 0
    66  -.5170780670870289E-05   3   2 0  0 0  0 0  1 0
    67  -.1282043998269390E-05   3   1 1  0 0  0 0  1 0
    68  -.1257066223527486E-06   3   0 2  0 0  0 0  1 0
    69  -.3592520574171038E-01   3   1 0  1 0  0 0  1 0
    70  -.4449417155219830E-02   3   0 1  1 0  0 0  1 0
    71  0.5195475299663966E-05   3   0 0  2 0  0 0  1 0
    72  -.4449428169587397E-02   3   1 0  0 1  0 0  1 0
    73  -.8677850119110254E-03   3   0 1  0 1  0 0  1 0
    74  0.1266315778875905E-05   3   0 0  1 1  0 0  1 0
    75  0.1171214954632507E-06   3   0 0  0 2  0 0  1 0
    76  0.1035762416209091E-04   3   2 0  0 0  0 0  0 1
    77  0.1282183176897529E-05   3   1 1  0 0  0 0  0 1
    78  0.8385243114022416E-07   3   0 2  0 0  0 0  0 1
    79  0.7197080444026180E-01   3   1 0  1 0  0 0  0 1
    80  0.4456872433394233E-02   3   0 1  1 0  0 0  0 1
    81  -.1041322625709397E-04   3   0 0  2 0  0 0  0 1
    82  0.4456881060187224E-02   3   1 0  0 1  0 0  0 1
    83  0.5794914955477606E-03   3   0 1  0 1  0 0  0 1
    84  -.1283988402919302E-05   3   0 0  1 1  0 0  0 1
    85  -.8311557340223378E-07   3   0 0  0 2  0 0  0 1
    86  -.6804756757606103E-06   3   1 0  0 0  0 2  0 0
    87  -.1237376329749649E-06   3   0 1  0 0  0 2  0 0
    88  0.1847800117174996E-06   3   0 0  1 0  0 2  0 0
    89  0.9760907914521268E-01   3   0 0  0 1  0 2  0 0
    90  -.4546559766591905E-06   3   1 0  0 0  0 1  1 0
    91  -.1221736969278566E-06   3   0 1  0 0  0 1  1 0
    92  0.1234608220611668E-06   3   0 0  1 0  0 1  1 0
    93  0.6521697462030057E-01   3   0 0  0 1  0 1  1 0
    94  -.6774440027926167E-06   3   1 0  0 0  0 0  2 0
    95  -.1231203989155861E-06   3   0 1  0 0  0 0  2 0
    96  0.1839567731779011E-06   3   0 0  1 0  0 0  2 0
    97  0.9717420858497514E-01   3   0 0  0 1  0 0  2 0
    98  0.9078036834513738E-06   3   1 0  0 0  0 1  0 1
    99  0.1378765969232997E-06   3   0 1  0 0  0 1  0 1
   100  -.2465095058587827E-06   3   0 0  1 0  0 1  0 1
   101  -.1180843609964010E-06   3   0 0  0 1  0 1  0 1
   102  0.9047720103280427E-06   3   1 0  0 0  0 0  1 1
   103  0.1374161485016029E-06   3   0 1  0 0  0 0  1 1
   104  -.2456862703319963E-06   3   0 0  1 0  0 0  1 1
   105  -.1176900101140070E-06   3   0 0  0 1  0 0  1 1
   106  -.4050201468712396E-10   3   0 0  0 0  0 3  0 0
   107  -.5098451948328449E-10   3   0 0  0 0  0 2  1 0
   108  -.5093133135900812E-10   3   0 0  0 0  0 1  2 0
   109  -.4021427769461367E-10   3   0 0  0 0  0 0  3 0
   110  0.3451461308689941E-10   3   0 0  0 0  0 2  0 1
   111  0.4416494106941589E-10   3   0 0  0 0  0 1  1 1
   112  0.3432560321570137E-10   3   0 0  0 0  0 0  2 1
   113  -.3293194742396510E-06   4   4 0  0 0  0 0  0 0
   114  0.3963718711108784E-04   4   3 1  0 0  0 0  0 0
   115  0.1807772742648104E-04   4   2 2  0 0  0 0  0 0
   116  0.4035578242569097E-05   4   1 3  0 0  0 0  0 0
   117  0.8497628061377252E-05   4   0 4  0 0  0 0  0 0
   118  -.2746309726303276E-02   4   3 0  1 0  0 0  0 0
   119  0.1370925317592446       4   2 1  1 0  0 0  0 0
   120  0.8973606014937646E-01   4   1 2  1 0  0 0  0 0
   121  0.9116625908553604E-02   4   0 3  1 0  0 0  0 0
   122  0.4413709080159146E-05   4   2 0  2 0  0 0  0 0
   123  0.4090547039969354E-04   4   1 1  2 0  0 0  0 0
   124  -.7719470657012001E-05   4   0 2  2 0  0 0  0 0
   125  -.9231880941651960E-03   4   1 0  3 0  0 0  0 0
   126  0.1383220658242224       4   0 1  3 0  0 0  0 0
   127  0.8821219585415888E-06   4   0 0  4 0  0 0  0 0
   128  0.1380175771339640       4   3 0  0 1  0 0  0 0
   129  0.1778279865640561E-01   4   2 1  0 1  0 0  0 0
   130  0.1665497458119543E-01   4   1 2  0 1  0 0  0 0
   131  0.2026625907822118E-02   4   0 3  0 1  0 0  0 0
   132  -.3897704874878383E-04   4   2 0  1 1  0 0  0 0
   133  0.1067933206563233E-04   4   1 1  1 1  0 0  0 0
   134  -.5389070614375293E-06   4   0 2  1 1  0 0  0 0
   135  0.1380113137782556       4   1 0  2 1  0 0  0 0
   136  0.5392974872192426E-01   4   0 1  2 1  0 0  0 0
   137  -.3943512571029789E-04   4   0 0  3 1  0 0  0 0
   138  0.1296923253106736E-04   4   2 0  0 2  0 0  0 0
   139  0.2526765904138909E-05   4   1 1  0 2  0 0  0 0
   140  0.4914481749529692E-04   4   0 2  0 2  0 0  0 0
   141  0.1258836675808372       4   1 0  1 2  0 0  0 0
   142  0.2338163257837393E-01   4   0 1  1 2  0 0  0 0
   143  -.2320966740136452E-04   4   0 0  2 2  0 0  0 0
   144  0.1135886716985339E-01   4   1 0  0 3  0 0  0 0
   145  0.2609707394186849E-02   4   0 1  0 3  0 0  0 0
   146  -.4654910930189723E-05   4   0 0  1 3  0 0  0 0
   147  0.4047788996610849E-04   4   0 0  0 4  0 0  0 0
   148  -.5773532536521763E-05   4   3 0  0 0  0 1  0 0
   149  -.7348898716990849E-06   4   2 1  0 0  0 1  0 0
   150  -.9746282527821095E-06   4   1 2  0 0  0 1  0 0
   151  -.1566770647187705E-06   4   0 3  0 0  0 1  0 0
   152  -.2832053190170125E-03   4   2 0  1 0  0 1  0 0
   153  -.2656788689056147E-04   4   1 1  1 0  0 1  0 0
   154  0.2051145587771238E-04   4   0 2  1 0  0 1  0 0
   155  -.2903459437659045E-04   4   1 0  2 0  0 1  0 0
   156  -.2273602752121207E-05   4   0 1  2 0  0 1  0 0
   157  -.3628705930456853E-03   4   0 0  3 0  0 1  0 0
   158  0.4423372377627423E-04   4   2 0  0 1  0 1  0 0
   159  0.9449278296302412E-05   4   1 1  0 1  0 1  0 0
   160  -.1953225112201900       4   0 2  0 1  0 1  0 0
   161  -.2868371743000750E-04   4   1 0  1 1  0 1  0 0
   162  -.5554760713458097E-05   4   0 1  1 1  0 1  0 0
   163  -.2376043485895239E-04   4   0 0  2 1  0 1  0 0
   164  -.4626977440391289E-05   4   1 0  0 2  0 1  0 0
   165  -.1158122517357904E-05   4   0 1  0 2  0 1  0 0
   166  0.9937817300396150E-05   4   0 0  1 2  0 1  0 0
   167  -.1953248924637998       4   0 0  0 3  0 1  0 0
   168  -.5754251425708119E-05   4   3 0  0 0  0 0  1 0
   169  -.7324356561971250E-06   4   2 1  0 0  0 0  1 0
   170  -.9713734143924526E-06   4   1 2  0 0  0 0  1 0
   171  -.1561538308359579E-06   4   0 3  0 0  0 0  1 0
   172  -.2822595352867357E-03   4   2 0  1 0  0 0  1 0
   173  -.2647916159647497E-04   4   1 1  1 0  0 0  1 0
   174  0.2044295645334894E-04   4   0 2  1 0  0 0  1 0
   175  -.2893763134259650E-04   4   1 0  2 0  0 0  1 0
   176  -.2266009898641595E-05   4   0 1  2 0  0 0  1 0
   177  -.3616587616286405E-03   4   0 0  3 0  0 0  1 0
   178  0.4408600219956942E-04   4   2 0  0 1  0 0  1 0
   179  0.9417721778576651E-05   4   1 1  0 1  0 0  1 0
   180  -.1946702181986456       4   0 2  0 1  0 0  1 0
   181  -.2858792617381971E-04   4   1 0  1 1  0 0  1 0
   182  -.5536210206263039E-05   4   0 1  1 1  0 0  1 0
   183  -.2368108524507182E-04   4   0 0  2 1  0 0  1 0
   184  -.4611525329539584E-05   4   1 0  0 2  0 0  1 0
   185  -.1154254887193392E-05   4   0 1  0 2  0 0  1 0
   186  0.9904629272740222E-05   4   0 0  1 2  0 0  1 0
   187  -.1946725914899274       4   0 0  0 3  0 0  1 0
   188  -.2324563743141193E-07   4   3 0  0 0  0 0  0 1
   189  -.6013154033470658E-08   4   2 1  0 0  0 0  0 1
   190  0.1847360715156669E-06   4   1 2  0 0  0 0  0 1
   191  0.2409609663803429E-07   4   0 3  0 0  0 0  0 1
   192  0.6049480038730007E-03   4   2 0  1 0  0 0  0 1
   193  0.8363810918139365E-04   4   1 1  1 0  0 0  0 1
   194  -.1352371317863617E-04   4   0 2  1 0  0 0  0 1
   195  0.4642157703713848E-04   4   1 0  2 0  0 0  0 1
   196  0.8614215190626170E-08   4   0 1  2 0  0 0  0 1
   197  0.7643669729195249E-03   4   0 0  3 0  0 0  0 1
   198  -.5892212133668912E-04   4   2 0  0 1  0 0  0 1
   199  -.1815652554460069E-05   4   1 1  0 1  0 0  0 1
   200  -.1459372308002737E-05   4   0 2  0 1  0 0  0 1
   201  0.1809138105354960E-04   4   1 0  1 1  0 0  0 1
   202  0.2391020784836373E-05   4   0 1  1 1  0 0  0 1
   203  0.4543925181912113E-04   4   0 0  2 1  0 0  0 1
   204  0.2128149518266128E-05   4   1 0  0 2  0 0  0 1
   205  0.3835622220328900E-06   4   0 1  0 2  0 0  0 1
   206  -.5590976725095289E-05   4   0 0  1 2  0 0  0 1
   207  -.5589131005927140E-06   4   0 0  0 3  0 0  0 1
   208  0.3889515269074148E-05   4   2 0  0 0  0 2  0 0
   209  0.1287462651883619E-05   4   1 1  0 0  0 2  0 0
   210  0.2061857611627938E-04   4   0 2  0 0  0 2  0 0
   211  0.2701919840916323E-01   4   1 0  1 0  0 2  0 0
   212  0.4464347553304926E-02   4   0 1  1 0  0 2  0 0
   213  -.3888023134816244E-05   4   0 0  2 0  0 2  0 0
   214  0.4464347738010983E-02   4   1 0  0 1  0 2  0 0
   215  0.9480610818455123E-03   4   0 1  0 1  0 2  0 0
   216  -.1274439319963810E-05   4   0 0  1 1  0 2  0 0
   217  0.6123484335493018E-04   4   0 0  0 2  0 2  0 0
   218  0.2596265988620979E-05   4   2 0  0 0  0 1  1 0
   219  0.1286377681743367E-05   4   1 1  0 0  0 1  1 0
   220  0.2471985886064772E-04   4   0 2  0 0  0 1  1 0
   221  0.1805271933860276E-01   4   1 0  1 0  0 1  1 0
   222  0.4464313772126561E-02   4   0 1  1 0  0 1  1 0
   223  -.2598256954849079E-05   4   0 0  2 0  0 1  1 0
   224  0.4464310718322545E-02   4   1 0  0 1  0 1  1 0
   225  0.1136652241764918E-02   4   0 1  0 1  0 1  1 0
   226  -.1279334312189274E-05   4   0 0  1 1  0 1  1 0
   227  0.7341414743394724E-04   4   0 0  0 2  0 1  1 0
   228  0.3872190759270863E-05   4   2 0  0 0  0 0  2 0
   229  0.1281015107894534E-05   4   1 1  0 0  0 0  2 0
   230  0.2050844211844756E-04   4   0 2  0 0  0 0  2 0
   231  0.2689882177748173E-01   4   1 0  1 0  0 0  2 0
   232  0.4441984114051506E-02   4   0 1  1 0  0 0  2 0
   233  -.3870700283613775E-05   4   0 0  2 0  0 0  2 0
   234  0.4441984303239923E-02   4   1 0  0 1  0 0  2 0
   235  0.9429970020108536E-03   4   0 1  0 1  0 0  2 0
   236  -.1268047029174792E-05   4   0 0  1 1  0 0  2 0
   237  0.6090775955572942E-04   4   0 0  0 2  0 0  2 0
   238  -.5189315896386054E-05   4   2 0  0 0  0 1  0 1
   239  -.1287315439486872E-05   4   1 1  0 0  0 1  0 1
   240  -.1256980816650530E-06   4   0 2  0 0  0 1  0 1
   241  -.3604556292987144E-01   4   1 0  1 0  0 1  0 1
   242  -.4464334760304793E-02   4   0 1  1 0  0 1  0 1
   243  0.5187670290805261E-05   4   0 0  2 0  0 1  0 1
   244  -.4464332355255362E-02   4   1 0  0 1  0 1  0 1
   245  -.8706916254351740E-03   4   0 1  0 1  0 1  0 1
   246  0.1284822837216400E-05   4   0 0  1 1  0 1  0 1
   247  0.1251893733149508E-06   4   0 0  0 2  0 1  0 1
   248  -.5171985817407175E-05   4   2 0  0 0  0 0  1 1
   249  -.1283016360632838E-05   4   1 1  0 0  0 0  1 1
   250  -.1252783042364915E-06   4   0 2  0 0  0 0  1 1
   251  -.3592518628198841E-01   4   1 0  1 0  0 0  1 1
   252  -.4449425805920585E-02   4   0 1  1 0  0 0  1 1
   253  0.5170345707439914E-05   4   0 0  2 0  0 0  1 1
   254  -.4449423408902985E-02   4   1 0  0 1  0 0  1 1
   255  -.8677838905934040E-03   4   0 1  0 1  0 0  1 1
   256  0.1280532082579847E-05   4   0 0  1 1  0 0  1 1
   257  0.1247712947530706E-06   4   0 0  0 2  0 0  1 1
   258  -.5736902243858268E-14   4   2 0  0 0  0 0  0 2
   259  -.1088568360655318E-14   4   1 1  0 0  0 0  0 2
   260  -.1066127493769158E-15   4   0 2  0 0  0 0  0 2
   261  -.1566444411202701E-13   4   1 0  1 0  0 0  0 2
   262  -.1686074061650867E-14   4   0 1  1 0  0 0  0 2
   263  0.1415601058223153E-13   4   0 0  2 0  0 0  0 2
   264  -.1411539352506278E-14   4   1 0  0 1  0 0  0 2
   265  -.1154492633378557E-15   4   0 1  0 1  0 0  0 2
   266  0.3323677274906316E-14   4   0 0  1 1  0 0  0 2
   267  0.2117115824510459E-15   4   0 0  0 2  0 0  0 2
   268  -.2569516794560540E-06   4   1 0  0 0  0 3  0 0
   269  -.6164855076011859E-07   4   0 1  0 0  0 3  0 0
   270  0.8842202014613028E-06   4   0 0  1 0  0 3  0 0
   271  -.8133146882538095E-01   4   0 0  0 1  0 3  0 0
   272  -.3035771687983016E-06   4   1 0  0 0  0 2  1 0
   273  -.8098353715735547E-07   4   0 1  0 0  0 2  1 0
   274  0.1044669350767752E-05   4   0 0  1 0  0 2  1 0
   275  -.4883165899558172E-01   4   0 0  0 1  0 2  1 0
   276  -.3033393066677849E-06   4   1 0  0 0  0 1  2 0
   277  -.8088565004871178E-07   4   0 1  0 0  0 1  2 0
   278  0.1043850812088027E-05   4   0 0  1 0  0 1  2 0
   279  -.4899310143535356E-01   4   0 0  0 1  0 1  2 0
   280  -.2551593068015027E-06   4   1 0  0 0  0 0  3 0
   281  -.6120495905216985E-07   4   0 1  0 0  0 0  3 0
   282  0.8780522990023733E-06   4   0 0  1 0  0 0  3 0
   283  -.8084278620407261E-01   4   0 0  0 1  0 0  3 0
   284  0.2335994414627709E-06   4   1 0  0 0  0 2  0 1
   285  0.4253848883101155E-07   4   0 1  0 0  0 2  0 1
   286  -.8038605285730040E-06   4   0 0  1 0  0 2  0 1
   287  -.1463831628301316E-06   4   0 0  0 1  0 2  0 1
   288  0.2800672166238980E-06   4   1 0  0 0  0 1  1 1
   289  0.6066461980249040E-07   4   0 1  0 0  0 1  1 1
   290  -.9637674432627466E-06   4   0 0  1 0  0 1  1 1
   291  -.2087585545916673E-06   4   0 0  0 1  0 1  1 1
   292  0.2323516680778065E-06   4   1 0  0 0  0 0  2 1
   293  0.4229513179531740E-07   4   0 1  0 0  0 0  2 1
   294  -.7995666968569827E-06   4   0 0  1 0  0 0  2 1
   295  -.1455457244034183E-06   4   0 0  0 1  0 0  2 1
   296  0.5961641047738039E-05   4   0 0  0 0  0 4  0 0
   297  0.3407928232240227E-05   4   0 0  0 0  0 3  1 0
   298  0.3069901498990446E-05   4   0 0  0 0  0 2  2 0
   299  0.3425961715765792E-05   4   0 0  0 0  0 1  3 0
   300  0.5916192851899981E-05   4   0 0  0 0  0 0  4 0
   301  -.4001875818767923E-11   4   0 0  0 0  0 3  0 1
   302  0.2504690481539735E-10   4   0 0  0 0  0 2  1 1
   303  0.2490145614812803E-10   4   0 0  0 0  0 1  2 1
   304  -.4023512346111410E-11   4   0 0  0 0  0 0  3 1
   ----------------------------------------------------
     I  COEFFICIENT            ORDER EXPONENTS
     1  0.2707682428618868E-07   0   0 0  0 0  0 0  0 0
     2  -.1709783319709388E-04   1   1 0  0 0  0 0  0 0
     3  -.2608733944422367E-05   1   0 1  0 0  0 0  0 0
     4  0.1464132375620361E-04   1   0 0  1 0  0 0  0 0
     5   1.000003314547080       1   0 0  0 1  0 0  0 0
     6  0.1384668011694982E-07   1   0 0  0 0  0 1  0 0
     7  0.1380043817200880E-07   1   0 0  0 0  0 0  1 0
     8  -.5702944192162286E-09   1   0 0  0 0  0 0  0 1
     9  0.7964039331064600E-04   2   2 0  0 0  0 0  0 0
    10  0.2064190800530987E-04   2   1 1  0 0  0 0  0 0
    11  0.2034148388422432E-05   2   0 2  0 0  0 0  0 0
    12  0.5536407780221538       2   1 0  1 0  0 0  0 0
    13  0.7197562873519572E-01   2   0 1  1 0  0 0  0 0
    14  -.8042073894168393E-04   2   0 0  2 0  0 0  0 0
    15  0.7197565048042014E-01   2   1 0  0 1  0 0  0 0
    16  0.1425678041526787E-01   2   0 1  0 1  0 0  0 0
    17  -.2086815666283089E-04   2   0 0  1 1  0 0  0 0
    18  -.2075484762570318E-05   2   0 0  0 2  0 0  0 0
    19  0.1029602897919532E-10   2   1 0  0 0  0 1  0 0
    20  0.1318629291197951E-05   2   0 1  0 0  0 1  0 0
    21  -.9450682048944261E-11   2   0 0  1 0  0 1  0 0
    22  -.1660046538257300E-05   2   0 0  0 1  0 1  0 0
    23  0.1026164473063442E-10   2   1 0  0 0  0 0  1 0
    24  0.1314225637572539E-05   2   0 1  0 0  0 0  1 0
    25  -.9419121008155154E-11   2   0 0  1 0  0 0  1 0
    26  -.1654502698230544E-05   2   0 0  0 1  0 0  1 0
    27  -.1709785429934043E-04   2   1 0  0 0  0 0  0 1
    28  -.2632856277090115E-05   2   0 1  0 0  0 0  0 1
    29  0.1464134431773721E-04   2   0 0  1 0  0 0  0 1
    30  0.3314549994020422E-05   2   0 0  0 1  0 0  0 1
    31  -.3444338393651739E-08   2   0 0  0 0  0 2  0 0
    32  0.6888678482952989E-08   2   0 0  0 0  0 1  1 0
    33  -.3444338397479756E-08   2   0 0  0 0  0 0  2 0
    34  -.5740821424209774E-15   2   0 0  0 0  0 1  0 1
    35  -.5721649684499059E-15   2   0 0  0 0  0 0  1 1
    36  0.9568882345429034E-06   3   3 0  0 0  0 0  0 0
    37  0.3534916696077746E-04   3   2 1  0 0  0 0  0 0
    38  0.4877104268347646E-05   3   1 2  0 0  0 0  0 0
    39  -.1072325252516446E-05   3   0 3  0 0  0 0  0 0
    40  0.8152578479972519E-02   3   2 0  1 0  0 0  0 0
    41  0.3714591963892855E-02   3   1 1  1 0  0 0  0 0
    42  0.1685956047948656E-03   3   0 2  1 0  0 0  0 0
    43  0.9011049675489093E-06   3   1 0  2 0  0 0  0 0
    44  -.3471547085481987E-04   3   0 1  2 0  0 0  0 0
    45  0.8155784138289704E-02   3   0 0  3 0  0 0  0 0
    46  -.8552097171572814E-03   3   2 0  0 1  0 0  0 0
    47  0.1908154184248512E-03   3   1 1  0 1  0 0  0 0
    48  0.2679509228743604E-04   3   0 2  0 1  0 0  0 0
    49  -.6934726100028681E-04   3   1 0  1 1  0 0  0 0
    50  0.7580302128315405E-05   3   0 1  1 1  0 0  0 0
    51  0.2382875714648766E-02   3   0 0  2 1  0 0  0 0
    52  -.4751682797678454E-05   3   1 0  0 2  0 0  0 0
    53  0.6053273739521988E-06   3   0 1  0 2  0 0  0 0
    54  0.2353808331229451E-03   3   0 0  1 2  0 0  0 0
    55  0.1449523787565696E-04   3   0 0  0 3  0 0  0 0
    56  0.4426118125389520E-07   3   2 0  0 0  0 1  0 0
    57  -.1030077325726198E-04   3   1 1  0 0  0 1  0 0
    58  -.2045833900755374E-05   3   0 2  0 0  0 1  0 0
    59  -.4012421293281783E-06   3   1 0  1 0  0 1  0 0
    60  -.3604800935102694E-01   3   0 1  1 0  0 1  0 0
    61  0.3601298313876024E-06   3   0 0  2 0  0 1  0 0
    62  -.3604804486687919E-01   3   1 0  0 1  0 1  0 0
    63  -.1428062377505507E-01   3   0 1  0 1  0 1  0 0
    64  0.1053539860819499E-04   3   0 0  1 1  0 1  0 0
    65  0.2077670337678754E-05   3   0 0  0 2  0 1  0 0
    66  0.4411336798097127E-07   3   2 0  0 0  0 0  1 0
    67  -.1026637311326308E-04   3   1 1  0 0  0 0  1 0
    68  -.2039001697091894E-05   3   0 2  0 0  0 0  1 0
    69  -.3999021535703393E-06   3   1 0  1 0  0 0  1 0
    70  -.3592762453315188E-01   3   0 1  1 0  0 0  1 0
    71  0.3589271529334203E-06   3   0 0  2 0  0 0  1 0
    72  -.3592765993039650E-01   3   1 0  0 1  0 0  1 0
    73  -.1423293264527342E-01   3   0 1  0 1  0 0  1 0
    74  0.1050021491662592E-04   3   0 0  1 1  0 0  1 0
    75  0.2070731814034592E-05   3   0 0  0 2  0 0  1 0
    76  0.7955543831385729E-04   3   2 0  0 0  0 0  0 1
    77  0.2056363905583563E-04   3   1 1  0 0  0 0  0 1
    78  0.2045802585040015E-05   3   0 2  0 0  0 0  0 1
    79  0.5536415894580327       3   1 0  1 0  0 0  0 1
    80  0.7197565714363501E-01   3   0 1  1 0  0 0  0 1
    81  -.8112976271344957E-04   3   0 0  2 0  0 0  0 1
    82  0.7197570888178323E-01   3   1 0  0 1  0 0  0 1
    83  0.1425678561795058E-01   3   0 1  0 1  0 0  0 1
    84  -.2102239344287994E-04   3   0 0  1 1  0 0  0 1
    85  -.2071810866703860E-05   3   0 0  0 2  0 0  0 1
    86  0.1855352851618881E-10   3   1 0  0 0  0 2  0 0
    87  -.9884209362364089E-06   3   0 1  0 0  0 2  0 0
    88  -.1748910124261180E-10   3   0 0  1 0  0 2  0 0
    89  0.1244339586361610E-05   3   0 0  0 1  0 2  0 0
    90  0.2238249107071366E-10   3   1 0  0 0  0 1  1 0
    91  -.6604063449356510E-06   3   0 1  0 0  0 1  1 0
    92  -.2209374204928208E-10   3   0 0  1 0  0 1  1 0
    93  0.8313957357155991E-06   3   0 0  0 1  0 1  1 0
    94  0.1845422889480810E-10   3   1 0  0 0  0 0  2 0
    95  -.9840172998818138E-06   3   0 1  0 0  0 0  2 0
    96  -.1739378524503044E-10   3   0 0  1 0  0 0  2 0
    97  0.1238795776548237E-05   3   0 0  0 1  0 0  2 0
    98  -.2843790688508287E-10   3   1 0  0 0  0 1  0 1
    99  0.1318625464359843E-05   3   0 1  0 0  0 1  0 1
   100  0.2342202099433642E-10   3   0 0  1 0  0 1  0 1
   101  -.1660039850932977E-05   3   0 0  0 1  0 1  0 1
   102  -.2834293648293806E-10   3   1 0  0 0  0 0  1 1
   103  0.1314221823514412E-05   3   0 1  0 0  0 0  1 1
   104  0.2334380137025490E-10   3   0 0  1 0  0 0  1 1
   105  -.1654496033154252E-05   3   0 0  0 1  0 0  1 1
   106  0.1271725680853270E-08   3   0 0  0 0  0 3  0 0
   107  -.2140598654276744E-08   3   0 0  0 0  0 2  1 0
   108  -.2123526296199276E-08   3   0 0  0 0  0 1  2 0
   109  0.1268917583941513E-08   3   0 0  0 0  0 0  3 0
   110  0.4751288900443268E-09   3   0 0  0 0  0 2  0 1
   111  0.4317336146154588E-09   3   0 0  0 0  0 1  1 1
   112  0.4728212607397572E-09   3   0 0  0 0  0 0  2 1
   113  -.6611628569245179E-05   4   4 0  0 0  0 0  0 0
   114  -.4683232530797792E-05   4   3 1  0 0  0 0  0 0
   115  -.2118740603040871E-04   4   2 2  0 0  0 0  0 0
   116  0.5044823820901309E-05   4   1 3  0 0  0 0  0 0
   117  0.1532316905048057E-05   4   0 4  0 0  0 0  0 0
   118  -.2855664715707337E-01   4   3 0  1 0  0 0  0 0
   119  -.1512356987779148E-01   4   2 1  1 0  0 0  0 0
   120  0.1356017008357058       4   1 2  1 0  0 0  0 0
   121  0.5380216552162030E-01   4   0 3  1 0  0 0  0 0
   122  -.2153110953678005E-05   4   2 0  2 0  0 0  0 0
   123  -.1997115338596037E-05   4   1 1  2 0  0 0  0 0
   124  -.5982469767353658E-04   4   0 2  2 0  0 0  0 0
   125  -.8802082146770916E-02   4   1 0  3 0  0 0  0 0
   126  -.1057967007207231E-02   4   0 1  3 0  0 0  0 0
   127  -.1232167022790809E-05   4   0 0  4 0  0 0  0 0
   128  -.4612905656409801E-02   4   3 0  0 1  0 0  0 0
   129  -.1410219920354617       4   2 1  0 1  0 0  0 0
   130  0.1749351622490298E-01   4   1 2  0 1  0 0  0 0
   131  0.1422879802940899E-01   4   0 3  0 1  0 0  0 0
   132  -.1683110836680679E-05   4   2 0  1 1  0 0  0 0
   133  -.8057433586530384E-04   4   1 1  1 1  0 0  0 0
   134  -.3630350160844836E-04   4   0 2  1 1  0 0  0 0
   135  -.4449361042186430E-02   4   1 0  2 1  0 0  0 0
   136  -.4158192341485840       4   0 1  2 1  0 0  0 0
   137  -.3096648779505376E-05   4   0 0  3 1  0 0  0 0
   138  0.2001612545416688E-04   4   2 0  0 2  0 0  0 0
   139  0.5174787797157050E-05   4   1 1  0 2  0 0  0 0
   140  -.3085394836277351E-05   4   0 2  0 2  0 0  0 0
   141  -.1391947246119899       4   1 0  1 2  0 0  0 0
   142  -.9007169357695627E-01   4   0 1  1 2  0 0  0 0
   143  0.5924922212445215E-04   4   0 0  2 2  0 0  0 0
   144  0.1794724374269141E-01   4   1 0  0 3  0 0  0 0
   145  -.5469255711221774E-05   4   0 1  0 3  0 0  0 0
   146  0.5154342963627310E-05   4   0 0  1 3  0 0  0 0
   147  -.5166855587309264E-06   4   0 0  0 4  0 0  0 0
   148  0.1934805413479723E-06   4   3 0  0 0  0 1  0 0
   149  -.5730272285050578E-05   4   2 1  0 0  0 1  0 0
   150  -.9796544819151737E-05   4   1 2  0 0  0 1  0 0
   151  -.2390085581093473E-05   4   0 3  0 0  0 1  0 0
   152  -.4086999207622138E-02   4   2 0  1 0  0 1  0 0
   153  -.3523276259255128E-02   4   1 1  1 0  0 1  0 0
   154  -.1676219502668773E-03   4   0 2  1 0  0 1  0 0
   155  0.1875972942297235E-06   4   1 0  2 0  0 1  0 0
   156  0.5227804073457658E-04   4   0 1  2 0  0 1  0 0
   157  -.4084969529394954E-02   4   0 0  3 0  0 1  0 0
   158  0.8756168120330161E-03   4   2 0  0 1  0 1  0 0
   159  -.2410937867595941E-03   4   1 1  0 1  0 1  0 0
   160  -.2430770241143682E-04   4   0 2  0 1  0 1  0 0
   161  0.5815983821580699E-04   4   1 0  1 1  0 1  0 0
   162  0.3171160406748253E-04   4   0 1  1 1  0 1  0 0
   163  -.2566738783517864E-02   4   0 0  2 1  0 1  0 0
   164  0.7726504127190611E-06   4   1 0  0 2  0 1  0 0
   165  0.1796132940783637E-05   4   0 1  0 2  0 1  0 0
   166  -.4085206110814273E-03   4   0 0  1 2  0 1  0 0
   167  -.3046638220255924E-04   4   0 0  0 3  0 1  0 0
   168  0.1928343997120929E-06   4   3 0  0 0  0 0  1 0
   169  -.5711135644835709E-05   4   2 1  0 0  0 0  1 0
   170  -.9763828580860307E-05   4   1 2  0 0  0 0  1 0
   171  -.2382103725158326E-05   4   0 3  0 0  0 0  1 0
   172  -.4073350391386817E-02   4   2 0  1 0  0 0  1 0
   173  -.3511510034755156E-02   4   1 1  1 0  0 0  1 0
   174  -.1670621651827926E-03   4   0 2  1 0  0 0  1 0
   175  0.1869708001040003E-06   4   1 0  2 0  0 0  1 0
   176  0.5210345460552180E-04   4   0 1  2 0  0 0  1 0
   177  -.4071327491410560E-02   4   0 0  3 0  0 0  1 0
   178  0.8726926291905759E-03   4   2 0  0 1  0 0  1 0
   179  -.2402886374014555E-03   4   1 1  0 1  0 0  1 0
   180  -.2422652516016567E-04   4   0 2  0 1  0 0  1 0
   181  0.5796560941767530E-04   4   1 0  1 1  0 0  1 0
   182  0.3160570097466469E-04   4   0 1  1 1  0 0  1 0
   183  -.2558166982008033E-02   4   0 0  2 1  0 0  1 0
   184  0.7700700932814687E-06   4   1 0  0 2  0 0  1 0
   185  0.1790134630728416E-05   4   0 1  0 2  0 0  1 0
   186  -.4071563282755149E-03   4   0 0  1 2  0 0  1 0
   187  -.3036463761422631E-04   4   0 0  0 3  0 0  1 0
   188  -.6791506744923529E-09   4   3 0  0 0  0 0  0 1
   189  0.2324383758156182E-04   4   2 1  0 0  0 0  0 1
   190  0.9049606299987054E-05   4   1 2  0 0  0 0  0 1
   191  0.1193976097911550E-05   4   0 3  0 0  0 0  0 1
   192  0.1631198571589353E-01   4   2 0  1 0  0 0  0 1
   193  0.7112893583307212E-02   4   1 1  1 0  0 0  0 1
   194  0.2575686441097352E-03   4   0 2  1 0  0 0  0 1
   195  -.1466243766329080E-08   4   1 0  2 0  0 0  0 1
   196  -.6958024731733360E-04   4   0 1  2 0  0 0  0 1
   197  0.1631198447758300E-01   4   0 0  3 0  0 0  0 1
   198  -.1788924368178272E-02   4   2 0  0 1  0 0  0 1
   199  0.3138208681677316E-03   4   1 1  0 1  0 0  0 1
   200  0.3144053195806175E-04   4   0 2  0 1  0 0  0 1
   201  -.9282578639898890E-04   4   1 0  1 1  0 0  0 1
   202  -.2412326800807079E-04   4   0 1  1 1  0 0  0 1
   203  0.5005148339163593E-02   4   0 0  2 1  0 0  0 1
   204  -.3025938868959394E-05   4   1 0  0 2  0 0  0 1
   205  -.1195555305855034E-05   4   0 1  0 2  0 0  0 1
   206  0.5299449463173604E-03   4   0 0  1 2  0 0  0 1
   207  0.3144122264294191E-04   4   0 0  0 3  0 0  0 1
   208  -.5111392472460149E-07   4   2 0  0 0  0 2  0 0
   209  0.7790990034102480E-05   4   1 1  0 0  0 2  0 0
   210  0.2053913136268718E-05   4   0 2  0 0  0 2  0 0
   211  -.6270191433525141E-06   4   1 0  1 0  0 2  0 0
   212  0.2702094656083607E-01   4   0 1  1 0  0 2  0 0
   213  0.1313123074843165E-06   4   0 0  2 0  0 2  0 0
   214  0.2702098258417995E-01   4   1 0  0 1  0 2  0 0
   215  0.1428064393462711E-01   4   0 1  0 1  0 2  0 0
   216  -.7743923051945890E-05   4   0 0  1 1  0 2  0 0
   217  -.2056539195543590E-05   4   0 0  0 2  0 2  0 0
   218  -.5786380157112405E-07   4   2 0  0 0  0 1  1 0
   219  0.5211644284019004E-05   4   1 1  0 0  0 1  1 0
   220  0.2055124933036232E-05   4   0 2  0 0  0 1  1 0
   221  -.7414823892153148E-06   4   1 0  1 0  0 1  1 0
   222  0.1805385183858562E-01   4   0 1  1 0  0 1  1 0
   223  0.1674294947851948E-06   4   0 0  2 0  0 1  1 0
   224  0.1805389112540771E-01   4   1 0  0 1  0 1  1 0
   225  0.1428052165014504E-01   4   0 1  0 1  0 1  1 0
   226  -.5138127699790647E-05   4   0 0  1 1  0 1  1 0
   227  -.2051965434750426E-05   4   0 0  0 2  0 1  1 0
   228  -.5084660615973469E-07   4   2 0  0 0  0 0  2 0
   229  0.7756269161558689E-05   4   1 1  0 0  0 0  2 0
   230  0.2043622335586300E-05   4   0 2  0 0  0 0  2 0
   231  -.6236870537723932E-06   4   1 0  1 0  0 0  2 0
   232  0.2690056220005037E-01   4   0 1  1 0  0 0  2 0
   233  0.1305942097781081E-06   4   0 0  2 0  0 0  2 0
   234  0.2690059803749126E-01   4   1 0  0 1  0 0  2 0
   235  0.1420910734315776E-01   4   0 1  0 1  0 0  2 0
   236  -.7709482119697357E-05   4   0 0  1 1  0 0  2 0
   237  -.2046244900636100E-05   4   0 0  0 2  0 0  2 0
   238  0.8174903245328053E-07   4   2 0  0 0  0 1  0 1
   239  -.1039152023464599E-04   4   1 1  0 0  0 1  0 1
   240  -.2058807786304546E-05   4   0 2  0 0  0 1  0 1
   241  0.1002904248328154E-05   4   1 0  1 0  0 1  0 1
   242  -.3604790473641976E-01   4   0 1  1 0  0 1  0 1
   243  -.2100049558118392E-06   4   0 0  2 0  0 1  0 1
   244  -.3604794687313804E-01   4   1 0  0 1  0 1  0 1
   245  -.1428060521165073E-01   4   0 1  0 1  0 1  0 1
   246  0.1033783227220399E-04   4   0 0  1 1  0 1  0 1
   247  0.2051804431033111E-05   4   0 0  0 2  0 1  0 1
   248  0.8147602591114526E-07   4   2 0  0 0  0 0  1 1
   249  -.1035681703484622E-04   4   1 1  0 0  0 0  1 1
   250  -.2051932255453872E-05   4   0 2  0 0  0 0  1 1
   251  0.9995549802902048E-06   4   1 0  1 0  0 0  1 1
   252  -.3592752026791245E-01   4   0 1  1 0  0 0  1 1
   253  -.2093036297521240E-06   4   0 0  2 0  0 0  1 1
   254  -.3592756226391219E-01   4   1 0  0 1  0 0  1 1
   255  -.1423291414386274E-01   4   0 1  0 1  0 0  1 1
   256  0.1030330836706422E-04   4   0 0  1 1  0 0  1 1
   257  0.2044952288371246E-05   4   0 0  0 2  0 0  1 1
   258  -.2389864709791677E-13   4   2 0  0 0  0 0  0 2
   259  -.8532072672036083E-14   4   1 1  0 0  0 0  0 2
   260  -.8194074768994215E-15   4   0 2  0 0  0 0  0 2
   261  0.2645290948160595E-13   4   1 0  1 0  0 0  0 2
   262  0.1920717550883795E-14   4   0 1  1 0  0 0  0 2
   263  -.1855089119287209E-13   4   0 0  2 0  0 0  0 2
   264  0.4957261423649482E-14   4   1 0  0 1  0 0  0 2
   265  0.6811848683974528E-15   4   0 1  0 1  0 0  0 2
   266  -.7141618883470570E-14   4   0 0  1 1  0 0  0 2
   267  -.6816995102324480E-15   4   0 0  0 2  0 0  0 2
   268  -.1884347278861543E-05   4   1 0  0 0  0 3  0 0
   269  -.8219425005249860E-06   4   0 1  0 0  0 3  0 0
   270  0.6484390919621197E-05   4   0 0  1 0  0 3  0 0
   271  0.2828463537507845E-05   4   0 0  0 1  0 3  0 0
   272  -.1131360168634855E-05   4   1 0  0 0  0 2  1 0
   273  -.9710878161319717E-06   4   0 1  0 0  0 2  1 0
   274  0.3893242808734230E-05   4   0 0  1 0  0 2  1 0
   275  0.3341705524527230E-05   4   0 0  0 1  0 2  1 0
   276  -.1135100623957292E-05   4   1 0  0 0  0 1  2 0
   277  -.9703269441585652E-06   4   0 1  0 0  0 1  2 0
   278  0.3906114308040083E-05   4   0 0  1 0  0 1  2 0
   279  0.3339087196447145E-05   4   0 0  0 1  0 1  2 0
   280  -.1873025133204821E-05   4   1 0  0 0  0 0  3 0
   281  -.8162090228835109E-06   4   0 1  0 0  0 0  3 0
   282  0.6445429266578398E-05   4   0 0  1 0  0 0  3 0
   283  0.2808733522411020E-05   4   0 0  0 1  0 0  3 0
   284  0.2261471679364305E-05   4   1 0  0 0  0 2  0 1
   285  0.7472427997506296E-06   4   0 1  0 0  0 2  0 1
   286  -.7782144558795018E-05   4   0 0  1 0  0 2  0 1
   287  -.2571407244905419E-05   4   0 0  0 1  0 2  0 1
   288  0.1510968331904497E-05   4   1 0  0 0  0 1  1 1
   289  0.8958836635706020E-06   4   0 1  0 0  0 1  1 1
   290  -.5199571261750021E-05   4   0 0  1 0  0 1  1 1
   291  -.3082914830593134E-05   4   0 0  0 1  0 1  1 1
   292  0.2251396346873966E-05   4   1 0  0 0  0 0  2 1
   293  0.7432513980952684E-06   4   0 1  0 0  0 0  2 1
   294  -.7747473385611904E-05   4   0 0  1 0  0 0  2 1
   295  -.2557672049204389E-05   4   0 0  0 1  0 0  2 1
   296  -.1038334869627875E-08   4   0 0  0 0  0 4  0 0
   297  0.4869504749393970E-09   4   0 0  0 0  0 3  1 0
   298  0.7404235116363630E-10   4   0 0  0 0  0 2  2 0
   299  0.4781622640504586E-09   4   0 0  0 0  0 1  3 0
   300  -.1032215675057687E-08   4   0 0  0 0  0 0  4 0
   301  -.4288714121502643E-10   4   0 0  0 0  0 3  0 1
   302  0.3879799385464681E-09   4   0 0  0 0  0 2  1 1
   303  0.3858222905066683E-09   4   0 0  0 0  0 1  2 1
   304  -.4331798476451168E-10   4   0 0  0 0  0 0  3 1
   ----------------------------------------------------
     I  COEFFICIENT            ORDER EXPONENTS
     1  0.5109184019556185E-08   0   0 0  0 0  0 0  0 0
     2  -.4028818902718097E-08   1   1 0  0 0  0 0  0 0
     3  -.1052317391015255E-08   1   0 1  0 0  0 0  0 0
     4  -.1384667950095922E-07   1   0 0  1 0  0 0  0 0
     5  -.3590267035898749E-08   1   0 0  0 1  0 0  0 0
     6   1.000000000000000       1   0 0  0 0  1 0  0 0
     7  0.6478274423596184E-01   1   0 0  0 0  0 1  0 0
     8  -.6478274423596349E-01   1   0 0  0 0  0 0  1 0
     9  0.1407611880416343E-09   2   2 0  0 0  0 0  0 0
    10  0.2465259919903091E-06   2   1 1  0 0  0 0  0 0
    11  -.6510865593243717E-01   2   0 2  0 0  0 0  0 0
    12  -.9930664332985549E-09   2   1 0  1 0  0 0  0 0
    13  0.9077418642492481E-06   2   0 1  1 0  0 0  0 0
    14  -.1495257348192464E-09   2   0 0  2 0  0 0  0 0
    15  0.9077429406818697E-06   2   1 0  0 1  0 0  0 0
    16  0.1378684357405128E-06   2   0 1  0 1  0 0  0 0
    17  -.2465273120599575E-06   2   0 0  1 1  0 0  0 0
    18  -.6510877401905296E-01   2   0 0  0 2  0 0  0 0
    19  0.2004310739939160E-08   2   1 0  0 0  0 1  0 0
    20  0.1040322416893914E-08   2   0 1  0 0  0 1  0 0
    21  0.6888677248630636E-08   2   0 0  1 0  0 1  0 0
    22  0.3583020014884995E-08   2   0 0  0 1  0 1  0 0
    23  -.2004337712230894E-08   2   1 0  0 0  0 0  1 0
    24  -.3426404009890521E-11   2   0 1  0 0  0 0  1 0
    25  -.6888678019691504E-08   2   0 0  1 0  0 0  1 0
    26  0.3264989718358594E-11   2   0 0  0 1  0 0  1 0
    27  0.2711153647901593E-13   2   1 0  0 0  0 0  0 1
    28  -.4817456373088804E-11   2   0 1  0 0  0 0  0 1
    29  0.6478276317316228E-15   2   0 0  1 0  0 0  0 1
    30  0.9869642184196033E-11   2   0 0  0 1  0 0  0 1
    31  -.4866832379193108E-01   2   0 0  0 0  0 2  0 0
    32  0.3255390334789782E-01   2   0 0  0 0  0 1  1 0
    33  0.1611442044402882E-01   2   0 0  0 0  0 0  2 0
    34  -.2741958667665607E-14   2   0 0  0 0  0 1  0 1
    35  -.5287106669988161E-15   2   0 0  0 0  0 0  1 1
    36  -.6325459269619725E-07   3   3 0  0 0  0 0  0 0
    37  0.1802276983638132E-01   3   2 1  0 0  0 0  0 0
    38  0.2232162504594883E-02   3   1 2  0 0  0 0  0 0
    39  0.1451141162101831E-03   3   0 3  0 0  0 0  0 0
    40  0.1502487909249568E-06   3   2 0  1 0  0 0  0 0
    41  -.1035056488117323E-04   3   1 1  1 0  0 0  0 0
    42  -.6515380708095008E-06   3   0 2  1 0  0 0  0 0
    43  -.6325473919333782E-07   3   1 0  2 0  0 0  0 0
    44  -.1802277733035230E-01   3   0 1  2 0  0 0  0 0
    45  0.1502709655203513E-06   3   0 0  3 0  0 0  0 0
    46  -.5180417674347758E-05   3   2 0  0 1  0 0  0 0
    47  -.1283690411858392E-05   3   1 1  0 1  0 0  0 0
    48  -.1293193827369779E-06   3   0 2  0 1  0 0  0 0
    49  -.3604560085195373E-01   3   1 0  1 1  0 0  0 0
    50  -.4464330713766371E-02   3   0 1  1 1  0 0  0 0
    51  0.5234250846353181E-05   3   0 0  2 1  0 0  0 0
    52  -.2232169344570991E-02   3   1 0  0 2  0 0  0 0
    53  -.4353466000234623E-03   3   0 1  0 2  0 0  0 0
    54  0.6373299907424959E-06   3   0 0  1 2  0 0  0 0
    55  0.3797243702117939E-07   3   0 0  0 3  0 0  0 0
    56  -.1474471615310060E-09   3   2 0  0 0  0 1  0 0
    57  -.3695851933233340E-06   3   1 1  0 0  0 1  0 0
    58  0.9760880589129405E-01   3   0 2  0 0  0 1  0 0
    59  0.1006525977136283E-08   3   1 0  1 0  0 1  0 0
    60  -.1360860466815493E-05   3   0 1  1 0  0 1  0 0
    61  0.1462503834714264E-09   3   0 0  2 0  0 1  0 0
    62  -.1360858867618483E-05   3   1 0  0 1  0 1  0 0
    63  -.2521680455564395E-06   3   0 1  0 1  0 1  0 0
    64  0.3695852403974257E-06   3   0 0  1 1  0 1  0 0
    65  0.9760907914751243E-01   3   0 0  0 2  0 1  0 0
    66  -.4274443081636459E-11   3   2 0  0 0  0 0  1 0
    67  -.1234686029099612E-06   3   1 1  0 0  0 0  1 0
    68  0.3260834699580892E-01   3   0 2  0 0  0 0  1 0
    69  0.9639230669393494E-11   3   1 0  1 0  0 0  1 0
    70  -.4546261214223795E-06   3   0 1  1 0  0 0  1 0
    71  0.1821434950914335E-11   3   0 0  2 0  0 0  1 0
    72  -.4546247729071955E-06   3   1 0  0 1  0 0  1 0
    73  -.1237386446812273E-06   3   0 1  0 1  0 0  1 0
    74  0.1234683986428173E-06   3   0 0  1 1  0 0  1 0
    75  0.3260848731127381E-01   3   0 0  0 2  0 0  1 0
    76  0.1439132078338787E-09   3   2 0  0 0  0 0  0 1
    77  0.2465263571649866E-06   3   1 1  0 0  0 0  0 1
    78  0.5904327623996358E-07   3   0 2  0 0  0 0  0 1
    79  -.1003366963755149E-08   3   1 0  1 0  0 0  0 1
    80  0.9077430752361652E-06   3   0 1  1 0  0 0  0 1
    81  -.1468056923549333E-09   3   0 0  2 0  0 0  0 1
    82  0.9077421866009024E-06   3   1 0  0 1  0 0  0 1
    83  0.1378685377432580E-06   3   0 1  0 1  0 0  0 1
    84  -.2465266845922982E-06   3   0 0  1 1  0 0  0 1
    85  -.5904333342677330E-07   3   0 0  0 2  0 0  0 1
    86  -.1687136218776394E-08   3   1 0  0 0  0 2  0 0
    87  -.1131555649995905E-08   3   0 1  0 0  0 2  0 0
    88  -.5824946496158526E-08   3   0 0  1 0  0 2  0 0
    89  -.3715632994457781E-08   3   0 0  0 1  0 2  0 0
    90  0.7991407123296037E-09   3   1 0  0 0  0 1  1 0
    91  -.1033350646716048E-09   3   0 1  0 0  0 1  1 0
    92  0.3115489031813484E-08   3   0 0  1 0  0 1  1 0
    93  -.1019895738062156E-09   3   0 0  0 1  0 1  1 0
    94  0.3947609612157628E-09   3   1 0  0 0  0 0  2 0
    95  -.5329191106793950E-10   3   0 1  0 0  0 0  2 0
    96  0.1540247238317691E-08   3   0 0  1 0  0 0  2 0
    97  -.5692280080867194E-10   3   0 0  0 1  0 0  2 0
    98  0.7726658012729133E-10   3   1 0  0 0  0 1  0 1
    99  0.3911150072492869E-10   3   0 1  0 0  0 1  0 1
   100  0.4768040137029611E-09   3   0 0  1 0  0 1  0 1
   101  0.6903085370324426E-10   3   0 0  0 1  0 1  0 1
   102  0.8206428296783709E-10   3   1 0  0 0  0 0  1 1
   103  0.2783052341637950E-10   3   0 1  0 0  0 0  1 1
   104  0.1950128557193762E-09   3   0 0  1 0  0 0  1 1
   105  0.4416548918863227E-10   3   0 0  0 1  0 0  1 1
   106  0.4057058122954663E-01   3   0 0  0 0  0 3  0 0
   107  -.2437513999974340E-01   3   0 0  0 0  0 2  1 0
   108  -.8178772133094831E-02   3   0 0  0 0  0 1  2 0
   109  -.8016692522982278E-02   3   0 0  0 0  0 0  3 0
   110  0.3990325314140652E-14   3   0 0  0 0  0 2  0 1
   111  0.3212064856832276E-14   3   0 0  0 0  0 1  1 1
   112  0.1765077724982633E-14   3   0 0  0 0  0 0  2 1
   113  -.1473269233879809E-02   4   4 0  0 0  0 0  0 0
   114  -.6777946589528216E-03   4   3 1  0 0  0 0  0 0
   115  -.9406174386710795E-04   4   2 2  0 0  0 0  0 0
   116  -.7531849491350266E-05   4   1 3  0 0  0 0  0 0
   117  -.4883189137517763E-01   4   0 4  0 0  0 0  0 0
   118  0.1146611869103585E-06   4   3 0  1 0  0 0  0 0
   119  0.5893110432554651E-05   4   2 1  1 0  0 0  0 0
   120  -.6771297436999408E-05   4   1 2  1 0  0 0  0 0
   121  -.5494582907674817E-06   4   0 3  1 0  0 0  0 0
   122  -.2946538357117615E-02   4   2 0  2 0  0 0  0 0
   123  -.5979526460009508E-03   4   1 1  2 0  0 0  0 0
   124  0.3280323799077520E-04   4   0 2  2 0  0 0  0 0
   125  0.3758367048531427E-07   4   1 0  3 0  0 0  0 0
   126  -.1741891590517558E-04   4   0 1  3 0  0 0  0 0
   127  -.1473533698737338E-02   4   0 0  4 0  0 0  0 0
   128  -.5775556861360073E-05   4   3 0  0 1  0 0  0 0
   129  0.2279666798788699E-05   4   2 1  0 1  0 0  0 0
   130  -.1910086183307740E-06   4   1 2  0 1  0 0  0 0
   131  -.7436267566406653E-07   4   0 3  0 1  0 0  0 0
   132  -.5180764353110360E-03   4   2 0  1 1  0 0  0 0
   133  -.1291586992189606E-03   4   1 1  1 1  0 0  0 0
   134  0.6478792847502870E-05   4   0 2  1 1  0 0  0 0
   135  -.2903639918603026E-04   4   1 0  2 1  0 0  0 0
   136  -.5289234806179855E-05   4   0 1  2 1  0 0  0 0
   137  -.5980969483203031E-03   4   0 0  3 1  0 0  0 0
   138  0.1662760036858931E-05   4   2 0  0 2  0 0  0 0
   139  0.1464294695155470E-05   4   1 1  0 2  0 0  0 0
   140  -.9766186669739443E-01   4   0 2  0 2  0 0  0 0
   141  -.1434013572976920E-04   4   1 0  1 2  0 0  0 0
   142  -.3169209317941854E-05   4   0 1  1 2  0 0  0 0
   143  -.5257679371398284E-04   4   0 0  2 2  0 0  0 0
   144  -.1542196492201047E-05   4   1 0  0 3  0 0  0 0
   145  -.4103280796241144E-06   4   0 1  0 3  0 0  0 0
   146  0.1845372926580764E-05   4   0 0  1 3  0 0  0 0
   147  -.4883112854733598E-01   4   0 0  0 4  0 0  0 0
   148  -.1717797123469677E-06   4   3 0  0 0  0 1  0 0
   149  -.2701924082909500E-01   4   2 1  0 0  0 1  0 0
   150  -.4464341315758820E-02   4   1 2  0 0  0 1  0 0
   151  -.5035799133017540E-03   4   0 3  0 0  0 1  0 0
   152  0.4996939119794799E-07   4   2 0  1 0  0 1  0 0
   153  0.1557862514780478E-04   4   1 1  1 0  0 1  0 0
   154  0.1297712867665171E-05   4   0 2  1 0  0 1  0 0
   155  -.1717797093481392E-06   4   1 0  2 0  0 1  0 0
   156  0.2701922595778805E-01   4   0 1  2 0  0 1  0 0
   157  0.4995948845795910E-07   4   0 0  3 0  0 1  0 0
   158  0.7780969806779078E-05   4   2 0  0 1  0 1  0 0
   159  0.2573269288967316E-05   4   1 1  0 1  0 1  0 0
   160  0.4124402033932231E-04   4   0 2  0 1  0 1  0 0
   161  0.5403838798111043E-01   4   1 0  1 1  0 1  0 0
   162  0.8928689826364487E-02   4   0 1  1 1  0 1  0 0
   163  -.7772854185387035E-05   4   0 0  2 1  0 1  0 0
   164  0.4464349487553212E-02   4   1 0  0 2  0 1  0 0
   165  0.9480612010025413E-03   4   0 1  0 2  0 1  0 0
   166  -.1274147530012500E-05   4   0 0  1 2  0 1  0 0
   167  0.4082562551433021E-04   4   0 0  0 3  0 1  0 0
   168  -.1216719439026857E-06   4   3 0  0 0  0 0  1 0
   169  -.9026395966270017E-02   4   2 1  0 0  0 0  1 0
   170  -.2232154344698102E-02   4   1 2  0 0  0 0  1 0
   171  -.3018770560776473E-03   4   0 3  0 0  0 0  1 0
   172  0.3054684351692385E-07   4   2 0  1 0  0 0  1 0
   173  0.5207589712530736E-05   4   1 1  1 0  0 0  1 0
   174  0.6465173135369021E-06   4   0 2  1 0  0 0  1 0
   175  -.1216720868340481E-06   4   1 0  2 0  0 0  1 0
   176  0.9026378774903112E-02   4   0 1  2 0  0 0  1 0
   177  0.3055901879696580E-07   4   0 0  3 0  0 0  1 0
   178  0.2598621247163868E-05   4   2 0  0 1  0 0  1 0
   179  0.1286273443502515E-05   4   1 1  0 1  0 0  1 0
   180  0.2472336728801328E-04   4   0 2  0 1  0 0  1 0
   181  0.1805270461135936E-01   4   1 0  1 1  0 0  1 0
   182  0.4464308184918014E-02   4   0 1  1 1  0 0  1 0
   183  -.2595498083961195E-05   4   0 0  2 1  0 0  1 0
   184  0.2232155772880721E-02   4   1 0  0 2  0 0  1 0
   185  0.5683259932689461E-03   4   0 1  0 2  0 0  1 0
   186  -.6397517224330382E-06   4   0 0  1 2  0 0  1 0
   187  0.2447254211181564E-04   4   0 0  0 3  0 0  1 0
   188  0.1102428865916449E-06   4   3 0  0 0  0 0  0 1
   189  0.1802279783734300E-01   4   2 1  0 0  0 0  0 1
   190  0.2232165403285145E-02   4   1 2  0 0  0 0  0 1
   191  0.1451151142746021E-03   4   0 3  0 0  0 0  0 1
   192  -.3208010490484336E-07   4   2 0  1 0  0 0  0 1
   193  -.1038922337373663E-04   4   1 1  1 0  0 0  0 1
   194  -.6434696542592706E-06   4   0 2  1 0  0 0  0 1
   195  0.1102428870347708E-06   4   1 0  2 0  0 0  0 1
   196  -.1802279980726315E-01   4   0 1  2 0  0 0  0 1
   197  -.3208239524229238E-07   4   0 0  3 0  0 0  0 1
   198  -.5189749839408416E-05   4   2 0  0 1  0 0  0 1
   199  -.1286622190976377E-05   4   1 1  0 1  0 0  0 1
   200  -.1255736649507873E-06   4   0 2  0 1  0 0  0 1
   201  -.3604556293028380E-01   4   1 0  1 1  0 0  0 1
   202  -.4464332409199335E-02   4   0 1  1 1  0 0  0 1
   203  0.5188104325153709E-05   4   0 0  2 1  0 0  0 1
   204  -.2232167534382485E-02   4   1 0  0 2  0 0  0 1
   205  -.4353458604965488E-03   4   0 1  0 2  0 0  0 1
   206  0.6424653204120034E-06   4   0 0  1 2  0 0  0 1
   207  0.4173329830079994E-07   4   0 0  0 3  0 0  0 1
   208  -.9725799338239311E-05   4   2 0  0 0  0 2  0 0
   209  -.2652627756813222E-05   4   1 1  0 0  0 2  0 0
   210  -.1219977901338937       4   0 2  0 0  0 2  0 0
   211  -.5653651085894812E-05   4   1 0  1 0  0 2  0 0
   212  -.7709701580069493E-06   4   0 1  1 0  0 2  0 0
   213  0.9725797312613833E-05   4   0 0  2 0  0 2  0 0
   214  -.7709713750975007E-06   4   1 0  0 1  0 2  0 0
   215  -.1790826309072811E-06   4   0 1  0 1  0 2  0 0
   216  0.2652627640504403E-05   4   0 0  1 1  0 2  0 0
   217  -.1219972032419763       4   0 0  0 2  0 2  0 0
   218  -.3893009169877038E-05   4   2 0  0 0  0 1  1 0
   219  -.2089324167882475E-05   4   1 1  0 0  0 1  1 0
   220  -.4883229095044678E-01   4   0 2  0 0  0 1  1 0
   221  -.2262580230343622E-05   4   1 0  1 0  0 1  1 0
   222  -.6072012435109492E-06   4   0 1  1 0  0 1  1 0
   223  0.3893005315609443E-05   4   0 0  2 0  0 1  1 0
   224  -.6072010554683544E-06   4   1 0  0 1  0 1  1 0
   225  -.1596252050012540E-06   4   0 1  0 1  0 1  1 0
   226  0.2089323801046847E-05   4   0 0  1 1  0 1  1 0
   227  -.4883165899851843E-01   4   0 0  0 2  0 1  1 0
   228  -.1952938124686957E-05   4   2 0  0 0  0 0  2 0
   229  -.1043843356559237E-05   4   1 1  0 0  0 0  2 0
   230  -.2449686608876761E-01   4   0 2  0 0  0 0  2 0
   231  -.1135033233132545E-05   4   1 0  1 0  0 0  2 0
   232  -.3033630014742502E-06   4   0 1  1 0  0 0  2 0
   233  0.1952938586933865E-05   4   0 0  2 0  0 0  2 0
   234  -.3033629099223705E-06   4   1 0  0 1  0 0  2 0
   235  -.7971011215941193E-07   4   0 1  0 1  0 0  2 0
   236  0.1043843365155583E-05   4   0 0  1 1  0 0  2 0
   237  -.2449655071937553E-01   4   0 0  0 2  0 0  2 0
   238  0.7781485990819049E-05   4   2 0  0 0  0 1  0 1
   239  0.1607694692618127E-05   4   1 1  0 0  0 1  0 1
   240  0.1463809046228830E-06   4   0 2  0 0  0 1  0 1
   241  0.4523628636789458E-05   4   1 0  1 0  0 1  0 1
   242  0.4672910545159594E-06   4   0 1  1 0  0 1  0 1
   243  -.7781484374384192E-05   4   0 0  2 0  0 1  0 1
   244  0.4672918808437698E-06   4   1 0  0 1  0 1  0 1
   245  0.8509314899089869E-07   4   0 1  0 1  0 1  0 1
   246  -.1607694633699559E-05   4   0 0  1 1  0 1  0 1
   247  -.1463809328646277E-06   4   0 0  0 2  0 1  0 1
   248  0.2599625856910642E-05   4   2 0  0 0  0 0  1 1
   249  0.9637576118734727E-06   4   1 1  0 0  0 0  1 1
   250  0.1043780697443022E-06   4   0 2  0 0  0 0  1 1
   251  0.1510882121375303E-05   4   1 0  1 0  0 0  1 1
   252  0.2800988083580495E-06   4   0 1  1 0  0 0  1 1
   253  -.2599627438187663E-05   4   0 0  2 0  0 0  1 1
   254  0.2800985437756807E-06   4   1 0  0 1  0 0  1 1
   255  0.6067265619252397E-07   4   0 1  0 1  0 0  1 1
   256  -.9637578534735345E-06   4   0 0  1 1  0 0  1 1
   257  -.1043781519780604E-06   4   0 0  0 2  0 0  1 1
   258  0.1090938950959915E-08   4   1 0  0 0  0 3  0 0
   259  -.8197147743725952E-04   4   0 1  0 0  0 3  0 0
   260  0.4476376067050685E-08   4   0 0  1 0  0 3  0 0
   261  0.2385016029197004E-04   4   0 0  0 1  0 3  0 0
   262  -.1164570214596372E-08   4   1 0  0 0  0 2  1 0
   263  -.3514468178443567E-04   4   0 1  0 0  0 2  1 0
   264  -.3012865241088647E-08   4   0 0  1 0  0 2  1 0
   265  0.1022378554086347E-04   4   0 0  0 1  0 2  1 0
   266  -.5591051594682567E-09   4   1 0  0 0  0 1  2 0
   267  -.2110590443955807E-04   4   0 1  0 0  0 1  2 0
   268  -.1117878936158314E-08   4   0 0  1 0  0 1  2 0
   269  0.6139803533164243E-05   4   0 0  0 1  0 1  2 0
   270  -.3841313734919655E-09   4   1 0  0 0  0 0  3 0
   271  -.1177688119220586E-04   4   0 1  0 0  0 0  3 0
   272  -.9916192901056685E-09   4   0 0  1 0  0 0  3 0
   273  0.3425967977988714E-05   4   0 0  0 1  0 0  3 0
   274  0.1313325723515889E-09   4   1 0  0 0  0 2  0 1
   275  0.1228614437733024E-10   4   0 1  0 0  0 2  0 1
   276  -.1298300323931210E-09   4   0 0  1 0  0 2  0 1
   277  -.1200471290358092E-10   4   0 0  0 1  0 2  0 1
   278  0.2516781647307212E-09   4   1 0  0 0  0 1  1 1
   279  0.5800042356365225E-10   4   0 1  0 0  0 1  1 1
   280  0.3025344930818759E-09   4   0 0  1 0  0 1  1 1
   281  0.5009672988948537E-10   4   0 0  0 1  0 1  1 1
   282  0.1254179857776203E-09   4   1 0  0 0  0 0  2 1
   283  0.2887377465338192E-10   4   0 1  0 0  0 0  2 1
   284  0.1502973507063052E-09   4   0 0  1 0  0 0  2 1
   285  0.2490397396033116E-10   4   0 0  0 1  0 0  2 1
   286  -.3550437898908487E-01   4   0 0  0 0  0 4  0 0
   287  0.2030571364320731E-01   4   0 0  0 0  0 3  1 0
   288  0.6104104424592779E-02   4   0 0  0 0  0 2  2 0
   289  0.4109357450726028E-02   4   0 0  0 0  0 1  3 0
   290  0.4985174187730418E-02   4   0 0  0 0  0 0  4 0
   291  -.1371724054207610E-14   4   0 0  0 0  0 3  0 1
   292  0.4605467117290044E-14   4   0 0  0 0  0 2  1 1
   293  0.5646727850436633E-14   4   0 0  0 0  0 1  2 1
   294  0.1356661907472467E-14   4   0 0  0 0  0 0  3 1
   ----------------------------------------------------
     I  COEFFICIENT            ORDER EXPONENTS
     1   1.000000000000000       1   0 0  0 0  0 1  0 0
     --------------------------------------------------
     I  COEFFICIENT            ORDER EXPONENTS
     1   1.000000000000000       1   0 0  0 0  0 0  1 0
     --------------------------------------------------
     I  COEFFICIENT            ORDER EXPONENTS
     1   1.000000000000000       1   0 0  0 0  0 0  0 1
     --------------------------------------------------
