     I  COEFFICIENT            ORDER EXPONENTS
     1  -.3695362043329016E-04   0   0 0  0 0  0 0  0 0
     2  0.9677493527670504       1   1 0  0 0  0 0  0 0
     3  0.4782769639325282       1   0 1  0 0  0 0  0 0
     4  0.2513020122186863E-04   1   0 0  1 0  0 0  0 0
     5  0.7753384806234773E-04   1   0 0  0 1  0 0  0 0
     6  0.4766099506125243E-01   1   0 0  0 0  0 1  0 0
     7  0.4750182787522714E-01   1   0 0  0 0  0 0  1 0
     8  -.9516282293647960E-01   1   0 0  0 0  0 0  0 1
     9  -.2236236224220034E-01   2   2 0  0 0  0 0  0 0
    10  0.3722724926778277       2   1 1  0 0  0 0  0 0
    11  0.4555535273691980E-01   2   0 2  0 0  0 0  0 0
    12  -.1512485951854314E-04   2   1 0  1 0  0 0  0 0
    13  -.1649331388652441E-03   2   0 1  1 0  0 0  0 0
    14  0.1360089943125407E-01   2   0 0  2 0  0 0  0 0
    15  0.3627052748258986E-04   2   1 0  0 1  0 0  0 0
    16  -.2154415510495709E-04   2   0 1  0 1  0 0  0 0
    17  -.3776805320825548       2   0 0  1 1  0 0  0 0
    18  -.1451632126441058       2   0 0  0 2  0 0  0 0
    19  0.5364274781186157E-01   2   1 0  0 0  0 1  0 0
    20  -.2202653850586902       2   0 1  0 0  0 1  0 0
    21  -.3878095099899022E-05   2   0 0  1 0  0 1  0 0
    22  -.7059412183213696E-04   2   0 0  0 1  0 1  0 0
    23  0.5346360414923116E-01   2   1 0  0 0  0 0  1 0
    24  -.2195297935865957       2   0 1  0 0  0 0  1 0
    25  -.3865143933365510E-05   2   0 0  1 0  0 0  1 0
    26  -.7035836788475259E-04   2   0 0  0 1  0 0  1 0
    27  -.1071063519707188       2   1 0  0 0  0 0  0 1
    28  -.3848178527772729E-01   2   0 1  0 0  0 0  0 1
    29  0.7743237062526548E-05   2   0 0  1 0  0 0  0 1
    30  0.6341864327520912E-04   2   0 0  0 1  0 0  0 1
    31  -.3472356489033313E-01   2   0 0  0 0  0 2  0 0
    32  -.2187201405601813E-01   2   0 0  0 0  0 1  1 0
    33  -.3457108159517688E-01   2   0 0  0 0  0 0  2 0
    34  0.4365814878188461E-01   2   0 0  0 0  0 1  0 1
    35  0.4351234937757593E-01   2   0 0  0 0  0 0  1 1
    36  0.3996162384783593E-02   2   0 0  0 0  0 0  0 2
    37  0.4909801441108344E-01   3   3 0  0 0  0 0  0 0
    38  -.3417593887499392E-01   3   2 1  0 0  0 0  0 0
    39  -.2550633959446854E-01   3   1 2  0 0  0 0  0 0
    40  0.2167760170718267       3   0 3  0 0  0 0  0 0
    41  0.3983063304268482E-04   3   2 0  1 0  0 0  0 0
    42  0.5976746788008258E-04   3   1 1  1 0  0 0  0 0
    43  0.6831069986346865E-04   3   0 2  1 0  0 0  0 0
    44  0.3403663803302601E-01   3   1 0  2 0  0 0  0 0
    45  0.5816623697214656       3   0 1  2 0  0 0  0 0
    46  -.9008040124227836E-03   3   0 0  3 0  0 0  0 0
    47  0.4972274245532831E-04   3   2 0  0 1  0 0  0 0
    48  0.5147739742632691E-04   3   1 1  0 1  0 0  0 0
    49  0.2372146069803549E-03   3   0 2  0 1  0 0  0 0
    50  -.7026767049430491E-01   3   1 0  1 1  0 0  0 0
    51  0.2000149389422022       3   0 1  1 1  0 0  0 0
    52  -.3365402234553039E-03   3   0 0  2 1  0 0  0 0
    53  -.1512786174809824       3   1 0  0 2  0 0  0 0
    54  0.2262944494106400       3   0 1  0 2  0 0  0 0
    55  -.1761082398112737E-04   3   0 0  1 2  0 0  0 0
    56  -.5520570205912808E-05   3   0 0  0 3  0 0  0 0
    57  0.8449160547987783E-02   3   2 0  0 0  0 1  0 0
    58  -.1858725103993630       3   1 1  0 0  0 1  0 0
    59  0.2024726975102632E-01   3   0 2  0 0  0 1  0 0
    60  0.2035633786984552E-04   3   1 0  1 0  0 1  0 0
    61  0.2999418103049044E-03   3   0 1  1 0  0 1  0 0
    62  0.1532198216706142E-01   3   0 0  2 0  0 1  0 0
    63  -.1957776877989249E-04   3   1 0  0 1  0 1  0 0
    64  0.1129863509474770E-03   3   0 1  0 1  0 1  0 0
    65  0.3803709825768420       3   0 0  1 1  0 1  0 0
    66  0.2193086478011735       3   0 0  0 2  0 1  0 0
    67  0.8420943992563976E-02   3   2 0  0 0  0 0  1 0
    68  -.1852517763084837       3   1 1  0 0  0 0  1 0
    69  0.2017965259475782E-01   3   0 2  0 0  0 0  1 0
    70  0.2028835647305867E-04   3   1 0  1 0  0 0  1 0
    71  0.2989401339056550E-03   3   0 1  1 0  0 0  1 0
    72  0.1527081334898006E-01   3   0 0  2 0  0 0  1 0
    73  -.1951238746837411E-04   3   1 0  0 1  0 0  1 0
    74  0.1126090252219756E-03   3   0 1  0 1  0 0  1 0
    75  0.3791007073997362       3   0 0  1 1  0 0  1 0
    76  0.2185762514192538       3   0 0  0 2  0 0  1 0
    77  -.1687155100078896E-01   3   2 0  0 0  0 0  0 1
    78  -.1148206520753116E-02   3   1 1  0 0  0 0  0 1
    79  -.1315376893877820       3   0 2  0 0  0 0  0 1
    80  -.4065286701123039E-04   3   1 0  1 0  0 0  0 1
    81  -.4340140396603525E-03   3   0 1  1 0  0 0  0 1
    82  -.3059276888529170E-01   3   0 0  2 0  0 0  0 1
    83  0.2816241591487560E-05   3   1 0  0 1  0 0  0 1
    84  -.1826308196157875E-03   3   0 1  0 1  0 0  0 1
    85  -.3817911183648140       3   0 0  1 1  0 0  0 1
    86  -.1475584816996387       3   0 0  0 2  0 0  0 1
    87  -.4061345888140901E-01   3   1 0  0 0  0 2  0 0
    88  0.1640956780957583       3   0 1  0 0  0 2  0 0
    89  0.1485123158905591E-04   3   0 0  1 0  0 2  0 0
    90  0.7439481494921917E-04   3   0 0  0 1  0 2  0 0
    91  -.2767059684347716E-01   3   1 0  0 0  0 1  1 0
    92  0.1082987165862787       3   0 1  0 0  0 1  1 0
    93  0.2577673052089113E-04   3   0 0  1 0  0 1  1 0
    94  0.7818284313892098E-04   3   0 0  0 1  0 1  1 0
    95  -.4043162349439326E-01   3   1 0  0 0  0 0  2 0
    96  0.1633668337176375       3   0 1  0 0  0 0  2 0
    97  0.1475859328872621E-04   3   0 0  1 0  0 0  2 0
    98  0.7401581982131813E-04   3   0 0  0 1  0 0  2 0
    99  0.5525477134302584E-01   3   1 0  0 0  0 1  0 1
   100  0.4040599088613851E-02   3   0 1  0 0  0 1  0 1
   101  -.5165725002777642E-04   3   0 0  1 0  0 1  0 1
   102  -.8583013948949475E-04   3   0 0  0 1  0 1  0 1
   103  0.5507024421643428E-01   3   1 0  0 0  0 0  1 1
   104  0.4027105228782240E-02   3   0 1  0 0  0 0  1 1
   105  -.5148473707217903E-04   3   0 0  1 0  0 0  1 1
   106  -.8554350380844889E-04   3   0 0  0 1  0 0  1 1
   107  -.1609332445746927E-02   3   1 0  0 0  0 0  0 2
   108  0.3444798078163844E-01   3   0 1  0 0  0 0  0 2
   109  0.4773872822361227E-04   3   0 0  1 0  0 0  0 2
   110  0.2229067656807792E-04   3   0 0  0 1  0 0  0 2
   111  0.2868556931102739E-01   3   0 0  0 0  0 3  0 0
   112  0.1662716777919833E-01   3   0 0  0 0  0 2  1 0
   113  0.1668709269353171E-01   3   0 0  0 0  0 1  2 0
   114  0.2851420261550163E-01   3   0 0  0 0  0 0  3 0
   115  -.3323677016644783E-01   3   0 0  0 0  0 2  0 1
   116  -.2288452178003248E-01   3   0 0  0 0  0 1  1 1
   117  -.3308756145524785E-01   3   0 0  0 0  0 0  2 1
   118  0.1020899004881215E-02   3   0 0  0 0  0 1  0 2
   119  0.1017489642117924E-02   3   0 0  0 0  0 0  1 2
   120  -.3343574455528805E-02   3   0 0  0 0  0 0  0 3
   121  -15.28575528590746       4   4 0  0 0  0 0  0 0
   122  0.4830932369005161E-01   4   3 1  0 0  0 0  0 0
   123  -.9072141499560918E-02   4   2 2  0 0  0 0  0 0
   124  0.1828745362734011       4   1 3  0 0  0 0  0 0
   125  0.1375445873676974E-01   4   0 4  0 0  0 0  0 0
   126  -.1213441787680289E-02   4   3 0  1 0  0 0  0 0
   127  0.1329694802248298E-03   4   2 1  1 0  0 0  0 0
   128  0.6315812070334145E-04   4   1 2  1 0  0 0  0 0
   129  0.6281860011961162E-04   4   0 3  1 0  0 0  0 0
   130  -.1105081795558152       4   2 0  2 0  0 0  0 0
   131  -.2481368517587193       4   1 1  2 0  0 0  0 0
   132  -.1985097040487974       4   0 2  2 0  0 0  0 0
   133  -.9505582089653029E-04   4   1 0  3 0  0 0  0 0
   134  -.1771549530421788E-03   4   0 1  3 0  0 0  0 0
   135   1.508247576857211       4   0 0  4 0  0 0  0 0
   136  0.3625193075669448E-04   4   3 0  0 1  0 0  0 0
   137  0.6369126673290632E-04   4   2 1  0 1  0 0  0 0
   138  0.4037508737142954E-04   4   1 2  0 1  0 0  0 0
   139  0.7403138222327080E-04   4   0 3  0 1  0 0  0 0
   140  -.2563848343192209       4   2 0  1 1  0 0  0 0
   141  -.2362278325331590       4   1 1  1 1  0 0  0 0
   142  -1.358371105948194       4   0 2  1 1  0 0  0 0
   143  -.4780473457834508E-04   4   1 0  2 1  0 0  0 0
   144  -.1723622019117510E-03   4   0 1  2 1  0 0  0 0
   145  0.8288824925744163       4   0 0  3 1  0 0  0 0
   146  -.1461111411642837       4   2 0  0 2  0 0  0 0
   147  0.2226683443500494E-01   4   1 1  0 2  0 0  0 0
   148  -.3406941336981801       4   0 2  0 2  0 0  0 0
   149  0.1194529977859872E-06   4   1 0  1 2  0 0  0 0
   150  -.8521571531345027E-04   4   0 1  1 2  0 0  0 0
   151  0.6517747820127208E-01   4   0 0  2 2  0 0  0 0
   152  -.2346604960020432E-04   4   1 0  0 3  0 0  0 0
   153  0.3437399432541042E-04   4   0 1  0 3  0 0  0 0
   154  0.6981831940215959E-01   4   0 0  1 3  0 0  0 0
   155  -.6769945999638398E-01   4   0 0  0 4  0 0  0 0
   156  -.1789358399833826E-01   4   3 0  0 0  0 1  0 0
   157  0.2549356377658341E-01   4   2 1  0 0  0 1  0 0
   158  0.1088675681356993       4   1 2  0 0  0 1  0 0
   159  -.3032285641406900       4   0 3  0 0  0 1  0 0
   160  0.3007437668162516E-04   4   2 0  1 0  0 1  0 0
   161  0.6252429034234843E-04   4   1 1  1 0  0 1  0 0
   162  0.2088076493298165E-03   4   0 2  1 0  0 1  0 0
   163  -.5534082217843212E-01   4   1 0  2 0  0 1  0 0
   164  -.9599202207950167       4   0 1  2 0  0 1  0 0
   165  -.1037882995292572E-03   4   0 0  3 0  0 1  0 0
   166  0.2847000816928176E-04   4   2 0  0 1  0 1  0 0
   167  -.3052157122902016E-05   4   1 1  0 1  0 1  0 0
   168  0.8082688667719250E-04   4   0 2  0 1  0 1  0 0
   169  0.7732073181133041E-02   4   1 0  1 1  0 1  0 0
   170  -.7294201612387355       4   0 1  1 1  0 1  0 0
   171  -.7306570918900633E-04   4   0 0  2 1  0 1  0 0
   172  0.2085741823369698       4   1 0  0 2  0 1  0 0
   173  -.4347867464340940       4   0 1  0 2  0 1  0 0
   174  -.5354600144617291E-04   4   0 0  1 2  0 1  0 0
   175  0.4230106065782699E-04   4   0 0  0 3  0 1  0 0
   176  -.1783382713826297E-01   4   3 0  0 0  0 0  1 0
   177  0.2540842625893689E-01   4   2 1  0 0  0 0  1 0
   178  0.1085039973699753       4   1 2  0 0  0 0  1 0
   179  -.3022159113999161       4   0 3  0 0  0 0  1 0
   180  0.2997394122278235E-04   4   2 0  1 0  0 0  1 0
   181  0.6231548615478941E-04   4   1 1  1 0  0 0  1 0
   182  0.2081103217578325E-03   4   0 2  1 0  0 0  1 0
   183  -.5515600767912981E-01   4   1 0  2 0  0 0  1 0
   184  -.9567145008943633       4   0 1  2 0  0 0  1 0
   185  -.1034416913319839E-03   4   0 0  3 0  0 0  1 0
   186  0.2837493060993590E-04   4   2 0  0 1  0 0  1 0
   187  -.3041964233308951E-05   4   1 1  0 1  0 0  1 0
   188  0.8055695970460059E-04   4   0 2  0 1  0 0  1 0
   189  0.7706251388511560E-02   4   1 0  1 1  0 0  1 0
   190  -.7269842122127977       4   0 1  1 1  0 0  1 0
   191  -.7282170120487564E-04   4   0 0  2 1  0 0  1 0
   192  0.2078776344441405       4   1 0  0 2  0 0  1 0
   193  -.4333347460538649       4   0 1  0 2  0 0  1 0
   194  -.5336718087471510E-04   4   0 0  1 2  0 0  1 0
   195  0.4215979334307322E-04   4   0 0  0 3  0 0  1 0
   196  -.3271213262145308E-01   4   3 0  0 0  0 0  0 1
   197  -.1672272519435648E-01   4   2 1  0 0  0 0  0 1
   198  -.1664855144969343       4   1 2  0 0  0 0  0 1
   199  -.4489657102346061E-01   4   0 3  0 0  0 0  0 1
   200  -.4465485167493015E-04   4   2 0  1 0  0 0  0 1
   201  -.7539439161887915E-04   4   1 1  1 0  0 0  0 1
   202  -.1238589417339466E-03   4   0 2  1 0  0 0  0 1
   203  0.1105158866125543       4   1 0  2 0  0 0  0 1
   204   1.335031616685539       4   0 1  2 0  0 0  0 1
   205  0.1435767770192522E-03   4   0 0  3 0  0 0  0 1
   206  -.2399279360468590E-04   4   2 0  0 1  0 0  0 1
   207  -.3772288817261369E-04   4   1 1  0 1  0 0  0 1
   208  -.6463366394368676E-04   4   0 2  0 1  0 0  0 1
   209  0.5486204010814379E-01   4   1 0  1 1  0 0  0 1
   210   1.056997137535948       4   0 1  1 1  0 0  0 1
   211  0.9687643211985559E-04   4   0 0  2 1  0 0  0 1
   212  -.1139038050843782       4   1 0  0 2  0 0  0 1
   213  0.1894480081125922       4   0 1  0 2  0 0  0 1
   214  0.5558572016587508E-04   4   0 0  1 2  0 0  0 1
   215  -.1547970187664257E-04   4   0 0  0 3  0 0  0 1
   216  -.6063157607483226E-02   4   2 0  0 0  0 2  0 0
   217  0.1555696478850474       4   1 1  0 0  0 2  0 0
   218  -.6348466104280238E-01   4   0 2  0 0  0 2  0 0
   219  0.3889527126066450E-06   4   1 0  1 0  0 2  0 0
   220  0.7225308806647256E-04   4   0 1  1 0  0 2  0 0
   221  -.4511622261879457E-01   4   0 0  2 0  0 2  0 0
   222  -.2071548606007627E-04   4   1 0  0 1  0 2  0 0
   223  0.8642356292435223E-04   4   0 1  0 1  0 2  0 0
   224  -.4083332675067280       4   0 0  1 1  0 2  0 0
   225  -.2843225545030143       4   0 0  0 2  0 2  0 0
   226  -.3691338220272397E-02   4   2 0  0 0  0 1  1 0
   227  0.1254833682732159       4   1 1  0 0  0 1  1 0
   228  -.1065031915704150       4   0 2  0 0  0 1  1 0
   229  0.5426376069261174E-05   4   1 0  1 0  0 1  1 0
   230  0.1059751024171334E-03   4   0 1  1 0  0 1  1 0
   231  -.7478415437903239E-01   4   0 0  2 0  0 1  1 0
   232  -.2777863474644367E-04   4   1 0  0 1  0 1  1 0
   233  0.1116316048174068E-03   4   0 1  0 1  0 1  1 0
   234  -.4361602663637695       4   0 0  1 1  0 1  1 0
   235  -.3489344050109439       4   0 0  0 2  0 1  1 0
   236  -.6036745534218873E-02   4   2 0  0 0  0 0  2 0
   237  0.1548405821080806       4   1 1  0 0  0 0  2 0
   238  -.6309481224752293E-01   4   0 2  0 0  0 0  2 0
   239  0.3785928992376847E-06   4   1 0  1 0  0 0  2 0
   240  0.7183483829838349E-04   4   0 1  1 0  0 0  2 0
   241  -.4484068045087825E-01   4   0 0  2 0  0 0  2 0
   242  -.2059992092812119E-04   4   1 0  0 1  0 0  2 0
   243  0.8594854473617991E-04   4   0 1  0 1  0 0  2 0
   244  -.4062413166746470       4   0 0  1 1  0 0  2 0
   245  -.2827903944105433       4   0 0  0 2  0 0  2 0
   246  0.7365534013592084E-02   4   2 0  0 0  0 1  0 1
   247  -.6492708519261994E-01   4   1 1  0 0  0 1  0 1
   248  0.1730124143188133       4   0 2  0 0  0 1  0 1
   249  -.1148957502077136E-04   4   1 0  1 0  0 1  0 1
   250  -.1179068948856509E-03   4   0 1  1 0  0 1  0 1
   251  0.1498417020527318       4   0 0  2 0  0 1  0 1
   252  0.9955739617269384E-05   4   1 0  0 1  0 1  0 1
   253  -.3463400467829629E-04   4   0 1  0 1  0 1  0 1
   254  0.4922530362651847       4   0 0  1 1  0 1  0 1
   255  0.2597915284218064       4   0 0  0 2  0 1  0 1
   256  0.7340936303850371E-02   4   2 0  0 0  0 0  1 1
   257  -.6471025670564316E-01   4   1 1  0 0  0 0  1 1
   258  0.1724346274073316       4   0 2  0 0  0 0  1 1
   259  -.1145120479114579E-04   4   1 0  1 0  0 0  1 1
   260  -.1175131366636956E-03   4   0 1  1 0  0 0  1 1
   261  0.1493412953357856       4   0 0  2 0  0 0  1 1
   262  0.9922491736950352E-05   4   1 0  0 1  0 0  1 1
   263  -.3451834202672241E-04   4   0 1  0 1  0 0  1 1
   264  0.4906091232395740       4   0 0  1 1  0 0  1 1
   265  0.2589239366629899       4   0 0  0 2  0 0  1 1
   266  0.1083588857022845E-02   4   2 0  0 0  0 0  0 2
   267  0.6600499170903060E-01   4   1 1  0 0  0 0  0 2
   268  0.2460193302550083E-01   4   0 2  0 0  0 0  0 2
   269  0.1134514092406514E-04   4   1 0  1 0  0 0  0 2
   270  0.3746632617318285E-04   4   0 1  1 0  0 0  0 2
   271  -.1343972733322224       4   0 0  2 0  0 0  0 2
   272  0.5435805981525447E-05   4   1 0  0 1  0 0  0 2
   273  0.1724746877414539E-04   4   0 1  0 1  0 0  0 2
   274  -.1097613599107858       4   0 0  1 1  0 0  0 2
   275  -.3805031894275372E-01   4   0 0  0 2  0 0  0 2
   276  0.3518633451679665E-01   4   1 0  0 0  0 3  0 0
   277  -.1396855213298316       4   0 1  0 0  0 3  0 0
   278  0.3118209164715717E-04   4   0 0  1 0  0 3  0 0
   279  0.3822070738304666E-04   4   0 0  0 1  0 3  0 0
   280  0.2436718783084588E-01   4   1 0  0 0  0 2  1 0
   281  -.9094498922239795E-01   4   0 1  0 0  0 2  1 0
   282  0.3397830503845336E-04   4   0 0  1 0  0 2  1 0
   283  0.5599547711889425E-04   4   0 0  0 1  0 2  1 0
   284  0.2442079612756965E-01   4   1 0  0 0  0 1  2 0
   285  -.9118681097364423E-01   4   0 1  0 0  0 1  2 0
   286  0.3396377616900567E-04   4   0 0  1 0  0 1  2 0
   287  0.5590579761406919E-04   4   0 0  0 1  0 1  2 0
   288  0.3496952230576877E-01   4   1 0  0 0  0 0  3 0
   289  -.1388344383611015       4   0 1  0 0  0 0  3 0
   290  0.3096934313028654E-04   4   0 0  1 0  0 0  3 0
   291  0.3793605892384454E-04   4   0 0  0 1  0 0  3 0
   292  -.4873528362426526E-01   4   1 0  0 0  0 2  0 1
   293  0.1775679453451388E-01   4   0 1  0 0  0 2  0 1
   294  -.3663125873358710E-04   4   0 0  1 0  0 2  0 1
   295  -.3908497009884423E-04   4   0 0  0 1  0 2  0 1
   296  -.4226378158312998E-01   4   1 0  0 0  0 1  1 1
   297  0.3943549122108848E-01   4   0 1  0 0  0 1  1 1
   298  -.4300281998380874E-04   4   0 0  1 0  0 1  1 1
   299  -.5164173936190241E-04   4   0 0  0 1  0 1  1 1
   300  -.4850195736800433E-01   4   1 0  0 0  0 0  2 1
   301  0.1763164571848896E-01   4   0 1  0 0  0 0  2 1
   302  -.3643712066990341E-04   4   0 0  1 0  0 0  2 1
   303  -.3886821256241917E-04   4   0 0  0 1  0 0  2 1
   304  0.1461998516327075E-01   4   1 0  0 0  0 1  0 2
   305  -.4358925553130821E-01   4   0 1  0 0  0 1  0 2
   306  0.9037921820318203E-05   4   0 0  1 0  0 1  0 2
   307  0.5302355018143246E-05   4   0 0  0 1  0 1  0 2
   308  0.1457116071268637E-01   4   1 0  0 0  0 0  1 2
   309  -.4344368620076981E-01   4   0 1  0 0  0 0  1 2
   310  0.9007739055946440E-05   4   0 0  1 0  0 0  1 2
   311  0.5284647437207082E-05   4   0 0  0 1  0 0  1 2
   312  -.8662551365335872E-02   4   1 0  0 0  0 0  0 3
   313  -.5441572490261086E-02   4   0 1  0 0  0 0  0 3
   314  -.3069626445842576E-05   4   0 0  1 0  0 0  0 3
   315  -.1890128102131780E-05   4   0 0  0 1  0 0  0 3
   316  -.2514058166305854E-01   4   0 0  0 0  0 4  0 0
   317  -.1454548588413514E-01   4   0 0  0 0  0 3  1 0
   318  -.1351881120648743E-01   4   0 0  0 0  0 2  2 0
   319  -.1461903876124719E-01   4   0 0  0 0  0 1  3 0
   320  -.2494863594915302E-01   4   0 0  0 0  0 0  4 0
   321  0.2909474264158486E-01   4   0 0  0 0  0 3  0 1
   322  0.2082100094831571E-01   4   0 0  0 0  0 2  1 1
   323  0.2086196031802079E-01   4   0 0  0 0  0 1  2 1
   324  0.2891434684827839E-01   4   0 0  0 0  0 0  3 1
   325  -.4200694829114194E-02   4   0 0  0 0  0 2  0 2
   326  -.7362667994643565E-02   4   0 0  0 0  0 1  1 2
   327  -.4174372249259054E-02   4   0 0  0 0  0 0  2 2
   328  0.4238352089607498E-02   4   0 0  0 0  0 1  0 3
   329  0.4224197819965818E-02   4   0 0  0 0  0 0  1 3
   330  0.3924154600635004E-03   4   0 0  0 0  0 0  0 4
   ----------------------------------------------------
     I  COEFFICIENT            ORDER EXPONENTS
     1  0.1538993819239609E-05   0   0 0  0 0  0 0  0 0
     2  -.1322363663664909       1   1 0  0 0  0 0  0 0
     3  0.9679721156065667       1   0 1  0 0  0 0  0 0
     4  -.5216757798945752E-04   1   0 0  1 0  0 0  0 0
     5  -.9826390788088196E-05   1   0 0  0 1  0 0  0 0
     6  0.1961247176551092       1   0 0  0 0  0 1  0 0
     7  0.1954697456097486       1   0 0  0 0  0 0  1 0
     8  -.3915929242710077       1   0 0  0 0  0 0  0 1
     9  -.1819871525537640       2   2 0  0 0  0 0  0 0
    10  -.1860153148768660       2   1 1  0 0  0 0  0 0
    11  -.2383697665981701       2   0 2  0 0  0 0  0 0
    12  0.2813439005891518E-04   2   1 0  1 0  0 0  0 0
    13  0.8611941979810819E-04   2   0 1  1 0  0 0  0 0
    14  0.1220617212197403       2   0 0  2 0  0 0  0 0
    15  -.1792156636564090E-04   2   1 0  0 1  0 0  0 0
    16  -.5523385899146462E-05   2   0 1  0 1  0 0  0 0
    17  0.2173805936470967       2   0 0  1 1  0 0  0 0
    18  -.1432004454174072       2   0 0  0 2  0 0  0 0
    19  -.1565575622052841E-01   2   1 0  0 0  0 1  0 0
    20  -.3129464763310363E-01   2   0 1  0 0  0 1  0 0
    21  -.7781914385787826E-05   2   0 0  1 0  0 1  0 0
    22  0.2179560268506252E-04   2   0 0  0 1  0 1  0 0
    23  -.1560347274093428E-01   2   1 0  0 0  0 0  1 0
    24  -.3119013699510697E-01   2   0 1  0 0  0 0  1 0
    25  -.7755926145024222E-05   2   0 0  1 0  0 0  1 0
    26  0.2172281476398267E-04   2   0 0  0 1  0 0  1 0
    27  -.1009771403747443       2   1 0  0 0  0 0  0 1
    28  0.6248478316805352E-01   2   0 1  0 0  0 0  0 1
    29  -.3662975072437431E-04   2   0 0  1 0  0 0  0 1
    30  -.4351842113706712E-04   2   0 0  0 1  0 0  0 1
    31  -.5146244710326481E-01   2   0 0  0 0  0 2  0 0
    32  0.9223579147859200E-01   2   0 0  0 0  0 1  1 0
    33  -.5144459860471629E-01   2   0 0  0 0  0 0  2 0
    34  0.1068910258165664E-01   2   0 0  0 0  0 1  0 1
    35  0.1065340558504813E-01   2   0 0  0 0  0 0  1 1
    36  -.1067125393734236E-01   2   0 0  0 0  0 0  0 2
    37   1.172336438460374       3   3 0  0 0  0 0  0 0
    38   1.446893459891976       3   2 1  0 0  0 0  0 0
    39  0.7245967462542272       3   1 2  0 0  0 0  0 0
    40  0.1535450510579207       3   0 3  0 0  0 0  0 0
    41  0.1399050205085722E-03   3   2 0  1 0  0 0  0 0
    42  0.1049653502786074E-03   3   1 1  1 0  0 0  0 0
    43  -.4012974403488588E-04   3   0 2  1 0  0 0  0 0
    44  -.1601826895537163       3   1 0  2 0  0 0  0 0
    45  -.2940741168232445       3   0 1  2 0  0 0  0 0
    46  0.5983674982037969E-03   3   0 0  3 0  0 0  0 0
    47  0.2257946169929943E-03   3   2 0  0 1  0 0  0 0
    48  0.1274663837796724E-03   3   1 1  0 1  0 0  0 0
    49  -.6708645037609209E-04   3   0 2  0 1  0 0  0 0
    50  0.1142752367453037E-01   3   1 0  1 1  0 0  0 0
    51  -.1658714006647433E-01   3   0 1  1 1  0 0  0 0
    52  -.3910997937444128E-03   3   0 0  2 1  0 0  0 0
    53  0.3622145936017988E-01   3   1 0  0 2  0 0  0 0
    54  -.3869434248050970E-01   3   0 1  0 2  0 0  0 0
    55  -.1077008861559428E-03   3   0 0  1 2  0 0  0 0
    56  -.1680470623918611E-04   3   0 0  0 3  0 0  0 0
    57  0.1447108954930739       3   2 0  0 0  0 1  0 0
    58  0.2372176492178822       3   1 1  0 0  0 1  0 0
    59  0.1884735831004659       3   0 2  0 0  0 1  0 0
    60  -.2342766685959556E-04   3   1 0  1 0  0 1  0 0
    61  -.1099136224608231E-03   3   0 1  1 0  0 1  0 0
    62  0.2042245883799223E-01   3   0 0  2 0  0 1  0 0
    63  0.1200836502842978E-04   3   1 0  0 1  0 1  0 0
    64  -.2249887642207583E-04   3   0 1  0 1  0 1  0 0
    65  -.1321076241432417       3   0 0  1 1  0 1  0 0
    66  0.3799859435864151E-01   3   0 0  0 2  0 1  0 0
    67  0.1442276234591343       3   2 0  0 0  0 0  1 0
    68  0.2364254444883540       3   1 1  0 0  0 0  1 0
    69  0.1878441625475865       3   0 2  0 0  0 0  1 0
    70  -.2334942854744376E-04   3   1 0  1 0  0 0  1 0
    71  -.1095465583244064E-03   3   0 1  1 0  0 0  1 0
    72  0.2035425662566319E-01   3   0 0  2 0  0 0  1 0
    73  0.1196826226373153E-04   3   1 0  0 1  0 0  1 0
    74  -.2242373986976246E-04   3   0 1  0 1  0 0  1 0
    75  -.1316664416047673       3   0 0  1 1  0 0  1 0
    76  0.3787169542736254E-01   3   0 0  0 2  0 0  1 0
    77  -.4708334002283645       3   2 0  0 0  0 0  0 1
    78  -.4735490007351029       3   1 1  0 0  0 0  0 1
    79  -.1379247171960526       3   0 2  0 0  0 0  0 1
    80  0.7492455198592286E-04   3   1 0  1 0  0 0  0 1
    81  0.2194904860051546E-03   3   0 1  1 0  0 0  0 1
    82  0.8128512490615207E-01   3   0 0  2 0  0 0  0 1
    83  -.2394565892744899E-04   3   1 0  0 1  0 0  0 1
    84  0.5049599259249977E-04   3   0 1  0 1  0 0  0 1
    85  0.2637740978940912       3   0 0  1 1  0 0  0 1
    86  0.6733017311812813E-01   3   0 0  0 2  0 0  0 1
    87  0.1899988257453135E-01   3   1 0  0 0  0 2  0 0
    88  0.3288830928123877E-01   3   0 1  0 0  0 2  0 0
    89  0.2878509756944327E-05   3   0 0  1 0  0 2  0 0
    90  -.1949928088921074E-04   3   0 0  0 1  0 2  0 0
    91  0.2232149536257332E-01   3   1 0  0 0  0 1  1 0
    92  0.3447096784573207E-01   3   0 1  0 0  0 1  1 0
    93  -.2001319543220720E-05   3   0 0  1 0  0 1  1 0
    94  -.1722206726584979E-04   3   0 0  0 1  0 1  1 0
    95  0.1889915906591808E-01   3   1 0  0 0  0 0  2 0
    96  0.3272091741065428E-01   3   0 1  0 0  0 0  2 0
    97  0.2872238547224282E-05   3   0 0  1 0  0 0  2 0
    98  -.1940540455159828E-04   3   0 0  0 1  0 0  2 0
    99  -.6031188359509655E-01   3   1 0  0 0  0 1  0 1
   100  -.6894829281492673E-01   3   0 1  0 0  0 1  0 1
   101  -.3744474421291088E-05   3   0 0  1 0  0 1  0 1
   102  0.3443546101360558E-04   3   0 0  0 1  0 1  0 1
   103  -.6011046789273070E-01   3   1 0  0 0  0 0  1 1
   104  -.6871803522725994E-01   3   0 1  0 0  0 0  1 1
   105  -.3731969490245694E-05   3   0 0  1 0  0 0  1 1
   106  0.3432046141231779E-04   3   0 0  0 1  0 0  1 1
   107  0.6020181441886256E-01   3   1 0  0 0  0 0  0 2
   108  0.3758613421071656E-01   3   0 1  0 0  0 0  0 2
   109  0.3727109849384502E-05   3   0 0  1 0  0 0  0 2
   110  -.1262757946742210E-04   3   0 0  0 1  0 0  0 2
   111  0.2753350633632129E-01   3   0 0  0 0  0 3  0 0
   112  -.2056452920694714E-01   3   0 0  0 0  0 2  1 0
   113  -.2032404974788153E-01   3   0 0  0 0  0 1  2 0
   114  0.2742980543674876E-01   3   0 0  0 0  0 0  3 0
   115  -.1057331151846557E-01   3   0 0  0 0  0 2  0 1
   116  -.1045817218296298E-01   3   0 0  0 0  0 1  1 1
   117  -.1052053831981969E-01   3   0 0  0 0  0 0  2 1
   118  0.1045738270234446E-01   3   0 0  0 0  0 1  0 2
   119  0.1042245955028305E-01   3   0 0  0 0  0 0  1 2
   120  -.3402555299863521E-02   3   0 0  0 0  0 0  0 3
   121  -4.276626163967939       4   4 0  0 0  0 0  0 0
   122   54.15714140875491       4   3 1  0 0  0 0  0 0
   123   40.59664264589679       4   2 2  0 0  0 0  0 0
   124   13.27059705189706       4   1 3  0 0  0 0  0 0
   125   1.530406655120367       4   0 4  0 0  0 0  0 0
   126  0.2413682808736651E-02   4   3 0  1 0  0 0  0 0
   127  0.6722468843883778E-02   4   2 1  1 0  0 0  0 0
   128  0.2962707283138584E-02   4   1 2  1 0  0 0  0 0
   129  0.4036421236268761E-03   4   0 3  1 0  0 0  0 0
   130  0.6591098447480262E-01   4   2 0  2 0  0 0  0 0
   131  0.1243303902775079       4   1 1  2 0  0 0  0 0
   132  0.1929609727528952       4   0 2  2 0  0 0  0 0
   133  0.7843113517162310E-04   4   1 0  3 0  0 0  0 0
   134  -.5535003665369254E-04   4   0 1  3 0  0 0  0 0
   135  -.8926846344679257       4   0 0  4 0  0 0  0 0
   136  0.9905577320145320E-02   4   3 0  0 1  0 0  0 0
   137  0.1463800371248547E-01   4   2 1  0 1  0 0  0 0
   138  0.7112242045904180E-02   4   1 2  0 1  0 0  0 0
   139  0.1118031226527944E-02   4   0 3  0 1  0 0  0 0
   140  -.9826066347720116       4   2 0  1 1  0 0  0 0
   141  -.4732419940442833       4   1 1  1 1  0 0  0 0
   142  0.4724908950920949       4   0 2  1 1  0 0  0 0
   143  -.5096558085930561E-04   4   1 0  2 1  0 0  0 0
   144  -.9231682339946270E-04   4   0 1  2 1  0 0  0 0
   145  0.9366452994623444       4   0 0  3 1  0 0  0 0
   146  -.3303420999199423       4   2 0  0 2  0 0  0 0
   147  -.2032258071324701       4   1 1  0 2  0 0  0 0
   148  0.3106605482369923E-02   4   0 2  0 2  0 0  0 0
   149  -.1954740093552182E-03   4   1 0  1 2  0 0  0 0
   150  -.1124447407251452E-03   4   0 1  1 2  0 0  0 0
   151  0.4051663530418770       4   0 0  2 2  0 0  0 0
   152  -.6221021631473070E-04   4   1 0  0 3  0 0  0 0
   153  -.3625717546908837E-04   4   0 1  0 3  0 0  0 0
   154  0.1152994367984422       4   0 0  1 3  0 0  0 0
   155  -.1207564579119668E-01   4   0 0  0 4  0 0  0 0
   156   5.442367352958346       4   3 0  0 0  0 1  0 0
   157   7.439400015834049       4   2 1  0 0  0 1  0 0
   158   3.285028251566159       4   1 2  0 0  0 1  0 0
   159  0.4050679641910575       4   0 3  0 0  0 1  0 0
   160  0.6849965578550894E-03   4   2 0  1 0  0 1  0 0
   161  0.4851773388332116E-03   4   1 1  1 0  0 1  0 0
   162  0.1417415761231811E-04   4   0 2  1 0  0 1  0 0
   163  0.9401266087485838E-01   4   1 0  2 0  0 1  0 0
   164  0.3542639872474128       4   0 1  2 0  0 1  0 0
   165  -.1028223877343754E-03   4   0 0  3 0  0 1  0 0
   166  0.1210787041397420E-02   4   2 0  0 1  0 1  0 0
   167  0.1029327828677218E-02   4   1 1  0 1  0 1  0 0
   168  0.1983363235399641E-03   4   0 2  0 1  0 1  0 0
   169  -.4715021464326417E-02   4   1 0  1 1  0 1  0 0
   170  0.1876305489552949       4   0 1  1 1  0 1  0 0
   171  -.1313796076809921E-03   4   0 0  2 1  0 1  0 0
   172  -.4322110937840173E-01   4   1 0  0 2  0 1  0 0
   173  0.9513614836303044E-01   4   0 1  0 2  0 1  0 0
   174  -.7977347254425639E-04   4   0 0  1 2  0 1  0 0
   175  -.7231339573547032E-05   4   0 0  0 3  0 1  0 0
   176   5.424192191156268       4   3 0  0 0  0 0  1 0
   177   7.414555625474284       4   2 1  0 0  0 0  1 0
   178   3.274057672749177       4   1 2  0 0  0 0  1 0
   179  0.4037152117374762       4   0 3  0 0  0 0  1 0
   180  0.6827089645219939E-03   4   2 0  1 0  0 0  1 0
   181  0.4835570555880541E-03   4   1 1  1 0  0 0  1 0
   182  0.1412682203364355E-04   4   0 2  1 0  0 0  1 0
   183  0.9369869909830636E-01   4   1 0  2 0  0 0  1 0
   184  0.3530808981850062       4   0 1  2 0  0 0  1 0
   185  -.1024790052662778E-03   4   0 0  3 0  0 0  1 0
   186  0.1206743534416346E-02   4   2 0  0 1  0 0  1 0
   187  0.1025890317274497E-02   4   1 1  0 1  0 0  1 0
   188  0.1976739656839465E-03   4   0 2  0 1  0 0  1 0
   189  -.4699275324385318E-02   4   1 0  1 1  0 0  1 0
   190  0.1870039437732050       4   0 1  1 1  0 0  1 0
   191  -.1309408564037924E-03   4   0 0  2 1  0 0  1 0
   192  -.4307676949738141E-01   4   1 0  0 2  0 0  1 0
   193  0.9481843462237628E-01   4   0 1  0 2  0 0  1 0
   194  -.7950706352094501E-04   4   0 0  1 2  0 0  1 0
   195  -.7207190015409492E-05   4   0 0  0 3  0 0  1 0
   196  -10.85596776956958       4   3 0  0 0  0 0  0 1
   197  -16.37095917914061       4   2 1  0 0  0 0  0 1
   198  -8.033341216643175       4   1 2  0 0  0 0  0 1
   199  -1.239285863668601       4   0 3  0 0  0 0  0 1
   200  -.1373434143113428E-02   4   2 0  1 0  0 0  0 1
   201  -.1165326607549884E-02   4   1 1  1 0  0 0  0 1
   202  -.1944158381598207E-03   4   0 2  1 0  0 0  0 1
   203  -.3478916672138094       4   1 0  2 0  0 0  0 1
   204  -.7073715881205536       4   0 1  2 0  0 0  0 1
   205  0.2788195356647530E-03   4   0 0  3 0  0 0  0 1
   206  -.2716108687589748E-02   4   2 0  0 1  0 0  0 1
   207  -.2639941935594106E-02   4   1 1  0 1  0 0  0 1
   208  -.6080616618853491E-03   4   0 2  0 1  0 0  0 1
   209  0.9285372478018361E-02   4   1 0  1 1  0 0  0 1
   210  -.3583140973920126       4   0 1  1 1  0 0  0 1
   211  0.2001455326946652E-03   4   0 0  2 1  0 0  0 1
   212  0.5001094705876485E-01   4   1 0  0 2  0 0  0 1
   213  -.1126297649783534       4   0 1  0 2  0 0  0 1
   214  0.9489472391506331E-04   4   0 0  1 2  0 0  0 1
   215  0.2534260005825545E-04   4   0 0  0 3  0 0  0 1
   216  0.3005612964203125       4   2 0  0 0  0 2  0 0
   217  0.1517920659687154       4   1 1  0 0  0 2  0 0
   218  -.1035772940040208       4   0 2  0 0  0 2  0 0
   219  0.1792166046869234E-04   4   1 0  1 0  0 2  0 0
   220  -.1254305553691605E-04   4   0 1  1 0  0 2  0 0
   221  -.7013013435355234E-02   4   0 0  2 0  0 2  0 0
   222  0.2423647968490818E-04   4   1 0  0 1  0 2  0 0
   223  -.2145315720601015E-04   4   0 1  0 1  0 2  0 0
   224  0.1197881095077960       4   0 0  1 1  0 2  0 0
   225  -.3571981667640214E-02   4   0 0  0 2  0 2  0 0
   226  0.7428611562138661       4   2 0  0 0  0 1  1 0
   227  0.5382027780153468       4   1 1  0 0  0 1  1 0
   228  -.1926210574286667E-01   4   0 2  0 0  0 1  1 0
   229  0.4731604883534657E-04   4   1 0  1 0  0 1  1 0
   230  -.1256838246225621E-04   4   0 1  1 0  0 1  1 0
   231  0.6333299937635699E-02   4   0 0  2 0  0 1  1 0
   232  0.7712300177359330E-04   4   1 0  0 1  0 1  1 0
   233  -.1125700472420909E-04   4   0 1  0 1  0 1  1 0
   234  0.1075673456575789       4   0 0  1 1  0 1  1 0
   235  0.3063405317403893E-01   4   0 0  0 2  0 1  1 0
   236  0.2983171331257173       4   2 0  0 0  0 0  2 0
   237  0.1503864631952331       4   1 1  0 0  0 0  2 0
   238  -.1031992269077797       4   0 2  0 0  0 0  2 0
   239  0.1778280223809075E-04   4   1 0  1 0  0 0  2 0
   240  -.1248018064562816E-04   4   0 1  1 0  0 0  2 0
   241  -.7000168238803781E-02   4   0 0  2 0  0 0  2 0
   242  0.2402676148975140E-04   4   1 0  0 1  0 0  2 0
   243  -.2136271613271230E-04   4   0 1  0 1  0 0  2 0
   244  0.1192084545481730       4   0 0  1 1  0 0  2 0
   245  -.3611205056644480E-02   4   0 0  0 2  0 0  2 0
   246  -1.495154005628770       4   2 0  0 0  0 1  0 1
   247  -1.228464224512692       4   1 1  0 0  0 1  0 1
   248  -.1874283004718754       4   0 2  0 0  0 1  0 1
   249  -.1060100708327595E-03   4   1 0  1 0  0 1  0 1
   250  -.7281420415535831E-06   4   0 1  1 0  0 1  0 1
   251  0.7665823963161603E-02   4   0 0  2 0  0 1  0 1
   252  -.1823793568465129E-03   4   1 0  0 1  0 1  0 1
   253  -.4087047062566540E-04   4   0 1  0 1  0 1  0 1
   254  -.2150765255169179       4   0 0  1 1  0 1  0 1
   255  -.9951570209104821E-01   4   0 0  0 2  0 1  0 1
   256  -1.490160835523015       4   2 0  0 0  0 0  1 1
   257  -1.224361683357244       4   1 1  0 0  0 0  1 1
   258  -.1868023707125575       4   0 2  0 0  0 0  1 1
   259  -.1056560428767107E-03   4   1 0  1 0  0 0  1 1
   260  -.7257103608968379E-06   4   0 1  1 0  0 0  1 1
   261  0.7640223414384203E-02   4   0 0  2 0  0 0  1 1
   262  -.1817702883832750E-03   4   1 0  0 1  0 0  1 1
   263  -.4073398086516741E-04   4   0 1  0 1  0 0  1 1
   264  -.2143582625997737       4   0 0  1 1  0 0  1 1
   265  -.9918336252812492E-01   4   0 0  0 2  0 0  1 1
   266   1.643575255343736       4   2 0  0 0  0 0  0 2
   267   1.612346643892232       4   1 1  0 0  0 0  0 2
   268  0.3618739335963974       4   0 2  0 0  0 0  0 2
   269  0.1286497978037052E-03   4   1 0  1 0  0 0  0 2
   270  0.3778605997245378E-04   4   0 1  1 0  0 0  0 2
   271  -.7626162177577592E-02   4   0 0  2 0  0 0  0 2
   272  0.2443153471627741E-03   4   1 0  0 1  0 0  0 2
   273  0.1098909727863211E-03   4   0 1  0 1  0 0  0 2
   274  0.8286962464767619E-01   4   0 0  1 1  0 0  0 2
   275  0.3203859318644271E-01   4   0 0  0 2  0 0  0 2
   276  -.7314007687874678E-02   4   1 0  0 0  0 3  0 0
   277  -.2982822312114775E-01   4   0 1  0 0  0 3  0 0
   278  -.9418375881339197E-05   4   0 0  1 0  0 3  0 0
   279  -.1578984915570713E-05   4   0 0  0 1  0 3  0 0
   280  0.1591898649015062E-01   4   1 0  0 0  0 2  1 0
   281  -.2378542751179838E-01   4   0 1  0 0  0 2  1 0
   282  -.7837652745610281E-05   4   0 0  1 0  0 2  1 0
   283  -.8412317375981324E-05   4   0 0  0 1  0 2  1 0
   284  0.1580272656286375E-01   4   1 0  0 0  0 1  2 0
   285  -.2381519901316431E-01   4   0 1  0 0  0 1  2 0
   286  -.7845413586018489E-05   4   0 0  1 0  0 1  2 0
   287  -.8378060382230505E-05   4   0 0  0 1  0 1  2 0
   288  -.7303861880675668E-02   4   1 0  0 0  0 0  3 0
   289  -.2963921965543923E-01   4   0 1  0 0  0 0  3 0
   290  -.9358152595392366E-05   4   0 0  1 0  0 0  3 0
   291  -.1557075403751507E-05   4   0 0  0 1  0 0  3 0
   292  -.2041811877325675E-01   4   1 0  0 0  0 2  0 1
   293  0.4387118751392693E-01   4   0 1  0 0  0 2  0 1
   294  0.1611712004154418E-04   4   0 0  1 0  0 2  0 1
   295  0.1654376190383990E-04   4   0 0  0 1  0 2  0 1
   296  -.1006019303828418       4   1 0  0 0  0 1  1 1
   297  0.1897540269777470E-01   4   0 1  0 0  0 1  1 1
   298  0.1346791720235712E-04   4   0 0  1 0  0 1  1 1
   299  0.1822505988110748E-04   4   0 0  0 1  0 1  1 1
   300  -.2018194750619708E-01   4   1 0  0 0  0 0  2 1
   301  0.4369299181786904E-01   4   0 1  0 0  0 0  2 1
   302  0.1604080728558425E-04   4   0 0  1 0  0 0  2 1
   303  0.1645808094461859E-04   4   0 0  0 1  0 0  2 1
   304  0.1157368545109520       4   1 0  0 0  0 1  0 2
   305  0.2291821886536768E-01   4   0 1  0 0  0 1  0 2
   306  -.4067143227075737E-05   4   0 0  1 0  0 1  0 2
   307  -.1476976310669588E-05   4   0 0  0 1  0 1  0 2
   308  0.1153503432887618       4   1 0  0 0  0 0  1 2
   309  0.2284168188998937E-01   4   0 1  0 0  0 0  1 2
   310  -.4053560721259714E-05   4   0 0  1 0  0 0  1 2
   311  -.1472043846232045E-05   4   0 0  0 1  0 0  1 2
   312  -.1069890446858898       4   1 0  0 0  0 0  0 3
   313  -.4519480798599738E-01   4   0 1  0 0  0 0  0 3
   314  -.3045449167047236E-05   4   0 0  1 0  0 0  0 3
   315  -.6354707828687099E-05   4   0 0  0 1  0 0  0 3
   316  -.1846440687249512E-01   4   0 0  0 0  0 4  0 0
   317  0.8775892448168354E-02   4   0 0  0 0  0 3  1 0
   318  0.2938743135763735E-02   4   0 0  0 0  0 2  2 0
   319  0.8613807207475968E-02   4   0 0  0 0  0 1  3 0
   320  -.1835578053298344E-01   4   0 0  0 0  0 0  4 0
   321  0.9898730532187887E-02   4   0 0  0 0  0 3  0 1
   322  0.8564478565518207E-02   4   0 0  0 0  0 2  1 1
   323  0.8570996708781873E-02   4   0 0  0 0  0 1  2 1
   324  0.9834891399385272E-02   4   0 0  0 0  0 0  3 1
   325  -.8196917924829277E-02   4   0 0  0 0  0 2  0 2
   326  -.5953961911780707E-02   4   0 0  0 0  0 1  1 2
   327  -.8159601917484223E-02   4   0 0  0 0  0 0  2 2
   328  -.7293978095154229E-05   4   0 0  0 0  0 1  0 3
   329  -.7269619351366463E-05   4   0 0  0 0  0 0  1 3
   330  0.1947690509633029E-02   4   0 0  0 0  0 0  0 4
   ----------------------------------------------------
     I  COEFFICIENT            ORDER EXPONENTS
     1  -.3261850737428477E-03   0   0 0  0 0  0 0  0 0
     2  -.2390924231980421E-04   1   1 0  0 0  0 0  0 0
     3  0.5248848415196994E-04   1   0 1  0 0  0 0  0 0
     4  0.9620278923201191       1   0 0  1 0  0 0  0 0
     5  0.4917928050529096       1   0 0  0 1  0 0  0 0
     6  -.1541865165576253E-05   1   0 0  0 0  0 1  0 0
     7  -.1536716000324444E-05   1   0 0  0 0  0 0  1 0
     8  0.3078581165973463E-05   1   0 0  0 0  0 0  0 1
     9  -.7733214113659647E-05   2   2 0  0 0  0 0  0 0
    10  0.1648464021665935E-04   2   1 1  0 0  0 0  0 0
    11  0.6538825961560591E-05   2   0 2  0 0  0 0  0 0
    12  -.3637852378985100E-01   2   1 0  1 0  0 0  0 0
    13  -.4072502294950774       2   0 1  1 0  0 0  0 0
    14  0.8654743048956646E-03   2   0 0  2 0  0 0  0 0
    15  0.3824706642628381       2   1 0  0 1  0 0  0 0
    16  0.9234346223857806E-01   2   0 1  0 1  0 0  0 0
    17  0.1522349807387841E-03   2   0 0  1 1  0 0  0 0
    18  0.3894985564912380E-04   2   0 0  0 2  0 0  0 0
    19  -.5761386643543316E-05   2   1 0  0 0  0 1  0 0
    20  -.6110975655350237E-04   2   0 1  0 0  0 1  0 0
    21  0.1443586986142496E-01   2   0 0  1 0  0 1  0 0
    22  -.2408642700612660       2   0 0  0 1  0 1  0 0
    23  -.5742146094778467E-05   2   1 0  0 0  0 0  1 0
    24  -.6090567629926482E-04   2   0 1  0 0  0 0  1 0
    25  0.1438766027661207E-01   2   0 0  1 0  0 0  1 0
    26  -.2400598871894768       2   0 0  0 1  0 0  1 0
    27  0.1150353490580205E-04   2   1 0  0 0  0 0  0 1
    28  0.6952695214889437E-04   2   0 1  0 0  0 0  0 1
    29  -.2882353013602967E-01   2   0 0  1 0  0 0  0 1
    30  -.1086864780620988E-01   2   0 0  0 1  0 0  0 1
    31  0.4337644322739764E-06   2   0 0  0 0  0 2  0 0
    32  -.6669450109271948E-06   2   0 0  0 0  0 1  1 0
    33  0.4334295005515150E-06   2   0 0  0 0  0 0  2 0
    34  0.1341272700623369E-05   2   0 0  0 0  0 1  0 1
    35  0.1336793427767726E-05   2   0 0  0 0  0 0  1 1
    36  -.2878315260576334E-05   2   0 0  0 0  0 0  0 2
    37  0.2205083814752561E-04   3   3 0  0 0  0 0  0 0
    38  0.5715938656684137E-04   3   2 1  0 0  0 0  0 0
    39  0.6233012118905678E-04   3   1 2  0 0  0 0  0 0
    40  0.7546737096401795E-04   3   0 3  0 0  0 0  0 0
    41  0.4448688945145182E-01   3   2 0  1 0  0 0  0 0
    42  -.8987208101148443E-01   3   1 1  1 0  0 0  0 0
    43  -.6359227333069215E-01   3   0 2  1 0  0 0  0 0
    44  0.8265854916369691E-03   3   1 0  2 0  0 0  0 0
    45  0.3124765927636804E-03   3   0 1  2 0  0 0  0 0
    46  -1.908302832177258       3   0 0  3 0  0 0  0 0
    47  0.1936904599447825E-01   3   2 0  0 1  0 0  0 0
    48  0.6566415270574487E-01   3   1 1  0 1  0 0  0 0
    49  0.2697107225579374       3   0 2  0 1  0 0  0 0
    50  0.3517154558851142E-03   3   1 0  1 1  0 0  0 0
    51  -.1518658182201862E-03   3   0 1  1 1  0 0  0 0
    52  -.4637764979980498       3   0 0  2 1  0 0  0 0
    53  0.2983699183383900E-04   3   1 0  0 2  0 0  0 0
    54  -.5019086770826129E-04   3   0 1  0 2  0 0  0 0
    55  -.2140448543376240       3   0 0  1 2  0 0  0 0
    56  0.2023434441536684       3   0 0  0 3  0 0  0 0
    57  0.1052843495557260E-04   3   2 0  0 0  0 1  0 0
    58  -.9650457865142323E-05   3   1 1  0 0  0 1  0 0
    59  0.2687890584106746E-05   3   0 2  0 0  0 1  0 0
    60  0.3706858818549728E-01   3   1 0  1 0  0 1  0 0
    61  0.4128602470435240       3   0 1  1 0  0 1  0 0
    62  -.8517218311639843E-03   3   0 0  2 0  0 1  0 0
    63  -.1767963972490166       3   1 0  0 1  0 1  0 0
    64  -.3515226017989617E-01   3   0 1  0 1  0 1  0 0
    65  -.2535837271105074E-03   3   0 0  1 1  0 1  0 0
    66  -.8195046047438892E-04   3   0 0  0 2  0 1  0 0
    67  0.1049327451960234E-04   3   2 0  0 0  0 0  1 0
    68  -.9618229494327222E-05   3   1 1  0 0  0 0  1 0
    69  0.2678914187787969E-05   3   0 2  0 0  0 0  1 0
    70  0.3694479507408958E-01   3   1 0  1 0  0 0  1 0
    71  0.4114814717229666       3   0 1  1 0  0 0  1 0
    72  -.8488774472612024E-03   3   0 0  2 0  0 0  1 0
    73  -.1762059734650946       3   1 0  0 1  0 0  1 0
    74  -.3503486677826695E-01   3   0 1  0 1  0 0  1 0
    75  -.2527368667330819E-03   3   0 0  1 1  0 0  1 0
    76  -.8167678124947102E-04   3   0 0  0 2  0 0  1 0
    77  -.2102712995054984E-04   3   2 0  0 0  0 0  0 1
    78  0.2770854662599575E-05   3   1 1  0 0  0 0  0 1
    79  -.1849421193142430E-04   3   0 2  0 0  0 0  0 1
    80  -.7401341184247540E-01   3   1 0  1 0  0 0  0 1
    81  -.4170915349415761       3   0 1  1 0  0 0  0 1
    82  0.1700581561512332E-02   3   0 0  2 0  0 0  0 1
    83  -.2946831130440754E-01   3   1 0  0 1  0 0  0 1
    84  -.1144997464909184       3   0 1  0 1  0 0  0 1
    85  0.3541180865800672E-03   3   0 0  1 1  0 0  0 1
    86  0.8574910651669304E-04   3   0 0  0 2  0 0  0 1
    87  0.6337428310800894E-05   3   1 0  0 0  0 2  0 0
    88  0.6501531528500995E-04   3   0 1  0 0  0 2  0 0
    89  -.7854604994911888E-02   3   0 0  1 0  0 2  0 0
    90  0.1818190754766937       3   0 0  0 1  0 2  0 0
    91  0.6909526273313324E-05   3   1 0  0 0  0 1  1 0
    92  0.6889876669281224E-04   3   0 1  0 0  0 1  1 0
    93  -.1317277522870415E-02   3   0 0  1 0  0 1  1 0
    94  0.1231655449962311       3   0 0  0 1  0 1  1 0
    95  0.6304726610929949E-05   3   1 0  0 0  0 0  2 0
    96  0.6468314605167130E-04   3   0 1  0 0  0 0  2 0
    97  -.7826174429186112E-02   3   0 0  1 0  0 0  2 0
    98  0.1810062181881344       3   0 0  0 1  0 0  2 0
    99  -.1382336928756798E-04   3   1 0  0 0  0 1  0 1
   100  -.7672887123904422E-04   3   0 1  0 0  0 1  0 1
   101  0.2590783228436795E-02   3   0 0  1 0  0 1  0 1
   102  -.5075117436338553E-02   3   0 0  0 1  0 1  0 1
   103  -.1377720519074071E-04   3   1 0  0 0  0 0  1 1
   104  -.7647262987215023E-04   3   0 1  0 0  0 0  1 1
   105  0.2582131128841687E-02   3   0 0  1 0  0 0  1 1
   106  -.5058168731007265E-02   3   0 0  0 1  0 0  1 1
   107  0.8048768589240796E-05   3   1 0  0 0  0 0  0 2
   108  0.7077996857861587E-05   3   0 1  0 0  0 0  0 2
   109  0.1182515792298250E-01   3   0 0  1 0  0 0  0 2
   110  0.1593524615418026E-01   3   0 0  0 1  0 0  0 2
   111  0.2179324266293622E-06   3   0 0  0 0  0 3  0 0
   112  0.1528171891712701E-05   3   0 0  0 0  0 2  1 0
   113  0.1521604793052583E-05   3   0 0  0 0  0 1  2 0
   114  0.2142975339041917E-06   3   0 0  0 0  0 0  3 0
   115  -.3064230774006656E-05   3   0 0  0 0  0 2  0 1
   116  -.4781757937660511E-05   3   0 0  0 0  0 1  1 1
   117  -.3046013058114822E-05   3   0 0  0 0  0 0  2 1
   118  0.4123632175328964E-05   3   0 0  0 0  0 1  0 2
   119  0.4109861020767315E-05   3   0 0  0 0  0 0  1 2
   120  -.8261216143761351E-06   3   0 0  0 0  0 0  0 3
   121  -.2011143530742465E-02   4   4 0  0 0  0 0  0 0
   122  0.4372140010709144E-05   4   3 1  0 0  0 0  0 0
   123  0.1138862340361905E-04   4   2 2  0 0  0 0  0 0
   124  0.1563202653201147E-04   4   1 3  0 0  0 0  0 0
   125  0.1527475555757289E-04   4   0 4  0 0  0 0  0 0
   126  -.1407503484823667       4   3 0  1 0  0 0  0 0
   127  -.2996347602988864       4   2 1  1 0  0 0  0 0
   128  -.3570261158500739       4   1 2  1 0  0 0  0 0
   129  -.4991503494256636       4   0 3  1 0  0 0  0 0
   130  0.6180004667351062E-04   4   2 0  2 0  0 0  0 0
   131  0.1884294698043216E-04   4   1 1  2 0  0 0  0 0
   132  -.9359988798001440E-04   4   0 2  2 0  0 0  0 0
   133  -1.374882004740487       4   1 0  3 0  0 0  0 0
   134  -.6994176062993578       4   0 1  3 0  0 0  0 0
   135  -.4997868608874279E-03   4   0 0  4 0  0 0  0 0
   136  -.1646311041220758E-01   4   3 0  0 1  0 0  0 0
   137  -.1608460222104480       4   2 1  0 1  0 0  0 0
   138  0.5548198498686607E-01   4   1 2  0 1  0 0  0 0
   139  0.4468316990508433E-02   4   0 3  0 1  0 0  0 0
   140  0.2944268768514792E-04   4   2 0  1 1  0 0  0 0
   141  -.4947246749775218E-04   4   1 1  1 1  0 0  0 0
   142  -.1498651104938653E-03   4   0 2  1 1  0 0  0 0
   143  -1.021987116961726       4   1 0  2 1  0 0  0 0
   144  0.4586839685782500       4   0 1  2 1  0 0  0 0
   145  -.3646374429834929E-03   4   0 0  3 1  0 0  0 0
   146  0.1124705654059870E-05   4   2 0  0 2  0 0  0 0
   147  0.8238552581690557E-05   4   1 1  0 2  0 0  0 0
   148  0.6021611981472065E-04   4   0 2  0 2  0 0  0 0
   149  -.1382127179276958       4   1 0  1 2  0 0  0 0
   150  0.2642683330248003       4   0 1  1 2  0 0  0 0
   151  -.3429753675547340E-03   4   0 0  2 2  0 0  0 0
   152  0.1741612094883014       4   1 0  0 3  0 0  0 0
   153  0.1862806198355449       4   0 1  0 3  0 0  0 0
   154  -.1314836712691050E-03   4   0 0  1 3  0 0  0 0
   155  0.4738954865717003E-04   4   0 0  0 4  0 0  0 0
   156  -.6776151330673598E-05   4   3 0  0 0  0 1  0 0
   157  0.7182587704451773E-05   4   2 1  0 0  0 1  0 0
   158  -.1310879376915951E-04   4   1 2  0 0  0 1  0 0
   159  -.8932230532797286E-06   4   0 3  0 0  0 1  0 0
   160  -.6044437089714911E-01   4   2 0  1 0  0 1  0 0
   161  0.1645224497199490E-01   4   1 1  1 0  0 1  0 0
   162  0.1028971591695546E-01   4   0 2  1 0  0 1  0 0
   163  -.8919709713359427E-04   4   1 0  2 0  0 1  0 0
   164  -.9277564777319971E-04   4   0 1  2 0  0 1  0 0
   165   1.876002653914171       4   0 0  3 0  0 1  0 0
   166  -.3890570687659177E-01   4   2 0  0 1  0 1  0 0
   167  -.5380597232004467E-01   4   1 1  0 1  0 1  0 0
   168  -.4182537890903572       4   0 2  0 1  0 1  0 0
   169  -.2738548610684039E-04   4   1 0  1 1  0 1  0 0
   170  -.8576067124408173E-04   4   0 1  1 1  0 1  0 0
   171  0.7839303943328206       4   0 0  2 1  0 1  0 0
   172  -.6961110246162894E-04   4   1 0  0 2  0 1  0 0
   173  -.7027936138133723E-04   4   0 1  0 2  0 1  0 0
   174  0.4749631249988772       4   0 0  1 2  0 1  0 0
   175  -.2525157190820184       4   0 0  0 3  0 1  0 0
   176  -.6753521905123435E-05   4   3 0  0 0  0 0  1 0
   177  0.7158600956549657E-05   4   2 1  0 0  0 0  1 0
   178  -.1306501604664779E-04   4   1 2  0 0  0 0  1 0
   179  -.8902400731782598E-06   4   0 3  0 0  0 0  1 0
   180  -.6024251274428403E-01   4   2 0  1 0  0 0  1 0
   181  0.1639730156318394E-01   4   1 1  1 0  0 0  1 0
   182  0.1025535269970837E-01   4   0 2  1 0  0 0  1 0
   183  -.8889921726486414E-04   4   1 0  2 0  0 0  1 0
   184  -.9246581708735759E-04   4   0 1  2 0  0 0  1 0
   185   1.869737613433669       4   0 0  3 0  0 0  1 0
   186  -.3877577858038398E-01   4   2 0  0 1  0 0  1 0
   187  -.5362628355789163E-01   4   1 1  0 1  0 0  1 0
   188  -.4168570016634809       4   0 2  0 1  0 0  1 0
   189  -.2729403038385427E-04   4   1 0  1 1  0 0  1 0
   190  -.8547426755704107E-04   4   0 1  1 1  0 0  1 0
   191  0.7813124046172153       4   0 0  2 1  0 0  1 0
   192  -.6937863137535173E-04   4   1 0  0 2  0 0  1 0
   193  -.7004465859822597E-04   4   0 1  0 2  0 0  1 0
   194  0.4733769528265450       4   0 0  1 2  0 0  1 0
   195  -.2516724253911961       4   0 0  0 3  0 0  1 0
   196  0.6822811236155720E-05   4   3 0  0 0  0 0  0 1
   197  -.2755514691663685E-05   4   2 1  0 0  0 0  0 1
   198  -.6327712996567262E-05   4   1 2  0 0  0 0  0 1
   199  -.5866192173494342E-05   4   0 3  0 0  0 0  0 1
   200  0.1207111171250368       4   2 0  1 0  0 0  0 1
   201  0.5712798368132242E-01   4   1 1  1 0  0 0  0 1
   202  0.1069794703649969       4   0 2  1 0  0 0  0 1
   203  0.2565796969928697E-03   4   1 0  2 0  0 0  0 1
   204  0.1106240909422027E-03   4   0 1  2 0  0 0  0 1
   205  -3.745686575067227       4   0 0  3 0  0 0  0 1
   206  0.5833623938010105E-01   4   2 0  0 1  0 0  0 1
   207  -.2392610072261617E-01   4   1 1  0 1  0 0  0 1
   208  0.2597575958157517E-01   4   0 2  0 1  0 0  0 1
   209  0.4586892977366055E-04   4   1 0  1 1  0 0  0 1
   210  0.8339142034151464E-04   4   0 1  1 1  0 0  0 1
   211  -1.101543924964373       4   0 0  2 1  0 0  0 1
   212  -.4718683540537390E-06   4   1 0  0 2  0 0  0 1
   213  0.2690360066087963E-05   4   0 1  0 2  0 0  0 1
   214  -.5203132207107386       4   0 0  1 2  0 0  0 1
   215  -.1028957470312505       4   0 0  0 3  0 0  0 1
   216  0.2415328768633516E-05   4   2 0  0 0  0 2  0 0
   217  0.1223333521621799E-04   4   1 1  0 0  0 2  0 0
   218  0.3627447681145298E-04   4   0 2  0 0  0 2  0 0
   219  -.4110658118901816E-01   4   1 0  1 0  0 2  0 0
   220  -.4237000631313138       4   0 1  1 0  0 2  0 0
   221  -.5487746233482548E-04   4   0 0  2 0  0 2  0 0
   222  0.1234228999039425       4   1 0  0 1  0 2  0 0
   223  -.1130633382591595E-01   4   0 1  0 1  0 2  0 0
   224  -.8375670547134656E-04   4   0 0  1 1  0 2  0 0
   225  0.7573214628132691E-04   4   0 0  0 2  0 2  0 0
   226  0.3478027261448178E-05   4   2 0  0 0  0 1  1 0
   227  0.1310390926784129E-04   4   1 1  0 0  0 1  1 0
   228  0.4456709113526248E-04   4   0 2  0 0  0 1  1 0
   229  -.4511513266464522E-01   4   1 0  1 0  0 1  1 0
   230  -.4344614418984462       4   0 1  1 0  0 1  1 0
   231  -.7382964314869852E-04   4   0 0  2 0  0 1  1 0
   232  0.7040035754825313E-01   4   1 0  0 1  0 1  1 0
   233  -.5751845589514679E-01   4   0 1  0 1  0 1  1 0
   234  -.1174402229044321E-03   4   0 0  1 1  0 1  1 0
   235  0.8111212649298146E-04   4   0 0  0 2  0 1  1 0
   236  0.2401455055274792E-05   4   2 0  0 0  0 0  2 0
   237  0.1217060044278590E-04   4   1 1  0 0  0 0  2 0
   238  0.3607891824979661E-04   4   0 2  0 0  0 0  2 0
   239  -.4089397036965423E-01   4   1 0  1 0  0 0  2 0
   240  -.4215596304943525       4   0 1  1 0  0 0  2 0
   241  -.5457091566065254E-04   4   0 0  2 0  0 0  2 0
   242  0.1228931671730286       4   1 0  0 1  0 0  2 0
   243  -.1117253211414279E-01   4   0 1  0 1  0 0  2 0
   244  -.8328089429713643E-04   4   0 0  1 1  0 0  2 0
   245  0.7534379377096585E-04   4   0 0  0 2  0 0  2 0
   246  -.3979023695069186E-05   4   2 0  0 0  0 1  0 1
   247  -.1073844397832719E-04   4   1 1  0 0  0 1  0 1
   248  -.1247131577234807E-05   4   0 2  0 0  0 1  0 1
   249  0.9025635728605153E-01   4   1 0  1 0  0 1  0 1
   250  0.4561366117322993       4   0 1  1 0  0 1  0 1
   251  0.8757850901151661E-04   4   0 0  2 0  0 1  0 1
   252  0.3635794271916033E-01   4   1 0  0 1  0 1  0 1
   253  0.1858437583206941       4   0 1  0 1  0 1  0 1
   254  0.1123407225824448E-03   4   0 0  1 1  0 1  0 1
   255  0.3656505806177171E-04   4   0 0  0 2  0 1  0 1
   256  -.3965735470518723E-05   4   2 0  0 0  0 0  1 1
   257  -.1070258220271538E-04   4   1 1  0 0  0 0  1 1
   258  -.1242966695165166E-05   4   0 2  0 0  0 0  1 1
   259  0.8995493994485543E-01   4   1 0  1 0  0 0  1 1
   260  0.4546133120017903       4   0 1  1 0  0 0  1 1
   261  0.8728603452965263E-04   4   0 0  2 0  0 0  1 1
   262  0.3623652285738770E-01   4   1 0  0 1  0 0  1 1
   263  0.1852231202493681       4   0 1  0 1  0 0  1 1
   264  0.1119655529774769E-03   4   0 0  1 1  0 0  1 1
   265  0.3644294652400235E-04   4   0 0  0 2  0 0  1 1
   266  0.1135066850673188E-05   4   2 0  0 0  0 0  0 2
   267  0.2317947756455688E-05   4   1 1  0 0  0 0  0 2
   268  0.1407757962886060E-05   4   0 2  0 0  0 0  0 2
   269  -.5310252171098016E-01   4   1 0  1 0  0 0  0 2
   270  -.3830769291436790E-01   4   0 1  1 0  0 0  0 2
   271  -.2719494412734858E-04   4   0 0  2 0  0 0  0 2
   272  -.6825353532558046E-02   4   1 0  0 1  0 0  0 2
   273  -.1379206852487893E-01   4   0 1  0 1  0 0  0 2
   274  -.2253863180206264E-04   4   0 0  1 1  0 0  0 2
   275  -.2998588501452880E-05   4   0 0  0 2  0 0  0 2
   276  -.7624076093516270E-05   4   1 0  0 0  0 3  0 0
   277  -.3186764578414878E-07   4   0 1  0 0  0 3  0 0
   278  0.4090870072506003E-02   4   0 0  1 0  0 3  0 0
   279  -.1545998900519047       4   0 0  0 1  0 3  0 0
   280  -.3324619579275941E-05   4   1 0  0 0  0 2  1 0
   281  0.3617218220563368E-05   4   0 1  0 0  0 2  1 0
   282  -.3484910403762770E-02   4   0 0  1 0  0 2  1 0
   283  -.1002417940395199       4   0 0  0 1  0 2  1 0
   284  -.3346029533711624E-05   4   1 0  0 0  0 1  2 0
   285  0.3598939192117028E-05   4   0 1  0 0  0 1  2 0
   286  -.3447029076770661E-02   4   0 0  1 0  0 1  2 0
   287  -.1005115066512486       4   0 0  0 1  0 1  2 0
   288  -.7580351683157689E-05   4   1 0  0 0  0 0  3 0
   289  -.3772781424127375E-07   4   0 1  0 0  0 0  3 0
   290  0.4076177150224637E-02   4   0 0  1 0  0 0  3 0
   291  -.1536586241950167       4   0 0  0 1  0 0  3 0
   292  -.2839177784541446E-05   4   1 0  0 0  0 2  0 1
   293  -.8251240132704295E-05   4   0 1  0 0  0 2  0 1
   294  0.7018574680912154E-02   4   0 0  1 0  0 2  0 1
   295  0.1859032133369645E-01   4   0 0  0 1  0 2  0 1
   296  -.3446421423706362E-05   4   1 0  0 0  0 1  1 1
   297  -.1188807134963112E-04   4   0 1  0 0  0 1  1 1
   298  0.1659794809167325E-01   4   0 0  1 0  0 1  1 1
   299  0.3202912549718895E-01   4   0 0  0 1  0 1  1 1
   300  -.2823941372952837E-05   4   1 0  0 0  0 0  2 1
   301  -.8203834028294116E-05   4   0 1  0 0  0 0  2 1
   302  0.6967420668611160E-02   4   0 0  1 0  0 0  2 1
   303  0.1847475593236494E-01   4   0 0  0 1  0 0  2 1
   304  0.9401870320356397E-06   4   1 0  0 0  0 1  0 2
   305  0.1777767514086469E-06   4   0 1  0 0  0 1  0 2
   306  -.1796026055743919E-01   4   0 0  1 0  0 1  0 2
   307  -.2702038630699065E-01   4   0 0  0 1  0 1  0 2
   308  0.9370472124822645E-06   4   1 0  0 0  0 0  1 2
   309  0.1771830536642749E-06   4   0 1  0 0  0 0  1 2
   310  -.1790028102638795E-01   4   0 0  1 0  0 0  1 2
   311  -.2693014986001187E-01   4   0 0  0 1  0 0  1 2
   312  -.2662202210039709E-06   4   1 0  0 0  0 0  0 3
   313  -.1553023661336808E-06   4   0 1  0 0  0 0  0 3
   314  0.4072769165404212E-02   4   0 0  1 0  0 0  0 3
   315  0.2049630895024744E-02   4   0 0  0 1  0 0  0 3
   316  0.9787261040631244E-05   4   0 0  0 0  0 4  0 0
   317  0.5987265808772076E-05   4   0 0  0 0  0 3  1 0
   318  0.5643849536669299E-05   4   0 0  0 0  0 2  2 0
   319  0.6013541668043983E-05   4   0 0  0 0  0 1  3 0
   320  0.9711997038430245E-05   4   0 0  0 0  0 0  4 0
   321  -.1020947035226631E-06   4   0 0  0 0  0 3  0 1
   322  -.1508722623930560E-05   4   0 0  0 0  0 2  1 1
   323  -.1501674619288324E-05   4   0 0  0 0  0 1  2 1
   324  -.9907244840910335E-07   4   0 0  0 0  0 0  3 1
   325  0.1101857555137737E-05   4   0 0  0 0  0 2  0 2
   326  0.1609716142894650E-05   4   0 0  0 0  0 1  1 2
   327  0.1095489946562968E-05   4   0 0  0 0  0 0  2 2
   328  0.1071884020007517E-07   4   0 0  0 0  0 1  0 3
   329  0.1068304389263525E-07   4   0 0  0 0  0 0  1 3
   330  0.8114152425315454E-08   4   0 0  0 0  0 0  0 4
   ----------------------------------------------------
     I  COEFFICIENT            ORDER EXPONENTS
     1  0.2526868896691633E-04   0   0 0  0 0  0 0  0 0
     2  -.4524940316854558E-04   1   1 0  0 0  0 0  0 0
     3  -.5951148373960455E-04   1   0 1  0 0  0 0  0 0
     4  -.1519396862886549       1   0 0  1 0  0 0  0 0
     5  0.9617986745185371       1   0 0  0 1  0 0  0 0
     6  -.2499702737193582E-04   1   0 0  0 0  0 1  0 0
     7  -.2491354807191960E-04   1   0 0  0 0  0 0  1 0
     8  0.7517926441132371E-04   1   0 0  0 0  0 0  0 1
     9  0.1625671847223721E-04   2   2 0  0 0  0 0  0 0
    10  0.2292960062277258E-04   2   1 1  0 0  0 0  0 0
    11  0.9882714707579564E-04   2   0 2  0 0  0 0  0 0
    12  0.2550712093263679       2   1 0  1 0  0 0  0 0
    13  0.1583218776298258       2   0 1  1 0  0 0  0 0
    14  0.3538308496233572E-02   2   0 0  2 0  0 0  0 0
    15  0.1063571338958625       2   1 0  0 1  0 0  0 0
    16  0.4735035901659131       2   0 1  0 1  0 0  0 0
    17  0.1897772910074470E-02   2   0 0  1 1  0 0  0 0
    18  0.4212673571608717E-03   2   0 0  0 2  0 0  0 0
    19  -.1311115515554833E-04   2   1 0  0 0  0 1  0 0
    20  0.3176413688032096E-04   2   0 1  0 0  0 1  0 0
    21  0.1544153344355977       2   0 0  1 0  0 1  0 0
    22  0.1025467087578340       2   0 0  0 1  0 1  0 0
    23  -.1306736954702361E-04   2   1 0  0 0  0 0  1 0
    24  0.3165805835054482E-04   2   0 1  0 0  0 0  1 0
    25  0.1538996537573052       2   0 0  1 0  0 0  1 0
    26  0.1022042469387265       2   0 0  0 1  0 0  1 0
    27  -.1907087562403657E-04   2   1 0  0 0  0 0  0 1
    28  -.6342220832134969E-04   2   0 1  0 0  0 0  0 1
    29  -.4602546744902832       2   0 0  1 0  0 0  0 1
    30  -.2047509557075993       2   0 0  0 1  0 0  0 1
    31  0.1967428423797438E-04   2   0 0  0 0  0 2  0 0
    32  0.1438683718474631E-04   2   0 0  0 0  0 1  1 0
    33  0.1958455768802445E-04   2   0 0  0 0  0 0  2 0
    34  -.5373542393022780E-04   2   0 0  0 0  0 1  0 1
    35  -.5355597076929686E-04   2   0 0  0 0  0 0  1 1
    36  0.5364571237324007E-04   2   0 0  0 0  0 0  0 2
    37  0.1094845662414741E-04   3   3 0  0 0  0 0  0 0
    38  -.8333461656016702E-05   3   2 1  0 0  0 0  0 0
    39  -.2998528226277283E-04   3   1 2  0 0  0 0  0 0
    40  -.6724803935831944E-04   3   0 3  0 0  0 0  0 0
    41  -.1639093239900795       3   2 0  1 0  0 0  0 0
    42  -.2157808459143592       3   1 1  1 0  0 0  0 0
    43  -.7030987051948092       3   0 2  1 0  0 0  0 0
    44  0.6921204965812409E-03   3   1 0  2 0  0 0  0 0
    45  -.1349571869694770E-02   3   0 1  2 0  0 0  0 0
    46  -7.102405649746107       3   0 0  3 0  0 0  0 0
    47  -.2589672173703262E-01   3   2 0  0 1  0 0  0 0
    48  0.1195280280071546       3   1 1  0 1  0 0  0 0
    49  -.1228043000495977       3   0 2  0 1  0 0  0 0
    50  0.1713921379277321E-02   3   1 0  1 1  0 0  0 0
    51  -.1372471870971999E-02   3   0 1  1 1  0 0  0 0
    52  -5.197538047593325       3   0 0  2 1  0 0  0 0
    53  0.6540888730281273E-03   3   1 0  0 2  0 0  0 0
    54  -.8052417579639817E-04   3   0 1  0 2  0 0  0 0
    55  -2.192320357368832       3   0 0  1 2  0 0  0 0
    56  -.3935472369254961       3   0 0  0 3  0 0  0 0
    57  -.1833284136802486E-04   3   2 0  0 0  0 1  0 0
    58  -.4541474414040478E-04   3   1 1  0 0  0 1  0 0
    59  -.1899003404151812E-03   3   0 2  0 0  0 1  0 0
    60  0.4384063967263910E-01   3   1 0  1 0  0 1  0 0
    61  -.1984843963121364       3   0 1  1 0  0 1  0 0
    62  -.1655181429314407E-02   3   0 0  2 0  0 1  0 0
    63  0.1308385900866145E-01   3   1 0  0 1  0 1  0 0
    64  -.4971880066187782       3   0 1  0 1  0 1  0 0
    65  -.1937651023707705E-02   3   0 0  1 1  0 1  0 0
    66  -.6206933639588127E-03   3   0 0  0 2  0 1  0 0
    67  -.1827161757761412E-04   3   2 0  0 0  0 0  1 0
    68  -.4526307846452873E-04   3   1 1  0 0  0 0  1 0
    69  -.1892661551076714E-03   3   0 2  0 0  0 0  1 0
    70  0.4369423082739200E-01   3   1 0  1 0  0 0  1 0
    71  -.1978215439568644       3   0 1  1 0  0 0  1 0
    72  -.1649653836570547E-02   3   0 0  2 0  0 0  1 0
    73  0.1304016455750511E-01   3   1 0  0 1  0 0  1 0
    74  -.4955276129187018       3   0 1  0 1  0 0  1 0
    75  -.1931180104236832E-02   3   0 0  1 1  0 0  1 0
    76  -.6186205155846058E-03   3   0 0  0 2  0 0  1 0
    77  0.5286531951864558E-04   3   2 0  0 0  0 0  0 1
    78  0.9069510764992120E-04   3   1 1  0 0  0 0  0 1
    79  0.2804009557547555E-03   3   0 2  0 0  0 0  0 1
    80  0.1675363185784499       3   1 0  1 0  0 0  0 1
    81  0.3963060610913532       3   0 1  1 0  0 0  0 1
    82  0.6843169490063947E-02   3   0 0  2 0  0 0  0 1
    83  -.2612411318563014E-01   3   1 0  0 1  0 0  0 1
    84  0.5192121874408892       3   0 1  0 1  0 0  0 1
    85  0.3868950814155450E-02   3   0 0  1 1  0 0  0 1
    86  0.8180644727788135E-03   3   0 0  0 2  0 0  0 1
    87  0.6962149895945041E-05   3   1 0  0 0  0 2  0 0
    88  -.4904761707363816E-04   3   0 1  0 0  0 2  0 0
    89  -.1173072565527068       3   0 0  1 0  0 2  0 0
    90  -.1210309114377725       3   0 0  0 1  0 2  0 0
    91  0.8507227218210101E-06   3   1 0  0 0  0 1  1 0
    92  -.6624828139708456E-04   3   0 1  0 0  0 1  1 0
    93  -.8044566340161807E-01   3   0 0  1 0  0 1  1 0
    94  -.1393907152061230       3   0 0  0 1  0 1  1 0
    95  0.6937478791726027E-05   3   1 0  0 0  0 0  2 0
    96  -.4877319881105175E-04   3   0 1  0 0  0 0  2 0
    97  -.1167811739388333       3   0 0  1 0  0 0  2 0
    98  -.1203939678845516       3   0 0  0 1  0 0  2 0
    99  -.1477104643520914E-04   3   1 0  0 0  0 1  0 1
   100  0.1326518141350443E-03   3   0 1  0 0  0 1  0 1
   101  0.3150603493273381       3   0 0  1 0  0 1  0 1
   102  0.2789061400932223       3   0 0  0 1  0 1  0 1
   103  -.1472171750506987E-04   3   1 0  0 0  0 0  1 1
   104  0.1322088142364920E-03   3   0 1  0 0  0 0  1 1
   105  0.3140081835224456       3   0 0  1 0  0 0  1 1
   106  0.2779747137680524       3   0 0  0 1  0 0  1 1
   107  0.1474170968392655E-04   3   1 0  0 0  0 0  0 2
   108  -.1007712590924610E-03   3   0 1  0 0  0 0  0 2
   109  -.3145344218917566       3   0 0  1 0  0 0  0 2
   110  -.1760651867166578       3   0 0  0 1  0 0  0 2
   111  -.1740990263468594E-04   3   0 0  0 0  0 3  0 0
   112  -.1289959988200136E-04   3   0 0  0 0  0 2  1 0
   113  -.1292190233180645E-04   3   0 0  0 0  0 1  2 0
   114  -.1730122298007632E-04   3   0 0  0 0  0 0  3 0
   115  0.4547180904807432E-04   3   0 0  0 0  0 2  0 1
   116  0.3727638223733715E-04   3   0 0  0 0  0 1  1 1
   117  0.4525770927298314E-04   3   0 0  0 0  0 0  2 1
   118  -.3725815807107076E-04   3   0 0  0 0  0 1  0 2
   119  -.3713373187793233E-04   3   0 0  0 0  0 0  1 2
   120  0.6921405808200828E-05   3   0 0  0 0  0 0  0 3
   121  0.1838722098144431E-02   4   4 0  0 0  0 0  0 0
   122  0.1085147150172053E-02   4   3 1  0 0  0 0  0 0
   123  0.7303199516234047E-03   4   2 2  0 0  0 0  0 0
   124  0.2151493794859937E-03   4   1 3  0 0  0 0  0 0
   125  0.7532985968353842E-06   4   0 4  0 0  0 0  0 0
   126  0.4964653058414534E-01   4   3 0  1 0  0 0  0 0
   127  0.2040550098221667       4   2 1  1 0  0 0  0 0
   128  0.2974403223349137       4   1 2  1 0  0 0  0 0
   129  0.3974236447312752       4   0 3  1 0  0 0  0 0
   130  -.4177135084226462E-05   4   2 0  2 0  0 0  0 0
   131  -.3667532804813312E-04   4   1 1  2 0  0 0  0 0
   132  -.2488978217605945E-03   4   0 2  2 0  0 0  0 0
   133  0.6898418812109583E-01   4   1 0  3 0  0 0  0 0
   134   2.468820440659979       4   0 1  3 0  0 0  0 0
   135  -.1006987521510115E-03   4   0 0  4 0  0 0  0 0
   136  0.1027778172889270       4   3 0  0 1  0 0  0 0
   137  0.3300147876901977       4   2 1  0 1  0 0  0 0
   138  0.3796373156512791       4   1 2  0 1  0 0  0 0
   139  0.6578076076808290       4   0 3  0 1  0 0  0 0
   140  0.1695830141425401E-03   4   2 0  1 1  0 0  0 0
   141  -.1231113297817101E-04   4   1 1  1 1  0 0  0 0
   142  -.5314691125100831E-04   4   0 2  1 1  0 0  0 0
   143  -3.674384085831106       4   1 0  2 1  0 0  0 0
   144   4.326135028607399       4   0 1  2 1  0 0  0 0
   145  0.2092614317194608E-02   4   0 0  3 1  0 0  0 0
   146  0.6062848208313526E-04   4   2 0  0 2  0 0  0 0
   147  0.3363276581479311E-04   4   1 1  0 2  0 0  0 0
   148  0.4411274935607409E-06   4   0 2  0 2  0 0  0 0
   149  -2.970472285598756       4   1 0  1 2  0 0  0 0
   150  0.7975347366443476       4   0 1  1 2  0 0  0 0
   151  0.9921118087960325E-03   4   0 0  2 2  0 0  0 0
   152  -.7529512802465722       4   1 0  0 3  0 0  0 0
   153  -.1045335774320313       4   0 1  0 3  0 0  0 0
   154  0.1740363952809520E-03   4   0 0  1 3  0 0  0 0
   155  -.1848232564683484E-04   4   0 0  0 4  0 0  0 0
   156  0.1021009139354696E-03   4   3 0  0 0  0 1  0 0
   157  0.9696874788340756E-04   4   2 1  0 0  0 1  0 0
   158  -.4210229957189132E-05   4   1 2  0 0  0 1  0 0
   159  -.8762918332324321E-04   4   0 3  0 0  0 1  0 0
   160  0.1005483940869492       4   2 0  1 0  0 1  0 0
   161  0.3116953933154163       4   1 1  1 0  0 1  0 0
   162   1.236182486535329       4   0 2  1 0  0 1  0 0
   163  -.6068927325226351E-04   4   1 0  2 0  0 1  0 0
   164  -.2548481507266021E-03   4   0 1  2 0  0 1  0 0
   165   3.285252758531604       4   0 0  3 0  0 1  0 0
   166  0.1247350574579123       4   2 0  0 1  0 1  0 0
   167  0.3353536633004418E-01   4   1 1  0 1  0 1  0 0
   168  0.4771828411171907       4   0 2  0 1  0 1  0 0
   169  0.2441718420249561E-04   4   1 0  1 1  0 1  0 0
   170  -.9120437422565660E-04   4   0 1  1 1  0 1  0 0
   171   5.313502555377745       4   0 0  2 1  0 1  0 0
   172  0.2054380734561631E-04   4   1 0  0 2  0 1  0 0
   173  -.6096401267551400E-05   4   0 1  0 2  0 1  0 0
   174   3.259821268320953       4   0 0  1 2  0 1  0 0
   175  0.7600588656716566       4   0 0  0 3  0 1  0 0
   176  0.1017599408789727E-03   4   3 0  0 0  0 0  1 0
   177  0.9664491405003598E-04   4   2 1  0 0  0 0  1 0
   178  -.4196169603351534E-05   4   1 2  0 0  0 0  1 0
   179  -.8733653961101392E-04   4   0 3  0 0  0 0  1 0
   180  0.1002126057777542       4   2 0  1 0  0 0  1 0
   181  0.3106544650136186       4   1 1  1 0  0 0  1 0
   182   1.232054169710580       4   0 2  1 0  0 0  1 0
   183  -.6048659723106223E-04   4   1 0  2 0  0 0  1 0
   184  -.2539970677191479E-03   4   0 1  2 0  0 0  1 0
   185   3.274281429958084       4   0 0  3 0  0 0  1 0
   186  0.1243184961152715       4   2 0  0 1  0 0  1 0
   187  0.3342337265714253E-01   4   1 1  0 1  0 0  1 0
   188  0.4755892560495131       4   0 2  0 1  0 0  1 0
   189  0.2433564132880717E-04   4   1 0  1 1  0 0  1 0
   190  -.9089979091639044E-04   4   0 1  1 1  0 0  1 0
   191   5.295757746470738       4   0 0  2 1  0 0  1 0
   192  0.2047519988156142E-04   4   1 0  0 2  0 0  1 0
   193  -.6076041914302104E-05   4   0 1  0 2  0 0  1 0
   194   3.248934869966157       4   0 0  1 2  0 0  1 0
   195  0.7575205965753546       4   0 0  0 3  0 0  1 0
   196  -.2047418676027619E-03   4   3 0  0 0  0 0  0 1
   197  -.2507318382827679E-03   4   2 1  0 0  0 0  0 1
   198  -.7933052737932520E-04   4   1 2  0 0  0 0  0 1
   199  0.3847934183412541E-04   4   0 3  0 0  0 0  0 1
   200  -.3646713714693907       4   2 0  1 0  0 0  0 1
   201  -.6223955423406226       4   1 1  1 0  0 0  0 1
   202  -1.765318992100588       4   0 2  1 0  0 0  0 1
   203  0.8437184663321269E-03   4   1 0  2 0  0 0  0 1
   204  0.1766342944208567E-03   4   0 1  2 0  0 0  0 1
   205  -13.66194033148037       4   0 0  3 0  0 0  0 1
   206  -.2490803394983757       4   2 0  0 1  0 0  0 1
   207  -.1865987636171513       4   1 1  0 1  0 0  0 1
   208  -.7076128602442334       4   0 2  0 1  0 0  0 1
   209  0.4075998445478199E-03   4   1 0  1 1  0 0  0 1
   210  0.3768628786370061E-04   4   0 1  1 1  0 0  0 1
   211  -10.60959253083166       4   0 0  2 1  0 0  0 1
   212  0.8867707321198329E-04   4   1 0  0 2  0 0  0 1
   213  0.1094908386301391E-04   4   0 1  0 2  0 0  0 1
   214  -4.316579102111521       4   0 0  1 2  0 0  0 1
   215  -.7304714549490606       4   0 0  0 3  0 0  0 1
   216  -.2708786534666301E-05   4   2 0  0 0  0 2  0 0
   217  -.5633835780931456E-05   4   1 1  0 0  0 2  0 0
   218  -.5098421694429687E-04   4   0 2  0 0  0 2  0 0
   219  -.1627580118173601E-01   4   1 0  1 0  0 2  0 0
   220  0.3032508212234669       4   0 1  1 0  0 2  0 0
   221  -.2570281497549264E-03   4   0 0  2 0  0 2  0 0
   222  -.3234752579537376E-01   4   1 0  0 1  0 2  0 0
   223  0.5592248290720213       4   0 1  0 1  0 2  0 0
   224  -.2451358208523033E-03   4   0 0  1 1  0 2  0 0
   225  -.8402587017475348E-04   4   0 0  0 2  0 2  0 0
   226  0.5882259616732857E-06   4   2 0  0 0  0 1  1 0
   227  -.8271386984704533E-05   4   1 1  0 0  0 1  1 0
   228  -.7334061854502888E-04   4   0 2  0 0  0 1  1 0
   229  0.1112772158931807E-01   4   1 0  1 0  0 1  1 0
   230  0.4075016868361411       4   0 1  1 0  0 1  1 0
   231  -.3119747110992769E-03   4   0 0  2 0  0 1  1 0
   232  -.5148159967605774E-01   4   1 0  0 1  0 1  1 0
   233  0.6209143225253235       4   0 1  0 1  0 1  1 0
   234  -.3642292020898780E-03   4   0 0  1 1  0 1  1 0
   235  -.1340996478472579E-03   4   0 0  0 2  0 1  1 0
   236  -.2700722565565864E-05   4   2 0  0 0  0 0  2 0
   237  -.5601209762921828E-05   4   1 1  0 0  0 0  2 0
   238  -.5069148859765891E-04   4   0 2  0 0  0 0  2 0
   239  -.1624002791669828E-01   4   1 0  1 0  0 0  2 0
   240  0.3015576541343734       4   0 1  1 0  0 0  2 0
   241  -.2556488559386163E-03   4   0 0  2 0  0 0  2 0
   242  -.3215353581845209E-01   4   1 0  0 1  0 0  2 0
   243  0.5563204659767768       4   0 1  0 1  0 0  2 0
   244  -.2437089885484912E-03   4   0 0  1 1  0 0  2 0
   245  -.8352134245611045E-04   4   0 0  0 2  0 0  2 0
   246  -.7915086392994802E-05   4   2 0  0 0  0 1  0 1
   247  0.1086868746993001E-04   4   1 1  0 0  0 1  0 1
   248  0.8097809656054107E-04   4   0 2  0 0  0 1  0 1
   249  0.2139994294564071E-01   4   1 0  1 0  0 1  0 1
   250  -.8158963825373479       4   0 1  1 0  0 1  0 1
   251  0.4180036190291760E-03   4   0 0  2 0  0 1  0 1
   252  0.1030893828536590       4   1 0  0 1  0 1  0 1
   253  -.7452073340854034       4   0 1  0 1  0 1  0 1
   254  0.2286570689108240E-03   4   0 0  1 1  0 1  0 1
   255  0.5981738910163506E-04   4   0 0  0 2  0 1  0 1
   256  -.7888653415112205E-05   4   2 0  0 0  0 0  1 1
   257  0.1083239073717909E-04   4   1 1  0 0  0 0  1 1
   258  0.8070766461209612E-04   4   0 2  0 0  0 0  1 1
   259  0.2132847635759747E-01   4   1 0  1 0  0 0  1 1
   260  -.8131716401955260       4   0 1  1 0  0 0  1 1
   261  0.4166076670625031E-03   4   0 0  2 0  0 0  1 1
   262  0.1027451087369138       4   1 0  0 1  0 0  1 1
   263  -.7427186627049711       4   0 1  0 1  0 0  1 1
   264  0.2278934528307026E-03   4   0 0  1 1  0 0  1 1
   265  0.5961762479779590E-04   4   0 0  0 2  0 0  1 1
   266  0.2062696944528945E-04   4   2 0  0 0  0 0  0 2
   267  0.6994432814010980E-05   4   1 1  0 0  0 0  0 2
   268  -.1945920949342189E-04   4   0 2  0 0  0 0  0 2
   269  -.2134032756285062E-01   4   1 0  1 0  0 0  0 2
   270  0.6166499018217346       4   0 1  1 0  0 0  0 2
   271  -.9934056438119747E-05   4   0 0  2 0  0 0  0 2
   272  -.8984264904787284E-01   4   1 0  0 1  0 0  0 2
   273  0.2249125149059784       4   0 1  0 1  0 0  0 2
   274  0.5983332083775883E-04   4   0 0  1 1  0 0  0 2
   275  0.9195544535969180E-05   4   0 0  0 2  0 0  0 2
   276  -.5750435518795223E-06   4   1 0  0 0  0 3  0 0
   277  -.4253860206353674E-04   4   0 1  0 0  0 3  0 0
   278  0.1023266346902101       4   0 0  1 0  0 3  0 0
   279  0.1338448985319176       4   0 0  0 1  0 3  0 0
   280  0.2440786820767508E-05   4   1 0  0 0  0 2  1 0
   281  -.5061962685638638E-04   4   0 1  0 0  0 2  1 0
   282  0.7243885035488817E-01   4   0 0  1 0  0 2  1 0
   283  0.1594916614220656       4   0 0  0 1  0 2  1 0
   284  0.2425689079867481E-05   4   1 0  0 0  0 1  2 0
   285  -.5057843451364821E-04   4   0 1  0 0  0 1  2 0
   286  0.7258685700538105E-01   4   0 0  1 0  0 1  2 0
   287  0.1593609486146976       4   0 0  0 1  0 1  2 0
   288  -.5762249434851387E-06   4   1 0  0 0  0 0  3 0
   289  -.4224127035732597E-04   4   0 1  0 0  0 0  3 0
   290  0.1016934929682714       4   0 0  1 0  0 0  3 0
   291  0.1329089972665283       4   0 0  0 1  0 0  3 0
   292  -.4691787977659223E-06   4   1 0  0 0  0 2  0 1
   293  0.5827217157711092E-04   4   0 1  0 0  0 2  0 1
   294  -.2621580924224432       4   0 0  1 0  0 2  0 1
   295  -.3190937178660555       4   0 0  0 1  0 2  0 1
   296  -.4618595248330317E-05   4   1 0  0 0  0 1  1 1
   297  0.7191789939925338E-04   4   0 1  0 0  0 1  1 1
   298  -.2096680621535190       4   0 0  1 0  0 1  1 1
   299  -.3590673400220461       4   0 0  0 1  0 1  1 1
   300  -.4598998837830419E-06   4   1 0  0 0  0 0  2 1
   301  0.5795748023694143E-04   4   0 1  0 0  0 0  2 1
   302  -.2609324968696066       4   0 0  1 0  0 0  2 1
   303  -.3174285172528165       4   0 0  0 1  0 0  2 1
   304  0.9810990948803930E-06   4   1 0  0 0  0 1  0 2
   305  -.2096060987326589E-04   4   0 1  0 0  0 1  0 2
   306  0.2095245960652188       4   0 0  1 0  0 1  0 2
   307  0.2198077505333496       4   0 0  0 1  0 1  0 2
   308  0.9778226466664275E-06   4   1 0  0 0  0 0  1 2
   309  -.2089061046837281E-04   4   0 1  0 0  0 0  1 2
   310  0.2088248742000763       4   0 0  1 0  0 0  1 2
   311  0.2190736873633718       4   0 0  0 1  0 0  1 2
   312  -.1271607705475937E-06   4   1 0  0 0  0 0  0 3
   313  0.3325840323506494E-05   4   0 1  0 0  0 0  0 3
   314  -.3463663676488154E-01   4   0 0  1 0  0 0  0 3
   315  -.2893471522663503E-01   4   0 0  0 1  0 0  0 3
   316  -.8772726046439238E-05   4   0 0  0 0  0 4  0 0
   317  -.1135230983719181E-04   4   0 0  0 0  0 3  1 0
   318  -.1202501386837258E-04   4   0 0  0 0  0 2  2 0
   319  -.1133257491488153E-04   4   0 0  0 0  0 1  3 0
   320  -.8695321853979653E-05   4   0 0  0 0  0 0  4 0
   321  0.2034411599861902E-04   4   0 0  0 0  0 3  0 1
   322  0.2587102711172810E-04   4   0 0  0 0  0 2  1 1
   323  0.2584300052103575E-04   4   0 0  0 0  0 1  2 1
   324  0.2019915073089068E-04   4   0 0  0 0  0 0  3 1
   325  -.1362471241085181E-04   4   0 0  0 0  0 2  0 2
   326  -.1680221632835734E-04   4   0 0  0 0  0 1  1 2
   327  -.1355115566122201E-04   4   0 0  0 0  0 0  2 2
   328  0.2100081086648671E-05   4   0 0  0 0  0 1  0 3
   329  0.2093067720759903E-05   4   0 0  0 0  0 0  1 3
   330  -.2916204429353103E-06   4   0 0  0 0  0 0  0 4
   ----------------------------------------------------
     I  COEFFICIENT            ORDER EXPONENTS
     1  0.2299182472174033E-05   0   0 0  0 0  0 0  0 0
     2  -.1961020859054759       1   1 0  0 0  0 0  0 0
     3  -.4766741888743450E-01   1   0 1  0 0  0 0  0 0
     4  0.1686702993626601E-04   1   0 0  1 0  0 0  0 0
     5  -.4864275560144487E-05   1   0 0  0 1  0 0  0 0
     6   1.000000000000000       1   0 0  0 0  1 0  0 0
     7  0.1191000894751725       1   0 0  0 0  0 1  0 0
     8  -.1256348305271541       1   0 0  0 0  0 0  1 0
     9  0.6534741051981667E-02   1   0 0  0 0  0 0  0 1
    10  -.2592140898091300E-03   2   2 0  0 0  0 0  0 0
    11  -.2246503946986517E-01   2   1 1  0 0  0 0  0 0
    12  -.1194170908211749       2   0 2  0 0  0 0  0 0
    13  0.1408718508932777E-04   2   1 0  1 0  0 0  0 0
    14  0.1703184134691326E-04   2   0 1  1 0  0 0  0 0
    15  -.7222231251720090E-01   2   0 0  2 0  0 0  0 0
    16  0.3021744579651740E-05   2   1 0  0 1  0 0  0 0
    17  -.6426563188987645E-04   2   0 1  0 1  0 0  0 0
    18  0.2237728113756056E-01   2   0 0  1 1  0 0  0 0
    19  -.1194022784082751       2   0 0  0 2  0 0  0 0
    20  0.9752209893835749E-01   2   1 0  0 0  0 1  0 0
    21  0.2371166949185517E-01   2   0 1  0 0  0 1  0 0
    22  -.3126434322539192E-04   2   0 0  1 0  0 1  0 0
    23  -.1149297162725618E-05   2   0 0  0 1  0 1  0 0
    24  -.9759806289638048E-01   2   1 0  0 0  0 0  1 0
    25  -.2371709049990081E-01   2   0 1  0 0  0 0  1 0
    26  -.1440538716668334E-04   2   0 0  1 0  0 0  1 0
    27  -.5977300860309243E-05   2   0 0  0 1  0 0  1 0
    28  0.7596395889993568E-04   2   1 0  0 0  0 0  0 1
    29  0.4767283990018480E-01   2   0 1  0 0  0 0  0 1
    30  0.4566973269530409E-04   2   0 0  1 0  0 0  0 1
    31  0.1199087727661006E-04   2   0 0  0 1  0 0  0 1
    32  -.8939146070919124E-01   2   0 0  0 0  0 2  0 0
    33  0.6005796188773329E-01   2   0 0  0 0  0 1  1 0
    34  0.2972978915828964E-01   2   0 0  0 0  0 0  2 0
    35  -.3751299423726651E-03   2   0 0  0 0  0 1  0 1
    36  0.6117290324140624E-02   2   0 0  0 0  0 0  1 1
    37  -.6138450717657957E-02   2   0 0  0 0  0 0  0 2
    38  -.7549927514254104E-02   3   3 0  0 0  0 0  0 0
    39  0.1047962841522470E-01   3   2 1  0 0  0 0  0 0
    40  -.9291231626933084E-01   3   1 2  0 0  0 0  0 0
    41  -.2275812293529920E-01   3   0 3  0 0  0 0  0 0
    42  0.1151621265851148E-04   3   2 0  1 0  0 0  0 0
    43  0.1495679276277313E-04   3   1 1  1 0  0 0  0 0
    44  0.1398144872330577E-03   3   0 2  1 0  0 0  0 0
    45  -.2680049114261531E-01   3   1 0  2 0  0 0  0 0
    46  -.5785975060445638E-01   3   0 1  2 0  0 0  0 0
    47  0.6854452417515652E-03   3   0 0  3 0  0 0  0 0
    48  0.1338750110009418E-04   3   2 0  0 1  0 0  0 0
    49  -.2176960695427204E-04   3   1 1  0 1  0 0  0 0
    50  0.7070244687535524E-05   3   0 2  0 1  0 0  0 0
    51  -.2335479705457361E-01   3   1 0  1 1  0 0  0 0
    52  0.3875591670442269       3   0 1  1 1  0 0  0 0
    53  0.3539092626979234E-04   3   0 0  2 1  0 0  0 0
    54  -.9921559257682874E-01   3   1 0  0 2  0 0  0 0
    55  0.2436551748286662E-01   3   0 1  0 2  0 0  0 0
    56  0.1130095236571554E-03   3   0 0  1 2  0 0  0 0
    57  0.1816180337537363E-04   3   0 0  0 3  0 0  0 0
    58  0.2560268379382298E-02   3   2 0  0 0  0 1  0 0
    59  -.2932399390936495E-02   3   1 1  0 0  0 1  0 0
    60  0.1693650467179751       3   0 2  0 0  0 1  0 0
    61  -.1931797979667998E-04   3   1 0  1 0  0 1  0 0
    62  -.1267881802323860E-04   3   0 1  1 0  0 1  0 0
    63  0.1049376574259060       3   0 0  2 0  0 1  0 0
    64  -.1048911523803781E-04   3   1 0  0 1  0 1  0 0
    65  0.1309756638140189E-03   3   0 1  0 1  0 1  0 0
    66  0.4080206208705325E-02   3   0 0  1 1  0 1  0 0
    67  0.1881986205947094       3   0 0  0 2  0 1  0 0
    68  0.2294233928236407E-02   3   2 0  0 0  0 0  1 0
    69  -.2523784979106797E-01   3   1 1  0 0  0 0  1 0
    70  0.5017863570816564E-01   3   0 2  0 0  0 0  1 0
    71  -.5260141831145284E-05   3   1 0  1 0  0 0  1 0
    72  0.4303584542135161E-05   3   0 1  1 0  0 0  1 0
    73  0.3284661281404879E-01   3   0 0  2 0  0 0  1 0
    74  -.7453733595485944E-05   3   1 0  0 1  0 0  1 0
    75  0.6670703595251996E-04   3   0 1  0 1  0 0  1 0
    76  0.2629465783481832E-01   3   0 0  1 1  0 0  1 0
    77  0.6896402559020043E-01   3   0 0  0 2  0 0  1 0
    78  -.4854359524527284E-02   3   2 0  0 0  0 0  0 1
    79  0.5063529049962275E-01   3   1 1  0 0  0 0  0 1
    80  0.1929046121317216E-01   3   0 2  0 0  0 0  0 1
    81  0.2457828021335477E-04   3   1 0  1 0  0 0  0 1
    82  -.8701155453946421E-05   3   0 1  1 0  0 0  0 1
    83  -.1377842760242895       3   0 0  2 0  0 0  0 1
    84  0.1492388410481627E-04   3   1 0  0 1  0 0  0 1
    85  -.6917376509797805E-04   3   0 1  0 1  0 0  0 1
    86  -.5275216845055439E-01   3   0 0  1 1  0 0  0 1
    87  -.1835812794903774E-01   3   0 0  0 2  0 0  0 1
    88  -.7583714537955606E-01   3   1 0  0 0  0 2  0 0
    89  -.7318622073497500E-02   3   0 1  0 0  0 2  0 0
    90  0.4050400730351174E-04   3   0 0  1 0  0 2  0 0
    91  0.9068532255137481E-05   3   0 0  0 1  0 2  0 0
    92  0.4387693487901861E-01   3   1 0  0 0  0 1  1 0
    93  0.3283503020468488E-01   3   0 1  0 0  0 1  1 0
    94  0.1852138891989017E-04   3   0 0  1 0  0 1  1 0
    95  0.1584644750828993E-04   3   0 0  0 1  0 1  1 0
    96  0.2170236109973158E-01   3   1 0  0 0  0 0  2 0
    97  0.1632309425268372E-01   3   0 1  0 0  0 0  2 0
    98  0.9281708677168577E-05   3   0 0  1 0  0 0  2 0
    99  0.7898624699767780E-05   3   0 0  0 1  0 0  2 0
   100  0.1027526438070963E-01   3   1 0  0 0  0 1  0 1
   101  -.6562115214078015E-01   3   0 1  0 0  0 1  0 1
   102  -.6827727685895199E-04   3   0 0  1 0  0 1  0 1
   103  -.3171776527165556E-04   3   0 0  0 1  0 1  0 1
   104  0.1031640873451336E-01   3   1 0  0 0  0 0  1 1
   105  -.1804705489838780E-01   3   0 1  0 0  0 0  1 1
   106  -.2268730176719015E-04   3   0 0  1 0  0 0  1 1
   107  -.1970728766912066E-04   3   0 0  0 1  0 0  1 1
   108  -.1033382004123940E-01   3   1 0  0 0  0 0  0 2
   109  -.5838724850148507E-02   3   0 1  0 0  0 0  0 2
   110  0.2265191352743603E-04   3   0 0  1 0  0 0  0 2
   111  0.1373198050111082E-04   3   0 0  0 1  0 0  0 2
   112  0.7516158725287646E-01   3   0 0  0 0  0 3  0 0
   113  -.4284788899619027E-01   3   0 0  0 0  0 2  1 0
   114  -.1297466620514416E-01   3   0 0  0 0  0 1  2 0
   115  -.1408810276577589E-01   3   0 0  0 0  0 0  3 0
   116  -.3853969321693935E-02   3   0 0  0 0  0 2  0 1
   117  -.8470823107508510E-02   3   0 0  0 0  0 1  1 1
   118  -.4220608686840227E-02   3   0 0  0 0  0 0  2 1
   119  0.8464518605416005E-02   3   0 0  0 0  0 1  0 2
   120  0.2338733803729098E-02   3   0 0  0 0  0 0  1 2
   121  0.4912140533553304E-03   3   0 0  0 0  0 0  0 3
   122   1.526556759084199       4   4 0  0 0  0 0  0 0
   123  -.2693309099746869E-01   4   3 1  0 0  0 0  0 0
   124  0.1306193798532427E-01   4   2 2  0 0  0 0  0 0
   125  0.1042324021129986E-01   4   1 3  0 0  0 0  0 0
   126  -.7854179116277596E-01   4   0 4  0 0  0 0  0 0
   127  0.1317694080331286E-03   4   3 0  1 0  0 0  0 0
   128  0.1959554326090145E-04   4   2 1  1 0  0 0  0 0
   129  0.3448633646713643E-04   4   1 2  1 0  0 0  0 0
   130  0.6596627985929990E-04   4   0 3  1 0  0 0  0 0
   131  -.2707663075614903E-01   4   2 0  2 0  0 0  0 0
   132  -.2656955159417958E-01   4   1 1  2 0  0 0  0 0
   133  -.4723079101484030       4   0 2  2 0  0 0  0 0
   134  0.1420313450650277E-03   4   1 0  3 0  0 0  0 0
   135  0.2340033774529560E-04   4   0 1  3 0  0 0  0 0
   136  -1.053203911721831       4   0 0  4 0  0 0  0 0
   137  -.7856575489296692E-05   4   3 0  0 1  0 0  0 0
   138  0.1136618596414660E-04   4   2 1  0 1  0 0  0 0
   139  -.1307315408301057E-04   4   1 2  0 1  0 0  0 0
   140  0.6032944702077872E-05   4   0 3  0 1  0 0  0 0
   141  -.6435166444901659E-01   4   2 0  1 1  0 0  0 0
   142  0.5781480134769823E-01   4   1 1  1 1  0 0  0 0
   143  -.5332907150103271E-01   4   0 2  1 1  0 0  0 0
   144  0.2804238544966623E-04   4   1 0  2 1  0 0  0 0
   145  -.2986986294107627E-04   4   0 1  2 1  0 0  0 0
   146  0.8131857317640252E-01   4   0 0  3 1  0 0  0 0
   147  -.2688591943532721E-01   4   2 0  0 2  0 0  0 0
   148  0.3458151651792554E-01   4   1 1  0 2  0 0  0 0
   149  -.1958896113477231       4   0 2  0 2  0 0  0 0
   150  0.1133615449252223E-04   4   1 0  1 2  0 0  0 0
   151  -.1532801339260524E-04   4   0 1  1 2  0 0  0 0
   152  -.2528607433264736       4   0 0  2 2  0 0  0 0
   153  -.2086503357046214E-04   4   1 0  0 3  0 0  0 0
   154  -.1285632016636541E-04   4   0 1  0 3  0 0  0 0
   155  -.8843650356677928E-01   4   0 0  1 3  0 0  0 0
   156  -.9880886547003248E-01   4   0 0  0 4  0 0  0 0
   157  0.6210216186179827E-02   4   3 0  0 0  0 1  0 0
   158  -.1128321463696843E-01   4   2 1  0 0  0 1  0 0
   159  0.1455483044371789       4   1 2  0 0  0 1  0 0
   160  0.1471436729007561E-01   4   0 3  0 0  0 1  0 0
   161  0.6202739040305122E-05   4   2 0  1 0  0 1  0 0
   162  -.1382606612414502E-04   4   1 1  1 0  0 1  0 0
   163  0.2196715513561304E-04   4   0 2  1 0  0 1  0 0
   164  0.3647844909681277E-01   4   1 0  2 0  0 1  0 0
   165  0.4417213347775264E-01   4   0 1  2 0  0 1  0 0
   166  -.1104308044573793E-03   4   0 0  3 0  0 1  0 0
   167  0.3944636902635223E-05   4   2 0  0 1  0 1  0 0
   168  0.1001605754559419E-04   4   1 1  0 1  0 1  0 0
   169  0.7938791891308830E-04   4   0 2  0 1  0 1  0 0
   170  0.5260666220879156E-01   4   1 0  1 1  0 1  0 0
   171  -.7954784728831380       4   0 1  1 1  0 1  0 0
   172  -.5332950134878484E-04   4   0 0  2 1  0 1  0 0
   173  0.1617941420141318       4   1 0  0 2  0 1  0 0
   174  -.1118304316554735       4   0 1  0 2  0 1  0 0
   175  -.4001526685787704E-04   4   0 0  1 2  0 1  0 0
   176  0.6156278141742838E-04   4   0 0  0 3  0 1  0 0
   177  -.1309519489912146E-02   4   3 0  0 0  0 0  1 0
   178  -.8339423596137258E-03   4   2 1  0 0  0 0  1 0
   179  0.5277166285217801E-01   4   1 2  0 0  0 0  1 0
   180  -.7965181988852354E-02   4   0 3  0 0  0 0  1 0
   181  0.4802931693084960E-05   4   2 0  1 0  0 0  1 0
   182  -.2272106130215348E-05   4   1 1  1 0  0 0  1 0
   183  0.1876938045659138E-04   4   0 2  1 0  0 0  1 0
   184  0.9733227771350697E-02   4   1 0  2 0  0 0  1 0
   185  -.1352119985283259E-01   4   0 1  2 0  0 0  1 0
   186  -.3810251938224620E-04   4   0 0  3 0  0 0  1 0
   187  0.3729541389522687E-05   4   2 0  0 1  0 0  1 0
   188  0.2082129511757510E-05   4   1 1  0 1  0 0  1 0
   189  0.4846226768365035E-04   4   0 2  0 1  0 0  1 0
   190  0.2923721543431622E-01   4   1 0  1 1  0 0  1 0
   191  -.4078555399081116       4   0 1  1 1  0 0  1 0
   192  -.2093725775868456E-04   4   0 0  2 1  0 0  1 0
   193  0.6270281242467401E-01   4   1 0  0 2  0 0  1 0
   194  -.8728404475394524E-01   4   0 1  0 2  0 0  1 0
   195  -.2171116341614200E-04   4   0 0  1 2  0 0  1 0
   196  0.3633053349887504E-04   4   0 0  0 3  0 0  1 0
   197  0.1919457191987654E-02   4   3 0  0 0  0 0  0 1
   198  0.1634387788506485E-02   4   2 1  0 0  0 0  0 1
   199  -.1250217382378450E-01   4   1 2  0 0  0 0  0 1
   200  0.6162189838486340E-01   4   0 3  0 0  0 0  0 1
   201  -.5636424227177182E-05   4   2 0  1 0  0 0  0 1
   202  0.6251530083273795E-07   4   1 1  1 0  0 0  0 1
   203  -.3037500834145214E-04   4   0 2  1 0  0 0  0 1
   204  -.4620963888011823E-01   4   1 0  2 0  0 0  0 1
   205  0.2735370526173433E-01   4   0 1  2 0  0 0  0 1
   206  0.1422866075440701E-03   4   0 0  3 0  0 0  0 1
   207  -.3344861060211710E-05   4   2 0  0 1  0 0  0 1
   208  -.1510421822688867E-05   4   1 1  0 1  0 0  0 1
   209  -.5195022633191223E-05   4   0 2  0 1  0 0  0 1
   210  -.5849887616274007E-01   4   1 0  1 1  0 0  0 1
   211  0.4282410863140683       4   0 1  1 1  0 0  0 1
   212  0.8069028639248526E-04   4   0 0  2 1  0 0  0 1
   213  -.2607450116260090E-01   4   1 0  0 2  0 0  0 1
   214  0.1261390025009393       4   0 1  0 2  0 0  0 1
   215  0.4552543728278468E-04   4   0 0  1 2  0 0  0 1
   216  0.8044323417083441E-05   4   0 0  0 3  0 0  0 1
   217  -.4028637874081121E-02   4   2 0  0 0  0 2  0 0
   218  0.2228219309100809E-01   4   1 1  0 0  0 2  0 0
   219  -.2081189659919495       4   0 2  0 0  0 2  0 0
   220  0.4318910296176369E-05   4   1 0  1 0  0 2  0 0
   221  0.9375786621813759E-04   4   0 1  1 0  0 2  0 0
   222  -.1303143316348281       4   0 0  2 0  0 2  0 0
   223  -.2794290570268821E-04   4   1 0  0 1  0 2  0 0
   224  0.1747826578564625E-04   4   0 1  0 1  0 2  0 0
   225  -.4311163430078956E-01   4   0 0  1 1  0 2  0 0
   226  -.2518477929161527       4   0 0  0 2  0 2  0 0
   227  -.2944098425587772E-02   4   2 0  0 0  0 1  1 0
   228  0.3878373930050408E-01   4   1 1  0 0  0 1  1 0
   229  -.7757942035439870E-01   4   0 2  0 0  0 1  1 0
   230  -.4629218960775541E-06   4   1 0  1 0  0 1  1 0
   231  0.6591755787243664E-04   4   0 1  1 0  0 1  1 0
   232  -.5079702138961131E-01   4   0 0  2 0  0 1  1 0
   233  -.1168419575682360E-04   4   1 0  0 1  0 1  1 0
   234  0.2862008320408715E-04   4   0 1  0 1  0 1  1 0
   235  -.7810008788529461E-01   4   0 0  1 1  0 1  1 0
   236  -.1273531815094793       4   0 0  0 2  0 1  1 0
   237  -.1471379660594256E-02   4   2 0  0 0  0 0  2 0
   238  0.1933181105703518E-01   4   1 1  0 0  0 0  2 0
   239  -.3894175191085308E-01   4   0 2  0 0  0 0  2 0
   240  -.2234108554035642E-06   4   1 0  1 0  0 0  2 0
   241  0.3294890313180084E-04   4   0 1  1 0  0 0  2 0
   242  -.2548813378718255E-01   4   0 0  2 0  0 0  2 0
   243  -.5859150484081504E-05   4   1 0  0 1  0 0  2 0
   244  0.1426551192399480E-04   4   0 1  0 1  0 0  2 0
   245  -.3892616670398946E-01   4   0 0  1 1  0 0  2 0
   246  -.6377673673557092E-01   4   0 0  0 2  0 0  2 0
   247  0.8442825090653338E-02   4   2 0  0 0  0 1  0 1
   248  -.7755071178389948E-01   4   1 1  0 0  0 1  0 1
   249  -.1428827328871919E-01   4   0 2  0 0  0 1  0 1
   250  -.7665816794083424E-05   4   1 0  1 0  0 1  0 1
   251  -.7078764041603812E-04   4   0 1  1 0  0 1  0 1
   252  0.2064815342566000       4   0 0  2 0  0 1  0 1
   253  -.1486336037363537E-05   4   1 0  0 1  0 1  0 1
   254  -.3699440406678644E-04   4   0 1  0 1  0 1  0 1
   255  0.1563469608680685       4   0 0  1 1  0 1  0 1
   256  0.6649065697109356E-01   4   0 0  0 2  0 1  0 1
   257  0.3592866312341485E-02   4   2 0  0 0  0 0  1 1
   258  -.2699600236443422E-01   4   1 1  0 0  0 0  1 1
   259  0.4935463442643202E-02   4   0 2  0 0  0 0  1 1
   260  -.1184694576202838E-05   4   1 0  1 0  0 0  1 1
   261  -.3852245446873005E-04   4   0 1  1 0  0 0  1 1
   262  0.6892885388491057E-01   4   0 0  2 0  0 0  1 1
   263  0.8139081113547980E-06   4   1 0  0 1  0 0  1 1
   264  -.2380172256860966E-04   4   0 1  0 1  0 0  1 1
   265  0.1034574899605632       4   0 0  1 1  0 0  1 1
   266  0.4804269640977355E-01   4   0 0  0 2  0 0  1 1
   267  -.3590914592046682E-02   4   2 0  0 0  0 0  0 2
   268  0.1640970821504252E-02   4   1 1  0 0  0 0  0 2
   269  -.2428780863221618E-01   4   0 2  0 0  0 0  0 2
   270  0.3424414023777782E-05   4   1 0  1 0  0 0  0 2
   271  0.5988016156695139E-05   4   0 1  1 0  0 0  0 2
   272  -.6881535321711353E-01   4   0 0  2 0  0 0  0 2
   273  0.2879137120662731E-07   4   1 0  0 1  0 0  0 2
   274  0.9873448381273295E-06   4   0 1  0 1  0 0  0 2
   275  -.7719981504936538E-01   4   0 0  1 1  0 0  0 2
   276  -.2974914110161473E-01   4   0 0  0 2  0 0  0 2
   277  0.6625460601420421E-01   4   1 0  0 0  0 3  0 0
   278  -.5930924619609333E-02   4   0 1  0 0  0 3  0 0
   279  0.3439458437345408E-05   4   0 0  1 0  0 3  0 0
   280  0.4369414509942323E-04   4   0 0  0 1  0 3  0 0
   281  -.2886614093234757E-01   4   1 0  0 0  0 2  1 0
   282  -.3987634590325365E-01   4   0 1  0 0  0 2  1 0
   283  0.6950494835649932E-05   4   0 0  1 0  0 2  1 0
   284  0.2321400657193647E-04   4   0 0  0 1  0 2  1 0
   285  -.7047998114478902E-02   4   1 0  0 0  0 1  2 0
   286  -.2349554102102698E-01   4   0 1  0 0  0 1  2 0
   287  0.5735913609636927E-05   4   0 0  1 0  0 1  2 0
   288  0.1561609981998341E-04   4   0 0  0 1  0 1  2 0
   289  -.9467830041879760E-02   4   1 0  0 0  0 0  3 0
   290  -.1321828928061310E-01   4   0 1  0 0  0 0  3 0
   291  0.2304666665761775E-05   4   0 0  1 0  0 0  3 0
   292  0.7758029918556066E-05   4   0 0  0 1  0 0  3 0
   293  -.1822862692516833E-01   4   1 0  0 0  0 2  0 1
   294  0.7975329293530536E-01   4   0 1  0 0  0 2  0 1
   295  -.1172761008700732E-04   4   0 0  1 0  0 2  0 1
   296  -.7758096084573106E-05   4   0 0  0 1  0 2  0 1
   297  -.1593460169623464E-01   4   1 0  0 0  0 1  1 1
   298  0.2828713263783563E-01   4   0 1  0 0  0 1  1 1
   299  -.1457102540075662E-04   4   0 0  1 0  0 1  1 1
   300  -.1252828180180354E-04   4   0 0  0 1  0 1  1 1
   301  -.7957725564121819E-02   4   1 0  0 0  0 0  2 1
   302  0.1420544222777831E-01   4   0 1  0 0  0 0  2 1
   303  -.7267732701998965E-05   4   0 0  1 0  0 0  2 1
   304  -.6245210800971028E-05   4   0 0  0 1  0 0  2 1
   305  0.1592971466875981E-01   4   1 0  0 0  0 1  0 2
   306  0.4538447928525275E-02   4   0 1  0 0  0 1  0 2
   307  0.8578572816303298E-05   4   0 0  1 0  0 1  0 2
   308  0.6698825608418675E-05   4   0 0  0 1  0 1  0 2
   309  0.5611777950816694E-02   4   1 0  0 0  0 0  1 2
   310  -.1280217388230773E-02   4   0 1  0 0  0 0  1 2
   311  0.5063333404141504E-05   4   0 0  1 0  0 0  1 2
   312  0.4504831835275464E-05   4   0 0  0 1  0 0  1 2
   313  -.2914444357104501E-03   4   1 0  0 0  0 0  0 3
   314  0.4757632798761193E-02   4   0 1  0 0  0 0  0 3
   315  -.2325246449106277E-06   4   0 0  1 0  0 0  0 3
   316  -.2622909773826510E-07   4   0 0  0 1  0 0  0 3
   317  -.6668897413472695E-01   4   0 0  0 0  0 4  0 0
   318  0.3396441151279157E-01   4   0 0  0 0  0 3  1 0
   319  0.8133838875081454E-02   4   0 0  0 0  0 2  2 0
   320  0.5498553032023699E-02   4   0 0  0 0  0 1  3 0
   321  0.8328635462998960E-02   4   0 0  0 0  0 0  4 0
   322  0.7309933660363174E-02   4   0 0  0 0  0 3  0 1
   323  0.1039438348398364E-01   4   0 0  0 0  0 2  1 1
   324  0.6167723257777646E-02   4   0 0  0 0  0 1  2 1
   325  0.3455070440552474E-02   4   0 0  0 0  0 0  3 1
   326  -.1039357765843289E-01   4   0 0  0 0  0 2  0 2
   327  -.3860381392301229E-02   4   0 0  0 0  0 1  1 2
   328  -.1937818546153215E-02   4   0 0  0 0  0 0  2 2
   329  -.2490264985675568E-03   4   0 0  0 0  0 1  0 3
   330  0.2401087367643812E-03   4   0 0  0 0  0 0  1 3
   331  -.3665479781825440E-03   4   0 0  0 0  0 0  0 4
   ----------------------------------------------------
     I  COEFFICIENT            ORDER EXPONENTS
     1   1.000000000000000       1   0 0  0 0  0 1  0 0
     --------------------------------------------------
     I  COEFFICIENT            ORDER EXPONENTS
     1   1.000000000000000       1   0 0  0 0  0 0  1 0
     --------------------------------------------------
     I  COEFFICIENT            ORDER EXPONENTS
     1   1.000000000000000       1   0 0  0 0  0 0  0 1
     --------------------------------------------------
