     I  COEFFICIENT            ORDER EXPONENTS
     1   1.000000000000000       1   1 0  0 0  0 0  0 0
     2  0.5068500000000000       1   0 1  0 0  0 0  0 0
     3  -.2538488729250961       2   0 1  0 0  0 1  0 0
     4  -.2530011270749040       2   0 1  0 0  0 0  1 0
     5  0.2534250000000000       3   0 3  0 0  0 0  0 0
     6  0.2534250000000000       3   0 1  0 2  0 0  0 0
     7  0.1902812181827511       3   0 1  0 0  0 2  0 0
     8  0.1271353094846898       3   0 1  0 0  0 1  1 0
     9  0.1894334723325590       3   0 1  0 0  0 0  2 0
    10  -.3807733093876441       4   0 3  0 0  0 1  0 0
    11  -.3807733093876441       4   0 1  0 2  0 1  0 0
    12  -.3795016906123559       4   0 3  0 0  0 0  1 0
    13  -.3795016906123559       4   0 1  0 2  0 0  1 0
    14  -.1585498439481319       4   0 1  0 0  0 3  0 0
    15  -.9519412270385770E-01   4   0 1  0 0  0 2  1 0
    16  -.9550884152317708E-01   4   0 1  0 0  0 1  2 0
    17  -.1575971918248333       4   0 1  0 0  0 0  3 0
    ---------------------------------------------------
     I  COEFFICIENT            ORDER EXPONENTS
     1   1.000000000000000       1   0 1  0 0  0 0  0 0
     --------------------------------------------------
     I  COEFFICIENT            ORDER EXPONENTS
     1   1.000000000000000       1   0 0  1 0  0 0  0 0
     2  0.5068500000000000       1   0 0  0 1  0 0  0 0
     3  -.2538488729250961       2   0 0  0 1  0 1  0 0
     4  -.2530011270749040       2   0 0  0 1  0 0  1 0
     5  0.2534250000000000       3   0 2  0 1  0 0  0 0
     6  0.2534250000000000       3   0 0  0 3  0 0  0 0
     7  0.1902812181827511       3   0 0  0 1  0 2  0 0
     8  0.1271353094846898       3   0 0  0 1  0 1  1 0
     9  0.1894334723325590       3   0 0  0 1  0 0  2 0
    10  -.3807733093876441       4   0 2  0 1  0 1  0 0
    11  -.3807733093876441       4   0 0  0 3  0 1  0 0
    12  -.3795016906123559       4   0 2  0 1  0 0  1 0
    13  -.3795016906123559       4   0 0  0 3  0 0  1 0
    14  -.1585498439481319       4   0 0  0 1  0 3  0 0
    15  -.9519412270385770E-01   4   0 0  0 1  0 2  1 0
    16  -.9550884152317708E-01   4   0 0  0 1  0 1  2 0
    17  -.1575971918248333       4   0 0  0 1  0 0  3 0
    ---------------------------------------------------
     I  COEFFICIENT            ORDER EXPONENTS
     1   1.000000000000000       1   0 0  0 1  0 0  0 0
     --------------------------------------------------
     I  COEFFICIENT            ORDER EXPONENTS
     1   1.000000000000000       1   0 0  0 0  1 0  0 0
     2  0.1262889815550393       1   0 0  0 0  0 1  0 0
     3  -.1262889815550393       1   0 0  0 0  0 0  1 0
     4  -.1269244364625481       2   0 2  0 0  0 0  0 0
     5  -.1269244364625481       2   0 0  0 2  0 0  0 0
     6  -.9487515723765902E-01   2   0 0  0 0  0 2  0 0
     7  0.6346133292027871E-01   2   0 0  0 0  0 1  1 0
     8  0.3141382431738030E-01   2   0 0  0 0  0 0  2 0
     9  0.1902812181827512       3   0 2  0 0  0 1  0 0
    10  0.1902812181827512       3   0 0  0 2  0 1  0 0
    11  0.6356765474234496E-01   3   0 2  0 0  0 0  1 0
    12  0.6356765474234496E-01   3   0 0  0 2  0 0  1 0
    13  0.7908925535286421E-01   3   0 0  0 0  0 3  0 0
    14  -.4751745158327453E-01   3   0 0  0 0  0 2  1 0
    15  -.1594388133700415E-01   3   0 0  0 0  0 1  2 0
    16  -.1562792243258549E-01   3   0 0  0 0  0 0  3 0
    17  -.9519332734691105E-01   4   0 4  0 0  0 0  0 0
    18  -.1903866546938221       4   0 2  0 2  0 0  0 0
    19  -.9519332734691105E-01   4   0 0  0 4  0 0  0 0
    20  -.2378247659221979       4   0 2  0 0  0 2  0 0
    21  -.2378247659221979       4   0 0  0 2  0 2  0 0
    22  -.9519412270385774E-01   4   0 2  0 0  0 1  1 0
    23  -.9519412270385774E-01   4   0 0  0 2  0 1  1 0
    24  -.4775442076158862E-01   4   0 2  0 0  0 0  2 0
    25  -.4775442076158862E-01   4   0 0  0 2  0 0  2 0
    26  -.6921305527626966E-01   4   0 0  0 0  0 4  0 0
    27  0.3958445504648597E-01   4   0 0  0 0  0 3  1 0
    28  0.1189949480518279E-01   4   0 0  0 0  0 2  2 0
    29  0.8010884800215569E-02   4   0 0  0 0  0 1  3 0
    30  0.9718220624385203E-02   4   0 0  0 0  0 0  4 0
    ---------------------------------------------------
     I  COEFFICIENT            ORDER EXPONENTS
     1   1.000000000000000       1   0 0  0 0  0 1  0 0
     --------------------------------------------------
     I  COEFFICIENT            ORDER EXPONENTS
     1   1.000000000000000       1   0 0  0 0  0 0  1 0
     --------------------------------------------------
     I  COEFFICIENT            ORDER EXPONENTS
     1   1.000000000000000       1   0 0  0 0  0 0  0 1
     --------------------------------------------------
