     I  COEFFICIENT            ORDER EXPONENTS
     1   1.000000000000000       1   1 0  0 0  0 0  0 0
     2  0.7698670000000000       1   0 1  0 0  0 0  0 0
     3  -.3855773310688072       2   0 1  0 0  0 1  0 0
     4  -.3842896689311928       2   0 1  0 0  0 0  1 0
     5  0.3849335000000000       3   0 3  0 0  0 0  0 0
     6  0.3849335000000000       3   0 1  0 2  0 0  0 0
     7  0.2890228481773701       3   0 1  0 0  0 2  0 0
     8  0.1931089657828740       3   0 1  0 0  0 1  1 0
     9  0.2877351860397557       3   0 1  0 0  0 0  2 0
    10  -.5783659966032108       4   0 3  0 0  0 1  0 0
    11  -.5783659966032108       4   0 1  0 2  0 1  0 0
    12  -.5764345033967891       4   0 3  0 0  0 0  1 0
    13  -.5764345033967891       4   0 1  0 2  0 0  1 0
    14  -.2408252790979904       4   0 1  0 0  0 3  0 0
    15  -.1445927072381391       4   0 1  0 0  0 2  1 0
    16  -.1450707414361720       4   0 1  0 0  0 1  2 0
    17  -.2393782722276984       4   0 1  0 0  0 0  3 0
    ---------------------------------------------------
     I  COEFFICIENT            ORDER EXPONENTS
     1   1.000000000000000       1   0 1  0 0  0 0  0 0
     --------------------------------------------------
     I  COEFFICIENT            ORDER EXPONENTS
     1   1.000000000000000       1   0 0  1 0  0 0  0 0
     2  0.7698670000000000       1   0 0  0 1  0 0  0 0
     3  -.3855773310688072       2   0 0  0 1  0 1  0 0
     4  -.3842896689311928       2   0 0  0 1  0 0  1 0
     5  0.3849335000000000       3   0 2  0 1  0 0  0 0
     6  0.3849335000000000       3   0 0  0 3  0 0  0 0
     7  0.2890228481773701       3   0 0  0 1  0 2  0 0
     8  0.1931089657828740       3   0 0  0 1  0 1  1 0
     9  0.2877351860397557       3   0 0  0 1  0 0  2 0
    10  -.5783659966032108       4   0 2  0 1  0 1  0 0
    11  -.5783659966032108       4   0 0  0 3  0 1  0 0
    12  -.5764345033967891       4   0 2  0 1  0 0  1 0
    13  -.5764345033967891       4   0 0  0 3  0 0  1 0
    14  -.2408252790979904       4   0 0  0 1  0 3  0 0
    15  -.1445927072381391       4   0 0  0 1  0 2  1 0
    16  -.1450707414361720       4   0 0  0 1  0 1  2 0
    17  -.2393782722276984       4   0 0  0 1  0 0  3 0
    ---------------------------------------------------
     I  COEFFICIENT            ORDER EXPONENTS
     1   1.000000000000000       1   0 0  0 1  0 0  0 0
     --------------------------------------------------
     I  COEFFICIENT            ORDER EXPONENTS
     1   1.000000000000000       1   0 0  0 0  1 0  0 0
     2  0.1918234573598372       1   0 0  0 0  0 1  0 0
     3  -.1918234573598371       1   0 0  0 0  0 0  1 0
     4  -.1927886655344036       2   0 2  0 0  0 0  0 0
     5  -.1927886655344036       2   0 0  0 2  0 0  0 0
     6  -.1441082227031367       2   0 0  0 0  0 2  0 0
     7  0.9639298804643624E-01   2   0 0  0 0  0 1  1 0
     8  0.4771523465670044E-01   2   0 0  0 0  0 0  2 0
     9  0.2890228481773702       3   0 2  0 0  0 1  0 0
    10  0.2890228481773702       3   0 0  0 2  0 1  0 0
    11  0.9655448289143707E-01   3   0 2  0 0  0 0  1 0
    12  0.9655448289143707E-01   3   0 0  0 2  0 0  1 0
    13  0.1201306259262967       3   0 0  0 0  0 3  0 0
    14  -.7217543237261677E-01   3   0 0  0 0  0 2  1 0
    15  -.2421755567381941E-01   3   0 0  0 0  0 1  2 0
    16  -.2373763787986049E-01   3   0 0  0 0  0 0  3 0
    17  -.1445914991508027       4   0 4  0 0  0 0  0 0
    18  -.2891829983016055       4   0 2  0 2  0 0  0 0
    19  -.1445914991508027       4   0 0  0 4  0 0  0 0
    20  -.3612379186469857       4   0 2  0 0  0 2  0 0
    21  -.3612379186469857       4   0 0  0 2  0 2  0 0
    22  -.1445927072381392       4   0 2  0 0  0 1  1 0
    23  -.1445927072381392       4   0 0  0 2  0 1  1 0
    24  -.7253537071808608E-01   4   0 2  0 0  0 0  2 0
    25  -.7253537071808608E-01   4   0 0  0 2  0 0  2 0
    26  -.1051294213798478       4   0 0  0 0  0 4  0 0
    27  0.6012580774050115E-01   4   0 0  0 0  0 3  1 0
    28  0.1807443694817335E-01   4   0 0  0 0  0 2  2 0
    29  0.1216793104170377E-01   4   0 0  0 0  0 1  3 0
    30  0.1476124564946939E-01   4   0 0  0 0  0 0  4 0
    ---------------------------------------------------
     I  COEFFICIENT            ORDER EXPONENTS
     1   1.000000000000000       1   0 0  0 0  0 1  0 0
     --------------------------------------------------
     I  COEFFICIENT            ORDER EXPONENTS
     1   1.000000000000000       1   0 0  0 0  0 0  1 0
     --------------------------------------------------
     I  COEFFICIENT            ORDER EXPONENTS
     1   1.000000000000000       1   0 0  0 0  0 0  0 1
     --------------------------------------------------
