     I  COEFFICIENT            ORDER EXPONENTS
     1   1.000000000000000       1   1 0  0 0  0 0  0 0
     2  0.6800000000000000       1   0 1  0 0  0 0  0 0
     3  -.3405686763126474       2   0 1  0 0  0 1  0 0
     4  -.3394313236873526       2   0 1  0 0  0 0  1 0
     5  0.3400000000000000       3   0 3  0 0  0 0  0 0
     6  0.3400000000000000       3   0 1  0 2  0 0  0 0
     7  0.2552850515226808       3   0 1  0 0  0 2  0 0
     8  0.1705672495799331       3   0 1  0 0  0 1  1 0
     9  0.2541476988973861       3   0 1  0 0  0 0  2 0
    10  -.5108530144689711       4   0 3  0 0  0 1  0 0
    11  -.5108530144689711       4   0 1  0 2  0 1  0 0
    12  -.5091469855310290       4   0 3  0 0  0 0  1 0
    13  -.5091469855310290       4   0 1  0 2  0 0  1 0
    14  -.2127136112947217       4   0 1  0 0  0 3  0 0
    15  -.1277143206838774       4   0 1  0 0  0 2  1 0
    16  -.1281365536860223       4   0 1  0 0  0 1  2 0
    17  -.2114355143353786       4   0 1  0 0  0 0  3 0
    ---------------------------------------------------
     I  COEFFICIENT            ORDER EXPONENTS
     1   1.000000000000000       1   0 1  0 0  0 0  0 0
     --------------------------------------------------
     I  COEFFICIENT            ORDER EXPONENTS
     1   1.000000000000000       1   0 0  1 0  0 0  0 0
     2  0.6800000000000000       1   0 0  0 1  0 0  0 0
     3  -.3405686763126474       2   0 0  0 1  0 1  0 0
     4  -.3394313236873526       2   0 0  0 1  0 0  1 0
     5  0.3400000000000000       3   0 2  0 1  0 0  0 0
     6  0.3400000000000000       3   0 0  0 3  0 0  0 0
     7  0.2552850515226808       3   0 0  0 1  0 2  0 0
     8  0.1705672495799331       3   0 0  0 1  0 1  1 0
     9  0.2541476988973861       3   0 0  0 1  0 0  2 0
    10  -.5108530144689711       4   0 2  0 1  0 1  0 0
    11  -.5108530144689711       4   0 0  0 3  0 1  0 0
    12  -.5091469855310290       4   0 2  0 1  0 0  1 0
    13  -.5091469855310290       4   0 0  0 3  0 0  1 0
    14  -.2127136112947217       4   0 0  0 1  0 3  0 0
    15  -.1277143206838774       4   0 0  0 1  0 2  1 0
    16  -.1281365536860223       4   0 0  0 1  0 1  2 0
    17  -.2114355143353786       4   0 0  0 1  0 0  3 0
    ---------------------------------------------------
     I  COEFFICIENT            ORDER EXPONENTS
     1   1.000000000000000       1   0 0  0 1  0 0  0 0
     --------------------------------------------------
     I  COEFFICIENT            ORDER EXPONENTS
     1   1.000000000000000       1   0 0  0 0  1 0  0 0
     2  0.1694317992649241       1   0 0  0 0  0 1  0 0
     3  -.1694317992649240       1   0 0  0 0  0 0  1 0
     4  -.1702843381563237       2   0 2  0 0  0 0  0 0
     5  -.1702843381563237       2   0 0  0 2  0 0  0 0
     6  -.1272863902961589       2   0 0  0 0  0 2  0 0
     7  0.8514098132739377E-01   2   0 0  0 0  0 1  1 0
     8  0.4214540896876511E-01   2   0 0  0 0  0 0  2 0
     9  0.2552850515226809       3   0 2  0 0  0 1  0 0
    10  0.2552850515226809       3   0 0  0 2  0 1  0 0
    11  0.8528362478996664E-01   3   0 2  0 0  0 0  1 0
    12  0.8528362478996664E-01   3   0 0  0 2  0 0  1 0
    13  0.1061077116305567       3   0 0  0 0  0 3  0 0
    14  -.6375035429935225E-01   3   0 0  0 0  0 2  1 0
    15  -.2139062702804146E-01   3   0 0  0 0  0 1  2 0
    16  -.2096673030316294E-01   3   0 0  0 0  0 0  3 0
    17  -.1277132536172428       4   0 4  0 0  0 0  0 0
    18  -.2554265072344856       4   0 2  0 2  0 0  0 0
    19  -.1277132536172428       4   0 0  0 4  0 0  0 0
    20  -.3190704169420826       4   0 2  0 0  0 2  0 0
    21  -.3190704169420826       4   0 0  0 2  0 2  0 0
    22  -.1277143206838773       4   0 2  0 0  0 1  1 0
    23  -.1277143206838773       4   0 0  0 2  0 1  1 0
    24  -.6406827684301125E-01   4   0 2  0 0  0 0  2 0
    25  -.6406827684301125E-01   4   0 0  0 2  0 0  2 0
    26  -.9285760597388450E-01   4   0 0  0 0  0 4  0 0
    27  0.5310728900386791E-01   4   0 0  0 0  0 3  1 0
    28  0.1596459794322639E-01   4   0 0  0 0  0 2  2 0
    29  0.1074756173255715E-01   4   0 0  0 0  0 1  3 0
    30  0.1303815729423288E-01   4   0 0  0 0  0 0  4 0
    ---------------------------------------------------
     I  COEFFICIENT            ORDER EXPONENTS
     1   1.000000000000000       1   0 0  0 0  0 1  0 0
     --------------------------------------------------
     I  COEFFICIENT            ORDER EXPONENTS
     1   1.000000000000000       1   0 0  0 0  0 0  1 0
     --------------------------------------------------
     I  COEFFICIENT            ORDER EXPONENTS
     1   1.000000000000000       1   0 0  0 0  0 0  0 1
     --------------------------------------------------
