     I  COEFFICIENT            ORDER EXPONENTS
     1  0.9510641440450812       1   1 0  0 0  0 0  0 0
     2   2.323023992003685       1   0 1  0 0  0 0  0 0
     3  0.1919408854656161       1   0 0  0 0  0 1  0 0
     4  -.2022992465497824       1   0 0  0 0  0 0  1 0
     5  0.1035836108416622E-01   1   0 0  0 0  0 0  0 1
     6  0.1223400331504283E-01   2   2 0  0 0  0 0  0 0
     7  0.3319082524025760       2   1 1  0 0  0 0  0 0
     8  0.1974823363399039       2   0 2  0 0  0 0  0 0
     9  -.2510074713466535E-01   2   0 0  2 0  0 0  0 0
    10  -.3999932266383951       2   0 0  1 1  0 0  0 0
    11  -.2301049034878300       2   0 0  0 2  0 0  0 0
    12  0.1254834695441258       2   1 0  0 0  0 1  0 0
    13  -1.037260099355470       2   0 1  0 0  0 1  0 0
    14  -.2759733706507923E-01   2   1 0  0 0  0 0  1 0
    15  -1.203650413345752       2   0 1  0 0  0 0  1 0
    16  -.9788613247904659E-01   2   1 0  0 0  0 0  0 1
    17  -.8211347930246320E-01   2   0 1  0 0  0 0  0 1
    18  -.2379249793345218       2   0 0  0 0  0 2  0 0
    19  0.9443818280304299E-01   2   0 0  0 0  0 1  1 0
    20  0.1532178664619073       2   0 0  0 0  0 0  2 0
    21  0.1894708904003845       2   0 0  0 0  0 1  0 1
    22  -.1985746691770753       2   0 0  0 0  0 0  1 1
    23  -.6272911537376515E-03   2   0 0  0 0  0 0  0 2
    24  -.3280685491797992E-01   3   3 0  0 0  0 0  0 0
    25  0.3305478780867868E-01   3   2 1  0 0  0 0  0 0
    26  0.2198051532692741E-01   3   1 2  0 0  0 0  0 0
    27   1.154189987346447       3   0 3  0 0  0 0  0 0
    28  -.5460869548030677E-01   3   1 0  2 0  0 0  0 0
    29  -.7841540666549365E-02   3   0 1  2 0  0 0  0 0
    30  -.9606496473276560E-01   3   1 0  1 1  0 0  0 0
    31  -.1348546697671781       3   0 1  1 1  0 0  0 0
    32  -.9450514908358715E-01   3   1 0  0 2  0 0  0 0
    33  0.9552913771605832       3   0 1  0 2  0 0  0 0
    34  0.3375357665380681E-01   3   2 0  0 0  0 1  0 0
    35  -.4101415553304669       3   1 1  0 0  0 1  0 0
    36  -.6154700688852310E-01   3   0 2  0 0  0 1  0 0
    37  0.2093321991172713E-01   3   0 0  2 0  0 1  0 0
    38  0.7207654586703759       3   0 0  1 1  0 1  0 0
    39  0.7333084644440055       3   0 0  0 2  0 1  0 0
    40  -.1166678812999206E-01   3   2 0  0 0  0 0  1 0
    41  -.1814549435398202       3   1 1  0 0  0 0  1 0
    42  -.5061333003187458       3   0 2  0 0  0 0  1 0
    43  0.4525508445252511E-02   3   0 0  2 0  0 0  1 0
    44  0.6717512728289035E-01   3   0 0  1 1  0 0  1 0
    45  -.4475968886656684E-01   3   0 0  0 2  0 0  1 0
    46  -.2208678852381477E-01   3   2 0  0 0  0 0  0 1
    47  0.2596882464677107       3   1 1  0 0  0 0  0 1
    48  0.1727156345274649       3   0 2  0 0  0 0  0 1
    49  -.2545872835697957E-01   3   0 0  2 0  0 0  0 1
    50  -.3879473593148709       3   0 0  1 1  0 0  0 1
    51  -.2283389686017783       3   0 0  0 2  0 0  0 1
    52  -.2047439415806643       3   1 0  0 0  0 2  0 0
    53  0.6217727831776634       3   0 1  0 0  0 2  0 0
    54  0.3760509686906125E-01   3   1 0  0 0  0 1  1 0
    55  0.5397980134778222       3   0 1  0 0  0 1  1 0
    56  0.2108646370581805E-01   3   1 0  0 0  0 0  2 0
    57  0.9573423093906288       3   0 1  0 0  0 0  2 0
    58  0.2463993167481418       3   1 0  0 0  0 1  0 1
    59  0.2911766188777913       3   0 1  0 0  0 1  0 1
    60  -.5218068721561808E-01   3   1 0  0 0  0 0  1 1
    61  -.4718180556757894E-01   3   0 1  0 0  0 0  1 1
    62  -.4816624852673843E-01   3   1 0  0 0  0 0  0 2
    63  -.3988392735264312E-01   3   0 1  0 0  0 0  0 2
    64  0.2543396967782087       3   0 0  0 0  0 3  0 0
    65  -.6239531532048117E-01   3   0 0  0 0  0 2  1 0
    66  -.7074584464130995E-01   3   0 0  0 0  0 1  2 0
    67  -.1300322591667400       3   0 0  0 0  0 0  3 0
    68  -.2247738163451011       3   0 0  0 0  0 2  0 1
    69  0.7740595431749585E-01   3   0 0  0 0  0 1  1 1
    70  0.1544068892177154       3   0 0  0 0  0 0  2 1
    71  -.3400051214031243E-02   3   0 0  0 0  0 1  0 2
    72  0.5464802800612090E-02   3   0 0  0 0  0 0  1 2
    73  -.2700564263686147E-03   3   0 0  0 0  0 0  0 3
    74  -5.749158716133815       4   4 0  0 0  0 0  0 0
    75  -16.95405377476530       4   3 1  0 0  0 0  0 0
    76  -30.00780304591974       4   2 2  0 0  0 0  0 0
    77  -26.98200347069385       4   1 3  0 0  0 0  0 0
    78  -10.05913884200131       4   0 4  0 0  0 0  0 0
    79   34.90119154405649       4   2 0  2 0  0 0  0 0
    80   52.22675174355537       4   1 1  2 0  0 0  0 0
    81   31.05269892552592       4   0 2  2 0  0 0  0 0
    82  -5.862255210763516       4   0 0  4 0  0 0  0 0
    83   51.77125491231387       4   2 0  1 1  0 0  0 0
    84   122.9990385337788       4   1 1  1 1  0 0  0 0
    85   82.74137830000944       4   0 2  1 1  0 0  0 0
    86  -17.51291825748773       4   0 0  3 1  0 0  0 0
    87   30.43605683269752       4   2 0  0 2  0 0  0 0
    88   83.34023615457153       4   1 1  0 2  0 0  0 0
    89   61.48183385986763       4   0 2  0 2  0 0  0 0
    90  -31.08557030856832       4   0 0  2 2  0 0  0 0
    91  -27.86987090688140       4   0 0  1 3  0 0  0 0
    92  -10.16741258685701       4   0 0  0 4  0 0  0 0
    93  -.6354444207901828       4   3 0  0 0  0 1  0 0
    94  -2.873887704220604       4   2 1  0 0  0 1  0 0
    95  -4.153018887197435       4   1 2  0 0  0 1  0 0
    96  -3.758753063409563       4   0 3  0 0  0 1  0 0
    97   2.307462434302027       4   1 0  2 0  0 1  0 0
    98   2.894760414406329       4   0 1  2 0  0 1  0 0
    99   6.010000229860767       4   1 0  1 1  0 1  0 0
   100   8.692771190197647       4   0 1  1 1  0 1  0 0
   101   4.502336485319461       4   1 0  0 2  0 1  0 0
   102   5.348396555932748       4   0 1  0 2  0 1  0 0
   103  0.7934614002170790       4   3 0  0 0  0 0  1 0
   104   3.137557399235281       4   2 1  0 0  0 0  1 0
   105   4.570810962740746       4   1 2  0 0  0 0  1 0
   106  0.6016047705934593       4   0 3  0 0  0 0  1 0
   107  -2.457691696513376       4   1 0  2 0  0 0  1 0
   108  -3.206447927265515       4   0 1  2 0  0 0  1 0
   109  -6.401209012996441       4   1 0  1 1  0 0  1 0
   110  -9.103178562718170       4   0 1  1 1  0 0  1 0
   111  -4.598874257356167       4   1 0  0 2  0 0  1 0
   112  -8.461930664986625       4   0 1  0 2  0 0  1 0
   113  -.1580169794268963       4   3 0  0 0  0 0  0 1
   114  -.2967244828233571       4   2 1  0 0  0 0  0 1
   115  -.4617531061971654       4   1 2  0 0  0 0  0 1
   116  -.3054216692232447       4   0 3  0 0  0 0  0 1
   117  0.1502292622113487       4   1 0  2 0  0 0  0 1
   118  0.3195290535257289       4   0 1  2 0  0 0  0 1
   119  0.4872737478684399       4   1 0  1 1  0 0  0 1
   120  0.6801167120548450       4   0 1  1 1  0 0  0 1
   121  0.2855480702038798       4   1 0  0 2  0 0  0 1
   122  0.2476599775721070       4   0 1  0 2  0 0  0 1
   123  -.1672161050159809       4   2 0  0 0  0 2  0 0
   124  0.1436497599463151       4   1 1  0 0  0 2  0 0
   125  -.3722836495422206       4   0 2  0 0  0 2  0 0
   126  0.5078652534400702E-01   4   0 0  2 0  0 2  0 0
   127  -.7130918851584338       4   0 0  1 1  0 2  0 0
   128  -1.122939623516935       4   0 0  0 2  0 2  0 0
   129  0.1744911109866484       4   2 0  0 0  0 1  1 0
   130  0.7084433049688283       4   1 1  0 0  0 1  1 0
   131  0.8749418481406721       4   0 2  0 0  0 1  1 0
   132  -.1606548674197816       4   0 0  2 0  0 1  1 0
   133  -.7163113812181394       4   0 0  1 1  0 1  1 0
   134  -.6879064846413889       4   0 0  0 2  0 1  1 0
   135  -.8041936772042488E-01   4   2 0  0 0  0 0  2 0
   136  -.1232236571128614       4   1 1  0 0  0 0  2 0
   137  0.5371494268636238       4   0 2  0 0  0 0  2 0
   138  0.8481787380686762E-01   4   0 0  2 0  0 0  2 0
   139  0.2738936874062105       4   0 0  1 1  0 0  2 0
   140  0.4396388443911445       4   0 0  0 2  0 0  2 0
   141  0.1261875223915060       4   2 0  0 0  0 1  0 1
   142  -.1754597142005241       4   1 1  0 0  0 1  0 1
   143  0.5426647160933534E-01   4   0 2  0 0  0 1  0 1
   144  0.3814859682004082E-01   4   0 0  2 0  0 1  0 1
   145  0.7009642341942572       4   0 0  1 1  0 1  0 1
   146  0.7338603383432416       4   0 0  0 2  0 1  0 1
   147  -.1985587415806383E-02   4   2 0  0 0  0 0  1 1
   148  -.9908610366346690E-01   4   1 1  0 0  0 0  1 1
   149  -.4308408009116829       4   0 2  0 0  0 0  1 1
   150  -.1350638863920606E-01   4   0 0  2 0  0 0  1 1
   151  0.3417375183993757E-01   4   0 0  1 1  0 0  1 1
   152  -.5709213754119813E-01   4   0 0  0 2  0 0  1 1
   153  -.5105757322594250E-01   4   2 0  0 0  0 0  0 2
   154  -.1224153375357156       4   1 1  0 0  0 0  0 2
   155  -.7078628714002314E-01   4   0 2  0 0  0 0  0 2
   156  0.4082600880724015E-03   4   0 0  2 0  0 0  0 2
   157  0.2037836629777346E-01   4   0 0  1 1  0 0  0 2
   158  0.4124352501645822E-02   4   0 0  0 2  0 0  0 2
   159  0.2753414119836938       4   1 0  0 0  0 3  0 0
   160  -.3615073818025980       4   0 1  0 0  0 3  0 0
   161  -.2729291309709780E-01   4   1 0  0 0  0 2  1 0
   162  -.2668238222589220       4   0 1  0 0  0 2  1 0
   163  -.4204862343938355E-01   4   1 0  0 0  0 1  2 0
   164  -.4848814881490249       4   0 1  0 0  0 1  2 0
   165  -.1272194236663099E-01   4   1 0  0 0  0 0  3 0
   166  -.8438420325300575       4   0 1  0 0  0 0  3 0
   167  -.3892434396926551       4   1 0  0 0  0 2  0 1
   168  -.5139723818662756       4   0 1  0 0  0 2  0 1
   169  0.6347287933484004E-01   4   1 0  0 0  0 1  1 1
   170  -.1159834196175684       4   0 1  0 0  0 1  1 1
   171  0.3804152312764045E-01   4   1 0  0 0  0 0  2 1
   172  0.1443806575673102       4   0 1  0 0  0 0  2 1
   173  0.1111076832770932       4   1 0  0 0  0 1  0 2
   174  0.1351991633583746       4   0 1  0 0  0 1  0 2
   175  -.1759727557944234E-01   4   1 0  0 0  0 0  1 2
   176  -.1561623940715813E-01   4   0 1  0 0  0 0  1 2
   177  0.9406964519423108E-03   4   1 0  0 0  0 0  0 3
   178  0.2295270223760782E-04   4   0 1  0 0  0 0  0 3
   179  -.2578221186865355       4   0 0  0 0  0 4  0 0
   180  0.4500059352742214E-01   4   0 0  0 0  0 3  1 0
   181  0.4292290043025368E-01   4   0 0  0 0  0 2  2 0
   182  0.6125943309359377E-01   4   0 0  0 0  0 1  3 0
   183  0.1163107943745771       4   0 0  0 0  0 0  4 0
   184  0.2232687908840940       4   0 0  0 0  0 3  0 1
   185  -.3366163548132979E-01   4   0 0  0 0  0 2  1 1
   186  -.5738656621735916E-01   4   0 0  0 0  0 1  2 1
   187  -.1364058330916820       4   0 0  0 0  0 0  3 1
   188  0.1908835593217600E-01   4   0 0  0 0  0 2  0 2
   189  -.2506072977755504E-01   4   0 0  0 0  0 1  1 2
   190  0.1691698919629745E-02   4   0 0  0 0  0 0  2 2
   191  -.9719428149009490E-03   4   0 0  0 0  0 1  0 3
   192  0.1760974512153266E-02   4   0 0  0 0  0 0  1 3
   193  0.5284395463356371E-05   4   0 0  0 0  0 0  0 4
   ----------------------------------------------------
     I  COEFFICIENT            ORDER EXPONENTS
     1  -.4173020437966300E-01   1   1 0  0 0  0 0  0 0
     2  0.9495255810968934       1   0 1  0 0  0 0  0 0
     3  0.1610473903356476       1   0 0  0 0  0 1  0 0
     4  -.1697877717302160       1   0 0  0 0  0 0  1 0
     5  0.8740381394568404E-02   1   0 0  0 0  0 0  0 1
     6  0.1543885276575832E-01   2   2 0  0 0  0 0  0 0
     7  0.3642872414326334E-01   2   1 1  0 0  0 0  0 0
     8  -.1298611319282879       2   0 2  0 0  0 0  0 0
     9  -.2110887019820213E-01   2   0 0  2 0  0 0  0 0
    10  -.4253914053034674E-01   2   0 0  1 1  0 0  0 0
    11  0.1536367803321722       2   0 0  0 2  0 0  0 0
    12  0.6492074631516574E-01   2   1 0  0 0  0 1  0 0
    13  0.7880410942018949E-01   2   0 1  0 0  0 1  0 0
    14  -.2341270818516121E-01   2   1 0  0 0  0 0  1 0
    15  0.2317895440612376E-01   2   0 1  0 0  0 0  1 0
    16  -.8323824250966752E-01   2   1 0  0 0  0 0  0 1
    17  -.1019830638263132       2   0 1  0 0  0 0  0 1
    18  -.1191917509891737       2   0 0  0 0  0 2  0 0
    19  0.7770162016880640E-01   2   0 0  0 0  0 1  1 0
    20  0.4084662832641030E-01   2   0 0  0 0  0 0  2 0
    21  0.1606818818095410       2   0 0  0 0  0 1  0 1
    22  -.1593948768216270       2   0 0  0 0  0 0  1 1
    23  -.6435024939570084E-03   2   0 0  0 0  0 0  0 2
    24  -.1633058496316614E-01   3   3 0  0 0  0 0  0 0
    25  -.1301524633220876E-01   3   2 1  0 0  0 0  0 0
    26  -.5600369160996996E-01   3   1 2  0 0  0 0  0 0
    27  -.6829918270680045E-01   3   0 3  0 0  0 0  0 0
    28  -.8438999522398655E-01   3   1 0  2 0  0 0  0 0
    29  -.1353286874151557       3   0 1  2 0  0 0  0 0
    30  -.2899851876192395       3   1 0  1 1  0 0  0 0
    31  -.5638719269039159       3   0 1  1 1  0 0  0 0
    32  -.3446908953608858       3   1 0  0 2  0 0  0 0
    33  -.6480368038653442       3   0 1  0 2  0 0  0 0
    34  0.1626686757526296E-01   3   2 0  0 0  0 1  0 0
    35  0.1220980384037381E-01   3   1 1  0 0  0 1  0 0
    36  0.2193494322766184       3   0 2  0 0  0 1  0 0
    37  -.2594181602948376E-02   3   0 0  2 0  0 1  0 0
    38  -.2407584622402247E-01   3   0 0  1 1  0 1  0 0
    39  -.2763441031953429       3   0 0  0 2  0 1  0 0
    40  0.2297943645108047E-02   3   2 0  0 0  0 0  1 0
    41  -.4304972765458333E-02   3   1 1  0 0  0 0  1 0
    42  0.7180487145318058E-01   3   0 2  0 0  0 0  1 0
    43  0.3211098044798836E-02   3   0 0  2 0  0 0  1 0
    44  0.5444341579737517E-01   3   0 0  1 1  0 0  1 0
    45  -.2765769731676842E-01   3   0 0  0 2  0 0  1 0
    46  -.3125958454612682E-02   3   2 0  0 0  0 0  0 1
    47  -.7904831074915396E-02   3   1 1  0 0  0 0  0 1
    48  -.1612931718015111       3   0 2  0 0  0 0  0 1
    49  -.2172578664005253E-01   3   0 0  2 0  0 0  0 1
    50  -.3036756957335261E-01   3   0 0  1 1  0 0  0 1
    51  0.1503650201799394       3   0 0  0 2  0 0  0 1
    52  -.7892059227982430E-01   3   1 0  0 0  0 2  0 0
    53  -.9683872318979340E-01   3   0 1  0 0  0 2  0 0
    54  0.3296821295365327E-01   3   1 0  0 0  0 1  1 0
    55  -.3810209922557189E-01   3   0 1  0 0  0 1  1 0
    56  0.6198042381583333E-02   3   1 0  0 0  0 0  2 0
    57  -.1761567038623710E-01   3   0 1  0 0  0 0  2 0
    58  0.1248729716059954       3   1 0  0 0  0 1  0 1
    59  0.1529754361849693       3   0 1  0 0  0 1  0 1
    60  -.4536429771681993E-01   3   1 0  0 0  0 0  1 1
    61  0.5015448559192238E-01   3   0 1  0 0  0 0  1 1
    62  -.3975433694458771E-01   3   1 0  0 0  0 0  0 2
    63  -.5057342897528922E-01   3   0 1  0 0  0 0  0 2
    64  0.9504361785219784E-01   3   0 0  0 0  0 3  0 0
    65  -.5719164375128999E-01   3   0 0  0 0  0 2  1 0
    66  -.1729231036948419E-01   3   0 0  0 0  0 1  2 0
    67  -.1962288950570708E-01   3   0 0  0 0  0 0  3 0
    68  -.1087474588161298       3   0 0  0 0  0 2  0 1
    69  0.7126628807274200E-01   3   0 0  0 0  0 1  1 1
    70  0.3531435056019512E-01   3   0 0  0 0  0 0  2 1
    71  -.7226626125011747E-02   3   0 0  0 0  0 1  0 2
    72  0.8749943814247377E-02   3   0 0  0 0  0 0  1 2
    73  -.2932717317595411E-03   3   0 0  0 0  0 0  0 3
    74  -4.649342749922241       4   4 0  0 0  0 0  0 0
    75  -21.73364042456397       4   3 1  0 0  0 0  0 0
    76  -52.94609005986077       4   2 2  0 0  0 0  0 0
    77  -65.01055401090561       4   1 3  0 0  0 0  0 0
    78  -32.47524410631437       4   0 4  0 0  0 0  0 0
    79   28.73409661993742       4   2 0  2 0  0 0  0 0
    80   68.41290882618854       4   1 1  2 0  0 0  0 0
    81   56.15433484205963       4   0 2  2 0  0 0  0 0
    82  -4.917634614589353       4   0 0  4 0  0 0  0 0
    83   67.33940162098824       4   2 0  1 1  0 0  0 0
    84   220.1821074712239       4   1 1  1 1  0 0  0 0
    85   203.8754918557685       4   0 2  1 1  0 0  0 0
    86  -23.44287156344354       4   0 0  3 1  0 0  0 0
    87   54.03951343328187       4   2 0  0 2  0 0  0 0
    88   199.3906195118222       4   1 1  0 2  0 0  0 0
    89   199.1275809078693       4   0 2  0 2  0 0  0 0
    90  -57.07342887020898       4   0 0  2 2  0 0  0 0
    91  -69.42912208808445       4   0 0  1 3  0 0  0 0
    92  -34.02736669990733       4   0 0  0 4  0 0  0 0
    93  -1.183313929209871       4   3 0  0 0  0 1  0 0
    94  -6.580872119774762       4   2 1  0 0  0 1  0 0
    95  -12.99398562061380       4   1 2  0 0  0 1  0 0
    96  -9.013171368414097       4   0 3  0 0  0 1  0 0
    97   3.965440021828831       4   1 0  2 0  0 1  0 0
    98   7.337568220862535       4   0 1  2 0  0 1  0 0
    99   14.37852662250867       4   1 0  1 1  0 1  0 0
   100   29.00948179809943       4   0 1  1 1  0 1  0 0
   101   14.29669466687809       4   1 0  0 2  0 1  0 0
   102   30.23391695995534       4   0 1  0 2  0 1  0 0
   103   1.317108783080083       4   3 0  0 0  0 0  1 0
   104   7.197048001634958       4   2 1  0 0  0 0  1 0
   105   14.23911852394267       4   1 2  0 0  0 0  1 0
   106   9.992036991054650       4   0 3  0 0  0 0  1 0
   107  -4.249308845724324       4   1 0  2 0  0 0  1 0
   108  -7.681254749084280       4   0 1  2 0  0 0  1 0
   109  -15.02553295148069       4   1 0  1 1  0 0  1 0
   110  -29.56298211722862       4   0 1  1 1  0 0  1 0
   111  -14.37434755251415       4   1 0  0 2  0 0  1 0
   112  -29.81404192002886       4   0 1  0 2  0 0  1 0
   113  -.1501254388333781       4   3 0  0 0  0 0  0 1
   114  -.6161758818601957       4   2 1  0 0  0 0  0 1
   115  -1.189129211718904       4   1 2  0 0  0 0  0 1
   116  -.8422672572269497       4   0 3  0 0  0 0  0 1
   117  0.1994788286715060       4   1 0  2 0  0 0  0 1
   118  0.3436865282217441       4   0 1  2 0  0 0  0 1
   119  0.6470063289720122       4   1 0  1 1  0 0  0 1
   120   1.117372246033105       4   0 1  1 1  0 0  0 1
   121  0.4223437809969508       4   1 0  0 2  0 0  0 1
   122  0.8761985678042188       4   0 1  0 2  0 0  0 1
   123  -.2557172556458612       4   2 0  0 0  0 2  0 0
   124  -.9893226655287302       4   1 1  0 0  0 2  0 0
   125  -1.301956675643001       4   0 2  0 0  0 2  0 0
   126  0.2591010916765243       4   0 0  2 0  0 2  0 0
   127   1.124492221414561       4   0 0  1 1  0 2  0 0
   128   1.514909516303075       4   0 0  0 2  0 2  0 0
   129  0.4884859651423445       4   2 0  0 0  0 1  1 0
   130   1.988107631369445       4   1 1  0 0  0 1  1 0
   131   2.035950278047510       4   0 2  0 0  0 1  1 0
   132  -.5363698588534348       4   0 0  2 0  0 1  1 0
   133  -2.226412770823046       4   0 0  1 1  0 1  1 0
   134  -2.251914345305393       4   0 0  0 2  0 1  1 0
   135  -.2608547113783506       4   2 0  0 0  0 0  2 0
   136  -1.076333005897426       4   1 1  0 0  0 0  2 0
   137  -1.231503239080203       4   0 2  0 0  0 0  2 0
   138  0.2777691924741225       4   0 0  2 0  0 0  2 0
   139   1.094556828529169       4   0 0  1 1  0 0  2 0
   140   1.197739444183097       4   0 0  0 2  0 0  2 0
   141  0.2294854614937832E-01   4   2 0  0 0  0 1  0 1
   142  -.2167210415235828E-01   4   1 1  0 0  0 1  0 1
   143  0.1292642086852542       4   0 2  0 0  0 1  0 1
   144  0.1816767550038560E-01   4   0 0  2 0  0 1  0 1
   145  0.1504174217945501E-02   4   0 0  1 1  0 1  0 1
   146  -.2252164809100725       4   0 0  0 2  0 1  0 1
   147  0.3322345761435661E-01   4   2 0  0 0  0 0  1 1
   148  0.1688633531908658       4   1 1  0 0  0 0  1 1
   149  0.2834464572065341       4   0 2  0 0  0 0  1 1
   150  -.1916852609481027E-01   4   0 0  2 0  0 0  1 1
   151  -.1714430203266775E-01   4   0 0  1 1  0 0  1 1
   152  -.8824914842726539E-01   4   0 0  0 2  0 0  1 1
   153  -.2808600188186746E-01   4   2 0  0 0  0 0  0 2
   154  -.6964320898179598E-01   4   1 1  0 0  0 0  0 2
   155  -.4506216114438305E-01   4   0 2  0 0  0 0  0 2
   156  0.5004252972123576E-03   4   0 0  2 0  0 0  0 2
   157  0.2300384869403751E-01   4   0 0  1 1  0 0  0 2
   158  0.6367794488729582E-02   4   0 0  0 2  0 0  0 2
   159  0.6468369465586940E-01   4   1 0  0 0  0 3  0 0
   160  0.5721727087548018E-01   4   0 1  0 0  0 3  0 0
   161  0.3402629686478700E-01   4   1 0  0 0  0 2  1 0
   162  0.2116237279279984       4   0 1  0 0  0 2  1 0
   163  -.8620717274699741E-01   4   1 0  0 0  0 1  2 0
   164  -.1451776028542127       4   0 1  0 0  0 1  2 0
   165  0.2494557261946297E-01   4   1 0  0 0  0 0  3 0
   166  0.7822134204445882E-01   4   0 1  0 0  0 0  3 0
   167  -.1491567885525710       4   1 0  0 0  0 2  0 1
   168  -.1895980941748523       4   0 1  0 0  0 2  0 1
   169  0.7139353881076757E-01   4   1 0  0 0  0 1  1 1
   170  -.5668805169642809E-01   4   0 1  0 0  0 1  1 1
   171  0.5172412507025197E-02   4   1 0  0 0  0 0  2 1
   172  -.5425508250668964E-01   4   0 1  0 0  0 0  2 1
   173  0.5102353334418949E-01   4   1 0  0 0  0 1  0 2
   174  0.6496668383809713E-01   4   0 1  0 0  0 1  0 2
   175  -.1818703305399906E-01   4   1 0  0 0  0 0  1 2
   176  0.3244462276298134E-01   4   0 1  0 0  0 0  1 2
   177  0.2305945551465847E-02   4   1 0  0 0  0 0  0 3
   178  0.1245183783166577E-02   4   0 1  0 0  0 0  0 3
   179  -.7936851056780082E-01   4   0 0  0 0  0 4  0 0
   180  0.5053204517573959E-01   4   0 0  0 0  0 3  1 0
   181  0.4796784765756362E-02   4   0 0  0 0  0 2  2 0
   182  0.1237138517126125E-01   4   0 0  0 0  0 1  3 0
   183  0.1045077777981170E-01   4   0 0  0 0  0 0  4 0
   184  0.7685476139106819E-01   4   0 0  0 0  0 3  0 1
   185  -.4680641755615157E-01   4   0 0  0 0  0 2  1 1
   186  -.1212310430632811E-01   4   0 0  0 0  0 1  2 1
   187  -.1492871727909387E-01   4   0 0  0 0  0 0  3 1
   188  0.1686852550760328E-01   4   0 0  0 0  0 2  0 2
   189  -.1233676621026234E-01   4   0 0  0 0  0 1  1 2
   190  -.6859722488390235E-02   4   0 0  0 0  0 0  2 2
   191  -.2315677518306933E-02   4   0 0  0 0  0 1  0 3
   192  0.2852107852849432E-02   4   0 0  0 0  0 0  1 3
   193  0.1252828224422853E-04   4   0 0  0 0  0 0  0 4
   ----------------------------------------------------
     I  COEFFICIENT            ORDER EXPONENTS
     1  0.9993287169667187       1   0 0  1 0  0 0  0 0
     2   2.364237057301857       1   0 0  0 1  0 0  0 0
     3  -.5226912138644459E-01   2   1 0  1 0  0 0  0 0
     4  -.3699815949937124       2   0 1  1 0  0 0  0 0
     5  -.3788155642687321       2   1 0  0 1  0 0  0 0
     6  -.4510075189123461       2   0 1  0 1  0 0  0 0
     7  -.2714074598247768E-01   2   0 0  1 0  0 1  0 0
     8  -1.229593520390080       2   0 0  0 1  0 1  0 0
     9  0.2966177967032126E-01   2   0 0  1 0  0 0  1 0
    10  -1.131331475475240       2   0 0  0 1  0 0  1 0
    11  -.2521033687843629E-02   2   0 0  1 0  0 0  0 1
    12  -.3312061436535384E-02   2   0 0  0 1  0 0  0 1
    13  -.5258511424969492E-01   3   2 0  1 0  0 0  0 0
    14  -.9584999781149808E-01   3   1 1  1 0  0 0  0 0
    15  -.5046755091814403E-01   3   0 2  1 0  0 0  0 0
    16  -.3300493388959257E-01   3   0 0  3 0  0 0  0 0
    17  0.1999704672365556E-01   3   2 0  0 1  0 0  0 0
    18  -.1180911841640849       3   1 1  0 1  0 0  0 0
    19   1.021809036017107       3   0 2  0 1  0 0  0 0
    20  0.3056732327063102E-01   3   0 0  2 1  0 0  0 0
    21  0.9746235679012000E-01   3   0 0  1 2  0 0  0 0
    22   1.230437756943357       3   0 0  0 3  0 0  0 0
    23  0.1614448199367168E-01   3   1 0  1 0  0 1  0 0
    24  0.6944157403408540       3   0 1  1 0  0 1  0 0
    25  0.5125066345231488       3   1 0  0 1  0 1  0 0
    26   1.022032786793942       3   0 1  0 1  0 1  0 0
    27  0.2281067124686148E-01   3   1 0  1 0  0 0  1 0
    28  0.3413406024061479E-01   3   0 1  1 0  0 0  1 0
    29  0.2126473283769620       3   1 0  0 1  0 0  1 0
    30  0.2891991179147640       3   0 1  0 1  0 0  1 0
    31  -.3895515324053295E-01   3   1 0  1 0  0 0  0 1
    32  -.3585682055877567       3   0 1  1 0  0 0  0 1
    33  -.3463383986313799       3   1 0  0 1  0 0  0 1
    34  -.4092168668840095       3   0 1  0 1  0 0  0 1
    35  0.6306959900163119E-01   3   0 0  1 0  0 2  0 0
    36   1.023198037797737       3   0 0  0 1  0 2  0 0
    37  -.4618227314020676E-01   3   0 0  1 0  0 1  1 0
    38  0.4980697737269799       3   0 0  0 1  0 1  1 0
    39  -.2116933008155059E-01   3   0 0  1 0  0 0  2 0
    40  0.8340320120452186       3   0 0  0 1  0 0  2 0
    41  -.5281617888057789E-01   3   0 0  1 0  0 1  0 1
    42  -.8527880854229428E-01   3   0 0  0 1  0 1  0 1
    43  0.5885915363298671E-01   3   0 0  1 0  0 0  1 1
    44  0.9652915313306257E-01   3   0 0  0 1  0 0  1 1
    45  -.1760970532282592E-02   3   0 0  1 0  0 0  0 2
    46  -.2313110858848801E-02   3   0 0  0 1  0 0  0 2
    47   23.33694244654464       4   3 0  1 0  0 0  0 0
    48   51.79275605862540       4   2 1  1 0  0 0  0 0
    49   61.29451890009778       4   1 2  1 0  0 0  0 0
    50   27.43449011748317       4   0 3  1 0  0 0  0 0
    51  -23.69389780720693       4   1 0  3 0  0 0  0 0
    52  -17.73549167604477       4   0 1  3 0  0 0  0 0
    53   17.12022393642784       4   3 0  0 1  0 0  0 0
    54   60.67844160176003       4   2 1  0 1  0 0  0 0
    55   82.82333113268157       4   1 2  0 1  0 0  0 0
    56   41.08215337403929       4   0 3  0 1  0 0  0 0
    57  -52.78521373543659       4   1 0  2 1  0 0  0 0
    58  -62.86124886062788       4   0 1  2 1  0 0  0 0
    59  -62.26948523090316       4   1 0  1 2  0 0  0 0
    60  -84.77340366565701       4   0 1  1 2  0 0  0 0
    61  -28.52429775899358       4   1 0  0 3  0 0  0 0
    62  -41.97782044820600       4   0 1  0 3  0 0  0 0
    63   2.275055310062971       4   2 0  1 0  0 1  0 0
    64   5.985135428607711       4   1 1  1 0  0 1  0 0
    65   4.299931084552925       4   0 2  1 0  0 1  0 0
    66  -.6778978706328040       4   0 0  3 0  0 1  0 0
    67   2.811176413888356       4   2 0  0 1  0 1  0 0
    68   8.871848318362215       4   1 1  0 1  0 1  0 0
    69   5.250681154335950       4   0 2  0 1  0 1  0 0
    70  -3.033375843720618       4   0 0  2 1  0 1  0 0
    71  -4.628511632915004       4   0 0  1 2  0 1  0 0
    72  -4.137515401641659       4   0 0  0 3  0 1  0 0
    73  -2.431074579699367       4   2 0  1 0  0 0  1 0
    74  -6.372739880421577       4   1 1  1 0  0 0  1 0
    75  -4.571623383471112       4   0 2  1 0  0 0  1 0
    76  0.8313285594424815       4   0 0  3 0  0 0  1 0
    77  -3.208560614122046       4   2 0  0 1  0 0  1 0
    78  -9.360103984293023       4   1 1  0 1  0 0  1 0
    79  -8.713154980544346       4   0 2  0 1  0 0  1 0
    80   3.282310180979188       4   0 0  2 1  0 0  1 0
    81   4.719979758203658       4   0 0  1 2  0 0  1 0
    82  0.5859934140092609       4   0 0  0 3  0 0  1 0
    83  0.1560192696363924       4   2 0  1 0  0 0  0 1
    84  0.4834544496253665       4   1 1  1 0  0 0  0 1
    85  0.3726274007544707       4   0 2  1 0  0 0  0 1
    86  -.1534306888096779       4   0 0  3 0  0 0  0 1
    87  0.3773871535100267       4   2 0  0 1  0 0  0 1
    88  0.7244380342589709       4   1 1  0 1  0 0  0 1
    89  0.3970467181570672       4   0 2  0 1  0 0  0 1
    90  -.2795016605291988       4   0 0  2 1  0 0  0 1
    91  -.2863928388688952       4   0 0  1 2  0 0  0 1
    92  -.1397912831976742       4   0 0  0 3  0 0  0 1
    93  0.1733997277605797       4   1 0  1 0  0 2  0 0
    94  -.6926720538268206       4   0 1  1 0  0 2  0 0
    95  -.3334704386265210       4   1 0  0 1  0 2  0 0
    96  -1.211183554491633       4   0 1  0 1  0 2  0 0
    97  -.3536313010329223       4   1 0  1 0  0 1  1 0
    98  -.6861253077332092       4   0 1  1 0  0 1  1 0
    99  -.8078883683556262       4   1 0  0 1  0 1  1 0
   100  -1.578608563832127       4   0 1  0 1  0 1  1 0
   101  0.1629789715633883       4   1 0  1 0  0 0  2 0
   102  0.3111765611479678       4   0 1  1 0  0 0  2 0
   103  0.1072091494441747       4   1 0  0 1  0 0  2 0
   104  0.2427659867502965       4   0 1  0 1  0 0  2 0
   105  -.9312636481909123E-02   4   1 0  1 0  0 1  0 1
   106  0.6826379347051432       4   0 1  1 0  0 1  0 1
   107  0.4498159765623747       4   1 0  0 1  0 1  0 1
   108  0.9348773124335628       4   0 1  0 1  0 1  0 1
   109  0.4862686659283674E-02   4   1 0  1 0  0 0  1 1
   110  -.4495935043955568E-02   4   0 1  1 0  0 0  1 1
   111  0.1681754127133551       4   1 0  0 1  0 0  1 1
   112  0.2254792365872379       4   0 1  0 1  0 0  1 1
   113  0.2170255153157917E-01   4   1 0  1 0  0 0  0 2
   114  0.1949720575716317E-01   4   0 1  1 0  0 0  0 2
   115  0.3734270399351473E-01   4   1 0  0 1  0 0  0 2
   116  0.3364702581561452E-01   4   0 1  0 1  0 0  0 2
   117  -.9821403837823800E-01   4   0 0  1 0  0 3  0 0
   118  -.9960062346955337       4   0 0  0 1  0 3  0 0
   119  0.4464065872425943E-01   4   0 0  1 0  0 2  1 0
   120  -.3423649733041685       4   0 0  0 1  0 2  1 0
   121  0.4739673050676245E-01   4   0 0  1 0  0 1  2 0
   122  -.3113010490879021       4   0 0  0 1  0 1  2 0
   123  0.1208790654051034E-01   4   0 0  1 0  0 0  3 0
   124  -.6979160564733844       4   0 0  0 1  0 0  3 0
   125  0.1238622584071922       4   0 0  1 0  0 2  0 1
   126  0.2607895639975585       4   0 0  0 1  0 2  0 1
   127  -.9171023218163019E-01   4   0 0  1 0  0 1  1 1
   128  -.1868772763967969       4   0 0  0 1  0 1  1 1
   129  -.4132178996519231E-01   4   0 0  1 0  0 0  2 1
   130  -.9704681762760012E-01   4   0 0  0 1  0 0  2 1
   131  -.2519096343579922E-01   4   0 0  1 0  0 1  0 2
   132  -.3943271298571770E-01   4   0 0  0 1  0 1  0 2
   133  0.2831775242302070E-01   4   0 0  1 0  0 0  1 2
   134  0.4569172612640467E-01   4   0 0  0 1  0 0  1 2
   135  0.1317173591145402E-03   4   0 0  1 0  0 0  0 3
   136  0.2267731452872060E-03   4   0 0  0 1  0 0  0 3
   ----------------------------------------------------
     I  COEFFICIENT            ORDER EXPONENTS
     1  -.7661292277578633E-03   1   0 0  1 0  0 0  0 0
     2  0.9988592061267619       1   0 0  0 1  0 0  0 0
     3  -.4953934602755579E-01   2   1 0  1 0  0 0  0 0
     4  -.5882197750241575E-01   2   0 1  1 0  0 0  0 0
     5  -.6466645239643976E-01   2   1 0  0 1  0 0  0 0
     6  0.2309910136524282       2   0 1  0 1  0 0  0 0
     7  -.2473369265588634E-02   2   0 0  1 0  0 1  0 0
     8  0.2221909554773825E-01   2   0 0  0 1  0 1  0 0
     9  0.2904101034028025E-02   2   0 0  1 0  0 0  1 0
    10  -.2190992005895848E-01   2   0 0  0 1  0 0  1 0
    11  -.1196860996197272E-02   2   0 0  1 0  0 0  0 1
    12  -.3091754887797519E-03   2   0 0  0 1  0 0  0 1
    13  -.8167350537857533E-01   3   2 0  1 0  0 0  0 0
    14  -.2833873171854086       3   1 1  1 0  0 0  0 0
    15  -.3160248866031269       3   0 2  1 0  0 0  0 0
    16  -.1850927547199541E-01   3   0 0  3 0  0 0  0 0
    17  -.1252836069549420       3   2 0  0 1  0 0  0 0
    18  -.5417537428551530       3   1 1  0 1  0 0  0 0
    19  -.5859323565177569       3   0 2  0 1  0 0  0 0
    20  -.1726155324355205E-01   3   0 0  2 1  0 0  0 0
    21  -.5590164459402674E-01   3   0 0  1 2  0 0  0 0
    22  -.3633271071223473E-01   3   0 0  0 3  0 0  0 0
    23  -.7122882629453129E-02   3   1 0  1 0  0 1  0 0
    24  -.1009021793986014E-02   3   0 1  1 0  0 1  0 0
    25  0.2791633241129871E-01   3   1 0  0 1  0 1  0 0
    26  -.6092685673122664       3   0 1  0 1  0 1  0 0
    27  0.7634254245155008E-02   3   1 0  1 0  0 0  1 0
    28  0.6247161229867371E-01   3   0 1  1 0  0 0  1 0
    29  0.5085397244927417E-01   3   1 0  0 1  0 0  1 0
    30  0.1637704644231545       3   0 1  0 1  0 0  1 0
    31  -.5005071764325746E-01   3   1 0  1 0  0 0  0 1
    32  -.6146259050468759E-01   3   0 1  1 0  0 0  0 1
    33  -.7877030486057254E-01   3   1 0  0 1  0 0  0 1
    34  0.2145070892366844       3   0 1  0 1  0 0  0 1
    35  -.8193453715532059E-02   3   0 0  1 0  0 2  0 0
    36  -.7956194534687910E-01   3   0 0  0 1  0 2  0 0
    37  0.2212277938293693E-01   3   0 0  1 0  0 1  1 0
    38  0.9608962823481353E-01   3   0 0  0 1  0 1  1 0
    39  -.1436223788219333E-01   3   0 0  1 0  0 0  2 0
    40  -.1609594971300838E-01   3   0 0  0 1  0 0  2 0
    41  -.5735871951872797E-02   3   0 0  1 0  0 1  0 1
    42  0.4081516691120651E-01   3   0 0  0 1  0 1  0 1
    43  0.6601696381449717E-02   3   0 0  1 0  0 0  1 1
    44  -.4198780874983837E-01   3   0 0  0 1  0 0  1 1
    45  -.4329122147884643E-03   3   0 0  1 0  0 0  0 2
    46  0.7409086637058166E-03   3   0 0  0 1  0 0  0 2
    47   19.18483678655374       4   3 0  1 0  0 0  0 0
    48   67.19303380429207       4   2 1  1 0  0 0  0 0
    49   109.2552026807697       4   1 2  1 0  0 0  0 0
    50   67.20277977371580       4   0 3  1 0  0 0  0 0
    51  -19.83774434447992       4   1 0  3 0  0 0  0 0
    52  -23.60286271069221       4   0 1  3 0  0 0  0 0
    53   22.06888002181698       4   3 0  0 1  0 0  0 0
    54   107.2322245324904       4   2 1  0 1  0 0  0 0
    55   197.1411519376202       4   1 2  0 1  0 0  0 0
    56   131.4141492605784       4   0 3  0 1  0 0  0 0
    57  -69.64700972538539       4   1 0  2 1  0 0  0 0
    58  -114.1683772561928       4   0 1  2 1  0 0  0 0
    59  -111.9254804147220       4   1 0  1 2  0 0  0 0
    60  -207.2468833822765       4   0 1  1 2  0 0  0 0
    61  -67.58536149921898       4   1 0  0 3  0 0  0 0
    62  -135.3636349528426       4   0 1  0 3  0 0  0 0
    63   3.857529390878431       4   2 0  1 0  0 1  0 0
    64   14.20478931050751       4   1 1  1 0  0 1  0 0
    65   14.43764248209635       4   0 2  1 0  0 1  0 0
    66  -1.298036586135830       4   0 0  3 0  0 1  0 0
    67   6.928107030812658       4   2 0  0 1  0 1  0 0
    68   27.89575599913202       4   1 1  0 1  0 1  0 0
    69   29.78074091114831       4   0 2  0 1  0 1  0 0
    70  -7.136859800791344       4   0 0  2 1  0 1  0 0
    71  -13.87872348161605       4   0 0  1 2  0 1  0 0
    72  -9.532249149921059       4   0 0  0 3  0 1  0 0
    73  -4.141089376377682       4   2 0  1 0  0 0  1 0
    74  -14.85946980962354       4   1 1  1 0  0 0  1 0
    75  -14.60749954469870       4   0 2  1 0  0 0  1 0
    76   1.440909135041552       4   0 0  3 0  0 0  1 0
    77  -7.278915103040690       4   2 0  0 1  0 0  1 0
    78  -28.47318039034067       4   1 1  0 1  0 0  1 0
    79  -29.59808556456003       4   0 2  0 1  0 0  1 0
    80   7.791151292649666       4   0 0  2 1  0 0  1 0
    81   15.17194005641257       4   0 0  1 2  0 0  1 0
    82   10.40796100401686       4   0 0  0 3  0 0  1 0
    83  0.2018864801206749       4   2 0  1 0  0 0  0 1
    84  0.6546804991160330       4   1 1  1 0  0 0  0 1
    85  0.4858819492054791       4   0 2  1 0  0 0  0 1
    86  -.1613818243777178       4   0 0  3 0  0 0  0 1
    87  0.3508080722280348       4   2 0  0 1  0 0  0 1
    88   1.119178134063794       4   1 1  0 1  0 0  0 1
    89  0.9892093664472308       4   0 2  0 1  0 0  0 1
    90  -.6542914918583236       4   0 0  2 1  0 0  0 1
    91  -1.237314930202488       4   0 0  1 2  0 0  0 1
    92  -.8030464326713298       4   0 0  0 3  0 0  0 1
    93  0.5028970001344741       4   1 0  1 0  0 2  0 0
    94   1.080770303184862       4   0 1  1 0  0 2  0 0
    95  0.9769017551874345       4   1 0  0 1  0 2  0 0
    96   3.116350275498740       4   0 1  0 1  0 2  0 0
    97  -1.035680644842907       4   1 0  1 0  0 1  1 0
    98  -2.222252450497654       4   0 1  1 0  0 1  1 0
    99  -2.127161301286506       4   1 0  0 1  0 1  1 0
   100  -4.599970736295303       4   0 1  0 1  0 1  1 0
   101  0.5348655478015741       4   1 0  1 0  0 0  2 0
   102   1.080777864109616       4   0 1  1 0  0 0  2 0
   103   1.055267159555911       4   1 0  0 1  0 0  2 0
   104   2.128042731197239       4   0 1  0 1  0 0  2 0
   105  0.2988664457395878E-01   4   1 0  1 0  0 1  0 1
   106  0.6172086592191642E-01   4   0 1  1 0  0 1  0 1
   107  0.1454414585003374       4   1 0  0 1  0 1  0 1
   108  -.4141926800776495       4   0 1  0 1  0 1  0 1
   109  -.3405045076024126E-01   4   1 0  1 0  0 0  1 1
   110  -.1774890020251536E-02   4   0 1  1 0  0 0  1 1
   111  -.3422699027459054E-01   4   1 0  0 1  0 0  1 1
   112  0.1634434505451795E-01   4   0 1  0 1  0 0  1 1
   113  0.2081903093141221E-02   4   1 0  1 0  0 0  0 2
   114  0.7583073015114429E-03   4   0 1  1 0  0 0  0 2
   115  -.1622208168258698E-01   4   1 0  0 1  0 0  0 2
   116  -.1558292172511828E-01   4   0 1  0 1  0 0  0 2
   117  0.4690678479641421E-01   4   0 0  1 0  0 3  0 0
   118  0.2138905568728295       4   0 0  0 1  0 3  0 0
   119  -.1190057339001759       4   0 0  1 0  0 2  1 0
   120  -.3347269825797159       4   0 0  0 1  0 2  1 0
   121  0.8825626006893314E-01   4   0 0  1 0  0 1  2 0
   122  0.1498417048017373       4   0 0  0 1  0 1  2 0
   123  -.1572861695413916E-01   4   0 0  1 0  0 0  3 0
   124  -.3006160055972622E-01   4   0 0  0 1  0 0  3 0
   125  -.1352116677353481E-01   4   0 0  1 0  0 2  0 1
   126  -.1478207973450142       4   0 0  0 1  0 2  0 1
   127  0.3937616827954848E-01   4   0 0  1 0  0 1  1 1
   128  0.1775912990863305       4   0 0  0 1  0 1  1 1
   129  -.2670817132432229E-01   4   0 0  1 0  0 0  2 1
   130  -.2746500369654171E-01   4   0 0  0 1  0 0  2 1
   131  -.3298981390303008E-02   4   0 0  1 0  0 1  0 2
   132  0.1820998089064251E-01   4   0 0  0 1  0 1  0 2
   133  0.3719238993823168E-02   4   0 0  1 0  0 0  1 2
   134  -.1934283709678528E-01   4   0 0  0 1  0 0  1 2
   135  0.4218203756125460E-05   4   0 0  1 0  0 0  0 3
   136  -.1163203737561117E-03   4   0 0  0 1  0 0  0 3
   ----------------------------------------------------
     I  COEFFICIENT            ORDER EXPONENTS
     1  -.1611761308195584       1   1 0  0 0  0 0  0 0
     2  -.1918641707912995       1   0 1  0 0  0 0  0 0
     3   1.000000000000000       1   0 0  0 0  1 0  0 0
     4  0.5791796472845916       1   0 0  0 0  0 1  0 0
     5  -.5778820315363140       1   0 0  0 0  0 0  1 0
     6  -.1297615748277818E-02   1   0 0  0 0  0 0  0 1
     7  -.3249702966448564E-01   2   2 0  0 0  0 0  0 0
     8  -.7812348324383378E-01   2   1 1  0 0  0 0  0 0
     9  -.6407140932751649       2   0 2  0 0  0 0  0 0
    10  0.4807342810645856E-03   2   0 0  2 0  0 0  0 0
    11  0.2987761278956897E-01   2   0 0  1 1  0 0  0 0
    12  -.5822675271918281       2   0 0  0 2  0 0  0 0
    13  0.2388274775252939       2   1 0  0 0  0 1  0 0
    14  0.2841126485143335       2   0 1  0 0  0 1  0 0
    15  -.7788952637203934E-01   2   1 0  0 0  0 0  1 0
    16  0.1074624895127337       2   0 1  0 0  0 0  1 0
    17  -.1609379511532542       2   1 0  0 0  0 0  0 1
    18  -.1997109672357699       2   0 1  0 0  0 0  0 1
    19  -.4192953623657196       2   0 0  0 0  0 2  0 0
    20  0.2788825911254298       2   0 0  0 0  0 1  1 0
    21  0.1379511633258219       2   0 0  0 0  0 0  2 0
    22  -.1947151367858199E-01   2   0 0  0 0  0 1  0 1
    23  0.2309711375924084E-01   2   0 0  0 0  0 0  1 1
    24  -.1163992166190471E-02   2   0 0  0 0  0 0  0 2
    25  -.2715454491235200E-02   3   3 0  0 0  0 0  0 0
    26  -.3053651314359656E-01   3   2 1  0 0  0 0  0 0
    27  -.2842781099311456       3   1 2  0 0  0 0  0 0
    28  -.3088952741396141       3   0 3  0 0  0 0  0 0
    29  -.4554162903584499E-02   3   1 0  2 0  0 0  0 0
    30  0.2110948146300992E-02   3   0 1  2 0  0 0  0 0
    31  0.1232851870582278E-01   3   1 0  1 1  0 0  0 0
    32  0.7024648365087235       3   0 1  1 1  0 0  0 0
    33  0.2473200742485094       3   1 0  0 2  0 0  0 0
    34  0.7088192729674805       3   0 1  0 2  0 0  0 0
    35  0.7685871070633020E-01   3   2 0  0 0  0 1  0 0
    36  0.1852605836648875       3   1 1  0 0  0 1  0 0
    37  0.9762328948581829       3   0 2  0 0  0 1  0 0
    38  0.1024731395902309E-01   3   0 0  2 0  0 1  0 0
    39  -.1930807472388551E-01   3   0 0  1 1  0 1  0 0
    40  0.9405616383595881       3   0 0  0 2  0 1  0 0
    41  -.1420782043276460E-01   3   2 0  0 0  0 0  1 0
    42  0.4621850893515540E-01   3   1 1  0 0  0 0  1 0
    43  0.4036222446793304       3   0 2  0 0  0 0  1 0
    44  -.1161948766069429E-01   3   0 0  2 0  0 0  1 0
    45  -.7413770777570636E-01   3   0 0  1 1  0 0  1 0
    46  0.1995869713255319       3   0 0  0 2  0 0  1 0
    47  -.6265089027356524E-01   3   2 0  0 0  0 0  0 1
    48  -.1533556093562084       3   1 1  0 0  0 0  0 1
    49  -.9842695298718254E-01   3   0 2  0 0  0 0  0 1
    50  0.1372173701671733E-02   3   0 0  2 0  0 0  0 1
    51  0.6356816971002230E-01   3   0 0  1 1  0 0  0 1
    52  0.2438644469853655E-01   3   0 0  0 2  0 0  0 1
    53  -.2861726301894631       3   1 0  0 0  0 2  0 0
    54  -.3413464900806603       3   0 1  0 0  0 2  0 0
    55  0.1152080420031069       3   1 0  0 0  0 1  1 0
    56  -.1569443850042417       3   0 1  0 0  0 1  1 0
    57  0.1712537689445113E-01   3   1 0  0 0  0 0  2 0
    58  -.8884861976780468E-01   3   0 1  0 0  0 0  2 0
    59  0.2183097408505252       3   1 0  0 0  0 1  0 1
    60  0.2714120681368981       3   0 1  0 0  0 1  0 1
    61  -.7156926941996904E-01   3   1 0  0 0  0 0  1 1
    62  0.1197166455143831       3   0 1  0 0  0 0  1 1
    63  0.7098739861349166E-02   3   1 0  0 0  0 0  0 2
    64  0.4146610410128850E-02   3   0 1  0 0  0 0  0 2
    65  0.3310341979109407       3   0 0  0 0  0 3  0 0
    66  -.2002030301170326       3   0 0  0 0  0 2  1 0
    67  -.6180080734182640E-01   3   0 0  0 0  0 1  2 0
    68  -.6544478841256299E-01   3   0 0  0 0  0 0  3 0
    69  0.4569116111564944E-01   3   0 0  0 0  0 2  0 1
    70  -.3375750733314224E-01   3   0 0  0 0  0 1  1 1
    71  -.1776715407212819E-01   3   0 0  0 0  0 0  2 1
    72  -.9340893770496772E-02   3   0 0  0 0  0 1  0 2
    73  0.1154879397945865E-01   3   0 0  0 0  0 0  1 2
    74  0.4002804113957867E-04   3   0 0  0 0  0 0  0 3
    75  0.3216907363763139       4   4 0  0 0  0 0  0 0
    76  0.6963791956584030       4   3 1  0 0  0 0  0 0
    77  0.9294066388161879       4   2 2  0 0  0 0  0 0
    78  0.5774678638207584       4   1 3  0 0  0 0  0 0
    79  -.3038794733669017       4   0 4  0 0  0 0  0 0
    80  -2.040549969999211       4   2 0  2 0  0 0  0 0
    81  -2.309839942349537       4   1 1  2 0  0 0  0 0
    82  -1.310382553697007       4   0 2  2 0  0 0  0 0
    83  0.3227938588418868       4   0 0  4 0  0 0  0 0
    84  -2.284780482831636       4   2 0  1 1  0 0  0 0
    85  -4.909330045216580       4   1 1  1 1  0 0  0 0
    86  -3.185757074968176       4   0 2  1 1  0 0  0 0
    87  0.7016743233888796       4   0 0  3 1  0 0  0 0
    88  -1.277389677855468       4   2 0  0 2  0 0  0 0
    89  -3.279187739628821       4   1 1  0 2  0 0  0 0
    90  -3.316907832482118       4   0 2  0 2  0 0  0 0
    91  0.9538165586882098       4   0 0  2 2  0 0  0 0
    92  0.6347645208578686       4   0 0  1 3  0 0  0 0
    93  -.2383107178480807       4   0 0  0 4  0 0  0 0
    94  0.3897093041834182E-01   4   3 0  0 0  0 1  0 0
    95  0.1694528033115278       4   2 1  0 0  0 1  0 0
    96  0.8119240761682837       4   1 2  0 0  0 1  0 0
    97  0.8072527973609318       4   0 3  0 0  0 1  0 0
    98  -.8562353962061275E-01   4   1 0  2 0  0 1  0 0
    99  -.1163390391558101       4   0 1  2 0  0 1  0 0
   100  -.2353379265566294       4   1 0  1 1  0 1  0 0
   101  -2.248437334593836       4   0 1  1 1  0 1  0 0
   102  -.7484660594091459       4   1 0  0 2  0 1  0 0
   103  -2.604762843592264       4   0 1  0 2  0 1  0 0
   104  -.3055706098992506E-01   4   3 0  0 0  0 0  1 0
   105  -.7473658932177747E-01   4   2 1  0 0  0 0  1 0
   106  0.7569398942304888E-01   4   1 2  0 0  0 0  1 0
   107  0.4480188322288380       4   0 3  0 0  0 0  1 0
   108  0.9590867381873783E-01   4   1 0  2 0  0 0  1 0
   109  0.1299417712286606       4   0 1  2 0  0 0  1 0
   110  0.2390151457778795       4   1 0  1 1  0 0  1 0
   111  0.1765538174396014       4   0 1  1 1  0 0  1 0
   112  0.6157195674448297E-01   4   1 0  0 2  0 0  1 0
   113  -.1676562231583661       4   0 1  0 2  0 0  1 0
   114  -.8413869428416819E-02   4   3 0  0 0  0 0  0 1
   115  -.6417970084615249E-01   4   2 1  0 0  0 0  0 1
   116  -.3190618457290403       4   1 2  0 0  0 0  0 1
   117  -.3285858071709301       4   0 3  0 0  0 0  0 1
   118  -.1028513419812517E-01   4   1 0  2 0  0 0  0 1
   119  -.1571368021915117E-01   4   0 1  2 0  0 0  0 1
   120  -.1600573792707274E-01   4   1 0  1 1  0 0  0 1
   121  0.6669538441367876       4   0 1  1 1  0 0  0 1
   122  0.1922539541676452       4   1 0  0 2  0 0  0 1
   123  0.6459612478481875       4   0 1  0 2  0 0  0 1
   124  -.1247623680217384       4   2 0  0 0  0 2  0 0
   125  -.2984118575795363       4   1 1  0 0  0 2  0 0
   126  -1.204378192400459       4   0 2  0 0  0 2  0 0
   127  -.3478087966026093E-01   4   0 0  2 0  0 2  0 0
   128  -.7373499605845145E-01   4   0 0  1 1  0 2  0 0
   129  -1.391550997644871       4   0 0  0 2  0 2  0 0
   130  0.3156405150196914E-01   4   2 0  0 0  0 1  1 0
   131  -.1193214012355207       4   1 1  0 0  0 1  1 0
   132  -.6877667489169037       4   0 2  0 0  0 1  1 0
   133  0.4042132724251331E-01   4   0 0  2 0  0 1  1 0
   134  0.2329821274262308       4   0 0  1 1  0 1  1 0
   135  -.1290121359579490       4   0 0  0 2  0 1  1 0
   136  0.4716231107410508E-02   4   2 0  0 0  0 0  2 0
   137  -.3336530855042132E-01   4   1 1  0 0  0 0  2 0
   138  -.3710100013760576       4   0 2  0 0  0 0  2 0
   139  -.3389920646348517E-02   4   0 0  2 0  0 0  2 0
   140  0.3054715664732004E-01   4   0 0  1 1  0 0  2 0
   141  -.1390940149314816       4   0 0  0 2  0 0  2 0
   142  0.1411019738351768       4   2 0  0 0  0 1  0 1
   143  0.3456239490648184       4   1 1  0 0  0 1  0 1
   144  0.1678244491432710       4   0 2  0 0  0 1  0 1
   145  0.1889311811898468E-01   4   0 0  2 0  0 1  0 1
   146  -.4689598586155572E-01   4   0 0  1 1  0 1  0 1
   147  0.9042921616892668E-01   4   0 0  0 2  0 1  0 1
   148  -.2678869328402543E-01   4   2 0  0 0  0 0  1 1
   149  0.9361500046605387E-01   4   1 1  0 0  0 0  1 1
   150  0.2189200176310299       4   0 2  0 0  0 0  1 1
   151  -.2202199828912171E-01   4   0 0  2 0  0 0  1 1
   152  -.1458010251694581       4   0 0  1 1  0 0  1 1
   153  -.1915607481556832       4   0 0  0 2  0 0  1 1
   154  -.2583119513879329E-01   4   2 0  0 0  0 0  0 2
   155  -.6626386540922832E-01   4   1 1  0 0  0 0  0 2
   156  -.4573180390637654E-01   4   0 2  0 0  0 0  0 2
   157  0.8783532342326710E-03   4   0 0  2 0  0 0  0 2
   158  0.3278033580548486E-01   4   0 0  1 1  0 0  0 2
   159  0.1398609894557361E-01   4   0 0  0 2  0 0  0 2
   160  0.3155498296613912       4   1 0  0 0  0 3  0 0
   161  0.3776521561246657       4   0 1  0 0  0 3  0 0
   162  -.1408962603494709       4   1 0  0 0  0 2  1 0
   163  0.1813731274683551       4   0 1  0 0  0 2  1 0
   164  -.2287047624018980E-01   4   1 0  0 0  0 1  2 0
   165  0.1364239330354758       4   0 1  0 0  0 1  2 0
   166  -.7359429032683071E-02   4   1 0  0 0  0 0  3 0
   167  0.8183645346029070E-01   4   0 1  0 0  0 0  3 0
   168  -.2334079682557773       4   1 0  0 0  0 2  0 1
   169  -.2902901256003750       4   0 1  0 0  0 2  0 1
   170  0.9711738917310689E-01   4   1 0  0 0  0 1  1 1
   171  -.1647609659949363       4   0 1  0 0  0 1  1 1
   172  0.1069800954933689E-01   4   1 0  0 0  0 0  2 1
   173  -.1153874341129329       4   0 1  0 0  0 0  2 1
   174  -.3346046718130192E-01   4   1 0  0 0  0 1  0 2
   175  -.3444749360750334E-01   4   0 1  0 0  0 1  0 2
   176  0.1231256528407854E-01   4   1 0  0 0  0 0  1 2
   177  0.1819294883882597E-01   4   0 1  0 0  0 0  1 2
   178  0.2316807391508538E-02   4   1 0  0 0  0 0  0 3
   179  0.1271571179429883E-02   4   0 1  0 0  0 0  0 3
   180  -.2698022340611816       4   0 0  0 0  0 4  0 0
   181  0.1595071345558264       4   0 0  0 0  0 3  1 0
   182  0.4078661949537099E-01   4   0 0  0 0  0 2  2 0
   183  0.2636431596134217E-01   4   0 0  0 0  0 1  3 0
   184  0.3848595439141853E-01   4   0 0  0 0  0 0  4 0
   185  -.7340079204392326E-01   4   0 0  0 0  0 3  0 1
   186  0.4051444769287833E-01   4   0 0  0 0  0 2  1 1
   187  0.2473623515071113E-01   4   0 0  0 0  0 1  2 1
   188  0.1602623171067286E-01   4   0 0  0 0  0 0  3 1
   189  0.2130722254597218E-01   4   0 0  0 0  0 2  0 2
   190  -.1461442184387656E-01   4   0 0  0 0  0 1  1 2
   191  -.9756734033172523E-02   4   0 0  0 0  0 0  2 2
   192  0.7552687807444271E-05   4   0 0  0 0  0 1  0 3
   193  -.1728306760513310E-03   4   0 0  0 0  0 0  1 3
   194  0.1129846620682704E-04   4   0 0  0 0  0 0  0 4
   ----------------------------------------------------
     I  COEFFICIENT            ORDER EXPONENTS
     1   1.000000000000000       1   0 0  0 0  0 1  0 0
     --------------------------------------------------
     I  COEFFICIENT            ORDER EXPONENTS
     1   1.000000000000000       1   0 0  0 0  0 0  1 0
     --------------------------------------------------
     I  COEFFICIENT            ORDER EXPONENTS
     1   1.000000000000000       1   0 0  0 0  0 0  0 1
     --------------------------------------------------
