     I  COEFFICIENT            ORDER EXPONENTS
     1   1.000000000000000       1   1 0  0 0  0 0  0 0
     2  0.3507500000000000       1   0 1  0 0  0 0  0 0
     3  -.1756683282597957       2   0 1  0 0  0 1  0 0
     4  -.1750816717402043       2   0 1  0 0  0 0  1 0
     5  0.1753750000000000       3   0 3  0 0  0 0  0 0
     6  0.1753750000000000       3   0 1  0 2  0 0  0 0
     7  0.1316782820905593       3   0 1  0 0  0 2  0 0
     8  0.8798009233847284E-01   3   0 1  0 0  0 1  1 0
     9  0.1310916255709679       3   0 1  0 0  0 0  2 0
    10  -.2635024923896935       4   0 3  0 0  0 1  0 0
    11  -.2635024923896935       4   0 1  0 2  0 1  0 0
    12  -.2626225076103065       4   0 3  0 0  0 0  1 0
    13  -.2626225076103065       4   0 1  0 2  0 0  1 0
    14  -.1097195575906230       4   0 1  0 0  0 3  0 0
    15  -.6587617349980880E-01   4   0 1  0 0  0 2  1 0
    16  -.6609396500790049E-01   4   0 1  0 0  0 1  2 0
    17  -.1090603039016677       4   0 1  0 0  0 0  3 0
    ---------------------------------------------------
     I  COEFFICIENT            ORDER EXPONENTS
     1   1.000000000000000       1   0 1  0 0  0 0  0 0
     --------------------------------------------------
     I  COEFFICIENT            ORDER EXPONENTS
     1   1.000000000000000       1   0 0  1 0  0 0  0 0
     2  0.3507500000000000       1   0 0  0 1  0 0  0 0
     3  -.1756683282597957       2   0 0  0 1  0 1  0 0
     4  -.1750816717402043       2   0 0  0 1  0 0  1 0
     5  0.1753750000000000       3   0 2  0 1  0 0  0 0
     6  0.1753750000000000       3   0 0  0 3  0 0  0 0
     7  0.1316782820905593       3   0 0  0 1  0 2  0 0
     8  0.8798009233847284E-01   3   0 0  0 1  0 1  1 0
     9  0.1310916255709679       3   0 0  0 1  0 0  2 0
    10  -.2635024923896935       4   0 2  0 1  0 1  0 0
    11  -.2635024923896935       4   0 0  0 3  0 1  0 0
    12  -.2626225076103065       4   0 2  0 1  0 0  1 0
    13  -.2626225076103065       4   0 0  0 3  0 0  1 0
    14  -.1097195575906230       4   0 0  0 1  0 3  0 0
    15  -.6587617349980880E-01   4   0 0  0 1  0 2  1 0
    16  -.6609396500790049E-01   4   0 0  0 1  0 1  2 0
    17  -.1090603039016677       4   0 0  0 1  0 0  3 0
    ---------------------------------------------------
     I  COEFFICIENT            ORDER EXPONENTS
     1   1.000000000000000       1   0 0  0 1  0 0  0 0
     --------------------------------------------------
     I  COEFFICIENT            ORDER EXPONENTS
     1   1.000000000000000       1   0 0  0 0  1 0  0 0
     2  0.8739441704731192E-01   1   0 0  0 0  0 1  0 0
     3  -.8739441704731191E-01   1   0 0  0 0  0 0  1 0
     4  -.8783416412989786E-01   2   0 2  0 0  0 0  0 0
     5  -.8783416412989786E-01   2   0 0  0 2  0 0  0 0
     6  -.6565544322996726E-01   2   0 0  0 0  0 2  0 0
     7  0.4391646941262258E-01   2   0 0  0 0  0 1  1 0
     8  0.2173897381734465E-01   2   0 0  0 0  0 0  2 0
     9  0.1316782820905593       3   0 2  0 0  0 1  0 0
    10  0.1316782820905593       3   0 0  0 2  0 1  0 0
    11  0.4399004616923645E-01   3   0 2  0 0  0 0  1 0
    12  0.4399004616923645E-01   3   0 0  0 2  0 0  1 0
    13  0.5473129390355552E-01   3   0 0  0 0  0 3  0 0
    14  -.3288299525073206E-01   3   0 0  0 0  0 2  1 0
    15  -.1103347416189050E-01   3   0 0  0 0  0 1  2 0
    16  -.1081482449093295E-01   3   0 0  0 0  0 0  3 0
    17  -.6587562309742338E-01   4   0 4  0 0  0 0  0 0
    18  -.1317512461948468       4   0 2  0 2  0 0  0 0
    19  -.6587562309742338E-01   4   0 0  0 4  0 0  0 0
    20  -.1645793363859345       4   0 2  0 0  0 2  0 0
    21  -.1645793363859345       4   0 0  0 2  0 2  0 0
    22  -.6587617349980880E-01   4   0 2  0 0  0 1  1 0
    23  -.6587617349980880E-01   4   0 0  0 2  0 1  1 0
    24  -.3304698250395029E-01   4   0 2  0 0  0 0  2 0
    25  -.3304698250395029E-01   4   0 0  0 2  0 0  2 0
    26  -.4789677249314704E-01   4   0 0  0 0  0 4  0 0
    27  0.2739320826192158E-01   4   0 0  0 0  0 3  1 0
    28  0.8234680483215674E-02   4   0 0  0 0  0 2  2 0
    29  0.5543687173080030E-02   4   0 0  0 0  0 1  3 0
    30  0.6725196574929685E-02   4   0 0  0 0  0 0  4 0
    ---------------------------------------------------
     I  COEFFICIENT            ORDER EXPONENTS
     1   1.000000000000000       1   0 0  0 0  0 1  0 0
     --------------------------------------------------
     I  COEFFICIENT            ORDER EXPONENTS
     1   1.000000000000000       1   0 0  0 0  0 0  1 0
     --------------------------------------------------
     I  COEFFICIENT            ORDER EXPONENTS
     1   1.000000000000000       1   0 0  0 0  0 0  0 1
     --------------------------------------------------
