     I  COEFFICIENT            ORDER EXPONENTS
     1  -.5354662011188879E-04   0   0 0  0 0  0 0  0 0
     2  0.9999962876687540       1   1 0  0 0  0 0  0 0
     3  0.2599996488859809       1   0 1  0 0  0 0  0 0
     4  0.1160439989740317E-05   1   0 0  1 0  0 0  0 0
     5  0.1390330870497061E-06   1   0 0  0 1  0 0  0 0
     6  -.3789623592661689E-10   1   0 0  0 0  0 1  0 0
     7  -.3776967884785124E-10   1   0 0  0 0  0 0  1 0
     8  0.7566601846267213E-10   1   0 0  0 0  0 0  0 1
     9  0.4367824239725375E-01   2   2 0  0 0  0 0  0 0
    10  0.6148817055851068E-02   2   1 1  0 0  0 0  0 0
    11  0.3997198270262821E-03   2   0 2  0 0  0 0  0 0
    12  0.4325711923093789E-06   2   1 0  1 0  0 0  0 0
    13  0.3289500087865232E-07   2   0 1  1 0  0 0  0 0
    14  -.4367831736024021E-01   2   0 0  2 0  0 0  0 0
    15  0.3146242010097416E-07   2   1 0  0 1  0 0  0 0
    16  0.4225076181633925E-08   2   0 1  0 1  0 0  0 0
    17  -.6148827224449642E-02   2   0 0  1 1  0 0  0 0
    18  -.3997196902303506E-03   2   0 0  0 2  0 0  0 0
    19  0.1859268036254496E-05   2   1 0  0 0  0 1  0 0
    20  -.1302170905231707       2   0 1  0 0  0 1  0 0
    21  -.5666084592145875E-06   2   0 0  1 0  0 1  0 0
    22  -.1354742759216120E-06   2   0 0  0 1  0 1  0 0
    23  0.1853058882185909E-05   2   1 0  0 0  0 0  1 0
    24  -.1297822215523413       2   0 1  0 0  0 0  1 0
    25  -.5647162311166424E-06   2   0 0  1 0  0 0  1 0
    26  -.1350218502169200E-06   2   0 0  0 1  0 0  1 0
    27  -.3712328097618405E-05   2   1 0  0 0  0 0  0 1
    28  -.3368109489776773E-06   2   0 1  0 0  0 0  0 1
    29  0.1131325195685397E-05   2   0 0  1 0  0 0  0 1
    30  0.1314631146209850E-06   2   0 0  0 1  0 0  0 1
    31  0.3154526481073935E-10   2   0 0  0 0  0 2  0 0
    32  0.2274281141502131E-10   2   0 0  0 0  0 1  1 0
    33  0.3140194155539386E-10   2   0 0  0 0  0 0  2 0
    34  -.3789623651026402E-10   2   0 0  0 0  0 1  0 1
    35  -.3776967941009656E-10   2   0 0  0 0  0 0  1 1
    36  0.6308357378938495E-03   3   3 0  0 0  0 0  0 0
    37  0.6006929407715292E-04   3   2 1  0 0  0 0  0 0
    38  -.7512534537253461E-05   3   1 2  0 0  0 0  0 0
    39  0.1299987399510476       3   0 3  0 0  0 0  0 0
    40  0.7134774674573944E-04   3   2 0  1 0  0 0  0 0
    41  -.7151207281081866E-05   3   1 1  1 0  0 0  0 0
    42  0.1134078404403173E-05   3   0 2  1 0  0 0  0 0
    43  0.4924410216322063E-03   3   1 0  2 0  0 0  0 0
    44  -.5700131210180076E-04   3   0 1  2 0  0 0  0 0
    45  -.2388567696209338E-04   3   0 0  3 0  0 0  0 0
    46  0.3610167860838409E-05   3   2 0  0 1  0 0  0 0
    47  0.1479700048377656E-05   3   1 1  0 1  0 0  0 0
    48  0.3135293267403482E-06   3   0 2  0 1  0 0  0 0
    49  0.1538882107470888E-03   3   1 0  1 1  0 0  0 0
    50  0.4132112105507471E-05   3   0 1  1 1  0 0  0 0
    51  0.1070310191730642E-04   3   0 0  2 1  0 0  0 0
    52  -.2560049757350030E-05   3   1 0  0 2  0 0  0 0
    53  0.1299997073133656       3   0 1  0 2  0 0  0 0
    54  0.3718931362327249E-05   3   0 0  1 2  0 0  0 0
    55  0.4596195421605187E-06   3   0 0  0 3  0 0  0 0
    56  -.2187560464316049E-01   3   2 0  0 0  0 1  0 0
    57  -.6159089366854656E-02   3   1 1  0 0  0 1  0 0
    58  -.6005807757361150E-03   3   0 2  0 0  0 1  0 0
    59  -.2083176688094200E-06   3   1 0  1 0  0 1  0 0
    60  -.3458675333417534E-07   3   0 1  1 0  0 1  0 0
    61  0.2187568477142205E-01   3   0 0  2 0  0 1  0 0
    62  -.3022080681898561E-07   3   1 0  0 1  0 1  0 0
    63  -.6442604353320959E-08   3   0 1  0 1  0 1  0 0
    64  0.6159110041835019E-02   3   0 0  1 1  0 1  0 0
    65  0.6005819404034127E-03   3   0 0  0 2  0 1  0 0
    66  -.2180254955001396E-01   3   2 0  0 0  0 0  1 0
    67  -.6138520662367039E-02   3   1 1  0 0  0 0  1 0
    68  -.5985750947400203E-03   3   0 2  0 0  0 0  1 0
    69  -.2076219775612430E-06   3   1 0  1 0  0 0  1 0
    70  -.3447124848173811E-07   3   0 1  1 0  0 0  1 0
    71  0.2180262941068168E-01   3   0 0  2 0  0 0  1 0
    72  -.3011988234659246E-07   3   1 0  0 1  0 0  1 0
    73  -.6421088830774586E-08   3   0 1  0 1  0 0  1 0
    74  0.6138541268301934E-02   3   0 0  1 1  0 0  1 0
    75  0.5985762555177415E-03   3   0 0  0 2  0 0  1 0
    76  0.4367816665360966E-01   3   2 0  0 0  0 0  0 1
    77  0.6148805739955143E-02   3   1 1  0 0  0 0  0 1
    78  0.3997189511934348E-03   3   0 2  0 0  0 0  0 1
    79  0.4122571557914816E-06   3   1 0  1 0  0 0  0 1
    80  0.3333904174471029E-07   3   0 1  1 0  0 0  0 1
    81  -.4367832111018054E-01   3   0 0  2 0  0 0  0 1
    82  0.3044531471237229E-07   3   1 0  0 1  0 0  0 1
    83  0.4161301394135694E-08   3   0 1  0 1  0 0  0 1
    84  -.6148829672281549E-02   3   0 0  1 1  0 0  0 1
    85  -.3997195311563742E-03   3   0 0  0 2  0 0  0 1
    86  -.1393682461499345E-05   3   1 0  0 0  0 2  0 0
    87  0.9760861158337834E-01   3   0 1  0 0  0 2  0 0
    88  0.4247200993742631E-06   3   0 0  1 0  0 2  0 0
    89  0.1203029983477031E-06   3   0 0  0 1  0 2  0 0
    90  -.9311825903025730E-06   3   1 0  0 0  0 1  1 0
    91  0.6521650547190584E-01   3   0 1  0 0  0 1  1 0
    92  0.2837741310789106E-06   3   0 0  1 0  0 1  1 0
    93  0.1165296952804181E-06   3   0 0  0 1  0 1  1 0
    94  -.1387473288388360E-05   3   1 0  0 0  0 0  2 0
    95  0.9717374336797271E-01   3   0 1  0 0  0 0  2 0
    96  0.4228278756970256E-06   3   0 0  1 0  0 0  2 0
    97  0.1197066587350555E-06   3   0 0  0 1  0 0  2 0
    98  0.1859272593990313E-05   3   1 0  0 0  0 1  0 1
    99  0.3373745760139307E-06   3   0 1  0 0  0 1  0 1
   100  -.5666073434771834E-06   3   0 0  1 0  0 1  0 1
   101  -.1316829617655232E-06   3   0 0  0 1  0 1  0 1
   102  0.1853063424700874E-05   3   1 0  0 0  0 0  1 1
   103  0.3362478903073293E-06   3   0 1  0 0  0 0  1 1
   104  -.5647151191053206E-06   3   0 0  1 0  0 0  1 1
   105  -.1312431974164149E-06   3   0 0  0 1  0 0  1 1
   106  0.4053225139218005E-10   3   0 0  0 0  0 3  0 0
   107  0.5595680360828598E-10   3   0 0  0 0  0 2  1 0
   108  0.5587885845451557E-10   3   0 0  0 0  0 1  2 0
   109  0.4023608793707344E-10   3   0 0  0 0  0 0  3 0
   110  -.3405053113317967E-10   3   0 0  0 0  0 2  0 1
   111  -.4261055725629791E-10   3   0 0  0 0  0 1  1 1
   112  -.3386566677916582E-10   3   0 0  0 0  0 0  2 1
   113  -.9639240052737073E-03   4   4 0  0 0  0 0  0 0
   114  0.1675393771618905       4   3 1  0 0  0 0  0 0
   115  0.9815549113263654E-01   4   2 2  0 0  0 0  0 0
   116  0.2009077151734971E-01   4   1 3  0 0  0 0  0 0
   117  0.1675745249270373E-02   4   0 4  0 0  0 0  0 0
   118  -.2556037233488182E-05   4   3 0  1 0  0 0  0 0
   119  -.1815384400179706E-06   4   2 1  1 0  0 0  0 0
   120  0.6996215056986580E-06   4   1 2  1 0  0 0  0 0
   121  0.7944414126805035E-07   4   0 3  1 0  0 0  0 0
   122  -.1966805980619867E-02   4   2 0  2 0  0 0  0 0
   123  0.1675369522188719       4   1 1  2 0  0 0  0 0
   124  -.5463824891094156E-01   4   0 2  2 0  0 0  0 0
   125  0.5728534515000412E-05   4   1 0  3 0  0 0  0 0
   126  0.1054943264152164E-05   4   0 1  3 0  0 0  0 0
   127  0.1626663449572823E-02   4   0 0  4 0  0 0  0 0
   128  0.9736794246128254E-06   4   3 0  0 1  0 0  0 0
   129  0.3372930923716244E-06   4   2 1  0 1  0 0  0 0
   130  0.1411236166743106E-06   4   1 2  0 1  0 0  0 0
   131  0.5515246414480598E-04   4   0 3  0 1  0 0  0 0
   132  -.1685907181616390       4   2 0  1 1  0 0  0 0
   133  -.4387580023816170E-01   4   1 1  1 1  0 0  0 0
   134  -.1279242883012985E-01   4   0 2  1 1  0 0  0 0
   135  0.3192490046810749E-05   4   1 0  2 1  0 0  0 0
   136  0.2442364627498440E-06   4   0 1  2 1  0 0  0 0
   137  -.1671850468824833       4   0 0  3 1  0 0  0 0
   138  0.3270003917572022E-01   4   2 0  0 2  0 0  0 0
   139  0.3514879451958439E-02   4   1 1  0 2  0 0  0 0
   140  -.4826023365507247E-03   4   0 2  0 2  0 0  0 0
   141  0.9386693493430019E-06   4   1 0  1 2  0 0  0 0
   142  0.1380452224569224E-06   4   0 1  1 2  0 0  0 0
   143  -.7621687125237968E-01   4   0 0  2 2  0 0  0 0
   144  0.7382052956329742E-07   4   1 0  0 3  0 0  0 0
   145  0.5515096212000761E-04   4   0 1  0 3  0 0  0 0
   146  -.1699820481730372E-01   4   0 0  1 3  0 0  0 0
   147  -.1354236738779072E-02   4   0 0  0 4  0 0  0 0
   148  -.6489677233493543E-03   4   3 0  0 0  0 1  0 0
   149  -.1788777819072144E-03   4   2 1  0 0  0 1  0 0
   150  -.2353161315472957E-04   4   1 2  0 0  0 1  0 0
   151  -.1953280536107004       4   0 3  0 0  0 1  0 0
   152  -.1185432484041977E-04   4   2 0  1 0  0 1  0 0
   153  0.1547541557703245E-04   4   1 1  1 0  0 1  0 0
   154  0.2411497785885850E-05   4   0 2  1 0  0 1  0 0
   155  -.5796546292567460E-03   4   1 0  2 0  0 1  0 0
   156  0.1101663062220254E-03   4   0 1  2 0  0 1  0 0
   157  0.3562799575175488E-04   4   0 0  3 0  0 1  0 0
   158  -.1700157962966302E-04   4   2 0  0 1  0 1  0 0
   159  -.4016585154604088E-05   4   1 1  0 1  0 1  0 0
   160  -.1394173362519710E-06   4   0 2  0 1  0 1  0 0
   161  -.1989314759718321E-03   4   1 0  1 1  0 1  0 0
   162  0.4400864702459393E-05   4   0 1  1 1  0 1  0 0
   163  0.2316510850132447E-04   4   0 0  2 1  0 1  0 0
   164  -.2556799269547658E-06   4   1 0  0 2  0 1  0 0
   165  -.1953251855079961       4   0 1  0 2  0 1  0 0
   166  0.9541853821944035E-05   4   0 0  1 2  0 1  0 0
   167  0.1123729790507541E-05   4   0 0  0 3  0 1  0 0
   168  -.6468004507982820E-03   4   3 0  0 0  0 0  1 0
   169  -.1782804071955021E-03   4   2 1  0 0  0 0  1 0
   170  -.2345302770678284E-04   4   1 2  0 0  0 0  1 0
   171  -.1946757420799598       4   0 3  0 0  0 0  1 0
   172  -.1181473650356998E-04   4   2 0  1 0  0 0  1 0
   173  0.1542373435747739E-04   4   1 1  1 0  0 0  1 0
   174  0.2403444422413431E-05   4   0 2  1 0  0 0  1 0
   175  -.5777188325724608E-03   4   1 0  2 0  0 0  1 0
   176  0.1097983982307351E-03   4   0 1  2 0  0 0  1 0
   177  0.3550901359831381E-04   4   0 0  3 0  0 0  1 0
   178  -.1694480167980775E-04   4   2 0  0 1  0 0  1 0
   179  -.4003171490964310E-05   4   1 1  0 1  0 0  1 0
   180  -.1389517424248146E-06   4   0 2  0 1  0 0  1 0
   181  -.1982671305631141E-03   4   1 0  1 1  0 0  1 0
   182  0.4386167710733083E-05   4   0 1  1 1  0 0  1 0
   183  0.2308774702094859E-04   4   0 0  2 1  0 0  1 0
   184  -.2548260661361344E-06   4   1 0  0 2  0 0  1 0
   185  -.1946728835554830       4   0 1  0 2  0 0  1 0
   186  0.9509988141834911E-05   4   0 0  1 2  0 0  1 0
   187  0.1119977017230816E-05   4   0 0  0 3  0 0  1 0
   188  0.1261263976029107E-02   4   3 0  0 0  0 0  0 1
   189  0.2021560018884344E-03   4   2 1  0 0  0 0  0 1
   190  0.1377729238728933E-04   4   1 2  0 0  0 0  0 1
   191  0.6971565720453746E-06   4   0 3  0 0  0 0  0 1
   192  0.4750276569554007E-04   4   2 0  1 0  0 0  0 1
   193  -.1234828280593157E-04   4   1 1  1 0  0 0  0 1
   194  -.1002162368387398E-05   4   0 2  1 0  0 0  0 1
   195  0.1122869126527183E-02   4   1 0  2 0  0 0  0 1
   196  -.1226438728952330E-03   4   0 1  2 0  0 0  0 1
   197  -.4750179030592279E-04   4   0 0  3 0  0 0  0 1
   198  0.1235028635731664E-04   4   2 0  0 1  0 0  0 1
   199  0.2341962003872415E-05   4   1 1  0 1  0 0  0 1
   200  0.1349290484999368E-06   4   0 2  0 1  0 0  0 1
   201  0.2708235171595491E-03   4   1 0  1 1  0 0  0 1
   202  0.1213231493640958E-05   4   0 1  1 1  0 0  0 1
   203  -.1235157937619411E-04   4   0 0  2 1  0 0  0 1
   204  -.2035508140623765E-06   4   1 0  0 2  0 0  0 1
   205  -.3545174471971662E-06   4   0 1  0 2  0 0  0 1
   206  -.3947569568271260E-05   4   0 0  1 2  0 0  0 1
   207  -.3609611771561900E-06   4   0 0  0 3  0 0  0 1
   208  0.1639768870730495E-01   4   2 0  0 0  0 2  0 0
   209  0.6159121111507195E-02   4   1 1  0 0  0 2  0 0
   210  0.9018825538662600E-03   4   0 2  0 0  0 2  0 0
   211  0.1887570534874021E-06   4   1 0  1 0  0 2  0 0
   212  0.3457750517475483E-07   4   0 1  1 0  0 2  0 0
   213  -.1639768368598384E-01   4   0 0  2 0  0 2  0 0
   214  0.3107353263021573E-07   4   1 0  0 1  0 2  0 0
   215  0.6906521713988388E-04   4   0 1  0 1  0 2  0 0
   216  -.6159121318489422E-02   4   0 0  1 1  0 2  0 0
   217  -.7006795295659291E-03   4   0 0  0 2  0 2  0 0
   218  0.1095603981899829E-01   4   2 0  0 0  0 1  1 0
   219  0.6159073862676525E-02   4   1 1  0 0  0 1  1 0
   220  0.1081288074806489E-02   4   0 2  0 0  0 1  1 0
   221  0.1371949620536323E-06   4   1 0  1 0  0 1  1 0
   222  0.3398942956343999E-07   4   0 1  1 0  0 1  1 0
   223  -.1095602885739789E-01   4   0 0  2 0  0 1  1 0
   224  0.3142567060032415E-07   4   1 0  0 1  0 1  1 0
   225  0.8280378294052365E-04   4   0 1  0 1  0 1  1 0
   226  -.6159070954548105E-02   4   0 0  1 1  0 1  1 0
   227  -.8400608235118718E-03   4   0 0  0 2  0 1  1 0
   228  0.1632463326693120E-01   4   2 0  0 0  0 0  2 0
   229  0.6128267974651075E-02   4   1 1  0 0  0 0  2 0
   230  0.8970651366469277E-03   4   0 2  0 0  0 0  2 0
   231  0.1878976002892663E-06   4   1 0  1 0  0 0  2 0
   232  0.3440527619379727E-07   4   0 1  1 0  0 0  2 0
   233  -.1632462828068272E-01   4   0 0  2 0  0 0  2 0
   234  0.3091728633385860E-07   4   1 0  0 1  0 0  2 0
   235  0.6869630459823263E-04   4   0 1  0 1  0 0  2 0
   236  -.6128268185797930E-02   4   0 0  1 1  0 0  2 0
   237  -.6969368412843330E-03   4   0 0  0 2  0 0  2 0
   238  -.2187569717039040E-01   4   2 0  0 0  0 1  0 1
   239  -.6159104103072841E-02   4   1 1  0 0  0 1  0 1
   240  -.6005816626779484E-03   4   0 2  0 0  0 1  0 1
   241  -.2484065328639517E-06   4   1 0  1 0  0 1  0 1
   242  -.3434024292166910E-07   4   0 1  1 0  0 1  0 1
   243  0.2187569125776001E-01   4   0 0  2 0  0 1  0 1
   244  -.3114131542371071E-07   4   1 0  0 1  0 1  0 1
   245  -.6335065402612608E-08   4   0 1  0 1  0 1  0 1
   246  0.6159104255143609E-02   4   0 0  1 1  0 1  0 1
   247  0.6005821195028696E-03   4   0 0  0 2  0 1  0 1
   248  -.2180264176824279E-01   4   2 0  0 0  0 0  1 1
   249  -.6138535349372717E-02   4   1 1  0 0  0 0  1 1
   250  -.5985759787198643E-03   4   0 2  0 0  0 0  1 1
   251  -.2475769620844187E-06   4   1 0  1 0  0 0  1 1
   252  -.3422556130777847E-07   4   0 1  1 0  0 0  1 1
   253  0.2180263587535806E-01   4   0 0  2 0  0 0  1 1
   254  -.3103731684922145E-07   4   1 0  0 1  0 0  1 1
   255  -.6313909013996202E-08   4   0 1  0 1  0 0  1 1
   256  0.6138535500935579E-02   4   0 0  1 1  0 0  1 1
   257  0.5985764340191111E-03   4   0 0  0 2  0 0  1 1
   258  0.3291197162458509E-13   4   2 0  0 0  0 0  0 2
   259  0.7202699934561224E-14   4   1 1  0 0  0 0  0 2
   260  0.4328947234770611E-15   4   0 2  0 0  0 0  0 2
   261  -.4785431477131426E-13   4   1 0  1 0  0 0  0 2
   262  -.5962274989171028E-14   4   0 1  1 0  0 0  0 2
   263  0.2299741571725294E-15   4   0 0  2 0  0 0  0 2
   264  -.5117190441784103E-14   4   1 0  0 1  0 0  0 2
   265  -.6729317833491790E-15   4   0 1  0 1  0 0  0 2
   266  0.1254559652471375E-14   4   0 0  1 1  0 0  0 2
   267  -.8723376821570545E-06   4   1 0  0 0  0 3  0 0
   268  -.8133186050860138E-01   4   0 1  0 0  0 3  0 0
   269  0.5988015434400051E-06   4   0 0  1 0  0 3  0 0
   270  0.1345321268917214E-06   4   0 0  0 1  0 3  0 0
   271  -.1030630653516303E-05   4   1 0  0 0  0 2  1 0
   272  -.4883226753756683E-01   4   0 1  0 0  0 2  1 0
   273  0.7074580940892003E-06   4   0 0  1 0  0 2  1 0
   274  0.1938124284115408E-06   4   0 0  0 1  0 2  1 0
   275  -.1029823114621860E-05   4   1 0  0 0  0 1  2 0
   276  -.4899370888446397E-01   4   0 1  0 0  0 1  2 0
   277  0.7069037776013569E-06   4   0 0  1 0  0 1  2 0
   278  0.1935132216892429E-06   4   0 0  0 1  0 1  2 0
   279  -.8662526664770232E-06   4   1 0  0 0  0 0  3 0
   280  -.8084317491248003E-01   4   0 1  0 0  0 0  3 0
   281  0.5946245883497280E-06   4   0 0  1 0  0 0  3 0
   282  0.1335356660958402E-06   4   0 0  0 1  0 0  3 0
   283  0.7930579449459801E-06   4   1 0  0 0  0 2  0 1
   284  0.1444084086260173E-06   4   0 1  0 0  0 2  0 1
   285  -.5443812999083118E-06   4   0 0  1 0  0 2  0 1
   286  -.9912663403045209E-07   4   0 0  0 1  0 2  0 1
   287  0.9508162569401703E-06   4   1 0  0 0  0 1  1 1
   288  0.2059423138550931E-06   4   0 1  0 0  0 1  1 1
   289  -.6526705430855856E-06   4   0 0  1 0  0 1  1 1
   290  -.1413654900182925E-06   4   0 0  0 1  0 1  1 1
   291  0.7888218148390648E-06   4   1 0  0 0  0 0  2 1
   292  0.1435822674966432E-06   4   0 1  0 0  0 0  2 1
   293  -.5414734817579522E-06   4   0 0  1 0  0 0  2 1
   294  -.9855954386795984E-07   4   0 0  0 1  0 0  2 1
   295  0.1465568317559885E-04   4   0 0  0 0  0 4  0 0
   296  0.8377918638498827E-05   4   0 0  0 0  0 3  1 0
   297  0.7546950455139000E-05   4   0 0  0 0  0 2  2 0
   298  0.8422250151187421E-05   4   0 0  0 0  0 1  3 0
   299  0.1454395632126792E-04   4   0 0  0 0  0 0  4 0
   300  0.6126497419864868E-11   4   0 0  0 0  0 3  0 1
   301  -.1964006179387431E-10   4   0 0  0 0  0 2  1 1
   302  -.1951109047740406E-10   4   0 0  0 0  0 1  2 1
   303  0.6128492893412427E-11   4   0 0  0 0  0 0  3 1
   ----------------------------------------------------
     I  COEFFICIENT            ORDER EXPONENTS
     1  0.6641150288320124E-09   0   0 0  0 0  0 0  0 0
     2  -.3680840155063893E-04   1   1 0  0 0  0 0  0 0
     3  0.9999941421369618       1   0 1  0 0  0 0  0 0
     4  0.1436658546766886E-04   1   0 0  1 0  0 0  0 0
     5  0.2633100315114229E-05   1   0 0  0 1  0 0  0 0
     6  -.1246064706630206E-09   1   0 0  0 0  0 1  0 0
     7  -.1241903387352137E-09   1   0 0  0 0  0 0  1 0
     8  0.9129116407762726E-09   1   0 0  0 0  0 0  0 1
     9  0.3359985409575662       2   2 0  0 0  0 0  0 0
    10  0.8736313026534348E-01   2   1 1  0 0  0 0  0 0
    11  0.8282817114218582E-02   2   0 2  0 0  0 0  0 0
    12  0.2797027944105274E-05   2   1 0  1 0  0 0  0 0
    13  0.4442875363827245E-06   2   0 1  1 0  0 0  0 0
    14  -.3360002994604880       2   0 0  2 0  0 0  0 0
    15  0.3906262183088702E-06   2   1 0  0 1  0 0  0 0
    16  0.8188291023941649E-07   2   0 1  0 1  0 0  0 0
    17  -.8736365120914522E-01   2   0 0  1 1  0 0  0 0
    18  -.8282850335359413E-02   2   0 0  0 2  0 0  0 0
    19  -.4521291993203185E-10   2   1 0  0 0  0 1  0 0
    20  0.2933824968219521E-05   2   0 1  0 0  0 1  0 0
    21  -.1205390661196404E-10   2   0 0  1 0  0 1  0 0
    22  -.1304172449413386E-05   2   0 0  0 1  0 1  0 0
    23  -.4506192817089143E-10   2   1 0  0 0  0 0  1 0
    24  0.2924027257025072E-05   2   0 1  0 0  0 0  1 0
    25  -.1201365182176732E-10   2   0 0  1 0  0 0  1 0
    26  -.1299817075409983E-05   2   0 0  0 1  0 0  1 0
    27  -.3680831185244926E-04   2   1 0  0 0  0 0  0 1
    28  -.5857852673884396E-05   2   0 1  0 0  0 0  0 1
    29  0.1436660966142802E-04   2   0 0  1 0  0 0  0 1
    30  0.2603988743312087E-05   2   0 0  0 1  0 0  0 1
    31  0.3099772212796229E-10   2   0 0  0 0  0 2  0 0
    32  -.6198916060635315E-10   2   0 0  0 0  0 1  1 0
    33  0.3099770915674813E-10   2   0 0  0 0  0 0  2 0
    34  -.2504281863314816E-14   2   0 0  0 0  0 1  0 1
    35  -.2495918641423105E-14   2   0 0  0 0  0 0  1 1
    36  0.1131743598773051E-01   3   3 0  0 0  0 0  0 0
    37  0.3435404683286134E-02   3   2 1  0 0  0 0  0 0
    38  0.3781930383849606E-03   3   1 2  0 0  0 0  0 0
    39  0.1982327602432609E-04   3   0 3  0 0  0 0  0 0
    40  0.1367853848175785E-05   3   2 0  1 0  0 0  0 0
    41  -.1419909119630015E-03   3   1 1  1 0  0 0  0 0
    42  -.1488364901949567E-04   3   0 2  1 0  0 0  0 0
    43  0.1131758273831604E-01   3   1 0  2 0  0 0  0 0
    44  -.1049595694563457E-02   3   0 1  2 0  0 0  0 0
    45  -.1933978902768847E-05   3   0 0  3 0  0 0  0 0
    46  -.7095206310529694E-04   3   2 0  0 1  0 0  0 0
    47  -.4411558278758577E-04   3   1 1  0 1  0 0  0 0
    48  -.4607260280165532E-05   3   0 2  0 1  0 0  0 0
    49  0.4900433073345562E-02   3   1 0  1 1  0 0  0 0
    50  0.2103330527771462E-03   3   0 1  1 1  0 0  0 0
    51  0.7010193088568514E-04   3   0 0  2 1  0 0  0 0
    52  0.2022808770547982E-03   3   1 0  0 2  0 0  0 0
    53  0.1835022479529848E-04   3   0 1  0 2  0 0  0 0
    54  0.1469716362381064E-04   3   0 0  1 2  0 0  0 0
    55  0.2392092941308429E-05   3   0 0  0 3  0 0  0 0
    56  0.8351015431183608E-06   3   2 0  0 0  0 1  0 0
    57  -.4375445425726298E-01   3   1 1  0 0  0 1  0 0
    58  -.8296658190113486E-02   3   0 2  0 0  0 1  0 0
    59  0.3758544233455499E-06   3   1 0  1 0  0 1  0 0
    60  -.2144561415182683E-06   3   0 1  1 0  0 1  0 0
    61  0.3779870389855889E-07   3   0 0  2 0  0 1  0 0
    62  -.1423484594835188E-06   3   1 0  0 1  0 1  0 0
    63  -.7410683384498946E-07   3   0 1  0 1  0 1  0 0
    64  0.4375496936662340E-01   3   0 0  1 1  0 1  0 0
    65  0.8296710149699035E-02   3   0 0  0 2  0 1  0 0
    66  0.8323126638374917E-06   3   2 0  0 0  0 0  1 0
    67  -.4360833323416569E-01   3   1 1  0 0  0 0  1 0
    68  -.8268950926850481E-02   3   0 2  0 0  0 0  1 0
    69  0.3745992315300331E-06   3   1 0  1 0  0 0  1 0
    70  -.2137399504164006E-06   3   0 1  1 0  0 0  1 0
    71  0.3767247241244864E-07   3   0 0  2 0  0 0  1 0
    72  -.1418730769678763E-06   3   1 0  0 1  0 0  1 0
    73  -.7385934895319655E-07   3   0 1  0 1  0 0  1 0
    74  0.4360884662328283E-01   3   0 0  1 1  0 0  1 0
    75  0.8269002712913405E-02   3   0 0  0 2  0 0  1 0
    76  0.3359968678340605       3   2 0  0 0  0 0  0 1
    77  0.8736278224210291E-01   3   1 1  0 0  0 0  0 1
    78  0.8282793333169560E-02   3   0 2  0 0  0 0  0 1
    79  0.2056267930113531E-05   3   1 0  1 0  0 0  0 1
    80  0.4267216905957226E-06   3   0 1  1 0  0 0  0 1
    81  -.3360003767550716       3   0 0  2 0  0 0  0 1
    82  0.3061618492784798E-06   3   1 0  0 1  0 0  0 1
    83  0.7279941749821771E-07   3   0 1  0 1  0 0  0 1
    84  -.8736381836158680E-01   3   0 0  1 1  0 0  0 1
    85  -.8282861274746187E-02   3   0 0  0 2  0 0  0 1
    86  -.5711328712880413E-10   3   1 0  0 0  0 2  0 0
    87  -.2199168160743724E-05   3   0 1  0 0  0 2  0 0
    88  -.1830426681567501E-10   3   0 0  1 0  0 2  0 0
    89  0.9775808925713857E-06   3   0 0  0 1  0 2  0 0
    90  -.7295653452929549E-10   3   1 0  0 0  0 1  1 0
    91  -.1469370029909995E-05   3   0 1  0 0  0 1  1 0
    92  -.2287027378743442E-10   3   0 0  1 0  0 1  1 0
    93  0.6531615116149032E-06   3   0 0  0 1  0 1  1 0
    94  -.5680078004123458E-10   3   1 0  0 0  0 0  2 0
    95  -.2189370355277506E-05   3   0 1  0 0  0 0  2 0
    96  -.1820493166798987E-10   3   0 0  1 0  0 0  2 0
    97  0.9732255546498727E-06   3   0 0  0 1  0 0  2 0
    98  0.8304110348345305E-10   3   1 0  0 0  0 1  0 1
    99  0.2933846073096075E-05   3   0 1  0 0  0 1  0 1
   100  0.2735426139160580E-10   3   0 0  1 0  0 1  0 1
   101  -.1304164574262575E-05   3   0 0  0 1  0 1  0 1
   102  0.8276378207192622E-10   3   1 0  0 0  0 0  1 1
   103  0.2924048291428125E-05   3   0 1  0 0  0 0  1 1
   104  0.2726290988121565E-10   3   0 0  1 0  0 0  1 1
   105  -.1299809226558784E-05   3   0 0  0 1  0 0  1 1
   106  0.3165675169246156E-09   3   0 0  0 0  0 3  0 0
   107  0.2893275602503963E-09   3   0 0  0 0  0 2  1 0
   108  0.2894587212520492E-09   3   0 0  0 0  0 1  2 0
   109  0.3145002249703280E-09   3   0 0  0 0  0 0  3 0
   110  -.3613112991391769E-09   3   0 0  0 0  0 2  0 1
   111  -.3031639738510627E-09   3   0 0  0 0  0 1  1 1
   112  -.3595984590911439E-09   3   0 0  0 0  0 0  2 1
   113  -.1019178936321109E-01   4   4 0  0 0  0 0  0 0
   114  -.6923327395046355E-02   4   3 1  0 0  0 0  0 0
   115  -.2540277744975666       4   2 2  0 0  0 0  0 0
   116  -.2210934894704839E-01   4   1 3  0 0  0 0  0 0
   117  0.2058122994629586E-02   4   0 4  0 0  0 0  0 0
   118  -.6808808826131055E-07   4   3 0  1 0  0 0  0 0
   119  -.4835944713931767E-05   4   2 1  1 0  0 0  0 0
   120  -.1545868417303830E-05   4   1 2  1 0  0 0  0 0
   121  0.7324837018904048E-07   4   0 3  1 0  0 0  0 0
   122  -.2206368706274046E-01   4   2 0  2 0  0 0  0 0
   123  -.7175530907382321E-02   4   1 1  2 0  0 0  0 0
   124  -.8469004131732474E-01   4   0 2  2 0  0 0  0 0
   125  -.2231152930399694E-06   4   1 0  3 0  0 0  0 0
   126  -.1636957935738471E-05   4   0 1  3 0  0 0  0 0
   127  0.1751535002309706E-01   4   0 0  4 0  0 0  0 0
   128  -.8954210236729515E-08   4   3 0  0 1  0 0  0 0
   129  -.2566179016741646E-05   4   2 1  0 1  0 0  0 0
   130  -.5432929326552899E-06   4   1 2  0 1  0 0  0 0
   131  0.2428821923946663E-10   4   0 3  0 1  0 0  0 0
   132  -.8736736891325137E-02   4   2 0  1 1  0 0  0 0
   133  0.3326809455748809       4   1 1  1 1  0 0  0 0
   134  -.2217086894838040E-01   4   0 2  1 1  0 0  0 0
   135  -.3317632403814693E-05   4   1 0  2 1  0 0  0 0
   136  -.1269220566443050E-05   4   0 1  2 1  0 0  0 0
   137  0.1219575851255850E-01   4   0 0  3 1  0 0  0 0
   138  0.2510322238409318       4   2 0  0 2  0 0  0 0
   139  0.1524970847948776       4   1 1  0 2  0 0  0 0
   140  0.1238866564741572E-01   4   0 2  0 2  0 0  0 0
   141  0.4850399342755219E-06   4   1 0  1 2  0 0  0 0
   142  0.7628413403891090E-07   4   0 1  1 2  0 0  0 0
   143  0.8767955610856923E-01   4   0 0  2 2  0 0  0 0
   144  0.3493638657378088E-06   4   1 0  0 3  0 0  0 0
   145  0.8661996462662725E-07   4   0 1  0 3  0 0  0 0
   146  -.2133329612138834E-01   4   0 0  1 3  0 0  0 0
   147  -.6187698353662975E-02   4   0 0  0 4  0 0  0 0
   148  -.5666186527919231E-02   4   3 0  0 0  0 1  0 0
   149  -.3387329970423457E-02   4   2 1  0 0  0 1  0 0
   150  -.5330155252730351E-03   4   1 2  0 0  0 1  0 0
   151  -.4271845798459557E-04   4   0 3  0 0  0 1  0 0
   152  0.6165192226060989E-06   4   2 0  1 0  0 1  0 0
   153  0.2402443203505585E-04   4   1 1  1 0  0 1  0 0
   154  0.2012674266822528E-04   4   0 2  1 0  0 1  0 0
   155  -.5666159898356831E-02   4   1 0  2 0  0 1  0 0
   156  0.1138622278975617E-02   4   0 1  2 0  0 1  0 0
   157  -.8649262943963038E-06   4   0 0  3 0  0 1  0 0
   158  -.3554763861652445E-04   4   2 0  0 1  0 1  0 0
   159  -.2159448632107594E-04   4   1 1  0 1  0 1  0 0
   160  0.5058064788125982E-08   4   0 2  0 1  0 1  0 0
   161  -.4872457851152902E-02   4   1 0  1 1  0 1  0 0
   162  -.2937064605274860E-03   4   0 1  1 1  0 1  0 0
   163  -.5999773161752797E-04   4   0 0  2 1  0 1  0 0
   164  -.3654413421257785E-03   4   1 0  0 2  0 1  0 0
   165  -.5467717910686892E-04   4   0 1  0 2  0 1  0 0
   166  -.1654626204555073E-05   4   0 0  1 2  0 1  0 0
   167  0.3511783984391506E-05   4   0 0  0 3  0 1  0 0
   168  -.5647263906518033E-02   4   3 0  0 0  0 0  1 0
   169  -.3376017747948255E-02   4   2 1  0 0  0 0  1 0
   170  -.5312354830989350E-03   4   1 2  0 0  0 0  1 0
   171  -.4257579674254474E-04   4   0 3  0 0  0 0  1 0
   172  0.6144603140653372E-06   4   2 0  1 0  0 0  1 0
   173  0.2394420078436623E-04   4   1 1  1 0  0 0  1 0
   174  0.2005952802047743E-04   4   0 2  1 0  0 0  1 0
   175  -.5647237365886718E-02   4   1 0  2 0  0 0  1 0
   176  0.1134819771204660E-02   4   0 1  2 0  0 0  1 0
   177  -.8620378132762278E-06   4   0 0  3 0  0 0  1 0
   178  -.3542892482128854E-04   4   2 0  0 1  0 0  1 0
   179  -.2152237004198920E-04   4   1 1  0 1  0 0  1 0
   180  0.5041173031274818E-08   4   0 2  0 1  0 0  1 0
   181  -.4856185941508416E-02   4   1 0  1 1  0 0  1 0
   182  -.2927256075093073E-03   4   0 1  1 1  0 0  1 0
   183  -.5979736504739665E-04   4   0 0  2 1  0 0  1 0
   184  -.3642209255144361E-03   4   1 0  0 2  0 0  1 0
   185  -.5449458088922892E-04   4   0 1  0 2  0 0  1 0
   186  -.1649100466022699E-05   4   0 0  1 2  0 0  1 0
   187  0.3500056139137609E-05   4   0 0  0 3  0 0  1 0
   188  0.2262974624381809E-01   4   3 0  0 0  0 0  0 1
   189  0.6867980256286707E-02   4   2 1  0 0  0 0  0 1
   190  0.7276036142573954E-03   4   1 2  0 0  0 0  0 1
   191  0.4179938547373640E-04   4   0 3  0 0  0 0  0 1
   192  0.4623823606594792E-08   4   2 0  1 0  0 0  0 1
   193  -.9500059709366565E-04   4   1 1  1 0  0 0  0 1
   194  -.1852598195055210E-04   4   0 2  1 0  0 0  0 1
   195  0.2262974573640231E-01   4   1 0  2 0  0 0  0 1
   196  -.2238558333574754E-02   4   0 1  2 0  0 0  0 1
   197  0.3306093421079563E-08   4   0 0  3 0  0 0  0 1
   198  -.7516303162106625E-09   4   2 0  0 1  0 0  0 1
   199  -.2109112628213487E-09   4   1 1  0 1  0 0  0 1
   200  -.1170969374558193E-05   4   0 2  0 1  0 0  0 1
   201  0.9660127299232097E-02   4   1 0  1 1  0 0  0 1
   202  0.3850478350728103E-03   4   0 1  1 1  0 0  0 1
   203  0.9500384392882862E-04   4   0 0  2 1  0 0  0 1
   204  0.4505099757356616E-03   4   1 0  0 2  0 0  0 1
   205  0.4862274422471049E-04   4   0 1  0 2  0 0  0 1
   206  0.6175754495309470E-05   4   0 0  1 2  0 0  0 1
   207  -.1170930795303841E-05   4   0 0  0 3  0 0  0 1
   208  0.4562977847219785E-06   4   2 0  0 0  0 2  0 0
   209  0.3279806770219464E-01   4   1 1  0 0  0 2  0 0
   210  0.8296731811629814E-02   4   0 2  0 0  0 2  0 0
   211  0.4154019026036756E-06   4   1 0  1 0  0 2  0 0
   212  0.1950282922071590E-06   4   0 1  1 0  0 2  0 0
   213  -.1488233944926036E-06   4   0 0  2 0  0 2  0 0
   214  0.2183311144637356E-06   4   1 0  0 1  0 2  0 0
   215  0.9232927293413777E-07   4   0 1  0 1  0 2  0 0
   216  -.3279789733393345E-01   4   0 0  1 1  0 2  0 0
   217  -.8296713380811449E-02   4   0 0  0 2  0 2  0 0
   218  0.5412805348729952E-06   4   2 0  0 0  0 1  1 0
   219  0.2191394331769948E-01   4   1 1  0 0  0 1  1 0
   220  0.8296670947719128E-02   4   0 2  0 0  0 1  1 0
   221  0.5076543807095047E-06   4   1 0  1 0  0 1  1 0
   222  0.1457911115562630E-06   4   0 1  1 0  0 1  1 0
   223  -.1802709877020827E-06   4   0 0  2 0  0 1  1 0
   224  0.1942350219303982E-06   4   1 0  0 1  0 1  1 0
   225  0.9788838156231209E-07   4   0 1  0 1  0 1  1 0
   226  -.2191370546824476E-01   4   0 0  1 1  0 1  1 0
   227  -.8296641098342742E-02   4   0 0  0 2  0 1  1 0
   228  0.4538701247520991E-06   4   2 0  0 0  0 0  2 0
   229  0.3265194472510235E-01   4   1 1  0 0  0 0  2 0
   230  0.8255170649568669E-02   4   0 2  0 0  0 0  2 0
   231  0.4131669657854725E-06   4   1 0  1 0  0 0  2 0
   232  0.1941335420095918E-06   4   0 1  1 0  0 0  2 0
   233  -.1480253747658630E-06   4   0 0  2 0  0 0  2 0
   234  0.2172776519823335E-06   4   1 0  0 1  0 0  2 0
   235  0.9185748044855352E-07   4   0 1  0 1  0 0  2 0
   236  -.3265177532295505E-01   4   0 0  1 1  0 0  2 0
   237  -.8255152330143331E-02   4   0 0  0 2  0 0  2 0
   238  -.7298214471207565E-06   4   2 0  0 0  0 1  0 1
   239  -.4375496140995414E-01   4   1 1  0 0  0 1  0 1
   240  -.8296706913099883E-02   4   0 2  0 0  0 1  0 1
   241  -.6643778099346101E-06   4   1 0  1 0  0 1  0 1
   242  -.2562128803170375E-06   4   0 1  1 0  0 1  0 1
   243  0.2380375284156896E-06   4   0 0  2 0  0 1  0 1
   244  -.2822880903256291E-06   4   1 0  0 1  0 1  0 1
   245  -.9172752260867437E-07   4   0 1  0 1  0 1  0 1
   246  0.4375476695882750E-01   4   0 0  1 1  0 1  0 1
   247  0.8296690693051684E-02   4   0 0  0 2  0 1  0 1
   248  -.7273841579690884E-06   4   2 0  0 0  0 0  1 1
   249  -.4360883869318540E-01   4   1 1  0 0  0 0  1 1
   250  -.8268999487123100E-02   4   0 2  0 0  0 0  1 1
   251  -.6621590743347956E-06   4   1 0  1 0  0 0  1 1
   252  -.2553572397008270E-06   4   0 1  1 0  0 0  1 1
   253  0.2372425856370408E-06   4   0 0  2 0  0 0  1 1
   254  -.2813453697439930E-06   4   1 0  0 1  0 0  1 1
   255  -.9142119220923559E-07   4   0 1  0 1  0 0  1 1
   256  0.4360864489144176E-01   4   0 0  1 1  0 0  1 1
   257  0.8268983321242871E-02   4   0 0  0 2  0 0  1 1
   258  -.2239403868521443E-12   4   2 0  0 0  0 0  0 2
   259  -.6853614441999334E-13   4   1 1  0 0  0 0  0 2
   260  -.5789024049589513E-14   4   0 2  0 0  0 0  0 2
   261  -.1298958338378679E-12   4   1 0  1 0  0 0  0 2
   262  -.1929496246357367E-13   4   0 1  1 0  0 0  0 2
   263  -.9759911825085469E-13   4   0 0  2 0  0 0  0 2
   264  -.1447925536614543E-13   4   1 0  0 1  0 0  0 2
   265  -.3202092642937172E-14   4   0 1  0 1  0 0  0 2
   266  -.3568596581268808E-13   4   0 0  1 1  0 0  0 2
   267  -.2674507566051572E-14   4   0 0  0 2  0 0  0 2
   268  -.5628291484942864E-05   4   1 0  0 0  0 3  0 0
   269  -.2350183282889131E-05   4   0 1  0 0  0 3  0 0
   270  0.3863453500446305E-05   4   0 0  1 0  0 3  0 0
   271  0.1613244604882775E-05   4   0 0  0 1  0 3  0 0
   272  -.3379297688753336E-05   4   1 0  0 0  0 2  1 0
   273  -.2776650016480248E-05   4   0 1  0 0  0 2  1 0
   274  0.2319624229513862E-05   4   0 0  1 0  0 2  1 0
   275  0.1905976293505845E-05   4   0 0  0 1  0 2  1 0
   276  -.3390469537856774E-05   4   1 0  0 0  0 1  2 0
   277  -.2774474377182155E-05   4   0 1  0 0  0 1  2 0
   278  0.2327293184212804E-05   4   0 0  1 0  0 1  2 0
   279  0.1904482908854016E-05   4   0 0  0 1  0 1  2 0
   280  -.5594473632451776E-05   4   1 0  0 0  0 0  3 0
   281  -.2333789503489104E-05   4   0 1  0 0  0 0  3 0
   282  0.3840239829913560E-05   4   0 0  1 0  0 0  3 0
   283  0.1601991380845081E-05   4   0 0  0 1  0 0  3 0
   284  0.6754708634327221E-05   4   1 0  0 0  0 2  0 1
   285  0.2136593918654670E-05   4   0 1  0 0  0 2  0 1
   286  -.4636666229332587E-05   4   0 0  1 0  0 2  0 1
   287  -.1466629800381720E-05   4   0 0  0 1  0 2  0 1
   288  0.4513188453898260E-05   4   1 0  0 0  0 1  1 1
   289  0.2561620755060430E-05   4   0 1  0 0  0 1  1 1
   290  -.3097940534118737E-05   4   0 0  1 0  0 1  1 1
   291  -.1758372065229778E-05   4   0 0  0 1  0 1  1 1
   292  0.6724614765808398E-05   4   1 0  0 0  0 0  2 1
   293  0.2125181260890463E-05   4   0 1  0 0  0 0  2 1
   294  -.4616008868871694E-05   4   0 0  1 0  0 0  2 1
   295  -.1458795786329084E-05   4   0 0  0 1  0 0  2 1
   296  -.4460547100853887E-10   4   0 0  0 0  0 4  0 0
   297  0.2220714270241079E-09   4   0 0  0 0  0 3  1 0
   298  0.2041965735034528E-09   4   0 0  0 0  0 2  2 0
   299  0.2203497059155339E-09   4   0 0  0 0  0 1  3 0
   300  -.4467679536757833E-10   4   0 0  0 0  0 0  4 0
   301  0.5793299939234890E-10   4   0 0  0 0  0 3  0 1
   302  -.2445269077816134E-09   4   0 0  0 0  0 2  1 1
   303  -.2430127477710421E-09   4   0 0  0 0  0 1  2 1
   304  0.5804973538035009E-10   4   0 0  0 0  0 0  3 1
   ----------------------------------------------------
     I  COEFFICIENT            ORDER EXPONENTS
     1  -.3675673914178449E-04   0   0 0  0 0  0 0  0 0
     2  0.1102208660017565E-05   1   1 0  0 0  0 0  0 0
     3  0.1238931560560345E-06   1   0 1  0 0  0 0  0 0
     4   1.000003712335256       1   0 0  1 0  0 0  0 0
     5  0.2600003225085289       1   0 0  0 1  0 0  0 0
     6  0.2942532681757306E-10   1   0 0  0 0  0 1  0 0
     7  0.2932705888276124E-10   1   0 0  0 0  0 0  1 0
     8  -.5875225284705224E-10   1   0 0  0 0  0 0  0 1
     9  0.2326399363307554E-06   2   2 0  0 0  0 0  0 0
    10  0.3090989558427581E-07   2   1 1  0 0  0 0  0 0
    11  0.1950551896842443E-08   2   0 2  0 0  0 0  0 0
    12  -.8735668226746933E-01   2   1 0  1 0  0 0  0 0
    13  -.6148826397681209E-02   2   0 1  1 0  0 0  0 0
    14  -.2453931627917728E-06   2   0 0  2 0  0 0  0 0
    15  -.6148821908696703E-02   2   1 0  0 1  0 0  0 0
    16  -.7994397919514326E-03   2   0 1  0 1  0 0  0 0
    17  -.3387101515908177E-07   2   0 0  1 1  0 0  0 0
    18  -.2182464872224486E-08   2   0 0  0 2  0 0  0 0
    19  -.5666075741415865E-06   2   1 0  0 0  0 1  0 0
    20  -.1278914849617752E-06   2   0 1  0 0  0 1  0 0
    21  -.1859272100095277E-05   2   0 0  1 0  0 1  0 0
    22  -.1302177652717442       2   0 0  0 1  0 1  0 0
    23  -.5647153489993880E-06   2   1 0  0 0  0 0  1 0
    24  -.1274643825114399E-06   2   0 1  0 0  0 0  1 0
    25  -.1853062932455201E-05   2   0 0  1 0  0 0  1 0
    26  -.1297828940475453       2   0 0  0 1  0 0  1 0
    27  0.1131323571089722E-05   2   1 0  0 0  0 0  0 1
    28  0.1314630573732810E-06   2   0 1  0 0  0 0  0 1
    29  0.3712336176656448E-05   2   0 0  1 0  0 0  0 1
    30  0.3368111910958157E-06   2   0 0  0 1  0 0  0 1
    31  -.1990216202691801E-10   2   0 0  0 0  0 2  0 0
    32  -.1215389435826451E-10   2   0 0  0 0  0 1  1 0
    33  -.1981540304035361E-10   2   0 0  0 0  0 0  2 0
    34  0.2942532640980367E-10   2   0 0  0 0  0 1  0 1
    35  0.2932705849919797E-10   2   0 0  0 0  0 0  1 1
    36  0.2367366625780311E-04   3   3 0  0 0  0 0  0 0
    37  0.3550015590218095E-05   3   2 1  0 0  0 0  0 0
    38  0.2592434597903067E-05   3   1 2  0 0  0 0  0 0
    39  0.3239138151752415E-06   3   0 3  0 0  0 0  0 0
    40  0.4915960553891238E-03   3   2 0  1 0  0 0  0 0
    41  0.1536134479679915E-03   3   1 1  1 0  0 0  0 0
    42  0.4832189149413294E-05   3   0 2  1 0  0 0  0 0
    43  -.7133064726975873E-04   3   1 0  2 0  0 0  0 0
    44  0.1076326494922486E-04   3   0 1  2 0  0 0  0 0
    45  0.6305733621025553E-03   3   0 0  3 0  0 0  0 0
    46  -.2031685449405556E-04   3   2 0  0 1  0 0  0 0
    47  0.8364270867520979E-05   3   1 1  0 1  0 0  0 0
    48  0.1300012226696451       3   0 2  0 1  0 0  0 0
    49  0.7154926921203937E-05   3   1 0  1 1  0 0  0 0
    50  0.3732694763807873E-05   3   0 1  1 1  0 0  0 0
    51  0.9675983736331059E-04   3   0 0  2 1  0 0  0 0
    52  0.2260581732230288E-05   3   1 0  0 2  0 0  0 0
    53  0.6903656959837587E-06   3   0 1  0 2  0 0  0 0
    54  0.1160342109909105E-04   3   0 0  1 2  0 0  0 0
    55  0.1300009523001058       3   0 0  0 3  0 0  0 0
    56  -.1220447595145822E-06   3   2 0  0 0  0 1  0 0
    57  -.3321988380142300E-07   3   1 1  0 0  0 1  0 0
    58  -.3692114693936197E-08   3   0 2  0 0  0 1  0 0
    59  0.4375141363330458E-01   3   1 0  1 0  0 1  0 0
    60  0.6159106392600599E-02   3   0 1  1 0  0 1  0 0
    61  0.1279505097437789E-06   3   0 0  2 0  0 1  0 0
    62  0.6159100815198249E-02   3   1 0  0 1  0 1  0 0
    63  0.1201163575515053E-02   3   0 1  0 1  0 1  0 0
    64  0.2957327489400159E-07   3   0 0  1 1  0 1  0 0
    65  0.2202140260365828E-08   3   0 0  0 2  0 1  0 0
    66  -.1216371826078007E-06   3   2 0  0 0  0 0  1 0
    67  -.3310894370422969E-07   3   1 1  0 0  0 0  1 0
    68  -.3679784621849051E-08   3   0 2  0 0  0 0  1 0
    69  0.4360530276458063E-01   3   1 0  1 0  0 0  1 0
    70  0.6138537631254272E-02   3   0 1  1 0  0 0  1 0
    71  0.1275232101760697E-06   3   0 0  2 0  0 0  1 0
    72  0.6138532072478042E-02   3   1 0  0 1  0 0  1 0
    73  0.1197152206763483E-02   3   0 1  0 1  0 0  1 0
    74  0.2947451289920124E-07   3   0 0  1 1  0 0  1 0
    75  0.2194786060902553E-08   3   0 0  0 2  0 0  1 0
    76  0.2403330363681869E-06   3   2 0  0 0  0 0  0 1
    77  0.3144335309973700E-07   3   1 1  0 0  0 0  0 1
    78  0.2269954243511502E-08   3   0 2  0 0  0 0  0 1
    79  -.8735673380694065E-01   3   1 0  1 0  0 0  0 1
    80  -.6148826591654239E-02   3   0 1  1 0  0 0  0 1
    81  -.2602596048260371E-06   3   0 0  2 0  0 0  0 1
    82  -.6148817241267980E-02   3   1 0  0 1  0 0  0 1
    83  -.7994390670160529E-03   3   0 1  0 1  0 0  0 1
    84  -.3274350305266835E-07   3   0 0  1 1  0 0  0 1
    85  -.1811962725620304E-08   3   0 0  0 2  0 0  0 1
    86  0.4247207520871093E-06   3   1 0  0 0  0 2  0 0
    87  0.1146190863750969E-06   3   0 1  0 0  0 2  0 0
    88  0.1393680414795275E-05   3   0 0  1 0  0 2  0 0
    89  0.9760929729050270E-01   3   0 0  0 1  0 2  0 0
    90  0.2837751593224685E-06   3   1 0  0 0  0 1  1 0
    91  0.1127320893064085E-06   3   0 1  0 0  0 1  1 0
    92  0.9311796197137493E-06   3   0 0  1 0  0 1  1 0
    93  0.6521719335315922E-01   3   0 0  0 1  0 1  1 0
    94  0.4228285245118648E-06   3   1 0  0 0  0 0  2 0
    95  0.1140480697554462E-06   3   0 1  0 0  0 0  2 0
    96  0.1387471253423400E-05   3   0 0  1 0  0 0  2 0
    97  0.9717442563651733E-01   3   0 0  0 1  0 0  2 0
    98  -.5666080761917410E-06   3   1 0  0 0  0 1  0 1
    99  -.1316828645084922E-06   3   0 1  0 0  0 1  0 1
   100  -.1859270298044919E-05   3   0 0  1 0  0 1  0 1
   101  -.3373745185358204E-06   3   0 0  0 1  0 1  0 1
   102  -.5647158493729113E-06   3   1 0  0 0  0 0  1 1
   103  -.1312431004842135E-06   3   0 1  0 0  0 0  1 1
   104  -.1853061136422914E-05   3   0 0  1 0  0 0  1 1
   105  -.3362478330211836E-06   3   0 0  0 1  0 0  1 1
   106  -.6240499342476380E-10   3   0 0  0 0  0 3  0 0
   107  -.8022533766842885E-10   3   0 0  0 0  0 2  1 0
   108  -.8013502531630816E-10   3   0 0  0 0  0 1  2 0
   109  -.6195887428515682E-10   3   0 0  0 0  0 0  3 0
   110  0.5261375331481772E-10   3   0 0  0 0  0 2  0 1
   111  0.6771788884507548E-10   3   0 0  0 0  0 1  1 1
   112  0.5232497176611702E-10   3   0 0  0 0  0 0  2 1
   113  -.8684921035956391E-08   4   4 0  0 0  0 0  0 0
   114  0.8458899538168436E-06   4   3 1  0 0  0 0  0 0
   115  0.3881963946366910E-06   4   2 2  0 0  0 0  0 0
   116  0.9010975690815453E-07   4   1 3  0 0  0 0  0 0
   117  0.1379138436247649E-04   4   0 4  0 0  0 0  0 0
   118  0.3897930005596514E-02   4   3 0  1 0  0 0  0 0
   119  -.1664845448224111       4   2 1  1 0  0 0  0 0
   120  -.1089170824317709       4   1 2  1 0  0 0  0 0
   121  -.1180280332440218E-01   4   0 3  1 0  0 0  0 0
   122  0.9907901513268854E-05   4   2 0  2 0  0 0  0 0
   123  0.3079420148724878E-05   4   1 1  2 0  0 0  0 0
   124  -.7302695948820079E-07   4   0 2  2 0  0 0  0 0
   125  0.1292565544790457E-02   4   1 0  3 0  0 0  0 0
   126  -.1678868643910678       4   0 1  3 0  0 0  0 0
   127  0.1604602869761672E-05   4   0 0  4 0  0 0  0 0
   128  -.1675384575927268       4   3 0  0 1  0 0  0 0
   129  -.2157930103619756E-01   4   2 1  0 1  0 0  0 0
   130  -.1910114061018076E-01   4   1 2  0 1  0 0  0 0
   131  -.2467287482005166E-02   4   0 3  0 1  0 0  0 0
   132  0.1087025382072542E-05   4   2 0  1 1  0 0  0 0
   133  0.8900941667719032E-06   4   1 1  1 1  0 0  0 0
   134  0.2578493571353411E-07   4   0 2  1 1  0 0  0 0
   135  -.1675346481852761       4   1 0  2 1  0 0  0 0
   136  -.6545446270533829E-01   4   0 1  2 1  0 0  0 0
   137  -.1493619256524268E-06   4   0 0  3 1  0 0  0 0
   138  0.3157158888593835E-06   4   2 0  0 2  0 0  0 0
   139  0.1046689631395366E-06   4   1 1  0 2  0 0  0 0
   140  0.8271076896153450E-04   4   0 2  0 2  0 0  0 0
   141  -.1527928548851514       4   1 0  1 2  0 0  0 0
   142  -.2837860770461548E-01   4   0 1  1 2  0 0  0 0
   143  -.3330168447634163E-06   4   0 0  2 2  0 0  0 0
   144  -.1489531437836730E-01   4   1 0  0 3  0 0  0 0
   145  -.3271393350481763E-02   4   0 1  0 3  0 0  0 0
   146  -.8110932770687129E-07   4   0 0  1 3  0 0  0 0
   147  0.6891247738918681E-04   4   0 0  0 4  0 0  0 0
   148  0.1186192199893859E-04   4   3 0  0 0  0 1  0 0
   149  0.1527645395561123E-05   4   2 1  0 0  0 1  0 0
   150  0.2005402409319694E-05   4   1 2  0 0  0 1  0 0
   151  0.3163274586333478E-06   4   0 3  0 0  0 1  0 0
   152  -.5105438888958037E-03   4   2 0  1 0  0 1  0 0
   153  -.1449444594609566E-03   4   1 1  1 0  0 1  0 0
   154  0.1203030512420107E-04   4   0 2  1 0  0 1  0 0
   155  0.5944428967872931E-04   4   1 0  2 0  0 1  0 0
   156  0.4635867373114231E-05   4   0 1  2 0  0 1  0 0
   157  -.5797126581773192E-03   4   0 0  3 0  0 1  0 0
   158  0.6507894213646443E-04   4   2 0  0 1  0 1  0 0
   159  0.3217575867577254E-05   4   1 1  0 1  0 1  0 0
   160  -.1953236330633671       4   0 2  0 1  0 1  0 0
   161  0.5875042304316309E-04   4   1 0  1 1  0 1  0 0
   162  0.1105631122334702E-04   4   0 1  1 1  0 1  0 0
   163  -.1158333942146641E-03   4   0 0  2 1  0 1  0 0
   164  0.9947941449837251E-05   4   1 0  0 2  0 1  0 0
   165  0.2328284976668616E-05   4   0 1  0 2  0 1  0 0
   166  -.9903492646679925E-06   4   0 0  1 2  0 1  0 0
   167  -.1953255360086629       4   0 0  0 3  0 1  0 0
   168  0.1182230829085303E-04   4   3 0  0 0  0 0  1 0
   169  0.1522543718213774E-05   4   2 1  0 0  0 0  1 0
   170  0.1998705229415458E-05   4   1 2  0 0  0 0  1 0
   171  0.3152710612293992E-06   4   0 3  0 0  0 0  1 0
   172  -.5088388923039770E-03   4   2 0  1 0  0 0  1 0
   173  -.1444604074240882E-03   4   1 1  1 0  0 0  1 0
   174  0.1199012908904320E-04   4   0 2  1 0  0 0  1 0
   175  0.5924577136619128E-04   4   1 0  2 0  0 0  1 0
   176  0.4620385573718011E-05   4   0 1  2 0  0 0  1 0
   177  -.5777766677014531E-03   4   0 0  3 0  0 0  1 0
   178  0.6486160651271379E-04   4   2 0  0 1  0 0  1 0
   179  0.3206830550709849E-05   4   1 1  0 1  0 0  1 0
   180  -.1946713362953492       4   0 2  0 1  0 0  1 0
   181  0.5855422194619561E-04   4   1 0  1 1  0 0  1 0
   182  0.1101938790810822E-04   4   0 1  1 1  0 0  1 0
   183  -.1154465605914927E-03   4   0 0  2 1  0 0  1 0
   184  0.9914719612037163E-05   4   1 0  0 2  0 0  1 0
   185  0.2320509508122005E-05   4   0 1  0 2  0 0  1 0
   186  -.9870419248860743E-06   4   0 0  1 2  0 0  1 0
   187  -.1946732328856283       4   0 0  0 3  0 0  1 0
   188  0.6392917288755293E-09   4   3 0  0 0  0 0  0 1
   189  0.1706102343185085E-09   4   2 1  0 0  0 0  0 1
   190  -.4346006526522532E-06   4   1 2  0 0  0 0  0 1
   191  -.5650622695484594E-07   4   0 3  0 0  0 0  0 1
   192  0.1053670151192216E-02   4   2 0  1 0  0 0  0 1
   193  0.2348399796358089E-03   4   1 1  1 0  0 0  0 1
   194  -.5708454512830505E-05   4   0 2  1 0  0 0  0 1
   195  -.9500528788821087E-04   4   1 0  2 0  0 0  0 1
   196  -.1443527240739907E-08   4   0 1  2 0  0 0  0 1
   197  0.1192065847391649E-02   4   0 0  3 0  0 0  0 1
   198  -.8666237196104046E-04   4   2 0  0 1  0 0  0 1
   199  0.2866966500618268E-05   4   1 1  0 1  0 0  0 1
   200  -.7980363961065127E-06   4   0 2  0 1  0 0  0 1
   201  -.3705188489676258E-04   4   1 0  1 1  0 0  0 1
   202  -.4683970258672234E-05   4   0 1  1 1  0 0  0 1
   203  0.1661721708198925E-03   4   0 0  2 1  0 0  0 1
   204  -.4515122491267540E-05   4   1 0  0 2  0 0  0 1
   205  -.7784354298498915E-06   4   0 1  0 2  0 0  0 1
   206  0.4860764750841524E-05   4   0 0  1 2  0 0  0 1
   207  -.7564952506737082E-07   4   0 0  0 3  0 0  0 1
   208  0.8082045803327225E-07   4   2 0  0 0  0 2  0 0
   209  0.3393031055335422E-07   4   1 1  0 0  0 2  0 0
   210  0.3453290134239554E-04   4   0 2  0 0  0 2  0 0
   211  -.3279532383995174E-01   4   1 0  1 0  0 2  0 0
   212  -.6159120681852598E-02   4   0 1  1 0  0 2  0 0
   213  -.7340356168540238E-07   4   0 0  2 0  0 2  0 0
   214  -.6159121922321336E-02   4   1 0  0 1  0 2  0 0
   215  -.1401358692619502E-02   4   0 1  0 1  0 2  0 0
   216  -.2845886615463218E-07   4   0 0  1 1  0 2  0 0
   217  0.1035826501439398E-03   4   0 0  0 2  0 2  0 0
   218  0.4818255471546169E-07   4   2 0  0 0  0 1  1 0
   219  0.3302249357612205E-07   4   1 1  0 0  0 1  1 0
   220  0.4140202390866708E-04   4   0 2  0 0  0 1  1 0
   221  -.2191199817032764E-01   4   1 0  1 0  0 1  1 0
   222  -.6159071680903276E-02   4   0 1  1 0  0 1  1 0
   223  -.4303690716062426E-07   4   0 0  2 0  0 1  1 0
   224  -.6159071666975186E-02   4   1 0  0 1  0 1  1 0
   225  -.1680121434857673E-02   4   0 1  0 1  0 1  1 0
   226  -.3003776270044608E-07   4   0 0  1 1  0 1  1 0
   227  0.1241872192581075E-03   4   0 0  0 2  0 1  1 0
   228  0.8047009806664764E-07   4   2 0  0 0  0 0  2 0
   229  0.3376185749614054E-07   4   1 1  0 0  0 0  2 0
   230  0.3434844387269138E-04   4   0 2  0 0  0 0  2 0
   231  -.3264921327415397E-01   4   1 0  1 0  0 0  2 0
   232  -.6128267550074291E-02   4   0 1  1 0  0 0  2 0
   233  -.7308656307971672E-07   4   0 0  2 0  0 0  2 0
   234  -.6128268786423649E-02   4   1 0  0 1  0 0  2 0
   235  -.1393873317634503E-02   4   0 1  0 1  0 0  2 0
   236  -.2831366922250028E-07   4   0 0  1 1  0 0  2 0
   237  0.1030293628274364E-03   4   0 0  0 2  0 0  2 0
   238  -.1086128271257862E-06   4   2 0  0 0  0 1  0 1
   239  -.3383014562904293E-07   4   1 1  0 0  0 1  0 1
   240  -.3434041007482636E-08   4   0 2  0 0  0 1  0 1
   241  0.4375133304933210E-01   4   1 0  1 0  0 1  0 1
   242  0.6159103630058236E-02   4   0 1  1 0  0 1  0 1
   243  0.1001688331837203E-06   4   0 0  2 0  0 1  0 1
   244  0.6159104764860424E-02   4   1 0  0 1  0 1  0 1
   245  0.1201163911526685E-02   4   0 1  0 1  0 1  0 1
   246  0.2887352096975294E-07   4   0 0  1 1  0 1  0 1
   247  0.2616399629152520E-08   4   0 0  0 2  0 1  0 1
   248  -.1082501070852655E-06   4   2 0  0 0  0 0  1 1
   249  -.3371716752030471E-07   4   1 1  0 0  0 0  1 1
   250  -.3422572790272438E-08   4   0 2  0 0  0 0  1 1
   251  0.4360522244972390E-01   4   1 0  1 0  0 0  1 1
   252  0.6138534877937611E-02   4   0 1  1 0  0 0  1 1
   253  0.9983431244438600E-07   4   0 0  2 0  0 0  1 1
   254  0.6138536008950048E-02   4   1 0  0 1  0 0  1 1
   255  0.1197152541653043E-02   4   0 1  0 1  0 0  1 1
   256  0.2877709585153004E-07   4   0 0  1 1  0 0  1 1
   257  0.2607661981817993E-08   4   0 0  0 2  0 0  1 1
   258  -.1712902660837124E-13   4   2 0  0 0  0 0  0 2
   259  -.3492490389632650E-14   4   1 1  0 0  0 0  0 2
   260  -.2094965854168501E-15   4   0 2  0 0  0 0  0 2
   261  -.4667116620352586E-14   4   1 0  1 0  0 0  0 2
   262  0.2842652030248118E-15   4   0 1  1 0  0 0  0 2
   263  0.3633693558677626E-13   4   0 0  2 0  0 0  0 2
   264  -.2288608869569439E-14   4   1 0  0 1  0 0  0 2
   265  -.1174539986175259E-15   4   0 1  0 1  0 0  0 2
   266  0.8376974259025670E-14   4   0 0  1 1  0 0  0 2
   267  0.5147906689740266E-15   4   0 0  0 2  0 0  0 2
   268  0.5988013447188538E-06   4   1 0  0 0  0 3  0 0
   269  0.1392681570536989E-06   4   0 1  0 0  0 3  0 0
   270  0.8723381216970022E-06   4   0 0  1 0  0 3  0 0
   271  -.8133147028800128E-01   4   0 0  0 1  0 3  0 0
   272  0.7074582850698620E-06   4   1 0  0 0  0 2  1 0
   273  0.1966559982649257E-06   4   0 1  0 0  0 2  1 0
   274  0.1030629761115720E-05   4   0 0  1 0  0 2  1 0
   275  -.4883166203712228E-01   4   0 0  0 1  0 2  1 0
   276  0.7069039666331910E-06   4   1 0  0 0  0 1  2 0
   277  0.1963661924800757E-06   4   0 1  0 0  0 1  2 0
   278  0.1029822228927466E-05   4   0 0  1 0  0 1  2 0
   279  -.4899310446896032E-01   4   0 0  0 1  0 1  2 0
   280  0.5946243903061999E-06   4   1 0  0 0  0 0  3 0
   281  0.1382432397106637E-06   4   0 1  0 0  0 0  3 0
   282  0.8662531053415459E-06   4   0 0  1 0  0 0  3 0
   283  -.8084278765430444E-01   4   0 0  0 1  0 0  3 0
   284  -.5443811054991652E-06   4   1 0  0 0  0 2  0 1
   285  -.9912667416677242E-07   4   0 1  0 0  0 2  0 1
   286  -.7930583874342989E-06   4   0 0  1 0  0 2  0 1
   287  -.1444083937381050E-06   4   0 0  0 1  0 2  0 1
   288  -.6526709155973756E-06   4   1 0  0 0  0 1  1 1
   289  -.1413655249690965E-06   4   0 1  0 0  0 1  1 1
   290  -.9508148684820388E-06   4   0 0  1 0  0 1  1 1
   291  -.2059422240255157E-06   4   0 0  0 1  0 1  1 1
   292  -.5414732873760262E-06   4   1 0  0 0  0 0  2 1
   293  -.9855958381210268E-07   4   0 1  0 0  0 0  2 1
   294  -.7888222582093941E-06   4   0 0  1 0  0 0  2 1
   295  -.1435822527714236E-06   4   0 0  0 1  0 0  2 1
   296  0.1006026798372150E-04   4   0 0  0 0  0 4  0 0
   297  0.5750880628827826E-05   4   0 0  0 0  0 3  1 0
   298  0.5180460118834553E-05   4   0 0  0 0  0 2  2 0
   299  0.5781312113444704E-05   4   0 0  0 0  0 1  3 0
   300  0.9983574158928989E-05   4   0 0  0 0  0 0  4 0
   301  -.5208638174446441E-11   4   0 0  0 0  0 3  0 1
   302  0.4025679913738171E-10   4   0 0  0 0  0 2  1 1
   303  0.4002913381929295E-10   4   0 0  0 0  0 1  2 1
   304  -.5249542055495163E-11   4   0 0  0 0  0 0  3 1
   ----------------------------------------------------
     I  COEFFICIENT            ORDER EXPONENTS
     1  -.5761112649170793E-09   0   0 0  0 0  0 0  0 0
     2  0.1436656206461349E-04   1   1 0  0 0  0 0  0 0
     3  0.2574868982638461E-05   1   0 1  0 0  0 0  0 0
     4  0.3680854648464717E-04   1   0 0  1 0  0 0  0 0
     5   1.000005857875896       1   0 0  0 1  0 0  0 0
     6  0.1815264643104716E-09   1   0 0  0 0  0 1  0 0
     7  0.1809202441489980E-09   1   0 0  0 0  0 0  1 0
     8  -.9385582651294862E-09   1   0 0  0 0  0 0  0 1
     9  0.1893600404129011E-05   2   2 0  0 0  0 0  0 0
    10  0.4234222735475569E-06   2   1 1  0 0  0 0  0 0
    11  0.3995837667808568E-07   2   0 2  0 0  0 0  0 0
    12  -.6720020398570506       2   1 0  1 0  0 0  0 0
    13  -.8736369866156968E-01   2   0 1  1 0  0 0  0 0
    14  -.2366098652618665E-05   2   0 0  2 0  0 0  0 0
    15  -.8736345510962125E-01   2   1 0  0 1  0 0  0 0
    16  -.1656569533988085E-01   2   0 1  0 1  0 0  0 0
    17  -.5899530907380898E-06   2   0 0  1 1  0 0  0 0
    18  -.5386709639929228E-07   2   0 0  0 2  0 0  0 0
    19  -.3653287677290184E-12   2   1 0  0 0  0 1  0 0
    20  -.1304170431981083E-05   2   0 1  0 0  0 1  0 0
    21  -.2754454432955756E-10   2   0 0  1 0  0 1  0 0
    22  -.2933837803622574E-05   2   0 0  0 1  0 1  0 0
    23  -.3641087887162210E-12   2   1 0  0 0  0 0  1 0
    24  -.1299815064715036E-05   2   0 1  0 0  0 0  1 0
    25  -.2745255751371529E-10   2   0 0  1 0  0 0  1 0
    26  -.2924040049406971E-05   2   0 0  0 1  0 0  1 0
    27  0.1436656289782700E-04   2   1 0  0 0  0 0  0 1
    28  0.2603986478164674E-05   2   0 1  0 0  0 0  0 1
    29  0.3680860173218014E-04   2   0 0  1 0  0 0  0 1
    30  0.5857878336532959E-05   2   0 0  0 1  0 0  0 1
    31  -.4515366582962511E-10   2   0 0  0 0  0 2  0 0
    32  0.9030973516207542E-10   2   0 0  0 0  0 1  1 0
    33  -.4515367094304098E-10   2   0 0  0 0  0 0  2 0
    34  -.7109743738434502E-15   2   0 0  0 0  0 1  0 1
    35  -.7086000350267720E-15   2   0 0  0 0  0 0  1 1
    36  -.1120178844350201E-05   3   3 0  0 0  0 0  0 0
    37  -.7193709298243319E-04   3   2 1  0 0  0 0  0 0
    38  -.1507928523947557E-04   3   1 2  0 0  0 0  0 0
    39  0.1869812864866844E-06   3   0 3  0 0  0 0  0 0
    40  0.1130664087497876E-01   3   2 0  1 0  0 0  0 0
    41  0.4896077003707183E-02   3   1 1  1 0  0 0  0 0
    42  0.2386219506481081E-03   3   0 2  1 0  0 0  0 0
    43  -.1073165506614096E-05   3   1 0  2 0  0 0  0 0
    44  0.7108738052040664E-04   3   0 1  2 0  0 0  0 0
    45  0.1131414797003715E-01   3   0 0  3 0  0 0  0 0
    46  -.1051571809885377E-02   3   2 0  0 1  0 0  0 0
    47  0.2094778668844393E-03   3   1 1  0 1  0 0  0 0
    48  0.2997695442787282E-04   3   0 2  0 1  0 0  0 0
    49  0.1420872345883311E-03   3   1 0  1 1  0 0  0 0
    50  0.1543747358601481E-04   3   0 1  1 1  0 0  0 0
    51  0.3433581299631716E-02   3   0 0  2 1  0 0  0 0
    52  0.1489281708773905E-04   3   1 0  0 2  0 0  0 0
    53  0.2008080410064862E-05   3   0 1  0 2  0 0  0 0
    54  0.3410249904160834E-03   3   0 0  1 2  0 0  0 0
    55  0.1980015776025609E-04   3   0 0  0 3  0 0  0 0
    56  -.5962234607277188E-07   3   2 0  0 0  0 1  0 0
    57  -.1933214880795586E-06   3   1 1  0 0  0 1  0 0
    58  -.4153931452989726E-07   3   0 2  0 0  0 1  0 0
    59  0.7978594337029967E-06   3   1 0  1 0  0 1  0 0
    60  0.4375500759864268E-01   3   0 1  1 0  0 1  0 0
    61  0.3162371321600730E-06   3   0 0  2 0  0 1  0 0
    62  0.4375477311549895E-01   3   1 0  0 1  0 1  0 0
    63  0.1659340521751997E-01   3   0 1  0 1  0 1  0 0
    64  0.3710705914102615E-06   3   0 0  1 1  0 1  0 0
    65  0.5860270796017080E-07   3   0 0  0 2  0 1  0 0
    66  -.5942323312860008E-07   3   2 0  0 0  0 0  1 0
    67  -.1926758776130776E-06   3   1 1  0 0  0 0  1 0
    68  -.4140059111897822E-07   3   0 2  0 0  0 0  1 0
    69  0.7951949269508373E-06   3   1 0  1 0  0 0  1 0
    70  0.4360888472762361E-01   3   0 1  1 0  0 0  1 0
    71  0.3151810364076070E-06   3   0 0  2 0  0 0  1 0
    72  0.4360865102755256E-01   3   1 0  0 1  0 0  1 0
    73  0.1653799039431569E-01   3   0 1  0 1  0 0  1 0
    74  0.3698313755320319E-06   3   0 0  1 1  0 0  1 0
    75  0.5840700016803057E-07   3   0 0  0 2  0 0  1 0
    76  0.2017653947292929E-05   3   2 0  0 0  0 0  0 1
    77  0.3847244585995084E-06   3   1 1  0 0  0 0  0 1
    78  0.3823565231712405E-07   3   0 2  0 0  0 0  0 1
    79  -.6720036365557491       3   1 0  1 0  0 0  0 1
    80  -.8736390599970448E-01   3   0 1  1 0  0 0  0 1
    81  -.2982815215068484E-05   3   0 0  2 0  0 0  0 1
    82  -.8736342639395787E-01   3   1 0  0 1  0 0  0 1
    83  -.1656570672719955E-01   3   0 1  0 1  0 0  0 1
    84  -.7261950246169172E-06   3   0 0  1 1  0 0  0 1
    85  -.6350632522818706E-07   3   0 0  0 2  0 0  0 1
    86  -.3663173665948934E-11   3   1 0  0 0  0 2  0 0
    87  0.9775814350498196E-06   3   0 1  0 0  0 2  0 0
    88  -.4304227443698121E-10   3   0 0  1 0  0 2  0 0
    89  0.2199152618536459E-05   3   0 0  0 1  0 2  0 0
    90  -.5339961677132060E-11   3   1 0  0 0  0 1  1 0
    91  0.6531634454657931E-06   3   0 1  0 0  0 1  1 0
    92  -.5459747732643634E-10   3   0 0  1 0  0 1  1 0
    93  0.1469347146406031E-05   3   0 0  0 1  0 1  1 0
    94  -.3642006519908363E-11   3   1 0  0 0  0 0  2 0
    95  0.9732260921635475E-06   3   0 1  0 0  0 0  2 0
    96  -.4280736582749012E-10   3   0 0  1 0  0 0  2 0
    97  0.2189354903275869E-05   3   0 0  0 1  0 0  2 0
    98  0.3933437058607853E-11   3   1 0  0 0  0 1  0 1
    99  -.1304164985653547E-05   3   0 1  0 0  0 1  0 1
   100  0.6244162370986727E-10   3   0 0  1 0  0 1  0 1
   101  -.2933829833138585E-05   3   0 0  0 1  0 1  0 1
   102  0.3920301010414137E-11   3   1 0  0 0  0 0  1 1
   103  -.1299809636575855E-05   3   0 1  0 0  0 0  1 1
   104  0.6223309550106131E-10   3   0 0  1 0  0 0  1 1
   105  -.2924032105705047E-05   3   0 0  0 1  0 0  1 1
   106  -.5855691538252947E-09   3   0 0  0 0  0 3  0 0
   107  -.5808994795068791E-09   3   0 0  0 0  0 2  1 0
   108  -.5809130737725992E-09   3   0 0  0 0  0 1  2 0
   109  -.5816691023433715E-09   3   0 0  0 0  0 0  3 0
   110  0.6332133403018008E-09   3   0 0  0 0  0 2  0 1
   111  0.5833996256998398E-09   3   0 0  0 0  0 1  1 1
   112  0.6301245270640650E-09   3   0 0  0 0  0 0  2 1
   113  -.8071811169636518E-05   4   4 0  0 0  0 0  0 0
   114  -.5813172089440056E-05   4   3 1  0 0  0 0  0 0
   115  -.1959287955542985E-05   4   2 2  0 0  0 0  0 0
   116  -.2879768099908975E-07   4   1 3  0 0  0 0  0 0
   117  0.2866683799336204E-07   4   0 4  0 0  0 0  0 0
   118  0.4240076379610089E-01   4   3 0  1 0  0 0  0 0
   119  0.2266339346191249E-01   4   2 1  1 0  0 0  0 0
   120  -.1633515495107213       4   1 2  1 0  0 0  0 0
   121  -.6519403588761881E-01   4   0 3  1 0  0 0  0 0
   122  -.1584147850241401E-04   4   2 0  2 0  0 0  0 0
   123  -.8899778920197258E-05   4   1 1  2 0  0 0  0 0
   124  -.1788362054676225E-05   4   0 2  2 0  0 0  0 0
   125  0.1301351546391011E-01   4   1 0  3 0  0 0  0 0
   126  0.1740216652173129E-02   4   0 1  3 0  0 0  0 0
   127  -.7926559331353957E-05   4   0 0  4 0  0 0  0 0
   128  0.7034062688708303E-02   4   3 0  0 1  0 0  0 0
   129  0.1723711689215849       4   2 1  0 1  0 0  0 0
   130  -.2091437753239202E-01   4   1 2  0 1  0 0  0 0
   131  -.1650493031775744E-01   4   0 3  0 1  0 0  0 0
   132  -.7308173223830461E-05   4   2 0  1 1  0 0  0 0
   133  -.5075620128993377E-05   4   1 1  1 1  0 0  0 0
   134  -.9937908538865173E-06   4   0 2  1 1  0 0  0 0
   135  0.6772536316747830E-02   4   1 0  2 1  0 0  0 0
   136  0.5050573998208514       4   0 1  2 1  0 0  0 0
   137  -.1051152854347906E-04   4   0 0  3 1  0 0  0 0
   138  0.3497129123475333E-06   4   2 0  0 2  0 0  0 0
   139  -.2704538966959376E-07   4   1 1  0 2  0 0  0 0
   140  -.7384298465519717E-07   4   0 2  0 2  0 0  0 0
   141  0.1693337227404855       4   1 0  1 2  0 0  0 0
   142  0.1094123863530445       4   0 1  1 2  0 0  0 0
   143  -.8188362433224619E-06   4   0 0  2 2  0 0  0 0
   144  -.2175192793793758E-01   4   1 0  0 3  0 0  0 0
   145  0.1331067918725066E-04   4   0 1  0 3  0 0  0 0
   146  -.4281113409080489E-07   4   0 0  1 3  0 0  0 0
   147  -.1430827016230683E-07   4   0 0  0 4  0 0  0 0
   148  -.4990741428835764E-06   4   3 0  0 0  0 1  0 0
   149  0.1158513080546771E-04   4   2 1  0 0  0 1  0 0
   150  0.2003768052154993E-04   4   1 2  0 0  0 1  0 0
   151  0.4687330301051263E-05   4   0 3  0 0  0 1  0 0
   152  -.5669236136843080E-02   4   2 0  1 0  0 1  0 0
   153  -.4735128443477432E-02   4   1 1  1 0  0 1  0 0
   154  -.2754702198746380E-03   4   0 2  1 0  0 1  0 0
   155  -.4812285315913502E-06   4   1 0  2 0  0 1  0 0
   156  -.1071308935892287E-03   4   0 1  2 0  0 1  0 0
   157  -.5667077373426521E-02   4   0 0  3 0  0 1  0 0
   158  0.1068714192592772E-02   4   2 0  0 1  0 1  0 0
   159  -.2939654831903377E-03   4   1 1  0 1  0 1  0 0
   160  -.3419889923252501E-04   4   0 2  0 1  0 1  0 0
   161  -.1191413922846059E-03   4   1 0  1 1  0 1  0 0
   162  -.6497931205459233E-04   4   0 1  1 1  0 1  0 0
   163  -.3595799530465690E-02   4   0 0  2 1  0 1  0 0
   164  -.1565589912531665E-05   4   1 0  0 2  0 1  0 0
   165  -.3521605714653571E-05   4   0 1  0 2  0 1  0 0
   166  -.5691647827986224E-03   4   0 0  1 2  0 1  0 0
   167  -.3930760336381952E-04   4   0 0  0 3  0 1  0 0
   168  -.4974074503011254E-06   4   3 0  0 0  0 0  1 0
   169  0.1154644146069695E-04   4   2 1  0 0  0 0  1 0
   170  0.1997076330299443E-04   4   1 2  0 0  0 0  1 0
   171  0.4671676637651407E-05   4   0 3  0 0  0 0  1 0
   172  -.5650303331062183E-02   4   2 0  1 0  0 0  1 0
   173  -.4719315154878340E-02   4   1 1  1 0  0 0  1 0
   174  -.2745502680425529E-03   4   0 2  1 0  0 0  1 0
   175  -.4796214356608077E-06   4   1 0  2 0  0 0  1 0
   176  -.1067731225681438E-03   4   0 1  2 0  0 0  1 0
   177  -.5648151776985208E-02   4   0 0  3 0  0 0  1 0
   178  0.1065145147706424E-02   4   2 0  0 1  0 0  1 0
   179  -.2929837651482140E-03   4   1 1  0 1  0 0  1 0
   180  -.3408468964573969E-04   4   0 2  0 1  0 0  1 0
   181  -.1187435113732923E-03   4   1 0  1 1  0 0  1 0
   182  -.6476230915240176E-04   4   0 1  1 1  0 0  1 0
   183  -.3583791109490873E-02   4   0 0  2 1  0 0  1 0
   184  -.1560361516848271E-05   4   1 0  0 2  0 0  1 0
   185  -.3509845069052845E-05   4   0 1  0 2  0 0  1 0
   186  -.5672640176813846E-03   4   0 0  1 2  0 0  1 0
   187  -.3917633290699589E-04   4   0 0  0 3  0 0  1 0
   188  0.3496832674174772E-08   4   3 0  0 0  0 0  0 1
   189  -.4749985737199786E-04   4   2 1  0 0  0 0  0 1
   190  -.1852582810567534E-04   4   1 2  0 0  0 0  0 1
   191  -.2341896093466550E-05   4   0 3  0 0  0 0  0 1
   192  0.2262974200700468E-01   4   2 0  1 0  0 0  0 1
   193  0.9521727767790273E-02   4   1 1  1 0  0 0  0 1
   194  0.3965324843353201E-03   4   0 2  1 0  0 0  0 1
   195  0.4814677711094032E-08   4   1 0  2 0  0 0  0 1
   196  0.1425037537875250E-03   4   0 1  2 0  0 0  0 1
   197  0.2262974149945279E-01   4   0 0  3 0  0 0  0 1
   198  -.2169359218880415E-02   4   2 0  0 1  0 0  0 1
   199  0.3850476184511457E-03   4   1 1  0 1  0 0  0 1
   200  0.4009349581674665E-04   4   0 2  0 1  0 0  0 1
   201  0.1900070039898978E-03   4   1 0  1 1  0 0  0 1
   202  0.4940324647113047E-04   4   0 1  1 1  0 0  0 1
   203  0.7075574259144750E-02   4   0 0  2 1  0 0  0 1
   204  0.6175635078216625E-05   4   1 0  0 2  0 0  0 1
   205  0.2341949274741791E-05   4   0 1  0 2  0 0  0 1
   206  0.7455956364189428E-03   4   0 0  1 2  0 0  0 1
   207  0.4009352156592196E-04   4   0 0  0 3  0 0  0 1
   208  -.1021623320196061E-06   4   2 0  0 0  0 2  0 0
   209  0.1950215099348600E-06   4   1 1  0 0  0 2  0 0
   210  0.4872503300177727E-07   4   0 2  0 0  0 2  0 0
   211  0.6050764028262765E-06   4   1 0  1 0  0 2  0 0
   212  -.3279785235594057E-01   4   0 1  1 0  0 2  0 0
   213  0.3132383206697445E-06   4   0 0  2 0  0 2  0 0
   214  -.3279789734189516E-01   4   1 0  0 1  0 2  0 0
   215  -.1659342373570611E-01   4   0 1  0 1  0 2  0 0
   216  -.8325927505103492E-07   4   0 0  1 1  0 2  0 0
   217  -.3363413177689417E-07   4   0 0  0 2  0 2  0 0
   218  -.1174456422741938E-06   4   2 0  0 0  0 1  1 0
   219  0.1458778616189157E-06   4   1 1  0 0  0 1  1 0
   220  0.4907474656105485E-07   4   0 2  0 0  0 1  1 0
   221  0.7220151467098494E-06   4   1 0  1 0  0 1  1 0
   222  -.2191364883878965E-01   4   0 1  1 0  0 1  1 0
   223  0.3902113499645840E-06   4   0 0  2 0  0 1  1 0
   224  -.2191370542404671E-01   4   1 0  0 1  0 1  1 0
   225  -.1659328149305429E-01   4   0 1  0 1  0 1  1 0
   226  0.2229736198297376E-07   4   0 0  1 1  0 1  1 0
   227  -.2816000926186636E-07   4   0 0  0 2  0 1  1 0
   228  -.1016250449243646E-06   4   2 0  0 0  0 0  2 0
   229  0.1941266375503879E-06   4   1 1  0 0  0 0  2 0
   230  0.4848036813414463E-07   4   0 2  0 0  0 0  2 0
   231  0.6018500985598146E-06   4   1 0  1 0  0 0  2 0
   232  -.3265173058972830E-01   4   0 1  1 0  0 0  2 0
   233  0.3115406707632076E-06   4   0 0  2 0  0 0  2 0
   234  -.3265177533096397E-01   4   1 0  0 1  0 0  2 0
   235  -.1651030164564985E-01   4   0 1  0 1  0 0  2 0
   236  -.8301845677052416E-07   4   0 0  1 1  0 0  2 0
   237  -.3347478712778768E-07   4   0 0  0 2  0 0  2 0
   238  0.1633987515233893E-06   4   2 0  0 0  0 1  0 1
   239  -.2562128224396957E-06   4   1 1  0 0  0 1  0 1
   240  -.4839693567194820E-07   4   0 2  0 0  0 1  0 1
   241  -.9678590255242488E-06   4   1 0  1 0  0 1  0 1
   242  0.4375471554470797E-01   4   0 1  1 0  0 1  0 1
   243  -.5009792216634432E-06   4   0 0  2 0  0 1  0 1
   244  0.4375476695878754E-01   4   1 0  0 1  0 1  0 1
   245  0.1659337849483745E-01   4   0 1  0 1  0 1  0 1
   246  0.1287296526772562E-06   4   0 0  1 1  0 1  0 1
   247  0.3470886840033592E-07   4   0 0  0 2  0 1  0 1
   248  0.1628530701030451E-06   4   2 0  0 0  0 0  1 1
   249  -.2553571820167706E-06   4   1 1  0 0  0 0  1 1
   250  -.4823531076140453E-07   4   0 2  0 0  0 0  1 1
   251  -.9646267934445095E-06   4   1 0  1 0  0 0  1 1
   252  0.4360859364902321E-01   4   0 1  1 0  0 0  1 1
   253  -.4993061669387797E-06   4   0 0  2 0  0 0  1 1
   254  0.4360864489140195E-01   4   1 0  0 1  0 0  1 1
   255  0.1653796376087517E-01   4   0 1  0 1  0 0  1 1
   256  0.1282997511078864E-06   4   0 0  1 1  0 0  1 1
   257  0.3459295573618890E-07   4   0 0  0 2  0 0  1 1
   258  -.1537216921806154E-12   4   2 0  0 0  0 0  0 2
   259  -.4704596746534231E-13   4   1 1  0 0  0 0  0 2
   260  -.3973818366632430E-14   4   0 2  0 0  0 0  0 2
   261  -.8916548670508259E-13   4   1 0  1 0  0 0  0 2
   262  -.1324480810022140E-13   4   0 1  1 0  0 0  0 2
   263  -.6699609983993752E-13   4   0 0  2 0  0 0  0 2
   264  -.9939113351256700E-14   4   1 0  0 1  0 0  0 2
   265  -.2198039774681344E-14   4   0 1  0 1  0 0  0 2
   266  -.2449632521316146E-13   4   0 0  1 1  0 0  0 2
   267  -.1835893819787528E-14   4   0 0  0 2  0 0  0 2
   268  0.3863449123940632E-05   4   1 0  0 0  0 3  0 0
   269  0.1613244147765457E-05   4   0 1  0 0  0 3  0 0
   270  0.5628305148103250E-05   4   0 0  1 0  0 3  0 0
   271  0.2350184740252089E-05   4   0 0  0 1  0 3  0 0
   272  0.2319628617308994E-05   4   1 0  0 0  0 2  1 0
   273  0.1905976397763916E-05   4   0 1  0 0  0 2  1 0
   274  0.3379229503903166E-05   4   0 0  1 0  0 2  1 0
   275  0.2776638138176349E-05   4   0 0  0 1  0 2  1 0
   276  0.2327297528222030E-05   4   1 0  0 0  0 1  2 0
   277  0.1904483010307590E-05   4   0 1  0 0  0 1  2 0
   278  0.3390401762783658E-05   4   0 0  1 0  0 1  2 0
   279  0.2774462566067570E-05   4   0 0  0 1  0 1  2 0
   280  0.3840235468028988E-05   4   1 0  0 0  0 0  3 0
   281  0.1601990925844096E-05   4   0 1  0 0  0 0  3 0
   282  0.5594487340642596E-05   4   0 0  1 0  0 0  3 0
   283  0.2333790973709828E-05   4   0 0  0 1  0 0  3 0
   284  -.4636660403408851E-05   4   1 0  0 0  0 2  0 1
   285  -.1466629390332678E-05   4   0 1  0 0  0 2  0 1
   286  -.6754726782698263E-05   4   0 0  1 0  0 2  0 1
   287  -.2136595370253063E-05   4   0 0  0 1  0 2  0 1
   288  -.3097952185836999E-05   4   1 0  0 0  0 1  1 1
   289  -.1758372178997190E-05   4   0 1  0 0  0 1  1 1
   290  -.4513079959696600E-05   4   0 0  1 0  0 1  1 1
   291  -.2561607506816345E-05   4   0 0  0 1  0 1  1 1
   292  -.4616003042948177E-05   4   1 0  0 0  0 0  2 1
   293  -.1458795377459447E-05   4   0 1  0 0  0 0  2 1
   294  -.6724633034733643E-05   4   0 0  1 0  0 0  2 1
   295  -.2125182729762832E-05   4   0 0  0 1  0 0  2 1
   296  0.3184123480988854E-10   4   0 0  0 0  0 4  0 0
   297  -.5092767403827279E-09   4   0 0  0 0  0 3  1 0
   298  -.4962777148182055E-09   4   0 0  0 0  0 2  2 0
   299  -.5057038204718963E-09   4   0 0  0 0  0 1  3 0
   300  0.3247489828684544E-10   4   0 0  0 0  0 0  4 0
   301  -.4908268502388583E-10   4   0 0  0 0  0 3  0 1
   302  0.5331755113125583E-09   4   0 0  0 0  0 2  1 1
   303  0.5302595952833402E-09   4   0 0  0 0  0 1  2 1
   304  -.4972412869631048E-10   4   0 0  0 0  0 0  3 1
   ----------------------------------------------------
     I  COEFFICIENT            ORDER EXPONENTS
     1  0.7163359935900689E-08   0   0 0  0 0  0 0  0 0
     2  0.1246075123183721E-09   1   1 0  0 0  0 0  0 0
     3  -.5498400127004020E-11   1   0 1  0 0  0 0  0 0
     4  -.1815267252919944E-09   1   0 0  1 0  0 0  0 0
     5  -.1777151103888957E-10   1   0 0  0 1  0 0  0 0
     6   1.000000000000000       1   0 0  0 0  1 0  0 0
     7  0.6478274321401667E-01   1   0 0  0 0  0 1  0 0
     8  -.6478274321401753E-01   1   0 0  0 0  0 0  1 0
     9  -.2374686709412882E-10   2   2 0  0 0  0 0  0 0
    10  0.1859264953446816E-05   2   1 1  0 0  0 0  0 0
    11  -.6510854526173798E-01   2   0 2  0 0  0 0  0 0
    12  0.3249451647529742E-11   2   1 0  1 0  0 0  0 0
    13  -.5666081384867376E-06   2   0 1  1 0  0 0  0 0
    14  -.1660916623531291E-10   2   0 0  2 0  0 0  0 0
    15  -.5666075728967035E-06   2   1 0  0 1  0 0  0 0
    16  -.1316828449646777E-06   2   0 1  0 1  0 0  0 0
    17  -.1859274876337786E-05   2   0 0  1 1  0 0  0 0
    18  -.6510888263604427E-01   2   0 0  0 2  0 0  0 0
    19  -.6198996435215071E-10   2   1 0  0 0  0 1  0 0
    20  0.3074677319504959E-10   2   0 1  0 0  0 1  0 0
    21  0.9030976492888435E-10   2   0 0  1 0  0 1  0 0
    22  0.7314061411644451E-11   2   0 0  0 1  0 1  0 0
    23  0.6199263511038384E-10   2   1 0  0 0  0 0  1 0
    24  0.2268887110005717E-10   2   0 1  0 0  0 0  1 0
    25  -.9030851049341825E-10   2   0 0  1 0  0 0  1 0
    26  -.1207523506050474E-10   2   0 0  0 1  0 0  1 0
    27  -.1133535851544189E-14   2   1 0  0 0  0 0  0 1
    28  -.3789632637881663E-10   2   0 1  0 0  0 0  0 1
    29  -.8713741073652494E-15   2   0 0  1 0  0 0  0 1
    30  0.2942534186543427E-10   2   0 0  0 1  0 0  0 1
    31  -.4866832302419821E-01   2   0 0  0 0  0 2  0 0
    32  0.3255390283436146E-01   2   0 0  0 0  0 1  1 0
    33  0.1611442018982431E-01   2   0 0  0 0  0 0  2 0
    34  0.5459163757037717E-14   2   0 0  0 0  0 1  0 1
    35  0.1814379780345029E-14   2   0 0  0 0  0 0  1 1
    36  0.4064447104618112E-06   3   3 0  0 0  0 0  0 0
    37  -.2187553357930978E-01   3   2 1  0 0  0 0  0 0
    38  -.3079536157361426E-02   3   1 2  0 0  0 0  0 0
    39  -.2001933008488551E-03   3   0 3  0 0  0 0  0 0
    40  0.1263220587266837E-06   3   2 0  1 0  0 0  0 0
    41  -.1934008444068399E-06   3   1 1  1 0  0 0  0 0
    42  -.1684846063078164E-07   3   0 2  1 0  0 0  0 0
    43  0.4064445968809805E-06   3   1 0  2 0  0 0  0 0
    44  0.2187570961895478E-01   3   0 1  2 0  0 0  0 0
    45  0.1263046689943235E-06   3   0 0  3 0  0 0  0 0
    46  -.1120551526626581E-06   3   2 0  0 1  0 0  0 0
    47  -.2983080223908643E-07   3   1 1  0 1  0 0  0 0
    48  -.3366830424309295E-08   3   0 2  0 1  0 0  0 0
    49  0.4375146527319812E-01   3   1 0  1 1  0 0  0 0
    50  0.6159115109424681E-02   3   0 1  1 1  0 0  0 0
    51  0.1553976867736257E-06   3   0 0  2 1  0 0  0 0
    52  0.3079553994436345E-02   3   1 0  0 2  0 0  0 0
    53  0.6005823105582353E-03   3   0 1  0 2  0 0  0 0
    54  0.1777081353922114E-07   3   0 0  1 2  0 0  0 0
    55  0.7939980073027935E-09   3   0 0  0 3  0 0  0 0
    56  -.3112395310230205E-10   3   2 0  0 0  0 1  0 0
    57  -.2787368144814530E-05   3   1 1  0 0  0 1  0 0
    58  0.9760861158318172E-01   3   0 2  0 0  0 1  0 0
    59  -.3950282767605976E-10   3   1 0  1 0  0 1  0 0
    60  0.8494380184779151E-06   3   0 1  1 0  0 1  0 0
    61  -.3596630402496421E-11   3   0 0  2 0  0 1  0 0
    62  0.8494392368669544E-06   3   1 0  0 1  0 1  0 0
    63  0.2349216877758701E-06   3   0 1  0 1  0 1  0 0
    64  0.2787360630926595E-05   3   0 0  1 1  0 1  0 0
    65  0.9760929729056861E-01   3   0 0  0 2  0 1  0 0
    66  -.1957696532358312E-10   3   2 0  0 0  0 0  1 0
    67  -.9311848358041692E-06   3   1 1  0 0  0 0  1 0
    68  0.3260825273582894E-01   3   0 2  0 0  0 0  1 0
    69  -.1605167961654078E-10   3   1 0  1 0  0 0  1 0
    70  0.2837731638969433E-06   3   0 1  1 0  0 0  1 0
    71  -.6523091705784028E-11   3   0 0  2 0  0 0  1 0
    72  0.2837737879538532E-06   3   1 0  0 1  0 0  1 0
    73  0.1146306406428000E-06   3   0 1  0 1  0 0  1 0
    74  0.9311785811093051E-06   3   0 0  1 1  0 0  1 0
    75  0.3260859667656521E-01   3   0 0  0 2  0 0  1 0
    76  0.1878787391543820E-10   3   2 0  0 0  0 0  0 1
    77  0.1859273456276956E-05   3   1 1  0 0  0 0  0 1
    78  0.1686873388679090E-06   3   0 2  0 0  0 0  0 1
    79  0.2922030971559583E-10   3   1 0  1 0  0 0  0 1
    80  -.5666062891141679E-06   3   0 1  1 0  0 0  0 1
    81  -.1518787771531043E-11   3   0 0  2 0  0 0  0 1
    82  -.5666070218359175E-06   3   1 0  0 1  0 0  0 1
    83  -.1316827490803000E-06   3   0 1  0 1  0 0  0 1
    84  -.1859270911802243E-05   3   0 0  1 1  0 0  0 1
    85  -.1686873224955431E-06   3   0 0  0 2  0 0  0 1
    86  0.6917590726973299E-09   3   1 0  0 0  0 2  0 0
    87  0.1539404005623120E-09   3   0 1  0 0  0 2  0 0
    88  -.9809751895547398E-09   3   0 0  1 0  0 2  0 0
    89  -.2343329793378398E-09   3   0 0  0 1  0 2  0 0
    90  0.2823010072096923E-09   3   1 0  0 0  0 1  1 0
    91  0.1119137355985856E-09   3   0 1  0 0  0 1  1 0
    92  -.4634313899225619E-09   3   0 0  1 0  0 1  1 0
    93  -.1604508936378454E-09   3   0 0  0 1  0 1  1 0
    94  0.1415945000524655E-09   3   1 0  0 0  0 0  2 0
    95  0.5593275262992860E-10   3   0 1  0 0  0 0  2 0
    96  -.2321876199065567E-09   3   0 0  1 0  0 0  2 0
    97  -.8021360346742200E-10   3   0 0  0 1  0 0  2 0
    98  -.4885603239281600E-09   3   1 0  0 0  0 1  0 1
    99  -.6810114304429039E-10   3   0 1  0 0  0 1  0 1
   100  0.6588082627216803E-09   3   0 0  1 0  0 1  0 1
   101  0.1052275473807497E-09   3   0 0  0 1  0 1  0 1
   102  -.1861365225268256E-09   3   1 0  0 0  0 0  1 1
   103  -.4261053348970792E-10   3   0 1  0 0  0 0  1 1
   104  0.2795973881586749E-09   3   0 0  1 0  0 0  1 1
   105  0.6771791565906996E-10   3   0 0  0 1  0 0  1 1
   106  0.4057058451051596E-01   3   0 0  0 0  0 3  0 0
   107  -.2437513793415993E-01   3   0 0  0 0  0 2  1 0
   108  -.8178770994518308E-02   3   0 0  0 0  0 1  2 0
   109  -.8016691833198366E-02   3   0 0  0 0  0 0  3 0
   110  -.3197434814424970E-14   3   0 0  0 0  0 2  0 1
   111  0.1033420229441195E-14   3   0 0  0 0  0 1  1 1
   112  0.4341055800909725E-15   3   0 0  0 0  0 0  2 1
   113  -.2258322656987466E-02   4   4 0  0 0  0 0  0 0
   114  -.1086701552767591E-02   4   3 1  0 0  0 0  0 0
   115  -.1748104608152010E-03   4   2 2  0 0  0 0  0 0
   116  -.1430195083396365E-04   4   1 3  0 0  0 0  0 0
   117  -.4883216212216226E-01   4   0 4  0 0  0 0  0 0
   118  -.2751419189037736E-06   4   3 0  1 0  0 0  0 0
   119  -.1200274118084551E-04   4   2 1  1 0  0 0  0 0
   120  0.1389632059004805E-04   4   1 2  1 0  0 0  0 0
   121  0.1337609499392224E-05   4   0 3  1 0  0 0  0 0
   122  -.4516643617463077E-02   4   2 0  2 0  0 0  0 0
   123  -.1017388044339013E-02   4   1 1  2 0  0 0  0 0
   124  0.2662753900248594E-04   4   0 2  2 0  0 0  0 0
   125  -.8981343205643598E-07   4   1 0  3 0  0 0  0 0
   126  0.3567771014862015E-04   4   0 1  3 0  0 0  0 0
   127  -.2258590941115938E-02   4   0 0  4 0  0 0  0 0
   128  0.1186225100395859E-04   4   3 0  0 1  0 0  0 0
   129  -.4657567283050963E-05   4   2 1  0 1  0 0  0 0
   130  0.3971735252606199E-06   4   1 2  0 1  0 0  0 0
   131  0.1581651811157873E-06   4   0 3  0 1  0 0  0 0
   132  -.9480602487583386E-03   4   2 0  1 1  0 0  0 0
   133  -.2947413727255329E-03   4   1 1  1 1  0 0  0 0
   134  -.1758606772490236E-05   4   0 2  1 1  0 0  0 0
   135  0.5944408665802252E-04   4   1 0  2 1  0 0  0 0
   136  0.1082125913337280E-04   4   0 1  2 1  0 0  0 0
   137  -.1017519127261712E-02   4   0 0  3 1  0 0  0 0
   138  -.4019725950930313E-06   4   2 0  0 2  0 0  0 0
   139  -.7025957604815378E-05   4   1 1  0 2  0 0  0 0
   140  -.9766266806160261E-01   4   0 2  0 2  0 0  0 0
   141  0.2937520539972881E-04   4   1 0  1 2  0 0  0 0
   142  0.6332294219826594E-05   4   0 1  1 2  0 0  0 0
   143  -.1388025449173594E-03   4   0 0  2 2  0 0  0 0
   144  0.3315982634996995E-05   4   1 0  0 3  0 0  0 0
   145  0.8250259482237080E-06   4   0 1  0 3  0 0  0 0
   146  -.6010622702873664E-05   4   0 0  1 3  0 0  0 0
   147  -.4883147739585733E-01   4   0 0  0 4  0 0  0 0
   148  0.1989115029375600E-06   4   3 0  0 0  0 1  0 0
   149  0.3279539502331062E-01   4   2 1  0 0  0 1  0 0
   150  0.6159123118393436E-02   4   1 2  0 0  0 1  0 0
   151  0.6012550757313991E-03   4   0 3  0 0  0 1  0 0
   152  0.1365060971426275E-06   4   2 0  1 0  0 1  0 0
   153  0.3874712141841942E-06   4   1 1  1 0  0 1  0 0
   154  0.3485278046661742E-07   4   0 2  1 0  0 1  0 0
   155  0.1989115542416234E-06   4   1 0  2 0  0 1  0 0
   156  -.3279536149852837E-01   4   0 1  2 0  0 1  0 0
   157  0.1365146304497221E-06   4   0 0  3 0  0 1  0 0
   158  0.1666299462857425E-06   4   2 0  0 1  0 1  0 0
   159  0.6679546617611027E-07   4   1 1  0 1  0 1  0 0
   160  0.6906554422292759E-04   4   0 2  0 1  0 1  0 0
   161  -.6559063591994577E-01   4   1 0  1 1  0 1  0 0
   162  -.1231824015008860E-01   4   0 1  1 1  0 1  0 0
   163  -.1356770918042897E-06   4   0 0  2 1  0 1  0 0
   164  -.6159122029293688E-02   4   1 0  0 2  0 1  0 0
   165  -.1401358797777824E-02   4   0 1  0 2  0 1  0 0
   166  -.2725410013298892E-07   4   0 0  1 2  0 1  0 0
   167  0.6905516113833322E-04   4   0 0  0 3  0 1  0 0
   168  0.1390372592713042E-06   4   3 0  0 0  0 0  1 0
   169  0.1095605650440095E-01   4   2 1  0 0  0 0  1 0
   170  0.3079538688277614E-02   4   1 2  0 0  0 0  1 0
   171  0.3604293860247315E-03   4   0 3  0 0  0 0  1 0
   172  0.8929810807923615E-07   4   2 0  1 0  0 0  1 0
   173  0.1433418713573163E-06   4   1 1  1 0  0 0  1 0
   174  0.1682094170510584E-07   4   0 2  1 0  0 0  1 0
   175  0.1390371979384688E-06   4   1 0  2 0  0 0  1 0
   176  -.1095602213923982E-01   4   0 1  2 0  0 0  1 0
   177  0.8928936993032742E-07   4   0 0  3 0  0 0  1 0
   178  0.5378143739673223E-07   4   2 0  0 1  0 0  1 0
   179  0.3354719736904998E-07   4   1 1  0 1  0 0  1 0
   180  0.4140197523784513E-04   4   0 2  0 1  0 0  1 0
   181  -.2191198279105353E-01   4   1 0  1 1  0 0  1 0
   182  -.6159068707381697E-02   4   0 1  1 1  0 0  1 0
   183  -.3257064726741672E-07   4   0 0  2 1  0 0  1 0
   184  -.3079535009660237E-02   4   1 0  0 2  0 0  1 0
   185  -.8400605681165682E-03   4   0 1  0 2  0 0  1 0
   186  -.1408340415306387E-07   4   0 0  1 2  0 0  1 0
   187  0.4139575697039727E-04   4   0 0  0 3  0 0  1 0
   188  -.1229581223966380E-06   4   3 0  0 0  0 0  0 1
   189  -.2187569717061134E-01   4   2 1  0 0  0 0  0 1
   190  -.3079552051582845E-02   4   1 2  0 0  0 0  0 1
   191  -.2001938875624428E-03   4   0 3  0 0  0 0  0 1
   192  -.8440380633832241E-07   4   2 0  1 0  0 0  0 1
   193  -.2496806355631769E-06   4   1 1  1 0  0 0  0 1
   194  -.1697828023326699E-07   4   0 2  1 0  0 0  0 1
   195  -.1229580873243944E-06   4   1 0  2 0  0 0  0 1
   196  0.2187569125767486E-01   4   0 1  2 0  0 0  0 1
   197  -.8440361726322471E-07   4   0 0  3 0  0 0  0 1
   198  -.1092498069961015E-06   4   2 0  0 1  0 0  0 1
   199  -.3294660841730251E-07   4   1 1  0 1  0 0  0 1
   200  -.3273858148821788E-08   4   0 2  0 1  0 0  0 1
   201  0.4375133304916461E-01   4   1 0  1 1  0 0  0 1
   202  0.6159103532449839E-02   4   0 1  1 1  0 0  0 1
   203  0.1008056437370194E-06   4   0 0  2 1  0 0  0 1
   204  0.3079552792533418E-02   4   1 0  0 2  0 0  0 1
   205  0.6005820103399944E-03   4   0 1  0 2  0 0  0 1
   206  0.1452640508400724E-07   4   0 0  1 2  0 0  0 1
   207  0.8779607133923403E-09   4   0 0  0 3  0 0  0 1
   208  -.8441776191678142E-05   4   2 0  0 0  0 2  0 0
   209  -.2617012141745169E-05   4   1 1  0 0  0 2  0 0
   210  -.1219977907629009       4   0 2  0 0  0 2  0 0
   211  0.1158946252228551E-04   4   1 0  1 0  0 2  0 0
   212  0.1796406733758140E-05   4   0 1  1 0  0 2  0 0
   213  0.8441785947767635E-05   4   0 0  2 0  0 2  0 0
   214  0.1796406954551221E-05   4   1 0  0 1  0 2  0 0
   215  0.4107010448591211E-06   4   0 1  0 1  0 2  0 0
   216  0.2617013851992749E-05   4   0 0  1 1  0 2  0 0
   217  -.1219972054319871       4   0 0  0 2  0 2  0 0
   218  -.3379009405973703E-05   4   2 0  0 0  0 1  1 0
   219  -.2061262617009031E-05   4   1 1  0 0  0 1  1 0
   220  -.4883226753762188E-01   4   0 2  0 0  0 1  1 0
   221  0.4638888929337012E-05   4   1 0  1 0  0 1  1 0
   222  0.1414916662569317E-05   4   0 1  1 0  0 1  1 0
   223  0.3378990460965685E-05   4   0 0  2 0  0 1  1 0
   224  0.1414917372166548E-05   4   1 0  0 1  0 1  1 0
   225  0.3904687518084521E-06   4   0 1  0 1  0 1  1 0
   226  0.2061258189399907E-05   4   0 0  1 1  0 1  1 0
   227  -.4883166203716702E-01   4   0 0  0 2  0 1  1 0
   228  -.1695086241924324E-05   4   2 0  0 0  0 0  2 0
   229  -.1029822804760094E-05   4   1 1  0 0  0 0  2 0
   230  -.2449685444220396E-01   4   0 2  0 0  0 0  2 0
   231  0.2327115466462021E-05   4   1 0  1 0  0 0  2 0
   232  0.7069043524413700E-06   4   0 1  1 0  0 0  2 0
   233  0.1695083052699573E-05   4   0 0  2 0  0 0  2 0
   234  0.7069047058238495E-06   4   1 0  0 1  0 0  2 0
   235  0.1949398949497440E-06   4   0 1  0 1  0 0  2 0
   236  0.1029822064341188E-05   4   0 0  1 1  0 0  2 0
   237  -.2449655223447719E-01   4   0 0  0 2  0 0  2 0
   238  0.6754179965371059E-05   4   2 0  0 0  0 1  0 1
   239  0.1586115325428550E-05   4   1 1  0 0  0 1  0 1
   240  0.1444084288786702E-06   4   0 2  0 0  0 1  0 1
   241  -.9272616230117456E-05   4   1 0  1 0  0 1  0 1
   242  -.1088764264007082E-05   4   0 1  1 0  0 1  0 1
   243  -.6754187430660494E-05   4   0 0  2 0  0 1  0 1
   244  -.1088764442909098E-05   4   1 0  0 1  0 1  0 1
   245  -.1982537246855540E-06   4   0 1  0 1  0 1  0 1
   246  -.1586116232422079E-05   4   0 0  1 1  0 1  0 1
   247  -.1444084117319105E-06   4   0 0  0 2  0 1  0 1
   248  0.2256394970240362E-05   4   2 0  0 0  0 0  1 1
   249  0.9508161734691931E-06   4   1 1  0 0  0 0  1 1
   250  0.1029711620601841E-06   4   0 2  0 0  0 0  1 1
   251  -.3097706043111896E-05   4   1 0  1 0  0 0  1 1
   252  -.6526711902581660E-06   4   0 1  1 0  0 0  1 1
   253  -.2256385178155486E-05   4   0 0  2 0  0 0  1 1
   254  -.6526718096768023E-06   4   1 0  0 1  0 0  1 1
   255  -.1413657061866118E-06   4   0 1  0 1  0 0  1 1
   256  -.9508145585673078E-06   4   0 0  1 1  0 0  1 1
   257  -.1029711258655110E-06   4   0 0  0 2  0 0  1 1
   258  -.2568329389303510E-09   4   1 0  0 0  0 3  0 0
   259  0.5862269918698721E-04   4   0 1  0 0  0 3  0 0
   260  0.2424957300561144E-09   4   0 0  1 0  0 3  0 0
   261  0.4024112075983220E-04   4   0 0  0 1  0 3  0 0
   262  0.3618019013844450E-09   4   1 0  0 0  0 2  1 0
   263  0.2513375541307739E-04   4   0 1  0 0  0 2  1 0
   264  -.6843879122528520E-09   4   0 0  1 0  0 2  1 0
   265  0.1725264261821026E-04   4   0 0  0 1  0 2  1 0
   266  0.1900111609011613E-09   4   1 0  0 0  0 1  2 0
   267  0.1509390060823718E-04   4   0 1  0 0  0 1  2 0
   268  -.4077707751343014E-09   4   0 0  1 0  0 1  2 0
   269  0.1036092067740507E-04   4   0 0  0 1  0 1  2 0
   270  0.1194522033489392E-09   4   1 0  0 0  0 0  3 0
   271  0.8422249928947657E-05   4   0 1  0 0  0 0  3 0
   272  -.2262818550487957E-09   4   0 0  1 0  0 0  3 0
   273  0.5781312437035434E-05   4   0 0  0 1  0 0  3 0
   274  0.1743724133565463E-09   4   1 0  0 0  0 2  0 1
   275  0.1837950459111670E-10   4   0 1  0 0  0 2  0 1
   276  -.1487610471821317E-09   4   0 0  1 0  0 2  0 1
   277  -.1562592791058481E-10   4   0 0  0 1  0 2  0 1
   278  -.2550117130998651E-09   4   1 0  0 0  0 1  1 1
   279  -.3928018322637893E-10   4   0 1  0 0  0 1  1 1
   280  0.4587533087897301E-09   4   0 0  1 0  0 1  1 1
   281  0.8051361876843905E-10   4   0 0  0 1  0 1  1 1
   282  -.1265767150383505E-09   4   1 0  0 0  0 0  2 1
   283  -.1951109160073480E-10   4   0 1  0 0  0 0  2 1
   284  0.2279801631107546E-09   4   0 0  1 0  0 0  2 1
   285  0.4002913647568159E-10   4   0 0  0 1  0 0  2 1
   286  -.3550437793057408E-01   4   0 0  0 0  0 4  0 0
   287  0.2030571752150288E-01   4   0 0  0 0  0 3  1 0
   288  0.6104106262195503E-02   4   0 0  0 0  0 2  2 0
   289  0.4109358680521376E-02   4   0 0  0 0  0 1  3 0
   290  0.4985175152155507E-02   4   0 0  0 0  0 0  4 0
   291  0.1925598539383964E-14   4   0 0  0 0  0 3  0 1
   292  -.1794844900094205E-14   4   0 0  0 0  0 2  1 1
   293  -.2449017877882970E-14   4   0 0  0 0  0 1  2 1
   294  -.5506593861483467E-15   4   0 0  0 0  0 0  3 1
   ----------------------------------------------------
     I  COEFFICIENT            ORDER EXPONENTS
     1   1.000000000000000       1   0 0  0 0  0 1  0 0
     --------------------------------------------------
     I  COEFFICIENT            ORDER EXPONENTS
     1   1.000000000000000       1   0 0  0 0  0 0  1 0
     --------------------------------------------------
     I  COEFFICIENT            ORDER EXPONENTS
     1   1.000000000000000       1   0 0  0 0  0 0  0 1
     --------------------------------------------------
