     I  COEFFICIENT            ORDER EXPONENTS
     1   1.000000000000000       1   1 0  0 0  0 0  0 0
     2  0.7225538500000001       1   0 1  0 0  0 0  0 0
     3  -.3618811886163341       2   0 1  0 0  0 1  0 0
     4  -.3606726613836659       2   0 1  0 0  0 0  1 0
     5  0.3612769250000000       3   0 3  0 0  0 0  0 0
     6  0.3612769250000000       3   0 1  0 2  0 0  0 0
     7  0.2712605835664138       3   0 1  0 0  0 2  0 0
     8  0.1812412100998405       3   0 1  0 0  0 1  1 0
     9  0.2700520563337457       3   0 1  0 0  0 0  2 0
    10  -.5428217829245011       4   0 3  0 0  0 1  0 0
    11  -.5428217829245011       4   0 1  0 2  0 1  0 0
    12  -.5410089920754989       4   0 3  0 0  0 0  1 0
    13  -.5410089920754989       4   0 1  0 2  0 0  1 0
    14  -.2260250570417715       4   0 1  0 0  0 3  0 0
    15  -.1357065795739268       4   0 1  0 0  0 2  1 0
    16  -.1361552355758340       4   0 1  0 0  0 1  2 0
    17  -.2246669778084677       4   0 1  0 0  0 0  3 0
    ---------------------------------------------------
     I  COEFFICIENT            ORDER EXPONENTS
     1   1.000000000000000       1   0 1  0 0  0 0  0 0
     --------------------------------------------------
     I  COEFFICIENT            ORDER EXPONENTS
     1   1.000000000000000       1   0 0  1 0  0 0  0 0
     2  0.7225538500000001       1   0 0  0 1  0 0  0 0
     3  -.3618811886163341       2   0 0  0 1  0 1  0 0
     4  -.3606726613836659       2   0 0  0 1  0 0  1 0
     5  0.3612769250000000       3   0 2  0 1  0 0  0 0
     6  0.3612769250000000       3   0 0  0 3  0 0  0 0
     7  0.2712605835664138       3   0 0  0 1  0 2  0 0
     8  0.1812412100998405       3   0 0  0 1  0 1  1 0
     9  0.2700520563337457       3   0 0  0 1  0 0  2 0
    10  -.5428217829245011       4   0 2  0 1  0 1  0 0
    11  -.5428217829245011       4   0 0  0 3  0 1  0 0
    12  -.5410089920754989       4   0 2  0 1  0 0  1 0
    13  -.5410089920754989       4   0 0  0 3  0 0  1 0
    14  -.2260250570417715       4   0 0  0 1  0 3  0 0
    15  -.1357065795739268       4   0 0  0 1  0 2  1 0
    16  -.1361552355758340       4   0 0  0 1  0 1  2 0
    17  -.2246669778084677       4   0 0  0 1  0 0  3 0
    ---------------------------------------------------
     I  COEFFICIENT            ORDER EXPONENTS
     1   1.000000000000000       1   0 0  0 1  0 0  0 0
     --------------------------------------------------
     I  COEFFICIENT            ORDER EXPONENTS
     1   1.000000000000000       1   0 0  0 0  1 0  0 0
     2  0.1800347042224971       1   0 0  0 0  0 1  0 0
     3  -.1800347042224971       1   0 0  0 0  0 0  1 0
     4  -.1809405943081671       2   0 2  0 0  0 0  0 0
     5  -.1809405943081671       2   0 0  0 2  0 0  0 0
     6  -.1352518696486651       2   0 0  0 0  0 2  0 0
     7  0.9046903507483305E-01   2   0 0  0 0  0 1  1 0
     8  0.4478283457383200E-01   2   0 0  0 0  0 0  2 0
     9  0.2712605835664139       3   0 2  0 0  0 1  0 0
    10  0.2712605835664139       3   0 0  0 2  0 1  0 0
    11  0.9062060504992031E-01   3   0 2  0 0  0 0  1 0
    12  0.9062060504992031E-01   3   0 0  0 2  0 0  1 0
    13  0.1127478464019831       3   0 0  0 0  0 3  0 0
    14  -.6773979990861914E-01   3   0 0  0 0  0 2  1 0
    15  -.2272923516621385E-01   3   0 0  0 0  0 1  2 0
    16  -.2227881132715006E-01   3   0 0  0 0  0 0  3 0
    17  -.1357054457311253       4   0 4  0 0  0 0  0 0
    18  -.2714108914622506       4   0 2  0 2  0 0  0 0
    19  -.1357054457311253       4   0 0  0 4  0 0  0 0
    20  -.3390375855626574       4   0 2  0 0  0 2  0 0
    21  -.3390375855626574       4   0 0  0 2  0 2  0 0
    22  -.1357065795739268       4   0 2  0 0  0 1  1 0
    23  -.1357065795739268       4   0 0  0 2  0 1  1 0
    24  -.6807761778791714E-01   4   0 2  0 0  0 0  2 0
    25  -.6807761778791714E-01   4   0 0  0 2  0 0  2 0
    26  -.9866855985031359E-01   4   0 0  0 0  0 4  0 0
    27  0.5643070019530505E-01   4   0 0  0 0  0 3  1 0
    28  0.1696364956997104E-01   4   0 0  0 0  0 2  2 0
    29  0.1142013545289976E-01   4   0 0  0 0  0 1  3 0
    30  0.1385407463213758E-01   4   0 0  0 0  0 0  4 0
    ---------------------------------------------------
     I  COEFFICIENT            ORDER EXPONENTS
     1   1.000000000000000       1   0 0  0 0  0 1  0 0
     --------------------------------------------------
     I  COEFFICIENT            ORDER EXPONENTS
     1   1.000000000000000       1   0 0  0 0  0 0  1 0
     --------------------------------------------------
     I  COEFFICIENT            ORDER EXPONENTS
     1   1.000000000000000       1   0 0  0 0  0 0  0 1
     --------------------------------------------------
