     I  COEFFICIENT            ORDER EXPONENTS
     1  0.8740892385750702E-04   0   0 0  0 0  0 0  0 0
     2  0.8347653051429202       1   1 0  0 0  0 0  0 0
     3  0.3387598984224344       1   0 1  0 0  0 0  0 0
     4  -.2181214173231921E-04   1   0 0  1 0  0 0  0 0
     5  -.1404767364535845E-05   1   0 0  0 1  0 0  0 0
     6  0.1219654026951989E-05   1   0 0  0 0  0 1  0 0
     7  0.1215580908059933E-05   1   0 0  0 0  0 0  1 0
     8  -.2435234935011889E-05   1   0 0  0 0  0 0  0 1
     9  0.1295554840868980E-03   2   2 0  0 0  0 0  0 0
    10  -.2407127851325711E-04   2   1 1  0 0  0 0  0 0
    11  -.9148790297820336E-05   2   0 2  0 0  0 0  0 0
    12  0.1468400506636568E-04   2   1 0  1 0  0 0  0 0
    13  -.4786780658303598E-05   2   0 1  1 0  0 0  0 0
    14  -.1310168525964810E-03   2   0 0  2 0  0 0  0 0
    15  -.9042680436304991E-07   2   1 0  0 1  0 0  0 0
    16  -.2568536949799388E-06   2   0 1  0 1  0 0  0 0
    17  -.7268091028893471E-05   2   0 0  1 1  0 0  0 0
    18  -.5947437402548339E-05   2   0 0  0 2  0 0  0 0
    19  0.8089774745336024E-01   2   1 0  0 0  0 1  0 0
    20  -.1639635876423038       2   0 1  0 0  0 1  0 0
    21  0.1092405153586495E-04   2   0 0  1 0  0 1  0 0
    22  0.1407025669420862E-05   2   0 0  0 1  0 1  0 0
    23  0.8062758383631076E-01   2   1 0  0 0  0 0  1 0
    24  -.1634160199127149       2   0 1  0 0  0 0  1 0
    25  0.1088756991099059E-04   2   0 0  1 0  0 0  1 0
    26  0.1402326809982804E-05   2   0 0  0 1  0 0  1 0
    27  -.1615253312896702       2   1 0  0 0  0 0  0 1
    28  -.1138029086741573E-01   2   0 1  0 0  0 0  0 1
    29  -.2181162144674178E-04   2   0 0  1 0  0 0  0 1
    30  -.1404585115007245E-05   2   0 0  0 1  0 0  0 1
    31  -.9320961177022093E-06   2   0 0  0 0  0 2  0 0
    32  -.6464419723006923E-06   2   0 0  0 0  0 1  1 0
    33  -.9279038994125999E-06   2   0 0  0 0  0 0  2 0
    34  0.1290967075468012E-05   2   0 0  0 0  0 1  0 1
    35  0.1286655801723307E-05   2   0 0  0 0  0 0  1 1
    36  -.7119506286566253E-07   2   0 0  0 0  0 0  0 2
    37  0.5930839920647415E-01   3   3 0  0 0  0 0  0 0
    38  -.2400059558065956       3   2 1  0 0  0 0  0 0
    39  -.2702681104370824       3   1 2  0 0  0 0  0 0
    40  0.1377815917813346       3   0 3  0 0  0 0  0 0
    41  0.3186154157574082E-04   3   2 0  1 0  0 0  0 0
    42  0.4822430993163660E-04   3   1 1  1 0  0 0  0 0
    43  -.2702673364956160E-04   3   0 2  1 0  0 0  0 0
    44  -.1085864232647093       3   1 0  2 0  0 0  0 0
    45  -.5119333680809328       3   0 1  2 0  0 0  0 0
    46  -.1974188262414866E-04   3   0 0  3 0  0 0  0 0
    47  -.3967216304346775E-04   3   2 0  0 1  0 0  0 0
    48  -.1064144655287551E-04   3   1 1  0 1  0 0  0 0
    49  -.5074277965221291E-05   3   0 2  0 1  0 0  0 0
    50  -.9019094370250449E-01   3   1 0  1 1  0 0  0 0
    51  -.2938008681270270E-01   3   0 1  1 1  0 0  0 0
    52  -.9145770934336702E-04   3   0 0  2 1  0 0  0 0
    53  -.1585151863580428       3   1 0  0 2  0 0  0 0
    54  0.1443458259409865       3   0 1  0 2  0 0  0 0
    55  -.3902047886282284E-04   3   0 0  1 2  0 0  0 0
    56  -.4813771057198162E-05   3   0 0  0 3  0 0  0 0
    57  -.6508535931859230E-04   3   2 0  0 0  0 1  0 0
    58  0.1682213606096012E-04   3   1 1  0 0  0 1  0 0
    59  0.1297373928956868E-04   3   0 2  0 0  0 1  0 0
    60  -.7130262423458091E-05   3   1 0  1 0  0 1  0 0
    61  0.4888582588967584E-05   3   0 1  1 0  0 1  0 0
    62  0.6986262721432233E-04   3   0 0  2 0  0 1  0 0
    63  0.1141610161390863E-06   3   1 0  0 1  0 1  0 0
    64  0.4212364890826130E-06   3   0 1  0 1  0 1  0 0
    65  0.1091471097407727E-04   3   0 0  1 1  0 1  0 0
    66  0.9053111521997633E-05   3   0 0  0 2  0 1  0 0
    67  -.6486800226423664E-04   3   2 0  0 0  0 0  1 0
    68  0.1676595737530110E-04   3   1 1  0 0  0 0  1 0
    69  0.1293041259082256E-04   3   0 2  0 0  0 0  1 0
    70  -.7106450419447016E-05   3   1 0  1 0  0 0  1 0
    71  0.4872256829647193E-05   3   0 1  1 0  0 0  1 0
    72  0.6962931614375570E-04   3   0 0  2 0  0 0  1 0
    73  0.1137797675381484E-06   3   1 0  0 1  0 0  1 0
    74  0.4198297407230076E-06   3   0 1  0 1  0 0  1 0
    75  0.1087826054265395E-04   3   0 0  1 1  0 0  1 0
    76  0.9022878030567575E-05   3   0 0  0 2  0 0  1 0
    77  0.1299533615828286E-03   3   2 0  0 0  0 0  0 1
    78  -.9516814923114560E-05   3   1 1  0 0  0 0  0 1
    79  -.7606571284793626E-05   3   0 2  0 0  0 0  0 1
    80  0.1423671284290512E-04   3   1 0  1 0  0 0  0 1
    81  -.4974058760311284E-05   3   0 1  1 0  0 0  0 1
    82  -.1394919433580800E-03   3   0 0  2 0  0 0  0 1
    83  -.1375139793140300E-06   3   1 0  0 1  0 0  0 1
    84  -.3273588398459672E-06   3   0 1  0 1  0 0  0 1
    85  -.1452488048783846E-04   3   0 0  1 1  0 0  0 1
    86  -.6181114747512635E-05   3   0 0  0 2  0 0  0 1
    87  -.5970569802455414E-01   3   1 0  0 0  0 2  0 0
    88  0.1199912614658915       3   0 1  0 0  0 2  0 0
    89  -.8185876834257444E-05   3   0 0  1 0  0 2  0 0
    90  -.1408284811233946E-05   3   0 0  0 1  0 2  0 0
    91  -.3865431535008221E-01   3   1 0  0 0  0 1  1 0
    92  0.7631084177760952E-01   3   0 1  0 0  0 1  1 0
    93  -.5466639603481477E-05   3   0 0  1 0  0 1  1 0
    94  -.1407917783275422E-05   3   0 0  0 1  0 1  1 0
    95  -.5944176234236577E-01   3   1 0  0 0  0 0  2 0
    96  0.1194631196934151       3   0 1  0 0  0 0  2 0
    97  -.8149411422660811E-05   3   0 0  1 0  0 0  2 0
    98  -.1401230827447892E-05   3   0 0  0 1  0 0  2 0
    99  0.7716803771974004E-01   3   1 0  0 0  0 1  0 1
   100  0.1163365858418920E-01   3   0 1  0 0  0 1  0 1
   101  0.1091613404351426E-04   3   0 0  1 0  0 1  0 1
   102  0.1403978103329994E-05   3   0 0  0 1  0 1  0 1
   103  0.7691032972604032E-01   3   1 0  0 0  0 0  1 1
   104  0.1159480717754845E-01   3   0 1  0 0  0 0  1 1
   105  0.1087967885965267E-04   3   0 0  1 0  0 0  1 1
   106  0.1399289421449525E-05   3   0 0  0 1  0 0  1 1
   107  0.3723461393044510E-02   3   1 0  0 0  0 0  0 2
   108  -.2339549808240515E-03   3   0 1  0 0  0 0  0 2
   109  0.6996651147275946E-08   3   0 0  1 0  0 0  0 2
   110  0.2419681457702987E-08   3   0 0  0 1  0 0  0 2
   111  0.7883506660191982E-06   3   0 0  0 0  0 3  0 0
   112  0.5013508251332653E-06   3   0 0  0 0  0 2  1 0
   113  0.5027753204478761E-06   3   0 0  0 0  0 1  2 0
   114  0.7835672012766964E-06   3   0 0  0 0  0 0  3 0
   115  -.1002230168971815E-05   3   0 0  0 0  0 2  0 1
   116  -.7154073781017953E-06   3   0 0  0 0  0 1  1 1
   117  -.9976885758240762E-06   3   0 0  0 0  0 0  2 1
   118  0.6896511200922912E-07   3   0 0  0 0  0 1  0 2
   119  0.6873479825270739E-07   3   0 0  0 0  0 0  1 2
   120  0.1563405161926438E-08   3   0 0  0 0  0 0  0 3
   121  0.1836856371317015E-03   4   4 0  0 0  0 0  0 0
   122  -.7131829579462528E-04   4   3 1  0 0  0 0  0 0
   123  -.2488843587393981E-04   4   2 2  0 0  0 0  0 0
   124  0.1877783139598101E-03   4   1 3  0 0  0 0  0 0
   125  -.1177435386927363E-03   4   0 4  0 0  0 0  0 0
   126  0.1320754513498856E-04   4   3 0  1 0  0 0  0 0
   127  -.7747798395300673E-05   4   2 1  1 0  0 0  0 0
   128  0.7981038935893144E-05   4   1 2  1 0  0 0  0 0
   129  -.4924441522106889E-05   4   0 3  1 0  0 0  0 0
   130  0.5368983074807325E-03   4   2 0  2 0  0 0  0 0
   131  0.5430036991139450E-04   4   1 1  2 0  0 0  0 0
   132  0.1543980631382322E-03   4   0 2  2 0  0 0  0 0
   133  0.5115222724785856E-04   4   1 0  3 0  0 0  0 0
   134  -.8729037803318819E-05   4   0 1  3 0  0 0  0 0
   135  0.3083968562521226E-08   4   0 0  4 0  0 0  0 0
   136  0.1100814947219478E-04   4   3 0  0 1  0 0  0 0
   137  -.9675196521001124E-05   4   2 1  0 1  0 0  0 0
   138  0.9057099656649232E-05   4   1 2  0 1  0 0  0 0
   139  -.6516402836110266E-05   4   0 3  0 1  0 0  0 0
   140  0.3907232011934038E-03   4   2 0  1 1  0 0  0 0
   141  -.2330451281730563E-03   4   1 1  1 1  0 0  0 0
   142  -.5055057034939756E-04   4   0 2  1 1  0 0  0 0
   143  0.6312484691167800E-04   4   1 0  2 1  0 0  0 0
   144  -.4237087046851790E-04   4   0 1  2 1  0 0  0 0
   145  0.5284421169873980E-08   4   0 0  3 1  0 0  0 0
   146  0.2073552097519051E-03   4   2 0  0 2  0 0  0 0
   147  0.2097513918280539E-03   4   1 1  0 2  0 0  0 0
   148  -.1572064844187137E-03   4   0 2  0 2  0 0  0 0
   149  0.3779462901248020E-04   4   1 0  1 2  0 0  0 0
   150  -.1255614379990935E-04   4   0 1  1 2  0 0  0 0
   151  0.6567400670348578E-04   4   0 0  2 2  0 0  0 0
   152  0.1181176358587003E-04   4   1 0  0 3  0 0  0 0
   153  -.7288811511295390E-05   4   0 1  0 3  0 0  0 0
   154  0.3770502535690475E-05   4   0 0  1 3  0 0  0 0
   155  -.2938076417529090E-04   4   0 0  0 4  0 0  0 0
   156  -.3271405882485801E-01   4   3 0  0 0  0 1  0 0
   157  0.1383586260747928       4   2 1  0 0  0 1  0 0
   158  0.3748335162380754       4   1 2  0 0  0 1  0 0
   159  -.1899918933396497       4   0 3  0 0  0 1  0 0
   160  -.2635755466029742E-04   4   2 0  1 0  0 1  0 0
   161  -.7020587175257857E-04   4   1 1  1 0  0 1  0 0
   162  0.3789683338792859E-04   4   0 2  1 0  0 1  0 0
   163  0.1084939980263561       4   1 0  2 0  0 1  0 0
   164  0.5299659620088254       4   0 1  2 0  0 1  0 0
   165  0.2254551695182917E-04   4   0 0  3 0  0 1  0 0
   166  0.3021978971190064E-04   4   2 0  0 1  0 1  0 0
   167  0.1079733264535326E-04   4   1 1  0 1  0 1  0 0
   168  0.9749129944613398E-05   4   0 2  0 1  0 1  0 0
   169  0.1294861574285136       4   1 0  1 1  0 1  0 0
   170  0.5876702853516398E-01   4   0 1  1 1  0 1  0 0
   171  0.1075646260145854E-03   4   0 0  2 1  0 1  0 0
   172  0.2325579199865510       4   1 0  0 2  0 1  0 0
   173  -.2011025873039449       4   0 1  0 2  0 1  0 0
   174  0.6193131748486922E-04   4   0 0  1 2  0 1  0 0
   175  0.9787286332761898E-05   4   0 0  0 3  0 1  0 0
   176  -.3260480796511475E-01   4   3 0  0 0  0 0  1 0
   177  0.1378965678834678       4   2 1  0 0  0 0  1 0
   178  0.3735817338124062       4   1 2  0 0  0 0  1 0
   179  -.1893574022848233       4   0 3  0 0  0 0  1 0
   180  -.2626953178540031E-04   4   2 0  1 0  0 0  1 0
   181  -.6997141439316111E-04   4   1 1  1 0  0 0  1 0
   182  0.3777027429444197E-04   4   0 2  1 0  0 0  1 0
   183  0.1081316748238281       4   1 0  2 0  0 0  1 0
   184  0.5281961040620147       4   0 1  2 0  0 0  1 0
   185  0.2247022464023700E-04   4   0 0  3 0  0 0  1 0
   186  0.3011886863619579E-04   4   2 0  0 1  0 0  1 0
   187  0.1076127420696895E-04   4   1 1  0 1  0 0  1 0
   188  0.9716572051571309E-05   4   0 2  0 1  0 0  1 0
   189  0.1290537294592608       4   1 0  1 1  0 0  1 0
   190  0.5857077198300675E-01   4   0 1  1 1  0 0  1 0
   191  0.1072054065140856E-03   4   0 0  2 1  0 0  1 0
   192  0.2317812767447462       4   1 0  0 2  0 0  1 0
   193  -.2004309913189587       4   0 1  0 2  0 0  1 0
   194  0.6172449357113132E-04   4   0 0  1 2  0 0  1 0
   195  0.9754601013824088E-05   4   0 0  0 3  0 0  1 0
   196  0.6531886678997384E-01   4   3 0  0 0  0 0  0 1
   197  -.3624923815166625E-01   4   2 1  0 0  0 0  0 1
   198  -.2078790291763149       4   1 2  0 0  0 0  0 1
   199  -.3399547971953245E-01   4   0 3  0 0  0 0  0 1
   200  0.5262708644569852E-04   4   2 0  1 0  0 0  0 1
   201  0.9195297621410394E-04   4   1 1  1 0  0 0  0 1
   202  -.2161364038324731E-04   4   0 2  1 0  0 0  0 1
   203  -.2166256728501886       4   1 0  2 0  0 0  0 1
   204  -.5462286979899147       4   0 1  2 0  0 0  0 1
   205  -.4501574159205347E-04   4   0 0  3 0  0 0  0 1
   206  -.2066649530462870E-04   4   2 0  0 1  0 0  0 1
   207  -.2757137465718331E-06   4   1 1  0 1  0 0  0 1
   208  -.4242868100520090E-05   4   0 2  0 1  0 0  0 1
   209  -.1683489431852717       4   1 0  1 1  0 0  0 1
   210  -.5857762689276810E-01   4   0 1  1 1  0 0  0 1
   211  -.1233123231852652E-03   4   0 0  2 1  0 0  0 1
   212  -.1473088240152058       4   1 0  0 2  0 0  0 1
   213  -.3150389920006474E-01   4   0 1  0 2  0 0  0 1
   214  -.4561485333032586E-04   4   0 0  1 2  0 0  0 1
   215  -.5100574174988852E-05   4   0 0  0 3  0 0  0 1
   216  0.6597716945199945E-04   4   2 0  0 0  0 2  0 0
   217  0.2128799977132042E-03   4   1 1  0 0  0 2  0 0
   218  -.1871024716456712E-03   4   0 2  0 0  0 2  0 0
   219  0.8113479700909446E-05   4   1 0  1 0  0 2  0 0
   220  -.1384535824344573E-05   4   0 1  1 0  0 2  0 0
   221  0.8446380608877905E-04   4   0 0  2 0  0 2  0 0
   222  0.9145678075375212E-05   4   1 0  0 1  0 2  0 0
   223  -.7776744485145713E-05   4   0 1  0 1  0 2  0 0
   224  0.8492384282297025E-05   4   0 0  1 1  0 2  0 0
   225  -.7269570001221216E-04   4   0 0  0 2  0 2  0 0
   226  0.3130833258723522E-04   4   2 0  0 0  0 1  1 0
   227  0.2508180592225722E-03   4   1 1  0 0  0 1  1 0
   228  -.2136913709921286E-03   4   0 2  0 0  0 1  1 0
   229  0.6656341402471949E-05   4   1 0  1 0  0 1  1 0
   230  -.9458439122245642E-06   4   0 1  1 0  0 1  1 0
   231  0.1030185360246230E-03   4   0 0  2 0  0 1  1 0
   232  0.1082657009526098E-04   4   1 0  0 1  0 1  1 0
   233  -.8929095029745736E-05   4   0 1  0 1  0 1  1 0
   234  0.1317658302717335E-04   4   0 0  1 1  0 1  1 0
   235  -.8396910509170778E-04   4   0 0  0 2  0 1  1 0
   236  0.6570455596616191E-04   4   2 0  0 0  0 0  2 0
   237  0.2117502581332122E-03   4   1 1  0 0  0 0  2 0
   238  -.1861208114652772E-03   4   0 2  0 0  0 0  2 0
   239  0.8075269518859018E-05   4   1 0  1 0  0 0  2 0
   240  -.1378332715750289E-05   4   0 1  1 0  0 0  2 0
   241  0.8400971461309621E-04   4   0 0  2 0  0 0  2 0
   242  0.9097057412110350E-05   4   1 0  0 1  0 0  2 0
   243  -.7735863844729902E-05   4   0 1  0 1  0 0  2 0
   244  0.8442021323514511E-05   4   0 0  1 1  0 0  2 0
   245  -.7231271738524681E-04   4   0 0  0 2  0 0  2 0
   246  -.2688643205858756E-04   4   2 0  0 0  0 1  0 1
   247  -.1348709718560215E-03   4   1 1  0 0  0 1  0 1
   248  -.3933742062441026E-04   4   0 2  0 0  0 1  0 1
   249  -.1128703838627563E-04   4   1 0  1 0  0 1  0 1
   250  0.1005158508607229E-05   4   0 1  1 0  0 1  0 1
   251  -.7019100955695838E-04   4   0 0  2 0  0 1  0 1
   252  -.6902331575277164E-05   4   1 0  0 1  0 1  0 1
   253  -.1679953927289280E-05   4   0 1  0 1  0 1  0 1
   254  -.7528654026207124E-05   4   0 0  1 1  0 1  0 1
   255  -.6272014610725892E-05   4   0 0  0 2  0 1  0 1
   256  -.2679664296107649E-04   4   2 0  0 0  0 0  1 1
   257  -.1344205609269326E-03   4   1 1  0 0  0 0  1 1
   258  -.3920605059031340E-04   4   0 2  0 0  0 0  1 1
   259  -.1124934454173468E-04   4   1 0  1 0  0 0  1 1
   260  0.1001801712318803E-05   4   0 1  1 0  0 0  1 1
   261  -.6995660183086904E-04   4   0 0  2 0  0 0  1 1
   262  -.6879280762082016E-05   4   1 0  0 1  0 0  1 1
   263  -.1674343605076841E-05   4   0 1  0 1  0 0  1 1
   264  -.7503511565912911E-05   4   0 0  1 1  0 0  1 1
   265  -.6251068784584063E-05   4   0 0  0 2  0 0  1 1
   266  -.4772959097139440E-04   4   2 0  0 0  0 0  0 2
   267  -.1562222635934291E-04   4   1 1  0 0  0 0  0 2
   268  -.7151182521918560E-06   4   0 2  0 0  0 0  0 2
   269  0.1095637477645155E-05   4   1 0  1 0  0 0  0 2
   270  0.3887603579613459E-06   4   0 1  1 0  0 0  0 2
   271  0.3638418051428375E-09   4   0 0  2 0  0 0  0 2
   272  -.2500949527890628E-06   4   1 0  0 1  0 0  0 2
   273  0.8667952119364243E-08   4   0 1  0 1  0 0  0 2
   274  0.8536669426418884E-10   4   0 0  1 1  0 0  0 2
   275  0.3001550886316877E-07   4   0 0  0 2  0 0  0 2
   276  0.4912558147762984E-01   4   1 0  0 0  0 3  0 0
   277  -.9801285379678466E-01   4   0 1  0 0  0 3  0 0
   278  0.6819716845225345E-05   4   0 0  1 0  0 3  0 0
   279  0.1405855001250519E-05   4   0 0  0 1  0 3  0 0
   280  0.2800102042450494E-01   4   1 0  0 0  0 2  1 0
   281  -.5413032224577134E-01   4   0 1  0 0  0 2  1 0
   282  0.4091497249290761E-05   4   0 0  1 0  0 2  1 0
   283  0.1402626567596138E-05   4   0 0  0 1  0 2  1 0
   284  0.2810601899537454E-01   4   1 0  0 0  0 1  2 0
   285  -.5434850569974978E-01   4   0 1  0 0  0 1  2 0
   286  0.4105049778450676E-05   4   0 0  1 0  0 1  2 0
   287  0.1402619221297463E-05   4   0 0  0 1  0 1  2 0
   288  0.4883289545475564E-01   4   1 0  0 0  0 0  3 0
   289  -.9743179045086899E-01   4   0 1  0 0  0 0  3 0
   290  0.6778745495625672E-05   4   0 0  1 0  0 0  3 0
   291  0.1396478339950224E-05   4   0 0  0 1  0 0  3 0
   292  -.5596629470121767E-01   4   1 0  0 0  0 2  0 1
   293  -.1180505214936178E-01   4   0 1  0 0  0 2  0 1
   294  -.8177636192250624E-05   4   0 0  1 0  0 2  0 1
   295  -.1401816710887044E-05   4   0 0  0 1  0 2  0 1
   296  -.3490530042042900E-01   4   1 0  0 0  0 1  1 1
   297  -.1197517120627121E-01   4   0 1  0 0  0 1  1 1
   298  -.5457307401953836E-05   4   0 0  1 0  0 1  1 1
   299  -.1399654096478117E-05   4   0 0  0 1  0 1  1 1
   300  -.5572110706198588E-01   4   1 0  0 0  0 0  2 1
   301  -.1174563240624900E-01   4   0 1  0 0  0 0  2 1
   302  -.8141213883612666E-05   4   0 0  1 0  0 0  2 1
   303  -.1394798126345500E-05   4   0 0  0 1  0 0  2 1
   304  -.3749113397319025E-02   4   1 0  0 0  0 1  0 2
   305  0.3421366506516367E-03   4   0 1  0 0  0 1  0 2
   306  -.1047779877592009E-07   4   0 0  1 0  0 1  0 2
   307  -.4844817148270549E-08   4   0 0  0 1  0 1  0 2
   308  -.3736592974092756E-02   4   1 0  0 0  0 0  1 2
   309  0.3409940616677299E-03   4   0 1  0 0  0 0  1 2
   310  -.1044280744289211E-07   4   0 0  1 0  0 0  1 2
   311  -.4828637546687468E-08   4   0 0  0 1  0 0  1 2
   312  0.1292786177399023E-04   4   1 0  0 0  0 0  0 3
   313  0.6244743384168053E-05   4   0 1  0 0  0 0  0 3
   314  0.2309101309535063E-08   4   0 0  1 0  0 0  0 3
   315  0.8048034374601763E-09   4   0 0  0 1  0 0  0 3
   316  -.2244487330529443E-04   4   0 0  0 0  0 4  0 0
   317  -.1154268111227542E-04   4   0 0  0 0  0 3  1 0
   318  -.1009230282035303E-04   4   0 0  0 0  0 2  2 0
   319  -.1161977698996127E-04   4   0 0  0 0  0 1  3 0
   320  -.2227590524215002E-04   4   0 0  0 0  0 0  4 0
   321  -.2070950510113903E-05   4   0 0  0 0  0 3  0 1
   322  -.2494743361260629E-05   4   0 0  0 0  0 2  1 1
   323  -.2492585787897523E-05   4   0 0  0 0  0 1  2 1
   324  -.2056424652884602E-05   4   0 0  0 0  0 0  3 1
   325  0.5144109651629236E-07   4   0 0  0 0  0 2  0 2
   326  0.7267681013589194E-07   4   0 0  0 0  0 1  1 2
   327  0.5114795080584831E-07   4   0 0  0 0  0 0  2 2
   328  0.8024331544602272E-09   4   0 0  0 0  0 1  0 3
   329  0.7997533734987769E-09   4   0 0  0 0  0 0  1 3
   ----------------------------------------------------
     I  COEFFICIENT            ORDER EXPONENTS
     1  -.3970783666205512E-04   0   0 0  0 0  0 0  0 0
     2  -.8949314012654042       1   1 0  0 0  0 0  0 0
     3  0.8347653221958899       1   0 1  0 0  0 0  0 0
     4  -.1249528876588222E-03   1   0 0  1 0  0 0  0 0
     5  -.2181110491241553E-04   1   0 0  0 1  0 0  0 0
     6  -.3727344296710174E-06   1   0 0  0 0  0 1  0 0
     7  -.3714896572899618E-06   1   0 0  0 0  0 0  1 0
     8  -.3896361257509420E-04   1   0 0  0 0  0 0  0 1
     9  -.9064225423714731E-05   2   2 0  0 0  0 0  0 0
    10  -.2406615397243236E-03   2   1 1  0 0  0 0  0 0
    11  -.2698826279509646E-04   2   0 2  0 0  0 0  0 0
    12  -.2565285778852247E-04   2   1 0  1 0  0 0  0 0
    13  -.1996246957225979E-04   2   0 1  1 0  0 0  0 0
    14  0.9109730829457780E-04   2   0 0  2 0  0 0  0 0
    15  -.1751172879797026E-04   2   1 0  0 1  0 0  0 0
    16  -.6738425186550964E-05   2   0 1  0 1  0 0  0 0
    17  0.2338943348551894E-03   2   0 0  1 1  0 0  0 0
    18  0.2100122503806779E-04   2   0 0  0 2  0 0  0 0
    19  -.3446364608319773E-01   2   1 0  0 0  0 1  0 0
    20  0.8089774200344960E-01   2   0 1  0 0  0 1  0 0
    21  0.2442902336295530E-06   2   0 0  1 0  0 1  0 0
    22  0.1092355272013710E-04   2   0 0  0 1  0 1  0 0
    23  -.3434855235592267E-01   2   1 0  0 0  0 0  1 0
    24  0.8062757840460016E-01   2   0 1  0 0  0 0  1 0
    25  0.2434744095155937E-06   2   0 0  1 0  0 0  1 0
    26  0.1088707276109232E-04   2   0 0  0 1  0 0  1 0
    27  -.8261192028262830       2   1 0  0 0  0 0  0 1
    28  -.1615253204080503       2   0 1  0 0  0 0  0 1
    29  -.1254406523019674E-03   2   0 0  1 0  0 0  0 1
    30  -.2181062548136629E-04   2   0 0  0 1  0 0  0 1
    31  0.2819243673170851E-06   2   0 0  0 0  0 2  0 0
    32  0.1917162488155049E-06   2   0 0  0 0  0 1  1 0
    33  0.2806627365803536E-06   2   0 0  0 0  0 0  2 0
    34  -.7555637413098756E-06   2   0 0  0 0  0 1  0 1
    35  -.7530404839920933E-06   2   0 0  0 0  0 0  1 1
    36  0.7543015233895973E-06   2   0 0  0 0  0 0  0 2
    37  -.4357065414552153       3   3 0  0 0  0 0  0 0
    38  -.4510686612742018       3   2 1  0 0  0 0  0 0
    39  0.3467036179567121       3   1 2  0 0  0 0  0 0
    40  -.1072378859491469E-01   3   0 3  0 0  0 0  0 0
    41  0.3012165321768728E-03   3   2 0  1 0  0 0  0 0
    42  0.1156113875812913E-03   3   1 1  1 0  0 0  0 0
    43  0.1331738974498293E-04   3   0 2  1 0  0 0  0 0
    44  -2.139339413890733       3   1 0  2 0  0 0  0 0
    45  -.2107571167735130       3   0 1  2 0  0 0  0 0
    46  -.7846735172985136E-04   3   0 0  3 0  0 0  0 0
    47  0.4191269791994058E-04   3   2 0  0 1  0 0  0 0
    48  0.1462475389054296E-03   3   1 1  0 1  0 0  0 0
    49  0.1365145134780525E-04   3   0 2  0 1  0 0  0 0
    50  -1.089863618749975       3   1 0  1 1  0 0  0 0
    51  -.3205937862359336       3   0 1  1 1  0 0  0 0
    52  -.3736826424216873E-04   3   0 0  2 1  0 0  0 0
    53  -.4871683474754906       3   1 0  0 2  0 0  0 0
    54  -.1939344019072234       3   0 1  0 2  0 0  0 0
    55  -.9104864073799903E-05   3   0 0  1 2  0 0  0 0
    56  -.1168266480636136E-04   3   0 0  0 3  0 0  0 0
    57  -.7036406400617477E-06   3   2 0  0 0  0 1  0 0
    58  0.1143316526750442E-03   3   1 1  0 0  0 1  0 0
    59  0.2867378062699575E-04   3   0 2  0 0  0 1  0 0
    60  0.1268661265981205E-04   3   1 0  1 0  0 1  0 0
    61  0.1278557439910011E-04   3   0 1  1 0  0 1  0 0
    62  -.4212029497183406E-04   3   0 0  2 0  0 1  0 0
    63  0.9717859822262450E-05   3   1 0  0 1  0 1  0 0
    64  0.7486564294406942E-05   3   0 1  0 1  0 1  0 0
    65  -.1097634373057607E-03   3   0 0  1 1  0 1  0 0
    66  -.2002887783729294E-04   3   0 0  0 2  0 1  0 0
    67  -.7012907835276855E-06   3   2 0  0 0  0 0  1 0
    68  0.1139498342214728E-03   3   1 1  0 0  0 0  1 0
    69  0.2857802255544803E-04   3   0 2  0 0  0 0  1 0
    70  0.1264424484028422E-04   3   1 0  1 0  0 0  1 0
    71  0.1274287609000661E-04   3   0 1  1 0  0 0  1 0
    72  -.4197963133657843E-04   3   0 0  2 0  0 0  1 0
    73  0.9685406357954533E-05   3   1 0  0 1  0 0  1 0
    74  0.7461562395679999E-05   3   0 1  0 1  0 0  1 0
    75  -.1093968747230468E-03   3   0 0  1 1  0 0  1 0
    76  -.1996199001591043E-04   3   0 0  0 2  0 0  1 0
    77  -.7659294000124868E-05   3   2 0  0 0  0 0  0 1
    78  -.2282814868965178E-03   3   1 1  0 0  0 0  0 1
    79  -.3026354038723920E-04   3   0 2  0 0  0 0  0 1
    80  -.5098371528861878E-04   3   1 0  1 0  0 0  0 1
    81  -.2552845048939876E-04   3   0 1  1 0  0 0  0 1
    82  0.1751972346029914E-03   3   0 0  2 0  0 0  0 1
    83  -.1940326618021702E-04   3   1 0  0 1  0 0  0 1
    84  -.8209701503535866E-05   3   0 1  0 1  0 0  0 1
    85  0.2191603120292136E-03   3   0 0  1 1  0 0  0 1
    86  0.1898964281524422E-04   3   0 0  0 2  0 0  0 1
    87  0.2537817199195918E-01   3   1 0  0 0  0 2  0 0
    88  -.5970571757793029E-01   3   0 1  0 0  0 2  0 0
    89  -.2415972508967846E-06   3   0 0  1 0  0 2  0 0
    90  -.8182985922893850E-05   3   0 0  0 1  0 2  0 0
    91  0.1635301605470144E-01   3   1 0  0 0  0 1  1 0
    92  -.3865434002960615E-01   3   0 1  0 0  0 1  1 0
    93  -.2410972535443527E-06   3   0 0  1 0  0 1  1 0
    94  -.5463233462213302E-05   3   0 0  0 1  0 1  1 0
    95  0.2526611381965724E-01   3   1 0  0 0  0 0  2 0
    96  -.5944178178923262E-01   3   0 1  0 0  0 0  2 0
    97  -.2403878397295580E-06   3   0 0  1 0  0 0  2 0
    98  -.8146535853213260E-05   3   0 0  0 1  0 0  2 0
    99  -.6710939849747159E-01   3   1 0  0 0  0 1  0 1
   100  0.7716804674805849E-01   3   0 1  0 0  0 1  0 1
   101  0.7284815499627704E-06   3   0 0  1 0  0 1  0 1
   102  0.1091340584170869E-04   3   0 0  0 1  0 1  0 1
   103  -.6688528202443177E-01   3   1 0  0 0  0 0  1 1
   104  0.7691033872420794E-01   3   0 1  0 0  0 0  1 1
   105  0.7260487354938920E-06   3   0 0  1 0  0 0  1 1
   106  0.1087695976886551E-04   3   0 0  0 1  0 0  1 1
   107  0.6699735595350521E-01   3   1 0  0 0  0 0  0 2
   108  0.3723460964538497E-02   3   0 1  0 0  0 0  0 2
   109  -.7301567940781066E-06   3   0 0  1 0  0 0  0 2
   110  0.7195081477873445E-08   3   0 0  0 1  0 0  0 2
   111  -.2364186938123369E-06   3   0 0  0 0  0 3  0 0
   112  -.1455626167372944E-06   3   0 0  0 0  0 2  1 0
   113  -.1460137917883724E-06   3   0 0  0 0  0 1  2 0
   114  -.2349921467716641E-06   3   0 0  0 0  0 0  3 0
   115  0.5728961349005139E-06   3   0 0  0 0  0 2  0 1
   116  0.3914401640500863E-06   3   0 0  0 0  0 1  1 1
   117  0.5703292878536470E-06   3   0 0  0 0  0 0  2 1
   118  -.3908352050488932E-06   3   0 0  0 0  0 1  0 2
   119  -.3895299838778133E-06   3   0 0  0 0  0 0  1 2
   120  0.8687888512404145E-08   3   0 0  0 0  0 0  0 3
   121  0.1206120325687370E-03   4   4 0  0 0  0 0  0 0
   122  -.4018593420647635E-03   4   3 1  0 0  0 0  0 0
   123  -.2424124690267811E-03   4   2 2  0 0  0 0  0 0
   124  -.1048688614170936E-03   4   1 3  0 0  0 0  0 0
   125  -.9368474162656956E-05   4   0 4  0 0  0 0  0 0
   126  0.1888373673393778E-07   4   3 0  1 0  0 0  0 0
   127  -.2027466022877692E-04   4   2 1  1 0  0 0  0 0
   128  -.5568207768510258E-05   4   1 2  1 0  0 0  0 0
   129  0.9183445600745902E-06   4   0 3  1 0  0 0  0 0
   130  0.9502994347975035E-04   4   2 0  2 0  0 0  0 0
   131  -.1377540774979634E-02   4   1 1  2 0  0 0  0 0
   132  0.1532790393942528E-03   4   0 2  2 0  0 0  0 0
   133  0.6629868585257867E-07   4   1 0  3 0  0 0  0 0
   134  -.3363870635600559E-04   4   0 1  3 0  0 0  0 0
   135  -.2091573094139612E-03   4   0 0  4 0  0 0  0 0
   136  0.8180150003383552E-07   4   3 0  0 1  0 0  0 0
   137  0.7224517656327813E-07   4   2 1  0 1  0 0  0 0
   138  0.7681932440747512E-05   4   1 2  0 1  0 0  0 0
   139  0.3038060422696422E-05   4   0 3  0 1  0 0  0 0
   140  -.1234275095652942E-02   4   2 0  1 1  0 0  0 0
   141  -.1210521819875459E-02   4   1 1  1 1  0 0  0 0
   142  0.2587123519454500E-03   4   0 2  1 1  0 0  0 0
   143  -.6728246049094268E-04   4   1 0  2 1  0 0  0 0
   144  -.2376341968466957E-04   4   0 1  2 1  0 0  0 0
   145  -.3015829424562941E-03   4   0 0  3 1  0 0  0 0
   146  -.4235230669421194E-04   4   2 0  0 2  0 0  0 0
   147  -.6857872282514935E-03   4   1 1  0 2  0 0  0 0
   148  0.3880710132565773E-04   4   0 2  0 2  0 0  0 0
   149  -.8609672034864435E-05   4   1 0  1 2  0 0  0 0
   150  -.1719433162204997E-04   4   0 1  1 2  0 0  0 0
   151  -.8193298171729031E-04   4   0 0  2 2  0 0  0 0
   152  0.7596834359601601E-05   4   1 0  0 3  0 0  0 0
   153  0.3036342260177214E-05   4   0 1  0 3  0 0  0 0
   154  0.5216980580793445E-04   4   0 0  1 3  0 0  0 0
   155  0.5482984274352327E-04   4   0 0  0 4  0 0  0 0
   156  0.1268269080033126       4   3 0  0 0  0 1  0 0
   157  0.3973378612213131       4   2 1  0 0  0 1  0 0
   158  -.2895467177499008       4   1 2  0 0  0 1  0 0
   159  0.2095554409383921E-01   4   0 3  0 0  0 1  0 0
   160  -.1711354426366675E-03   4   2 0  1 0  0 1  0 0
   161  -.1286872648384703E-03   4   1 1  1 0  0 1  0 0
   162  -.2163990582213694E-04   4   0 2  1 0  0 1  0 0
   163   1.157990582622625       4   1 0  2 0  0 1  0 0
   164  0.2655612805742617       4   0 1  2 0  0 1  0 0
   165  0.3462278643900757E-04   4   0 0  3 0  0 1  0 0
   166  -.4045625645539345E-04   4   2 0  0 1  0 1  0 0
   167  -.1580121443798163E-03   4   1 1  0 1  0 1  0 0
   168  -.2198046348810822E-04   4   0 2  0 1  0 1  0 0
   169   1.059440465419195       4   1 0  1 1  0 1  0 0
   170  0.4925394681506383       4   0 1  1 1  0 1  0 0
   171  0.3351109851584722E-04   4   0 0  2 1  0 1  0 0
   172  0.4855145083169805       4   1 0  0 2  0 1  0 0
   173  0.3039538224540833       4   0 1  0 2  0 1  0 0
   174  0.1319662556134705E-04   4   0 0  1 2  0 1  0 0
   175  0.1790545513456990E-04   4   0 0  0 3  0 1  0 0
   176  0.1264033607812438       4   3 0  0 0  0 0  1 0
   177  0.3960109239806900       4   2 1  0 0  0 0  1 0
   178  -.2885797564804634       4   1 2  0 0  0 0  1 0
   179  0.2088556160646642E-01   4   0 3  0 0  0 0  1 0
   180  -.1705639240018027E-03   4   2 0  1 0  0 0  1 0
   181  -.1282575048262134E-03   4   1 1  1 0  0 0  1 0
   182  -.2156763786148783E-04   4   0 2  1 0  0 0  1 0
   183   1.154123393063461       4   1 0  2 0  0 0  1 0
   184  0.2646744203294831       4   0 1  2 0  0 0  1 0
   185  0.3450716125151268E-04   4   0 0  3 0  0 0  1 0
   186  -.4032114999173488E-04   4   2 0  0 1  0 0  1 0
   187  -.1574844519062017E-03   4   1 1  0 1  0 0  1 0
   188  -.2190705821160375E-04   4   0 2  0 1  0 0  1 0
   189   1.055902390785497       4   1 0  1 1  0 0  1 0
   190  0.4908945985659474       4   0 1  1 1  0 0  1 0
   191  0.3339918588697026E-04   4   0 0  2 1  0 0  1 0
   192  0.4838930990710335       4   1 0  0 2  0 0  1 0
   193  0.3029387476630572       4   0 1  0 2  0 0  1 0
   194  0.1315255451848660E-04   4   0 0  1 2  0 0  1 0
   195  0.1784565863001296E-04   4   0 0  0 3  0 0  1 0
   196  -.6889368102397766       4   3 0  0 0  0 0  0 1
   197  -.7933487852020006       4   2 1  0 0  0 0  0 1
   198  0.2314228562736502       4   1 2  0 0  0 0  0 1
   199  -.2039352851047646E-01   4   0 3  0 0  0 0  0 1
   200  0.6429158988153446E-03   4   2 0  1 0  0 0  0 1
   201  0.2569447696646832E-03   4   1 1  1 0  0 0  0 1
   202  0.2989015393864073E-04   4   0 2  1 0  0 0  0 1
   203  -4.451453389576838       4   1 0  2 0  0 0  0 1
   204  -.5302357009037435       4   0 1  2 0  0 0  0 1
   205  -.1475972994203548E-03   4   0 0  3 0  0 0  0 1
   206  0.8077740644712828E-04   4   2 0  0 1  0 0  0 1
   207  0.1692490573805870E-03   4   1 1  0 1  0 0  0 1
   208  0.1658461900410085E-04   4   0 2  0 1  0 0  0 1
   209  -2.115342856204690       4   1 0  1 1  0 0  0 1
   210  -.6628402804806425       4   0 1  1 1  0 0  0 1
   211  -.6691028440276186E-04   4   0 0  2 1  0 0  0 1
   212  -.4822392599125249       4   1 0  0 2  0 0  0 1
   213  -.2190237663026903       4   0 1  0 2  0 0  0 1
   214  -.1724431600599589E-04   4   0 0  1 2  0 0  0 1
   215  -.1238578415185566E-04   4   0 0  0 3  0 0  0 1
   216  0.9440671926651429E-04   4   2 0  0 0  0 2  0 0
   217  -.2123628227520256E-03   4   1 1  0 0  0 2  0 0
   218  -.5304796008794626E-05   4   0 2  0 0  0 2  0 0
   219  0.1044261764307548E-04   4   1 0  1 0  0 2  0 0
   220  -.1249851992883698E-06   4   0 1  1 0  0 2  0 0
   221  0.1060320259916189E-03   4   0 0  2 0  0 2  0 0
   222  0.9495686370029383E-05   4   1 0  0 1  0 2  0 0
   223  0.5523659645262610E-05   4   0 1  0 1  0 2  0 0
   224  0.2360903353838626E-03   4   0 0  1 1  0 2  0 0
   225  0.1186021533705821E-03   4   0 0  0 2  0 2  0 0
   226  0.8735617889269996E-04   4   2 0  0 0  0 1  1 0
   227  -.1597834645615946E-03   4   1 1  0 0  0 1  1 0
   228  0.1024202076399634E-05   4   0 2  0 0  0 1  1 0
   229  0.1231797177819751E-04   4   1 0  1 0  0 1  1 0
   230  0.3721567413897073E-05   4   0 1  1 0  0 1  1 0
   231  0.1052876323151292E-03   4   0 0  2 0  0 1  1 0
   232  0.1136531303739320E-04   4   1 0  0 1  0 1  1 0
   233  0.7994066417223573E-05   4   0 1  0 1  0 1  1 0
   234  0.2392039655296988E-03   4   0 0  1 1  0 1  1 0
   235  0.1404994099688355E-03   4   0 0  0 2  0 1  1 0
   236  0.9394557550719009E-04   4   2 0  0 0  0 0  2 0
   237  -.2113868184728897E-03   4   1 1  0 0  0 0  2 0
   238  -.5288790472801051E-05   4   0 2  0 0  0 0  2 0
   239  0.1038717544103298E-04   4   1 0  1 0  0 0  2 0
   240  -.1307820183354593E-06   4   0 1  1 0  0 0  2 0
   241  0.1055021170534466E-03   4   0 0  2 0  0 0  2 0
   242  0.9444997245242478E-05   4   1 0  0 1  0 0  2 0
   243  0.5491864633668350E-05   4   0 1  0 1  0 0  2 0
   244  0.2349024763117233E-03   4   0 0  1 1  0 0  2 0
   245  0.1179714695413532E-03   4   0 0  0 2  0 0  2 0
   246  -.1742278919748688E-03   4   2 0  0 0  0 1  0 1
   247  0.1706396520958878E-03   4   1 1  0 0  0 1  0 1
   248  0.2361877630264137E-05   4   0 2  0 0  0 1  0 1
   249  -.1659457706547973E-04   4   1 0  1 0  0 1  0 1
   250  0.2567335762117567E-06   4   0 1  1 0  0 1  0 1
   251  -.2492178477231171E-03   4   0 0  2 0  0 1  0 1
   252  -.7530939444789169E-05   4   1 0  0 1  0 1  0 1
   253  -.3430456277335884E-05   4   0 1  0 1  0 1  0 1
   254  -.3520634461659939E-03   4   0 0  1 1  0 1  0 1
   255  -.1066062912872449E-03   4   0 0  0 2  0 1  0 1
   256  -.1736460458917744E-03   4   2 0  0 0  0 0  1 1
   257  0.1700697891877897E-03   4   1 1  0 0  0 0  1 1
   258  0.2353989976729750E-05   4   0 2  0 0  0 0  1 1
   259  -.1653915832880839E-04   4   1 0  1 0  0 0  1 1
   260  0.2558761966956347E-06   4   0 1  1 0  0 0  1 1
   261  -.2483855675015550E-03   4   0 0  2 0  0 0  1 1
   262  -.7505789352181665E-05   4   1 0  0 1  0 0  1 1
   263  -.3419000031578844E-05   4   0 1  0 1  0 0  1 1
   264  -.3508877059625699E-03   4   0 0  1 1  0 0  1 1
   265  -.1062502722117934E-03   4   0 0  0 2  0 0  1 1
   266  0.7216546941273115E-04   4   2 0  0 0  0 0  0 2
   267  0.6491839604868768E-04   4   1 1  0 0  0 0  0 2
   268  0.3666711410414889E-05   4   0 2  0 0  0 0  0 2
   269  -.1402946551784434E-07   4   1 0  1 0  0 0  0 2
   270  0.1050631298929441E-05   4   0 1  1 0  0 0  0 2
   271  0.1807816318094927E-03   4   0 0  2 0  0 0  0 2
   272  -.1948731085714289E-08   4   1 0  0 1  0 0  0 2
   273  -.1195846328585355E-09   4   0 1  0 1  0 0  0 2
   274  0.7500731176754134E-04   4   0 0  1 1  0 0  0 2
   275  0.4594278374750279E-05   4   0 0  0 2  0 0  0 2
   276  -.2084603143274578E-01   4   1 0  0 0  0 3  0 0
   277  0.4912558091502629E-01   4   0 1  0 0  0 3  0 0
   278  0.2438112618774041E-06   4   0 0  1 0  0 3  0 0
   279  0.6819004988271727E-05   4   0 0  0 1  0 3  0 0
   280  -.1179699723894608E-01   4   1 0  0 0  0 2  1 0
   281  0.2800099993023171E-01   4   0 1  0 0  0 2  1 0
   282  0.2461310233972465E-06   4   0 0  1 0  0 2  1 0
   283  0.4093086395613016E-05   4   0 0  0 1  0 2  1 0
   284  -.1184197831633112E-01   4   1 0  0 0  0 1  2 0
   285  0.2810599860095561E-01   4   0 1  0 0  0 1  2 0
   286  0.2461153241652353E-06   4   0 0  1 0  0 1  2 0
   287  0.4106627410136371E-05   4   0 0  0 1  0 1  2 0
   288  -.2072197401817385E-01   4   1 0  0 0  0 0  3 0
   289  0.4883289492907711E-01   4   0 1  0 0  0 0  3 0
   290  0.2421803163348780E-06   4   0 0  1 0  0 0  3 0
   291  0.6778034559925553E-05   4   0 0  0 1  0 0  3 0
   292  0.4895688131176149E-01   4   1 0  0 0  0 2  0 1
   293  -.5596629439733559E-01   4   0 1  0 0  0 2  0 1
   294  -.7318822824339727E-06   4   0 0  1 0  0 2  0 1
   295  -.8176564344519969E-05   4   0 0  0 1  0 2  0 1
   296  0.3092485884429398E-01   4   1 0  0 0  0 1  1 1
   297  -.3490529084657742E-01   4   0 1  0 0  0 1  1 1
   298  -.7352521762774360E-06   4   0 0  1 0  0 1  1 1
   299  -.5457880875646526E-05   4   0 0  0 1  0 1  1 1
   300  0.4874174857267258E-01   4   1 0  0 0  0 0  2 1
   301  -.5572110677510506E-01   4   0 1  0 0  0 0  2 1
   302  -.7282103982748676E-06   4   0 0  1 0  0 0  2 1
   303  -.8140144657810250E-05   4   0 0  0 1  0 0  2 1
   304  -.3086459605560315E-01   4   1 0  0 0  0 1  0 2
   305  -.3749113248179384E-02   4   0 1  0 0  0 1  0 2
   306  0.7324824480189444E-06   4   0 0  1 0  0 1  0 2
   307  -.1069954835297616E-07   4   0 0  0 1  0 1  0 2
   308  -.3076152160456226E-01   4   1 0  0 0  0 0  1 2
   309  -.3736592825451280E-02   4   0 1  0 0  0 0  1 2
   310  0.7300362722747733E-06   4   0 0  1 0  0 0  1 2
   311  -.1066381647204730E-07   4   0 0  0 1  0 0  1 2
   312  -.1790412764446790E-02   4   1 0  0 0  0 0  0 3
   313  0.1292804818473427E-04   4   0 1  0 0  0 0  0 3
   314  -.2441206419800227E-06   4   0 0  1 0  0 0  0 3
   315  0.2324400660640198E-08   4   0 0  0 1  0 0  0 3
   316  0.1116970005048804E-04   4   0 0  0 0  0 4  0 0
   317  0.5974779678984838E-05   4   0 0  0 0  0 3  1 0
   318  0.5286700173262784E-05   4   0 0  0 0  0 2  2 0
   319  0.6011492696416668E-05   4   0 0  0 0  0 1  3 0
   320  0.1108523006549569E-04   4   0 0  0 0  0 0  4 0
   321  -.1224386057178035E-04   4   0 0  0 0  0 3  0 1
   322  -.6583540387652090E-05   4   0 0  0 0  0 2  1 1
   323  -.6611690104608527E-05   4   0 0  0 0  0 1  2 1
   324  -.1217157059048336E-04   4   0 0  0 0  0 0  3 1
   325  -.6007606648113706E-06   4   0 0  0 0  0 2  0 2
   326  -.7222485068848047E-06   4   0 0  0 0  0 1  1 2
   327  -.5975483836677921E-06   4   0 0  0 0  0 0  2 2
   328  0.1661239903180978E-08   4   0 0  0 0  0 1  0 3
   329  0.1655692077745049E-08   4   0 0  0 0  0 0  1 3
   ----------------------------------------------------
     I  COEFFICIENT            ORDER EXPONENTS
     1  0.6007917952228954E-05   0   0 0  0 0  0 0  0 0
     2  -.2182020409911524E-04   1   1 0  0 0  0 0  0 0
     3  -.1407567545972938E-05   1   0 1  0 0  0 0  0 0
     4   1.172587373263687       1   0 0  1 0  0 0  0 0
     5  0.3605347036640916       1   0 0  0 1  0 0  0 0
     6  -.2579341473332872E-06   1   0 0  0 0  0 1  0 0
     7  -.2570727584269312E-06   1   0 0  0 0  0 0  1 0
     8  0.5150069054160070E-06   1   0 0  0 0  0 0  0 1
     9  0.7119135570469097E-05   2   2 0  0 0  0 0  0 0
    10  -.6883251207942323E-06   2   1 1  0 0  0 0  0 0
    11  0.7138654870324640E-06   2   0 2  0 0  0 0  0 0
    12  -.2510328752511655E-03   2   1 0  1 0  0 0  0 0
    13  0.1092172499539010E-05   2   0 1  1 0  0 0  0 0
    14  -.5225110878249493E-05   2   0 0  2 0  0 0  0 0
    15  0.3941771076437763E-04   2   1 0  0 1  0 0  0 0
    16  0.2425861355559420E-05   2   0 1  0 1  0 0  0 0
    17  0.7235727156228784E-05   2   0 0  1 1  0 0  0 0
    18  0.1666407887900661E-05   2   0 0  0 2  0 0  0 0
    19  0.1092405587062735E-04   2   1 0  0 0  0 1  0 0
    20  0.1408410475064321E-05   2   0 1  0 0  0 1  0 0
    21  -.8826024484160395E-01   2   0 0  1 0  0 1  0 0
    22  -.1857623093388897       2   0 0  0 1  0 1  0 0
    23  0.1088757423127676E-04   2   1 0  0 0  0 0  1 0
    24  0.1403706990972135E-05   2   0 1  0 0  0 0  1 0
    25  -.8796549365583115E-01   2   0 0  1 0  0 0  1 0
    26  -.1851419432720652       2   0 0  0 1  0 0  1 0
    27  -.2181163010190428E-04   2   1 0  0 0  0 0  0 1
    28  -.1404549920063463E-05   2   0 1  0 0  0 0  0 1
    29  0.1762257384974381       2   0 0  1 0  0 0  0 1
    30  0.1036954894686233E-01   2   0 0  0 1  0 0  0 1
    31  0.1940881171104739E-06   2   0 0  0 0  0 2  0 0
    32  0.1306660119760829E-06   2   0 0  0 0  0 1  1 0
    33  0.1932217623855945E-06   2   0 0  0 0  0 0  2 0
    34  -.2609095326533494E-06   2   0 0  0 0  0 1  0 1
    35  -.2600382072421537E-06   2   0 0  0 0  0 0  1 1
    36  0.2970511199066139E-08   2   0 0  0 0  0 0  0 2
    37  0.1016855804062372E-04   3   3 0  0 0  0 0  0 0
    38  -.3822674416687992E-04   3   2 1  0 0  0 0  0 0
    39  -.2703175045251489E-04   3   1 2  0 0  0 0  0 0
    40  -.4225889567488357E-05   3   0 3  0 0  0 0  0 0
    41  -.9817549159256457E-01   3   2 0  1 0  0 0  0 0
    42  -.1125816981896249       3   1 1  1 0  0 0  0 0
    43  0.1776286101636404       3   0 2  1 0  0 0  0 0
    44  -.5787065373715121E-04   3   1 0  2 0  0 0  0 0
    45  -.9290540159884297E-04   3   0 1  2 0  0 0  0 0
    46  0.1970987228670413       3   0 0  3 0  0 0  0 0
    47  0.4646437289888536       3   2 0  0 1  0 0  0 0
    48  -.2925112825705134E-01   3   1 1  0 1  0 0  0 0
    49  0.2031688046344214       3   0 2  0 1  0 0  0 0
    50  -.5821712364161181E-04   3   1 0  1 1  0 0  0 0
    51  -.3462554406425790E-04   3   0 1  1 1  0 0  0 0
    52  0.8140094710353107       3   0 0  2 1  0 0  0 0
    53  -.3900837389060346E-04   3   1 0  0 2  0 0  0 0
    54  -.6850526070374138E-05   3   0 1  0 2  0 0  0 0
    55  0.4163340948549023       3   0 0  1 2  0 0  0 0
    56  0.2188734095037549       3   0 0  0 3  0 0  0 0
    57  -.3380769296497389E-05   3   2 0  0 0  0 1  0 0
    58  0.1039578904616207E-05   3   1 1  0 0  0 1  0 0
    59  -.1069956070959738E-05   3   0 2  0 0  0 1  0 0
    60  0.1278512397985690E-03   3   1 0  1 0  0 1  0 0
    61  -.1474741692187511E-05   3   0 1  1 0  0 1  0 0
    62  0.9193993721810886E-06   3   0 0  2 0  0 1  0 0
    63  -.3898219416976925E-04   3   1 0  0 1  0 1  0 0
    64  -.3435887539665592E-05   3   0 1  0 1  0 1  0 0
    65  -.8766986553371149E-05   3   0 0  1 1  0 1  0 0
    66  -.2653730884479379E-05   3   0 0  0 2  0 1  0 0
    67  -.3369478983845838E-05   3   2 0  0 0  0 0  1 0
    68  0.1036107159037113E-05   3   1 1  0 0  0 0  1 0
    69  -.1066382878734805E-05   3   0 2  0 0  0 0  1 0
    70  0.1274242717496972E-03   3   1 0  1 0  0 0  1 0
    71  -.1469816690412704E-05   3   0 1  1 0  0 0  1 0
    72  0.9163289744577329E-06   3   0 0  2 0  0 0  1 0
    73  -.3885201043896134E-04   3   1 0  0 1  0 0  1 0
    74  -.3424413155832449E-05   3   0 1  0 1  0 0  1 0
    75  -.8737708596039082E-05   3   0 0  1 1  0 0  1 0
    76  -.2644868566836631E-05   3   0 0  0 2  0 0  1 0
    77  0.6750248280343247E-05   3   2 0  0 0  0 0  0 1
    78  -.1387360942859018E-05   3   1 1  0 0  0 0  0 1
    79  0.7086079757162998E-06   3   0 2  0 0  0 0  0 1
    80  -.2552755115482663E-03   3   1 0  1 0  0 0  0 1
    81  0.1852385883062845E-05   3   0 1  1 0  0 0  0 1
    82  -.1835728346649713E-05   3   0 0  2 0  0 0  0 1
    83  0.3841649384435502E-04   3   1 0  0 1  0 0  0 1
    84  0.2008577984379925E-05   3   0 1  0 1  0 0  0 1
    85  0.1026896799316505E-04   3   0 0  1 1  0 0  0 1
    86  0.1965783675598182E-05   3   0 0  0 2  0 0  0 1
    87  -.8186275408650993E-05   3   1 0  0 0  0 2  0 0
    88  -.1411101718323496E-05   3   0 1  0 0  0 2  0 0
    89  0.6706573852859660E-01   3   0 0  1 0  0 2  0 0
    90  0.1417775382691218       3   0 0  0 1  0 2  0 0
    91  -.5467026289442920E-05   3   1 0  0 0  0 1  1 0
    92  -.1410929729206879E-05   3   0 1  0 0  0 1  1 0
    93  0.4601182697703037E-01   3   0 0  1 0  0 1  1 0
    94  0.9808449699756493E-01   3   0 0  0 1  0 1  1 0
    95  -.8149808020312226E-05   3   1 0  0 0  0 0  2 0
    96  -.1404033297998230E-05   3   0 1  0 0  0 0  2 0
    97  0.6676493802340676E-01   3   0 0  1 0  0 0  2 0
    98  0.1411402824069892       3   0 0  0 1  0 0  2 0
    99  0.1091649968385910E-04   3   1 0  0 0  0 1  0 1
   100  0.1405200810352268E-05   3   0 1  0 0  0 1  0 1
   101  -.9188311355599180E-01   3   0 0  1 0  0 1  0 1
   102  -.1011504008192025E-01   3   0 0  0 1  0 1  0 1
   103  0.1088004327891633E-04   3   1 0  0 0  0 0  1 1
   104  0.1400508045157219E-05   3   0 1  0 0  0 0  1 1
   105  -.9157626354983534E-01   3   0 0  1 0  0 0  1 1
   106  -.1008126020669292E-01   3   0 0  0 1  0 0  1 1
   107  0.7027277386608442E-08   3   1 0  0 0  0 0  0 2
   108  0.2416142239218002E-08   3   0 1  0 0  0 0  0 2
   109  0.3616838054228983E-02   3   0 0  1 0  0 0  0 2
   110  -.2713950874009889E-03   3   0 0  0 1  0 0  0 2
   111  -.1622006218190956E-06   3   0 0  0 0  0 3  0 0
   112  -.9853277005687769E-07   3   0 0  0 0  0 2  1 0
   113  -.9884899143555195E-07   3   0 0  0 0  0 1  2 0
   114  -.1612241255822672E-06   3   0 0  0 0  0 0  3 0
   115  0.1969563033902454E-06   3   0 0  0 0  0 2  0 1
   116  0.1334273167740979E-06   3   0 0  0 0  0 1  1 1
   117  0.1960757593782069E-06   3   0 0  0 0  0 0  2 1
   118  -.2760307476978024E-08   3   0 0  0 0  0 1  0 2
   119  -.2751089239437702E-08   3   0 0  0 0  0 0  1 2
   120  -.1432085605732771E-09   3   0 0  0 0  0 0  0 3
   121  -.4771212543083954E-08   4   4 0  0 0  0 0  0 0
   122  -.3060637902277836E-07   4   3 1  0 0  0 0  0 0
   123  -.3681945182599575E-05   4   2 2  0 0  0 0  0 0
   124  0.2350740953507500E-06   4   1 3  0 0  0 0  0 0
   125  -.2299619252384372E-05   4   0 4  0 0  0 0  0 0
   126  0.2575642745948243E-03   4   3 0  1 0  0 0  0 0
   127  0.5440236332592250E-03   4   2 1  1 0  0 0  0 0
   128  0.5151923444266598E-04   4   1 2  1 0  0 0  0 0
   129  -.1539061884454973E-03   4   0 3  1 0  0 0  0 0
   130  0.2517989887169181E-04   4   2 0  2 0  0 0  0 0
   131  0.3487280062635768E-04   4   1 1  2 0  0 0  0 0
   132  -.2621264129325718E-04   4   0 2  2 0  0 0  0 0
   133  0.1065143573424095E-03   4   1 0  3 0  0 0  0 0
   134  0.1680670702739812E-03   4   0 1  3 0  0 0  0 0
   135  0.3455070895828603E-05   4   0 0  4 0  0 0  0 0
   136  -.1413995523630024E-03   4   3 0  0 1  0 0  0 0
   137  0.4886706957217557E-03   4   2 1  0 1  0 0  0 0
   138  0.2553145424816427E-03   4   1 2  0 1  0 0  0 0
   139  -.1416293942823475E-03   4   0 3  0 1  0 0  0 0
   140  -.8514875298263952E-05   4   2 0  1 1  0 0  0 0
   141  0.4771008954855661E-04   4   1 1  1 1  0 0  0 0
   142  -.1643310752476448E-04   4   0 2  1 1  0 0  0 0
   143  -.4435558743863415E-04   4   1 0  2 1  0 0  0 0
   144  0.5926084415959719E-04   4   0 1  2 1  0 0  0 0
   145  -.2733351949986803E-04   4   0 0  3 1  0 0  0 0
   146  -.1477188678513297E-04   4   2 0  0 2  0 0  0 0
   147  0.7328499463458754E-05   4   1 1  0 2  0 0  0 0
   148  -.1503902912130775E-04   4   0 2  0 2  0 0  0 0
   149  0.1849838379521895E-03   4   1 0  1 2  0 0  0 0
   150  -.2037239199784725E-03   4   0 1  1 2  0 0  0 0
   151  -.3652716146625280E-04   4   0 0  2 2  0 0  0 0
   152  0.1388141582093644E-03   4   1 0  0 3  0 0  0 0
   153  -.1644849019955605E-03   4   0 1  0 3  0 0  0 0
   154  -.2502863579796339E-04   4   0 0  1 3  0 0  0 0
   155  -.1439453367870064E-04   4   0 0  0 4  0 0  0 0
   156  -.8111718834090358E-05   4   3 0  0 0  0 1  0 0
   157  0.2732829057512958E-04   4   2 1  0 0  0 1  0 0
   158  0.3791239716862557E-04   4   1 2  0 0  0 1  0 0
   159  0.8314365630653499E-05   4   0 3  0 0  0 1  0 0
   160  0.9292042401205250E-01   4   2 0  1 0  0 1  0 0
   161  0.1742793071546412       4   1 1  1 0  0 1  0 0
   162  -.2707860263701019       4   0 2  1 0  0 1  0 0
   163  0.6561553358793546E-04   4   1 0  2 0  0 1  0 0
   164  0.1104605531821091E-03   4   0 1  2 0  0 1  0 0
   165  -.2406106887907725       4   0 0  3 0  0 1  0 0
   166  -.4592135910631498       4   2 0  0 1  0 1  0 0
   167  0.5845244811392748E-01   4   1 1  0 1  0 1  0 0
   168  -.3186609201100959       4   0 2  0 1  0 1  0 0
   169  0.9024875320269193E-04   4   1 0  1 1  0 1  0 0
   170  0.5884620519359324E-04   4   0 1  1 1  0 1  0 0
   171  -1.006108516409617       4   0 0  2 1  0 1  0 0
   172  0.6190511618771884E-04   4   1 0  0 2  0 1  0 0
   173  0.1419041833496636E-04   4   0 1  0 2  0 1  0 0
   174  -.6676858969540307       4   0 0  1 2  0 1  0 0
   175  -.3526430820873190       4   0 0  0 3  0 1  0 0
   176  -.8084629188585153E-05   4   3 0  0 0  0 0  1 0
   177  0.2723702586057313E-04   4   2 1  0 0  0 0  1 0
   178  0.3778578609881785E-04   4   1 2  0 0  0 0  1 0
   179  0.8286599232169378E-05   4   0 3  0 0  0 0  1 0
   180  0.9261010983596407E-01   4   2 0  1 0  0 0  1 0
   181  0.1736972893670033       4   1 1  1 0  0 0  1 0
   182  -.2698817177257492       4   0 2  1 0  0 0  1 0
   183  0.6539640597996127E-04   4   1 0  2 0  0 0  1 0
   184  0.1100916625327462E-03   4   0 1  2 0  0 0  1 0
   185  -.2398071527710755       4   0 0  3 0  0 0  1 0
   186  -.4576800155475688       4   2 0  0 1  0 0  1 0
   187  0.5825724212482374E-01   4   1 1  0 1  0 0  1 0
   188  -.3175967299503012       4   0 2  0 1  0 0  1 0
   189  0.8994736125583149E-04   4   1 0  1 1  0 0  1 0
   190  0.5864968422550368E-04   4   0 1  1 1  0 0  1 0
   191  -1.002748547504287       4   0 0  2 1  0 0  1 0
   192  0.6169837977502320E-04   4   1 0  0 2  0 0  1 0
   193  0.1414302845248130E-04   4   0 1  0 2  0 0  1 0
   194  -.6654561137689518       4   0 0  1 2  0 0  1 0
   195  -.3514654061496693       4   0 0  0 3  0 0  1 0
   196  0.1619634802267555E-04   4   3 0  0 0  0 0  0 1
   197  -.1633857226882306E-04   4   2 1  0 0  0 0  0 1
   198  -.2163468236241405E-04   4   1 2  0 0  0 0  0 1
   199  -.3923296160357999E-05   4   0 3  0 0  0 0  0 1
   200  -.1855305338480162       4   2 0  1 0  0 0  0 1
   201  -.2353948983320176       4   1 1  1 0  0 0  0 1
   202  0.1854105237685738       4   0 2  1 0  0 0  0 1
   203  -.1310119395678580E-03   4   1 0  2 0  0 0  0 1
   204  -.1276468141159733E-03   4   0 1  2 0  0 0  0 1
   205  0.4804178415616469       4   0 0  3 0  0 0  0 1
   206  0.4522498776218660       4   2 0  0 1  0 0  0 1
   207  -.5820743372464385E-01   4   1 1  0 1  0 0  0 1
   208  0.2675123615713392E-01   4   0 2  0 1  0 0  0 1
   209  -.1219789908168327E-03   4   1 0  1 1  0 0  0 1
   210  -.4824480129052293E-04   4   0 1  1 1  0 0  0 1
   211   1.194847592877984       4   0 0  2 1  0 0  0 1
   212  -.4558674818150569E-04   4   1 0  0 2  0 0  0 1
   213  -.7781868576316030E-05   4   0 1  0 2  0 0  0 1
   214  0.5004738210127317       4   0 0  1 2  0 0  0 1
   215  0.4748825972567376E-01   4   0 0  0 3  0 0  0 1
   216  -.4510323406525278E-05   4   2 0  0 0  0 2  0 0
   217  0.5374533511086143E-06   4   1 1  0 0  0 2  0 0
   218  -.5804368006218493E-05   4   0 2  0 0  0 2  0 0
   219  -.4043843069570717E-04   4   1 0  1 0  0 2  0 0
   220  -.1746164599246514E-03   4   0 1  1 0  0 2  0 0
   221  -.1944759847603109E-04   4   0 0  2 0  0 2  0 0
   222  0.6381064858201545E-04   4   1 0  0 1  0 2  0 0
   223  -.2073277824027137E-03   4   0 1  0 1  0 2  0 0
   224  -.2223732707842942E-04   4   0 0  1 1  0 2  0 0
   225  -.2022572954512702E-04   4   0 0  0 2  0 2  0 0
   226  -.5375157629879426E-05   4   2 0  0 0  0 1  1 0
   227  0.8265517679425291E-06   4   1 1  0 0  0 1  1 0
   228  -.7128984241171031E-05   4   0 2  0 0  0 1  1 0
   229  0.2528575026046086E-05   4   1 0  1 0  0 1  1 0
   230  -.2109924248580885E-03   4   0 1  1 0  0 1  1 0
   231  -.2074755413852457E-04   4   0 0  2 0  0 1  1 0
   232  0.7083691911200860E-04   4   1 0  0 1  0 1  1 0
   233  -.2540869563949820E-03   4   0 1  0 1  0 1  1 0
   234  -.2821606416722128E-04   4   0 0  1 1  0 1  1 0
   235  -.2512238762243783E-04   4   0 0  0 2  0 1  1 0
   236  -.4486285514735477E-05   4   2 0  0 0  0 0  2 0
   237  0.5342783251396542E-06   4   1 1  0 0  0 0  2 0
   238  -.5773080050506843E-05   4   0 2  0 0  0 0  2 0
   239  -.4030760593790754E-04   4   1 0  1 0  0 0  2 0
   240  -.1736810043016350E-03   4   0 1  1 0  0 0  2 0
   241  -.1934800793196185E-04   4   0 0  2 0  0 0  2 0
   242  0.6347926611939917E-04   4   1 0  0 1  0 0  2 0
   243  -.2062111264753854E-03   4   0 1  0 1  0 0  2 0
   244  -.2211594924031363E-04   4   0 0  1 1  0 0  2 0
   245  -.2011623534924678E-04   4   0 0  0 2  0 0  2 0
   246  0.3549873044510055E-05   4   2 0  0 0  0 1  0 1
   247  -.4710153683624160E-06   4   1 1  0 0  0 1  0 1
   248  0.3262181738567512E-06   4   0 2  0 0  0 1  0 1
   249  0.3936999245508623E-04   4   1 0  1 0  0 1  0 1
   250  0.1452899684435091E-03   4   0 1  1 0  0 1  0 1
   251  0.2572847564762623E-04   4   0 0  2 0  0 1  0 1
   252  -.6998650100985887E-04   4   1 0  0 1  0 1  0 1
   253  0.2447228481688951E-04   4   0 1  0 1  0 1  0 1
   254  0.1929342843602787E-04   4   0 0  1 1  0 1  0 1
   255  0.3071646671679530E-05   4   0 0  0 2  0 1  0 1
   256  0.3538017998208232E-05   4   2 0  0 0  0 0  1 1
   257  -.4694423799961299E-06   4   1 1  0 0  0 0  1 1
   258  0.3251287457259191E-06   4   0 2  0 0  0 0  1 1
   259  0.3923851364510992E-04   4   1 0  1 0  0 0  1 1
   260  0.1448047625554416E-03   4   0 1  1 0  0 0  1 1
   261  0.2564255362555564E-04   4   0 0  2 0  0 0  1 1
   262  -.6975277625419252E-04   4   1 0  0 1  0 0  1 1
   263  0.2439055793089163E-04   4   0 1  0 1  0 0  1 1
   264  0.1922899669873408E-04   4   0 0  1 1  0 0  1 1
   265  0.3061388695391632E-05   4   0 0  0 2  0 0  1 1
   266  -.4922752135668749E-08   4   2 0  0 0  0 0  0 2
   267  -.1192801231318975E-08   4   1 1  0 0  0 0  0 2
   268  0.2065665851499899E-08   4   0 2  0 0  0 0  0 2
   269  0.2849420445851400E-04   4   1 0  1 0  0 0  0 2
   270  -.3486480603467358E-05   4   0 1  1 0  0 0  0 2
   271  -.4590464939780892E-05   4   0 0  2 0  0 0  0 2
   272  0.6336271825219374E-05   4   1 0  0 1  0 0  0 2
   273  0.2705768599953461E-06   4   0 1  0 1  0 0  0 2
   274  -.1185174227618421E-05   4   0 0  1 1  0 0  0 2
   275  -.4204007651777133E-07   4   0 0  0 2  0 0  0 2
   276  0.6819906403824178E-05   4   1 0  0 0  0 3  0 0
   277  0.1407427435218791E-05   4   0 1  0 0  0 3  0 0
   278  -.5648313137491452E-01   4   0 0  1 0  0 3  0 0
   279  -.1197865920272346       4   0 0  0 1  0 3  0 0
   280  0.4091473638302864E-05   4   1 0  0 0  0 2  1 0
   281  0.1402808711736421E-05   4   0 1  0 0  0 2  1 0
   282  -.3535361212155928E-01   4   0 0  1 0  0 2  1 0
   283  -.7587908329280274E-01   4   0 0  0 1  0 2  1 0
   284  0.4105027232145041E-05   4   1 0  0 0  0 1  2 0
   285  0.1402808303613830E-05   4   0 1  0 0  0 1  2 0
   286  -.3545851244474376E-01   4   0 0  1 0  0 1  2 0
   287  -.7609702761165878E-01   4   0 0  0 1  0 1  2 0
   288  0.6778934143967098E-05   4   1 0  0 0  0 0  3 0
   289  0.1398042593972150E-05   4   0 1  0 0  0 0  3 0
   290  -.5614135267641995E-01   4   0 0  1 0  0 0  3 0
   291  -.1190602622658111       4   0 0  0 1  0 0  3 0
   292  -.8177793714470943E-05   4   1 0  0 0  0 2  0 1
   293  -.1402492036035276E-05   4   0 1  0 0  0 2  0 1
   294  0.7067147493444616E-01   4   0 0  1 0  0 2  0 1
   295  0.9906159347634872E-02   4   0 0  0 1  0 2  0 1
   296  -.5457258192002164E-05   4   1 0  0 0  0 1  1 1
   297  -.1399785682236653E-05   4   0 1  0 0  0 1  1 1
   298  0.4960048703158106E-01   4   0 0  1 0  0 1  1 1
   299  0.9698560946407184E-02   4   0 0  0 1  0 1  1 1
   300  -.8141370961956046E-05   4   1 0  0 0  0 0  2 1
   301  -.1395470976482660E-05   4   0 1  0 0  0 0  2 1
   302  0.7035264053429427E-01   4   0 0  1 0  0 0  2 1
   303  0.9856882536861591E-02   4   0 0  0 1  0 0  2 1
   304  -.1051331758966304E-07   4   1 0  0 0  0 1  0 2
   305  -.4840915158813956E-08   4   0 1  0 0  0 1  0 2
   306  -.3588586243175368E-02   4   0 0  1 0  0 1  0 2
   307  0.4171239572834391E-03   4   0 0  0 1  0 1  0 2
   308  -.1047820763910248E-07   4   1 0  0 0  0 0  1 2
   309  -.4824748588194264E-08   4   0 1  0 0  0 0  1 2
   310  -.3576601911472799E-02   4   0 0  1 0  0 0  1 2
   311  0.4157309430083480E-03   4   0 0  0 1  0 0  1 2
   312  0.2312323508480077E-08   4   1 0  0 0  0 0  0 3
   313  0.8057456887847024E-09   4   0 1  0 0  0 0  0 3
   314  -.2282931793580105E-04   4   0 0  1 0  0 0  0 3
   315  -.6223212696467308E-05   4   0 0  0 1  0 0  0 3
   316  -.1622553326083673E-05   4   0 0  0 0  0 4  0 0
   317  -.9947261881675904E-06   4   0 0  0 0  0 3  1 0
   318  -.9110840970652316E-06   4   0 0  0 0  0 2  2 0
   319  -.9991571221971401E-06   4   0 0  0 0  0 1  3 0
   320  -.1610072259799895E-05   4   0 0  0 0  0 0  4 0
   321  0.1076431225691581E-06   4   0 0  0 0  0 3  0 1
   322  0.1236229148449700E-06   4   0 0  0 0  0 2  1 1
   323  0.1235410656436350E-06   4   0 0  0 0  0 1  2 1
   324  0.1068981678394014E-06   4   0 0  0 0  0 0  3 1
   325  0.3811967623939874E-08   4   0 0  0 0  0 2  0 2
   326  0.5477920950805641E-08   4   0 0  0 0  0 1  1 2
   327  0.3790090346935140E-08   4   0 0  0 0  0 0  2 2
   328  -.4885563527771662E-10   4   0 0  0 0  0 1  0 3
   329  -.4869247850814763E-10   4   0 0  0 0  0 0  1 3
   ----------------------------------------------------
     I  COEFFICIENT            ORDER EXPONENTS
     1  0.4769031051394980E-05   0   0 0  0 0  0 0  0 0
     2  -.1249544599694532E-03   1   1 0  0 0  0 0  0 0
     3  -.2181918248720384E-04   1   0 1  0 0  0 0  0 0
     4   1.040013919692397       1   0 0  1 0  0 0  0 0
     5   1.172587340772941       1   0 0  0 1  0 0  0 0
     6  -.1134145249275598E-06   1   0 0  0 0  0 1  0 0
     7  -.1130357692854478E-06   1   0 0  0 0  0 0  1 0
     8  0.4995481345708315E-05   1   0 0  0 0  0 0  0 1
     9  0.2761680894920852E-05   2   2 0  0 0  0 0  0 0
    10  -.1848151598186081E-04   2   1 1  0 0  0 0  0 0
    11  -.5462722580827070E-06   2   0 2  0 0  0 0  0 0
    12  -.2929442837487620E-03   2   1 0  1 0  0 0  0 0
    13  0.2401447082107112E-03   2   0 1  1 0  0 0  0 0
    14  -.8395015676752212E-05   2   0 0  2 0  0 0  0 0
    15  0.1959225862940229E-03   2   1 0  0 1  0 0  0 0
    16  0.7489639673901239E-04   2   0 1  0 1  0 0  0 0
    17  0.1170548624404000E-04   2   0 0  1 1  0 0  0 0
    18  -.3395047062722455E-06   2   0 0  0 2  0 0  0 0
    19  0.2450479837801198E-06   2   1 0  0 0  0 1  0 0
    20  0.1092358003505753E-04   2   0 1  0 0  0 1  0 0
    21  -.3824953042128662E-01   2   0 0  1 0  0 1  0 0
    22  -.8826022405133137E-01   2   0 0  0 1  0 1  0 0
    23  0.2442296291072110E-06   2   1 0  0 0  0 0  1 0
    24  0.1088709998479266E-04   2   0 1  0 0  0 0  1 0
    25  -.3812179347168637E-01   2   0 0  1 0  0 0  1 0
    26  -.8796547293498935E-01   2   0 0  0 1  0 0  1 0
    27  -.1254437375823406E-03   2   1 0  0 0  0 0  0 1
    28  -.2181068001985013E-04   2   0 1  0 0  0 0  0 1
    29   1.116385243585373       2   0 0  1 0  0 0  0 1
    30  0.1762256969863196       2   0 0  0 1  0 0  0 1
    31  0.8175933664203541E-07   2   0 0  0 0  0 2  0 0
    32  0.5031458744224363E-07   2   0 0  0 0  0 1  1 0
    33  0.8140228117260929E-07   2   0 0  0 0  0 0  2 0
    34  -.2138340232692587E-06   2   0 0  0 0  0 1  0 1
    35  -.2131199097742067E-06   2   0 0  0 0  0 0  1 1
    36  0.2134772170207880E-06   2   0 0  0 0  0 0  0 2
    37  0.8119255154605822E-04   3   3 0  0 0  0 0  0 0
    38  0.4782542927911347E-04   3   2 1  0 0  0 0  0 0
    39  0.1047322230813449E-04   3   1 2  0 0  0 0  0 0
    40  -.1001635301063021E-04   3   0 3  0 0  0 0  0 0
    41  -1.692991553376855       3   2 0  1 0  0 0  0 0
    42  -1.181387629966846       3   1 1  1 0  0 0  0 0
    43  0.4611001069861906       3   0 2  1 0  0 0  0 0
    44  -.1777272753277686E-03   3   1 0  2 0  0 0  0 0
    45  -.4327334560947756E-04   3   0 1  2 0  0 0  0 0
    46  -.9244779959883161       3   0 0  3 0  0 0  0 0
    47  -.1025661335054150E-01   3   2 0  0 1  0 0  0 0
    48  -.2766027240995432       3   1 1  0 1  0 0  0 0
    49  0.1443439498527976       3   0 2  0 1  0 0  0 0
    50  -.5475531602418614E-04   3   1 0  1 1  0 0  0 0
    51  0.1071220624834095E-03   3   0 1  1 1  0 0  0 0
    52  -.7220649471033888       3   0 0  2 1  0 0  0 0
    53  -.6261259344794660E-05   3   1 0  0 2  0 0  0 0
    54  0.8634996384982011E-05   3   0 1  0 2  0 0  0 0
    55  -.6667591794760620       3   0 0  1 2  0 0  0 0
    56  -.1298659089581583E-01   3   0 0  0 3  0 0  0 0
    57  -.1886066525284765E-05   3   2 0  0 0  0 1  0 0
    58  0.1087540632498617E-04   3   1 1  0 0  0 1  0 0
    59  0.6538405076955402E-06   3   0 2  0 0  0 1  0 0
    60  0.1510736521847228E-03   3   1 0  1 0  0 1  0 0
    61  -.1144728206959281E-03   3   0 1  1 0  0 1  0 0
    62  0.5835176747288286E-05   3   0 0  2 0  0 1  0 0
    63  -.7500098482984461E-04   3   1 0  0 1  0 1  0 0
    64  -.6917274517170676E-04   3   0 1  0 1  0 1  0 0
    65  -.3507987604293413E-05   3   0 0  1 1  0 1  0 0
    66  0.7545089158703056E-06   3   0 0  0 2  0 1  0 0
    67  -.1879767875810448E-05   3   2 0  0 0  0 0  1 0
    68  0.1083908715415457E-04   3   1 1  0 0  0 0  1 0
    69  0.6516569621446651E-06   3   0 2  0 0  0 0  1 0
    70  0.1505691312851935E-03   3   1 0  1 0  0 0  1 0
    71  -.1140905308019984E-03   3   0 1  1 0  0 0  1 0
    72  0.5815689771378026E-05   3   0 0  2 0  0 0  1 0
    73  -.7475051385899882E-04   3   1 0  0 1  0 0  1 0
    74  -.6894173800988406E-04   3   0 1  0 1  0 0  1 0
    75  -.3496272437307474E-05   3   0 0  1 1  0 0  1 0
    76  0.7519891812163916E-06   3   0 0  0 2  0 0  1 0
    77  0.6527515296016046E-05   3   2 0  0 0  0 0  0 1
    78  -.2171449347914054E-04   3   1 1  0 0  0 0  0 1
    79  -.7592252117574191E-06   3   0 2  0 0  0 0  0 1
    80  -.5945870672186766E-03   3   1 0  1 0  0 0  0 1
    81  0.2285633514982482E-03   3   0 1  1 0  0 0  0 1
    82  -.2004588219543360E-04   3   0 0  2 0  0 0  0 1
    83  0.1497514986888469E-03   3   1 0  0 1  0 0  0 1
    84  0.6321808644258030E-04   3   0 1  0 1  0 0  0 1
    85  0.7004260041165749E-05   3   0 0  1 1  0 0  0 1
    86  -.1166993390818736E-05   3   0 0  0 2  0 0  0 1
    87  -.2423177876087891E-06   3   1 0  0 0  0 2  0 0
    88  -.8188889327442082E-05   3   0 1  0 0  0 2  0 0
    89  0.2916446829235418E-01   3   0 0  1 0  0 2  0 0
    90  0.6706572721662814E-01   3   0 0  0 1  0 2  0 0
    91  -.2418263878266418E-06   3   1 0  0 0  0 1  1 0
    92  -.5470224122738350E-05   3   0 1  0 0  0 1  1 0
    93  0.2013968985371281E-01   3   0 0  1 0  0 1  1 0
    94  0.4601182063874931E-01   3   0 0  0 1  0 1  1 0
    95  -.2411047526316670E-06   3   1 0  0 0  0 0  2 0
    96  -.8152407870036193E-05   3   0 1  0 0  0 0  2 0
    97  0.2903344259255949E-01   3   0 0  1 0  0 0  2 0
    98  0.6676492675979825E-01   3   0 0  0 1  0 0  2 0
    99  0.7303378466570281E-06   3   1 0  0 0  0 1  0 1
   100  0.1091851807534781E-04   3   0 1  0 0  0 1  0 1
   101  -.7846868577922700E-01   3   0 0  1 0  0 1  0 1
   102  -.9188309191434209E-01   3   0 0  0 1  0 1  0 1
   103  0.7278988329570848E-06   3   1 0  0 0  0 0  1 1
   104  0.1088205492984717E-04   3   0 1  0 0  0 0  1 1
   105  -.7820663418146545E-01   3   0 0  1 0  0 0  1 1
   106  -.9157624198045912E-01   3   0 0  0 1  0 0  1 1
   107  -.7318737056338004E-06   3   1 0  0 0  0 0  0 2
   108  0.6977745409103069E-08   3   0 1  0 0  0 0  0 2
   109  0.7833768903434164E-01   3   0 0  1 0  0 0  0 2
   110  0.3616830632957220E-02   3   0 0  0 1  0 0  0 2
   111  -.6804392211510538E-07   3   0 0  0 0  0 3  0 0
   112  -.4064511216643819E-07   3   0 0  0 0  0 2  1 0
   113  -.4078122428753581E-07   3   0 0  0 0  0 1  2 0
   114  -.6763542548992657E-07   3   0 0  0 0  0 0  3 0
   115  0.1630164614129607E-06   3   0 0  0 0  0 2  0 1
   116  0.1125359323730924E-06   3   0 0  0 0  0 1  1 1
   117  0.1622841460202687E-06   3   0 0  0 0  0 0  2 1
   118  -.1123670729384574E-06   3   0 0  0 0  0 1  0 2
   119  -.1119918153346405E-06   3   0 0  0 0  0 0  1 2
   120  0.3627223750767211E-08   3   0 0  0 0  0 0  0 3
   121  0.7392228006857211E-05   4   4 0  0 0  0 0  0 0
   122  -.4013263003682231E-05   4   3 1  0 0  0 0  0 0
   123  -.4119005176891438E-05   4   2 2  0 0  0 0  0 0
   124  0.2765351518801283E-05   4   1 3  0 0  0 0  0 0
   125  -.2617821744727070E-05   4   0 4  0 0  0 0  0 0
   126  0.1157371155967634E-08   4   3 0  1 0  0 0  0 0
   127  -.8687092206427103E-03   4   2 1  1 0  0 0  0 0
   128  -.1515467820757628E-03   4   1 2  1 0  0 0  0 0
   129  -.1183039017034434E-03   4   0 3  1 0  0 0  0 0
   130  0.5824319470619369E-05   4   2 0  2 0  0 0  0 0
   131  -.1040213562796368E-03   4   1 1  2 0  0 0  0 0
   132  -.5143356546671802E-05   4   0 2  2 0  0 0  0 0
   133  0.4063400574079190E-08   4   1 0  3 0  0 0  0 0
   134  -.4878041024621233E-08   4   0 1  3 0  0 0  0 0
   135  -.1281910674714511E-04   4   0 0  4 0  0 0  0 0
   136  -.4343594016596052E-03   4   3 0  0 1  0 0  0 0
   137  -.3083624660936726E-03   4   2 1  0 1  0 0  0 0
   138  0.2162346465448885E-03   4   1 2  0 1  0 0  0 0
   139  -.3703380473476033E-04   4   0 3  0 1  0 0  0 0
   140  -.3505231744216737E-04   4   2 0  1 1  0 0  0 0
   141  -.6934209983949994E-04   4   1 1  1 1  0 0  0 0
   142  0.3486161162580816E-04   4   0 2  1 1  0 0  0 0
   143  -.7115680332158271E-03   4   1 0  2 1  0 0  0 0
   144  -.3613894919900045E-08   4   0 1  2 1  0 0  0 0
   145  -.6204858385114515E-04   4   0 0  3 1  0 0  0 0
   146  0.1105587585134703E-04   4   2 0  0 2  0 0  0 0
   147  -.1466203826918871E-04   4   1 1  0 2  0 0  0 0
   148  -.1545959043448452E-05   4   0 2  0 2  0 0  0 0
   149  -.2189618809548202E-03   4   1 0  1 2  0 0  0 0
   150  -.1183011562085823E-03   4   0 1  1 2  0 0  0 0
   151  -.2368630125649352E-04   4   0 0  2 2  0 0  0 0
   152  -.2169199534596667E-05   4   1 0  0 3  0 0  0 0
   153  -.3703391003975214E-04   4   0 1  0 3  0 0  0 0
   154  0.8831417039450093E-05   4   0 0  1 3  0 0  0 0
   155  0.1479698136279922E-05   4   0 0  0 4  0 0  0 0
   156  -.3795580257940784E-04   4   3 0  0 0  0 1  0 0
   157  -.4935571822293522E-04   4   2 1  0 0  0 1  0 0
   158  -.1595070712315279E-04   4   1 2  0 0  0 1  0 0
   159  0.1457798427096381E-04   4   0 3  0 0  0 1  0 0
   160  0.7145767796159460       4   2 0  1 0  0 1  0 0
   161   1.197226783172485       4   1 1  1 0  0 1  0 0
   162  -.4470273704362154       4   0 2  1 0  0 1  0 0
   163  0.4657919869305322E-04   4   1 0  2 0  0 1  0 0
   164  0.4240277122624705E-04   4   0 1  2 0  0 1  0 0
   165  0.6220020566677208       4   0 0  3 0  0 1  0 0
   166  -.3561770995170169E-01   4   2 0  0 1  0 1  0 0
   167  0.4044917804474001       4   1 1  0 1  0 1  0 0
   168  -.2047345402598692       4   0 2  0 1  0 1  0 0
   169  0.3702443765753053E-04   4   1 0  1 1  0 1  0 0
   170  -.9975185863408685E-04   4   0 1  1 1  0 1  0 0
   171  0.8061884509457741       4   0 0  2 1  0 1  0 0
   172  0.7508730034318187E-05   4   1 0  0 2  0 1  0 0
   173  -.1197179229226960E-04   4   0 1  0 2  0 1  0 0
   174  0.7736826953550452       4   0 0  1 2  0 1  0 0
   175  0.2662169792459397E-01   4   0 0  0 3  0 1  0 0
   176  -.3782904655423207E-04   4   3 0  0 0  0 0  1 0
   177  -.4919089139181910E-04   4   2 1  0 0  0 0  1 0
   178  -.1589743863464022E-04   4   1 2  0 0  0 0  1 0
   179  0.1452930008526092E-04   4   0 3  0 0  0 0  1 0
   180  0.7121904010885102       4   2 0  1 0  0 0  1 0
   181   1.193228561610668       4   1 1  1 0  0 0  1 0
   182  -.4455344916463954       4   0 2  1 0  0 0  1 0
   183  0.4642364424072614E-04   4   1 0  2 0  0 0  1 0
   184  0.4226116424200701E-04   4   0 1  2 0  0 0  1 0
   185  0.6199248378238785       4   0 0  3 0  0 0  1 0
   186  -.3549876214839854E-01   4   2 0  0 1  0 0  1 0
   187  0.4031409521992339       4   1 1  0 1  0 0  1 0
   188  -.2040508151170411       4   0 2  0 1  0 0  1 0
   189  0.3690079198982964E-04   4   1 0  1 1  0 0  1 0
   190  -.9941873041009082E-04   4   0 1  1 1  0 0  1 0
   191  0.8034961289124900       4   0 0  2 1  0 0  1 0
   192  0.7483654111561580E-05   4   1 0  0 2  0 0  1 0
   193  -.1193181166475315E-04   4   0 1  0 2  0 0  1 0
   194  0.7710989285383674       4   0 0  1 2  0 0  1 0
   195  0.2653279292504116E-01   4   0 0  0 3  0 0  1 0
   196  0.1569774006796979E-03   4   3 0  0 0  0 0  0 1
   197  0.9854660961475408E-04   4   2 1  0 0  0 0  0 1
   198  0.2137492344965733E-04   4   1 2  0 0  0 0  0 1
   199  -.9074578334964550E-05   4   0 3  0 0  0 0  0 1
   200  -3.119758734081311       4   2 0  1 0  0 0  0 1
   201  -2.390455344783147       4   1 1  1 0  0 0  0 1
   202  0.4314617550964248       4   0 2  1 0  0 0  0 1
   203  -.2707301182614945E-03   4   1 0  2 0  0 0  0 1
   204  -.8466393546819867E-04   4   0 1  2 0  0 0  0 1
   205  -2.166404890480199       4   0 0  3 0  0 0  0 1
   206  0.7111647210009880E-01   4   2 0  0 1  0 0  0 1
   207  -.5310300085470789       4   1 1  0 1  0 0  0 1
   208  0.1200974556713181       4   0 2  0 1  0 0  0 1
   209  -.7392522964724944E-04   4   1 0  1 1  0 0  0 1
   210  0.9204852656084515E-04   4   0 1  1 1  0 0  0 1
   211  -1.609684579859119       4   0 0  2 1  0 0  0 1
   212  -.8731124801046903E-05   4   1 0  0 2  0 0  0 1
   213  0.6633611187072279E-05   4   0 1  0 2  0 0  0 1
   214  -.8780224444179316       4   0 0  1 2  0 0  0 1
   215  -.2718130905806908E-01   4   0 0  0 3  0 0  0 1
   216  0.1505279788767607E-05   4   2 0  0 0  0 2  0 0
   217  0.1222695545315075E-05   4   1 1  0 0  0 2  0 0
   218  -.5422373718488258E-05   4   0 2  0 0  0 2  0 0
   219  0.1916002380631508E-03   4   1 0  1 0  0 2  0 0
   220  -.1443617463787933E-03   4   0 1  1 0  0 2  0 0
   221  0.1175656435566205E-04   4   0 0  2 0  0 2  0 0
   222  0.1733865339212034E-03   4   1 0  0 1  0 2  0 0
   223  -.6184356716437095E-04   4   0 1  0 1  0 2  0 0
   224  0.3162156576383055E-04   4   0 0  1 1  0 2  0 0
   225  0.2545489217831271E-05   4   0 0  0 2  0 2  0 0
   226  0.2755196825100127E-06   4   2 0  0 0  0 1  1 0
   227  0.4558316556658739E-05   4   1 1  0 0  0 1  1 0
   228  -.6087715347695729E-05   4   0 2  0 0  0 1  1 0
   229  0.2311289473680277E-03   4   1 0  1 0  0 1  1 0
   230  -.1700472956665146E-03   4   0 1  1 0  0 1  1 0
   231  0.1293429903796826E-04   4   0 0  2 0  0 1  1 0
   232  0.1678156982669190E-03   4   1 0  0 1  0 1  1 0
   233  -.8642528205344602E-04   4   0 1  0 1  0 1  1 0
   234  0.3222603242494967E-04   4   0 0  1 1  0 1  1 0
   235  0.3043477048024500E-05   4   0 0  0 2  0 1  1 0
   236  0.1499792744401408E-05   4   2 0  0 0  0 0  2 0
   237  0.1211000862519087E-05   4   1 1  0 0  0 0  2 0
   238  -.5394100153800223E-05   4   0 2  0 0  0 0  2 0
   239  0.1905744402854872E-03   4   1 0  1 0  0 0  2 0
   240  -.1435956980060069E-03   4   0 1  1 0  0 0  2 0
   241  0.1169570500405690E-04   4   0 0  2 0  0 0  2 0
   242  0.1725272815518734E-03   4   1 0  0 1  0 0  2 0
   243  -.6149272469851727E-04   4   0 1  0 1  0 0  2 0
   244  0.3146215282922021E-04   4   0 0  1 1  0 0  2 0
   245  0.2531906429772965E-05   4   0 0  0 2  0 0  2 0
   246  -.3858224190412954E-05   4   2 0  0 0  0 1  0 1
   247  -.2793479875830642E-05   4   1 1  0 0  0 1  0 1
   248  0.4222708737531347E-05   4   0 2  0 0  0 1  0 1
   249  -.3071642810998831E-03   4   1 0  1 0  0 1  0 1
   250  0.1108853213445027E-03   4   0 1  1 0  0 1  0 1
   251  -.2377297073697647E-04   4   0 0  2 0  0 1  0 1
   252  -.2318179037461342E-03   4   1 0  0 1  0 1  0 1
   253  0.3086495718612955E-04   4   0 1  0 1  0 1  0 1
   254  -.4017610927863031E-04   4   0 0  1 1  0 1  0 1
   255  -.2794749707455724E-05   4   0 0  0 2  0 1  0 1
   256  -.3845339384154622E-05   4   2 0  0 0  0 0  1 1
   257  -.2784150856776736E-05   4   1 1  0 0  0 0  1 1
   258  0.4208606709944756E-05   4   0 2  0 0  0 0  1 1
   259  -.3061384847603953E-03   4   1 0  1 0  0 0  1 1
   260  0.1105150121525262E-03   4   0 1  1 0  0 0  1 1
   261  -.2369357925866578E-04   4   0 0  2 0  0 0  1 1
   262  -.2310437318396899E-03   4   1 0  0 1  0 0  1 1
   263  0.3076188152906873E-04   4   0 1  0 1  0 0  1 1
   264  -.4004193838582548E-04   4   0 0  1 1  0 0  1 1
   265  -.2785416447711380E-05   4   0 0  0 2  0 0  1 1
   266  0.4422971678358597E-05   4   2 0  0 0  0 0  0 2
   267  0.2925109601912774E-05   4   1 1  0 0  0 0  0 2
   268  0.2255977460381476E-06   4   0 2  0 0  0 0  0 2
   269  -.8598562325471845E-09   4   1 0  1 0  0 0  0 2
   270  -.1194109141995252E-09   4   0 1  1 0  0 0  0 2
   271  0.1107998110408988E-04   4   0 0  2 0  0 0  0 2
   272  0.2009847633621433E-04   4   1 0  0 1  0 0  0 2
   273  -.7329259388171472E-11   4   0 1  0 1  0 0  0 2
   274  0.5827672514986958E-05   4   0 0  1 1  0 0  0 2
   275  0.2824476833616727E-06   4   0 0  0 2  0 0  0 2
   276  0.2442850762130688E-06   4   1 0  0 0  0 3  0 0
   277  0.6820315584921848E-05   4   0 1  0 0  0 3  0 0
   278  -.2463275212118246E-01   4   0 0  1 0  0 3  0 0
   279  -.5648311688123988E-01   4   0 0  0 1  0 3  0 0
   280  0.2462700632669147E-06   4   1 0  0 0  0 2  1 0
   281  0.4089677027288905E-05   4   0 1  0 0  0 2  1 0
   282  -.1558455332363379E-01   4   0 0  1 0  0 2  1 0
   283  -.3535359578960886E-01   4   0 0  0 1  0 2  1 0
   284  0.2462560330787668E-06   4   1 0  0 0  0 1  2 0
   285  0.4103241663858822E-05   4   0 1  0 0  0 1  2 0
   286  -.1562946686785582E-01   4   0 0  1 0  0 1  2 0
   287  -.3545849612224516E-01   4   0 0  0 1  0 1  2 0
   288  0.2426515257512526E-06   4   1 0  0 0  0 0  3 0
   289  0.6779344265254562E-05   4   0 1  0 0  0 0  3 0
   290  -.2448342247223004E-01   4   0 0  1 0  0 0  3 0
   291  -.5614133828252894E-01   4   0 0  0 1  0 0  3 0
   292  -.7332345063814825E-06   4   1 0  0 0  0 2  0 1
   293  -.8178273916339335E-05   4   0 1  0 0  0 2  0 1
   294  0.6031828239092318E-01   4   0 0  1 0  0 2  0 1
   295  0.7067145129832943E-01   4   0 0  0 1  0 2  0 1
   296  -.7361036736200414E-06   4   1 0  0 0  0 1  1 1
   297  -.5456210455527119E-05   4   0 1  0 0  0 1  1 1
   298  0.4228823291554077E-01   4   0 0  1 0  0 1  1 1
   299  0.4960046141456103E-01   4   0 0  0 1  0 1  1 1
   300  -.7295566845239591E-06   4   1 0  0 0  0 0  2 1
   301  -.8141851309635984E-05   4   0 1  0 0  0 0  2 1
   302  0.6004623308151701E-01   4   0 0  1 0  0 0  2 1
   303  0.7035261701988876E-01   4   0 0  0 1  0 0  2 1
   304  0.7336662973569552E-06   4   1 0  0 0  0 1  0 2
   305  -.1045291996889859E-07   4   0 1  0 0  0 1  0 2
   306  -.4222802729190665E-01   4   0 0  1 0  0 1  0 2
   307  -.3588578066385532E-02   4   0 0  0 1  0 1  0 2
   308  0.7312161680661258E-06   4   1 0  0 0  0 0  1 2
   309  -.1041801172049858E-07   4   0 1  0 0  0 0  1 2
   310  -.4208700387712477E-01   4   0 0  1 0  0 0  1 2
   311  -.3576593761987963E-02   4   0 0  0 1  0 0  1 2
   312  -.2443362532646381E-06   4   1 0  0 0  0 0  0 3
   313  0.2305146960848777E-08   4   0 1  0 0  0 0  0 3
   314  0.1992447378231192E-02   4   0 0  1 0  0 0  0 3
   315  -.2282981251399957E-04   4   0 0  0 1  0 0  0 3
   316  -.7656854306436906E-06   4   0 0  0 0  0 4  0 0
   317  -.4629085352414130E-06   4   0 0  0 0  0 3  1 0
   318  -.4223757888160643E-06   4   0 0  0 0  0 2  2 0
   319  -.4650465255741098E-06   4   0 0  0 0  0 1  3 0
   320  -.7598063994851061E-06   4   0 0  0 0  0 0  4 0
   321  0.9067600388615255E-06   4   0 0  0 0  0 3  0 1
   322  0.5895828208645472E-06   4   0 0  0 0  0 2  1 1
   323  0.5911565044520594E-06   4   0 0  0 0  0 1  2 1
   324  0.9012365854911389E-06   4   0 0  0 0  0 0  3 1
   325  -.3531120809983724E-07   4   0 0  0 0  0 2  0 2
   326  -.4212139321026956E-07   4   0 0  0 0  0 1  1 2
   327  -.3512295022919037E-07   4   0 0  0 0  0 0  2 2
   328  -.1793076689137150E-09   4   0 0  0 0  0 1  0 3
   329  -.1787088585645580E-09   4   0 0  0 0  0 0  1 3
   ----------------------------------------------------
     I  COEFFICIENT            ORDER EXPONENTS
     1  0.5415526583382147E-08   0   0 0  0 0  0 0  0 0
     2  -.7803311725947909E-06   1   1 0  0 0  0 0  0 0
     3  0.1144397840397855E-05   1   0 1  0 0  0 0  0 0
     4  -.1354271939354381E-06   1   0 0  1 0  0 0  0 0
     5  -.2615875689564213E-06   1   0 0  0 1  0 0  0 0
     6   1.000000000000000       1   0 0  0 0  1 0  0 0
     7  0.8718262460863820E-01   1   0 0  0 0  0 1  0 0
     8  -.8718262459942541E-01   1   0 0  0 0  0 0  1 0
     9  -.9213758899593848E-11   1   0 0  0 0  0 0  0 1
    10  -.2181443999686763E-01   2   2 0  0 0  0 0  0 0
    11  0.7920553478084788E-01   2   1 1  0 0  0 0  0 0
    12  -.8213801399474856E-01   2   0 2  0 0  0 0  0 0
    13  0.2137181816385587E-06   2   1 0  1 0  0 0  0 0
    14  0.1090810330388619E-04   2   0 1  1 0  0 0  0 0
    15  -.2347048414364487E-01   2   0 0  2 0  0 0  0 0
    16  0.1090811120046235E-04   2   1 0  0 1  0 0  0 0
    17  0.1402996766264657E-05   2   0 1  0 1  0 0  0 0
    18  -.8970256277179789E-01   2   0 0  1 1  0 0  0 0
    19  -.9300082926881487E-01   2   0 0  0 2  0 0  0 0
    20  0.1185717428301103E-05   2   1 0  0 0  0 1  0 0
    21  -.1709631993930501E-05   2   0 1  0 0  0 1  0 0
    22  0.2120742687255857E-06   2   0 0  1 0  0 1  0 0
    23  0.3979690009246907E-06   2   0 0  0 1  0 1  0 0
    24  0.4066277539185873E-06   2   1 0  0 0  0 0  1 0
    25  -.5671522082638602E-06   2   0 1  0 0  0 0  1 0
    26  0.7684192672830316E-07   2   0 0  1 0  0 0  1 0
    27  0.1367969420350566E-06   2   0 0  0 1  0 0  1 0
    28  -.1592339258516180E-05   2   1 0  0 0  0 0  0 1
    29  0.1132372985166033E-05   2   0 1  0 0  0 0  0 1
    30  -.2889164317787596E-06   2   0 0  1 0  0 0  0 1
    31  -.2731795376171579E-06   2   0 0  0 1  0 0  0 1
    32  -.6549633322542696E-01   2   0 0  0 0  0 2  0 0
    33  0.4381004182658771E-01   2   0 0  0 0  0 1  1 0
    34  0.2168629138320697E-01   2   0 0  0 0  0 0  2 0
    35  0.1562474545515616E-10   2   0 0  0 0  0 1  0 1
    36  0.6420243848963521E-11   2   0 0  0 0  0 0  1 1
    37  -.6415754750883291E-11   2   0 0  0 0  0 0  0 2
    38  0.2159005704610099E-04   3   3 0  0 0  0 0  0 0
    39  -.7503093623165194E-04   3   2 1  0 0  0 0  0 0
    40  0.6182806760659952E-05   3   1 2  0 0  0 0  0 0
    41  0.3853920893679501E-05   3   0 3  0 0  0 0  0 0
    42  -.2442808584022135E-05   3   2 0  1 0  0 0  0 0
    43  -.1013533005461155E-04   3   1 1  1 0  0 0  0 0
    44  0.1681507981852700E-05   3   0 2  1 0  0 0  0 0
    45  -.1375874357486069E-04   3   1 0  2 0  0 0  0 0
    46  0.5098580126156479E-04   3   0 1  2 0  0 0  0 0
    47  -.1343121340426798E-05   3   0 0  3 0  0 0  0 0
    48  -.4645115183808381E-05   3   2 0  0 1  0 0  0 0
    49  -.3086405617038407E-06   3   1 1  0 1  0 0  0 0
    50  -.3790449225405656E-06   3   0 2  0 1  0 0  0 0
    51  0.9697304061953139E-04   3   1 0  1 1  0 0  0 0
    52  -.5139076952525460E-05   3   0 1  1 1  0 0  0 0
    53  -.1502611670776868E-05   3   0 0  2 1  0 0  0 0
    54  -.2495212391867085E-04   3   1 0  0 2  0 0  0 0
    55  0.4606828938982045E-06   3   0 1  0 2  0 0  0 0
    56  -.4962442572682216E-05   3   0 0  1 2  0 0  0 0
    57  -.9596779012141313E-06   3   0 0  0 3  0 0  0 0
    58  0.3224770248238260E-01   3   2 0  0 0  0 1  0 0
    59  -.1159810490763932       3   1 1  0 0  0 1  0 0
    60  0.1203904405323942       3   0 2  0 0  0 1  0 0
    61  -.4273138075903851E-06   3   1 0  1 0  0 1  0 0
    62  -.1633489204602167E-04   3   0 1  1 0  0 1  0 0
    63  0.3555142643686493E-01   3   0 0  2 0  0 1  0 0
    64  -.1633199470268504E-04   3   1 0  0 1  0 1  0 0
    65  -.2805396373484663E-05   3   0 1  0 1  0 1  0 0
    66  0.1369358281877939       3   0 0  1 1  0 1  0 0
    67  0.1420670280095190       3   0 0  0 2  0 1  0 0
    68  0.1047102358806051E-01   3   2 0  0 0  0 0  1 0
    69  -.3691635182285721E-01   3   1 1  0 0  0 0  1 0
    70  0.3839808874496359E-01   3   0 2  0 0  0 0  1 0
    71  -.2132038750716834E-06   3   1 0  1 0  0 0  1 0
    72  -.5444495992331009E-05   3   0 1  1 0  0 0  1 0
    73  0.1211870490876616E-01   3   0 0  2 0  0 0  1 0
    74  -.5442653818328056E-05   3   1 0  0 1  0 0  1 0
    75  -.1400122773040630E-05   3   0 1  0 1  0 0  1 0
    76  0.4737410131275108E-01   3   0 0  1 1  0 0  1 0
    77  0.4921189325035062E-01   3   0 0  0 2  0 0  1 0
    78  -.4271871859762592E-01   3   2 0  0 0  0 0  0 1
    79  0.7369193545988227E-01   3   1 1  0 0  0 0  0 1
    80  0.5487421192739998E-02   3   0 2  0 0  0 0  0 1
    81  0.6399319204166546E-06   3   1 0  1 0  0 0  0 1
    82  0.1086946832161668E-04   3   0 1  1 0  0 0  0 1
    83  -.4767010774030282E-01   3   0 0  2 0  0 0  0 1
    84  0.1086824384492353E-04   3   1 0  0 1  0 0  0 1
    85  0.1390527151533396E-05   3   0 1  0 1  0 0  0 1
    86  -.9460738833888865E-01   3   0 0  1 1  0 0  0 1
    87  -.5277298830718321E-02   3   0 0  0 2  0 0  0 1
    88  -.1497113028117213E-05   3   1 0  0 0  0 2  0 0
    89  0.2128093439777927E-05   3   0 1  0 0  0 2  0 0
    90  -.2673629354368311E-06   3   0 0  1 0  0 2  0 0
    91  -.5021745565363142E-06   3   0 0  0 1  0 2  0 0
    92  -.6234333478975425E-06   3   1 0  0 0  0 1  1 0
    93  0.8379258903451416E-06   3   0 1  0 0  0 1  1 0
    94  -.1107211297205499E-06   3   0 0  1 0  0 1  1 0
    95  -.2086279888928487E-06   3   0 0  0 1  0 1  1 0
    96  -.3126465900904023E-06   3   1 0  0 0  0 0  2 0
    97  0.4204058482136871E-06   3   0 1  0 0  0 0  2 0
    98  -.5552815466204222E-07   3   0 0  1 0  0 0  2 0
    99  -.1046271420139094E-06   3   0 0  0 1  0 0  2 0
   100  0.2431960386545363E-05   3   1 0  0 0  0 1  0 1
   101  -.1674888392296602E-05   3   0 1  0 0  0 1  0 1
   102  0.4333721306078805E-06   3   0 0  1 0  0 1  0 1
   103  0.4170358750223933E-06   3   0 0  0 1  0 1  0 1
   104  0.8421171233165594E-06   3   1 0  0 0  0 0  1 1
   105  -.5444726482263944E-06   3   0 1  0 0  0 0  1 1
   106  0.1449349132233558E-06   3   0 0  1 0  0 0  1 1
   107  0.1442851744722467E-06   3   0 0  0 1  0 0  1 1
   108  -.8408717676153723E-06   3   1 0  0 0  0 0  0 2
   109  -.2269412548138732E-07   3   0 1  0 0  0 0  0 2
   110  -.1446952749873232E-06   3   0 0  1 0  0 0  0 2
   111  -.7481026189296772E-08   3   0 0  0 1  0 0  0 2
   112  0.5459864623682099E-01   3   0 0  0 0  0 3  0 0
   113  -.3280331068714758E-01   3   0 0  0 0  0 2  1 0
   114  -.1100673810450893E-01   3   0 0  0 0  0 1  2 0
   115  -.1078861721867816E-01   3   0 0  0 0  0 0  3 0
   116  -.9932529864368543E-09   3   0 0  0 0  0 2  0 1
   117  -.6902532924269923E-09   3   0 0  0 0  0 1  1 1
   118  -.3450507645514195E-09   3   0 0  0 0  0 0  2 1
   119  0.1428426798671466E-10   3   0 0  0 0  0 1  0 2
   120  0.5172552621208954E-11   3   0 0  0 0  0 0  1 2
   121  0.1997625963761000E-12   3   0 0  0 0  0 0  0 3
   122  -.4405127660577156E-01   4   4 0  0 0  0 0  0 0
   123  -.1150342671996161       4   3 1  0 0  0 0  0 0
   124  0.5586795665069331E-01   4   2 2  0 0  0 0  0 0
   125  0.1175540828038496       4   1 3  0 0  0 0  0 0
   126  -.4846531663822057E-01   4   0 4  0 0  0 0  0 0
   127  0.4992172838697716E-04   4   3 0  1 0  0 0  0 0
   128  0.2253547301988902E-04   4   2 1  1 0  0 0  0 0
   129  -.1317398011771817E-04   4   1 2  1 0  0 0  0 0
   130  0.1446175901800290E-04   4   0 3  1 0  0 0  0 0
   131  -.4746124401633877       4   2 0  2 0  0 0  0 0
   132  -.2364453244170433       4   1 1  2 0  0 0  0 0
   133  0.1803002013175961       4   0 2  2 0  0 0  0 0
   134  -.1531395703991868E-04   4   1 0  3 0  0 0  0 0
   135  0.1130885287117285E-04   4   0 1  3 0  0 0  0 0
   136  -.1780473643864874       4   0 0  4 0  0 0  0 0
   137  0.6862748498511693E-05   4   3 0  0 1  0 0  0 0
   138  0.4707990474237386E-04   4   2 1  0 1  0 0  0 0
   139  0.2089067049951468E-04   4   1 2  0 1  0 0  0 0
   140  0.4821901564852394E-05   4   0 3  0 1  0 0  0 0
   141  -.2212725793483963       4   2 0  1 1  0 0  0 0
   142  -.4494169777436468E-01   4   1 1  1 1  0 0  0 0
   143  -.1063746164076928       4   0 2  1 1  0 0  0 0
   144  0.3587009769835308E-04   4   1 0  2 1  0 0  0 0
   145  0.9239392805941356E-04   4   0 1  2 1  0 0  0 0
   146  -.4115251343049164       4   0 0  3 1  0 0  0 0
   147  -.2862300067752182       4   2 0  0 2  0 0  0 0
   148  0.6774231575195307E-01   4   1 1  0 2  0 0  0 0
   149  -.1342419411467170       4   0 2  0 2  0 0  0 0
   150  0.3212494590664177E-04   4   1 0  1 2  0 0  0 0
   151  0.3662861329849529E-04   4   0 1  1 2  0 0  0 0
   152  -.5574430023246113       4   0 0  2 2  0 0  0 0
   153  0.1970210012754172E-04   4   1 0  0 3  0 0  0 0
   154  0.5779599932393708E-05   4   0 1  0 3  0 0  0 0
   155  -.2373655096704912       4   0 0  1 3  0 0  0 0
   156  -.8947803793234813E-01   4   0 0  0 4  0 0  0 0
   157  -.7970055395960044E-04   4   3 0  0 0  0 1  0 0
   158  0.1379203040729571E-03   4   2 1  0 0  0 1  0 0
   159  0.2020348441574286E-03   4   1 2  0 0  0 1  0 0
   160  -.1267114760409433E-03   4   0 3  0 0  0 1  0 0
   161  -.6158474380263589E-05   4   2 0  1 0  0 1  0 0
   162  0.1274564840625445E-04   4   1 1  1 0  0 1  0 0
   163  -.6055910665286712E-05   4   0 2  1 0  0 1  0 0
   164  -.9510993713315761E-04   4   1 0  2 0  0 1  0 0
   165  0.9874587151120715E-04   4   0 1  2 0  0 1  0 0
   166  -.1412633829178798E-04   4   0 0  3 0  0 1  0 0
   167  -.1211158639193115E-04   4   2 0  0 1  0 1  0 0
   168  0.5642424115492666E-05   4   1 1  0 1  0 1  0 0
   169  -.1017333102746430E-04   4   0 2  0 1  0 1  0 0
   170  -.1571776549765062E-03   4   1 0  1 1  0 1  0 0
   171  -.1291294125639594E-03   4   0 1  1 1  0 1  0 0
   172  -.4055744712789390E-04   4   0 0  2 1  0 1  0 0
   173  0.9716188663635422E-04   4   1 0  0 2  0 1  0 0
   174  -.1748616782231768E-03   4   0 1  0 2  0 1  0 0
   175  -.2345790565180715E-04   4   0 0  1 2  0 1  0 0
   176  -.1363663358123588E-04   4   0 0  0 3  0 1  0 0
   177  -.2919682656995785E-04   4   3 0  0 0  0 0  1 0
   178  0.3342365016684131E-04   4   2 1  0 0  0 0  1 0
   179  0.1179574695811495E-03   4   1 2  0 0  0 0  1 0
   180  -.7270380487461239E-04   4   0 3  0 0  0 0  1 0
   181  -.3231553344512608E-05   4   2 0  1 0  0 0  1 0
   182  0.4282800920166152E-05   4   1 1  1 0  0 0  1 0
   183  -.3433021885998784E-05   4   0 2  1 0  0 0  1 0
   184  -.5102987864434748E-04   4   1 0  2 0  0 0  1 0
   185  0.5645582966689068E-04   4   0 1  2 0  0 0  1 0
   186  -.7580392776959371E-05   4   0 0  3 0  0 0  1 0
   187  -.7325445566574512E-05   4   2 0  0 1  0 0  1 0
   188  0.3281906237221726E-05   4   1 1  0 1  0 0  1 0
   189  -.6118972078962220E-05   4   0 2  0 1  0 0  1 0
   190  -.5019280254195326E-04   4   1 0  1 1  0 0  1 0
   191  -.7971869457231294E-04   4   0 1  1 1  0 0  1 0
   192  -.2208976873287868E-04   4   0 0  2 1  0 0  1 0
   193  0.5308035949540997E-04   4   1 0  0 2  0 0  1 0
   194  -.1051947287610765E-03   4   0 1  0 2  0 0  1 0
   195  -.1499246575682850E-04   4   0 0  1 2  0 0  1 0
   196  -.8489681857212792E-05   4   0 0  0 3  0 0  1 0
   197  0.7938390567932606E-04   4   3 0  0 0  0 0  0 1
   198  -.3794143427539117E-04   4   2 1  0 0  0 0  0 1
   199  -.6158667992688440E-04   4   1 2  0 0  0 0  0 1
   200  -.1215498421883356E-04   4   0 3  0 0  0 0  0 1
   201  0.5920070172074204E-05   4   2 0  1 0  0 0  0 1
   202  -.9264343055786733E-05   4   1 1  1 0  0 0  0 1
   203  0.2588863188245962E-05   4   0 2  1 0  0 0  0 1
   204  0.8547716871273754E-04   4   1 0  2 0  0 0  0 1
   205  -.2044145047751350E-04   4   0 1  2 0  0 0  0 1
   206  0.1524541039208442E-04   4   0 0  3 0  0 0  0 1
   207  0.5679380782681226E-05   4   2 0  0 1  0 0  0 1
   208  -.2070632746768009E-05   4   1 1  0 1  0 0  0 1
   209  -.6343931694560726E-07   4   0 2  0 1  0 0  0 1
   210  0.8866649161431811E-04   4   1 0  1 1  0 0  0 1
   211  0.5564902513554087E-04   4   0 1  1 1  0 0  0 1
   212  0.2670303607277294E-04   4   0 0  2 1  0 0  0 1
   213  -.4475955365120877E-04   4   1 0  0 2  0 0  0 1
   214  0.2533359023201838E-05   4   0 1  0 2  0 0  0 1
   215  0.1038737806921667E-04   4   0 0  1 2  0 0  0 1
   216  0.1098758829362768E-05   4   0 0  0 3  0 0  0 1
   217  -.3984140510531067E-01   4   2 0  0 0  0 2  0 0
   218  0.1421777524776577       4   1 1  0 0  0 2  0 0
   219  -.1477305304769133       4   0 2  0 0  0 2  0 0
   220  0.6396543041314238E-06   4   1 0  1 0  0 2  0 0
   221  0.2038993606648991E-04   4   0 1  1 0  0 2  0 0
   222  -.4478436571304648E-01   4   0 0  2 0  0 2  0 0
   223  0.2039012444582033E-04   4   1 0  0 1  0 2  0 0
   224  0.4191890175807893E-05   4   0 1  0 1  0 2  0 0
   225  -.1735507889488161       4   0 0  1 1  0 2  0 0
   226  -.1801716914813779       4   0 0  0 2  0 2  0 0
   227  -.1520663150150072E-01   4   2 0  0 0  0 1  1 0
   228  0.5246495733360541E-01   4   1 1  0 0  0 1  1 0
   229  -.5475399972386898E-01   4   0 2  0 0  0 1  1 0
   230  0.4243200107330574E-06   4   1 0  1 0  0 1  1 0
   231  0.8120733650609866E-05   4   0 1  1 0  0 1  1 0
   232  -.1848518190240196E-01   4   0 0  2 0  0 1  1 0
   233  0.8123842107271183E-05   4   1 0  0 1  0 1  1 0
   234  0.2777359657205159E-05   4   0 1  0 1  0 1  1 0
   235  -.7330177782911686E-01   4   0 0  1 1  0 1  1 0
   236  -.7628349789025637E-01   4   0 0  0 2  0 1  1 0
   237  -.7631532048530484E-02   4   2 0  0 0  0 0  2 0
   238  0.2633768499540488E-01   4   1 1  0 0  0 0  2 0
   239  -.2748571296493391E-01   4   0 2  0 0  0 0  2 0
   240  0.2126357353012706E-06   4   1 0  1 0  0 0  2 0
   241  0.4073942605217886E-05   4   0 1  1 0  0 0  2 0
   242  -.9270819339392172E-02   4   0 0  2 0  0 0  2 0
   243  0.4075778814334706E-05   4   1 0  0 1  0 0  2 0
   244  0.1388768730246510E-05   4   0 1  0 1  0 0  2 0
   245  -.3675611188229791E-01   4   0 0  1 1  0 0  2 0
   246  -.3825052556879222E-01   4   0 0  0 2  0 0  2 0
   247  0.6264175563402426E-01   4   2 0  0 0  0 1  0 1
   248  -.1048582205430335       4   1 1  0 0  0 1  0 1
   249  -.1095641392408896E-01   4   0 2  0 0  0 1  0 1
   250  -.1275516691102871E-05   4   1 0  1 0  0 1  0 1
   251  -.1623539966881496E-04   4   0 1  1 0  0 1  0 1
   252  0.7250254510657811E-01   4   0 0  2 0  0 1  0 1
   253  -.1623514403802008E-04   4   1 0  0 1  0 1  0 1
   254  -.2762145763373547E-05   4   0 1  0 1  0 1  0 1
   255  0.1465316829018097       4   0 0  1 1  0 1  0 1
   256  0.1042573343429212E-01   4   0 0  0 2  0 1  0 1
   257  0.1999868836000260E-01   4   2 0  0 0  0 0  1 1
   258  -.3130748056513886E-01   4   1 1  0 0  0 0  1 1
   259  -.5468993074787527E-02   4   0 2  0 0  0 0  1 1
   260  -.6355921513103041E-06   4   1 0  1 0  0 0  1 1
   261  -.5384189565021929E-05   4   0 1  1 0  0 0  1 1
   262  0.2490817369295453E-01   4   0 0  2 0  0 0  1 1
   263  -.5385151099824110E-05   4   1 0  0 1  0 0  1 1
   264  -.1371666250052552E-05   4   0 1  0 1  0 0  1 1
   265  0.5206578257379069E-01   4   0 0  1 1  0 0  1 1
   266  0.5148806098318764E-02   4   0 0  0 2  0 0  1 1
   267  -.1996086387659407E-01   4   2 0  0 0  0 0  0 2
   268  -.5609105452103756E-02   4   1 1  0 0  0 0  0 2
   269  -.1843488297967648E-04   4   0 2  0 0  0 0  0 2
   270  0.6347247501062943E-06   4   1 0  1 0  0 0  0 2
   271  -.5900451391563856E-07   4   0 1  1 0  0 0  0 2
   272  -.2487032333691176E-01   4   0 0  2 0  0 0  0 2
   273  -.5922932739332352E-07   4   1 0  0 1  0 0  0 2
   274  -.1894394359531312E-07   4   0 1  0 1  0 0  0 2
   275  -.4691347007842388E-02   4   0 0  1 1  0 0  0 2
   276  0.1286765347168048E-03   4   0 0  0 2  0 0  0 2
   277  0.4387425544706052E-04   4   1 0  0 0  0 3  0 0
   278  -.8999263303733684E-04   4   0 1  0 0  0 3  0 0
   279  -.3108557489499488E-05   4   0 0  1 0  0 3  0 0
   280  -.6502411394362466E-05   4   0 0  0 1  0 3  0 0
   281  0.1699475034984247E-04   4   1 0  0 0  0 2  1 0
   282  -.3492996354945805E-04   4   0 1  0 0  0 2  1 0
   283  -.1428504463260919E-05   4   0 0  1 0  0 2  1 0
   284  -.2996501522191265E-05   4   0 0  0 1  0 2  1 0
   285  0.9921497630321562E-05   4   1 0  0 0  0 1  2 0
   286  -.2041392158566544E-04   4   0 1  0 0  0 1  2 0
   287  -.8730416746932593E-06   4   0 0  1 0  0 1  2 0
   288  -.1831312515384503E-05   4   0 0  0 1  0 1  2 0
   289  0.5702415975748396E-05   4   1 0  0 0  0 0  3 0
   290  -.1172005218998390E-04   4   0 1  0 0  0 0  3 0
   291  -.4782907888513147E-06   4   0 0  1 0  0 0  3 0
   292  -.1003256058041851E-05   4   0 0  0 1  0 0  3 0
   293  -.3571136695566052E-04   4   1 0  0 0  0 2  0 1
   294  -.5973688261535105E-05   4   0 1  0 0  0 2  0 1
   295  0.2767962602727388E-05   4   0 0  1 0  0 2  0 1
   296  0.3321268048423457E-06   4   0 0  0 1  0 2  0 1
   297  -.1202099591596599E-04   4   1 0  0 0  0 1  1 1
   298  -.4680956989281348E-05   4   0 1  0 0  0 1  1 1
   299  0.1228649569929677E-05   4   0 0  1 0  0 1  1 1
   300  0.2584531371227887E-06   4   0 0  0 1  0 1  1 1
   301  -.6039820397365677E-05   4   1 0  0 0  0 0  2 1
   302  -.2338695671078917E-05   4   0 1  0 0  0 0  2 1
   303  0.6158538808881862E-06   4   0 0  1 0  0 0  2 1
   304  0.1291319551271573E-06   4   0 0  0 1  0 0  2 1
   305  -.1440523303788328E-05   4   1 0  0 0  0 1  0 2
   306  0.5418069463016988E-07   4   0 1  0 0  0 1  0 2
   307  -.7934928234637895E-07   4   0 0  1 0  0 1  0 2
   308  0.6369730361274073E-08   4   0 0  0 1  0 1  0 2
   309  -.9604530146321798E-06   4   1 0  0 0  0 0  1 2
   310  0.2413816165871889E-07   4   0 1  0 0  0 0  1 2
   311  -.5078915607241584E-07   4   0 0  1 0  0 0  1 2
   312  0.4225681605737272E-08   4   0 0  0 1  0 0  1 2
   313  0.1661114700925196E-08   4   1 0  0 0  0 0  0 3
   314  0.8024225499826370E-09   4   0 1  0 0  0 0  0 3
   315  -.1794880384903600E-09   4   0 0  1 0  0 0  0 3
   316  -.4890676301123483E-10   4   0 0  0 1  0 0  0 3
   317  -.4778070054392003E-01   4   0 0  0 0  0 4  0 0
   318  0.2732681116862773E-01   4   0 0  0 0  0 3  1 0
   319  0.8214719327751923E-02   4   0 0  0 0  0 2  2 0
   320  0.5530249103110467E-02   4   0 0  0 0  0 1  3 0
   321  0.6708895666148722E-02   4   0 0  0 0  0 0  4 0
   322  -.6005800949651751E-10   4   0 0  0 0  0 3  0 1
   323  -.1071676670596746E-08   4   0 0  0 0  0 2  1 1
   324  -.7406543164663182E-09   4   0 0  0 0  0 1  2 1
   325  -.3725486280982517E-09   4   0 0  0 0  0 0  3 1
   326  -.1689795063193677E-11   4   0 0  0 0  0 2  0 2
   327  0.1153685383918139E-10   4   0 0  0 0  0 1  1 2
   328  0.1159500910359838E-10   4   0 0  0 0  0 0  2 2
   329  0.3344043239780205E-14   4   0 0  0 0  0 1  0 3
   330  0.2017634578636817E-12   4   0 0  0 0  0 0  1 3
   ----------------------------------------------------
     I  COEFFICIENT            ORDER EXPONENTS
     1   1.000000000000000       1   0 0  0 0  0 1  0 0
     --------------------------------------------------
     I  COEFFICIENT            ORDER EXPONENTS
     1   1.000000000000000       1   0 0  0 0  0 0  1 0
     --------------------------------------------------
     I  COEFFICIENT            ORDER EXPONENTS
     1   1.000000000000000       1   0 0  0 0  0 0  0 1
     --------------------------------------------------
