     I  COEFFICIENT            ORDER EXPONENTS
     1  -.7258650635263288E-05   0   0 0  0 0  0 0  0 0
     2   1.016720640847137       1   1 0  0 0  0 0  0 0
     3  0.3406966183111487       1   0 1  0 0  0 0  0 0
     4  0.2276904334508052E-05   1   0 0  1 0  0 0  0 0
     5  0.8324096435185775E-07   1   0 0  0 1  0 0  0 0
     6  -.2281096725471569E-06   1   0 0  0 0  0 1  0 0
     7  -.2273478845350250E-06   1   0 0  0 0  0 0  1 0
     8  0.4554575570820168E-06   1   0 0  0 0  0 0  0 1
     9  0.1218673560027986E-05   2   2 0  0 0  0 0  0 0
    10  0.2507380132780412E-05   2   1 1  0 0  0 0  0 0
    11  0.8635127864249740E-06   2   0 2  0 0  0 0  0 0
    12  0.1652082103166788E-04   2   1 0  1 0  0 0  0 0
    13  -.7663303216663891E-05   2   0 1  1 0  0 0  0 0
    14  -.1127726259200298E-05   2   0 0  2 0  0 0  0 0
    15  0.2465168375019364E-07   2   1 0  0 1  0 0  0 0
    16  -.8442194062539449E-07   2   0 1  0 1  0 0  0 0
    17  -.1640340422517522E-07   2   0 0  1 1  0 0  0 0
    18  0.4140076761883670E-06   2   0 0  0 2  0 0  0 0
    19  -.8388002547207637E-02   2   1 0  0 0  0 1  0 0
    20  -.1709293682105404       2   0 1  0 0  0 1  0 0
    21  -.1138442558177040E-05   2   0 0  1 0  0 1  0 0
    22  -.8273191916558512E-07   2   0 0  0 1  0 1  0 0
    23  -.8359990233153017E-02   2   1 0  0 0  0 0  1 0
    24  -.1703585377754597       2   0 1  0 0  0 0  1 0
    25  -.1134640650596143E-05   2   0 0  1 0  0 0  1 0
    26  -.8245563020533332E-07   2   0 0  0 1  0 0  1 0
    27  0.1674799278036060E-01   2   1 0  0 0  0 0  0 1
    28  0.5912876748510972E-03   2   0 1  0 0  0 0  0 1
    29  0.2273083208773193E-05   2   0 0  1 0  0 0  0 1
    30  0.8194658508751371E-07   2   0 0  0 1  0 0  0 1
    31  0.1712097155113368E-06   2   0 0  0 0  0 2  0 0
    32  0.1146871055225755E-06   2   0 0  0 0  0 1  1 0
    33  0.1704464461026798E-06   2   0 0  0 0  0 0  2 0
    34  -.2289962407039698E-06   2   0 0  0 0  0 1  0 1
    35  -.2282314919362099E-06   2   0 0  0 0  0 0  1 1
    36  0.8851009780107534E-09   2   0 0  0 0  0 0  0 2
    37  0.1408182994900698E-02   3   3 0  0 0  0 0  0 0
    38  0.5203230369082717E-01   3   2 1  0 0  0 0  0 0
    39  0.3405558851844417E-01   3   1 2  0 0  0 0  0 0
    40  0.1735102022170772       3   0 3  0 0  0 0  0 0
    41  0.4543044578439887E-06   3   2 0  1 0  0 0  0 0
    42  0.5514310192617155E-06   3   1 1  1 0  0 0  0 0
    43  0.3463563334088158E-05   3   0 2  1 0  0 0  0 0
    44  -.8205707989184382E-03   3   1 0  2 0  0 0  0 0
    45  0.4874092870168699E-01   3   0 1  2 0  0 0  0 0
    46  -.1418918761724852E-06   3   0 0  3 0  0 0  0 0
    47  0.6958763649812627E-05   3   2 0  0 1  0 0  0 0
    48  0.2381331530466503E-05   3   1 1  0 1  0 0  0 0
    49  0.5098653247072505E-06   3   0 2  0 1  0 0  0 0
    50  -.7822137914742148E-03   3   1 0  1 1  0 0  0 0
    51  -.2870306132623207E-03   3   0 1  1 1  0 0  0 0
    52  0.6410771160721068E-05   3   0 0  2 1  0 0  0 0
    53  0.1684513339504987E-01   3   1 0  0 2  0 0  0 0
    54  0.1728811302865547       3   0 1  0 2  0 0  0 0
    55  0.3355223899217921E-05   3   0 0  1 2  0 0  0 0
    56  0.4245404725049885E-06   3   0 0  0 3  0 0  0 0
    57  -.6669179675598200E-06   3   2 0  0 0  0 1  0 0
    58  -.2593292622604189E-05   3   1 1  0 0  0 1  0 0
    59  -.1308257947808551E-05   3   0 2  0 0  0 1  0 0
    60  -.8310877484949313E-05   3   1 0  1 0  0 1  0 0
    61  0.7656886794966799E-05   3   0 1  1 0  0 1  0 0
    62  0.5725557213989342E-06   3   0 0  2 0  0 1  0 0
    63  -.3738055770565973E-07   3   1 0  0 1  0 1  0 0
    64  0.1191227116590816E-06   3   0 1  0 1  0 1  0 0
    65  0.2423811452195018E-07   3   0 0  1 1  0 1  0 0
    66  -.6242137253059798E-06   3   0 0  0 2  0 1  0 0
    67  -.6646907489281108E-06   3   2 0  0 0  0 0  1 0
    68  -.2584632142713863E-05   3   1 1  0 0  0 0  1 0
    69  -.1303888930000950E-05   3   0 2  0 0  0 0  1 0
    70  -.8283122735368818E-05   3   1 0  1 0  0 0  1 0
    71  0.7631316092481434E-05   3   0 1  1 0  0 0  1 0
    72  0.5706436320080027E-06   3   0 0  2 0  0 0  1 0
    73  -.3725572275051021E-07   3   1 0  0 1  0 0  1 0
    74  0.1187248931328365E-06   3   0 1  0 1  0 0  1 0
    75  0.2415716966383577E-07   3   0 0  1 1  0 0  1 0
    76  -.6221291204418238E-06   3   0 0  0 2  0 0  1 0
    77  0.1331608716487915E-05   3   2 0  0 0  0 0  0 1
    78  0.2670544632383416E-05   3   1 1  0 0  0 0  0 1
    79  0.8851213048677897E-06   3   0 2  0 0  0 0  0 1
    80  0.1659400022031808E-04   3   1 0  1 0  0 0  0 1
    81  -.7624899670784354E-05   3   0 1  1 0  0 0  0 1
    82  -.1143199353406935E-05   3   0 0  2 0  0 0  0 1
    83  0.4998459660140629E-07   3   1 0  0 1  0 0  0 1
    84  -.6900372354117904E-07   3   0 1  0 1  0 0  0 1
    85  -.3199187996061188E-07   3   0 0  1 1  0 0  0 1
    86  0.4183274932793222E-06   3   0 0  0 2  0 0  0 1
    87  0.6294357752630503E-02   3   1 0  0 0  0 2  0 0
    88  0.1282729952037433       3   0 1  0 0  0 2  0 0
    89  0.8532348543471416E-06   3   0 0  1 0  0 2  0 0
    90  0.8037259415376487E-07   3   0 0  0 1  0 2  0 0
    91  0.4214603809906944E-02   3   1 0  0 0  0 1  1 0
    92  0.8589963145751453E-01   3   0 1  0 0  0 1  1 0
    93  0.5700349132333319E-06   3   0 0  1 0  0 1  1 0
    94  0.7976514156091806E-07   3   0 0  0 1  0 1  1 0
    95  0.6266299829712170E-02   3   1 0  0 0  0 0  2 0
    96  0.1277011847964185       3   0 1  0 0  0 0  2 0
    97  0.8494335821656196E-06   3   0 0  1 0  0 0  2 0
    98  0.7997099375217139E-07   3   0 0  0 1  0 0  2 0
    99  -.8415318830667930E-02   3   1 0  0 0  0 1  0 1
   100  -.5869165095594908E-03   3   0 1  0 0  0 1  0 1
   101  -.1138290295836673E-05   3   0 0  1 0  0 1  0 1
   102  -.8227671934142135E-07   3   0 0  0 1  0 1  0 1
   103  -.8387215291997187E-02   3   1 0  0 0  0 0  1 1
   104  -.5849564613241713E-03   3   0 1  0 0  0 0  1 1
   105  -.1134488896746371E-05   3   0 0  1 0  0 0  1 1
   106  -.8200195055246584E-07   3   0 0  0 1  0 0  1 1
   107  0.2727133182217288E-04   3   1 0  0 0  0 0  0 2
   108  -.5350929403050260E-05   3   0 1  0 0  0 0  0 2
   109  -.3553412211840431E-10   3   0 0  1 0  0 0  0 2
   110  -.2142620036516759E-11   3   0 0  0 1  0 0  0 2
   111  -.1428060655654572E-06   3   0 0  0 0  0 3  0 0
   112  -.8609480694014012E-07   3   0 0  0 0  0 2  1 0
   113  -.8637650471012566E-07   3   0 0  0 0  0 1  2 0
   114  -.1419474224928328E-06   3   0 0  0 0  0 0  3 0
   115  0.1720945325883568E-06   3   0 0  0 0  0 2  0 1
   116  0.1155703251545387E-06   3   0 0  0 0  0 1  1 1
   117  0.1713268334866637E-06   3   0 0  0 0  0 0  2 1
   118  -.8834409875006046E-09   3   0 0  0 0  0 1  0 2
   119  -.8804906752834958E-09   3   0 0  0 0  0 0  1 2
   120  -.2090097745894773E-11   3   0 0  0 0  0 0  0 3
   121  -.1373808437492418E-06   4   4 0  0 0  0 0  0 0
   122  0.2177946664665757E-06   4   3 1  0 0  0 0  0 0
   123  0.1948665343787616E-05   4   2 2  0 0  0 0  0 0
   124  0.2549561779530804E-05   4   1 3  0 0  0 0  0 0
   125  0.1493152500724011E-04   4   0 4  0 0  0 0  0 0
   126  -.1017625478593931E-05   4   3 0  1 0  0 0  0 0
   127  0.6524744208476624E-06   4   2 1  1 0  0 0  0 0
   128  -.9611968864911092E-06   4   1 2  1 0  0 0  0 0
   129  -.7161526910880186E-05   4   0 3  1 0  0 0  0 0
   130  -.4224523877077382E-06   4   2 0  2 0  0 0  0 0
   131  0.6320893522008549E-07   4   1 1  2 0  0 0  0 0
   132  0.1713406010965652E-05   4   0 2  2 0  0 0  0 0
   133  -.2987598713493381E-05   4   1 0  3 0  0 0  0 0
   134  0.1029453805249904E-05   4   0 1  3 0  0 0  0 0
   135  -.1287566501150932E-09   4   0 0  4 0  0 0  0 0
   136  -.1166421034166005E-05   4   3 0  0 1  0 0  0 0
   137  -.7904247177185725E-05   4   2 1  0 1  0 0  0 0
   138  0.1139471587306585E-04   4   1 2  0 1  0 0  0 0
   139  0.8733614987768092E-04   4   0 3  0 1  0 0  0 0
   140  -.4441256117650571E-06   4   2 0  1 1  0 0  0 0
   141  -.4690206690539120E-05   4   1 1  1 1  0 0  0 0
   142  -.7833955923488449E-06   4   0 2  1 1  0 0  0 0
   143  -.4958973557155727E-05   4   1 0  2 1  0 0  0 0
   144  -.4038050737141774E-04   4   0 1  2 1  0 0  0 0
   145  -.3596193078389527E-09   4   0 0  3 1  0 0  0 0
   146  0.2883026414576282E-05   4   2 0  0 2  0 0  0 0
   147  0.2102768323216314E-05   4   1 1  0 2  0 0  0 0
   148  0.1771077458904679E-04   4   0 2  0 2  0 0  0 0
   149  0.1431987849085736E-04   4   1 0  1 2  0 0  0 0
   150  -.1555989759488857E-04   4   0 1  1 2  0 0  0 0
   151  0.5521610472939911E-06   4   0 0  2 2  0 0  0 0
   152  0.1110312874689420E-04   4   1 0  0 3  0 0  0 0
   153  0.8624977141799669E-04   4   0 1  0 3  0 0  0 0
   154  -.2369904607040655E-08   4   0 0  1 3  0 0  0 0
   155  0.2927843507108206E-05   4   0 0  0 4  0 0  0 0
   156  -.1448038012504443E-02   4   3 0  0 0  0 1  0 0
   157  -.5361902505440674E-01   4   2 1  0 0  0 1  0 0
   158  -.5150533992704941E-01   4   1 2  0 0  0 1  0 0
   159  -.2624434487643640       4   0 3  0 0  0 1  0 0
   160  -.4628243341434184E-06   4   2 0  1 0  0 1  0 0
   161  -.8313051359613736E-06   4   1 1  1 0  0 1  0 0
   162  -.5231559664612044E-05   4   0 2  1 0  0 1  0 0
   163  0.8241708556382736E-03   4   1 0  2 0  0 1  0 0
   164  -.4865465335517798E-01   4   0 1  2 0  0 1  0 0
   165  0.1398424965007420E-06   4   0 0  3 0  0 1  0 0
   166  -.7111537101343197E-05   4   2 0  0 1  0 1  0 0
   167  -.3633195925547535E-05   4   1 1  0 1  0 1  0 0
   168  -.1026776801025322E-05   4   0 2  0 1  0 1  0 0
   169  0.1180411768626528E-02   4   1 0  1 1  0 1  0 0
   170  0.5761916997747531E-03   4   0 1  1 1  0 1  0 0
   171  -.6286707511031543E-05   4   0 0  2 1  0 1  0 0
   172  -.2538519485596490E-01   4   1 0  0 2  0 1  0 0
   173  -.2611696030756181       4   0 1  0 2  0 1  0 0
   174  -.5014073526954216E-05   4   0 0  1 2  0 1  0 0
   175  -.8502150562393507E-06   4   0 0  0 3  0 1  0 0
   176  -.1443202189513103E-02   4   3 0  0 0  0 0  1 0
   177  -.5343996061556390E-01   4   2 1  0 0  0 0  1 0
   178  -.5133333428572948E-01   4   1 2  0 0  0 0  1 0
   179  -.2615670007343363       4   0 3  0 0  0 0  1 0
   180  -.4612787003018511E-06   4   2 0  1 0  0 0  1 0
   181  -.8285289350228543E-06   4   1 1  1 0  0 0  1 0
   182  -.5214088509650433E-05   4   0 2  1 0  0 0  1 0
   183  0.8214184801218296E-03   4   1 0  2 0  0 0  1 0
   184  -.4849216777862559E-01   4   0 1  2 0  0 0  1 0
   185  0.1393754828216068E-06   4   0 0  3 0  0 0  1 0
   186  -.7087787631839219E-05   4   2 0  0 1  0 0  1 0
   187  -.3621062616727525E-05   4   1 1  0 1  0 0  1 0
   188  -.1023347808955838E-05   4   0 2  0 1  0 0  1 0
   189  0.1176469701967434E-02   4   1 0  1 1  0 0  1 0
   190  0.5742674677824642E-03   4   0 1  1 1  0 0  1 0
   191  -.6265712616933982E-05   4   0 0  2 1  0 0  1 0
   192  -.2530041924381618E-01   4   1 0  0 2  0 0  1 0
   193  -.2602974091412802       4   0 1  0 2  0 0  1 0
   194  -.4997328681975986E-05   4   0 0  1 2  0 0  1 0
   195  -.8473757043155355E-06   4   0 0  0 3  0 0  1 0
   196  0.2891240202017415E-02   4   3 0  0 0  0 0  0 1
   197  0.5502668197914357E-01   4   2 1  0 0  0 0  0 1
   198  0.3472749717588928E-01   4   1 2  0 0  0 0  0 1
   199  0.3479842847468586E-02   4   0 3  0 0  0 0  0 1
   200  0.9241030344452604E-06   4   2 0  1 0  0 0  0 1
   201  0.1108403051722520E-05   4   1 1  1 0  0 0  0 1
   202  0.3518521506086080E-05   4   0 2  1 0  0 0  0 1
   203  -.1645589335760093E-02   4   1 0  2 0  0 0  0 1
   204  0.4840589243211650E-01   4   0 1  2 0  0 0  0 1
   205  -.2792179793223501E-06   4   0 0  3 0  0 0  0 1
   206  0.7240561083369785E-05   4   2 0  0 1  0 0  0 1
   207  0.2491595481341938E-05   4   1 1  0 1  0 0  0 1
   208  0.5205286358592560E-06   4   0 2  0 1  0 0  0 1
   209  -.1574667679119564E-02   4   1 0  1 1  0 0  0 1
   210  -.5763979410326176E-03   4   0 1  1 1  0 0  0 1
   211  0.6141648967244460E-05   4   0 0  2 1  0 0  0 1
   212  0.1699534730968135E-01   4   1 0  0 2  0 0  0 1
   213  0.2823621357234200E-02   4   0 1  0 2  0 0  0 1
   214  0.3300954410494383E-05   4   0 0  1 2  0 0  0 1
   215  0.4239693430398890E-06   4   0 0  0 3  0 0  0 1
   216  0.1649283004904623E-05   4   2 0  0 0  0 2  0 0
   217  0.2524351242473823E-05   4   1 1  0 0  0 2  0 0
   218  0.2229000954587826E-04   4   0 2  0 0  0 2  0 0
   219  0.5917496483258909E-05   4   1 0  1 0  0 2  0 0
   220  -.2934153069671469E-05   4   0 1  1 0  0 2  0 0
   221  0.6921325388997101E-06   4   0 0  2 0  0 2  0 0
   222  0.1063483780050376E-04   4   1 0  0 1  0 2  0 0
   223  0.1097249395741854E-03   4   0 1  0 1  0 2  0 0
   224  -.5629377189167334E-08   4   0 0  1 1  0 2  0 0
   225  0.7334431889929536E-05   4   0 0  0 2  0 2  0 0
   226  0.1536246415343246E-05   4   2 0  0 0  0 1  1 0
   227  0.3116547837468351E-05   4   1 1  0 0  0 1  1 0
   228  0.2681903943925223E-04   4   0 2  0 0  0 1  1 0
   229  0.3818340601888462E-05   4   1 0  1 0  0 1  1 0
   230  -.2980029520118402E-05   4   0 1  1 0  0 1  1 0
   231  0.8278509816625459E-06   4   0 0  2 0  0 1  1 0
   232  0.1277051168480999E-04   4   1 0  0 1  0 1  1 0
   233  0.1319288022478958E-03   4   0 1  0 1  0 1  1 0
   234  -.9286526552732319E-08   4   0 0  1 1  0 1  1 0
   235  0.8819044232458309E-05   4   0 0  0 2  0 1  1 0
   236  0.1641209909833035E-05   4   2 0  0 0  0 0  2 0
   237  0.2510717033669118E-05   4   1 1  0 0  0 0  2 0
   238  0.2217078850132562E-04   4   0 2  0 0  0 0  2 0
   239  0.5891358788768936E-05   4   1 0  1 0  0 0  2 0
   240  -.2919378255527222E-05   4   0 1  1 0  0 0  2 0
   241  0.6884387816890840E-06   4   0 0  2 0  0 0  2 0
   242  0.1057799802182206E-04   4   1 0  0 1  0 0  2 0
   243  0.1091382128821044E-03   4   0 1  0 1  0 0  2 0
   244  -.5595070996404960E-08   4   0 0  1 1  0 0  2 0
   245  0.7295212144106563E-05   4   0 0  0 2  0 0  2 0
   246  -.1853983845336556E-05   4   2 0  0 0  0 1  0 1
   247  -.1971101086061042E-05   4   1 1  0 0  0 1  0 1
   248  -.3439444620994181E-06   4   0 2  0 0  0 1  0 1
   249  -.7820417101731302E-05   4   1 0  1 0  0 1  0 1
   250  0.2976158508060511E-05   4   0 1  1 0  0 1  0 1
   251  -.5516284051352618E-06   4   0 0  2 0  0 1  0 1
   252  -.8564026567257608E-05   4   1 0  0 1  0 1  0 1
   253  -.1747463738660591E-05   4   0 1  0 1  0 1  0 1
   254  0.5256445957645452E-08   4   0 0  1 1  0 1  0 1
   255  -.4241498202007882E-07   4   0 0  0 2  0 1  0 1
   256  -.1847792338188635E-05   4   2 0  0 0  0 0  1 1
   257  -.1964518457795792E-05   4   1 1  0 0  0 0  1 1
   258  -.3427958358042423E-06   4   0 2  0 0  0 0  1 1
   259  -.7794300278487730E-05   4   1 0  1 0  0 0  1 1
   260  0.2966219421092540E-05   4   0 1  1 0  0 0  1 1
   261  -.5497862039629149E-06   4   0 0  2 0  0 0  1 1
   262  -.8535426408826060E-05   4   1 0  0 1  0 0  1 1
   263  -.1741627962768657E-05   4   0 1  0 1  0 0  1 1
   264  0.5238891693188786E-08   4   0 0  1 1  0 0  1 1
   265  -.4227333425706351E-07   4   0 0  0 2  0 0  1 1
   266  0.5677839455540590E-07   4   2 0  0 0  0 0  0 2
   267  0.1462617381310184E-07   4   1 1  0 0  0 0  0 2
   268  0.2514209420747780E-09   4   0 2  0 0  0 0  0 2
   269  -.1435265822947660E-06   4   1 0  1 0  0 0  0 2
   270  -.4203682468893512E-07   4   0 1  1 0  0 0  0 2
   271  -.3703158198514589E-10   4   0 0  2 0  0 0  0 2
   272  0.3599792708420238E-07   4   1 0  0 1  0 0  0 2
   273  -.1071433878845052E-08   4   0 1  0 1  0 0  0 2
   274  -.7636126367220834E-11   4   0 0  1 1  0 0  0 2
   275  -.6093837181415608E-10   4   0 0  0 2  0 0  0 2
   276  -.5249253892045062E-02   4   1 0  0 0  0 3  0 0
   277  -.1069793457192637       4   0 1  0 0  0 3  0 0
   278  -.7109787462014636E-06   4   0 0  1 0  0 3  0 0
   279  -.8226244028924498E-07   4   0 0  0 1  0 3  0 0
   280  -.3162570581910162E-02   4   1 0  0 0  0 2  1 0
   281  -.6446386515186543E-01   4   0 1  0 0  0 2  1 0
   282  -.4268902972855335E-06   4   0 0  1 0  0 2  1 0
   283  -.8416409768103786E-07   4   0 0  0 1  0 2  1 0
   284  -.3172935701340833E-02   4   1 0  0 0  0 1  2 0
   285  -.6467505056284054E-01   4   0 1  0 0  0 1  2 0
   286  -.4283015028525750E-06   4   0 0  1 0  0 1  2 0
   287  -.8415319547752723E-07   4   0 0  0 1  0 1  2 0
   288  -.5217695444865698E-02   4   1 0  0 0  0 0  3 0
   289  -.1063361690447005       4   0 1  0 0  0 0  3 0
   290  -.7067067812289880E-06   4   0 0  1 0  0 0  3 0
   291  -.8171029363221646E-07   4   0 0  0 1  0 0  3 0
   292  0.6321614609752632E-02   4   1 0  0 0  0 2  0 1
   293  0.5828858031226434E-03   4   0 1  0 0  0 2  0 1
   294  0.8532467517657468E-06   4   0 0  1 0  0 2  0 1
   295  0.8223588866639093E-07   4   0 0  0 1  0 2  0 1
   296  0.4241800674938493E-02   4   1 0  0 0  0 1  1 1
   297  0.5788754726147312E-03   4   0 1  0 0  0 1  1 1
   298  0.5700943579612841E-06   4   0 0  1 0  0 1  1 1
   299  0.8219441310508732E-07   4   0 0  0 1  0 1  1 1
   300  0.6293420247771672E-02   4   1 0  0 0  0 0  2 1
   301  0.5799726183916433E-03   4   0 1  0 0  0 0  2 1
   302  0.8494453405925469E-06   4   0 0  1 0  0 0  2 1
   303  0.8182400927412326E-07   4   0 0  0 1  0 0  2 1
   304  -.2719541446294353E-04   4   1 0  0 0  0 1  0 2
   305  0.8051357703551095E-05   4   0 1  0 0  0 1  0 2
   306  0.5197058521654037E-10   4   0 0  1 0  0 1  0 2
   307  0.4800394930090030E-11   4   0 0  0 1  0 1  0 2
   308  -.2710459349733670E-04   4   1 0  0 0  0 0  1 2
   309  0.8024469638213277E-05   4   0 1  0 0  0 0  1 2
   310  0.5179702585720112E-10   4   0 0  1 0  0 0  1 2
   311  0.4784363680027120E-11   4   0 0  0 1  0 0  1 2
   312  -.8088522804139707E-07   4   1 0  0 0  0 0  0 3
   313  -.7679710929060257E-08   4   0 1  0 0  0 0  0 3
   314  -.1089978953932564E-10   4   0 0  1 0  0 0  0 3
   315  -.1052299957847873E-11   4   0 0  0 1  0 0  0 3
   316  0.2121809435717429E-05   4   0 0  0 0  0 4  0 0
   317  0.1218618592903112E-05   4   0 0  0 0  0 3  1 0
   318  0.1099051021503235E-05   4   0 0  0 0  0 2  2 0
   319  0.1224996310157217E-05   4   0 0  0 0  0 1  3 0
   320  0.2105624483772033E-05   4   0 0  0 0  0 0  4 0
   321  -.9129247810684627E-08   4   0 0  0 0  0 3  0 1
   322  -.1068640368319034E-07   4   0 0  0 0  0 2  1 1
   323  -.1067845061511685E-07   4   0 0  0 0  0 1  2 1
   324  -.9065731950873835E-08   4   0 0  0 0  0 0  3 1
   325  -.1066183775636591E-09   4   0 0  0 0  0 2  0 2
   326  -.1521241911940289E-09   4   0 0  0 0  0 1  1 2
   327  -.1060083036427456E-09   4   0 0  0 0  0 0  2 2
   328  0.8731276003100672E-13   4   0 0  0 0  0 1  0 3
   329  0.8702117303622438E-13   4   0 0  0 0  0 0  1 3
   ----------------------------------------------------
     I  COEFFICIENT            ORDER EXPONENTS
     1  0.2379835199938695E-05   0   0 0  0 0  0 0  0 0
     2  0.9897610794807030E-01   1   1 0  0 0  0 0  0 0
     3   1.016720605228283       1   0 1  0 0  0 0  0 0
     4  0.1336438050693014E-04   1   0 0  1 0  0 0  0 0
     5  0.2275768604897285E-05   1   0 0  0 1  0 0  0 0
     6  -.1679088093239521E-07   1   0 0  0 0  0 1  0 0
     7  -.1673480662539412E-07   1   0 0  0 0  0 0  1 0
     8  0.2413360887515173E-05   1   0 0  0 0  0 0  0 1
     9  -.5330687290234829E-06   2   2 0  0 0  0 0  0 0
    10  -.2550514062770169E-05   2   1 1  0 0  0 0  0 0
    11  -.1596945752727246E-05   2   0 2  0 0  0 0  0 0
    12  0.3772179929393544E-05   2   1 0  1 0  0 0  0 0
    13  -.1600279428853751E-04   2   0 1  1 0  0 0  0 0
    14  -.6156345100972838E-06   2   0 0  2 0  0 0  0 0
    15  -.1590146581537810E-04   2   1 0  0 1  0 0  0 0
    16  -.5361345214738809E-05   2   0 1  0 1  0 0  0 0
    17  0.1920634184484287E-05   2   0 0  1 1  0 0  0 0
    18  0.1572693173634380E-05   2   0 0  0 2  0 0  0 0
    19  -.4067198215116312E-03   2   1 0  0 0  0 1  0 0
    20  -.8387984208261201E-02   2   0 1  0 0  0 1  0 0
    21  -.3768021659003565E-09   2   0 0  1 0  0 1  0 0
    22  -.1137880242206416E-05   2   0 0  0 1  0 1  0 0
    23  -.4053615525663902E-03   2   1 0  0 0  0 0  1 0
    24  -.8359971955450659E-02   2   0 1  0 0  0 0  1 0
    25  -.3755438090351380E-09   2   0 0  1 0  0 0  1 0
    26  -.1134080212518556E-05   2   0 0  0 1  0 0  1 0
    27  0.9978818932214818E-01   2   1 0  0 0  0 0  0 1
    28  0.1674795616371158E-01   2   0 1  0 0  0 0  0 1
    29  0.1336513285290507E-04   2   0 0  1 0  0 0  0 1
    30  0.2271960454724967E-05   2   0 0  0 1  0 0  0 1
    31  0.9742280912149565E-08   2   0 0  0 0  0 2  0 0
    32  0.2740591962885239E-08   2   0 0  0 0  0 1  1 0
    33  0.9705169757800323E-08   2   0 0  0 0  0 0  2 0
    34  -.2222518188695767E-07   2   0 0  0 0  0 1  0 1
    35  -.2215095935645422E-07   2   0 0  0 0  0 0  1 1
    36  0.2218809163449043E-07   2   0 0  0 0  0 0  0 2
    37  -.6580187910501178E-02   3   3 0  0 0  0 0  0 0
    38  -.5774226405388347E-02   3   2 1  0 0  0 0  0 0
    39  -.5065195749377063E-01   3   1 2  0 0  0 0  0 0
    40  -.1186414685415183E-03   3   0 3  0 0  0 0  0 0
    41  0.2511661927043912E-05   3   2 0  1 0  0 0  0 0
    42  0.8442588708437588E-06   3   1 1  1 0  0 0  0 0
    43  0.9531585353692569E-07   3   0 2  1 0  0 0  0 0
    44  -.1872901069802823E-01   3   1 0  2 0  0 0  0 0
    45  -.7105516377172237E-03   3   0 1  2 0  0 0  0 0
    46  -.8619733403925297E-06   3   0 0  3 0  0 0  0 0
    47  0.4411370006907691E-06   3   2 0  0 1  0 0  0 0
    48  -.1316661057215130E-04   3   1 1  0 1  0 0  0 0
    49  -.1111374544896149E-05   3   0 2  0 1  0 0  0 0
    50  -.1133519014136631E-01   3   1 0  1 1  0 0  0 0
    51  -.3044091637407013E-02   3   0 1  1 1  0 0  0 0
    52  -.4457455167295261E-06   3   0 0  2 1  0 0  0 0
    53  0.4914282939028333E-01   3   1 0  0 2  0 0  0 0
    54  0.1645201353050357E-01   3   0 1  0 2  0 0  0 0
    55  -.9926495762806253E-07   3   0 0  1 2  0 0  0 0
    56  0.1127822265224714E-05   3   0 0  0 3  0 0  0 0
    57  0.2772032156836565E-06   3   2 0  0 0  0 1  0 0
    58  0.1444462582140741E-05   3   1 1  0 0  0 1  0 0
    59  0.1622501569307823E-05   3   0 2  0 0  0 1  0 0
    60  -.1881300707911838E-05   3   1 0  1 0  0 1  0 0
    61  0.7799014222337630E-05   3   0 1  1 0  0 1  0 0
    62  0.3051671846213749E-06   3   0 0  2 0  0 1  0 0
    63  0.7686886494234756E-05   3   1 0  0 1  0 1  0 0
    64  0.5254129956758609E-05   3   0 1  0 1  0 1  0 0
    65  -.8092163329106804E-06   3   0 0  1 1  0 1  0 0
    66  -.1574155843706462E-05   3   0 0  0 2  0 1  0 0
    67  0.2762774763922098E-06   3   2 0  0 0  0 0  1 0
    68  0.1439638699546140E-05   3   1 1  0 0  0 0  1 0
    69  0.1617083113214364E-05   3   0 2  0 0  0 0  1 0
    70  -.1875017974213975E-05   3   1 0  1 0  0 0  1 0
    71  0.7772968875488520E-05   3   0 1  1 0  0 0  1 0
    72  0.3041480577235630E-06   3   0 0  2 0  0 0  1 0
    73  0.7661215605680910E-05   3   1 0  0 1  0 0  1 0
    74  0.5236583426747067E-05   3   0 1  0 1  0 0  1 0
    75  -.8065138990561344E-06   3   0 0  1 1  0 0  1 0
    76  -.1568898841504006E-05   3   0 0  0 2  0 0  1 0
    77  -.1086549420961360E-05   3   2 0  0 0  0 0  0 1
    78  -.2884101281686845E-05   3   1 1  0 0  0 0  0 1
    79  -.1642638929898934E-05   3   0 2  0 0  0 0  0 1
    80  0.7528498611519286E-05   3   1 0  1 0  0 0  0 1
    81  -.1557198309782612E-04   3   0 1  1 0  0 0  0 1
    82  -.1224949752442219E-05   3   0 0  2 0  0 0  0 1
    83  -.1534810209991563E-04   3   1 0  0 1  0 0  0 1
    84  -.5129368168767017E-05   3   0 1  0 1  0 0  0 1
    85  0.1615730231966830E-05   3   0 0  1 1  0 0  0 1
    86  0.1570361511472074E-05   3   0 0  0 2  0 0  0 1
    87  0.3054593818819340E-03   3   1 0  0 0  0 2  0 0
    88  0.6294343728628179E-02   3   0 1  0 0  0 2  0 0
    89  0.3125953303503842E-09   3   0 0  1 0  0 2  0 0
    90  0.8531526733656571E-06   3   0 0  0 1  0 2  0 0
    91  0.2048719673496687E-03   3   1 0  0 0  0 1  1 0
    92  0.4214594120745396E-02   3   0 1  0 0  0 1  1 0
    93  0.3088726441390213E-09   3   0 0  1 0  0 1  1 0
    94  0.5700516892570044E-06   3   0 0  0 1  0 1  1 0
    95  0.3040971871261698E-03   3   1 0  0 0  0 0  2 0
    96  0.6266285868723069E-02   3   0 1  0 0  0 0  2 0
    97  0.3110356431268414E-09   3   0 0  1 0  0 0  2 0
    98  0.8493516475652136E-06   3   0 0  0 1  0 0  2 0
    99  -.8157933552363297E-03   3   1 0  0 0  0 1  0 1
   100  -.8415299488709820E-02   3   0 1  0 0  0 1  0 1
   101  -.9512591258098032E-09   3   0 0  1 0  0 1  0 1
   102  -.1138119586778120E-05   3   0 0  0 1  0 1  0 1
   103  -.8130689569612867E-03   3   1 0  0 0  0 0  1 1
   104  -.8387196014632918E-02   3   0 1  0 0  0 0  1 1
   105  -.9480823302320760E-09   3   0 0  1 0  0 0  1 1
   106  -.1134318757782519E-05   3   0 0  0 1  0 0  1 1
   107  0.8144324223525511E-03   3   1 0  0 0  0 0  0 2
   108  0.2727036129515530E-04   3   0 1  0 0  0 0  0 2
   109  0.9784132108845817E-09   3   0 0  1 0  0 0  0 2
   110  -.2861085805608366E-10   3   0 0  0 1  0 0  0 2
   111  -.7656667016870675E-08   3   0 0  0 0  0 3  0 0
   112  -.3482937837611233E-08   3   0 0  0 0  0 2  1 0
   113  -.3503717498790946E-08   3   0 0  0 0  0 1  2 0
   114  -.7612515937543615E-08   3   0 0  0 0  0 0  3 0
   115  0.1671065229315159E-07   3   0 0  0 0  0 2  0 1
   116  0.1123270716003299E-07   3   0 0  0 0  0 1  1 1
   117  0.1663608977953139E-07   3   0 0  0 0  0 0  2 1
   118  -.1121440042545991E-07   3   0 0  0 0  0 1  0 2
   119  -.1117694916040743E-07   3   0 0  0 0  0 0  1 2
   120  0.6775265045945241E-10   3   0 0  0 0  0 0  0 3
   121  0.1449763737956188E-07   4   4 0  0 0  0 0  0 0
   122  0.6014016103762982E-06   4   3 1  0 0  0 0  0 0
   123  0.2711475150629922E-06   4   2 2  0 0  0 0  0 0
   124  -.1135326043551019E-05   4   1 3  0 0  0 0  0 0
   125  -.1469021714876300E-06   4   0 4  0 0  0 0  0 0
   126  0.4062837505617539E-11   4   3 0  1 0  0 0  0 0
   127  0.3307394998906841E-05   4   2 1  1 0  0 0  0 0
   128  0.9853182213828771E-06   4   1 2  1 0  0 0  0 0
   129  -.6015938867145455E-07   4   0 3  1 0  0 0  0 0
   130  -.8455916917283111E-09   4   2 0  2 0  0 0  0 0
   131  0.8219996763090611E-06   4   1 1  2 0  0 0  0 0
   132  -.1556167331109972E-06   4   0 2  2 0  0 0  0 0
   133  0.3601431752882744E-11   4   1 0  3 0  0 0  0 0
   134  0.3138093894328751E-05   4   0 1  3 0  0 0  0 0
   135  -.1365011857172786E-07   4   0 0  4 0  0 0  0 0
   136  -.7797638393889775E-10   4   3 0  0 1  0 0  0 0
   137  -.5914922734304656E-10   4   2 1  0 1  0 0  0 0
   138  0.8234100730217788E-05   4   1 2  0 1  0 0  0 0
   139  0.2756483934159977E-05   4   0 3  0 1  0 0  0 0
   140  0.1311324711777896E-05   4   2 0  1 1  0 0  0 0
   141  0.1018657941392782E-05   4   1 1  1 1  0 0  0 0
   142  0.2214363395405987E-05   4   0 2  1 1  0 0  0 0
   143  0.6276273169615552E-05   4   1 0  2 1  0 0  0 0
   144  0.2137357227903132E-05   4   0 1  2 1  0 0  0 0
   145  0.1338815457189169E-06   4   0 0  3 1  0 0  0 0
   146  0.4824256699206738E-07   4   2 0  0 2  0 0  0 0
   147  -.5523456944729164E-05   4   1 1  0 2  0 0  0 0
   148  0.2814020425618636E-06   4   0 2  0 2  0 0  0 0
   149  0.9496649055673630E-06   4   1 0  1 2  0 0  0 0
   150  -.1627058210086037E-04   4   0 1  1 2  0 0  0 0
   151  0.6370615673532914E-07   4   0 0  2 2  0 0  0 0
   152  0.8233512361688902E-05   4   1 0  0 3  0 0  0 0
   153  0.2756485468269814E-05   4   0 1  0 3  0 0  0 0
   154  -.4674670880503922E-07   4   0 0  1 3  0 0  0 0
   155  0.4227155348210269E-06   4   0 0  0 4  0 0  0 0
   156  0.3425004803933461E-02   4   3 0  0 0  0 1  0 0
   157  0.5852632275991815E-02   4   2 1  0 0  0 1  0 0
   158  0.5153476676936825E-01   4   1 2  0 0  0 1  0 0
   159  0.2380977969624888E-03   4   0 3  0 0  0 1  0 0
   160  -.1222583942023162E-05   4   2 0  1 0  0 1  0 0
   161  -.8287356719903308E-06   4   1 1  1 0  0 1  0 0
   162  -.1412994011137884E-06   4   0 2  1 0  0 1  0 0
   163  0.9254582442127665E-02   4   1 0  2 0  0 1  0 0
   164  0.6570897739496767E-03   4   0 1  2 0  0 1  0 0
   165  0.4314466527242801E-06   4   0 0  3 0  0 1  0 0
   166  -.4428655236705131E-06   4   2 0  0 1  0 1  0 0
   167  0.1309126968432385E-04   4   1 1  0 1  0 1  0 0
   168  0.1657438027598470E-05   4   0 2  0 1  0 1  0 0
   169  0.1138169914092680E-01   4   1 0  1 1  0 1  0 0
   170  0.4563835397907166E-02   4   0 1  1 1  0 1  0 0
   171  0.4491229833540998E-06   4   0 0  2 1  0 1  0 0
   172  -.4924915406962242E-01   4   1 0  0 2  0 1  0 0
   173  -.2459858522113385E-01   4   0 1  0 2  0 1  0 0
   174  0.1496845660860299E-06   4   0 0  1 2  0 1  0 0
   175  -.1690289453781417E-05   4   0 0  0 3  0 1  0 0
   176  0.3413566763748512E-02   4   3 0  0 0  0 0  1 0
   177  0.5833087006133107E-02   4   2 1  0 0  0 0  1 0
   178  0.5136266285507461E-01   4   1 2  0 0  0 0  1 0
   179  0.2373026529189452E-03   4   0 3  0 0  0 0  1 0
   180  -.1218501038477370E-05   4   2 0  1 0  0 0  1 0
   181  -.8259680519542602E-06   4   1 1  1 0  0 0  1 0
   182  -.1408275220010686E-06   4   0 2  1 0  0 0  1 0
   183  0.9223676124639764E-02   4   1 0  2 0  0 0  1 0
   184  0.6548953772495389E-03   4   0 1  2 0  0 0  1 0
   185  0.4300058068177716E-06   4   0 0  3 0  0 0  1 0
   186  -.4413865436555162E-06   4   2 0  0 1  0 0  1 0
   187  0.1304755048470416E-04   4   1 1  0 1  0 0  1 0
   188  0.1651902898788779E-05   4   0 2  0 1  0 0  1 0
   189  0.1134368917025548E-01   4   1 0  1 1  0 0  1 0
   190  0.4548594154269338E-02   4   0 1  1 1  0 0  1 0
   191  0.4476231061201513E-06   4   0 0  2 1  0 0  1 0
   192  -.4908468311685878E-01   4   1 0  0 2  0 0  1 0
   193  -.2451643654621011E-01   4   0 1  0 2  0 0  1 0
   194  0.1491846841355491E-06   4   0 0  1 2  0 0  1 0
   195  -.1684644615364193E-05   4   0 0  0 3  0 0  1 0
   196  -.1341875947818314E-01   4   3 0  0 0  0 0  0 1
   197  -.1168571928212476E-01   4   2 1  0 0  0 0  0 1
   198  -.5224547213067264E-01   4   1 2  0 0  0 0  0 1
   199  -.2381175127976756E-03   4   0 3  0 0  0 0  0 1
   200  0.4952746907544447E-05   4   2 0  1 0  0 0  0 1
   201  0.1654703723944578E-05   4   1 1  1 0  0 0  0 1
   202  0.1868110695779360E-06   4   0 2  1 0  0 0  0 1
   203  -.3720726926479566E-01   4   1 0  2 0  0 0  0 1
   204  -.1311985151199350E-02   4   0 1  2 0  0 0  0 1
   205  -.1723425799934577E-05   4   0 0  3 0  0 0  0 1
   206  0.8842520673260214E-06   4   2 0  0 1  0 0  0 1
   207  -.1297220959687680E-04   4   1 1  0 1  0 0  0 1
   208  -.1086591836594889E-05   4   0 2  0 1  0 0  0 1
   209  -.2272538831118187E-01   4   1 0  1 1  0 0  0 1
   210  -.6068337914769671E-02   4   0 1  1 1  0 0  0 1
   211  -.8967460894742403E-06   4   0 0  2 1  0 0  0 1
   212  0.4919100779619751E-01   4   1 0  0 2  0 0  0 1
   213  0.1621099470633881E-01   4   0 1  0 2  0 0  0 1
   214  -.1996042925935643E-06   4   0 0  1 2  0 0  0 1
   215  0.1119289538696247E-05   4   0 0  0 3  0 0  0 1
   216  -.1256285947783092E-06   4   2 0  0 0  0 2  0 0
   217  -.3205718059983304E-05   4   1 1  0 0  0 2  0 0
   218  -.2030090510102347E-06   4   0 2  0 0  0 2  0 0
   219  -.1191704633700431E-05   4   1 0  1 0  0 2  0 0
   220  -.6757745939463653E-05   4   0 1  1 0  0 2  0 0
   221  -.4876728661493470E-07   4   0 0  2 0  0 2  0 0
   222  0.1031677315711226E-04   4   1 0  0 1  0 2  0 0
   223  0.4815116082234369E-05   4   0 1  0 1  0 2  0 0
   224  0.7196435872626464E-06   4   0 0  1 1  0 2  0 0
   225  0.8912575102327784E-06   4   0 0  0 2  0 2  0 0
   226  -.1291079100209017E-06   4   2 0  0 0  0 1  1 0
   227  -.2955677567635608E-05   4   1 1  0 0  0 1  1 0
   228  -.2101378157832478E-06   4   0 2  0 0  0 1  1 0
   229  -.1430598425490021E-05   4   1 0  1 0  0 1  1 0
   230  -.4898480702335480E-05   4   0 1  1 0  0 1  1 0
   231  -.3655971451793915E-07   4   0 0  2 0  0 1  1 0
   232  0.1237235294533574E-04   4   1 0  0 1  0 1  1 0
   233  0.6855438430638279E-05   4   0 1  0 1  0 1  1 0
   234  0.4170131540095764E-06   4   0 0  1 1  0 1  1 0
   235  0.1027611460302554E-05   4   0 0  0 2  0 1  1 0
   236  -.1249934670130989E-06   4   2 0  0 0  0 0  2 0
   237  -.3190076998304812E-05   4   1 1  0 0  0 0  2 0
   238  -.2019802033805794E-06   4   0 2  0 0  0 0  2 0
   239  -.1185336062595530E-05   4   1 0  1 0  0 0  2 0
   240  -.6726998572612225E-05   4   0 1  1 0  0 0  2 0
   241  -.4854337804525862E-07   4   0 0  2 0  0 0  2 0
   242  0.1026166041659322E-04   4   1 0  0 1  0 0  2 0
   243  0.4787588564240034E-05   4   0 1  0 1  0 0  2 0
   244  0.7165439656608353E-06   4   0 0  1 1  0 0  2 0
   245  0.8865652044621529E-06   4   0 0  0 2  0 0  2 0
   246  0.2476473031760610E-06   4   2 0  0 0  0 1  0 1
   247  0.3568945556340060E-05   4   1 1  0 0  0 1  0 1
   248  0.2080111132471550E-06   4   0 2  0 0  0 1  0 1
   249  0.1907004582208618E-05   4   1 0  1 0  0 1  0 1
   250  0.9019884287931782E-05   4   0 1  1 0  0 1  0 1
   251  0.1191101204667640E-06   4   0 0  2 0  0 1  0 1
   252  -.8255366832729821E-05   4   1 0  0 1  0 1  0 1
   253  -.2720593420311194E-05   4   0 1  0 1  0 1  0 1
   254  -.9356032002470822E-06   4   0 0  1 1  0 1  0 1
   255  -.7431962054839428E-06   4   0 0  0 2  0 1  0 1
   256  0.2468202678965277E-06   4   2 0  0 0  0 0  1 1
   257  0.3557026816067212E-05   4   1 1  0 0  0 0  1 1
   258  0.2073164457624535E-06   4   0 2  0 0  0 0  1 1
   259  0.1900636008646575E-05   4   1 0  1 0  0 0  1 1
   260  0.8989761761145671E-05   4   0 1  1 0  0 0  1 1
   261  0.1187123439898465E-06   4   0 0  2 0  0 0  1 1
   262  -.8227797464807801E-05   4   1 0  0 1  0 0  1 1
   263  -.2711507810611401E-05   4   0 1  0 1  0 0  1 1
   264  -.9324786887166729E-06   4   0 0  1 1  0 0  1 1
   265  -.7407142504064292E-06   4   0 0  0 2  0 0  1 1
   266  -.1147375962222928E-06   4   2 0  0 0  0 0  0 2
   267  -.7521887333904455E-07   4   1 1  0 0  0 0  0 2
   268  -.3499909771310055E-08   4   0 2  0 0  0 0  0 2
   269  -.1469068459144877E-11   4   1 0  1 0  0 0  0 2
   270  -.1364596368990707E-06   4   0 1  1 0  0 0  0 2
   271  -.1039520880191816E-06   4   0 0  2 0  0 0  0 2
   272  -.1909213384074383E-12   4   1 0  0 1  0 0  0 2
   273  -.7119201262797817E-14   4   0 1  0 1  0 0  0 2
   274  -.5422031420698831E-07   4   0 0  1 1  0 0  0 2
   275  -.3448279598529431E-08   4   0 0  0 2  0 0  0 2
   276  -.2549150869068515E-03   4   1 0  0 0  0 3  0 0
   277  -.5249242038534335E-02   4   0 1  0 0  0 3  0 0
   278  -.3164811201770135E-09   4   0 0  1 0  0 3  0 0
   279  -.7108747508155515E-06   4   0 0  0 1  0 3  0 0
   280  -.1539956613394251E-03   4   1 0  0 0  0 2  1 0
   281  -.3162563058420035E-02   4   0 1  0 0  0 2  1 0
   282  -.3156462812125899E-09   4   0 0  1 0  0 2  1 0
   283  -.4268451713054999E-06   4   0 0  0 1  0 2  1 0
   284  -.1544969379355414E-03   4   1 0  0 0  0 1  2 0
   285  -.3172928156358253E-02   4   0 1  0 0  0 1  2 0
   286  -.3156451659729200E-09   4   0 0  1 0  0 1  2 0
   287  -.4282560836306996E-06   4   0 0  0 1  0 1  2 0
   288  -.2533818509957574E-03   4   1 0  0 0  0 0  3 0
   289  -.5217683663253782E-02   4   0 1  0 0  0 0  3 0
   290  -.3143704563012023E-09   4   0 0  1 0  0 0  3 0
   291  -.7066033818061931E-06   4   0 0  0 1  0 0  3 0
   292  0.6132788676357791E-03   4   1 0  0 0  0 2  0 1
   293  0.6321599615372373E-02   4   0 1  0 0  0 2  0 1
   294  0.9612648560610836E-09   4   0 0  1 0  0 2  0 1
   295  0.8530697343406262E-06   4   0 0  0 1  0 2  0 1
   296  0.4121079039660980E-03   4   1 0  0 0  0 1  1 1
   297  0.4241789999313773E-02   4   0 1  0 0  0 1  1 1
   298  0.9711931410936508E-09   4   0 0  1 0  0 1  1 1
   299  0.5699110761260340E-06   4   0 0  0 1  0 1  1 1
   300  0.6105426490749136E-03   4   1 0  0 0  0 0  2 1
   301  0.6293405321292242E-02   4   0 1  0 0  0 0  2 1
   302  0.9564329593069568E-09   4   0 0  1 0  0 0  2 1
   303  0.8492692203143973E-06   4   0 0  0 1  0 0  2 1
   304  -.4114348296723418E-03   4   1 0  0 0  0 1  0 2
   305  -.2719443527147039E-04   4   0 1  0 0  0 1  0 2
   306  -.9683934125159926E-09   4   0 0  1 0  0 1  0 2
   307  0.4501249570907419E-10   4   0 0  0 1  0 1  0 2
   308  -.4100608146315581E-03   4   1 0  0 0  0 0  1 2
   309  -.2710361757594053E-04   4   0 1  0 0  0 0  1 2
   310  -.9651593958044905E-09   4   0 0  1 0  0 0  1 2
   311  0.4486217337016123E-10   4   0 0  0 1  0 0  1 2
   312  0.2354407317109402E-05   4   1 0  0 0  0 0  0 3
   313  -.8088991432955492E-07   4   0 1  0 0  0 0  0 3
   314  0.3183798655892480E-09   4   0 0  1 0  0 0  0 3
   315  -.1088431774701020E-10   4   0 0  0 1  0 0  0 3
   316  0.1046661270700585E-06   4   0 0  0 0  0 4  0 0
   317  0.5948661546908788E-07   4   0 0  0 0  0 3  1 0
   318  0.5378922254725914E-07   4   0 0  0 0  0 2  2 0
   319  0.5980473616138668E-07   4   0 0  0 0  0 1  3 0
   320  0.1038687852880770E-06   4   0 0  0 0  0 0  4 0
   321  -.1194528394257601E-06   4   0 0  0 0  0 3  0 1
   322  -.7221375474723743E-07   4   0 0  0 0  0 2  1 1
   323  -.7244839369154999E-07   4   0 0  0 0  0 1  2 1
   324  -.1187342814126983E-06   4   0 0  0 0  0 0  3 1
   325  0.3861066746146881E-09   4   0 0  0 0  0 2  0 2
   326  0.4618139875774876E-09   4   0 0  0 0  0 1  1 2
   327  0.3840461148379280E-09   4   0 0  0 0  0 0  2 2
   328  0.9201066542519831E-12   4   0 0  0 0  0 1  0 3
   329  0.9170338945076149E-12   4   0 0  0 0  0 0  1 3
   ----------------------------------------------------
     I  COEFFICIENT            ORDER EXPONENTS
     1  -.5604733236346612E-04   0   0 0  0 0  0 0  0 0
     2  0.2269307083964826E-05   1   1 0  0 0  0 0  0 0
     3  0.8065791585949348E-07   1   0 1  0 0  0 0  0 0
     4  0.9833343832311954       1   0 0  1 0  0 0  0 0
     5  0.3394927008717854       1   0 0  0 1  0 0  0 0
     6  -.4680662034259524E-06   1   0 0  0 0  0 1  0 0
     7  -.4665030639996907E-06   1   0 0  0 0  0 0  1 0
     8  0.9345692674256445E-06   1   0 0  0 0  0 0  0 1
     9  0.8322730385052610E-05   2   2 0  0 0  0 0  0 0
    10  0.8582435518521800E-07   2   1 1  0 0  0 0  0 0
    11  0.1252981752415563E-05   2   0 2  0 0  0 0  0 0
    12  -.2271037769932932E-05   2   1 0  1 0  0 0  0 0
    13  -.2336845475733563E-07   2   0 1  1 0  0 0  0 0
    14  -.8487537410541361E-05   2   0 0  2 0  0 0  0 0
    15  -.2400186934995075E-05   2   1 0  0 1  0 0  0 0
    16  0.1771395772736854E-08   2   0 1  0 1  0 0  0 0
    17  0.7305416884857740E-05   2   0 0  1 1  0 0  0 0
    18  0.2255709232875348E-05   2   0 0  0 2  0 0  0 0
    19  -.1138446681637517E-05   2   1 0  0 0  0 1  0 0
    20  -.8144038419047879E-07   2   0 1  0 0  0 1  0 0
    21  0.8332886994077884E-02   2   0 0  1 0  0 1  0 0
    22  -.1697234526100682       2   0 0  0 1  0 1  0 0
    23  -.1134644760286040E-05   2   1 0  0 0  0 0  1 0
    24  -.8116840840050929E-07   2   0 1  0 0  0 0  1 0
    25  0.8305058742220997E-02   2   0 0  1 0  0 0  1 0
    26  -.1691566494134558       2   0 0  0 1  0 0  1 0
    27  0.2273091441923541E-05   2   1 0  0 0  0 0  0 1
    28  0.8195087673146110E-07   2   0 1  0 0  0 0  0 1
    29  -.1663794573629889E-01   2   0 0  1 0  0 0  0 1
    30  -.6125988482613958E-03   2   0 0  0 1  0 0  0 1
    31  0.3507315297630317E-06   2   0 0  0 0  0 2  0 0
    32  0.2341742410448224E-06   2   0 0  0 0  0 1  1 0
    33  0.3491692171349156E-06   2   0 0  0 0  0 0  2 0
    34  -.4675665906710240E-06   2   0 0  0 0  0 1  0 1
    35  -.4660051197361192E-06   2   0 0  0 0  0 0  1 1
    36  -.4986533616624385E-09   2   0 0  0 0  0 0  0 2
    37  0.1508750025919549E-06   3   3 0  0 0  0 0  0 0
    38  0.6956034401500980E-05   3   2 1  0 0  0 0  0 0
    39  0.3463354671493050E-05   3   1 2  0 0  0 0  0 0
    40  0.4267242566786991E-06   3   0 3  0 0  0 0  0 0
    41  -.8083187532484856E-03   3   2 0  1 0  0 0  0 0
    42  -.7405206627689118E-03   3   1 1  1 0  0 0  0 0
    43  -.1654130357695800E-01   3   0 2  1 0  0 0  0 0
    44  -.4238166797110073E-06   3   1 0  2 0  0 0  0 0
    45  0.6413667947490266E-05   3   0 1  2 0  0 0  0 0
    46  0.1262492961478446E-02   3   0 0  3 0  0 0  0 0
    47  -.4943045780564975E-01   3   2 0  0 1  0 0  0 0
    48  -.2892457341115319E-03   3   1 1  0 1  0 0  0 0
    49  0.1672046621565595       3   0 2  0 1  0 0  0 0
    50  -.5410442011424866E-06   3   1 0  1 1  0 0  0 0
    51  0.2165633188632463E-05   3   0 1  1 1  0 0  0 0
    52  -.4621452421832446E-01   3   0 0  2 1  0 0  0 0
    53  0.3353741687977547E-05   3   1 0  0 2  0 0  0 0
    54  0.4978218906538748E-06   3   0 1  0 2  0 0  0 0
    55  -.3272627395847790E-01   3   0 0  1 2  0 0  0 0
    56  0.1666292035557043       3   0 0  0 3  0 0  0 0
    57  -.4218159548940454E-05   3   2 0  0 0  0 1  0 0
    58  -.1283283552151702E-06   3   1 1  0 0  0 1  0 0
    59  -.1879102506507831E-05   3   0 2  0 0  0 1  0 0
    60  0.1160849969997615E-05   3   1 0  1 0  0 1  0 0
    61  0.3466762756554409E-07   3   0 1  1 0  0 1  0 0
    62  0.4375164493923510E-05   3   0 0  2 0  0 1  0 0
    63  0.2408005324692267E-05   3   1 0  0 1  0 1  0 0
    64  -.6690309911979515E-09   3   0 1  0 1  0 1  0 0
    65  -.7118514925950210E-05   3   0 0  1 1  0 1  0 0
    66  -.3368479991290152E-05   3   0 0  0 2  0 1  0 0
    67  -.4204072713683483E-05   3   2 0  0 0  0 0  1 0
    68  -.1278997938063882E-06   3   1 1  0 0  0 0  1 0
    69  -.1872827113855347E-05   3   0 2  0 0  0 0  1 0
    70  0.1156973231316761E-05   3   1 0  1 0  0 0  1 0
    71  0.3455185262799924E-07   3   0 1  1 0  0 0  1 0
    72  0.4360553329804900E-05   3   0 0  2 0  0 0  1 0
    73  0.2399963624535299E-05   3   1 0  0 1  0 0  1 0
    74  -.6667967159435940E-09   3   0 1  0 1  0 0  1 0
    75  -.7094742153518849E-05   3   0 0  1 1  0 0  1 0
    76  -.3357230719622708E-05   3   0 0  0 2  0 0  1 0
    77  0.8422232262623913E-05   3   2 0  0 0  0 0  0 1
    78  0.1704037937340871E-06   3   1 1  0 0  0 0  0 1
    79  0.1245966115531910E-05   3   0 2  0 0  0 0  0 1
    80  -.2317823201327279E-05   3   1 0  1 0  0 0  0 1
    81  -.4585102544050149E-07   3   0 1  1 0  0 0  0 1
    82  -.8735717823728418E-05   3   0 0  2 0  0 0  0 1
    83  -.2407782014102131E-05   3   1 0  0 1  0 0  0 1
    84  -.2206963794709137E-08   3   0 1  0 1  0 0  0 1
    85  0.6907840194717635E-05   3   0 0  1 1  0 0  0 1
    86  0.2214292245161932E-05   3   0 0  0 2  0 0  0 1
    87  0.8528902379666439E-06   3   1 0  0 0  0 2  0 0
    88  0.7930261600921020E-07   3   0 1  0 0  0 2  0 0
    89  -.6239241003333677E-02   3   0 0  1 0  0 2  0 0
    90  0.1270670764980528       3   0 0  0 1  0 2  0 0
    91  0.5696904957917937E-06   3   1 0  0 0  0 1  1 0
    92  0.7901329831762313E-07   3   0 1  0 0  0 1  1 0
    93  -.4159487941435373E-02   3   0 0  1 0  0 1  1 0
    94  0.8469373530571912E-01   3   0 0  0 1  0 1  1 0
    95  0.8490906917035604E-06   3   1 0  0 0  0 0  2 0
    96  0.7890584425934351E-07   3   0 1  0 0  0 0  2 0
    97  -.6211459178233172E-02   3   0 0  1 0  0 0  2 0
    98  0.1265013069263244       3   0 0  0 1  0 0  2 0
    99  -.1137950435927392E-05   3   1 0  0 0  0 1  0 1
   100  -.8217769402274724E-07   3   0 1  0 0  0 1  0 1
   101  0.8305088599553005E-02   3   0 0  1 0  0 1  0 1
   102  0.6189353914820846E-03   3   0 0  0 1  0 1  0 1
   103  -.1134150171822739E-05   3   1 0  0 0  0 0  1 1
   104  -.8190325593568535E-07   3   0 1  0 0  0 0  1 1
   105  0.8277353182355287E-02   3   0 0  1 0  0 0  1 1
   106  0.6168684139783976E-03   3   0 0  0 1  0 0  1 1
   107  -.3081030050255866E-10   3   1 0  0 0  0 0  0 2
   108  -.3358230199930693E-11   3   0 1  0 0  0 0  0 2
   109  0.2774989665870354E-04   3   0 0  1 0  0 0  0 2
   110  -.5304583204120899E-05   3   0 0  0 1  0 0  0 2
   111  -.2921577695516313E-06   3   0 0  0 0  0 3  0 0
   112  -.1752095275886347E-06   3   0 0  0 0  0 2  1 0
   113  -.1757904751596745E-06   3   0 0  0 0  0 1  2 0
   114  -.2904026682774540E-06   3   0 0  0 0  0 0  3 0
   115  0.3502267021210827E-06   3   0 0  0 0  0 2  0 1
   116  0.2336653285987370E-06   3   0 0  0 0  0 1  1 1
   117  0.3486669251732778E-06   3   0 0  0 0  0 0  2 1
   118  0.5073535926476081E-09   3   0 0  0 0  0 1  0 2
   119  0.5056592502716597E-09   3   0 0  0 0  0 0  1 2
   120  -.5235373203013118E-11   3   0 0  0 0  0 0  0 3
   121  0.2171694809142915E-10   4   4 0  0 0  0 0  0 0
   122  0.5390606367443316E-10   4   3 1  0 0  0 0  0 0
   123  -.4141119587298328E-05   4   2 2  0 0  0 0  0 0
   124  -.2409354121470516E-07   4   1 3  0 0  0 0  0 0
   125  0.2111806694916303E-04   4   0 4  0 0  0 0  0 0
   126  -.4562951633701896E-06   4   3 0  1 0  0 0  0 0
   127  -.7140750374228511E-06   4   2 1  1 0  0 0  0 0
   128  -.2520562698797025E-05   4   1 2  1 0  0 0  0 0
   129  -.1526081753458488E-05   4   0 3  1 0  0 0  0 0
   130  -.3226247413544223E-05   4   2 0  2 0  0 0  0 0
   131  -.3176067978472183E-05   4   1 1  2 0  0 0  0 0
   132  -.1984331761051748E-04   4   0 2  2 0  0 0  0 0
   133  -.1491318471701863E-06   4   1 0  3 0  0 0  0 0
   134  -.1583750697112544E-06   4   0 1  3 0  0 0  0 0
   135  -.1096212337328961E-05   4   0 0  4 0  0 0  0 0
   136  0.1395349461755600E-06   4   3 0  0 1  0 0  0 0
   137  0.5661761407188525E-05   4   2 1  0 1  0 0  0 0
   138  0.2053421587000385E-05   4   1 2  0 1  0 0  0 0
   139  0.1145939747227220E-04   4   0 3  0 1  0 0  0 0
   140  0.3320411157252788E-06   4   2 0  1 1  0 0  0 0
   141  0.3117014548613132E-04   4   1 1  1 1  0 0  0 0
   142  -.1519691154863647E-04   4   0 2  1 1  0 0  0 0
   143  0.9242729826635280E-07   4   1 0  2 1  0 0  0 0
   144  0.1151791043737248E-05   4   0 1  2 1  0 0  0 0
   145  0.1354179136406896E-05   4   0 0  3 1  0 0  0 0
   146  -.1206297501531893E-04   4   2 0  0 2  0 0  0 0
   147  0.5381075326390520E-05   4   1 1  0 2  0 0  0 0
   148  0.1256030875971088E-03   4   0 2  0 2  0 0  0 0
   149  -.1225422961157503E-06   4   1 0  1 2  0 0  0 0
   150  -.1486980656551215E-05   4   0 1  1 2  0 0  0 0
   151  -.1041360271965600E-04   4   0 0  2 2  0 0  0 0
   152  0.9211142155493213E-06   4   1 0  0 3  0 0  0 0
   153  0.1132177404427848E-04   4   0 1  0 3  0 0  0 0
   154  -.1750656807029021E-04   4   0 0  1 3  0 0  0 0
   155  0.1034792874438345E-03   4   0 0  0 4  0 0  0 0
   156  -.1534778207311692E-06   4   3 0  0 0  0 1  0 0
   157  -.7106734049437810E-05   4   2 1  0 0  0 1  0 0
   158  -.5231178645060727E-05   4   1 2  0 0  0 1  0 0
   159  -.8570658402020466E-06   4   0 3  0 0  0 1  0 0
   160  0.8066921935562439E-03   4   2 0  1 0  0 1  0 0
   161  0.1107440063677927E-02   4   1 1  1 0  0 1  0 0
   162  0.2477653363738717E-01   4   0 2  1 0  0 1  0 0
   163  0.4169653578732613E-06   4   1 0  2 0  0 1  0 0
   164  -.6291761887657647E-05   4   0 1  2 0  0 1  0 0
   165  -.1228819619547330E-02   4   0 0  3 0  0 1  0 0
   166  0.4969060854595470E-01   4   2 0  0 1  0 1  0 0
   167  0.5782516676063719E-03   4   1 1  0 1  0 1  0 0
   168  -.2497981402525441       4   0 2  0 1  0 1  0 0
   169  0.8105577522399808E-06   4   1 0  1 1  0 1  0 0
   170  -.3199859324349793E-05   4   0 1  1 1  0 1  0 0
   171  0.4487737182418568E-01   4   0 0  2 1  0 1  0 0
   172  -.5011973357414803E-05   4   1 0  0 2  0 1  0 0
   173  -.9978071376338398E-06   4   0 1  0 2  0 1  0 0
   174  0.4884228473989585E-01   4   0 0  1 2  0 1  0 0
   175  -.2486585485695121       4   0 0  0 3  0 1  0 0
   176  -.1529652709446702E-06   4   3 0  0 0  0 0  1 0
   177  -.7083000620057524E-05   4   2 1  0 0  0 0  1 0
   178  -.5213708762540255E-05   4   1 2  0 0  0 0  1 0
   179  -.8542036096118594E-06   4   0 3  0 0  0 0  1 0
   180  0.8039981892394836E-03   4   2 0  1 0  0 0  1 0
   181  0.1103741691069306E-02   4   1 1  1 0  0 0  1 0
   182  0.2469379069143217E-01   4   0 2  1 0  0 0  1 0
   183  0.4155728732514573E-06   4   1 0  2 0  0 0  1 0
   184  -.6270750114120123E-05   4   0 1  2 0  0 0  1 0
   185  -.1224715891525601E-02   4   0 0  3 0  0 0  1 0
   186  0.4952466332546601E-01   4   2 0  0 1  0 0  1 0
   187  0.5763205562095099E-03   4   1 1  0 1  0 0  1 0
   188  -.2489639221039878       4   0 2  0 1  0 0  1 0
   189  0.8078508386228738E-06   4   1 0  1 1  0 0  1 0
   190  -.3189173173049770E-05   4   0 1  1 1  0 0  1 0
   191  0.4472750074028801E-01   4   0 0  2 1  0 0  1 0
   192  -.4995235526097834E-05   4   1 0  0 2  0 0  1 0
   193  -.9944748917568231E-06   4   0 1  0 2  0 0  1 0
   194  0.4867917255537033E-01   4   0 0  1 2  0 0  1 0
   195  -.2478281361661176       4   0 0  0 3  0 0  1 0
   196  0.3064430916758268E-06   4   3 0  0 0  0 0  0 1
   197  0.7233700267994346E-05   4   2 1  0 0  0 0  0 1
   198  0.3518178064614862E-05   4   1 2  0 0  0 0  0 1
   199  0.4310966797777357E-06   4   0 3  0 0  0 0  0 1
   200  -.1610690382795672E-02   4   2 0  1 0  0 0  0 1
   201  -.1470661091978262E-02   4   1 1  1 0  0 0  0 1
   202  -.1638771717490358E-01   4   0 2  1 0  0 0  0 1
   203  -.8325382311247166E-06   4   1 0  2 0  0 0  0 1
   204  0.6148844054287500E-05   4   0 1  2 0  0 0  0 1
   205  0.2453535511072961E-02   4   0 0  3 0  0 0  0 1
   206  -.4978481406577082E-01   4   2 0  0 1  0 0  0 1
   207  -.5760807555933870E-03   4   1 1  0 1  0 0  0 1
   208  -.2851924113146086E-02   4   0 2  0 1  0 0  0 1
   209  -.1077364389720339E-05   4   1 0  1 1  0 0  0 1
   210  0.2057766120134624E-05   4   0 1  1 1  0 0  0 1
   211  -.4339034834614919E-01   4   0 0  2 1  0 0  0 1
   212  0.3299725507557540E-05   4   1 0  0 2  0 0  0 1
   213  0.4988163574290742E-06   4   0 1  0 2  0 0  0 1
   214  -.3206890937831097E-01   4   0 0  1 2  0 0  0 1
   215  -.3400925931482752E-02   4   0 0  0 3  0 0  0 1
   216  -.5201423127225534E-05   4   2 0  0 0  0 2  0 0
   217  -.5431796768319595E-07   4   1 1  0 0  0 2  0 0
   218  0.5289613329487734E-04   4   0 2  0 0  0 2  0 0
   219  -.8682756574248550E-06   4   1 0  1 0  0 2  0 0
   220  -.1405521786488895E-05   4   0 1  1 0  0 2  0 0
   221  -.1050071104160367E-04   4   0 0  2 0  0 2  0 0
   222  0.3591266330462325E-06   4   1 0  0 1  0 2  0 0
   223  0.1413196989172479E-04   4   0 1  0 1  0 2  0 0
   224  -.1776733091662345E-04   4   0 0  1 1  0 2  0 0
   225  0.1565884722317544E-03   4   0 0  0 2  0 2  0 0
   226  -.6247995652459298E-05   4   2 0  0 0  0 1  1 0
   227  -.8434540094369783E-07   4   1 1  0 0  0 1  1 0
   228  0.6322799842626637E-04   4   0 2  0 0  0 1  1 0
   229  -.5973857129082879E-06   4   1 0  1 0  0 1  1 0
   230  -.1682355235971970E-05   4   0 1  1 0  0 1  1 0
   231  -.9299397478631132E-05   4   0 0  2 0  0 1  1 0
   232  0.3547523934437635E-06   4   1 0  0 1  0 1  1 0
   233  0.1689241198565331E-04   4   0 1  0 1  0 1  1 0
   234  -.2177141746722194E-04   4   0 0  1 1  0 1  1 0
   235  0.1870548947941610E-03   4   0 0  0 2  0 1  1 0
   236  -.5173619808727140E-05   4   2 0  0 0  0 0  2 0
   237  -.5399573043010649E-07   4   1 1  0 0  0 0  2 0
   238  0.5261390586834872E-04   4   0 2  0 0  0 0  2 0
   239  -.8643784854439576E-06   4   1 0  1 0  0 0  2 0
   240  -.1398018778597369E-05   4   0 1  1 0  0 0  2 0
   241  -.1045011520136027E-04   4   0 0  2 0  0 0  2 0
   242  0.3573349447778895E-06   4   1 0  0 1  0 0  2 0
   243  0.1405656851337522E-04   4   0 1  0 1  0 0  2 0
   244  -.1767164211100071E-04   4   0 0  1 1  0 0  2 0
   245  0.1557531928370142E-03   4   0 0  0 2  0 0  2 0
   246  0.4177494662336249E-05   4   2 0  0 0  0 1  0 1
   247  0.4815559247401621E-07   4   1 1  0 0  0 1  0 1
   248  0.3168347757220612E-06   4   0 2  0 0  0 1  0 1
   249  0.1167699897127954E-05   4   1 0  1 0  0 1  0 1
   250  0.1115982592089869E-05   4   0 1  1 0  0 1  0 1
   251  0.1107171478091827E-04   4   0 0  2 0  0 1  0 1
   252  -.3573934415048660E-06   4   1 0  0 1  0 1  0 1
   253  0.2379822957996314E-06   4   0 1  0 1  0 1  0 1
   254  0.1346660940822563E-04   4   0 0  1 1  0 1  0 1
   255  0.2504955432138484E-05   4   0 0  0 2  0 1  0 1
   256  0.4163543630277735E-05   4   2 0  0 0  0 0  1 1
   257  0.4799477354575790E-07   4   1 1  0 0  0 0  1 1
   258  0.3157766840976216E-06   4   0 2  0 0  0 0  1 1
   259  0.1163800282642165E-05   4   1 0  1 0  0 0  1 1
   260  0.1112255691117532E-05   4   0 1  1 0  0 0  1 1
   261  0.1103474002443470E-04   4   0 0  2 0  0 0  1 1
   262  -.3561999014137422E-06   4   1 0  0 1  0 0  1 1
   263  0.2371875374800141E-06   4   0 1  0 1  0 0  1 1
   264  0.1342163673566486E-04   4   0 0  1 1  0 0  1 1
   265  0.2496589960399167E-05   4   0 0  0 2  0 0  1 1
   266  0.5134011633222074E-11   4   2 0  0 0  0 0  0 2
   267  0.1041853709782103E-11   4   1 1  0 0  0 0  0 2
   268  -.4443640151249257E-09   4   0 2  0 0  0 0  0 2
   269  -.1835289676198848E-07   4   1 0  1 0  0 0  0 2
   270  0.4893449353155304E-08   4   0 1  1 0  0 0  0 2
   271  0.4005956381858890E-06   4   0 0  2 0  0 0  0 2
   272  -.5708561768795220E-08   4   1 0  0 1  0 0  0 2
   273  -.1284930613360565E-09   4   0 1  0 1  0 0  0 2
   274  0.1064020005703890E-06   4   0 0  1 1  0 0  0 2
   275  0.1967823412513274E-08   4   0 0  0 2  0 0  0 2
   276  -.7108089846189230E-06   4   1 0  0 0  0 3  0 0
   277  -.8134452880742074E-07   4   0 1  0 0  0 3  0 0
   278  0.5194138795074052E-02   4   0 0  1 0  0 3  0 0
   279  -.1057734561458776       4   0 0  0 1  0 3  0 0
   280  -.4268948789244790E-06   4   1 0  0 0  0 2  1 0
   281  -.8354373872130210E-07   4   0 1  0 0  0 2  1 0
   282  0.3107457721910214E-02   4   0 0  1 0  0 2  1 0
   283  -.6325802073178326E-01   4   0 0  0 1  0 2  1 0
   284  -.4283052139021796E-06   4   1 0  0 0  0 1  2 0
   285  -.8353136128175436E-07   4   0 1  0 0  0 1  2 0
   286  0.3117823752160189E-02   4   0 0  1 0  0 1  2 0
   287  -.6346922608999610E-01   4   0 0  0 1  0 1  2 0
   288  -.7065378623321157E-06   4   1 0  0 0  0 0  3 0
   289  -.8079801263708580E-07   4   0 1  0 0  0 0  3 0
   290  0.5162948157152607E-02   4   0 0  1 0  0 0  3 0
   291  -.1051383269523341       4   0 0  0 1  0 0  3 0
   292  0.8530817278580622E-06   4   1 0  0 0  0 2  0 1
   293  0.8213989480504474E-07   4   0 1  0 0  0 2  0 1
   294  -.6211387189329893E-02   4   0 0  1 0  0 2  0 1
   295  -.6229235197987486E-03   4   0 0  0 1  0 2  0 1
   296  0.5701030060125915E-06   4   1 0  0 0  0 1  1 1
   297  0.8210143161724639E-07   4   0 1  0 0  0 1  1 1
   298  -.4131577275801906E-02   4   0 0  1 0  0 1  1 1
   299  -.6268781080411352E-03   4   0 0  0 1  0 1  1 1
   300  0.8492808532980481E-06   4   1 0  0 0  0 0  2 1
   301  0.8172849128184874E-07   4   0 1  0 0  0 0  2 1
   302  -.6183744988763881E-02   4   0 0  1 0  0 0  2 1
   303  -.6197964722878151E-03   4   0 0  0 1  0 0  2 1
   304  0.4719357076615340E-10   4   1 0  0 0  0 1  0 2
   305  0.6627105712431879E-11   4   0 1  0 0  0 1  0 2
   306  -.2791450129974360E-04   4   0 0  1 0  0 1  0 2
   307  0.7958506452685341E-05   4   0 0  0 1  0 1  0 2
   308  0.4703596457662745E-10   4   1 0  0 0  0 0  1 2
   309  0.6604974035499539E-11   4   0 1  0 0  0 0  1 2
   310  -.2782127889397307E-04   4   0 0  1 0  0 0  1 2
   311  0.7931928470508097E-05   4   0 0  0 1  0 0  1 2
   312  -.1086964432853086E-10   4   1 0  0 0  0 0  0 3
   313  -.1052463135334215E-11   4   0 1  0 0  0 0  0 3
   314  0.7866229210128810E-07   4   0 0  1 0  0 0  0 3
   315  0.7771563175631927E-08   4   0 0  0 1  0 0  0 3
   316  0.1552183251447437E-04   4   0 0  0 0  0 4  0 0
   317  0.8828459901002154E-05   4   0 0  0 0  0 3  1 0
   318  0.7942369363443642E-05   4   0 0  0 0  0 2  2 0
   319  0.8875729570148324E-05   4   0 0  0 0  0 1  3 0
   320  0.1540357668525141E-04   4   0 0  0 0  0 0  4 0
   321  0.7159605437497691E-07   4   0 0  0 0  0 3  0 1
   322  0.8531375385545252E-07   4   0 0  0 0  0 2  1 1
   323  0.8524383931126271E-07   4   0 0  0 0  0 1  2 1
   324  0.7109542590551470E-07   4   0 0  0 0  0 0  3 1
   325  -.7785705283891613E-09   4   0 0  0 0  0 2  0 2
   326  -.1109772090447932E-08   4   0 0  0 0  0 1  1 2
   327  -.7741173580292747E-09   4   0 0  0 0  0 0  2 2
   328  -.6521388372827441E-12   4   0 0  0 0  0 1  0 3
   329  -.6499609745777213E-12   4   0 0  0 0  0 0  1 3
   ----------------------------------------------------
     I  COEFFICIENT            ORDER EXPONENTS
     1  0.7662092336109632E-05   0   0 0  0 0  0 0  0 0
     2  0.1336426322523617E-04   1   1 0  0 0  0 0  0 0
     3  0.2268171213968810E-05   1   0 1  0 0  0 0  0 0
     4  -.9736132066152330E-01   1   0 0  1 0  0 0  0 0
     5  0.9833344168738377       1   0 0  0 1  0 0  0 0
     6  0.2319607204548596E-07   1   0 0  0 0  0 1  0 0
     7  0.2311860716022666E-07   1   0 0  0 0  0 0  1 0
     8  0.7615777656782948E-05   1   0 0  0 0  0 0  0 1
     9  0.2928129030909548E-06   2   2 0  0 0  0 0  0 0
    10  -.1578273313935334E-04   2   1 1  0 0  0 0  0 0
    11  0.1065504707156042E-05   2   0 2  0 0  0 0  0 0
    12  -.8199925888965760E-06   2   1 0  1 0  0 0  0 0
    13  0.1908185959420605E-05   2   0 1  1 0  0 0  0 0
    14  0.1036569219276081E-05   2   0 0  2 0  0 0  0 0
    15  0.2225583699852672E-05   2   1 0  0 1  0 0  0 0
    16  0.6820147228169641E-06   2   0 1  0 1  0 0  0 0
    17  0.1696750196851631E-04   2   0 0  1 1  0 0  0 0
    18  -.9470620903990148E-06   2   0 0  0 2  0 0  0 0
    19  -.3187521691238771E-09   2   1 0  0 0  0 1  0 0
    20  -.1137884091417418E-05   2   0 1  0 0  0 1  0 0
    21  -.4020312546545249E-03   2   0 0  1 0  0 1  0 0
    22  0.8332870633764511E-02   2   0 0  0 1  0 1  0 0
    23  -.3176876742331333E-09   2   1 0  0 0  0 0  1 0
    24  -.1134084048874851E-05   2   0 1  0 0  0 0  1 0
    25  -.4006886435022311E-03   2   0 0  1 0  0 0  1 0
    26  0.8305042436543997E-02   2   0 0  0 1  0 0  1 0
    27  0.1336489966507952E-04   2   1 0  0 0  0 0  0 1
    28  0.2271968140396466E-05   2   0 1  0 0  0 0  0 1
    29  -.9655860076336654E-01   2   0 0  1 0  0 0  0 1
    30  -.1663791307030854E-01   2   0 0  0 1  0 0  0 1
    31  -.1697414852308380E-07   2   0 0  0 0  0 2  0 0
    32  -.1079358185629074E-07   2   0 0  0 0  0 1  1 0
    33  -.1689943922010324E-07   2   0 0  0 0  0 0  2 0
    34  0.4474199733042745E-07   2   0 0  0 0  0 1  0 1
    35  0.4459257833899532E-07   2   0 0  0 0  0 0  1 1
    36  -.4466734597210540E-07   2   0 0  0 0  0 0  0 2
    37  0.8579372993081372E-06   3   3 0  0 0  0 0  0 0
    38  0.4318318650002164E-06   3   2 1  0 0  0 0  0 0
    39  0.9924310535797245E-07   3   1 2  0 0  0 0  0 0
    40  0.1144854890632421E-05   3   0 3  0 0  0 0  0 0
    41  -.1918417268477847E-01   3   2 0  1 0  0 0  0 0
    42  -.1119638499528473E-01   3   1 1  1 0  0 0  0 0
    43  -.4900740041406207E-01   3   0 2  1 0  0 0  0 0
    44  -.2647753035874902E-05   3   1 0  2 0  0 0  0 0
    45  -.4361663699480186E-06   3   0 1  2 0  0 0  0 0
    46  -.6066901083783417E-02   3   0 0  3 0  0 0  0 0
    47  -.9207700845061818E-03   3   2 0  0 1  0 0  0 0
    48  -.3096366416690100E-02   3   1 1  0 1  0 0  0 0
    49  -.1693349484727397E-01   3   0 2  0 1  0 0  0 0
    50  -.9107043417301152E-06   3   1 0  1 1  0 0  0 0
    51  -.1356555667686337E-04   3   0 1  1 1  0 0  0 0
    52  -.5495442711147352E-02   3   0 0  2 1  0 0  0 0
    53  -.1032930475724840E-06   3   1 0  0 2  0 0  0 0
    54  -.1162032116885545E-05   3   0 1  0 2  0 0  0 0
    55  0.4755751257025669E-01   3   0 0  1 2  0 0  0 0
    56  -.1164139557339097E-03   3   0 0  0 3  0 0  0 0
    57  -.1552578293705288E-06   3   2 0  0 0  0 1  0 0
    58  0.7572569886283678E-05   3   1 1  0 0  0 1  0 0
    59  -.1072759770770282E-05   3   0 2  0 0  0 1  0 0
    60  0.4180796211945749E-06   3   1 0  1 0  0 1  0 0
    61  -.7975408545112663E-06   3   0 1  1 0  0 1  0 0
    62  -.4964221841693915E-06   3   0 0  2 0  0 1  0 0
    63  -.1112031474139799E-05   3   1 0  0 1  0 1  0 0
    64  -.6449252045132740E-06   3   0 1  0 1  0 1  0 0
    65  -.8749040285262255E-05   3   0 0  1 1  0 1  0 0
    66  0.8943392361777800E-06   3   0 0  0 2  0 1  0 0
    67  -.1547393351221865E-06   3   2 0  0 0  0 0  1 0
    68  0.7547280765940506E-05   3   1 1  0 0  0 0  1 0
    69  -.1069177215396097E-05   3   0 2  0 0  0 0  1 0
    70  0.4166834154134236E-06   3   1 0  1 0  0 0  1 0
    71  -.7948774117235122E-06   3   0 1  1 0  0 0  1 0
    72  -.4947643479863037E-06   3   0 0  2 0  0 0  1 0
    73  -.1108317768198850E-05   3   1 0  0 1  0 0  1 0
    74  -.6427714322332840E-06   3   0 1  0 1  0 0  1 0
    75  -.8719822260736246E-05   3   0 0  1 1  0 0  1 0
    76  0.8913525285062882E-06   3   0 0  0 2  0 0  1 0
    77  0.6028100675837096E-06   3   2 0  0 0  0 0  0 1
    78  -.1511985065222433E-04   3   1 1  0 0  0 0  0 1
    79  0.1076432279060201E-05   3   0 2  0 0  0 0  0 1
    80  -.1654755625504584E-05   3   1 0  1 0  0 0  0 1
    81  0.1592418266234810E-05   3   0 1  1 0  0 0  0 1
    82  0.2027755751431768E-05   3   0 0  2 0  0 0  0 1
    83  0.2220349242338618E-05   3   1 0  0 1  0 0  0 1
    84  0.6056819139296571E-06   3   0 1  0 1  0 0  0 1
    85  0.1746886254599837E-04   3   0 0  1 1  0 0  0 1
    86  -.8386296742355711E-06   3   0 0  0 2  0 0  0 1
    87  0.3238252036316941E-09   3   1 0  0 0  0 2  0 0
    88  0.8532490697311758E-06   3   0 1  0 0  0 2  0 0
    89  0.3007708561243387E-03   3   0 0  1 0  0 2  0 0
    90  -.6239232149243974E-02   3   0 0  0 1  0 2  0 0
    91  0.3348125813212038E-09   3   1 0  0 0  0 1  1 0
    92  0.5702359970479506E-06   3   0 1  0 0  0 1  1 0
    93  0.2001834756091723E-03   3   0 0  1 0  0 1  1 0
    94  -.4159483694884502E-02   3   0 0  0 1  0 1  1 0
    95  0.3221847049825841E-09   3   1 0  0 0  0 0  2 0
    96  0.8494474142552104E-06   3   0 1  0 0  0 0  2 0
    97  0.2994321477952960E-03   3   0 0  1 0  0 0  2 0
    98  -.6211450360803330E-02   3   0 0  0 1  0 0  2 0
    99  -.9434873442005370E-09   3   1 0  0 0  0 1  0 1
   100  -.1138103443396443E-05   3   0 1  0 0  0 1  0 1
   101  -.8017276856993980E-03   3   0 0  1 0  0 1  0 1
   102  0.8305075895340124E-02   3   0 0  0 1  0 1  0 1
   103  -.9403365030263927E-09   3   1 0  0 0  0 0  1 1
   104  -.1134302668312780E-05   3   0 1  0 0  0 0  1 1
   105  -.7990502606996141E-03   3   0 0  1 0  0 0  1 1
   106  0.8277340520569054E-02   3   0 0  0 1  0 0  1 1
   107  0.9147754366999290E-09   3   1 0  0 0  0 0  0 2
   108  -.4325241199945437E-10   3   0 1  0 0  0 0  0 2
   109  0.8003901570431843E-03   3   0 0  1 0  0 0  0 2
   110  0.2774904585793426E-04   3   0 0  0 1  0 0  0 2
   111  0.1406240458914061E-07   3   0 0  0 0  0 3  0 0
   112  0.8247388693309154E-08   3   0 0  0 0  0 2  1 0
   113  0.8276282913048127E-08   3   0 0  0 0  0 1  2 0
   114  0.1397823592218189E-07   3   0 0  0 0  0 0  3 0
   115  -.3346033912443796E-07   3   0 0  0 0  0 2  0 1
   116  -.2225353363694964E-07   3   0 0  0 0  0 1  1 1
   117  -.3331143739534487E-07   3   0 0  0 0  0 0  2 1
   118  0.2221604986640909E-07   3   0 0  0 0  0 1  0 2
   119  0.2214185783291725E-07   3   0 0  0 0  0 0  1 2
   120  0.1031460909222067E-09   3   0 0  0 0  0 0  0 3
   121  0.1071143038587057E-06   4   4 0  0 0  0 0  0 0
   122  0.1134078508457232E-05   4   3 1  0 0  0 0  0 0
   123  0.4739549054277892E-06   4   2 2  0 0  0 0  0 0
   124  -.3435925666819506E-06   4   1 3  0 0  0 0  0 0
   125  -.3183918307563562E-05   4   0 4  0 0  0 0  0 0
   126  0.3001785737262231E-10   4   3 0  1 0  0 0  0 0
   127  0.8697180225349135E-06   4   2 1  1 0  0 0  0 0
   128  0.1266543472262495E-06   4   1 2  1 0  0 0  0 0
   129  -.1115351466291738E-05   4   0 3  1 0  0 0  0 0
   130  -.6247567312993214E-08   4   2 0  2 0  0 0  0 0
   131  0.9368533852424407E-05   4   1 1  2 0  0 0  0 0
   132  0.3267025516771434E-06   4   0 2  2 0  0 0  0 0
   133  0.2660880838866962E-10   4   1 0  3 0  0 0  0 0
   134  0.5766402186632010E-09   4   0 1  3 0  0 0  0 0
   135  -.1008524982464145E-06   4   0 0  4 0  0 0  0 0
   136  0.4351199989966480E-06   4   3 0  0 1  0 0  0 0
   137  0.2956735666112932E-06   4   2 1  0 1  0 0  0 0
   138  0.2252651131158889E-05   4   1 2  0 1  0 0  0 0
   139  -.3847897920781157E-06   4   0 3  0 1  0 0  0 0
   140  0.6626790417639164E-05   4   2 0  1 1  0 0  0 0
   141  0.7574520816080778E-05   4   1 1  1 1  0 0  0 0
   142  0.4146273940974367E-04   4   0 2  1 1  0 0  0 0
   143  0.4143114692699047E-06   4   1 0  2 1  0 0  0 0
   144  0.4453351670369874E-09   4   0 1  2 1  0 0  0 0
   145  0.4035525962595530E-05   4   0 0  3 1  0 0  0 0
   146  -.1137164334308955E-05   4   2 0  0 2  0 0  0 0
   147  -.1654549786826050E-04   4   1 1  0 2  0 0  0 0
   148  -.2140277878353161E-05   4   0 2  0 2  0 0  0 0
   149  0.1225830916934671E-06   4   1 0  1 2  0 0  0 0
   150  -.1110739228962909E-05   4   0 1  1 2  0 0  0 0
   151  0.1910566610751827E-05   4   0 0  2 2  0 0  0 0
   152  -.1076407337959887E-07   4   1 0  0 3  0 0  0 0
   153  -.3847784574644305E-06   4   0 1  0 3  0 0  0 0
   154  0.8074410546765499E-05   4   0 0  1 3  0 0  0 0
   155  0.1002349046874436E-05   4   0 0  0 4  0 0  0 0
   156  -.4290622813159222E-06   4   3 0  0 0  0 1  0 0
   157  -.4296570819103891E-06   4   2 1  0 0  0 1  0 0
   158  -.1483623579523351E-06   4   1 2  0 0  0 1  0 0
   159  -.1724275082791292E-05   4   0 3  0 0  0 1  0 0
   160  0.9728287142871266E-02   4   2 0  1 0  0 1  0 0
   161  0.1118548746856964E-01   4   1 1  1 0  0 1  0 0
   162  0.4904562535012871E-01   4   0 2  1 0  0 1  0 0
   163  0.1358769427117580E-05   4   1 0  2 0  0 1  0 0
   164  0.4356379934137102E-06   4   0 1  2 0  0 1  0 0
   165  0.2916732688315304E-02   4   0 0  3 0  0 1  0 0
   166  0.9780768343676880E-03   4   2 0  0 1  0 1  0 0
   167  0.4662204389459138E-02   4   1 1  0 1  0 1  0 0
   168  0.2556313999293101E-01   4   0 2  0 1  0 1  0 0
   169  0.9286223079117642E-06   4   1 0  1 1  0 1  0 0
   170  0.1368914094549900E-04   4   0 1  1 1  0 1  0 0
   171  0.5438871019516729E-02   4   0 0  2 1  0 1  0 0
   172  0.1568989669185013E-06   4   1 0  0 2  0 1  0 0
   173  0.1758751417465433E-05   4   0 1  0 2  0 1  0 0
   174  -.4688504574699573E-01   4   0 0  1 2  0 1  0 0
   175  0.2328020790680892E-03   4   0 0  0 3  0 1  0 0
   176  -.4276293981824735E-06   4   3 0  0 0  0 0  1 0
   177  -.4282222123992409E-06   4   2 1  0 0  0 0  1 0
   178  -.1478668916072237E-06   4   1 2  0 0  0 0  1 0
   179  -.1718516747017776E-05   4   0 3  0 0  0 0  1 0
   180  0.9695798855805767E-02   4   2 0  1 0  0 0  1 0
   181  0.1114813276033468E-01   4   1 1  1 0  0 0  1 0
   182  0.4888183409558575E-01   4   0 2  1 0  0 0  1 0
   183  0.1354231722734918E-05   4   1 0  2 0  0 0  1 0
   184  0.4341831502353627E-06   4   0 1  2 0  0 0  1 0
   185  0.2906992057978258E-02   4   0 0  3 0  0 0  1 0
   186  0.9748104792014896E-03   4   2 0  0 1  0 0  1 0
   187  0.4646634635777035E-02   4   1 1  0 1  0 0  1 0
   188  0.2547777012070269E-01   4   0 2  0 1  0 0  1 0
   189  0.9255211095536232E-06   4   1 0  1 1  0 0  1 0
   190  0.1364342511349427E-04   4   0 1  1 1  0 0  1 0
   191  0.5420707533961774E-02   4   0 0  2 1  0 0  1 0
   192  0.1563749919779388E-06   4   1 0  0 2  0 0  1 0
   193  0.1752877945590138E-05   4   0 1  0 2  0 0  1 0
   194  -.4672846989731799E-01   4   0 0  1 2  0 0  1 0
   195  0.2320246204404295E-03   4   0 0  0 3  0 0  1 0
   196  0.1714628978806531E-05   4   3 0  0 0  0 0  0 1
   197  0.8578792943096038E-06   4   2 1  0 0  0 0  0 1
   198  0.1969861441733992E-06   4   1 2  0 0  0 0  0 1
   199  0.1153082048544333E-05   4   0 3  0 0  0 0  0 1
   200  -.3860825868345549E-01   4   2 0  1 0  0 0  0 1
   201  -.2233362022890397E-01   4   1 1  1 0  0 0  0 1
   202  -.4892005903165296E-01   4   0 2  1 0  0 0  0 1
   203  -.5360754185727384E-05   4   1 0  2 0  0 0  0 1
   204  -.8698211436490668E-06   4   0 1  2 0  0 0  0 1
   205  -.1189062583007705E-01   4   0 0  3 0  0 0  0 1
   206  -.1952887313569343E-02   4   2 0  0 1  0 0  0 1
   207  -.6212472608545214E-02   4   1 1  0 1  0 0  0 1
   208  -.1717392041908652E-01   4   0 2  0 1  0 0  0 1
   209  -.1854143417465373E-05   4   1 0  1 1  0 0  0 1
   210  -.1376700938212995E-04   4   0 1  1 1  0 0  0 1
   211  -.1085957855347837E-01   4   0 0  2 1  0 0  0 1
   212  -.2099809113239499E-06   4   1 0  0 2  0 0  0 1
   213  -.1187565129284479E-05   4   0 1  0 2  0 0  0 1
   214  0.4605600307405740E-01   4   0 0  1 2  0 0  0 1
   215  -.2319987880406004E-03   4   0 0  0 3  0 0  0 1
   216  -.4178536609016634E-06   4   2 0  0 0  0 2  0 0
   217  -.7047300359332846E-05   4   1 1  0 0  0 2  0 0
   218  -.6749686826910177E-05   4   0 2  0 0  0 2  0 0
   219  -.1588567436828924E-06   4   1 0  1 0  0 2  0 0
   220  -.1394841732570133E-05   4   0 1  1 0  0 2  0 0
   221  -.8610822807713714E-06   4   0 0  2 0  0 2  0 0
   222  0.7553260846321267E-06   4   1 0  0 1  0 2  0 0
   223  -.6778168804441213E-06   4   0 1  0 1  0 2  0 0
   224  0.2166432635324038E-04   4   0 0  1 1  0 2  0 0
   225  0.1286689973062259E-05   4   0 0  0 2  0 2  0 0
   226  -.3411747174817555E-06   4   2 0  0 0  0 1  1 0
   227  -.5193961878522727E-05   4   1 1  0 0  0 1  1 0
   228  -.7829588792299637E-05   4   0 2  0 0  0 1  1 0
   229  -.1901899131661292E-06   4   1 0  1 0  0 1  1 0
   230  -.1670632085020089E-05   4   0 1  1 0  0 1  1 0
   231  -.8697622212298035E-06   4   0 0  2 0  0 1  1 0
   232  0.4517520760832990E-06   4   1 0  0 1  0 1  1 0
   233  -.9678699358687542E-06   4   0 1  0 1  0 1  1 0
   234  0.1942720575334393E-04   4   0 0  1 1  0 1  1 0
   235  0.1240902913605963E-05   4   0 0  0 2  0 1  1 0
   236  -.4158885214596913E-06   4   2 0  0 0  0 0  2 0
   237  -.7015092615588491E-05   4   1 1  0 0  0 0  2 0
   238  -.6714072055030207E-05   4   0 2  0 0  0 0  2 0
   239  -.1580086544336895E-06   4   1 0  1 0  0 0  2 0
   240  -.1387393966593023E-05   4   0 1  1 0  0 0  2 0
   241  -.8567543214841641E-06   4   0 0  2 0  0 0  2 0
   242  0.7520492923495866E-06   4   1 0  0 1  0 0  2 0
   243  -.6739371298780916E-06   4   0 1  0 1  0 0  2 0
   244  0.2155953759059690E-04   4   0 0  1 1  0 0  2 0
   245  0.1280320942487916E-05   4   0 0  0 2  0 0  2 0
   246  0.1013013444399884E-05   4   2 0  0 0  0 1  0 1
   247  0.9594408163407336E-05   4   1 1  0 0  0 1  0 1
   248  0.5721014785254201E-05   4   0 2  0 0  0 1  0 1
   249  0.2539571363767912E-06   4   1 0  1 0  0 1  0 1
   250  0.1115217752440802E-05   4   0 1  1 0  0 1  0 1
   251  0.1680625342967730E-05   4   0 0  2 0  0 1  0 1
   252  -.1007309399842238E-05   4   1 0  0 1  0 1  0 1
   253  0.3912777281981742E-06   4   0 1  0 1  0 1  0 1
   254  -.2312861652324373E-04   4   0 0  1 1  0 1  0 1
   255  -.1265801331926986E-05   4   0 0  0 2  0 1  0 1
   256  0.1009630416010658E-05   4   2 0  0 0  0 0  1 1
   257  0.9562366974443759E-05   4   1 1  0 0  0 0  1 1
   258  0.5701909061099497E-05   4   0 2  0 0  0 0  1 1
   259  0.2531090289733219E-06   4   1 0  1 0  0 0  1 1
   260  0.1111493405703319E-05   4   0 1  1 0  0 0  1 1
   261  0.1675012778516246E-05   4   0 0  2 0  0 0  1 1
   262  -.1003945420503919E-05   4   1 0  0 1  0 0  1 1
   263  0.3899710291904912E-06   4   0 1  0 1  0 0  1 1
   264  -.2305137691034991E-04   4   0 0  1 1  0 0  1 1
   265  -.1261574100921599E-05   4   0 0  0 2  0 0  1 1
   266  -.8477269381215236E-06   4   2 0  0 0  0 0  0 2
   267  -.4192175897456776E-06   4   1 1  0 0  0 0  0 2
   268  -.2581977423417646E-07   4   0 2  0 0  0 0  0 2
   269  -.1085406133711331E-10   4   1 0  1 0  0 0  0 2
   270  -.1434852738431920E-11   4   0 1  1 0  0 0  0 2
   271  -.7680393191880222E-06   4   0 0  2 0  0 0  0 2
   272  -.1816152309325413E-07   4   1 0  0 1  0 0  0 2
   273  -.5257256338428092E-13   4   0 1  0 1  0 0  0 2
   274  -.5347066673720981E-06   4   0 0  1 1  0 0  0 2
   275  -.2543831000861251E-07   4   0 0  0 2  0 0  0 2
   276  -.3069197047138375E-09   4   1 0  0 0  0 3  0 0
   277  -.7107596852028113E-06   4   0 1  0 0  0 3  0 0
   278  -.2502264814701929E-03   4   0 0  1 0  0 3  0 0
   279  0.5194129914581153E-02   4   0 0  0 1  0 3  0 0
   280  -.2927050289001338E-09   4   1 0  0 0  0 2  1 0
   281  -.4265013043474721E-06   4   0 1  0 0  0 2  1 0
   282  -.1493069602808215E-03   4   0 0  1 0  0 2  1 0
   283  0.3107450914613519E-02   4   0 0  0 1  0 2  1 0
   284  -.2927711036175035E-09   4   1 0  0 0  0 1  2 0
   285  -.4279133647466834E-06   4   0 1  0 0  0 1  2 0
   286  -.1498083157920400E-03   4   0 0  1 0  0 1  2 0
   287  0.3117816934626351E-02   4   0 0  0 1  0 1  2 0
   288  -.3048951218429909E-09   4   1 0  0 0  0 0  3 0
   289  -.7064894648640842E-06   4   0 1  0 0  0 0  3 0
   290  -.2487245353291619E-03   4   0 0  1 0  0 0  3 0
   291  0.5162939332473464E-02   4   0 0  0 1  0 0  3 0
   292  0.9269173060837090E-09   4   1 0  0 0  0 2  0 1
   293  0.8529560911407760E-06   4   0 1  0 0  0 2  0 1
   294  0.5992130044692607E-03   4   0 0  1 0  0 2  0 1
   295  -.6211377051167525E-02   4   0 0  0 1  0 2  0 1
   296  0.9104474239758663E-09   4   1 0  0 0  0 1  1 1
   297  0.5697005845073771E-06   4   0 1  0 0  0 1  1 1
   298  0.3980420053337599E-03   4   0 0  1 0  0 1  1 1
   299  -.4131569686692750E-02   4   0 0  0 1  0 1  1 1
   300  0.9223015535208373E-09   4   1 0  0 0  0 0  2 1
   301  0.8491563081117236E-06   4   0 1  0 0  0 0  2 1
   302  0.5965472468504031E-03   4   0 0  1 0  0 0  2 1
   303  -.6183734897130799E-02   4   0 0  0 1  0 0  2 1
   304  -.9358196874482122E-09   4   1 0  0 0  0 1  0 2
   305  0.5977082416057975E-10   4   0 1  0 0  0 1  0 2
   306  -.3973689364550031E-03   4   0 0  1 0  0 1  0 2
   307  -.2791365504262135E-04   4   0 0  0 1  0 1  0 2
   308  -.9326944529421741E-09   4   1 0  0 0  0 0  1 2
   309  0.5957121536411246E-10   4   0 1  0 0  0 0  1 2
   310  -.3960418954364911E-03   4   0 0  1 0  0 0  1 2
   311  -.2782043546298087E-04   4   0 0  0 1  0 0  1 2
   312  0.3179129006772708E-09   4   1 0  0 0  0 0  0 3
   313  -.1094573851492413E-10   4   0 1  0 0  0 0  0 3
   314  -.2326441717231419E-05   4   0 0  1 0  0 0  0 3
   315  0.7866626326881058E-07   4   0 0  0 1  0 0  0 3
   316  -.7621990281831178E-06   4   0 0  0 0  0 4  0 0
   317  -.4336297732545620E-06   4   0 0  0 0  0 3  1 0
   318  -.3901747786875010E-06   4   0 0  0 0  0 2  2 0
   319  -.4359500344064820E-06   4   0 0  0 0  0 1  3 0
   320  -.7563918997218626E-06   4   0 0  0 0  0 0  4 0
   321  0.8685169122316263E-06   4   0 0  0 0  0 3  0 1
   322  0.5177280750610287E-06   4   0 0  0 0  0 2  1 1
   323  0.5194707709070071E-06   4   0 0  0 0  0 1  2 1
   324  0.8633046127531599E-06   4   0 0  0 0  0 0  3 1
   325  0.2921626846963069E-08   4   0 0  0 0  0 2  0 2
   326  0.3510685178242885E-08   4   0 0  0 0  0 1  1 2
   327  0.2906007784387567E-08   4   0 0  0 0  0 0  2 2
   328  -.6601353757115860E-11   4   0 0  0 0  0 1  0 3
   329  -.6579308080139793E-11   4   0 0  0 0  0 0  1 3
   ----------------------------------------------------
     I  COEFFICIENT            ORDER EXPONENTS
     1  0.6311629157491167E-08   0   0 0  0 0  0 0  0 0
     2  -.5512076050584476E-08   1   1 0  0 0  0 0  0 0
     3  -.2262042707026908E-06   1   0 1  0 0  0 0  0 0
     4  0.2275902993208135E-07   1   0 0  1 0  0 0  0 0
     5  -.4681410235779637E-06   1   0 0  0 1  0 0  0 0
     6   1.000000000000000       1   0 0  0 0  1 0  0 0
     7  0.8474081293429556E-01   1   0 0  0 0  0 1  0 0
     8  -.8474081293273841E-01   1   0 0  0 0  0 0  1 0
     9  -.1557292275650591E-11   1   0 0  0 0  0 0  0 1
    10  -.2083456342955521E-03   2   2 0  0 0  0 0  0 0
    11  -.8389686927829477E-02   2   1 1  0 0  0 0  0 0
    12  -.8546482642173731E-01   2   0 2  0 0  0 0  0 0
    13  -.2043044940746480E-10   2   1 0  1 0  0 0  0 0
    14  -.1138414161144126E-05   2   0 1  1 0  0 0  0 0
    15  -.2079847947733927E-03   2   0 0  2 0  0 0  0 0
    16  -.1138418245448655E-05   2   1 0  0 1  0 0  0 0
    17  -.8207635424487008E-07   2   0 1  0 1  0 0  0 0
    18  0.8330501263695781E-02   2   0 0  1 1  0 0  0 0
    19  -.8486193052930341E-01   2   0 0  0 2  0 0  0 0
    20  0.1404240722037775E-07   2   1 0  0 0  0 1  0 0
    21  0.3405520154830644E-06   2   0 1  0 0  0 1  0 0
    22  -.3491335259917292E-07   2   0 0  1 0  0 1  0 0
    23  0.7013356747321499E-06   2   0 0  0 1  0 1  0 0
    24  0.8520148852716572E-08   2   1 0  0 0  0 0  1 0
    25  0.1147186168459905E-06   2   0 1  0 0  0 0  1 0
    26  -.1218935082997728E-07   2   0 0  1 0  0 0  1 0
    27  0.2339729600182916E-06   2   0 0  0 1  0 0  1 0
    28  -.2256246565182050E-07   2   1 0  0 0  0 0  0 1
    29  -.2290657226726944E-06   2   0 1  0 0  0 0  0 1
    30  0.4710235416400909E-07   2   0 0  1 0  0 0  0 1
    31  -.4671631037960639E-06   2   0 0  0 1  0 0  0 1
    32  -.6366191137710764E-01   2   0 0  0 0  0 2  0 0
    33  0.4258300981757710E-01   2   0 0  0 0  0 1  1 0
    34  0.2107890155718671E-01   2   0 0  0 0  0 0  2 0
    35  0.2342098294041781E-11   2   0 0  0 0  0 1  0 1
    36  0.7873684215742929E-12   2   0 0  0 0  0 0  1 1
    37  -.7860978709983912E-12   2   0 0  0 0  0 0  0 2
    38  -.1111310500443684E-06   3   3 0  0 0  0 0  0 0
    39  -.7478989772858480E-06   3   2 1  0 0  0 0  0 0
    40  -.1310022771453365E-05   3   1 2  0 0  0 0  0 0
    41  -.4378930975569126E-06   3   0 3  0 0  0 0  0 0
    42  0.5474068245410760E-06   3   2 0  1 0  0 0  0 0
    43  -.7803998916060965E-05   3   1 1  1 0  0 0  0 0
    44  0.3932148524073685E-05   3   0 2  1 0  0 0  0 0
    45  -.2570274007560700E-06   3   1 0  2 0  0 0  0 0
    46  0.4950608596687158E-06   3   0 1  2 0  0 0  0 0
    47  0.2702039068369310E-07   3   0 0  3 0  0 0  0 0
    48  -.3960191154357581E-05   3   2 0  0 1  0 0  0 0
    49  0.6754216395108326E-07   3   1 1  0 1  0 0  0 0
    50  -.5638522592437697E-06   3   0 2  0 1  0 0  0 0
    51  0.1003587742865763E-05   3   1 0  1 1  0 0  0 0
    52  -.1706838582207901E-07   3   0 1  1 1  0 0  0 0
    53  0.4618751224483439E-05   3   0 0  2 1  0 0  0 0
    54  0.1169884995179273E-05   3   1 0  0 2  0 0  0 0
    55  -.2149443488091902E-06   3   0 1  0 2  0 0  0 0
    56  -.3513638862108464E-05   3   0 0  1 2  0 0  0 0
    57  -.1114504296341485E-05   3   0 0  0 3  0 0  0 0
    58  0.3124241529117708E-03   3   2 0  0 0  0 1  0 0
    59  0.1259190680075285E-01   3   1 1  0 0  0 1  0 0
    60  0.1282733359555430       3   0 2  0 0  0 1  0 0
    61  0.1227745687874909E-09   3   1 0  1 0  0 1  0 0
    62  0.1706554310569147E-05   3   0 1  1 0  0 1  0 0
    63  0.3117024610049874E-03   3   0 0  2 0  0 1  0 0
    64  0.1705559260429749E-05   3   1 0  0 1  0 1  0 0
    65  0.1595327177042809E-06   3   0 1  0 1  0 1  0 0
    66  -.1247353793707004E-01   3   0 0  1 1  0 1  0 0
    67  0.1270676026763280       3   0 0  0 2  0 1  0 0
    68  0.1044237741155738E-03   3   2 0  0 0  0 0  1 0
    69  0.4216110856012242E-02   3   1 1  0 0  0 0  1 0
    70  0.4295001383307088E-01   3   0 2  0 0  0 0  1 0
    71  0.6119839822764103E-10   3   1 0  1 0  0 0  1 0
    72  0.5700729366951909E-06   3   0 1  1 0  0 0  1 0
    73  0.1040630175828083E-03   3   0 0  2 0  0 0  1 0
    74  0.5695451858074890E-06   3   1 0  0 1  0 0  1 0
    75  0.7930174354891895E-07   3   0 1  0 1  0 0  1 0
    76  -.4156930170949875E-02   3   0 0  1 1  0 0  1 0
    77  0.4234718921267717E-01   3   0 0  0 2  0 0  1 0
    78  -.4168466149351488E-03   3   2 0  0 0  0 0  0 1
    79  -.8418331417870023E-02   3   1 1  0 0  0 0  0 1
    80  -.2937119683862506E-03   3   0 2  0 0  0 0  0 1
    81  -.1723412827116806E-09   3   1 0  1 0  0 0  0 1
    82  -.1138240403031355E-05   3   0 1  1 0  0 0  0 1
    83  -.4157643141891230E-03   3   0 0  2 0  0 0  0 1
    84  -.1137783270057881E-05   3   1 0  0 1  0 0  0 1
    85  -.8215538811093403E-07   3   0 1  0 1  0 0  0 1
    86  0.8299972414167418E-02   3   0 0  1 1  0 0  0 1
    87  0.3090284003611132E-03   3   0 0  0 2  0 0  0 1
    88  -.1900076871467030E-07   3   1 0  0 0  0 2  0 0
    89  -.4265827006261232E-06   3   0 1  0 0  0 2  0 0
    90  0.4384968042986257E-07   3   0 0  1 0  0 2  0 0
    91  -.8761339024110908E-06   3   0 0  0 1  0 2  0 0
    92  -.9940603652770228E-08   3   1 0  0 0  0 1  1 0
    93  -.1722534622700196E-06   3   0 1  0 0  0 1  1 0
    94  0.1789473260250832E-07   3   0 0  1 0  0 1  1 0
    95  -.3499950835498829E-06   3   0 0  0 1  0 1  1 0
    96  -.4977024519699992E-08   3   1 0  0 0  0 0  2 0
    97  -.8640521254968752E-07   3   0 1  0 0  0 0  2 0
    98  0.8975519763044617E-08   3   0 0  1 0  0 0  2 0
    99  -.1755789870548010E-06   3   0 0  0 1  0 0  2 0
   100  0.3389993455423859E-07   3   1 0  0 0  0 1  0 1
   101  0.3443167786319927E-06   3   0 1  0 0  0 1  0 1
   102  -.7068167888304968E-07   3   0 0  1 0  0 1  0 1
   103  0.6996053898253735E-06   3   0 0  0 1  0 1  0 1
   104  0.1137470392172698E-07   3   1 0  0 0  0 0  1 1
   105  0.1156285931962742E-06   3   0 1  0 0  0 0  1 1
   106  -.2365735618170686E-07   3   0 0  1 0  0 0  1 1
   107  0.2332209422775848E-06   3   0 0  0 1  0 0  1 1
   108  -.1135613287044557E-07   3   1 0  0 0  0 0  0 2
   109  -.9069583824973156E-09   3   0 1  0 0  0 0  0 2
   110  0.2361851371923700E-07   3   0 0  1 0  0 0  0 2
   111  0.7500682445946718E-09   3   0 0  0 1  0 0  0 2
   112  0.5306945279945507E-01   3   0 0  0 0  0 3  0 0
   113  -.3188455320639813E-01   3   0 0  0 0  0 2  1 0
   114  -.1069846010923420E-01   3   0 0  0 0  0 1  2 0
   115  -.1048644883829954E-01   3   0 0  0 0  0 0  3 0
   116  -.1660060771785592E-09   3   0 0  0 0  0 2  0 1
   117  -.7313399817786665E-10   3   0 0  0 0  0 1  1 1
   118  -.3666009072264756E-10   3   0 0  0 0  0 0  2 1
   119  -.6295010581005899E-13   3   0 0  0 0  0 1  0 2
   120  -.3115897968213180E-13   3   0 0  0 0  0 0  1 2
   121  0.4393159808160199E-15   3   0 0  0 0  0 0  0 3
   122  -.8645615407147219E-03   4   4 0  0 0  0 0  0 0
   123  -.2569541393183957E-02   4   3 1  0 0  0 0  0 0
   124  -.2710433714713448E-01   4   2 2  0 0  0 0  0 0
   125  -.1727414571266121E-01   4   1 3  0 0  0 0  0 0
   126  -.6562143522373565E-01   4   0 4  0 0  0 0  0 0
   127  0.4106387658989509E-06   4   3 0  1 0  0 0  0 0
   128  -.3409788137592058E-07   4   2 1  1 0  0 0  0 0
   129  -.2341238612905116E-06   4   1 2  1 0  0 0  0 0
   130  -.1731024487371416E-05   4   0 3  1 0  0 0  0 0
   131  -.4745589321459436E-02   4   2 0  2 0  0 0  0 0
   132  -.2382820350279035E-02   4   1 1  2 0  0 0  0 0
   133  -.2499590127842712E-01   4   0 2  2 0  0 0  0 0
   134  -.4487764975669873E-06   4   1 0  3 0  0 0  0 0
   135  -.8053481026513761E-08   4   0 1  3 0  0 0  0 0
   136  -.7246447255669501E-03   4   0 0  4 0  0 0  0 0
   137  -.8664319880750035E-08   4   3 0  0 1  0 0  0 0
   138  -.6923404286400091E-05   4   2 1  0 1  0 0  0 0
   139  -.2915448569158190E-05   4   1 2  0 1  0 0  0 0
   140  -.4688951136112028E-06   4   0 3  0 1  0 0  0 0
   141  -.2442172776956751E-02   4   2 0  1 1  0 0  0 0
   142  -.7747680969227691E-03   4   1 1  1 1  0 0  0 0
   143  0.8156398919342160E-02   4   0 2  1 1  0 0  0 0
   144  -.3245019106306497E-07   4   1 0  2 1  0 0  0 0
   145  -.6476271857159866E-05   4   0 1  2 1  0 0  0 0
   146  -.2262922874997100E-02   4   0 0  3 1  0 0  0 0
   147  0.2414395008618375E-01   4   2 0  0 2  0 0  0 0
   148  -.8569765178372234E-02   4   1 1  0 2  0 0  0 0
   149  -.1277783367106111       4   0 2  0 2  0 0  0 0
   150  0.2139134454600960E-06   4   1 0  1 2  0 0  0 0
   151  -.2778409172794505E-05   4   0 1  1 2  0 0  0 0
   152  0.2218353795639358E-01   4   0 0  2 2  0 0  0 0
   153  -.1684446713983536E-05   4   1 0  0 3  0 0  0 0
   154  -.4641685494505306E-06   4   0 1  0 3  0 0  0 0
   155  0.1618188216341389E-01   4   0 0  1 3  0 0  0 0
   156  -.6217494197330879E-01   4   0 0  0 4  0 0  0 0
   157  0.1393533501414239E-06   4   3 0  0 0  0 1  0 0
   158  0.3305776996398228E-05   4   2 1  0 0  0 1  0 0
   159  0.2538658137375065E-05   4   1 2  0 0  0 1  0 0
   160  0.1486062755115474E-04   4   0 3  0 0  0 1  0 0
   161  0.7093439477002961E-06   4   2 0  1 0  0 1  0 0
   162  0.1228296273575717E-04   4   1 1  1 0  0 1  0 0
   163  -.6281873112399454E-05   4   0 2  1 0  0 1  0 0
   164  0.9508767019553363E-07   4   1 0  2 0  0 1  0 0
   165  0.1435643077348587E-05   4   0 1  2 0  0 1  0 0
   166  0.9255058695365162E-06   4   0 0  3 0  0 1  0 0
   167  -.1000509266808523E-04   4   2 0  0 1  0 1  0 0
   168  0.7144542903571739E-05   4   1 1  0 1  0 1  0 0
   169  0.1074792729022312E-03   4   0 2  0 1  0 1  0 0
   170  -.1679039580417034E-05   4   1 0  1 1  0 1  0 0
   171  -.9285662010301251E-06   4   0 1  1 1  0 1  0 0
   172  -.2096600752555290E-04   4   0 0  2 1  0 1  0 0
   173  0.8546072996490645E-06   4   1 0  0 2  0 1  0 0
   174  0.1444107076515074E-04   4   0 1  0 2  0 1  0 0
   175  -.1766869379392184E-04   4   0 0  1 2  0 1  0 0
   176  0.1044062738198175E-03   4   0 0  0 3  0 1  0 0
   177  0.6680151577291696E-07   4   3 0  0 0  0 0  1 0
   178  0.1543344891902145E-05   4   2 1  0 0  0 0  1 0
   179  0.1568327237983770E-05   4   1 2  0 0  0 0  1 0
   180  0.8940470433668860E-05   4   0 3  0 0  0 0  1 0
   181  0.3728586408958835E-06   4   2 0  1 0  0 0  1 0
   182  0.4124339674933089E-05   4   1 1  1 0  0 0  1 0
   183  -.3480398389003824E-05   4   0 2  1 0  0 0  1 0
   184  0.4969337616252316E-07   4   1 0  2 0  0 0  1 0
   185  0.8610968691044976E-06   4   0 1  2 0  0 0  1 0
   186  0.4286823819020981E-06   4   0 0  3 0  0 0  1 0
   187  -.5990142949279759E-05   4   2 0  0 1  0 0  1 0
   188  0.4296941810550012E-05   4   1 1  0 1  0 0  1 0
   189  0.6443196081393795E-04   4   0 2  0 1  0 0  1 0
   190  -.5580638930911335E-06   4   1 0  1 1  0 0  1 0
   191  -.5547781847427012E-06   4   0 1  1 1  0 0  1 0
   192  -.9261136431552609E-05   4   0 0  2 1  0 0  1 0
   193  0.4766527141518034E-06   4   1 0  0 2  0 0  1 0
   194  0.8657610800247613E-05   4   0 1  0 2  0 0  1 0
   195  -.1081682222163619E-04   4   0 0  1 2  0 0  1 0
   196  0.6236203718534608E-04   4   0 0  0 3  0 0  1 0
   197  -.1478523708378508E-06   4   3 0  0 0  0 0  0 1
   198  -.1854857098566922E-05   4   2 1  0 0  0 0  0 1
   199  -.9940638366089596E-06   4   1 2  0 0  0 0  0 1
   200  -.1155971568713617E-06   4   0 3  0 0  0 0  0 1
   201  -.6730118524892909E-06   4   2 0  1 0  0 0  0 1
   202  -.8105382966158270E-05   4   1 1  1 0  0 0  0 1
   203  0.2797449429797065E-05   4   0 2  1 0  0 0  0 1
   204  -.9071112649937855E-07   4   1 0  2 0  0 0  0 1
   205  -.5878004858157191E-06   4   0 1  2 0  0 0  0 1
   206  -.9750317158424731E-06   4   0 0  3 0  0 0  0 1
   207  0.3896413081819583E-05   4   2 0  0 1  0 0  0 1
   208  -.2884202534163113E-05   4   1 1  0 1  0 0  0 1
   209  -.1674643175321770E-06   4   0 2  0 1  0 0  0 1
   210  0.1131755052760235E-05   4   1 0  1 1  0 0  0 1
   211  0.3677986289895180E-06   4   0 1  1 1  0 0  0 1
   212  0.1108055963642082E-04   4   0 0  2 1  0 0  0 1
   213  -.3807342703765070E-06   4   1 0  0 2  0 0  0 1
   214  0.2114657964906085E-07   4   0 1  0 2  0 0  0 1
   215  0.6674746990086379E-05   4   0 0  1 2  0 0  0 1
   216  0.8281208113156693E-06   4   0 0  0 3  0 0  0 1
   217  -.3905587347394789E-03   4   2 0  0 0  0 2  0 0
   218  -.1575232291909331E-01   4   1 1  0 0  0 2  0 0
   219  -.1604695910038370       4   0 2  0 0  0 2  0 0
   220  -.1703005050497187E-09   4   1 0  1 0  0 2  0 0
   221  -.2132787176903659E-05   4   0 1  1 0  0 2  0 0
   222  -.3894767299936699E-03   4   0 0  2 0  0 2  0 0
   223  -.2132294350305073E-05   4   1 0  0 1  0 2  0 0
   224  -.2453068816427618E-06   4   0 1  0 1  0 2  0 0
   225  0.1557478518696133E-01   4   0 0  1 1  0 2  0 0
   226  -.1586611283272852       4   0 0  0 2  0 2  0 0
   227  -.1564460905580881E-03   4   2 0  0 0  0 1  1 0
   228  -.6327883153051690E-02   4   1 1  0 0  0 1  1 0
   229  -.6446432864613921E-01   4   0 2  0 0  0 1  1 0
   230  -.1024345679185606E-09   4   1 0  1 0  0 1  1 0
   231  -.8534706458399773E-06   4   0 1  1 0  0 1  1 0
   232  -.1557253021280892E-03   4   0 0  2 0  0 1  1 0
   233  -.8538068580776902E-06   4   1 0  0 1  0 1  1 0
   234  -.1676875570995965E-06   4   0 1  0 1  0 1  1 0
   235  0.6209542083523637E-02   4   0 0  1 1  0 1  1 0
   236  -.6325885595199233E-01   4   0 0  0 2  0 1  1 0
   237  -.7848115333695026E-04   4   2 0  0 0  0 0  2 0
   238  -.3174307291689644E-02   4   1 1  0 0  0 0  2 0
   239  -.3233775674556709E-01   4   0 2  0 0  0 0  2 0
   240  -.5338159608474442E-10   4   1 0  1 0  0 0  2 0
   241  -.4281319407216304E-06   4   0 1  1 0  0 0  2 0
   242  -.7812077018933129E-04   4   0 0  2 0  0 0  2 0
   243  -.4283312169959909E-06   4   1 0  0 1  0 0  2 0
   244  -.8385656629556916E-07   4   0 1  0 1  0 0  2 0
   245  0.3115137834584829E-02   4   0 0  1 1  0 0  2 0
   246  -.3173503013095764E-01   4   0 0  0 2  0 0  2 0
   247  0.6251421036204106E-03   4   2 0  0 0  0 1  0 1
   248  0.1264871467135022E-01   4   1 1  0 0  0 1  0 1
   249  0.5834732548149652E-03   4   0 2  0 0  0 1  0 1
   250  0.3290230334287298E-09   4   1 0  1 0  0 1  0 1
   251  0.1706182778933330E-05   4   0 1  1 0  0 1  0 1
   252  0.6229787163124880E-03   4   0 0  2 0  0 1  0 1
   253  0.1705873342459787E-05   4   1 0  0 1  0 1  0 1
   254  0.1642820202667745E-06   4   0 1  0 1  0 1  0 1
   255  -.1241202685708791E-01   4   0 0  1 1  0 1  0 1
   256  -.6217786131484282E-03   4   0 0  0 2  0 1  0 1
   257  0.2089873106064125E-03   4   2 0  0 0  0 0  1 1
   258  0.4244275308423282E-02   4   1 1  0 0  0 0  1 1
   259  0.2897712043160077E-03   4   0 2  0 0  0 0  1 1
   260  0.1567321247329606E-09   4   1 0  1 0  0 0  1 1
   261  0.5698342310884185E-06   4   0 1  1 0  0 0  1 1
   262  0.2079062320602539E-03   4   0 0  2 0  0 0  1 1
   263  0.5699799128168102E-06   4   1 0  0 1  0 0  1 1
   264  0.8212581193212386E-07   4   0 1  0 1  0 0  1 1
   265  -.4125947717056533E-02   4   0 0  1 1  0 0  1 1
   266  -.3127343370297822E-03   4   0 0  0 2  0 0  1 1
   267  -.2086420901902556E-03   4   2 0  0 0  0 0  0 2
   268  -.2816359849840284E-04   4   1 1  0 0  0 0  0 2
   269  0.3945528489286451E-05   4   0 2  0 0  0 0  0 2
   270  -.1596718234161889E-09   4   1 0  1 0  0 0  0 2
   271  0.1951756798681983E-09   4   0 1  1 0  0 0  0 2
   272  -.2075608989750502E-03   4   0 0  2 0  0 0  0 2
   273  0.1852462271610631E-09   4   1 0  0 1  0 0  0 2
   274  0.3051947540374980E-10   4   0 1  0 1  0 0  0 2
   275  -.3098684358980725E-04   4   0 0  1 1  0 0  0 2
   276  0.3713379156141921E-05   4   0 0  0 2  0 0  0 2
   277  0.4150737982667841E-06   4   1 0  0 0  0 3  0 0
   278  0.8485305963019580E-05   4   0 1  0 0  0 3  0 0
   279  -.3047564726709064E-05   4   0 0  1 0  0 3  0 0
   280  0.6208777618451825E-04   4   0 0  0 1  0 3  0 0
   281  0.1806652597063766E-06   4   1 0  0 0  0 2  1 0
   282  0.3655872894189761E-05   4   0 1  0 0  0 2  1 0
   283  -.1300270278421591E-05   4   0 0  1 0  0 2  1 0
   284  0.2648564252247726E-04   4   0 0  0 1  0 2  1 0
   285  0.1083409287631406E-06   4   1 0  0 0  0 1  2 0
   286  0.2198115128547246E-05   4   0 1  0 0  0 1  2 0
   287  -.7798018427816355E-06   4   0 0  1 0  0 1  2 0
   288  0.1588493902329260E-04   4   0 0  0 1  0 1  2 0
   289  0.6053016584687111E-07   4   1 0  0 0  0 0  3 0
   290  0.1224998759067312E-05   4   0 1  0 0  0 0  3 0
   291  -.4357432428882867E-06   4   0 0  1 0  0 0  3 0
   292  0.8875817291599444E-05   4   0 0  0 1  0 0  3 0
   293  -.3583344264239170E-06   4   1 0  0 0  0 2  0 1
   294  -.2739626720164739E-07   4   0 1  0 0  0 2  0 1
   295  0.2604559884947669E-05   4   0 0  1 0  0 2  0 1
   296  0.2145786043008401E-06   4   0 0  0 1  0 2  0 1
   297  -.1445008352001102E-06   4   1 0  0 0  0 1  1 1
   298  -.2138836092691282E-07   4   0 1  0 0  0 1  1 1
   299  0.1034300239563261E-05   4   0 0  1 0  0 1  1 1
   300  0.1703547787188338E-06   4   0 0  0 1  0 1  1 1
   301  -.7248483279331035E-07   4   1 0  0 0  0 0  2 1
   302  -.1068620262376148E-07   4   0 1  0 0  0 0  2 1
   303  0.5188940618271874E-06   4   0 0  1 0  0 0  2 1
   304  0.8510780916377114E-07   4   0 0  0 1  0 0  2 1
   305  0.7829961830784624E-09   4   1 0  0 0  0 1  0 2
   306  -.2113568229963821E-09   4   0 1  0 0  0 1  0 2
   307  0.6101315944447329E-08   4   0 0  1 0  0 1  0 2
   308  -.1512524184498346E-08   4   0 0  0 1  0 1  0 2
   309  0.4727060434129283E-09   4   1 0  0 0  0 0  1 2
   310  -.1502803812306287E-09   4   0 1  0 0  0 0  1 2
   311  0.3767774907290710E-08   4   0 0  1 0  0 0  1 2
   312  -.1065301585404104E-08   4   0 0  0 1  0 0  1 2
   313  0.9196091969727870E-12   4   1 0  0 0  0 0  0 3
   314  0.8726854274594195E-13   4   0 1  0 0  0 0  0 3
   315  -.6600796468222675E-11   4   0 0  1 0  0 0  0 3
   316  -.6521325907458751E-12   4   0 0  0 1  0 0  0 3
   317  -.4644245755452912E-01   4   0 0  0 0  0 4  0 0
   318  0.2656144779460496E-01   4   0 0  0 0  0 3  1 0
   319  0.7984643825252370E-02   4   0 0  0 0  0 2  2 0
   320  0.5375359460050899E-02   4   0 0  0 0  0 1  3 0
   321  0.6520994385595689E-02   4   0 0  0 0  0 0  4 0
   322  0.6997177556289655E-10   4   0 0  0 0  0 3  0 1
   323  -.6784485351056911E-10   4   0 0  0 0  0 2  1 1
   324  -.3135390599320128E-10   4   0 0  0 0  0 1  2 1
   325  -.2239515853119877E-10   4   0 0  0 0  0 0  3 1
   326  0.1249032090764488E-12   4   0 0  0 0  0 2  0 2
   327  0.1327345016190858E-12   4   0 0  0 0  0 1  1 2
   328  0.7620651657716894E-13   4   0 0  0 0  0 0  2 2
   329  -.1638286920958047E-15   4   0 0  0 0  0 1  0 3
   330  0.2731050533829212E-15   4   0 0  0 0  0 0  1 3
   ----------------------------------------------------
     I  COEFFICIENT            ORDER EXPONENTS
     1   1.000000000000000       1   0 0  0 0  0 1  0 0
     --------------------------------------------------
     I  COEFFICIENT            ORDER EXPONENTS
     1   1.000000000000000       1   0 0  0 0  0 0  1 0
     --------------------------------------------------
     I  COEFFICIENT            ORDER EXPONENTS
     1   1.000000000000000       1   0 0  0 0  0 0  0 1
     --------------------------------------------------
