     I  COEFFICIENT            ORDER EXPONENTS
     1  0.7914241692396516       1   1 0  0 0  0 0  0 0
     2  0.2819243271221488       1   0 1  0 0  0 0  0 0
     3  0.1007902014716391       2   1 0  0 0  0 1  0 0
     4  -.1318754872251526       2   0 1  0 0  0 1  0 0
     5  0.1004536056299752       2   1 0  0 0  0 0  1 0
     6  -.1314350799239544       2   0 1  0 0  0 0  1 0
     7  -.2012438071016144       2   1 0  0 0  0 0  0 1
     8  -.1861375997304192E-01   2   0 1  0 0  0 0  0 1
     9  0.6635627994658300E-01   3   3 0  0 0  0 0  0 0
    10  -.2934508952264515       3   2 1  0 0  0 0  0 0
    11  -.3173862674849527       3   1 2  0 0  0 0  0 0
    12  0.1055427820341775       3   0 3  0 0  0 0  0 0
    13  -.4223089680328838       3   1 0  2 0  0 0  0 0
    14  -.7485655689236461       3   0 1  2 0  0 0  0 0
    15  -.2651014640579974       3   1 0  1 1  0 0  0 0
    16  -.4957919833028002E-01   3   0 1  1 1  0 0  0 0
    17  -.2154287125944142       3   1 0  0 2  0 0  0 0
    18  0.1152910787872363       3   0 1  0 2  0 0  0 0
    19  -.7373447999998989E-01   3   1 0  0 0  0 2  0 0
    20  0.9424848508586495E-01   3   0 1  0 0  0 2  0 0
    21  -.4685834334567648E-01   3   1 0  0 0  0 1  1 0
    22  0.5687132812274337E-01   3   0 1  0 0  0 1  1 0
    23  -.7340999527194678E-01   3   1 0  0 0  0 0  2 0
    24  0.9383877289323050E-01   3   0 1  0 0  0 0  2 0
    25  0.9353710187401743E-01   3   1 0  0 0  0 1  0 1
    26  0.1838267615583185E-01   3   0 1  0 0  0 1  0 1
    27  0.9322472825959496E-01   3   1 0  0 0  0 0  1 1
    28  0.1832128593870402E-01   3   0 1  0 0  0 0  1 1
    29  0.7240988484001044E-02   3   1 0  0 0  0 0  0 2
    30  0.2617789257739491E-03   3   0 1  0 0  0 0  0 2
    31  -.6434364520728764E-03   4   3 0  0 0  0 1  0 0
    32  0.1266311808742461       4   2 1  0 0  0 1  0 0
    33  0.4263558622790683       4   1 2  0 0  0 1  0 0
    34  -.1392337875666176       4   0 3  0 0  0 1  0 0
    35  0.4473832172474967       4   1 0  2 0  0 1  0 0
    36  0.7737793633015221       4   0 1  2 0  0 1  0 0
    37  0.3925827640053057       4   1 0  1 1  0 1  0 0
    38  0.1004275281242176       4   0 1  1 1  0 1  0 0
    39  0.3227814534052880       4   1 0  0 2  0 1  0 0
    40  -.1543298971151039       4   0 1  0 2  0 1  0 0
    41  -.6412876515842214E-03   4   3 0  0 0  0 0  1 0
    42  0.1262082872964491       4   2 1  0 0  0 0  1 0
    43  0.4249320174189856       4   1 2  0 0  0 0  1 0
    44  -.1387688067130254       4   0 3  0 0  0 0  1 0
    45  0.4458891500826643       4   1 0  2 0  0 0  1 0
    46  0.7711952736554093       4   0 1  2 0  0 0  1 0
    47  0.3912717067403739       4   1 0  1 1  0 0  1 0
    48  0.1000921434552557       4   0 1  1 1  0 0  1 0
    49  0.3217035024398558       4   1 0  0 2  0 0  1 0
    50  -.1538145017606463       4   0 1  0 2  0 0  1 0
    51  0.1284724103657986E-02   4   3 0  0 0  0 0  0 1
    52  0.4061142705575671E-01   4   2 1  0 0  0 0  0 1
    53  -.2165153447281486       4   1 2  0 0  0 0  0 1
    54  -.3862575182288946E-01   4   0 3  0 0  0 0  0 1
    55  -.8932723673301552       4   1 0  2 0  0 0  0 1
    56  -.7964090680332853       4   0 1  2 0  0 0  0 1
    57  -.5187530066876800       4   1 0  1 1  0 0  0 1
    58  -.1013612749189120       4   0 1  1 1  0 0  0 1
    59  -.2136275306563153       4   1 0  0 2  0 0  0 1
    60  -.3772883748595869E-01   4   0 1  0 2  0 0  0 1
    61  0.6024034088757324E-01   4   1 0  0 0  0 3  0 0
    62  -.7549892536767125E-01   4   0 1  0 0  0 3  0 0
    63  0.3329750177717286E-01   4   1 0  0 0  0 2  1 0
    64  -.3806282868352322E-01   4   0 1  0 0  0 2  1 0
    65  0.3343146022067206E-01   4   1 0  0 0  0 1  2 0
    66  -.3824909630291225E-01   4   0 1  0 0  0 1  2 0
    67  0.5988316286357007E-01   4   1 0  0 0  0 0  3 0
    68  -.7505738148609145E-01   4   0 1  0 0  0 0  3 0
    69  -.6654956443991294E-01   4   1 0  0 0  0 2  0 1
    70  -.1818585047105790E-01   4   0 1  0 0  0 2  0 1
    71  -.3974123730433678E-01   4   1 0  0 0  0 1  1 1
    72  -.1799013439535922E-01   4   0 1  0 0  0 1  1 1
    73  -.6626095826748854E-01   4   1 0  0 0  0 0  2 1
    74  -.1809507791850498E-01   4   0 1  0 0  0 0  2 1
    75  -.7116918781936134E-02   4   1 0  0 0  0 1  0 2
    76  -.3930965650102590E-03   4   0 1  0 0  0 1  0 2
    77  -.7093151339937973E-02   4   1 0  0 0  0 0  1 2
    78  -.3917837918713850E-03   4   0 1  0 0  0 0  1 2
    79  -.9063561537595802E-04   4   1 0  0 0  0 0  0 3
    80  -.1521401467653488E-06   4   0 1  0 0  0 0  0 3
    ---------------------------------------------------
     I  COEFFICIENT            ORDER EXPONENTS
     1  -1.325347776733877       1   1 0  0 0  0 0  0 0
     2  0.7914241744145302       1   0 1  0 0  0 0  0 0
     3  -.5407579372547382E-01   2   1 0  0 0  0 1  0 0
     4  0.1007901997952945       2   0 1  0 0  0 1  0 0
     5  -.5389520387609460E-01   2   1 0  0 0  0 0  1 0
     6  0.1004536039592293       2   0 1  0 0  0 0  1 0
     7  -1.217376779132308       2   1 0  0 0  0 0  0 1
     8  -.2012438037545240       2   0 1  0 0  0 0  0 1
     9  -1.254664814244838       3   3 0  0 0  0 0  0 0
    10  -1.048470707096500       3   2 1  0 0  0 0  0 0
    11  0.4514670473079931       3   1 2  0 0  0 0  0 0
    12  -.1734256015268699E-01   3   0 3  0 0  0 0  0 0
    13  -6.524055887520047       3   1 0  2 0  0 0  0 0
    14  -.6481415133136845       3   0 1  2 0  0 0  0 0
    15  -2.720267353523312       3   1 0  1 1  0 0  0 0
    16  -.6208960111685679       3   0 1  1 1  0 0  0 0
    17  -.7982018872504786       3   1 0  0 2  0 0  0 0
    18  -.2619806389572985       3   0 1  0 2  0 0  0 0
    19  0.3982953295349700E-01   3   1 0  0 0  0 2  0 0
    20  -.7373447916831706E-01   3   0 1  0 0  0 2  0 0
    21  0.2567782183355687E-01   3   1 0  0 0  0 1  1 0
    22  -.4685834335305233E-01   3   0 1  0 0  0 1  1 0
    23  0.3965364304619657E-01   3   1 0  0 0  0 0  2 0
    24  -.7340999444303914E-01   3   0 1  0 0  0 0  2 0
    25  -.1053368877405509       3   1 0  0 0  0 1  0 1
    26  0.9353710189439210E-01   3   0 1  0 0  0 1  0 1
    27  -.1049851079259500       3   1 0  0 0  0 0  1 1
    28  0.9322472827990159E-01   3   0 1  0 0  0 0  1 1
    29  0.1051609978332505       3   1 0  0 0  0 0  0 2
    30  0.7240986790115116E-02   3   0 1  0 0  0 0  0 2
    31  0.3282780794431918       4   3 0  0 0  0 1  0 0
    32  0.8961120158173799       4   2 1  0 0  0 1  0 0
    33  -.3451360314920611       4   1 2  0 0  0 1  0 0
    34  0.3345990286457751E-01   4   0 3  0 0  0 1  0 0
    35   3.547134813920439       4   1 0  2 0  0 1  0 0
    36  0.7949721978522126       4   0 1  2 0  0 1  0 0
    37   2.671177081441833       4   1 0  1 1  0 1  0 0
    38  0.9602768641362871       4   0 1  1 1  0 1  0 0
    39  0.8303941121872346       4   1 0  0 2  0 1  0 0
    40  0.4173982000410536       4   0 1  0 2  0 1  0 0
    41  0.3271817721153308       4   3 0  0 0  0 0  1 0
    42  0.8931193878259192       4   2 1  0 0  0 0  1 0
    43  -.3439834258685744       4   1 2  0 0  0 0  1 0
    44  0.3334816120713208E-01   4   0 3  0 0  0 0  1 0
    45   3.535288912128863       4   1 0  2 0  0 0  1 0
    46  0.7923173332708515       4   0 1  2 0  0 0  1 0
    47   2.662256501019994       4   1 0  1 1  0 0  1 0
    48  0.9570699532005527       4   0 1  1 1  0 0  1 0
    49  0.8276209536755629       4   1 0  0 2  0 0  1 0
    50  0.4160042699129213       4   0 1  0 2  0 0  1 0
    51  -1.910124665803360       4   3 0  0 0  0 0  0 1
    52  -1.789231403643300       4   2 1  0 0  0 0  0 1
    53  0.2376524100526411       4   1 2  0 0  0 0  0 1
    54  -.3212294376633540E-01   4   0 3  0 0  0 0  0 1
    55  -13.60647961356935       4   1 0  2 0  0 0  0 1
    56  -1.587289531123067       4   0 1  2 0  0 0  0 1
    57  -5.333433582461834       4   1 0  1 1  0 0  0 1
    58  -1.296450806168263       4   0 1  1 1  0 0  0 1
    59  -.8598131786123193       4   1 0  0 2  0 0  0 1
    60  -.3094411920393773       4   0 1  0 2  0 0  0 1
    61  -.3272273409976034E-01   4   1 0  0 0  0 3  0 0
    62  0.6024034046112741E-01   4   0 1  0 0  0 3  0 0
    63  -.1853307671262093E-01   4   1 0  0 0  0 2  1 0
    64  0.3329750215992306E-01   4   0 1  0 0  0 2  1 0
    65  -.1860361030316507E-01   4   1 0  0 0  0 1  2 0
    66  0.3343146059937580E-01   4   0 1  0 0  0 1  2 0
    67  -.3252797206404480E-01   4   1 0  0 0  0 0  3 0
    68  0.5988316243862332E-01   4   0 1  0 0  0 0  3 0
    69  0.7687174605840515E-01   4   1 0  0 0  0 2  0 1
    70  -.6654956520667099E-01   4   0 1  0 0  0 2  0 1
    71  0.4859555219801500E-01   4   1 0  0 0  0 1  1 1
    72  -.3974123881249298E-01   4   0 1  0 0  0 1  1 1
    73  0.7653388344910302E-01   4   1 0  0 0  0 0  2 1
    74  -.6626095902916773E-01   4   0 1  0 0  0 0  2 1
    75  -.4850107828713724E-01   4   1 0  0 0  0 1  0 2
    76  -.7116917281474548E-02   4   0 1  0 0  0 1  0 2
    77  -.4833910558513553E-01   4   1 0  0 0  0 0  1 2
    78  -.7093149844487344E-02   4   0 1  0 0  0 0  1 2
    79  -.2773604653659265E-02   4   1 0  0 0  0 0  0 3
    80  -.9063548475603741E-04   4   0 1  0 0  0 0  0 3
    ---------------------------------------------------
     I  COEFFICIENT            ORDER EXPONENTS
     1   1.223607195023516       1   0 0  1 0  0 0  0 0
     2  0.3201998873916654       1   0 0  0 1  0 0  0 0
     3  -.1158474969831810       2   0 0  1 0  0 1  0 0
     4  -.1702152236615581       2   0 0  0 1  0 1  0 0
     5  -.1154606162628100       2   0 0  1 0  0 0  1 0
     6  -.1696467781615411       2   0 0  0 1  0 0  1 0
     7  0.2313081132459911       2   0 0  1 0  0 0  0 1
     8  0.1966211443143372E-01   2   0 0  0 1  0 0  0 1
     9  -.3004609754760152       3   2 0  1 0  0 0  0 0
    10  -.2821590960364240       3   1 1  1 0  0 0  0 0
    11  0.2142780819545954       3   0 2  1 0  0 0  0 0
    12  0.4311026487785017       3   0 0  3 0  0 0  0 0
    13  0.7214105511437070       3   2 0  0 1  0 0  0 0
    14  -.4491508145155099E-01   3   1 1  0 1  0 0  0 0
    15  0.1802782009750719       3   0 2  0 1  0 0  0 0
    16   1.362212945196869       3   0 0  2 1  0 0  0 0
    17  0.5779175494350748       3   0 0  1 2  0 0  0 0
    18  0.2099625323910941       3   0 0  0 3  0 0  0 0
    19  0.8879260896446167E-01   3   0 0  1 0  0 2  0 0
    20  0.1325884859506721       3   0 0  0 1  0 2  0 0
    21  0.6191713226650386E-01   3   0 0  1 0  0 1  1 0
    22  0.9521116405738655E-01   3   0 0  0 1  0 1  1 0
    23  0.8839269164131225E-01   3   0 0  1 0  0 0  2 0
    24  0.1319867154105923       3   0 0  0 1  0 0  2 0
    25  -.1236548532122459       3   0 0  1 0  0 1  0 1
    26  -.1995768863561430E-01   3   0 0  0 1  0 1  0 1
    27  -.1232418992863178       3   0 0  1 0  0 0  1 1
    28  -.1989103855548859E-01   3   0 0  0 1  0 0  1 1
    29  0.7794319626286433E-02   3   0 0  1 0  0 0  0 2
    30  0.2622491641176773E-03   3   0 0  0 1  0 0  0 2
    31  0.2648220441487237       4   2 0  1 0  0 1  0 0
    32  0.4267903429854285       4   1 1  1 0  0 1  0 0
    33  -.3205607871901167       4   0 2  1 0  0 1  0 0
    34  -.5526881185279355       4   0 0  3 0  0 1  0 0
    35  -.7324748479838998       4   2 0  0 1  0 1  0 0
    36  0.8876016404297427E-01   4   1 1  0 1  0 1  0 0
    37  -.2845360206641638       4   0 2  0 1  0 1  0 0
    38  -1.752706857807375       4   0 0  2 1  0 1  0 0
    39  -.9502762502384434       4   0 0  1 2  0 1  0 0
    40  -.3495976408016577       4   0 0  0 3  0 1  0 0
    41  0.2639376526350663       4   2 0  1 0  0 0  1 0
    42  0.4253650471470074       4   1 1  1 0  0 0  1 0
    43  -.3194902522929425       4   0 2  1 0  0 0  1 0
    44  -.5508423783694949       4   0 0  3 0  0 0  1 0
    45  -.7300286976205227       4   2 0  0 1  0 0  1 0
    46  0.8846374334248797E-01   4   1 1  0 1  0 0  1 0
    47  -.2835857929638436       4   0 2  0 1  0 0  1 0
    48  -1.746853572156791       4   0 0  2 1  0 0  1 0
    49  -.9471027370437903       4   0 0  1 2  0 0  1 0
    50  -.3484301353256177       4   0 0  0 3  0 0  1 0
    51  -.5287596967837920       4   2 0  1 0  0 0  0 1
    52  -.5699962940960130       4   1 1  1 0  0 0  0 1
    53  0.2114948755738687       4   0 2  1 0  0 0  0 1
    54   1.103530496897430       4   0 0  3 0  0 0  0 1
    55  0.7410929944607165       4   2 0  0 1  0 0  0 1
    56  -.8739374448235826E-01   4   1 1  0 1  0 0  0 1
    57  0.2728721070279125E-01   4   0 2  0 1  0 0  0 1
    58   2.137347484767298       4   0 0  2 1  0 0  0 1
    59  0.7415438884120820       4   0 0  1 2  0 0  0 1
    60  0.6814017895399299E-01   4   0 0  0 3  0 0  0 1
    61  -.7529926127730957E-01   4   0 0  1 0  0 3  0 0
    62  -.1138390835217244       4   0 0  0 1  0 3  0 0
    63  -.4835799929235010E-01   4   0 0  1 0  0 2  1 0
    64  -.7640329928943768E-01   4   0 0  0 1  0 2  1 0
    65  -.4849169791354735E-01   4   0 0  1 0  0 1  2 0
    66  -.7658892394797270E-01   4   0 0  0 1  0 1  2 0
    67  -.7484158427285181E-01   4   0 0  1 0  0 0  3 0
    68  -.1131416744183647       4   0 0  0 1  0 0  3 0
    69  0.9667056519535561E-01   4   0 0  1 0  0 2  0 1
    70  0.2015509200259469E-01   4   0 0  0 1  0 2  0 1
    71  0.6986512987878704E-01   4   0 0  1 0  0 1  1 1
    72  0.2035095430266122E-01   4   0 0  0 1  0 1  1 1
    73  0.9623106744947851E-01   4   0 0  1 0  0 0  2 1
    74  0.2005380097128961E-01   4   0 0  0 1  0 0  2 1
    75  -.7948276922503140E-02   4   0 0  1 0  0 1  0 2
    76  -.3940362005038197E-03   4   0 0  0 1  0 1  0 2
    77  -.7921733102553917E-02   4   0 0  1 0  0 0  1 2
    78  -.3927202893872729E-03   4   0 0  0 1  0 0  1 2
    79  0.9379025749467148E-04   4   0 0  1 0  0 0  0 3
    80  0.2999179392664463E-08   4   0 0  0 1  0 0  0 3
    ---------------------------------------------------
     I  COEFFICIENT            ORDER EXPONENTS
     1   1.552825518958799       1   0 0  1 0  0 0  0 0
     2   1.223607185630545       1   0 0  0 1  0 0  0 0
     3  -.5992853582665919E-01   2   0 0  1 0  0 1  0 0
     4  -.1158474910747846       2   0 0  0 1  0 1  0 0
     5  -.5972840034065237E-01   2   0 0  1 0  0 0  1 0
     6  -.1154606103741449       2   0 0  0 1  0 0  1 0
     7   1.672482455126109       2   0 0  1 0  0 0  0 1
     8  0.2313081014489294       2   0 0  0 1  0 0  0 1
     9  -5.058304120370463       3   2 0  1 0  0 0  0 0
    10  -2.817929413093593       3   1 1  1 0  0 0  0 0
    11  0.6067921120530262       3   0 2  1 0  0 0  0 0
    12  -2.906753901340961       3   0 0  3 0  0 0  0 0
    13  -.1077123010833387       3   2 0  0 1  0 0  0 0
    14  -.5122510183911249       3   1 1  0 1  0 0  0 0
    15  0.1732934888784749       3   0 2  0 1  0 0  0 0
    16  -1.846547430036840       3   0 0  2 1  0 0  0 0
    17  -1.112017561064935       3   0 0  1 2  0 0  0 0
    18  -.2318457157742849E-01   3   0 0  0 3  0 0  0 0
    19  0.4568287577214611E-01   3   0 0  1 0  0 2  0 0
    20  0.8879260389380875E-01   3   0 0  0 1  0 2  0 0
    21  0.3153169608339083E-01   3   0 0  1 0  0 1  1 0
    22  0.6191712802806482E-01   3   0 0  0 1  0 1  1 0
    23  0.4547766351332261E-01   3   0 0  1 0  0 0  2 0
    24  0.8839268659467024E-01   3   0 0  0 1  0 0  2 0
    25  -.1228974476276829       3   0 0  1 0  0 1  0 1
    26  -.1236548447408977       3   0 0  0 1  0 1  0 1
    27  -.1224870231100355       3   0 0  1 0  0 0  1 1
    28  -.1232418908432602       3   0 0  0 1  0 0  1 1
    29  0.1226922353688593       3   0 0  1 0  0 0  0 2
    30  0.7794317067614082E-02   3   0 0  0 1  0 0  0 2
    31   2.094690119817060       4   2 0  1 0  0 1  0 0
    32   2.820210026056199       4   1 1  1 0  0 1  0 0
    33  -.5456819245271256       4   0 2  1 0  0 1  0 0
    34   2.005499142923465       4   0 0  3 0  0 1  0 0
    35  -.1654350269358298E-01   4   2 0  0 1  0 1  0 0
    36  0.7428462010626319       4   1 1  0 1  0 1  0 0
    37  -.2398739392407669       4   0 2  0 1  0 1  0 0
    38   2.102184271347943       4   0 0  2 1  0 1  0 0
    39   1.349119119756098       4   0 0  1 2  0 1  0 0
    40  0.4810557101091695E-01   4   0 0  0 3  0 1  0 0
    41   2.087694757434507       4   2 0  1 0  0 0  1 0
    42   2.810791739818761       4   1 1  1 0  0 0  1 0
    43  -.5438595820376270       4   0 2  1 0  0 0  1 0
    44   1.998801639970680       4   0 0  3 0  0 0  1 0
    45  -.1648825452330463E-01   4   2 0  0 1  0 0  1 0
    46  0.7403654148490632       4   1 1  0 1  0 0  1 0
    47  -.2390728636471744       4   0 2  0 1  0 0  1 0
    48   2.095163881728566       4   0 0  2 1  0 0  1 0
    49   1.344613643241629       4   0 0  1 2  0 0  1 0
    50  0.4794491913279088E-01   4   0 0  0 3  0 0  1 0
    51  -9.240688997622032       4   2 0  1 0  0 0  0 1
    52  -5.631001765874966       4   1 1  1 0  0 0  0 1
    53  0.4827493945117287       4   0 2  1 0  0 0  0 1
    54  -6.911054684235103       4   0 0  3 0  0 0  0 1
    55  0.3303175721689355E-01   4   2 0  0 1  0 0  0 1
    56  -.9709605975205660       4   1 1  0 1  0 0  0 1
    57  0.1323598251309921       4   0 2  0 1  0 0  0 1
    58  -4.197348153076505       4   0 0  2 1  0 0  0 1
    59  -1.581715201932790       4   0 0  1 2  0 0  0 1
    60  -.4968134698885078E-01   4   0 0  0 3  0 0  0 1
    61  -.3857666133205200E-01   4   0 0  1 0  0 3  0 0
    62  -.7529925660496654E-01   4   0 0  0 1  0 3  0 0
    63  -.2438816869187950E-01   4   0 0  1 0  0 2  1 0
    64  -.4835799541541563E-01   4   0 0  0 1  0 2  1 0
    65  -.2445859851696205E-01   4   0 0  1 0  0 1  2 0
    66  -.4849169403270660E-01   4   0 0  0 1  0 1  2 0
    67  -.3834283092167169E-01   4   0 0  1 0  0 0  3 0
    68  -.7484157963036624E-01   4   0 0  0 1  0 0  3 0
    69  0.9443527691588957E-01   4   0 0  1 0  0 2  0 1
    70  0.9667055744269823E-01   4   0 0  0 1  0 2  0 1
    71  0.6616183833429205E-01   4   0 0  1 0  0 1  1 1
    72  0.6986512284011481E-01   4   0 0  0 1  0 1  1 1
    73  0.9400942776865469E-01   4   0 0  1 0  0 0  2 1
    74  0.9623105973446450E-01   4   0 0  0 1  0 0  2 1
    75  -.6606747226919393E-01   4   0 0  1 0  0 1  0 2
    76  -.7948274121857939E-02   4   0 0  0 1  0 1  0 2
    77  -.6584683538078247E-01   4   0 0  1 0  0 0  1 2
    78  -.7921730311261600E-02   4   0 0  0 1  0 0  1 2
    79  0.3074024093705675E-02   4   0 0  1 0  0 0  0 3
    80  0.9379009929707510E-04   4   0 0  0 1  0 0  0 3
    ---------------------------------------------------
     I  COEFFICIENT            ORDER EXPONENTS
     1   1.000000000000000       1   0 0  0 0  1 0  0 0
     2  0.7494865473366058E-01   1   0 0  0 0  0 1  0 0
     3  -.7494865473366061E-01   1   0 0  0 0  0 0  1 0
     4  -.4539258972661658E-01   2   2 0  0 0  0 0  0 0
     5  0.9501308373621797E-01   2   1 1  0 0  0 0  0 0
     6  -.6639232892583030E-01   2   0 2  0 0  0 0  0 0
     7  -.5328098103368026E-01   2   0 0  2 0  0 0  0 0
     8  -.1225627193259863       2   0 0  1 1  0 0  0 0
     9  -.8559110858482466E-01   2   0 0  0 2  0 0  0 0
    10  -.5630550911924205E-01   2   0 0  0 0  0 2  0 0
    11  0.3766236350482358E-01   2   0 0  0 0  0 1  1 0
    12  0.1864314561441849E-01   2   0 0  0 0  0 0  2 0
    13  0.6620177422158524E-01   3   2 0  0 0  0 1  0 0
    14  -.1361409355492222       3   1 1  0 0  0 1  0 0
    15  0.9537807291319508E-01   3   0 2  0 0  0 1  0 0
    16  0.8198153365238497E-01   3   0 0  2 0  0 1  0 0
    17  0.1912591381112234       3   0 0  1 1  0 1  0 0
    18  0.1338048423610084       3   0 0  0 2  0 1  0 0
    19  0.2089077622434761E-01   3   2 0  0 0  0 0  1 0
    20  -.4130674561359519E-01   3   1 1  0 0  0 0  1 0
    21  0.2910992540711294E-01   3   0 2  0 0  0 0  1 0
    22  0.2878204642976542E-01   3   0 0  2 0  0 0  1 0
    23  0.6887494210974898E-01   3   0 0  1 1  0 0  1 0
    24  0.4833760352803802E-01   3   0 0  0 2  0 0  1 0
    25  -.8709255044593300E-01   3   2 0  0 0  0 0  0 1
    26  0.8243459742659937E-01   3   1 1  0 0  0 0  0 1
    27  0.8296659531352557E-02   3   0 2  0 0  0 0  0 1
    28  -.1107635800821503       3   0 0  2 0  0 0  0 1
    29  -.1375713608949863       3   0 0  1 1  0 0  0 1
    30  -.1096022871939717E-01   3   0 0  0 2  0 0  0 1
    31  0.4693705832128155E-01   3   0 0  0 0  0 3  0 0
    32  -.2820015672536055E-01   3   0 0  0 0  0 2  1 0
    33  -.9462206779463070E-02   3   0 0  0 0  0 1  2 0
    34  -.9274694816457971E-02   3   0 0  0 0  0 0  3 0
    35  -.1568916114311472       4   4 0  0 0  0 0  0 0
    36  -.2146032471686817       4   3 1  0 0  0 0  0 0
    37  0.3605435210561045E-01   4   2 2  0 0  0 0  0 0
    38  0.1305041918942305       4   1 3  0 0  0 0  0 0
    39  -.3616950161293155E-01   4   0 4  0 0  0 0  0 0
    40  -1.472305610416848       4   2 0  2 0  0 0  0 0
    41  -.4422046801852049       4   1 1  2 0  0 0  0 0
    42  0.2171420187171526       4   0 2  2 0  0 0  0 0
    43  -.5561122979984112       4   0 0  4 0  0 0  0 0
    44  -.5794682128018906       4   2 0  1 1  0 0  0 0
    45  -.3982311974888741E-02   4   1 1  1 1  0 0  0 0
    46  -.1399129579419663       4   0 2  1 1  0 0  0 0
    47  -1.022880894113012       4   0 0  3 1  0 0  0 0
    48  -.4866269413326963       4   2 0  0 2  0 0  0 0
    49  0.8317287227004710E-01   4   1 1  0 2  0 0  0 0
    50  -.1170547706996698       4   0 2  0 2  0 0  0 0
    51  -1.009354123628517       4   0 0  2 2  0 0  0 0
    52  -.3454938599331494       4   0 0  1 3  0 0  0 0
    53  -.8959089673477424E-01   4   0 0  0 4  0 0  0 0
    54  -.8092634703227797E-01   4   2 0  0 0  0 2  0 0
    55  0.1640094913100968       4   1 1  0 0  0 2  0 0
    56  -.1152145615352994       4   0 2  0 0  0 2  0 0
    57  -.1046003833150741       4   0 0  2 0  0 2  0 0
    58  -.2467149508708096       4   0 0  1 1  0 2  0 0
    59  -.1728983559102079       4   0 0  0 2  0 2  0 0
    60  -.2949033054606216E-01   4   2 0  0 0  0 1  1 0
    61  0.5582686704873219E-01   4   1 1  0 0  0 1  1 0
    62  -.3973491580994608E-01   4   0 2  0 0  0 1  1 0
    63  -.4527886416824753E-01   4   0 0  2 0  0 1  1 0
    64  -.1110012537384251       4   0 0  1 1  0 1  1 0
    65  -.7824876965276298E-01   4   0 0  0 2  0 1  1 0
    66  -.1480597981486183E-01   4   2 0  0 0  0 0  2 0
    67  0.2804655120249129E-01   4   1 1  0 0  0 0  2 0
    68  -.1995967579880751E-01   4   0 2  0 0  0 0  2 0
    69  -.2270009997674174E-01   4   0 0  2 0  0 0  2 0
    70  -.5563318964275016E-01   4   0 0  1 1  0 0  2 0
    71  -.3921613580603397E-01   4   0 0  0 2  0 0  2 0
    72  0.1251412503890326       4   2 0  0 0  0 1  0 1
    73  -.1115639785704815       4   1 1  0 0  0 1  0 1
    74  -.1597017985904038E-01   4   0 2  0 0  0 1  0 1
    75  0.1724980971460102       4   0 0  2 0  0 1  0 1
    76  0.2219128792575973       4   0 0  1 1  0 1  0 1
    77  0.2263095439015385E-01   4   0 0  0 2  0 1  0 1
    78  0.3821151395143803E-01   4   2 0  0 0  0 0  1 1
    79  -.2930647822652462E-01   4   1 1  0 0  0 0  1 1
    80  -.7675508813777581E-02   4   0 2  0 0  0 0  1 1
    81  0.6189701769196521E-01   4   0 0  2 0  0 0  1 1
    82  0.8451774880442692E-01   4   0 0  1 1  0 0  1 1
    83  0.1166823068071642E-01   4   0 0  0 2  0 0  1 1
    84  -.3813010694726893E-01   4   2 0  0 0  0 0  0 2
    85  -.1199936902809619E-01   4   1 1  0 0  0 0  0 2
    86  -.6221449606199055E-03   4   0 2  0 0  0 0  0 2
    87  -.6181576737791300E-01   4   0 0  2 0  0 0  0 2
    88  -.1564395313602629E-01   4   0 0  1 1  0 0  0 2
    89  -.7092494563392809E-03   4   0 0  0 2  0 0  0 2
    90  -.4107583511315364E-01   4   0 0  0 0  0 4  0 0
    91  0.2349216548876982E-01   4   0 0  0 0  0 3  1 0
    92  0.7061986854886026E-02   4   0 0  0 0  0 2  2 0
    93  0.4754215542872356E-02   4   0 0  0 0  0 1  3 0
    94  0.5767467226625379E-02   4   0 0  0 0  0 0  4 0
    ---------------------------------------------------
     I  COEFFICIENT            ORDER EXPONENTS
     1   1.000000000000000       1   0 0  0 0  0 1  0 0
     --------------------------------------------------
     I  COEFFICIENT            ORDER EXPONENTS
     1   1.000000000000000       1   0 0  0 0  0 0  1 0
     --------------------------------------------------
     I  COEFFICIENT            ORDER EXPONENTS
     1   1.000000000000000       1   0 0  0 0  0 0  0 1
     --------------------------------------------------
