     I  COEFFICIENT            ORDER EXPONENTS
     1   1.000000000000000       1   1 0  0 0  0 0  0 0
     2   4.600000000000000       1   0 1  0 0  0 0  0 0
     3  -2.303846927997320       2   0 1  0 0  0 1  0 0
     4  -2.296153072002679       2   0 1  0 0  0 0  1 0
     5   2.300000000000000       3   0 3  0 0  0 0  0 0
     6   2.300000000000000       3   0 1  0 2  0 0  0 0
     7   1.726928289712252       3   0 1  0 0  0 2  0 0
     8   1.153837276570135       3   0 1  0 0  0 1  1 0
     9   1.719234433717612       3   0 1  0 0  0 0  2 0
    10  -3.455770391995980       4   0 3  0 0  0 1  0 0
    11  -3.455770391995980       4   0 1  0 2  0 1  0 0
    12  -3.444229608004019       4   0 3  0 0  0 0  1 0
    13  -3.444229608004019       4   0 1  0 2  0 0  1 0
    14  -1.438945017581941       4   0 1  0 0  0 3  0 0
    15  -.8639498163909349       4   0 1  0 0  0 2  1 0
    16  -.8668060984642686       4   0 1  0 0  0 1  2 0
    17  -1.430299067562855       4   0 1  0 0  0 0  3 0
    ---------------------------------------------------
     I  COEFFICIENT            ORDER EXPONENTS
     1   1.000000000000000       1   0 1  0 0  0 0  0 0
     --------------------------------------------------
     I  COEFFICIENT            ORDER EXPONENTS
     1   1.000000000000000       1   0 0  1 0  0 0  0 0
     2   4.600000000000000       1   0 0  0 1  0 0  0 0
     3  -2.303846927997320       2   0 0  0 1  0 1  0 0
     4  -2.296153072002679       2   0 0  0 1  0 0  1 0
     5   2.300000000000000       3   0 2  0 1  0 0  0 0
     6   2.300000000000000       3   0 0  0 3  0 0  0 0
     7   1.726928289712252       3   0 0  0 1  0 2  0 0
     8   1.153837276570135       3   0 0  0 1  0 1  1 0
     9   1.719234433717612       3   0 0  0 1  0 0  2 0
    10  -3.455770391995980       4   0 2  0 1  0 1  0 0
    11  -3.455770391995980       4   0 0  0 3  0 1  0 0
    12  -3.444229608004019       4   0 2  0 1  0 0  1 0
    13  -3.444229608004019       4   0 0  0 3  0 0  1 0
    14  -1.438945017581941       4   0 0  0 1  0 3  0 0
    15  -.8639498163909349       4   0 0  0 1  0 2  1 0
    16  -.8668060984642686       4   0 0  0 1  0 1  2 0
    17  -1.430299067562855       4   0 0  0 1  0 0  3 0
    ---------------------------------------------------
     I  COEFFICIENT            ORDER EXPONENTS
     1   1.000000000000000       1   0 0  0 1  0 0  0 0
     --------------------------------------------------
     I  COEFFICIENT            ORDER EXPONENTS
     1   1.000000000000000       1   0 0  0 0  1 0  0 0
     2   1.146156289145074       1   0 0  0 0  0 1  0 0
     3  -1.146156289145074       1   0 0  0 0  0 0  1 0
     4  -1.151923463998660       2   0 2  0 0  0 0  0 0
     5  -1.151923463998660       2   0 0  0 2  0 0  0 0
     6  -.8610549931798983       2   0 0  0 0  0 2  0 0
     7  0.5759536972147223       2   0 0  0 0  0 1  1 0
     8  0.2851012959651757       2   0 0  0 0  0 0  2 0
     9   1.726928289712253       3   0 2  0 0  0 1  0 0
    10   1.726928289712253       3   0 0  0 2  0 1  0 0
    11  0.5769186382850684       3   0 2  0 0  0 0  1 0
    12  0.5769186382850684       3   0 0  0 2  0 0  1 0
    13  0.7177874610302363       3   0 0  0 0  0 3  0 0
    14  -.4312523967309123       3   0 0  0 0  0 2  1 0
    15  -.1447013004838098       3   0 0  0 0  0 1  2 0
    16  -.1418337638155139       3   0 0  0 0  0 0  3 0
    17  -.8639425979989953       4   0 4  0 0  0 0  0 0
    18  -1.727885195997991       4   0 2  0 2  0 0  0 0
    19  -.8639425979989953       4   0 0  0 4  0 0  0 0
    20  -2.158417526372911       4   0 2  0 0  0 2  0 0
    21  -2.158417526372911       4   0 0  0 2  0 2  0 0
    22  -.8639498163909354       4   0 2  0 0  0 1  1 0
    23  -.8639498163909354       4   0 0  0 2  0 1  1 0
    24  -.4334030492321349       4   0 2  0 0  0 0  2 0
    25  -.4334030492321349       4   0 0  0 2  0 0  2 0
    26  -.6281543933527480       4   0 0  0 0  0 4  0 0
    27  0.3592551903202830       4   0 0  0 0  0 3  1 0
    28  0.1079958096159432       4   0 0  0 0  0 2  2 0
    29  0.7270409407318071E-01   4   0 0  0 0  0 1  3 0
    30  0.8819929934334010E-01   4   0 0  0 0  0 0  4 0
    ---------------------------------------------------
     I  COEFFICIENT            ORDER EXPONENTS
     1   1.000000000000000       1   0 0  0 0  0 1  0 0
     --------------------------------------------------
     I  COEFFICIENT            ORDER EXPONENTS
     1   1.000000000000000       1   0 0  0 0  0 0  1 0
     --------------------------------------------------
     I  COEFFICIENT            ORDER EXPONENTS
     1   1.000000000000000       1   0 0  0 0  0 0  0 1
     --------------------------------------------------
