     I  COEFFICIENT            ORDER EXPONENTS
     1  0.8681507001947554       1   1 0  0 0  0 0  0 0
     2  0.8481551845695212       1   0 1  0 0  0 0  0 0
     3  0.1652347957412898       1   0 0  0 0  0 1  0 0
     4  0.1646829827244231       1   0 0  0 0  0 0  1 0
     5  -.3299177784657130       1   0 0  0 0  0 0  0 1
     6  0.3727716103110309       2   2 0  0 0  0 0  0 0
     7  0.6209561794427332       2   1 1  0 0  0 0  0 0
     8  0.1590980922134593       2   0 2  0 0  0 0  0 0
     9  -.4284714016786537       2   0 0  2 0  0 0  0 0
    10  -.6739251239851014       2   0 0  1 1  0 0  0 0
    11  -.5402740463976976       2   0 0  0 2  0 0  0 0
    12  0.1947946911893408       2   1 0  0 0  0 1  0 0
    13  -.2970981610555843       2   0 1  0 0  0 1  0 0
    14  0.1941441608592576       2   1 0  0 0  0 0  1 0
    15  -.2961059812194780       2   0 1  0 0  0 0  1 0
    16  -.3889388520485986       2   1 0  0 0  0 0  0 1
    17  -.2549510422944591       2   0 1  0 0  0 0  0 1
    18  -.1112314734492115       2   0 0  0 0  0 2  0 0
    19  -.5758700399147729E-01   2   0 0  0 0  0 1  1 0
    20  -.1107638503690343       2   0 0  0 0  0 0  2 0
    21  0.1148151551486107       2   0 0  0 0  0 1  0 1
    22  0.1144317220051232       2   0 0  0 0  0 0  1 1
    23  0.5033545065598956E-01   2   0 0  0 0  0 0  0 2
    24  -.7291392027984207       3   3 0  0 0  0 0  0 0
    25  -.4268027627096167       3   2 1  0 0  0 0  0 0
    26  -1.013022421383993       3   1 2  0 0  0 0  0 0
    27  -.5393698389024815E-01   3   0 3  0 0  0 0  0 0
    28   2.237362134321867       3   1 0  2 0  0 0  0 0
    29   2.242131122380641       3   0 1  2 0  0 0  0 0
    30   4.039873598681517       3   1 0  1 1  0 0  0 0
    31   4.458409101125810       3   0 1  1 1  0 0  0 0
    32   1.422632682086839       3   1 0  0 2  0 0  0 0
    33   2.408796530149841       3   0 1  0 2  0 0  0 0
    34  -.2942263601332915       3   2 0  0 0  0 1  0 0
    35  -.7057764996726066       3   1 1  0 0  0 1  0 0
    36  -.2053298513909345       3   0 2  0 0  0 1  0 0
    37  0.5515206443091734       3   0 0  2 0  0 1  0 0
    38   1.446494256793198       3   0 0  1 1  0 1  0 0
    39   1.260868108359914       3   0 0  0 2  0 1  0 0
    40  -.2932437708747850       3   2 0  0 0  0 0  1 0
    41  -.7034195102880743       3   1 1  0 0  0 0  1 0
    42  -.2046441381654556       3   0 2  0 0  0 0  1 0
    43  0.5496788030115503       3   0 0  2 0  0 0  1 0
    44   1.441663589280702       3   0 0  1 1  0 0  1 0
    45   1.256657352195488       3   0 0  0 2  0 0  1 0
    46  0.5874701310080761       3   2 0  0 0  0 0  0 1
    47  0.7882398305179441       3   1 1  0 0  0 0  0 1
    48  0.9177780512947109E-01   3   0 2  0 0  0 0  0 1
    49  -1.101199447320724       3   0 0  2 0  0 0  0 1
    50  -2.214232722088795       3   0 0  1 1  0 0  0 1
    51  -1.436977367760012       3   0 0  0 2  0 0  0 1
    52  -.1957488908535391       3   1 0  0 0  0 2  0 0
    53  0.1568061341457787       3   0 1  0 0  0 2  0 0
    54  -.1966945447953402       3   1 0  0 0  0 1  1 0
    55  0.1744782361684916E-01   3   0 1  0 0  0 1  1 0
    56  -.1947667363965163       3   1 0  0 0  0 0  2 0
    57  0.1562533351204269       3   0 1  0 0  0 0  2 0
    58  0.3933976353130784       3   1 0  0 0  0 1  0 1
    59  0.2631362302027638       3   0 1  0 0  0 1  0 1
    60  0.3920838567291156       3   1 0  0 0  0 0  1 1
    61  0.2622574685812551       3   0 1  0 0  0 0  1 1
    62  -.1982713199967976       3   1 0  0 0  0 0  0 2
    63  -.7745807097548685E-02   3   0 1  0 0  0 0  0 2
    64  0.8519860564858661E-01   3   0 0  0 0  0 3  0 0
    65  0.3321453631724125E-01   3   0 0  0 0  0 2  1 0
    66  0.3347351760959494E-01   3   0 0  0 0  0 1  2 0
    67  0.8471654138677148E-01   3   0 0  0 0  0 0  3 0
    68  -.6634740636457825E-01   3   0 0  0 0  0 2  0 1
    69  -.1820209987071753E-01   3   0 0  0 0  0 1  1 1
    70  -.6609544103184062E-01   3   0 0  0 0  0 0  2 1
    71  -.3936669884867339E-01   3   0 0  0 0  0 1  0 2
    72  -.3923523103792370E-01   3   0 0  0 0  0 0  1 2
    73  -.7356323808460741E-02   3   0 0  0 0  0 0  0 3
    74  -24.72699325888639       4   4 0  0 0  0 0  0 0
    75   43.36275100683775       4   3 1  0 0  0 0  0 0
    76   68.66838739930776       4   2 2  0 0  0 0  0 0
    77   48.54964551799642       4   1 3  0 0  0 0  0 0
    78   13.00262495240797       4   0 4  0 0  0 0  0 0
    79  -82.27567657636638       4   2 0  2 0  0 0  0 0
    80  -180.4312581885933       4   1 1  2 0  0 0  0 0
    81  -99.52943932131495       4   0 2  2 0  0 0  0 0
    82   12.72172927199009       4   0 0  4 0  0 0  0 0
    83  -184.4272005962915       4   2 0  1 1  0 0  0 0
    84  -406.6870533364161       4   1 1  1 1  0 0  0 0
    85  -225.9382260303684       4   0 2  1 1  0 0  0 0
    86   54.89793991633829       4   0 0  3 1  0 0  0 0
    87  -102.7757234908850       4   2 0  0 2  0 0  0 0
    88  -228.4676420180280       4   1 1  0 2  0 0  0 0
    89  -128.2502970975349       4   0 2  0 2  0 0  0 0
    90   92.74760983174775       4   0 0  2 2  0 0  0 0
    91   72.46079878740073       4   0 0  1 3  0 0  0 0
    92   20.74259658944112       4   0 0  0 4  0 0  0 0
    93   9.017441835451281       4   3 0  0 0  0 1  0 0
    94   28.50876538402269       4   2 1  0 0  0 1  0 0
    95   31.54288861547673       4   1 2  0 0  0 1  0 0
    96   11.10685538737297       4   0 3  0 0  0 1  0 0
    97  -38.87493263028209       4   1 0  2 0  0 1  0 0
    98  -43.95975168514298       4   0 1  2 0  0 1  0 0
    99  -90.07119805736687       4   1 0  1 1  0 1  0 0
   100  -102.3924037024800       4   0 1  1 1  0 1  0 0
   101  -50.78406373469281       4   1 0  0 2  0 1  0 0
   102  -59.41390397925113       4   0 1  0 2  0 1  0 0
   103   8.987327465404004       4   3 0  0 0  0 0  1 0
   104   28.41355839228021       4   2 1  0 0  0 0  1 0
   105   31.43754895956764       4   1 2  0 0  0 0  1 0
   106   11.06976327640616       4   0 3  0 0  0 0  1 0
   107  -38.74510710679613       4   1 0  2 0  0 0  1 0
   108  -43.81294505710035       4   0 1  2 0  0 0  1 0
   109  -89.77039906820815       4   1 0  1 1  0 0  1 0
   110  -102.0504571957660       4   0 1  1 1  0 0  1 0
   111  -50.61446684505174       4   1 0  0 2  0 0  1 0
   112  -59.21548714185590       4   0 1  0 2  0 0  1 0
   113  -17.15118597322141       4   3 0  0 0  0 0  0 1
   114  -56.49552101359325       4   2 1  0 0  0 0  0 1
   115  -60.95439273227632       4   1 2  0 0  0 0  0 1
   116  -22.01480771210841       4   0 3  0 0  0 0  0 1
   117   77.62003973707823       4   1 0  2 0  0 0  0 1
   118   85.53056561986256       4   0 1  2 0  0 0  0 1
   119   175.8017235268932       4   1 0  1 1  0 0  0 1
   120   195.5260426959940       4   0 1  1 1  0 0  0 1
   121   98.55326521557095       4   1 0  0 2  0 0  0 1
   122   111.4030015306576       4   0 1  0 2  0 0  0 1
   123   3.159250966159240       4   2 0  0 0  0 2  0 0
   124   7.190879174133485       4   1 1  0 0  0 2  0 0
   125   3.765242459503945       4   0 2  0 0  0 2  0 0
   126  -4.943538439064259       4   0 0  2 0  0 2  0 0
   127  -12.14790009136921       4   0 0  1 1  0 2  0 0
   128  -7.929476030626205       4   0 0  0 2  0 2  0 0
   129   6.005136395513262       4   2 0  0 0  0 1  1 0
   130   13.63265908035856       4   1 1  0 0  0 1  1 0
   131   7.301375629393991       4   0 2  0 0  0 1  1 0
   132  -9.306215189100744       4   0 0  2 0  0 1  1 0
   133  -22.77781362525393       4   0 0  1 1  0 1  1 0
   134  -14.55352933696666       4   0 0  0 2  0 1  1 0
   135   3.138673145325713       4   2 0  0 0  0 0  2 0
   136   7.144101132838664       4   1 1  0 0  0 0  2 0
   137   3.740476447967945       4   0 2  0 0  0 0  2 0
   138  -4.911489776578534       4   0 0  2 0  0 0  2 0
   139  -12.06929729849596       4   0 0  1 1  0 0  2 0
   140  -7.878693739174022       4   0 0  0 2  0 0  2 0
   141  -12.02941196769843       4   2 0  0 0  0 1  0 1
   142  -26.60286442928026       4   1 1  0 0  0 1  0 1
   143  -14.21587099422915       4   0 2  0 0  0 1  0 1
   144   18.64177142292010       4   0 0  2 0  0 1  0 1
   145   44.18062529440591       4   0 0  1 1  0 1  0 1
   146   26.62987707313934       4   0 0  0 2  0 1  0 1
   147  -11.98923891528990       4   2 0  0 0  0 0  1 1
   148  -26.51402232545971       4   1 1  0 0  0 0  1 1
   149  -14.16839611083351       4   0 2  0 0  0 0  1 1
   150   18.57951593924625       4   0 0  2 0  0 0  1 1
   151   44.03308104368449       4   0 0  1 1  0 0  1 1
   152   26.54094475872822       4   0 0  0 2  0 0  1 1
   153   11.71559037599013       4   2 0  0 0  0 0  0 2
   154   25.77020354685209       4   1 1  0 0  0 0  0 2
   155   14.05446684483712       4   0 2  0 0  0 0  0 2
   156  -18.06004395742282       4   0 0  2 0  0 0  0 2
   157  -41.89262044695641       4   0 0  1 1  0 0  0 2
   158  -24.42994486429377       4   0 0  0 2  0 0  0 2
   159  0.6583468844271225       4   1 0  0 0  0 3  0 0
   160  0.4191334071405373       4   0 1  0 0  0 3  0 0
   161   1.578911395766164       4   1 0  0 0  0 2  1 0
   162   1.565707716746074       4   0 1  0 0  0 2  1 0
   163   1.574288949042153       4   1 0  0 0  0 1  2 0
   164   1.559957108838735       4   0 1  0 0  0 1  2 0
   165  0.6524213670573413       4   1 0  0 0  0 0  3 0
   166  0.4144281638895611       4   0 1  0 0  0 0  3 0
   167  -3.162454267340452       4   1 0  0 0  0 2  0 1
   168  -3.293526340605023       4   0 1  0 0  0 2  0 1
   169  -5.913011600025953       4   1 0  0 0  0 1  1 1
   170  -6.303673122020168       4   0 1  0 0  0 1  1 1
   171  -3.142019577421149       4   1 0  0 0  0 0  2 1
   172  -3.272001605868699       4   0 1  0 0  0 0  2 1
   173   5.725562432040363       4   1 0  0 0  0 1  0 2
   174   6.050658556310974       4   0 1  0 0  0 1  0 2
   175   5.706441520705010       4   1 0  0 0  0 0  1 2
   176   6.030451964006907       4   0 1  0 0  0 0  1 2
   177  -3.678487104250591       4   1 0  0 0  0 0  0 3
   178  -4.019291033008406       4   0 1  0 0  0 0  0 3
   179  -.4228780845895336E-01   4   0 0  0 0  0 4  0 0
   180  0.8604497321306925E-01   4   0 0  0 0  0 3  1 0
   181  0.1450764500342796       4   0 0  0 0  0 2  2 0
   182  0.8499114456563184E-01   4   0 0  0 0  0 1  3 0
   183  -.4214839079112259E-01   4   0 0  0 0  0 0  4 0
   184  -.1724895563230160       4   0 0  0 0  0 3  0 1
   185  -.6479314286594926       4   0 0  0 0  0 2  1 1
   186  -.6455468865942393       4   0 0  0 0  0 1  2 1
   187  -.1705472055614561       4   0 0  0 0  0 0  3 1
   188  0.6822211583611382       4   0 0  0 0  0 2  0 2
   189   1.320781465059810       4   0 0  0 0  0 1  1 2
   190  0.6777374131870655       4   0 0  0 0  0 0  2 2
   191  -.8557078950786883       4   0 0  0 0  0 1  0 3
   192  -.8528501994400566       4   0 0  0 0  0 0  1 3
   193  0.4326567664860321       4   0 0  0 0  0 0  0 4
   ----------------------------------------------------
     I  COEFFICIENT            ORDER EXPONENTS
     1  -.5758974503131845       1   1 0  0 0  0 0  0 0
     2  0.5892405450138076       1   0 1  0 0  0 0  0 0
     3  0.3081258181789950       1   0 0  0 0  0 1  0 0
     4  0.3070968107199963       1   0 0  0 0  0 0  1 0
     5  -.6152226288989915       1   0 0  0 0  0 0  0 1
     6  -2.716565948523583       2   2 0  0 0  0 0  0 0
     7  -6.225935612247102       2   1 1  0 0  0 0  0 0
     8  -3.357539477875370       2   0 2  0 0  0 0  0 0
     9   2.794956241293750       2   0 0  2 0  0 0  0 0
    10   7.276315200864463       2   0 0  1 1  0 0  0 0
    11   3.581878393487943       2   0 0  0 2  0 0  0 0
    12  -1.225641578458320       2   1 0  0 0  0 1  0 0
    13  -1.132541983256970       2   0 1  0 0  0 1  0 0
    14  -1.221548463724391       2   1 0  0 0  0 0  1 0
    15  -1.128759781053702       2   0 1  0 0  0 0  1 0
    16   1.871292591869526       2   1 0  0 0  0 0  0 1
    17   2.261301764310673       2   0 1  0 0  0 0  0 1
    18  -.1812265544984489       2   0 0  0 0  0 2  0 0
    19  -.5517143209409928E-01   2   0 0  0 0  0 1  1 0
    20  -.1805292114935959       2   0 0  0 0  0 0  2 0
    21  0.4176245410909971       2   0 0  0 0  0 1  0 1
    22  0.4162298550812911       2   0 0  0 0  0 0  1 1
    23  -.4169271980861443       2   0 0  0 0  0 0  0 2
    24   11.70664739682122       3   3 0  0 0  0 0  0 0
    25   37.53937891628640       3   2 1  0 0  0 0  0 0
    26   39.52412323869505       3   1 2  0 0  0 0  0 0
    27   13.97660231928025       3   0 3  0 0  0 0  0 0
    28  -31.94455815458435       3   1 0  2 0  0 0  0 0
    29  -31.37167080281427       3   0 1  2 0  0 0  0 0
    30  -58.13462245757747       3   1 0  1 1  0 0  0 0
    31  -62.38142983368609       3   0 1  1 1  0 0  0 0
    32  -23.70722861468192       3   1 0  0 2  0 0  0 0
    33  -29.22012792102506       3   0 1  0 2  0 0  0 0
    34   6.980909858395966       3   2 0  0 0  0 1  0 0
    35   17.86006375991217       3   1 1  0 0  0 1  0 0
    36   11.09917661970890       3   0 2  0 0  0 1  0 0
    37  -4.854502303999165       3   0 0  2 0  0 1  0 0
    38  -15.25503955320035       3   0 0  1 1  0 1  0 0
    39  -10.16857784150727       3   0 0  0 2  0 1  0 0
    40   6.957596627595185       3   2 0  0 0  0 0  1 0
    41   17.80041884298909       3   1 1  0 0  0 0  1 0
    42   11.06211015251728       3   0 2  0 0  0 0  1 0
    43  -4.838290358145151       3   0 0  2 0  0 0  1 0
    44  -15.20409429460329       3   0 0  1 1  0 0  1 0
    45  -10.13461917323287       3   0 0  0 2  0 0  1 0
    46  -16.65507243451474       3   2 0  0 0  0 0  0 1
    47  -35.66048260290126       3   1 1  0 0  0 0  0 1
    48  -18.80374729435081       3   0 2  0 0  0 0  0 1
    49   12.48774890343807       3   0 0  2 0  0 0  0 1
    50   30.45913384780366       3   0 0  1 1  0 0  0 1
    51   16.72131862125221       3   0 0  0 2  0 0  0 1
    52   2.339923816531339       3   1 0  0 0  0 2  0 0
    53   2.988428704636381       3   0 1  0 0  0 2  0 0
    54   3.446749940319672       3   1 0  0 0  0 1  1 0
    55   4.831907071222332       3   0 1  0 0  0 1  1 0
    56   2.326354149489624       3   1 0  0 0  0 0  2 0
    57   2.970380396742676       3   0 1  0 0  0 0  2 0
    58  -8.126597573382352       3   1 0  0 0  0 1  0 1
    59  -9.676222497238129       3   0 1  0 0  0 1  0 1
    60  -8.099458239298922       3   1 0  0 0  0 0  1 1
    61  -9.643908083653987       3   0 1  0 0  0 0  1 1
    62   8.113027906340639       3   1 0  0 0  0 0  0 2
    63   8.529414408290725       3   0 1  0 0  0 0  0 2
    64  0.3052120270091102       3   0 0  0 0  0 3  0 0
    65  0.5515198280839425       3   0 0  0 0  0 2  1 0
    66  0.5502808792871616       3   0 0  0 0  0 1  2 0
    67  0.3027652739025591       3   0 0  0 0  0 0  3 0
    68  -1.285929354612825       3   0 0  0 0  0 2  0 1
    69  -2.148429982648111       3   0 0  0 0  0 1  1 1
    70  -1.278047489501244       3   0 0  0 0  0 0  2 1
    71   2.151332075391383       3   0 0  0 0  0 1  0 2
    72   2.144147553284655       3   0 0  0 0  0 0  1 2
    73  -1.292850810196632       3   0 0  0 0  0 0  0 3
    74   16.39076397598984       4   4 0  0 0  0 0  0 0
    75   82.28595015394285       4   3 1  0 0  0 0  0 0
    76   13.15548567750238       4   2 2  0 0  0 0  0 0
    77  -66.40429179858029       4   1 3  0 0  0 0  0 0
    78  -38.62708624805502       4   0 4  0 0  0 0  0 0
    79   798.9259197643252       4   2 0  2 0  0 0  0 0
    80   1779.251590577892       4   1 1  2 0  0 0  0 0
    81   991.4971372206084       4   0 2  2 0  0 0  0 0
    82  -155.8394580759749       4   0 0  4 0  0 0  0 0
    83   1809.099132557391       4   2 0  1 1  0 0  0 0
    84   4082.147701752357       4   1 1  1 1  0 0  0 0
    85   2300.474410772191       4   0 2  1 1  0 0  0 0
    86  -660.1921257946691       4   0 0  3 1  0 0  0 0
    87   1024.161185711783       4   2 0  0 2  0 0  0 0
    88   2321.516173552243       4   1 1  0 2  0 0  0 0
    89   1317.549536614054       4   0 2  0 2  0 0  0 0
    90  -1140.025129901210       4   0 0  2 2  0 0  0 0
    91  -893.3160765908488       4   0 0  1 3  0 0  0 0
    92  -258.4169119282323       4   0 0  0 4  0 0  0 0
    93   11.44055309989588       4   3 0  0 0  0 1  0 0
    94  -31.58898550228909       4   2 1  0 0  0 1  0 0
    95  -99.94103288465882       4   1 2  0 0  0 1  0 0
    96  -59.00822855483864       4   0 3  0 0  0 1  0 0
    97   373.0660627175805       4   1 0  2 0  0 1  0 0
    98   430.2927465429093       4   0 1  2 0  0 1  0 0
    99   899.9813372823846       4   1 0  1 1  0 1  0 0
   100   1040.334534725787       4   0 1  1 1  0 1  0 0
   101   522.8880161719197       4   1 0  0 2  0 1  0 0
   102   610.2641106541190       4   0 1  0 2  0 1  0 0
   103   11.40234658236211       4   3 0  0 0  0 0  1 0
   104  -31.48349190264128       4   2 1  0 0  0 0  1 0
   105  -99.60727290016263       4   1 2  0 0  0 0  1 0
   106  -58.81116649855228       4   0 3  0 0  0 0  1 0
   107   371.8201828250599       4   1 0  2 0  0 0  1 0
   108   428.8557541858183       4   0 1  2 0  0 0  1 0
   109   896.9757874245499       4   1 0  1 1  0 0  1 0
   110   1036.860265667734       4   0 1  1 1  0 0  1 0
   111   521.1417955142615       4   1 0  0 2  0 0  1 0
   112   608.2260914919042       4   0 1  0 2  0 0  1 0
   113  -18.20625660578696       4   3 0  0 0  0 0  0 1
   114   40.61292036155407       4   2 1  0 0  0 0  0 1
   115   138.0819209719539       4   1 2  0 0  0 0  0 1
   116   82.72056354338980       4   0 3  0 0  0 0  0 1
   117  -776.8308036972251       4   1 0  2 0  0 0  0 1
   118  -859.1485007287276       4   0 1  2 0  0 0  0 1
   119  -1796.957124706934       4   1 0  1 1  0 0  0 1
   120  -2014.813370559837       4   0 1  1 1  0 0  0 1
   121  -1020.322583071499       4   1 0  0 2  0 0  0 1
   122  -1160.049946303973       4   0 1  0 2  0 0  0 1
   123  -8.630369800695338       4   2 0  0 0  0 2  0 0
   124  -37.75644988809211       4   1 1  0 0  0 2  0 0
   125  -31.05765478447237       4   0 2  0 0  0 2  0 0
   126   46.70274979012827       4   0 0  2 0  0 2  0 0
   127   120.9165768130430       4   0 0  1 1  0 2  0 0
   128   76.18214381695181       4   0 0  0 2  0 2  0 0
   129  -10.26873491596432       4   2 0  0 0  0 1  1 0
   130  -57.51974611561798       4   1 1  0 0  0 1  1 0
   131  -50.88270372958198       4   0 2  0 0  0 1  1 0
   132   88.27143290758237       4   0 0  2 0  0 1  1 0
   133   225.8722159294720       4   0 0  1 1  0 1  1 0
   134   141.7546826558398       4   0 0  0 2  0 1  1 0
   135  -8.584401509579536       4   2 0  0 0  0 0  2 0
   136  -37.53431403183379       4   1 1  0 0  0 0  2 0
   137  -30.86897244810829       4   0 2  0 0  0 0  2 0
   138   46.39938845584800       4   0 0  2 0  0 0  2 0
   139   120.1356096147559       4   0 0  1 1  0 0  2 0
   140   75.69102850559985       4   0 0  0 2  0 0  2 0
   141   23.15397768845138       4   2 0  0 0  0 1  0 1
   142   106.6231440684995       4   1 1  0 0  0 1  0 1
   143   86.62339767920530       4   0 2  0 0  0 1  0 1
   144  -181.6769324878389       4   0 0  2 0  0 1  0 1
   145  -452.4503300023578       4   0 0  1 1  0 1  0 1
   146  -273.7818146067289       4   0 0  0 2  0 1  0 1
   147   23.07665338019406       4   2 0  0 0  0 0  1 1
   148   106.2670687120207       4   1 1  0 0  0 0  1 1
   149   86.33411285762671       4   0 2  0 0  0 0  1 1
   150  -181.0702098192784       4   0 0  2 0  0 0  1 1
   151  -450.9393408643804       4   0 0  1 1  0 0  1 1
   152  -272.8675013205739       4   0 0  0 2  0 0  1 1
   153  -18.74712484240628       4   2 0  0 0  0 0  0 2
   154  -80.07970274497657       4   1 1  0 0  0 0  0 2
   155  -63.50571905254455       4   0 2  0 0  0 0  0 2
   156   181.3735711535587       4   0 0  2 0  0 0  0 2
   157   436.4652685094672       4   0 0  1 1  0 0  0 2
   158   256.6033393423994       4   0 0  0 2  0 0  0 2
   159  -4.406992337424460       4   1 0  0 0  0 3  0 0
   160  -6.978414016205289       4   0 1  0 0  0 3  0 0
   161  -8.524116347090997       4   1 0  0 0  0 2  1 0
   162  -14.92456656784049       4   0 1  0 0  0 2  1 0
   163  -8.503418492013081       4   1 0  0 0  0 1  2 0
   164  -14.88464473717724       4   0 1  0 0  0 1  2 0
   165  -4.370730332194613       4   1 0  0 0  0 0  3 0
   166  -6.918619216671049       4   0 1  0 0  0 0  3 0
   167   18.57238287960931       4   1 0  0 0  0 2  0 1
   168   29.06934554414021       4   0 1  0 0  0 2  0 1
   169   28.94830870864335       4   1 0  0 0  0 1  1 1
   170   48.33283132615561       4   0 1  0 0  0 1  1 1
   171   18.46202168524799       4   1 0  0 0  0 0  2 1
   172   28.89156104139569       4   0 1  0 0  0 0  2 1
   173  -27.32044626939350       4   1 0  0 0  0 1  0 2
   174  -41.93504447621884       4   0 1  0 0  0 1  0 2
   175  -27.22920775143832       4   1 0  0 0  0 0  1 2
   176  -41.79499949779247       4   0 1  0 0  0 0  1 2
   177   14.37219825605433       4   1 0  0 0  0 0  0 3
   178   21.14255060021393       4   0 1  0 0  0 0  0 3
   179  -.5961523598763281       4   0 0  0 0  0 4  0 0
   180  -1.465909459024053       4   0 0  0 0  0 3  1 0
   181  -1.918519635913984       4   0 0  0 0  0 2  2 0
   182  -1.458567236330836       4   0 0  0 0  0 1  3 0
   183  -.5897396888309142       4   0 0  0 0  0 0  4 0
   184   3.187260187209147       4   0 0  0 0  0 3  0 1
   185   6.973753355791863       4   0 0  0 0  0 2  1 1
   186   6.954732152520704       4   0 0  0 0  0 1  2 1
   187   3.159688355730146       4   0 0  0 0  0 0  3 1
   188  -6.823598299673639       4   0 0  0 0  0 2  0 2
   189  -11.46463381899863       4   0 0  0 0  0 1  1 2
   190  -6.781666953312756       4   0 0  0 0  0 0  2 2
   191   6.725755317350306       4   0 0  0 0  0 1  0 3
   192   6.703294192768618       4   0 0  0 0  0 0  1 3
   193  -2.605696109409649       4   0 0  0 0  0 0  0 4
   ----------------------------------------------------
     I  COEFFICIENT            ORDER EXPONENTS
     1  0.8732547349499441       1   0 0  1 0  0 0  0 0
     2  0.9239292896710937       1   0 0  0 1  0 0  0 0
     3  -1.127317098067721       2   1 0  1 0  0 0  0 0
     4  -.8642024401903219       2   0 1  1 0  0 0  0 0
     5  0.6166626295251927       2   1 0  0 1  0 0  0 0
     6  0.2363794285608685       2   0 1  0 1  0 0  0 0
     7  0.3427155703787965E-01   2   0 0  1 0  0 1  0 0
     8  -.4388346806150496       2   0 0  0 1  0 1  0 0
     9  0.3415710480524337E-01   2   0 0  1 0  0 0  1 0
    10  -.4373691618789409       2   0 0  0 1  0 0  1 0
    11  -.6842866184312291E-01   2   0 0  1 0  0 0  0 1
    12  -.4772544717710336E-01   2   0 0  0 1  0 0  0 1
    13  -.1106504641254116       3   2 0  1 0  0 0  0 0
    14  0.3980140788021274       3   1 1  1 0  0 0  0 0
    15  0.5464028928231848       3   0 2  1 0  0 0  0 0
    16  -3.738626871230008       3   0 0  3 0  0 0  0 0
    17  0.6111802818299488       3   2 0  0 1  0 0  0 0
    18   1.757295726130145       3   1 1  0 1  0 0  0 0
    19   1.499738219358593       3   0 2  0 1  0 0  0 0
    20  -2.654363091071865       3   0 0  2 1  0 0  0 0
    21  -2.854247417087399       3   0 0  1 2  0 0  0 0
    22  -.6424122000209236       3   0 0  0 3  0 0  0 0
    23  0.8519739739069117       3   1 0  1 0  0 1  0 0
    24   1.205858590765552       3   0 1  1 0  0 1  0 0
    25  0.1373606015033433       3   1 0  0 1  0 1  0 0
    26  0.4494510507466769       3   0 1  0 1  0 1  0 0
    27  0.8491287479560183       3   1 0  1 0  0 0  1 0
    28   1.201831542685876       3   0 1  1 0  0 0  1 0
    29  0.1369018762840319       3   1 0  0 1  0 0  1 0
    30  0.4479500779090033       3   0 1  0 1  0 0  1 0
    31  -1.701102721862931       3   1 0  1 0  0 0  0 1
    32  -1.543487693261106       3   0 1  1 0  0 0  0 1
    33  -.8909251073125679       3   1 0  0 1  0 0  0 1
    34  -1.370159985777420       3   0 1  0 1  0 0  0 1
    35  0.2890247916733657E-01   3   0 0  1 0  0 2  0 0
    36  0.4004955365760425       3   0 0  0 1  0 2  0 0
    37  0.9165494947616981E-01   3   0 0  1 0  0 1  1 0
    38  0.3624075707768935       3   0 0  0 1  0 1  1 0
    39  0.2865291332298825E-01   3   0 0  1 0  0 0  2 0
    40  0.3985529114992695       3   0 0  0 1  0 0  2 0
    41  -.1837314648487220       3   0 0  1 0  0 1  0 1
    42  -.2857292826988811       3   0 0  0 1  0 1  0 1
    43  -.1831178809273903       3   0 0  1 0  0 0  1 1
    44  -.2847750700175498       3   0 0  0 1  0 0  1 1
    45  0.2176390038096185       3   0 0  1 0  0 0  0 2
    46  0.3329776235353190       3   0 0  0 1  0 0  0 2
    47  -41.68792088923293       4   3 0  1 0  0 0  0 0
    48  -137.6790323955080       4   2 1  1 0  0 0  0 0
    49  -147.7648394858746       4   1 2  1 0  0 0  0 0
    50  -53.31606922579897       4   0 3  1 0  0 0  0 0
    51   54.65304333140884       4   1 0  3 0  0 0  0 0
    52   60.68083752564917       4   0 1  3 0  0 0  0 0
    53  -47.16261336098574       4   3 0  0 1  0 0  0 0
    54  -149.6224244418631       4   2 1  0 1  0 0  0 0
    55  -161.4558814232866       4   1 2  0 1  0 0  0 0
    56  -58.45908268277566       4   0 3  0 1  0 0  0 0
    57   202.7938404960539       4   1 0  2 1  0 0  0 0
    58   221.9999369869603       4   0 1  2 1  0 0  0 0
    59   232.8510035369485       4   1 0  1 2  0 0  0 0
    60   255.0894962333904       4   0 1  1 2  0 0  0 0
    61   88.95830342999443       4   1 0  0 3  0 0  0 0
    62   98.04551135391665       4   0 1  0 3  0 0  0 0
    63  -28.10225663488046       4   2 0  1 0  0 1  0 0
    64  -61.30281344564574       4   1 1  1 0  0 1  0 0
    65  -33.77192915364348       4   0 2  1 0  0 1  0 0
    66   16.28048783446859       4   0 0  3 0  0 1  0 0
    67  -31.68910412845730       4   2 0  0 1  0 1  0 0
    68  -70.00326740609867       4   1 1  0 1  0 1  0 0
    69  -39.51101575623139       4   0 2  0 1  0 1  0 0
    70   48.82112069678431       4   0 0  2 1  0 1  0 0
    71   58.21037192635279       4   0 0  1 2  0 1  0 0
    72   22.41573066958742       4   0 0  0 3  0 1  0 0
    73  -28.00840720719243       4   2 0  1 0  0 0  1 0
    74  -61.09808846457796       4   1 1  1 0  0 0  1 0
    75  -33.65914546284712       4   0 2  1 0  0 0  1 0
    76   16.22611802048539       4   0 0  3 0  0 0  1 0
    77  -31.58327617574020       4   2 0  0 1  0 0  1 0
    78  -69.76948665789371       4   1 1  0 1  0 0  1 0
    79  -39.37906598919768       4   0 2  0 1  0 0  1 0
    80   48.65807919104306       4   0 0  2 1  0 0  1 0
    81   58.01597436740335       4   0 0  1 2  0 0  1 0
    82   22.34087178825693       4   0 0  0 3  0 0  1 0
    83   56.11066384207300       4   2 0  1 0  0 0  0 1
    84   122.0028878314217       4   1 1  1 0  0 0  0 1
    85   66.33826883084419       4   0 2  1 0  0 0  0 1
    86  -32.50660585495401       4   0 0  3 0  0 0  0 1
    87   62.66120002236750       4   2 0  0 1  0 0  0 1
    88   136.2581626117318       4   1 1  0 1  0 0  0 1
    89   74.39086708735320       4   0 2  0 1  0 0  0 1
    90  -94.82483679675533       4   0 0  2 1  0 0  0 1
    91  -110.5178514595816       4   0 0  1 2  0 0  0 1
    92  -42.82936585778154       4   0 0  0 3  0 0  0 1
    93  -7.112467031680790       4   1 0  1 0  0 2  0 0
    94  -8.308263340474799       4   0 1  1 0  0 2  0 0
    95  -7.574225203818667       4   1 0  0 1  0 2  0 0
    96  -8.914490415435203       4   0 1  0 1  0 2  0 0
    97  -13.33113588938662       4   1 0  1 0  0 1  1 0
    98  -15.36321669880935       4   0 1  1 0  0 1  1 0
    99  -14.96141642784713       4   1 0  0 1  0 1  1 0
   100  -17.32298559986264       4   0 1  0 1  0 1  1 0
   101  -7.066454331917996       4   1 0  1 0  0 0  2 0
   102  -8.254864059185884       4   0 1  1 0  0 0  2 0
   103  -7.523948213486797       4   1 0  0 1  0 0  2 0
   104  -8.855794205118485       4   0 1  0 1  0 0  2 0
   105   26.70409597884129       4   1 0  1 0  0 1  0 1
   106   29.56802619822783       4   0 1  1 0  0 1  0 1
   107   29.83514563247778       4   1 0  0 1  0 1  0 1
   108   33.80361327849296       4   0 1  0 1  0 1  0 1
   109   26.61491580526665       4   1 0  1 0  0 0  1 1
   110   29.46928173180933       4   0 1  1 0  0 0  1 1
   111   29.73550910225265       4   1 0  0 1  0 0  1 1
   112   33.69072377637264       4   0 1  0 1  0 0  1 1
   113  -25.80895453112251       4   1 0  1 0  0 0  0 2
   114  -27.97516627175753       4   0 1  1 0  0 0  0 2
   115  -28.89440226005267       4   1 0  0 1  0 0  0 2
   116  -31.69192854876671       4   0 1  0 1  0 0  0 2
   117  -.5554286606687802       4   0 0  1 0  0 3  0 0
   118  -.9923033919297626       4   0 0  0 1  0 3  0 0
   119  -1.603415478195551       4   0 0  1 0  0 2  1 0
   120  -2.169862755576474       4   0 0  0 1  0 2  1 0
   121  -1.598156449805840       4   0 0  1 0  0 1  2 0
   122  -2.163947343967914       4   0 0  0 1  0 1  2 0
   123  -.5499779152665143       4   0 0  1 0  0 0  3 0
   124  -.9837215084429127       4   0 0  0 1  0 0  3 0
   125   3.211896501867219       4   0 0  1 0  0 2  0 1
   126   3.945286321637639       4   0 0  0 1  0 2  0 1
   127   6.219833957050454       4   0 0  1 0  0 1  1 1
   128   7.580397486758081       4   0 0  0 1  0 1  1 1
   129   3.190784368959408       4   0 0  1 0  0 0  2 1
   130   3.919453134798845       4   0 0  0 1  0 0  2 1
   131  -6.138082015543713       4   0 0  1 0  0 1  0 2
   132  -7.306891140968371       4   0 0  0 1  0 1  0 2
   133  -6.117583466557246       4   0 0  1 0  0 0  1 2
   134  -7.282489273151569       4   0 0  0 1  0 0  1 2
   135   3.940129158160573       4   0 0  1 0  0 0  0 3
   136   4.530149181171330       4   0 0  0 1  0 0  0 3
   ----------------------------------------------------
     I  COEFFICIENT            ORDER EXPONENTS
     1  0.3395045124616337E-01   1   0 0  1 0  0 0  0 0
     2   1.181061808228717       1   0 0  0 1  0 0  0 0
     3   4.715410693849109       2   1 0  1 0  0 0  0 0
     4   5.714654502576709       2   0 1  1 0  0 0  0 0
     5   6.537695095322268       2   1 0  0 1  0 0  0 0
     6   7.224281882101067       2   0 1  0 1  0 0  0 0
     7   1.435009314206378       2   0 0  1 0  0 1  0 0
     8   1.454869493316953       2   0 0  0 1  0 1  0 0
     9   1.430217001453174       2   0 0  1 0  0 0  1 0
    10   1.450010856123419       2   0 0  0 1  0 0  1 0
    11  -2.831275864413389       2   0 0  1 0  0 0  0 1
    12  -2.904880349440373       2   0 0  0 1  0 0  0 1
    13  -26.41387269314619       3   2 0  1 0  0 0  0 0
    14  -55.17101359617571       3   1 1  1 0  0 0  0 0
    15  -29.13458269802238       3   0 2  1 0  0 0  0 0
    16   2.230862284063109       3   0 0  3 0  0 0  0 0
    17  -16.00362661779690       3   2 0  0 1  0 0  0 0
    18  -37.73463092329114       3   1 1  0 1  0 0  0 0
    19  -22.80966078959505       3   0 2  0 1  0 0  0 0
    20   24.85779006289323       3   0 0  2 1  0 0  0 0
    21   29.82783802726987       3   0 0  1 2  0 0  0 0
    22   10.67075325280024       3   0 0  0 3  0 0  0 0
    23  -9.085284096286696       3   1 0  1 0  0 1  0 0
    24  -12.62358775389554       3   0 1  1 0  0 1  0 0
    25  -10.49413995882348       3   1 0  0 1  0 1  0 0
    26  -16.29662442972845       3   0 1  0 1  0 1  0 0
    27  -9.054943162321955       3   1 0  1 0  0 0  1 0
    28  -12.58143041039589       3   0 1  1 0  0 0  1 0
    29  -10.45909405336440       3   1 0  0 1  0 0  1 0
    30  -16.24220072647049       3   0 1  0 1  0 0  1 0
    31   22.85563795245776       3   1 0  1 0  0 0  0 1
    32   25.20501816429144       3   0 1  1 0  0 0  0 1
    33   20.95323401218788       3   1 0  0 1  0 0  0 1
    34   25.31454327409788       3   0 1  0 1  0 0  0 1
    35  -1.917935437772998       3   0 0  1 0  0 2  0 0
    36  -2.830981309512287       3   0 0  0 1  0 2  0 0
    37  -2.397620026767597       3   0 0  1 0  0 1  1 0
    38  -4.197885658974576       3   0 0  0 1  0 1  1 0
    39  -1.907526850995057       3   0 0  1 0  0 0  2 0
    40  -2.814517487229206       3   0 0  0 1  0 0  2 0
    41   6.233490902313594       3   0 0  1 0  0 1  0 1
    42   8.404978784682202       3   0 0  0 1  0 1  0 1
    43   6.212673728757713       3   0 0  1 0  0 0  1 1
    44   8.376909777309573       3   0 0  0 1  0 0  1 1
    45  -6.223082315535655       3   0 0  1 0  0 0  0 2
    46  -6.938504106275704       3   0 0  0 1  0 0  0 2
    47   355.7650490299846       4   3 0  1 0  0 0  0 0
    48   1224.593226512093       4   2 1  1 0  0 0  0 0
    49   1384.383996656979       4   1 2  1 0  0 0  0 0
    50   524.2662871661894       4   0 3  1 0  0 0  0 0
    51  -610.0954309851584       4   1 0  3 0  0 0  0 0
    52  -655.0495887924725       4   0 1  3 0  0 0  0 0
    53   395.7749196112588       4   3 0  0 1  0 0  0 0
    54   1376.810983282071       4   2 1  0 1  0 0  0 0
    55   1568.208943374910       4   1 2  0 1  0 0  0 0
    56   599.3600196186194       4   0 3  0 1  0 0  0 0
    57  -2059.257635991787       4   1 0  2 1  0 0  0 0
    58  -2232.262783140644       4   0 1  2 1  0 0  0 0
    59  -2376.486170327417       4   1 0  1 2  0 0  0 0
    60  -2605.491662497461       4   0 1  1 2  0 0  0 0
    61  -908.1803045297263       4   1 0  0 3  0 0  0 0
    62  -1003.202650674495       4   0 1  0 3  0 0  0 0
    63   260.5465421775810       4   2 0  1 0  0 1  0 0
    64   617.8327137436157       4   1 1  1 0  0 1  0 0
    65   363.0440948575668       4   0 2  1 0  0 1  0 0
    66  -129.0564410752120       4   0 0  3 0  0 1  0 0
    67   301.9325567217407       4   2 0  0 1  0 1  0 0
    68   709.7581318655331       4   1 1  0 1  0 1  0 0
    69   418.7621477770568       4   0 2  0 1  0 1  0 0
    70  -470.1798938669642       4   0 0  2 1  0 1  0 0
    71  -575.5121578049275       4   0 0  1 2  0 1  0 0
    72  -229.5992955942500       4   0 0  0 3  0 1  0 0
    73   259.6764289981612       4   2 0  1 0  0 0  1 0
    74   615.7694187084484       4   1 1  1 0  0 0  1 0
    75   361.8316840191577       4   0 2  1 0  0 0  1 0
    76  -128.6254481734064       4   0 0  3 0  0 0  1 0
    77   300.9242320872866       4   2 0  0 1  0 0  1 0
    78   707.3878455451879       4   1 1  0 1  0 0  1 0
    79   417.3636626512224       4   0 2  0 1  0 0  1 0
    80  -468.6096956254807       4   0 0  2 1  0 0  1 0
    81  -573.5901951903518       4   0 0  1 2  0 0  1 0
    82  -228.8325328830186       4   0 0  0 3  0 0  1 0
    83  -546.6368438688887       4   2 0  1 0  0 0  0 1
    84  -1233.602132452065       4   1 1  1 0  0 0  0 1
    85  -695.7411961787020       4   0 2  1 0  0 0  0 1
    86   259.9127515326816       4   0 0  3 0  0 0  0 1
    87  -602.8567888090274       4   2 0  0 1  0 0  0 1
    88  -1379.411346487429       4   1 1  0 1  0 0  0 1
    89  -790.5064888490890       4   0 2  0 1  0 0  0 1
    90   938.7895894924450       4   0 0  2 1  0 0  0 1
    91   1119.274514968010       4   0 0  1 2  0 0  0 1
    92   437.0903219716682       4   0 0  0 3  0 0  0 1
    93   69.58662735720903       4   1 0  1 0  0 2  0 0
    94   85.19728637422594       4   0 1  1 0  0 2  0 0
    95   83.67070754187006       4   1 0  0 1  0 2  0 0
    96   105.8052786878074       4   0 1  0 1  0 2  0 0
    97   129.6837724604656       4   1 0  1 0  0 1  1 0
    98   157.2861144455100       4   0 1  1 0  0 1  1 0
    99   156.3584016798996       4   1 0  0 1  0 1  1 0
   100   194.7159105236219       4   0 1  0 1  0 1  1 0
   101   69.13769404807873       4   1 0  1 0  0 0  2 0
   102   84.65013022664125       4   0 1  1 0  0 0  2 0
   103   83.13019859021063       4   1 0  0 1  0 0  2 0
   104   105.1268010309724       4   0 1  0 1  0 0  2 0
   105  -268.8570271748839       4   1 0  1 0  0 1  0 1
   106  -315.0570994400662       4   0 1  1 0  0 1  0 1
   107  -313.2056768048163       4   1 0  0 1  0 1  0 1
   108  -373.7332190397800       4   0 1  0 1  0 1  0 1
   109  -267.9591605566233       4   1 0  1 0  0 0  1 1
   110  -314.0049444883965       4   0 1  1 0  0 0  1 1
   111  -312.1597048069565       4   1 0  0 1  0 0  1 1
   112  -372.4851111326263       4   0 1  0 1  0 0  1 1
   113   268.4080938657538       4   1 0  1 0  0 0  0 2
   114   301.9285128820861       4   0 1  1 0  0 0  0 2
   115   302.2060737997926       4   1 0  0 1  0 0  0 2
   116   347.7946218121053       4   0 1  0 1  0 0  0 2
   117   7.152991832282050       4   0 0  1 0  0 3  0 0
   118   9.965602187037579       4   0 0  0 1  0 3  0 0
   119   17.57225806352958       4   0 0  1 0  0 2  1 0
   120   24.16792913549773       4   0 0  0 1  0 2  1 0
   121   17.51994461132953       4   0 0  1 0  0 1  2 0
   122   24.09661794193728       4   0 0  0 1  0 1  2 0
   123   7.087916204121162       4   0 0  1 0  0 0  3 0
   124   9.875460681553689       4   0 0  0 1  0 0  3 0
   125  -37.11329812260274       4   0 0  1 0  0 2  0 1
   126  -48.40277307758593       4   0 0  0 1  0 2  0 1
   127  -67.78678532295066       4   0 0  1 0  0 1  1 1
   128  -88.13332283692091       4   0 0  0 1  0 1  1 1
   129  -36.87616637269798       4   0 0  1 0  0 0  2 1
   130  -48.09396501213993       4   0 0  0 1  0 0  2 1
   131   67.88994533292130       4   0 0  1 0  0 1  0 2
   132   84.06445571136419       4   0 0  0 1  0 1  0 2
   133   67.66322216979449       4   0 0  1 0  0 0  1 2
   134   83.78371665329087       4   0 0  0 1  0 0  1 2
   135  -43.11002839572671       4   0 0  1 0  0 0  0 3
   136  -51.32372138403458       4   0 0  0 1  0 0  0 3
   ----------------------------------------------------
     I  COEFFICIENT            ORDER EXPONENTS
     1  -.3626579423709243       1   1 0  0 0  0 0  0 0
     2  -.1639754690907519       1   0 1  0 0  0 0  0 0
     3   1.000000000000000       1   0 0  0 0  1 0  0 0
     4  0.2100141747134777       1   0 0  0 0  0 1  0 0
     5  -.2519692076768341       1   0 0  0 0  0 0  1 0
     6  0.4195503296335652E-01   1   0 0  0 0  0 0  0 1
     7  -.8780186275450602E-01   2   2 0  0 0  0 0  0 0
     8  -.6575864079055435E-01   2   1 1  0 0  0 0  0 0
     9  -.2110500433815932       2   0 2  0 0  0 0  0 0
    10  -.5651058133282937E-01   2   0 0  2 0  0 0  0 0
    11  0.6688213409489578E-01   2   0 0  1 1  0 0  0 0
    12  -.2070688201855358       2   0 0  0 2  0 0  0 0
    13  0.1802398548099007       2   1 0  0 0  0 1  0 0
    14  0.8074056617625619E-01   2   0 1  0 0  0 1  0 0
    15  -.1806018131215003       2   1 0  0 0  0 0  1 0
    16  -.8241115556957235E-01   2   0 1  0 0  0 0  1 0
    17  0.3619583115996028E-03   2   1 0  0 0  0 0  0 1
    18  0.1656460584840681       2   0 1  0 0  0 0  0 1
    19  -.1577647344226852       2   0 0  0 0  0 2  0 0
    20  0.1058328365062409       2   0 0  0 0  0 1  1 0
    21  0.5238878783839925E-01   2   0 0  0 0  0 0  2 0
    22  -.3175423743480496E-03   2   0 0  0 0  0 1  0 1
    23  0.4135879549379465E-01   2   0 0  0 0  0 0  1 1
    24  -.4149814304140156E-01   2   0 0  0 0  0 0  0 2
    25  0.1471407556716358       3   3 0  0 0  0 0  0 0
    26  -.2116539236406002       3   2 1  0 0  0 0  0 0
    27  -.1216372541415915       3   1 2  0 0  0 0  0 0
    28  -.6709449955555197E-01   3   0 3  0 0  0 0  0 0
    29  -.2145432315458570       3   1 0  2 0  0 0  0 0
    30  0.6535476756202196E-01   3   0 1  2 0  0 0  0 0
    31  0.4093504362688880       3   1 0  1 1  0 0  0 0
    32  0.6967341360079635       3   0 1  1 1  0 0  0 0
    33  -.1996930157187358       3   1 0  0 2  0 0  0 0
    34  0.1128736105563584       3   0 1  0 2  0 0  0 0
    35  0.6492023631243557E-01   3   2 0  0 0  0 1  0 0
    36  -.5992993357187559E-02   3   1 1  0 0  0 1  0 0
    37  0.2595765677412453       3   0 2  0 0  0 1  0 0
    38  0.1541135387211188       3   0 0  2 0  0 1  0 0
    39  0.3199867279944169E-01   3   0 0  1 1  0 1  0 0
    40  0.3826045075876314       3   0 0  0 2  0 1  0 0
    41  -.2251297051223923E-01   3   2 0  0 0  0 0  1 0
    42  -.7129314247147556E-01   3   1 1  0 0  0 0  1 0
    43  0.4906692909818244E-01   3   0 2  0 0  0 0  1 0
    44  0.9746509631248823E-01   3   0 0  2 0  0 0  1 0
    45  0.9832797601775389E-01   3   0 0  1 1  0 0  1 0
    46  0.1756386850968009       3   0 0  0 2  0 0  1 0
    47  -.4240726580019633E-01   3   2 0  0 0  0 0  0 1
    48  0.1430447766192176       3   1 1  0 0  0 0  0 1
    49  0.1134565899237584       3   0 2  0 0  0 0  0 1
    50  -.2515786350336069       3   0 0  2 0  0 0  0 1
    51  -.1972087829120917       3   0 0  1 1  0 0  0 1
    52  -.1441055523133612       3   0 0  0 2  0 0  0 1
    53  -.1518911840712813       3   1 0  0 0  0 2  0 0
    54  -.3625320757179376E-01   3   0 1  0 0  0 2  0 0
    55  0.5771426125432134E-01   3   1 0  0 0  0 1  1 0
    56  0.8922801548935622E-01   3   0 1  0 0  0 1  1 0
    57  0.2845979650302727E-01   3   1 0  0 0  0 0  2 0
    58  0.4433018751785364E-01   3   0 1  0 0  0 0  2 0
    59  0.6582825207834039E-01   3   1 0  0 0  0 1  0 1
    60  -.1782027326982811       3   0 1  0 0  0 1  0 1
    61  0.6596795886112432E-01   3   1 0  0 0  0 0  1 1
    62  -.1306607938591886E-01   3   0 1  0 0  0 0  1 1
    63  -.6607908462553219E-01   3   1 0  0 0  0 0  0 2
    64  -.7001165244196811E-01   3   0 1  0 0  0 0  0 2
    65  0.1352274629622003       3   0 0  0 0  0 3  0 0
    66  -.6791617416051217E-01   3   0 0  0 0  0 2  1 0
    67  -.1529957513948764E-01   3   0 0  0 0  0 1  2 0
    68  -.2231240124821790E-01   3   0 0  0 0  0 0  3 0
    69  -.2223674588071847E-01   3   0 0  0 0  0 2  0 1
    70  -.4523417441248208E-01   3   0 0  0 0  0 1  1 1
    71  -.2254079679265716E-01   3   0 0  0 0  0 0  2 1
    72  0.4517137546130752E-01   3   0 0  0 0  0 1  0 2
    73  0.3799088505103548E-02   3   0 0  0 0  0 0  1 2
    74  0.1134194070546403E-01   3   0 0  0 0  0 0  0 3
    75   6.684585126290720       4   4 0  0 0  0 0  0 0
    76  0.1317561114681643       4   3 1  0 0  0 0  0 0
    77  -.2082998732017138E-01   4   2 2  0 0  0 0  0 0
    78  0.3963587385031069       4   1 3  0 0  0 0  0 0
    79  0.6084382130757926E-01   4   0 4  0 0  0 0  0 0
    80  0.1080772194871700       4   2 0  2 0  0 0  0 0
    81  -.9079827274298351       4   1 1  2 0  0 0  0 0
    82  -1.001228851384679       4   0 2  2 0  0 0  0 0
    83  -.7535830331740353       4   0 0  4 0  0 0  0 0
    84   1.116095842542011       4   2 0  1 1  0 0  0 0
    85  -.3014124067137525       4   1 1  1 1  0 0  0 0
    86  -1.693180335569142       4   0 2  1 1  0 0  0 0
    87   2.016266693462580       4   0 0  3 1  0 0  0 0
    88  0.1333270522227450       4   2 0  0 2  0 0  0 0
    89  -.8550666996542970       4   1 1  0 2  0 0  0 0
    90  -1.524004801513336       4   0 2  0 2  0 0  0 0
    91   2.110642218947619       4   0 0  2 2  0 0  0 0
    92   2.135142784895550       4   0 0  1 3  0 0  0 0
    93  0.5715093238463611       4   0 0  0 4  0 0  0 0
    94  -.9557923517768459E-01   4   3 0  0 0  0 1  0 0
    95  0.4059152273722546       4   2 1  0 0  0 1  0 0
    96  0.5161113514873019       4   1 2  0 0  0 1  0 0
    97  0.2262708428169136       4   0 3  0 0  0 1  0 0
    98  0.6686038421896850E-01   4   1 0  2 0  0 1  0 0
    99  -.4688941205792250       4   0 1  2 0  0 1  0 0
   100  -1.089100297352899       4   1 0  1 1  0 1  0 0
   101  -2.452278262736231       4   0 1  1 1  0 1  0 0
   102  0.5305513189289668E-01   4   1 0  0 2  0 1  0 0
   103  -1.119191028088839       4   0 1  0 2  0 1  0 0
   104  0.5089958153375708E-01   4   3 0  0 0  0 0  1 0
   105  0.1943170270702284       4   2 1  0 0  0 0  1 0
   106  0.3935615832703978       4   1 2  0 0  0 0  1 0
   107  0.1588680812958565       4   0 3  0 0  0 0  1 0
   108  -.1464755610503385       4   1 0  2 0  0 0  1 0
   109  -.4024092333445142       4   0 1  2 0  0 0  1 0
   110  -.6788422781507588       4   1 0  1 1  0 0  1 0
   111  -1.752000387126468       4   0 1  1 1  0 0  1 0
   112  -.1454835149785678       4   1 0  0 2  0 0  1 0
   113  -1.003332441360830       4   0 1  0 2  0 0  1 0
   114  -.1203452487598139       4   3 0  0 0  0 0  0 1
   115  -.3885783308018813       4   2 1  0 0  0 0  0 1
   116  -.6663984264745153       4   1 2  0 0  0 0  0 1
   117  -.1838554254461173       4   0 3  0 0  0 0  0 1
   118  0.7961517683136865E-01   4   1 0  2 0  0 0  0 1
   119  0.8059485863617164       4   0 1  2 0  0 0  0 1
   120   1.358592139234769       4   1 0  1 1  0 0  0 1
   121   2.810810377846771       4   0 1  1 1  0 0  0 1
   122  0.4918144145231449       4   1 0  0 2  0 0  0 1
   123   1.783902637780592       4   0 1  0 2  0 0  0 1
   124  -.3254090565580769E-01   4   2 0  0 0  0 2  0 0
   125  0.1420129847492253       4   1 1  0 0  0 2  0 0
   126  -.2356444926937047       4   0 2  0 0  0 2  0 0
   127  -.2697936821066901       4   0 0  2 0  0 2  0 0
   128  -.3057233842400560       4   0 0  1 1  0 2  0 0
   129  -.6979518367437121       4   0 0  0 2  0 2  0 0
   130  0.6469276253046768E-01   4   2 0  0 0  0 1  1 0
   131  0.2716076632158539       4   1 1  0 0  0 1  1 0
   132  0.4737657965902109E-01   4   0 2  0 0  0 1  1 0
   133  -.2312386259546942       4   0 0  2 0  0 1  1 0
   134  -.5462779238481352       4   0 0  1 1  0 1  1 0
   135  -.6297615249728441       4   0 0  0 2  0 1  1 0
   136  0.3213019196098874E-01   4   2 0  0 0  0 0  2 0
   137  0.1353598813615537       4   1 1  0 0  0 0  2 0
   138  0.2317746531507181E-01   4   0 2  0 0  0 0  2 0
   139  -.1154891278053014       4   0 0  2 0  0 0  2 0
   140  -.2722794996297799       4   0 0  1 1  0 0  2 0
   141  -.3144649505528014       4   0 0  0 2  0 0  2 0
   142  -.6453118753128828E-01   4   2 0  0 0  0 1  0 1
   143  -.5436476459999300       4   1 1  0 0  0 1  0 1
   144  -.3548172974953507       4   0 2  0 0  0 1  0 1
   145  0.6167124514469553       4   0 0  2 0  0 1  0 1
   146   1.093727346729363       4   0 0  1 1  0 1  0 1
   147  0.8778516756973733       4   0 0  0 2  0 1  0 1
   148  -.1064401759402063       4   2 0  0 0  0 0  1 1
   149  -.3997411409960097       4   1 1  0 0  0 0  1 1
   150  -.2409322975837136       4   0 2  0 0  0 0  1 1
   151  0.3647517852528092       4   0 0  2 0  0 0  1 1
   152  0.8941809710721880       4   0 0  1 1  0 0  1 1
   153  0.7317753707880428       4   0 0  0 2  0 0  1 1
   154  0.1066893146358454       4   2 0  0 0  0 0  0 2
   155  0.3286496168787525       4   1 1  0 0  0 0  0 2
   156  0.1276899126538931       4   0 2  0 0  0 0  0 2
   157  -.3649428008330785       4   0 0  2 0  0 0  0 2
   158  -.7967453759886842       4   0 0  1 1  0 0  0 2
   159  -.5886551947726688       4   0 0  0 2  0 0  0 2
   160  0.1534459067109269       4   1 0  0 0  0 3  0 0
   161  0.1520646340325837E-01   4   0 1  0 0  0 3  0 0
   162  0.4359480463288490E-02   4   1 0  0 0  0 2  1 0
   163  -.6337634602070941E-01   4   0 1  0 0  0 2  1 0
   164  0.3291559500913133E-01   4   1 0  0 0  0 1  2 0
   165  -.1899576759922184E-01   4   0 1  0 0  0 1  2 0
   166  0.1648703104433019E-02   4   1 0  0 0  0 0  3 0
   167  -.2099775541494056E-01   4   0 1  0 0  0 0  3 0
   168  -.1609148324535067       4   1 0  0 0  0 2  0 1
   169  0.1265165785263169       4   0 1  0 0  0 2  0 1
   170  -.1899786734534821       4   1 0  0 0  0 1  1 1
   171  -.1029398192282058       4   0 1  0 0  0 1  1 1
   172  -.9478129732848478E-01   4   1 0  0 0  0 0  2 1
   173  -.5100152870951713E-01   4   0 1  0 0  0 0  2 1
   174  0.1900759171019073       4   1 0  0 0  0 1  0 2
   175  0.1922574301352080       4   0 1  0 0  0 1  0 2
   176  0.1238026751941014       4   1 0  0 0  0 0  1 2
   177  0.1220705574024987       4   0 1  0 0  0 0  1 2
   178  -.6057347434831495E-01   4   1 0  0 0  0 0  0 3
   179  -.3476434340393353E-01   4   0 1  0 0  0 0  0 3
   180  -.1225753630208424       4   0 0  0 0  0 4  0 0
   181  0.5074180385923170E-01   4   0 0  0 0  0 3  1 0
   182  0.8245799727040273E-02   4   0 0  0 0  0 2  2 0
   183  0.5627869150596126E-02   4   0 0  0 0  0 1  3 0
   184  0.1240893967748577E-01   4   0 0  0 0  0 0  4 0
   185  0.3387725933753677E-01   4   0 0  0 0  0 3  0 1
   186  0.3503151144976091E-01   4   0 0  0 0  0 2  1 1
   187  0.1252351851259403E-01   4   0 0  0 0  0 1  2 1
   188  0.1167357588411452E-01   4   0 0  0 0  0 0  3 1
   189  -.3497652591010791E-01   4   0 0  0 0  0 2  0 2
   190  0.2029623165636829E-01   4   0 0  0 0  0 1  1 2
   191  0.1003907210651700E-01   4   0 0  0 0  0 0  2 2
   192  -.2861910207335838E-01   4   0 0  0 0  0 1  0 3
   193  -.1725721379490436E-01   4   0 0  0 0  0 0  1 3
   194  0.2962623437967632E-02   4   0 0  0 0  0 0  0 4
   ----------------------------------------------------
     I  COEFFICIENT            ORDER EXPONENTS
     1   1.000000000000000       1   0 0  0 0  0 1  0 0
     --------------------------------------------------
     I  COEFFICIENT            ORDER EXPONENTS
     1   1.000000000000000       1   0 0  0 0  0 0  1 0
     --------------------------------------------------
     I  COEFFICIENT            ORDER EXPONENTS
     1   1.000000000000000       1   0 0  0 0  0 0  0 1
     --------------------------------------------------
