     I  COEFFICIENT            ORDER EXPONENTS
     1  0.4544291693059267E-04   0   0 0  0 0  0 0  0 0
     2   1.015833391300512       1   1 0  0 0  0 0  0 0
     3  0.2606136892978762       1   0 1  0 0  0 0  0 0
     4  0.1270395772224170E-05   1   0 0  1 0  0 0  0 0
     5  0.4994437453213783E-07   1   0 0  0 1  0 0  0 0
     6  -.2594408386727235E-06   1   0 0  0 0  0 1  0 0
     7  -.2585744180665264E-06   1   0 0  0 0  0 0  1 0
     8  0.5180152567005354E-06   1   0 0  0 0  0 0  0 1
     9  -.1057491292668277E-04   2   2 0  0 0  0 0  0 0
    10  0.6124778404485802E-05   2   1 1  0 0  0 0  0 0
    11  0.1356503416530828E-05   2   0 2  0 0  0 0  0 0
    12  -.1421651211653783E-05   2   1 0  1 0  0 0  0 0
    13  -.1183301933227044E-05   2   0 1  1 0  0 0  0 0
    14  0.1073713521880037E-04   2   0 0  2 0  0 0  0 0
    15  0.9635219049616160E-09   2   1 0  0 1  0 0  0 0
    16  0.5846000958902947E-08   2   0 1  0 1  0 0  0 0
    17  -.1342681603100448E-07   2   0 0  1 1  0 0  0 0
    18  0.7180430444309308E-06   2   0 0  0 2  0 0  0 0
    19  -.7944438290107660E-02   2   1 0  0 0  0 1  0 0
    20  -.1308308835980848       2   0 1  0 0  0 1  0 0
    21  -.6353525047820223E-06   2   0 0  1 0  0 1  0 0
    22  -.4979240710085539E-07   2   0 0  0 1  0 1  0 0
    23  -.7917907289536574E-02   2   1 0  0 0  0 0  1 0
    24  -.1303939648228731       2   0 1  0 0  0 0  1 0
    25  -.6332307011941959E-06   2   0 0  1 0  0 0  1 0
    26  -.4962612191705686E-07   2   0 0  0 1  0 0  1 0
    27  0.1586234557964455E-01   2   1 0  0 0  0 0  0 1
    28  0.6111591230819865E-03   2   0 1  0 0  0 0  0 1
    29  0.1268583205870269E-05   2   0 0  1 0  0 0  0 1
    30  0.4947415448578681E-07   2   0 0  0 1  0 0  0 1
    31  0.1945498876299816E-06   2   0 0  0 0  0 2  0 0
    32  0.1300905374621017E-06   2   0 0  0 0  0 1  1 0
    33  0.1936829517109338E-06   2   0 0  0 0  0 0  2 0
    34  -.2597537621076381E-06   2   0 0  0 0  0 1  0 1
    35  -.2588862964720373E-06   2   0 0  0 0  0 0  1 1
    36  0.3124761241902139E-09   2   0 0  0 0  0 0  0 2
    37  -.8544933873949623E-03   3   3 0  0 0  0 0  0 0
    38  0.6359276395111084E-01   3   2 1  0 0  0 0  0 0
    39  0.3215369116384088E-01   3   1 2  0 0  0 0  0 0
    40  0.1326862205040396       3   0 3  0 0  0 0  0 0
    41  -.9706422013487715E-06   3   2 0  1 0  0 0  0 0
    42  0.1903189120285763E-06   3   1 1  1 0  0 0  0 0
    43  0.1922073582474055E-05   3   0 2  1 0  0 0  0 0
    44  0.7195033750982864E-02   3   1 0  2 0  0 0  0 0
    45  0.6105833014032859E-01   3   0 1  2 0  0 0  0 0
    46  0.3289103784822356E-06   3   0 0  3 0  0 0  0 0
    47  0.4975454950536481E-05   3   2 0  0 1  0 0  0 0
    48  0.1304783667956115E-05   3   1 1  0 1  0 0  0 0
    49  0.2387886454998802E-06   3   0 2  0 1  0 0  0 0
    50  0.1425724582522263E-03   3   1 0  1 1  0 0  0 0
    51  -.9862540867062399E-04   3   0 1  1 1  0 0  0 0
    52  0.4787946277723933E-05   3   0 0  2 1  0 0  0 0
    53  0.1599174653419780E-01   3   1 0  0 2  0 0  0 0
    54  0.1320562000062891       3   0 1  0 2  0 0  0 0
    55  0.1885508369557114E-05   3   0 0  1 2  0 0  0 0
    56  0.1886346835642069E-06   3   0 0  0 3  0 0  0 0
    57  0.5159368320942993E-05   3   2 0  0 0  0 1  0 0
    58  -.6282734654429106E-05   3   1 1  0 0  0 1  0 0
    59  -.2049878715561059E-05   3   0 2  0 0  0 1  0 0
    60  0.6957778224495795E-06   3   1 0  1 0  0 1  0 0
    61  0.1178348810818259E-05   3   0 1  1 0  0 1  0 0
    62  -.5329404699997389E-05   3   0 0  2 0  0 1  0 0
    63  -.7268476305944972E-08   3   1 0  0 1  0 1  0 0
    64  -.1107089500813961E-07   3   0 1  0 1  0 1  0 0
    65  0.5007434878004840E-07   3   0 0  1 1  0 1  0 0
    66  -.1079779085909138E-05   3   0 0  0 2  0 1  0 0
    67  0.5142138253961458E-05   3   2 0  0 0  0 0  1 0
    68  -.6261753027960742E-05   3   1 1  0 0  0 0  1 0
    69  -.2043033003959359E-05   3   0 2  0 0  0 0  1 0
    70  0.6934542243384651E-06   3   1 0  1 0  0 0  1 0
    71  0.1174413633549441E-05   3   0 1  1 0  0 0  1 0
    72  -.5311606784779741E-05   3   0 0  2 0  0 0  1 0
    73  -.7244202727124321E-08   3   1 0  0 1  0 0  1 0
    74  -.1103392298934401E-07   3   0 1  0 1  0 0  1 0
    75  0.4990712203251354E-07   3   0 0  1 1  0 0  1 0
    76  -.1076173089047101E-05   3   0 0  0 2  0 0  1 0
    77  -.1030150657490451E-04   3   2 0  0 0  0 0  0 1
    78  0.6419709278173252E-05   3   1 1  0 0  0 0  0 1
    79  0.1379904886457824E-05   3   0 2  0 0  0 0  0 1
    80  -.1389232046788046E-05   3   1 0  1 0  0 0  0 1
    81  -.1169460511140628E-05   3   0 1  1 0  0 0  0 1
    82  0.1064101148493990E-04   3   0 0  2 0  0 0  0 1
    83  0.1354915712810419E-07   3   1 0  0 1  0 0  0 1
    84  0.1041281607965108E-07   3   0 1  0 1  0 0  0 1
    85  -.8655465478151398E-07   3   0 0  1 1  0 0  0 1
    86  0.7198660860941482E-06   3   0 0  0 2  0 0  0 1
    87  0.5962280146275489E-02   3   1 0  0 0  0 2  0 0
    88  0.9822146211031453E-01   3   0 1  0 0  0 2  0 0
    89  0.4764821649594007E-06   3   0 0  1 0  0 2  0 0
    90  0.4880968802384467E-07   3   0 0  0 1  0 2  0 0
    91  0.3993274538904561E-02   3   1 0  0 0  0 1  1 0
    92  0.6582840269903208E-01   3   0 1  0 0  0 1  1 0
    93  0.3184334203801508E-06   3   0 0  1 0  0 1  1 0
    94  0.4856360871715396E-07   3   0 0  0 1  0 1  1 0
    95  0.5935700791664043E-02   3   1 0  0 0  0 0  2 0
    96  0.9778352550169725E-01   3   0 1  0 0  0 0  2 0
    97  0.4743592047080452E-06   3   0 0  1 0  0 0  2 0
    98  0.4856559393497685E-07   3   0 0  0 1  0 0  2 0
    99  -.7973402082181027E-02   3   1 0  0 0  0 1  0 1
   100  -.6096331351388042E-03   3   0 1  0 0  0 1  0 1
   101  -.6355784705028071E-06   3   0 0  1 0  0 1  0 1
   102  -.4952642558946453E-07   3   0 0  0 1  0 1  0 1
   103  -.7946774355025128E-02   3   1 0  0 0  0 0  1 1
   104  -.6075972231629178E-03   3   0 1  0 0  0 0  1 1
   105  -.6334559122868452E-06   3   0 0  1 0  0 0  1 1
   106  -.4936102866930342E-07   3   0 0  0 1  0 0  1 1
   107  0.2891750382072042E-04   3   1 0  0 0  0 0  0 2
   108  -.2542964448172981E-05   3   0 1  0 0  0 0  0 2
   109  -.8002790481595920E-11   3   0 0  1 0  0 0  0 2
   110  -.1125978510235005E-11   3   0 0  0 1  0 0  0 2
   111  -.1621602007492269E-06   3   0 0  0 0  0 3  0 0
   112  -.9748846995708283E-07   3   0 0  0 0  0 2  1 0
   113  -.9780972079781017E-07   3   0 0  0 0  0 1  2 0
   114  -.1611856449302152E-06   3   0 0  0 0  0 0  3 0
   115  0.1948629289321007E-06   3   0 0  0 0  0 2  0 1
   116  0.1304026137217074E-06   3   0 0  0 0  0 1  1 1
   117  0.1939944264906028E-06   3   0 0  0 0  0 0  2 1
   118  -.3103890169324960E-09   3   0 0  0 0  0 1  0 2
   119  -.3093524513648527E-09   3   0 0  0 0  0 0  1 2
   120  -.1736940554627260E-11   3   0 0  0 0  0 0  0 3
   121  0.6292254208181562E-05   4   4 0  0 0  0 0  0 0
   122  -.8831740071362284E-06   4   3 1  0 0  0 0  0 0
   123  -.1756166769443834E-04   4   2 2  0 0  0 0  0 0
   124  -.1828687680244423E-04   4   1 3  0 0  0 0  0 0
   125  -.8689998487596139E-04   4   0 4  0 0  0 0  0 0
   126  0.3607534580243670E-06   4   3 0  1 0  0 0  0 0
   127  -.1542431253968895E-06   4   2 1  1 0  0 0  0 0
   128  0.5483426202857929E-07   4   1 2  1 0  0 0  0 0
   129  0.4173387462496953E-06   4   0 3  1 0  0 0  0 0
   130  -.5133478383589309E-05   4   2 0  2 0  0 0  0 0
   131  -.5155077349836813E-05   4   1 1  2 0  0 0  0 0
   132  -.1665056353217233E-04   4   0 2  2 0  0 0  0 0
   133  -.2918897955808552E-06   4   1 0  3 0  0 0  0 0
   134  -.6503470941206921E-07   4   0 1  3 0  0 0  0 0
   135  -.2630436933655704E-10   4   0 0  4 0  0 0  0 0
   136  0.1744996777087926E-06   4   3 0  0 1  0 0  0 0
   137  0.6317692392209385E-06   4   2 1  0 1  0 0  0 0
   138  -.6711567443104362E-06   4   1 2  0 1  0 0  0 0
   139  -.4169094898308294E-05   4   0 3  0 1  0 0  0 0
   140  0.5108566923459774E-05   4   2 0  1 1  0 0  0 0
   141  0.4299892070001404E-04   4   1 1  1 1  0 0  0 0
   142  0.5470656261789140E-05   4   0 2  1 1  0 0  0 0
   143  0.3024241375374815E-06   4   1 0  2 1  0 0  0 0
   144  0.3104879717027213E-05   4   0 1  2 1  0 0  0 0
   145  0.1138118824333592E-10   4   0 0  3 1  0 0  0 0
   146  -.2717133280474403E-04   4   2 0  0 2  0 0  0 0
   147  -.1528792253823683E-04   4   1 1  0 2  0 0  0 0
   148  -.1031088210256539E-03   4   0 2  0 2  0 0  0 0
   149  -.1173321418581714E-05   4   1 0  1 2  0 0  0 0
   150  0.9052030360751030E-06   4   0 1  1 2  0 0  0 0
   151  -.5275030819053047E-05   4   0 0  2 2  0 0  0 0
   152  -.6616226598028464E-06   4   1 0  0 3  0 0  0 0
   153  -.4119254279815252E-05   4   0 1  0 3  0 0  0 0
   154  0.8489011452281548E-08   4   0 0  1 3  0 0  0 0
   155  -.1703769794962049E-04   4   0 0  0 4  0 0  0 0
   156  -.6485269310566036E-03   4   3 0  0 0  0 1  0 0
   157  -.6543674633416015E-01   4   2 1  0 0  0 1  0 0
   158  -.4862555704151721E-01   4   1 2  0 0  0 1  0 0
   159  -.2007167794461435       4   0 3  0 0  0 1  0 0
   160  0.2670063604165941E-06   4   2 0  1 0  0 1  0 0
   161  -.3861500074193210E-06   4   1 1  1 0  0 1  0 0
   162  -.2903583882475271E-05   4   0 2  1 0  0 1  0 0
   163  -.2854991777374308E-02   4   1 0  2 0  0 1  0 0
   164  -.6099446021599884E-01   4   0 1  2 0  0 1  0 0
   165  -.9855822759917551E-07   4   0 0  3 0  0 1  0 0
   166  -.5082260290330164E-05   4   2 0  0 1  0 1  0 0
   167  -.1991770658066262E-05   4   1 1  0 1  0 1  0 0
   168  -.4808202210827467E-06   4   0 2  0 1  0 1  0 0
   169  0.4031732882417056E-03   4   1 0  1 1  0 1  0 0
   170  0.2780046563863279E-03   4   0 1  1 1  0 1  0 0
   171  -.4701307664082601E-05   4   0 0  2 1  0 1  0 0
   172  -.2408103925032596E-01   4   1 0  0 2  0 1  0 0
   173  -.1994420662986903       4   0 1  0 2  0 1  0 0
   174  -.2817615097073063E-05   4   0 0  1 2  0 1  0 0
   175  -.3776346882348001E-06   4   0 0  0 3  0 1  0 0
   176  -.6463611305619502E-03   4   3 0  0 0  0 0  1 0
   177  -.6521821579858732E-01   4   2 1  0 0  0 0  1 0
   178  -.4846316863411480E-01   4   1 2  0 0  0 0  1 0
   179  -.2000464718931549       4   0 3  0 0  0 0  1 0
   180  0.2661146742278496E-06   4   2 0  1 0  0 0  1 0
   181  -.3848604327894529E-06   4   1 1  1 0  0 0  1 0
   182  -.2893887163483812E-05   4   0 2  1 0  0 0  1 0
   183  -.2845457335075232E-02   4   1 0  2 0  0 0  1 0
   184  -.6079076500184646E-01   4   0 1  2 0  0 0  1 0
   185  -.9822908558847311E-07   4   0 0  3 0  0 0  1 0
   186  -.5065287730944419E-05   4   2 0  0 1  0 0  1 0
   187  -.1985119002337200E-05   4   1 1  0 1  0 0  1 0
   188  -.4792144887333862E-06   4   0 2  0 1  0 0  1 0
   189  0.4018268631892873E-03   4   1 0  1 1  0 0  1 0
   190  0.2770762406281738E-03   4   0 1  1 1  0 0  1 0
   191  -.4685607322313198E-05   4   0 0  2 1  0 0  1 0
   192  -.2400061895592983E-01   4   1 0  0 2  0 0  1 0
   193  -.1987760157383305       4   0 1  0 2  0 0  1 0
   194  -.2808205476780273E-05   4   0 0  1 2  0 0  1 0
   195  -.3763735511017140E-06   4   0 0  0 3  0 0  1 0
   196  0.1294888061618568E-02   4   3 0  0 0  0 0  0 1
   197  0.6706219818163622E-01   4   2 1  0 0  0 0  0 1
   198  0.3278134334794908E-01   4   1 2  0 0  0 0  0 1
   199  0.2704589827178203E-02   4   0 3  0 0  0 0  0 1
   200  -.5331210346585161E-06   4   2 0  1 0  0 0  0 1
   201  0.5806915280635256E-06   4   1 1  1 0  0 0  0 1
   202  0.1953323881010918E-05   4   0 2  1 0  0 0  0 1
   203  0.5700449112449660E-02   4   1 0  2 0  0 0  0 1
   204  0.6072689507751670E-01   4   0 1  2 0  0 0  0 1
   205  0.1967873131876550E-06   4   0 0  3 0  0 0  0 1
   206  0.5172093070734392E-05   4   2 0  0 1  0 0  0 1
   207  0.1367322324460437E-05   4   1 1  0 1  0 0  0 1
   208  0.2436687733163499E-06   4   0 2  0 1  0 0  0 1
   209  -.9475726096832988E-03   4   1 0  1 1  0 0  0 1
   210  -.3578300796729901E-03   4   0 1  1 1  0 0  0 1
   211  0.4598968708671861E-05   4   0 0  2 1  0 0  0 1
   212  0.1609816513785999E-01   4   1 0  0 2  0 0  0 1
   213  0.2049482018152512E-02   4   0 1  0 2  0 0  0 1
   214  0.1854803834739099E-05   4   0 0  1 2  0 0  0 1
   215  0.1881041886438441E-06   4   0 0  0 3  0 0  0 1
   216  -.1541195198743073E-04   4   2 0  0 0  0 2  0 0
   217  -.1819755268742000E-04   4   1 1  0 0  0 2  0 0
   218  -.1298187311927988E-03   4   0 2  0 0  0 2  0 0
   219  -.4661308047213516E-06   4   1 0  1 0  0 2  0 0
   220  0.1678554848761730E-06   4   0 1  1 0  0 2  0 0
   221  -.6592782292722431E-05   4   0 0  2 0  0 2  0 0
   222  -.6294162079422357E-06   4   1 0  0 1  0 2  0 0
   223  -.5234527225389798E-05   4   0 1  0 1  0 2  0 0
   224  0.2612111381511023E-07   4   0 0  1 1  0 2  0 0
   225  -.4270145302134263E-04   4   0 0  0 2  0 2  0 0
   226  -.1431442829628787E-04   4   2 0  0 0  0 1  1 0
   227  -.2244256446514560E-04   4   1 1  0 0  0 1  1 0
   228  -.1562004035597120E-03   4   0 2  0 0  0 1  1 0
   229  -.3045363546480836E-06   4   1 0  1 0  0 1  1 0
   230  0.1703920432510329E-06   4   0 1  1 0  0 1  1 0
   231  -.7892804861785733E-05   4   0 0  2 0  0 1  1 0
   232  -.7558497746497475E-06   4   1 0  0 1  0 1  1 0
   233  -.6292582204118413E-05   4   0 1  0 1  0 1  1 0
   234  0.4363503631546379E-07   4   0 0  1 1  0 1  1 0
   235  -.5133701991212314E-04   4   0 0  0 2  0 1  1 0
   236  -.1533658069776038E-04   4   2 0  0 0  0 0  2 0
   237  -.1809930645558308E-04   4   1 1  0 0  0 0  2 0
   238  -.1291243715504934E-03   4   0 2  0 0  0 0  2 0
   239  -.4640656185940678E-06   4   1 0  1 0  0 0  2 0
   240  0.1670104018860141E-06   4   0 1  1 0  0 0  2 0
   241  -.6557585957159069E-05   4   0 0  2 0  0 0  2 0
   242  -.6260521227548550E-06   4   1 0  0 1  0 0  2 0
   243  -.5206538903533412E-05   4   0 1  0 1  0 0  2 0
   244  0.2596101944142653E-07   4   0 0  1 1  0 0  2 0
   245  -.4247312680612648E-04   4   0 0  0 2  0 0  2 0
   246  0.1731494947071094E-04   4   2 0  0 0  0 1  0 1
   247  0.1418617796131366E-04   4   1 1  0 0  0 1  0 1
   248  0.2018210223129521E-05   4   0 2  0 0  0 1  0 1
   249  0.6121484927032444E-06   4   1 0  1 0  0 1  0 1
   250  -.1735949078417764E-06   4   0 1  1 0  0 1  0 1
   251  0.5255274595968971E-05   4   0 0  2 0  0 1  0 1
   252  0.5057319840144456E-06   4   1 0  0 1  0 1  0 1
   253  0.7643127743955891E-07   4   0 1  0 1  0 1  0 1
   254  -.3092121225461698E-07   4   0 0  1 1  0 1  0 1
   255  0.2564801998547016E-06   4   0 0  0 2  0 1  0 1
   256  0.1725712500061998E-04   4   2 0  0 0  0 0  1 1
   257  0.1413880223985303E-04   4   1 1  0 0  0 0  1 1
   258  0.2011470270646145E-05   4   0 2  0 0  0 0  1 1
   259  0.6101041805169788E-06   4   1 0  1 0  0 0  1 1
   260  -.1730151756529295E-06   4   0 1  1 0  0 0  1 1
   261  0.5237724243355557E-05   4   0 0  2 0  0 0  1 1
   262  0.5040430571115311E-06   4   1 0  0 1  0 0  1 1
   263  0.7617602990771958E-07   4   0 1  0 1  0 0  1 1
   264  -.3081794872986814E-07   4   0 0  1 1  0 0  1 1
   265  0.2556236665064231E-06   4   0 0  0 2  0 0  1 1
   266  -.4972077781947313E-06   4   2 0  0 0  0 0  0 2
   267  -.1022575492983720E-06   4   1 1  0 0  0 0  0 2
   268  -.2311194861996894E-08   4   0 2  0 0  0 0  0 2
   269  0.1095420020387893E-07   4   1 0  1 0  0 0  0 2
   270  0.2307253921448512E-08   4   0 1  1 0  0 0  0 2
   271  0.1572166669612184E-11   4   0 0  2 0  0 0  0 2
   272  -.1651917104946011E-08   4   1 0  0 1  0 0  0 2
   273  0.5118333960466988E-10   4   0 1  0 1  0 0  0 2
   274  0.2755751024252116E-12   4   0 0  1 1  0 0  0 2
   275  0.2197039594049056E-09   4   0 0  0 2  0 0  0 2
   276  -.4972835009202625E-02   4   1 0  0 0  0 3  0 0
   277  -.8194336884243078E-01   4   0 1  0 0  0 3  0 0
   278  -.3969442446911388E-06   4   0 0  1 0  0 3  0 0
   279  -.4953839338291686E-07   4   0 0  0 1  0 3  0 0
   280  -.2997280326346354E-02   4   1 0  0 0  0 2  1 0
   281  -.4944207077146594E-01   4   0 1  0 0  0 2  1 0
   282  -.2382532635189769E-06   4   0 0  1 0  0 2  1 0
   283  -.5026273775839392E-07   4   0 0  0 1  0 2  1 0
   284  -.3007093387418000E-02   4   1 0  0 0  0 1  2 0
   285  -.4960351042983845E-01   4   0 1  0 0  0 1  2 0
   286  -.2390415623472332E-06   4   0 0  1 0  0 1  2 0
   287  -.5025828052940029E-07   4   0 0  0 1  0 1  2 0
   288  -.4942936314208488E-02   4   1 0  0 0  0 0  3 0
   289  -.8145060515666688E-01   4   0 1  0 0  0 0  3 0
   290  -.3945593150524087E-06   4   0 0  1 0  0 0  3 0
   291  -.4920659131469325E-07   4   0 0  0 1  0 0  3 0
   292  0.5991220101954390E-02   4   1 0  0 0  0 2  0 1
   293  0.6077181932722752E-03   4   0 1  0 0  0 2  0 1
   294  0.4763552531060012E-06   4   0 0  1 0  0 2  0 1
   295  0.4953644936295848E-07   4   0 0  0 1  0 2  0 1
   296  0.4022188463947072E-02   4   1 0  0 0  0 1  1 1
   297  0.6058092424986047E-03   4   0 1  0 0  0 1  1 1
   298  0.3181884212819093E-06   4   0 0  1 0  0 1  1 1
   299  0.4954585386314610E-07   4   0 0  0 1  0 1  1 1
   300  0.5964495820336230E-02   4   1 0  0 0  0 0  2 1
   301  0.6046771054659893E-03   4   0 1  0 0  0 0  2 1
   302  0.4742331257825115E-06   4   0 0  1 0  0 0  2 1
   303  0.4928828808281258E-07   4   0 0  0 1  0 0  2 1
   304  -.2891047673721568E-04   4   1 0  0 0  0 1  0 2
   305  0.3827595234620488E-05   4   0 1  0 0  0 1  0 2
   306  0.1238973677508881E-10   4   0 0  1 0  0 1  0 2
   307  0.2236058889040096E-11   4   0 0  0 1  0 1  0 2
   308  -.2881392820265615E-04   4   1 0  0 0  0 0  1 2
   309  0.3814812715876804E-05   4   0 1  0 0  0 0  1 2
   310  0.1234836039324745E-10   4   0 0  1 0  0 0  1 2
   311  0.2228591416085208E-11   4   0 0  0 1  0 0  1 2
   312  -.3686756729675172E-07   4   1 0  0 0  0 0  0 3
   313  -.4504868645682383E-08   4   0 1  0 0  0 0  0 3
   314  -.2910838555150779E-11   4   0 0  1 0  0 0  0 3
   315  -.3622382777679079E-12   4   0 0  0 1  0 0  0 3
   316  -.1237274722398755E-04   4   0 0  0 0  0 4  0 0
   317  -.7117906630060670E-05   4   0 0  0 0  0 3  1 0
   318  -.6422285580973856E-05   4   0 0  0 0  0 2  2 0
   319  -.7155011839454463E-05   4   0 0  0 0  0 1  3 0
   320  -.1227834942201992E-04   4   0 0  0 0  0 0  4 0
   321  0.7230344918339483E-07   4   0 0  0 0  0 3  0 1
   322  0.8506352154083941E-07   4   0 0  0 0  0 2  1 1
   323  0.8499839225557497E-07   4   0 0  0 0  0 1  2 1
   324  0.7179969357478869E-07   4   0 0  0 0  0 0  3 1
   325  0.3859728141413533E-09   4   0 0  0 0  0 2  0 2
   326  0.5507722227557714E-09   4   0 0  0 0  0 1  1 2
   327  0.3837641603146724E-09   4   0 0  0 0  0 0  2 2
   328  -.3898394486792979E-12   4   0 0  0 0  0 1  0 3
   329  -.3885375529054427E-12   4   0 0  0 0  0 0  1 3
   ----------------------------------------------------
     I  COEFFICIENT            ORDER EXPONENTS
     1  0.5920419409588174E-05   0   0 0  0 0  0 0  0 0
     2  0.1224703671428722       1   1 0  0 0  0 0  0 0
     3   1.015833367038307       1   0 1  0 0  0 0  0 0
     4  0.9760564472154563E-05   1   0 0  1 0  0 0  0 0
     5  0.1270923969591321E-05   1   0 0  0 1  0 0  0 0
     6  -.1402072313169051E-07   1   0 0  0 0  0 1  0 0
     7  -.1397389995805646E-07   1   0 0  0 0  0 0  1 0
     8  0.5948414032650363E-05   1   0 0  0 0  0 0  0 1
     9  -.4672116097420317E-05   2   2 0  0 0  0 0  0 0
    10  0.1949095804352696E-04   2   1 1  0 0  0 0  0 0
    11  -.3986280273155702E-06   2   0 2  0 0  0 0  0 0
    12  -.6097098969822117E-06   2   1 0  1 0  0 0  0 0
    13  0.1122567513166166E-05   2   0 1  1 0  0 0  0 0
    14  0.3220043866585218E-05   2   0 0  2 0  0 0  0 0
    15  0.1312872289896040E-05   2   1 0  0 1  0 0  0 0
    16  0.3365729521392782E-06   2   0 1  0 1  0 0  0 0
    17  -.2057820922466950E-04   2   0 0  1 1  0 0  0 0
    18  0.3035860952920498E-06   2   0 0  0 2  0 0  0 0
    19  -.4509822400579691E-03   2   1 0  0 0  0 1  0 0
    20  -.7944425817219637E-02   2   0 1  0 0  0 1  0 0
    21  -.1834068231779777E-09   2   0 0  1 0  0 1  0 0
    22  -.6356191516730537E-06   2   0 0  0 1  0 1  0 0
    23  -.4494761537078025E-03   2   1 0  0 0  0 0  1 0
    24  -.7917894858302608E-02   2   0 1  0 0  0 0  1 0
    25  -.1827943234192248E-09   2   0 0  1 0  0 0  1 0
    26  -.6334964575994985E-06   2   0 0  0 1  0 0  1 0
    27  0.1233708255366379       2   1 0  0 0  0 0  0 1
    28  0.1586232067552251E-01   2   0 1  0 0  0 0  0 1
    29  0.9760930673301161E-05   2   0 0  1 0  0 0  0 1
    30  0.1269115609272536E-05   2   0 0  0 1  0 0  0 1
    31  0.1062878456121447E-07   2   0 0  0 0  0 2  0 0
    32  0.7259291161397100E-08   2   0 0  0 0  0 1  1 0
    33  0.1058116746567173E-07   2   0 0  0 0  0 0  2 0
    34  -.2851675267799836E-07   2   0 0  0 0  0 1  0 1
    35  -.2842151901213049E-07   2   0 0  0 0  0 0  1 1
    36  0.2846908088300100E-07   2   0 0  0 0  0 0  0 2
    37  -.3666404702977589E-01   3   3 0  0 0  0 0  0 0
    38  -.1798834641245755E-01   3   2 1  0 0  0 0  0 0
    39  -.6433120965329715E-01   3   1 2  0 0  0 0  0 0
    40  -.2224744270319366E-03   3   0 3  0 0  0 0  0 0
    41  -.7691236385214251E-05   3   2 0  1 0  0 0  0 0
    42  -.1995517909103491E-05   3   1 1  1 0  0 0  0 0
    43  -.1957763051122173E-06   3   0 2  1 0  0 0  0 0
    44  0.2748795935227812E-01   3   1 0  2 0  0 0  0 0
    45  0.7218324967130243E-02   3   0 1  2 0  0 0  0 0
    46  0.2487678271511840E-05   3   0 0  3 0  0 0  0 0
    47  -.9949923769451201E-06   3   2 0  0 1  0 0  0 0
    48  -.1015308839578671E-04   3   1 1  0 1  0 0  0 0
    49  -.6770720013368195E-06   3   0 2  0 1  0 0  0 0
    50  -.4097116764572092E-03   3   1 0  1 1  0 0  0 0
    51  -.2595877734524978E-03   3   0 1  1 1  0 0  0 0
    52  0.9618655457679187E-06   3   0 0  2 1  0 0  0 0
    53  0.6239504393596009E-01   3   1 0  0 2  0 0  0 0
    54  0.1593669180710141E-01   3   0 1  0 2  0 0  0 0
    55  0.1920601431742421E-06   3   0 0  1 2  0 0  0 0
    56  0.6483998982279369E-06   3   0 0  0 3  0 0  0 0
    57  0.7444166325069852E-06   3   2 0  0 0  0 1  0 0
    58  -.9506460548892971E-05   3   1 1  0 0  0 1  0 0
    59  0.4398744186334585E-06   3   0 2  0 0  0 1  0 0
    60  -.3350815191548938E-06   3   1 0  1 0  0 1  0 0
    61  -.5629672952201690E-06   3   0 1  1 0  0 1  0 0
    62  -.2926323846707404E-10   3   0 0  2 0  0 1  0 0
    63  -.7554288254711944E-06   3   1 0  0 1  0 1  0 0
    64  -.3543409702222473E-06   3   0 1  0 1  0 1  0 0
    65  0.1060448441203673E-04   3   0 0  1 1  0 1  0 0
    66  -.2967905730844042E-06   3   0 0  0 2  0 1  0 0
    67  0.7419306017291293E-06   3   2 0  0 0  0 0  1 0
    68  -.9474713067064725E-05   3   1 1  0 0  0 0  1 0
    69  0.4384054276203852E-06   3   0 2  0 0  0 0  1 0
    70  -.3339624912700475E-06   3   1 0  1 0  0 0  1 0
    71  -.5610872270409582E-06   3   0 1  1 0  0 0  1 0
    72  -.2916551183563331E-10   3   0 0  2 0  0 0  1 0
    73  -.7529060187140425E-06   3   1 0  0 1  0 0  1 0
    74  -.3531576240698770E-06   3   0 1  0 1  0 0  1 0
    75  0.1056907000365210E-04   3   0 0  1 1  0 0  1 0
    76  -.2957994204595793E-06   3   0 0  0 2  0 0  1 0
    77  -.6158463331656546E-05   3   2 0  0 0  0 0  0 1
    78  0.1898117361595739E-04   3   1 1  0 0  0 0  0 1
    79  -.4796518189385686E-06   3   0 2  0 0  0 0  0 1
    80  0.5933411344271021E-07   3   1 0  1 0  0 0  0 1
    81  0.1124054522261164E-05   3   0 1  1 0  0 0  0 1
    82  0.3220102295335452E-05   3   0 0  2 0  0 0  0 1
    83  0.1508334844185312E-05   3   1 0  0 1  0 0  0 1
    84  0.3709256421528093E-06   3   0 1  0 1  0 0  0 1
    85  -.2117355441592170E-04   3   0 0  1 1  0 0  0 1
    86  0.2890038982516676E-06   3   0 0  0 2  0 0  0 1
    87  0.3386330137936454E-03   3   1 0  0 0  0 2  0 0
    88  0.5962273712405145E-02   3   0 1  0 0  0 2  0 0
    89  0.1920565004448255E-09   3   0 0  1 0  0 2  0 0
    90  0.4762987266931315E-06   3   0 0  0 1  0 2  0 0
    91  0.2270270818608546E-03   3   1 0  0 0  0 1  1 0
    92  0.3993271449128519E-02   3   0 1  0 0  0 1  1 0
    93  0.1944309743555746E-09   3   0 0  1 0  0 1  1 0
    94  0.3181611731925518E-06   3   0 0  0 1  0 1  1 0
    95  0.3371230391341994E-03   3   1 0  0 0  0 0  2 0
    96  0.5935694384439315E-02   3   0 1  0 0  0 0  2 0
    97  0.1910904571141649E-09   3   0 0  1 0  0 0  2 0
    98  0.4741768335751265E-06   3   0 0  0 1  0 0  2 0
    99  -.9042890952018869E-03   3   1 0  0 0  0 1  0 1
   100  -.7973391776553835E-02   3   0 1  0 0  0 1  0 1
   101  -.5574628619227522E-09   3   0 0  1 0  0 1  0 1
   102  -.6354764528981594E-06   3   0 0  0 1  0 1  0 1
   103  -.9012691592888421E-03   3   1 0  0 0  0 0  1 1
   104  -.7946764083814258E-02   3   0 1  0 0  0 0  1 1
   105  -.5556011761780657E-09   3   0 0  1 0  0 0  1 1
   106  -.6333542353770354E-06   3   0 0  0 1  0 0  1 1
   107  0.9027770335221121E-03   3   1 0  0 0  0 0  0 2
   108  0.2891694693354490E-04   3   0 1  0 0  0 0  0 2
   109  0.5359616270683738E-09   3   0 0  1 0  0 0  0 2
   110  -.1342790833359463E-10   3   0 0  0 1  0 0  0 2
   111  -.8882709357991040E-08   3   0 0  0 0  0 3  0 0
   112  -.5396853004149476E-08   3   0 0  0 0  0 2  1 0
   113  -.5414166137061959E-08   3   0 0  0 0  0 1  2 0
   114  -.8829231320773242E-08   3   0 0  0 0  0 0  3 0
   115  0.2141630533300914E-07   3   0 0  0 0  0 2  0 1
   116  0.1436296464674892E-07   3   0 0  0 0  0 1  1 1
   117  0.2132080095981320E-07   3   0 0  0 0  0 0  2 1
   118  -.1433946653463349E-07   3   0 0  0 0  0 1  0 2
   119  -.1429157889539213E-07   3   0 0  0 0  0 0  1 2
   120  0.5398818233574386E-10   3   0 0  0 0  0 0  0 3
   121  -.7710002471008282E-06   4   4 0  0 0  0 0  0 0
   122  -.2566010566347536E-04   4   3 1  0 0  0 0  0 0
   123  -.7175176505595674E-05   4   2 2  0 0  0 0  0 0
   124  0.1037565651183078E-04   4   1 3  0 0  0 0  0 0
   125  0.1077318622747754E-05   4   0 4  0 0  0 0  0 0
   126  -.1266856492273019E-09   4   3 0  1 0  0 0  0 0
   127  -.1155876293056483E-05   4   2 1  1 0  0 0  0 0
   128  -.3751214899613474E-06   4   1 2  1 0  0 0  0 0
   129  -.3021885816920468E-07   4   0 3  1 0  0 0  0 0
   130  0.3591757933436430E-07   4   2 0  2 0  0 0  0 0
   131  0.9889783644169710E-05   4   1 1  2 0  0 0  0 0
   132  0.2526854220505012E-05   4   0 2  2 0  0 0  0 0
   133  -.1133140203812020E-09   4   1 0  3 0  0 0  0 0
   134  0.2882866438029928E-06   4   0 1  3 0  0 0  0 0
   135  0.7236349031052937E-06   4   0 0  4 0  0 0  0 0
   136  -.1765317406784534E-08   4   3 0  0 1  0 0  0 0
   137  -.1037700999316484E-08   4   2 1  0 1  0 0  0 0
   138  -.6544126310891133E-06   4   1 2  0 1  0 0  0 0
   139  -.1665621830392179E-06   4   0 3  0 1  0 0  0 0
   140  0.1371430847063877E-04   4   2 0  1 1  0 0  0 0
   141  -.2533136475933543E-06   4   1 1  1 1  0 0  0 0
   142  -.2035236460485167E-04   4   0 2  1 1  0 0  0 0
   143  0.5782219804839602E-06   4   1 0  2 1  0 0  0 0
   144  0.1472186534208531E-06   4   0 1  2 1  0 0  0 0
   145  -.5656228588591894E-05   4   0 0  3 1  0 0  0 0
   146  0.4656694274272695E-05   4   2 0  0 2  0 0  0 0
   147  0.5409078193381385E-04   4   1 1  0 2  0 0  0 0
   148  -.1887589294933224E-05   4   0 2  0 2  0 0  0 0
   149  -.1309814111086908E-08   4   1 0  1 2  0 0  0 0
   150  0.1292582836705804E-05   4   0 1  1 2  0 0  0 0
   151  -.2907437050878577E-05   4   0 0  2 2  0 0  0 0
   152  -.6507689452948921E-06   4   1 0  0 3  0 0  0 0
   153  -.1665426395715139E-06   4   0 1  0 3  0 0  0 0
   154  -.1597039149160060E-06   4   0 0  1 3  0 0  0 0
   155  -.3086965043743157E-05   4   0 0  0 4  0 0  0 0
   156  0.7448388923074140E-02   4   3 0  0 0  0 1  0 0
   157  0.1376623433836437E-01   4   2 1  0 0  0 1  0 0
   158  0.6540283105773276E-01   4   1 2  0 0  0 1  0 0
   159  0.3878220026060801E-03   4   0 3  0 0  0 1  0 0
   160  -.1485592722410314E-05   4   2 0  1 0  0 1  0 0
   161  0.6148756181976292E-06   4   1 1  1 0  0 1  0 0
   162  0.1628199839872039E-06   4   0 2  1 0  0 1  0 0
   163  0.1948507035173554E-01   4   1 0  2 0  0 1  0 0
   164  -.2954266937146921E-02   4   0 1  2 0  0 1  0 0
   165  0.5462159923005677E-06   4   0 0  3 0  0 1  0 0
   166  0.2969763707015688E-06   4   2 0  0 1  0 1  0 0
   167  0.1010253422172326E-04   4   1 1  0 1  0 1  0 0
   168  0.1010709757536822E-05   4   0 2  0 1  0 1  0 0
   169  0.9152514274907856E-02   4   1 0  1 1  0 1  0 0
   170  0.2030350602721202E-02   4   0 1  1 1  0 1  0 0
   171  -.2622122411147374E-06   4   0 0  2 1  0 1  0 0
   172  -.6247367733370935E-01   4   1 0  0 2  0 1  0 0
   173  -.2383660091984572E-01   4   0 1  0 2  0 1  0 0
   174  -.1556423632789473E-06   4   0 0  1 2  0 1  0 0
   175  -.9719064407869953E-06   4   0 0  0 3  0 1  0 0
   176  0.7423514513637550E-02   4   3 0  0 0  0 0  1 0
   177  0.1372026104764771E-01   4   2 1  0 0  0 0  1 0
   178  0.6518441378456856E-01   4   1 2  0 0  0 0  1 0
   179  0.3865268442332215E-03   4   0 3  0 0  0 0  1 0
   180  -.1480631482870479E-05   4   2 0  1 0  0 0  1 0
   181  0.6128221985873802E-06   4   1 1  1 0  0 0  1 0
   182  0.1622762354010176E-06   4   0 2  1 0  0 0  1 0
   183  0.1941999861302326E-01   4   1 0  2 0  0 0  1 0
   184  -.2944400958592420E-02   4   0 1  2 0  0 0  1 0
   185  0.5443918662548383E-06   4   0 0  3 0  0 0  1 0
   186  0.2959845975927695E-06   4   2 0  0 1  0 0  1 0
   187  0.1006879611068018E-04   4   1 1  0 1  0 0  1 0
   188  0.1007334422469144E-05   4   0 2  0 1  0 0  1 0
   189  0.9121948821116575E-02   4   1 0  1 1  0 0  1 0
   190  0.2023570106600922E-02   4   0 1  1 1  0 0  1 0
   191  -.2613365652186250E-06   4   0 0  2 1  0 0  1 0
   192  -.6226504217178913E-01   4   1 0  0 2  0 0  1 0
   193  -.2375699694414249E-01   4   0 1  0 2  0 0  1 0
   194  -.1551225848530530E-06   4   0 0  1 2  0 0  1 0
   195  -.9686606920765219E-06   4   0 0  0 3  0 0  1 0
   196  -.5153595046648747E-01   4   3 0  0 0  0 0  0 1
   197  -.2748649538601277E-01   4   2 1  0 0  0 0  0 1
   198  -.6625603518900496E-01   4   1 2  0 0  0 0  0 1
   199  -.3293999927757526E-03   4   0 3  0 0  0 0  0 1
   200  -.4725012179933461E-05   4   2 0  1 0  0 0  0 1
   201  -.1227697816785036E-05   4   1 1  1 0  0 0  0 1
   202  -.1293199142760288E-06   4   0 2  1 0  0 0  0 1
   203  -.1141710961248056E-01   4   1 0  2 0  0 0  0 1
   204  0.5898667895738921E-02   4   0 1  2 0  0 0  0 1
   205  0.1397070412956446E-05   4   0 0  3 0  0 0  0 1
   206  -.5929609682943287E-06   4   2 0  0 1  0 0  0 1
   207  -.1001824193661689E-04   4   1 1  0 1  0 0  0 1
   208  -.6639001773323490E-06   4   0 2  0 1  0 0  0 1
   209  -.1827446309602539E-01   4   1 0  1 1  0 0  0 1
   210  -.3794332935868627E-02   4   0 1  1 1  0 0  0 1
   211  0.5235488063332820E-06   4   0 0  2 1  0 0  0 1
   212  0.6234367556953892E-01   4   1 0  0 2  0 0  0 1
   213  0.1572021424978387E-01   4   0 1  0 2  0 0  0 1
   214  0.1187048049617918E-06   4   0 0  1 2  0 0  0 1
   215  0.6437673364075554E-06   4   0 0  0 3  0 0  0 1
   216  0.2076968586543168E-05   4   2 0  0 0  0 2  0 0
   217  0.3051152421430127E-04   4   1 1  0 0  0 2  0 0
   218  0.1528136204201434E-05   4   0 2  0 0  0 2  0 0
   219  0.4863630305422336E-07   4   1 0  1 0  0 2  0 0
   220  0.4990466686654392E-06   4   0 1  1 0  0 2  0 0
   221  0.4969275461968404E-07   4   0 0  2 0  0 2  0 0
   222  -.8157611673111664E-06   4   1 0  0 1  0 2  0 0
   223  -.2909730657244010E-06   4   0 1  0 1  0 2  0 0
   224  -.7223641728787265E-05   4   0 0  1 1  0 2  0 0
   225  -.6463952390960710E-05   4   0 0  0 2  0 2  0 0
   226  0.1939614547888563E-05   4   2 0  0 0  0 1  1 0
   227  0.2821411327596013E-04   4   1 1  0 0  0 1  1 0
   228  0.1594142032171895E-05   4   0 2  0 0  0 1  1 0
   229  0.9463873442335298E-07   4   1 0  1 0  0 1  1 0
   230  0.3498005674038795E-06   4   0 1  1 0  0 1  1 0
   231  0.1028597289949645E-06   4   0 0  2 0  0 1  1 0
   232  -.9784970080290515E-06   4   1 0  0 1  0 1  1 0
   233  -.4145023792417765E-06   4   0 1  0 1  0 1  1 0
   234  -.4450126207024161E-05   4   0 0  1 1  0 1  1 0
   235  -.7474796254336059E-05   4   0 0  0 2  0 1  1 0
   236  0.2066793668047655E-05   4   2 0  0 0  0 0  2 0
   237  0.3036251738073474E-04   4   1 1  0 0  0 0  2 0
   238  0.1520371014034712E-05   4   0 2  0 0  0 0  2 0
   239  0.4831585246355186E-07   4   1 0  1 0  0 0  2 0
   240  0.4967959762533124E-06   4   0 1  1 0  0 0  2 0
   241  0.4935504864633784E-07   4   0 0  2 0  0 0  2 0
   242  -.8114029973473618E-06   4   1 0  0 1  0 0  2 0
   243  -.2893092114001124E-06   4   0 1  0 1  0 0  2 0
   244  -.7192087126164998E-05   4   0 0  1 1  0 0  2 0
   245  -.6429884276068411E-05   4   0 0  0 2  0 0  2 0
   246  -.3714914246762223E-05   4   2 0  0 0  0 1  0 1
   247  -.3381144275779258E-04   4   1 1  0 0  0 1  0 1
   248  -.1526030466753895E-05   4   0 2  0 0  0 1  0 1
   249  -.9596020858008764E-07   4   1 0  1 0  0 1  0 1
   250  -.6772868398549358E-06   4   0 1  1 0  0 1  0 1
   251  -.7127086170969174E-06   4   0 0  2 0  0 1  0 1
   252  0.6513956527322886E-06   4   1 0  0 1  0 1  0 1
   253  0.1643427568741207E-06   4   0 1  0 1  0 1  0 1
   254  0.9232530779174694E-05   4   0 0  1 1  0 1  0 1
   255  0.5391500763376750E-05   4   0 0  0 2  0 1  0 1
   256  -.3702508033962365E-05   4   2 0  0 0  0 0  1 1
   257  -.3369852710858509E-04   4   1 1  0 0  0 0  1 1
   258  -.1520934182572883E-05   4   0 2  0 0  0 0  1 1
   259  -.9563974283340180E-07   4   1 0  1 0  0 0  1 1
   260  -.6750249936577843E-06   4   0 1  1 0  0 0  1 1
   261  -.7103284774272855E-06   4   0 0  2 0  0 0  1 1
   262  0.6492202719434214E-06   4   1 0  0 1  0 0  1 1
   263  0.1637939228826841E-06   4   0 1  0 1  0 0  1 1
   264  0.9201698104738783E-05   4   0 0  1 1  0 0  1 1
   265  0.5373495474065070E-05   4   0 0  0 2  0 0  1 1
   266  0.1334045518744017E-05   4   2 0  0 0  0 0  0 2
   267  0.6531941656395777E-06   4   1 1  0 0  0 0  0 2
   268  0.2431511940837782E-07   4   0 2  0 0  0 0  0 2
   269  0.9061501095263699E-11   4   1 0  1 0  0 0  0 2
   270  0.9454677067155901E-08   4   0 1  1 0  0 0  0 2
   271  0.1221129525541798E-05   4   0 0  2 0  0 0  0 2
   272  0.9338028954614603E-12   4   1 0  0 1  0 0  0 2
   273  0.3502456524414969E-13   4   0 1  0 1  0 0  0 2
   274  0.4764747469617498E-06   4   0 0  1 1  0 0  0 2
   275  0.2387714765542535E-07   4   0 0  0 2  0 0  0 2
   276  -.2825484274562564E-03   4   1 0  0 0  0 3  0 0
   277  -.4972827921441163E-02   4   0 1  0 0  0 3  0 0
   278  -.1828263561995573E-09   4   0 0  1 0  0 3  0 0
   279  -.3969528867426790E-06   4   0 0  0 1  0 3  0 0
   280  -.1705704311879489E-03   4   1 0  0 0  0 2  1 0
   281  -.2997274012362987E-02   4   0 1  0 0  0 2  1 0
   282  -.1749542564115698E-09   4   0 0  1 0  0 2  1 0
   283  -.2384234167026478E-06   4   0 0  0 1  0 2  1 0
   284  -.1711266417950444E-03   4   1 0  0 0  0 1  2 0
   285  -.3007087069676979E-02   4   0 1  0 0  0 1  2 0
   286  -.1749906324811354E-09   4   0 0  1 0  0 1  2 0
   287  -.2392109062203032E-06   4   0 0  0 1  0 1  2 0
   288  -.2808491830170731E-03   4   1 0  0 0  0 0  3 0
   289  -.4942929272459768E-02   4   0 1  0 0  0 0  3 0
   290  -.1816193578819094E-09   4   0 0  1 0  0 0  3 0
   291  -.3945676305433764E-06   4   0 0  0 1  0 0  3 0
   292  0.6795866593026137E-03   4   1 0  0 0  0 2  0 1
   293  0.5991211036816699E-02   4   0 1  0 0  0 2  0 1
   294  0.5456197721571088E-09   4   0 0  1 0  0 2  0 1
   295  0.4763876001869236E-06   4   0 0  0 1  0 2  0 1
   296  0.4563749567386402E-03   4   1 0  0 0  0 1  1 1
   297  0.4022180631128443E-02   4   0 1  0 0  0 1  1 1
   298  0.5338495670816809E-09   4   0 0  1 0  0 1  1 1
   299  0.3183542366106172E-06   4   0 0  0 1  0 1  1 1
   300  0.6765550848494962E-03   4   1 0  0 0  0 0  2 1
   301  0.5964486798551326E-02   4   0 1  0 0  0 0  2 1
   302  0.5429062239299912E-09   4   0 0  1 0  0 0  2 1
   303  0.4742650878947858E-06   4   0 0  0 1  0 0  2 1
   304  -.4556316259782498E-03   4   1 0  0 0  0 1  0 2
   305  -.2890991550845628E-04   4   0 1  0 0  0 1  0 2
   306  -.5475559723632672E-09   4   0 0  1 0  0 1  0 2
   307  0.1777350505178712E-10   4   0 0  0 1  0 1  0 2
   308  -.4541100126825604E-03   4   1 0  0 0  0 0  1 2
   309  -.2881336884816183E-04   4   0 1  0 0  0 0  1 2
   310  -.5457273713613060E-09   4   0 0  1 0  0 0  1 2
   311  0.1771414920358121E-10   4   0 0  0 1  0 0  1 2
   312  0.2321535046242833E-05   4   1 0  0 0  0 0  0 3
   313  -.3686983691684466E-07   4   0 1  0 0  0 0  0 3
   314  0.1857739051294226E-09   4   0 0  1 0  0 0  0 3
   315  -.2877279231287046E-11   4   0 0  0 1  0 0  0 3
   316  -.7510798501077111E-06   4   0 0  0 0  0 4  0 0
   317  -.4314735305076774E-06   4   0 0  0 0  0 3  1 0
   318  -.3891778879078170E-06   4   0 0  0 0  0 2  2 0
   319  -.4337303151817826E-06   4   0 0  0 0  0 1  3 0
   320  -.7453505117060180E-06   4   0 0  0 0  0 0  4 0
   321  0.8611243812360225E-06   4   0 0  0 0  0 3  0 1
   322  0.5210174971607812E-06   4   0 0  0 0  0 2  1 1
   323  0.5227068069966486E-06   4   0 0  0 0  0 1  2 1
   324  0.8559436391353597E-06   4   0 0  0 0  0 0  3 1
   325  -.3124284991484474E-08   4   0 0  0 0  0 2  0 2
   326  -.3741968665551178E-08   4   0 0  0 0  0 1  1 2
   327  -.3107602944440790E-08   4   0 0  0 0  0 0  2 2
   328  -.3190698579726396E-11   4   0 0  0 0  0 1  0 3
   329  -.3180043021365996E-11   4   0 0  0 0  0 0  1 3
   ----------------------------------------------------
     I  COEFFICIENT            ORDER EXPONENTS
     1  0.2890831400959337E-05   0   0 0  0 0  0 0  0 0
     2  0.1266776620689278E-05   1   1 0  0 0  0 0  0 0
     3  0.4900311190052883E-07   1   0 1  0 0  0 0  0 0
     4  0.9842246629587558       1   0 0  1 0  0 0  0 0
     5  0.2593812353033859       1   0 0  0 1  0 0  0 0
     6  -.8350329399790626E-07   1   0 0  0 0  0 1  0 0
     7  -.8322442897814648E-07   1   0 0  0 0  0 0  1 0
     8  0.1667277229790755E-06   1   0 0  0 0  0 0  0 1
     9  -.7140261959975237E-06   2   2 0  0 0  0 0  0 0
    10  -.2570637634488494E-08   2   1 1  0 0  0 0  0 0
    11  0.1536101798236377E-06   2   0 2  0 0  0 0  0 0
    12  0.2158929961568647E-04   2   1 0  1 0  0 0  0 0
    13  0.4188468485975074E-07   2   0 1  1 0  0 0  0 0
    14  0.6704563809446817E-06   2   0 0  2 0  0 0  0 0
    15  -.5855809351419633E-05   2   1 0  0 1  0 0  0 0
    16  -.1074157735229174E-06   2   0 1  0 1  0 0  0 0
    17  0.1110322591924435E-05   2   0 0  1 1  0 0  0 0
    18  0.3092250895410472E-06   2   0 0  0 2  0 0  0 0
    19  -.6353509987328821E-06   2   1 0  0 0  0 1  0 0
    20  -.4932030288323159E-07   2   0 1  0 0  0 1  0 0
    21  0.7886287222359314E-02   2   0 0  1 0  0 1  0 0
    22  -.1295963772697208       2   0 0  0 1  0 1  0 0
    23  -.6332292001746108E-06   2   1 0  0 0  0 0  1 0
    24  -.4915559432408661E-07   2   0 1  0 0  0 0  1 0
    25  0.7859950421296764E-02   2   0 0  1 0  0 0  1 0
    26  -.1291635812136880       2   0 0  0 1  0 0  1 0
    27  0.1268580198907546E-05   2   1 0  0 0  0 0  0 1
    28  0.4947278527203203E-07   2   0 1  0 0  0 0  0 1
    29  -.1574623764365629E-01   2   0 0  1 0  0 0  0 1
    30  -.6212768199771050E-03   2   0 0  0 1  0 0  0 1
    31  0.6250571204266267E-07   2   0 0  0 0  0 2  0 0
    32  0.4164751159707052E-07   2   0 0  0 0  0 1  1 0
    33  0.6222742753628589E-07   2   0 0  0 0  0 0  2 0
    34  -.8315590413208790E-07   2   0 0  0 0  0 1  0 1
    35  -.8287819924478797E-07   2   0 0  0 0  0 0  1 1
    36  -.3468038881737633E-09   2   0 0  0 0  0 0  0 2
    37  -.3245145368566626E-06   3   3 0  0 0  0 0  0 0
    38  0.4973819094198709E-05   3   2 1  0 0  0 0  0 0
    39  0.1921301729082094E-05   3   1 2  0 0  0 0  0 0
    40  0.1891708627979662E-06   3   0 3  0 0  0 0  0 0
    41  0.7230168127823206E-02   3   2 0  1 0  0 0  0 0
    42  0.1826696351463725E-03   3   1 1  1 0  0 0  0 0
    43  -.1561749353679162E-01   3   0 2  1 0  0 0  0 0
    44  0.9894236349669548E-06   3   1 0  2 0  0 0  0 0
    45  0.4789461220860909E-05   3   0 1  2 0  0 0  0 0
    46  -.9990332819861971E-03   3   0 0  3 0  0 0  0 0
    47  -.6050652390683983E-01   3   2 0  0 1  0 0  0 0
    48  -.9942901743195696E-04   3   1 1  0 1  0 0  0 0
    49  0.1279475744498984       3   0 2  0 1  0 0  0 0
    50  -.1829650762262636E-06   3   1 0  1 1  0 0  0 0
    51  0.1233393175743420E-05   3   0 1  1 1  0 0  0 0
    52  -.5806168644773818E-01   3   0 0  2 1  0 0  0 0
    53  0.1885284694216322E-05   3   1 0  0 2  0 0  0 0
    54  0.2351185744541828E-06   3   0 1  0 2  0 0  0 0
    55  -.3107288500746129E-01   3   0 0  1 2  0 0  0 0
    56  0.1273446650507883       3   0 0  0 3  0 0  0 0
    57  0.3513211510804333E-06   3   2 0  0 0  0 1  0 0
    58  -.1768961291618840E-08   3   1 1  0 0  0 1  0 0
    59  -.2301760500241204E-06   3   0 2  0 0  0 1  0 0
    60  -.1077260940527629E-04   3   1 0  1 0  0 1  0 0
    61  -.3362632331954786E-07   3   0 1  1 0  0 1  0 0
    62  -.3087481454030858E-06   3   0 0  2 0  0 1  0 0
    63  0.5877799322625067E-05   3   1 0  0 1  0 1  0 0
    64  0.1654786572538759E-06   3   0 1  0 1  0 1  0 0
    65  -.1082800793931696E-05   3   0 0  1 1  0 1  0 0
    66  -.4623586218858381E-06   3   0 0  0 2  0 1  0 0
    67  0.3501478898227361E-06   3   2 0  0 0  0 0  1 0
    68  -.1763053723161159E-08   3   1 1  0 0  0 0  1 0
    69  -.2294073612016212E-06   3   0 2  0 0  0 0  1 0
    70  -.1073663353186063E-04   3   1 0  1 0  0 0  1 0
    71  -.3351402588949063E-07   3   0 1  1 0  0 0  1 0
    72  -.3077170596393242E-06   3   0 0  2 0  0 0  1 0
    73  0.5858170005675205E-05   3   1 0  0 1  0 0  1 0
    74  0.1649260298446269E-06   3   0 1  0 1  0 0  1 0
    75  -.1079184705866919E-05   3   0 0  1 1  0 0  1 0
    76  -.4608145433225243E-06   3   0 0  0 2  0 0  1 0
    77  -.7014690409032282E-06   3   2 0  0 0  0 0  0 1
    78  0.6102652649270483E-08   3   1 1  0 0  0 0  0 1
    79  0.1523630515784806E-06   3   0 2  0 0  0 0  0 1
    80  0.2150924293713690E-04   3   1 0  1 0  0 0  0 1
    81  0.2525566434928798E-07   3   0 1  1 0  0 0  0 1
    82  0.6164652050424154E-06   3   0 0  2 0  0 0  0 1
    83  -.5880159976880772E-05   3   1 0  0 1  0 0  0 1
    84  -.1155731400522545E-06   3   0 1  0 1  0 0  0 1
    85  0.1051662907874202E-05   3   0 0  1 1  0 0  0 1
    86  0.3047229861262691E-06   3   0 0  0 2  0 0  0 1
    87  0.4762808414651734E-06   3   1 0  0 0  0 2  0 0
    88  0.4840636887481526E-07   3   0 1  0 0  0 2  0 0
    89  -.5904130771013386E-02   3   0 0  1 0  0 2  0 0
    90  0.9698697747297265E-01   3   0 0  0 1  0 2  0 0
    91  0.3182317950397543E-06   3   1 0  0 0  0 1  1 0
    92  0.4827381547890652E-07   3   0 1  0 0  0 1  1 0
    93  -.3935126148771789E-02   3   0 0  1 0  0 1  1 0
    94  0.6459394070578423E-01   3   0 0  0 1  0 1  1 0
    95  0.4741588901853723E-06   3   1 0  0 0  0 0  2 0
    96  0.4816410558758119E-07   3   0 1  0 0  0 0  2 0
    97  -.5877842705541496E-02   3   0 0  1 0  0 0  2 0
    98  0.9655522479665427E-01   3   0 0  0 1  0 0  2 0
    99  -.6353747452316837E-06   3   1 0  0 0  0 1  0 1
   100  -.4948095081054824E-07   3   0 1  0 0  0 1  0 1
   101  0.7857102555430437E-02   3   0 0  1 0  0 1  0 1
   102  0.6248358703221735E-03   3   0 0  0 1  0 1  0 1
   103  -.6332528673703408E-06   3   1 0  0 0  0 0  1 1
   104  -.4931570575655328E-07   3   0 1  0 0  0 0  1 1
   105  0.7830863218579587E-02   3   0 0  1 0  0 0  1 1
   106  0.6227491877617596E-03   3   0 0  0 1  0 0  1 1
   107  -.1029590402344930E-10   3   1 0  0 0  0 0  0 2
   108  -.7730034166094858E-12   3   0 1  0 0  0 0  0 2
   109  0.2913524616197798E-04   3   0 0  1 0  0 0  0 2
   110  -.2515873361684855E-05   3   0 0  0 1  0 0  0 2
   111  -.5202435417646891E-07   3   0 0  0 0  0 3  0 0
   112  -.3109689398806691E-07   3   0 0  0 0  0 2  1 0
   113  -.3120085673065074E-07   3   0 0  0 0  0 1  2 0
   114  -.5171199506529845E-07   3   0 0  0 0  0 0  3 0
   115  0.6215814943905669E-07   3   0 0  0 0  0 2  0 1
   116  0.4129971436041692E-07   3   0 0  0 0  0 1  1 1
   117  0.6188160638785073E-07   3   0 0  0 0  0 0  2 1
   118  0.3479029721651488E-09   3   0 0  0 0  0 1  0 2
   119  0.3467411261521296E-09   3   0 0  0 0  0 0  1 2
   120  -.3453709320455751E-12   3   0 0  0 0  0 0  0 3
   121  0.4345339723872659E-09   4   4 0  0 0  0 0  0 0
   122  -.2035813651950905E-09   4   3 1  0 0  0 0  0 0
   123  0.3171450560888778E-06   4   2 2  0 0  0 0  0 0
   124  -.4954043876780933E-10   4   1 3  0 0  0 0  0 0
   125  -.1009597950404127E-05   4   0 4  0 0  0 0  0 0
   126  -.4532424711734172E-05   4   3 0  1 0  0 0  0 0
   127  0.5354762878618150E-05   4   2 1  1 0  0 0  0 0
   128  0.2269532927209364E-04   4   1 2  1 0  0 0  0 0
   129  0.1093475885797896E-04   4   0 3  1 0  0 0  0 0
   130  -.2574812634059617E-06   4   2 0  2 0  0 0  0 0
   131  0.3094020802407448E-06   4   1 1  2 0  0 0  0 0
   132  0.1538529463210254E-05   4   0 2  2 0  0 0  0 0
   133  0.6356952785916693E-05   4   1 0  3 0  0 0  0 0
   134  0.2865606212989350E-05   4   0 1  3 0  0 0  0 0
   135  0.3634700182477805E-06   4   0 0  4 0  0 0  0 0
   136  -.1165719190476973E-05   4   3 0  0 1  0 0  0 0
   137  -.5379787920685343E-04   4   2 1  0 1  0 0  0 0
   138  -.1503028979245816E-04   4   1 2  0 1  0 0  0 0
   139  -.6683435680798224E-04   4   0 3  0 1  0 0  0 0
   140  -.2950482136524583E-06   4   2 0  1 1  0 0  0 0
   141  -.2484348690057529E-05   4   1 1  1 1  0 0  0 0
   142  0.8908586424775939E-06   4   0 2  1 1  0 0  0 0
   143  -.2502522689968068E-05   4   1 0  2 1  0 0  0 0
   144  -.1058168296582043E-04   4   0 1  2 1  0 0  0 0
   145  -.4323910118699610E-07   4   0 0  3 1  0 0  0 0
   146  0.8973193438722949E-06   4   2 0  0 2  0 0  0 0
   147  -.3318178300079863E-06   4   1 1  0 2  0 0  0 0
   148  -.6006851124454600E-05   4   0 2  0 2  0 0  0 0
   149  0.9401952610884872E-06   4   1 0  1 2  0 0  0 0
   150  0.1078246983934274E-04   4   0 1  1 2  0 0  0 0
   151  0.8515037112543895E-06   4   0 0  2 2  0 0  0 0
   152  -.6684151554356379E-05   4   1 0  0 3  0 0  0 0
   153  -.6602211992006633E-04   4   0 1  0 3  0 0  0 0
   154  0.1040768928475414E-05   4   0 0  1 3  0 0  0 0
   155  -.4948410754946699E-05   4   0 0  0 4  0 0  0 0
   156  0.8993126844659201E-07   4   3 0  0 0  0 1  0 0
   157  -.5079422699655634E-05   4   2 1  0 0  0 1  0 0
   158  -.2902357445207147E-05   4   1 2  0 0  0 1  0 0
   159  -.3799398697042326E-06   4   0 3  0 0  0 1  0 0
   160  -.2887927342040538E-02   4   2 0  1 0  0 1  0 0
   161  0.3337374178262486E-03   4   1 1  1 0  0 1  0 0
   162  0.2341095768245828E-01   4   0 2  1 0  0 1  0 0
   163  -.2982448935271823E-06   4   1 0  2 0  0 1  0 0
   164  -.4703963162022136E-05   4   0 1  2 0  0 1  0 0
   165  -.3994920990813651E-03   4   0 0  3 0  0 1  0 0
   166  0.6077812770932709E-01   4   2 0  0 1  0 1  0 0
   167  0.2780779799296228E-03   4   1 1  0 1  0 1  0 0
   168  -.1912113100022183       4   0 2  0 1  0 1  0 0
   169  0.3717335676158470E-06   4   1 0  1 1  0 1  0 0
   170  -.1822564395234334E-05   4   0 1  1 1  0 1  0 0
   171  0.5651289953025519E-01   4   0 0  2 1  0 1  0 0
   172  -.2817316258218953E-05   4   1 0  0 2  0 1  0 0
   173  -.4707176851980203E-06   4   0 1  0 2  0 1  0 0
   174  0.4638064617472636E-01   4   0 0  1 2  0 1  0 0
   175  -.1900157208178735       4   0 0  0 3  0 1  0 0
   176  0.8963093676203992E-07   4   3 0  0 0  0 0  1 0
   177  -.5062459616600005E-05   4   2 1  0 0  0 0  1 0
   178  -.2892664821987694E-05   4   1 2  0 0  0 0  1 0
   179  -.3786710342583620E-06   4   0 3  0 0  0 0  1 0
   180  -.2878282909147666E-02   4   2 0  1 0  0 0  1 0
   181  0.3326228786606251E-03   4   1 1  1 0  0 0  1 0
   182  0.2333277517175561E-01   4   0 2  1 0  0 0  1 0
   183  -.2972488840987619E-06   4   1 0  2 0  0 0  1 0
   184  -.4688253952033886E-05   4   0 1  2 0  0 0  1 0
   185  -.3981579676145752E-03   4   0 0  3 0  0 0  1 0
   186  0.6057515495252765E-01   4   2 0  0 1  0 0  1 0
   187  0.2771493193027268E-03   4   1 1  0 1  0 0  1 0
   188  -.1905727466211943       4   0 2  0 1  0 0  1 0
   189  0.3704921376827800E-06   4   1 0  1 1  0 0  1 0
   190  -.1816477815510898E-05   4   0 1  1 1  0 0  1 0
   191  0.5632417079765514E-01   4   0 0  2 1  0 0  1 0
   192  -.2807907635919152E-05   4   1 0  0 2  0 0  1 0
   193  -.4691456909652531E-06   4   0 1  0 2  0 0  1 0
   194  0.4622575480227032E-01   4   0 0  1 2  0 0  1 0
   195  -.1893811501895367       4   0 0  0 3  0 0  1 0
   196  -.1795622052086320E-06   4   3 0  0 0  0 0  0 1
   197  0.5168063222056926E-05   4   2 1  0 0  0 0  0 1
   198  0.1952418809030624E-05   4   1 2  0 0  0 0  0 1
   199  0.1910983157121931E-06   4   0 3  0 0  0 0  0 1
   200  0.5766210251188224E-02   4   2 0  1 0  0 0  0 1
   201  -.8490299316333137E-03   4   1 1  1 0  0 0  0 1
   202  -.1550874578063066E-01   4   0 2  1 0  0 0  0 1
   203  0.5954937776259775E-06   4   1 0  2 0  0 0  0 1
   204  0.4602755893195118E-05   4   0 1  2 0  0 0  0 1
   205  0.7976500666959021E-03   4   0 0  3 0  0 0  0 1
   206  -.6084675875501496E-01   4   2 0  0 1  0 0  0 1
   207  -.3563692643683941E-03   4   1 1  0 1  0 0  0 1
   208  -.2058666726281228E-02   4   0 2  0 1  0 0  0 1
   209  -.5592606290724128E-06   4   1 0  1 1  0 0  0 1
   210  0.1172255859258376E-05   4   0 1  1 1  0 0  0 1
   211  -.5477538388017207E-01   4   0 0  2 1  0 0  0 1
   212  0.1854654505705488E-05   4   1 0  0 2  0 0  0 1
   213  0.2345076529443799E-06   4   0 1  0 2  0 0  0 1
   214  -.3046063096207383E-01   4   0 0  1 2  0 0  0 1
   215  -.2637124144954451E-02   4   0 0  0 3  0 0  0 1
   216  0.3964972649941144E-06   4   2 0  0 0  0 2  0 0
   217  0.5551829510218184E-09   4   1 1  0 0  0 2  0 0
   218  -.2527540393042746E-05   4   0 2  0 0  0 2  0 0
   219  0.8085816355194762E-05   4   1 0  1 0  0 2  0 0
   220  0.1014356951319562E-04   4   0 1  1 0  0 2  0 0
   221  0.8207447677754733E-06   4   0 0  2 0  0 2  0 0
   222  -.2637416155480371E-05   4   1 0  0 1  0 2  0 0
   223  -.8246631822782198E-04   4   0 1  0 1  0 2  0 0
   224  0.1050871825428796E-05   4   0 0  1 1  0 2  0 0
   225  -.7482285524732879E-05   4   0 0  0 2  0 2  0 0
   226  0.4764142339138368E-06   4   2 0  0 0  0 1  1 0
   227  0.1362156330630712E-08   4   1 1  0 0  0 1  1 0
   228  -.3021781339276283E-05   4   0 2  0 0  0 1  1 0
   229  0.5508729367269666E-05   4   1 0  1 0  0 1  1 0
   230  0.1214098118078348E-04   4   0 1  1 0  0 1  1 0
   231  0.7291836401666053E-06   4   0 0  2 0  0 1  1 0
   232  -.2605716850286260E-05   4   1 0  0 1  0 1  1 0
   233  -.9858736338054364E-04   4   0 1  0 1  0 1  1 0
   234  0.1289406749851532E-05   4   0 0  1 1  0 1  1 0
   235  -.8937264847266616E-05   4   0 0  0 2  0 1  1 0
   236  0.3943776258572626E-06   4   2 0  0 0  0 0  2 0
   237  0.5510543716083782E-09   4   1 1  0 0  0 0  2 0
   238  -.2514053773483538E-05   4   0 2  0 0  0 0  2 0
   239  0.8049614821640145E-05   4   1 0  1 0  0 0  2 0
   240  0.1008942153920940E-04   4   0 1  1 0  0 0  2 0
   241  0.8167862543424264E-06   4   0 0  2 0  0 0  2 0
   242  -.2624257336274860E-05   4   1 0  0 1  0 0  2 0
   243  -.8202629660446488E-04   4   0 1  0 1  0 0  2 0
   244  0.1045209334895638E-05   4   0 0  1 1  0 0  2 0
   245  -.7442374608525253E-05   4   0 0  0 2  0 0  2 0
   246  -.3177800529178596E-06   4   2 0  0 0  0 1  0 1
   247  -.1078157161500854E-08   4   1 1  0 0  0 1  0 1
   248  -.1555574144302098E-07   4   0 2  0 0  0 1  0 1
   249  -.1094257950747600E-04   4   1 0  1 0  0 1  0 1
   250  -.8072620054516742E-05   4   0 1  1 0  0 1  0 1
   251  -.8667729225977982E-06   4   0 0  2 0  0 1  0 1
   252  0.2589940227111981E-05   4   1 0  0 1  0 1  0 1
   253  -.1266294242872325E-05   4   0 1  0 1  0 1  0 1
   254  -.7986234571153995E-06   4   0 0  1 1  0 1  0 1
   255  -.1201318842735670E-06   4   0 0  0 2  0 1  0 1
   256  -.3167188044749152E-06   4   2 0  0 0  0 0  1 1
   257  -.1074556581167425E-08   4   1 1  0 0  0 0  1 1
   258  -.1550379196968667E-07   4   0 2  0 0  0 0  1 1
   259  -.1090603600716037E-04   4   1 0  1 0  0 0  1 1
   260  -.8045660982087003E-05   4   0 1  1 0  0 0  1 1
   261  -.8638782745352558E-06   4   0 0  2 0  0 0  1 1
   262  0.2581290942778041E-05   4   1 0  0 1  0 0  1 1
   263  -.1262065365756791E-05   4   0 1  0 1  0 0  1 1
   264  -.7959563989014541E-06   4   0 0  1 1  0 0  1 1
   265  -.1197306955458209E-06   4   0 0  0 2  0 0  1 1
   266  -.2690519322798406E-10   4   2 0  0 0  0 0  0 2
   267  -.4543791162065230E-11   4   1 1  0 0  0 0  0 2
   268  0.1303905697232379E-10   4   0 2  0 0  0 0  0 2
   269  0.1728948198006989E-06   4   1 0  1 0  0 0  0 2
   270  -.2743186955995829E-07   4   0 1  1 0  0 0  0 2
   271  -.2887042538499560E-07   4   0 0  2 0  0 0  0 2
   272  0.3816030062294386E-07   4   1 0  0 1  0 0  0 2
   273  0.7833304463166489E-09   4   0 1  0 1  0 0  0 2
   274  -.6088733144013085E-08   4   0 0  1 1  0 0  0 2
   275  -.1424455774640852E-09   4   0 0  0 2  0 0  0 2
   276  -.3968427540971887E-06   4   1 0  0 0  0 3  0 0
   277  -.4919569290528248E-07   4   0 1  0 0  0 3  0 0
   278  0.4914684847757933E-02   4   0 0  1 0  0 3  0 0
   279  -.8070888034164010E-01   4   0 0  0 1  0 3  0 0
   280  -.2382511721411314E-06   4   1 0  0 0  0 2  1 0
   281  -.5003321006386790E-07   4   0 1  0 0  0 2  1 0
   282  0.2939129648555527E-02   4   0 0  1 0  0 2  1 0
   283  -.4820758703773557E-01   4   0 0  0 1  0 2  1 0
   284  -.2390389746909631E-06   4   1 0  0 0  0 1  2 0
   285  -.5002819164108518E-07   4   0 1  0 0  0 1  2 0
   286  0.2948943685012567E-02   4   0 0  1 0  0 1  2 0
   287  -.4836904732408794E-01   4   0 0  0 1  0 1  2 0
   288  -.3944583362890579E-06   4   1 0  0 0  0 0  3 0
   289  -.4886598951608642E-07   4   0 1  0 0  0 0  3 0
   290  0.4885174221237663E-02   4   0 0  1 0  0 0  3 0
   291  -.8022435506028489E-01   4   0 0  0 1  0 0  3 0
   292  0.4762514734424594E-06   4   1 0  0 0  0 2  0 1
   293  0.4949492666685666E-07   4   0 1  0 0  0 2  0 1
   294  -.5874920545699444E-02   4   0 0  1 0  0 2  0 1
   295  -.6267274939852626E-03   4   0 0  0 1  0 2  0 1
   296  0.3181839220039351E-06   4   1 0  0 0  0 1  1 1
   297  0.4950825746560033E-07   4   0 1  0 0  0 1  1 1
   298  -.3905890175440955E-02   4   0 0  1 0  0 1  1 1
   299  -.6285995146118922E-03   4   0 0  0 1  0 1  1 1
   300  0.4741297001766461E-06   4   1 0  0 0  0 0  2 1
   301  0.4924696681629500E-07   4   0 1  0 0  0 0  2 1
   302  -.5848778847569659E-02   4   0 0  1 0  0 0  2 1
   303  -.6235848684616298E-03   4   0 0  0 1  0 0  2 1
   304  0.1466636614955890E-10   4   1 0  0 0  0 1  0 2
   305  0.1705472860469007E-11   4   0 1  0 0  0 1  0 2
   306  -.2923761832100942E-04   4   0 0  1 0  0 1  0 2
   307  0.3773325008611519E-05   4   0 0  0 1  0 1  0 2
   308  0.1461738680662339E-10   4   1 0  0 0  0 0  1 2
   309  0.1699777316216077E-11   4   0 1  0 0  0 0  1 2
   310  -.2913997727453170E-04   4   0 0  1 0  0 0  1 2
   311  0.3760723729032277E-05   4   0 0  0 1  0 0  1 2
   312  -.2897315271920416E-11   4   1 0  0 0  0 0  0 3
   313  -.3620801139859464E-12   4   0 1  0 0  0 0  0 3
   314  0.3570109063856663E-07   4   0 0  1 0  0 0  0 3
   315  0.4523782460674675E-08   4   0 0  0 1  0 0  0 3
   316  -.7404743978542519E-06   4   0 0  0 0  0 4  0 0
   317  -.4204872877957042E-06   4   0 0  0 0  0 3  1 0
   318  -.3781283518458831E-06   4   0 0  0 0  0 2  2 0
   319  -.4227471251084266E-06   4   0 0  0 0  0 1  3 0
   320  -.7348340878322537E-06   4   0 0  0 0  0 0  4 0
   321  -.4502251388181267E-08   4   0 0  0 0  0 3  0 1
   322  -.5340738483061706E-08   4   0 0  0 0  0 2  1 1
   323  -.5336462885948868E-08   4   0 0  0 0  0 1  2 1
   324  -.4470810002554539E-08   4   0 0  0 0  0 0  3 1
   325  0.2307261084471057E-10   4   0 0  0 0  0 2  0 2
   326  0.3288388985270228E-10   4   0 0  0 0  0 1  1 2
   327  0.2294064925552955E-10   4   0 0  0 0  0 0  2 2
   328  0.2371035061356066E-13   4   0 0  0 0  0 1  0 3
   329  0.2363116825947877E-13   4   0 0  0 0  0 0  1 3
   ----------------------------------------------------
     I  COEFFICIENT            ORDER EXPONENTS
     1  0.1155677779610078E-05   0   0 0  0 0  0 0  0 0
     2  0.9760625619122800E-05   1   1 0  0 0  0 0  0 0
     3  0.1267304839428324E-05   1   0 1  0 0  0 0  0 0
     4  -.1206786997663940       1   0 0  1 0  0 0  0 0
     5  0.9842246859488119       1   0 0  0 1  0 0  0 0
     6  0.1282885265363566E-08   1   0 0  0 0  0 1  0 0
     7  0.1278600981382937E-08   1   0 0  0 0  0 0  1 0
     8  0.1153116293183800E-05   1   0 0  0 0  0 0  0 1
     9  -.1391851046423353E-06   2   2 0  0 0  0 0  0 0
    10  0.1305954336475612E-05   2   1 1  0 0  0 0  0 0
    11  0.7404958115075425E-06   2   0 2  0 0  0 0  0 0
    12  0.1332073674983143E-05   2   1 0  1 0  0 0  0 0
    13  -.2046460636981027E-04   2   0 1  1 0  0 0  0 0
    14  0.1034963664967393E-05   2   0 0  2 0  0 0  0 0
    15  -.2052025149830868E-04   2   1 0  0 1  0 0  0 0
    16  -.5421927735565232E-05   2   0 1  0 1  0 0  0 0
    17  -.9315478895790019E-06   2   0 0  1 1  0 0  0 0
    18  -.7158194662459131E-06   2   0 0  0 2  0 0  0 0
    19  -.2143109408660733E-09   2   1 0  0 0  0 1  0 0
    20  -.6356176125144082E-06   2   0 1  0 0  0 1  0 0
    21  -.4463559308275593E-03   2   0 0  1 0  0 1  0 0
    22  0.7886276024292097E-02   2   0 0  0 1  0 1  0 0
    23  -.2135952346724941E-09   2   1 0  0 0  0 0  1 0
    24  -.6334949235809842E-06   2   0 1  0 0  0 0  1 0
    25  -.4448652943567000E-03   2   0 0  1 0  0 0  1 0
    26  0.7859939260626158E-02   2   0 0  0 1  0 0  1 0
    27  0.9761053525627883E-05   2   1 0  0 0  0 0  0 1
    28  0.1269112536067885E-05   2   0 1  0 0  0 0  0 1
    29  -.1197874785412097       2   0 0  1 0  0 0  0 1
    30  -.1574621528491848E-01   2   0 0  0 1  0 0  0 1
    31  -.2695078134974329E-08   2   0 0  0 0  0 2  0 0
    32  -.4097811801921650E-08   2   0 0  0 0  0 1  1 0
    33  -.2679235240108439E-08   2   0 0  0 0  0 0  2 0
    34  0.9487950597294639E-08   2   0 0  0 0  0 1  0 1
    35  0.9456264930729017E-08   2   0 0  0 0  0 0  1 1
    36  -.9472095492478918E-08   2   0 0  0 0  0 0  0 2
    37  -.2540635726029366E-05   3   3 0  0 0  0 0  0 0
    38  -.9993016837178498E-06   3   2 1  0 0  0 0  0 0
    39  -.1958606942941500E-06   3   1 2  0 0  0 0  0 0
    40  0.6201474672688333E-06   3   0 3  0 0  0 0  0 0
    41  0.2662605381002760E-01   3   2 0  1 0  0 0  0 0
    42  -.3030442264655725E-03   3   1 1  1 0  0 0  0 0
    43  -.5919641166726394E-01   3   0 2  1 0  0 0  0 0
    44  0.7394061131731964E-05   3   1 0  2 0  0 0  0 0
    45  0.9660473670184388E-06   3   0 1  2 0  0 0  0 0
    46  -.3448414131955931E-01   3   0 0  3 0  0 0  0 0
    47  0.7205705401621148E-02   3   2 0  0 1  0 0  0 0
    48  -.2503551105149570E-03   3   1 1  0 1  0 0  0 0
    49  -.1567107773572240E-01   3   0 2  0 1  0 0  0 0
    50  0.1926972415405807E-05   3   1 0  1 1  0 0  0 0
    51  -.9378691551336440E-05   3   0 1  1 1  0 0  0 0
    52  -.1714749994260332E-01   3   0 0  2 1  0 0  0 0
    53  0.1922160894147262E-06   3   1 0  0 2  0 0  0 0
    54  -.5922050520841161E-06   3   0 1  0 2  0 0  0 0
    55  0.5735259189488324E-01   3   0 0  1 2  0 0  0 0
    56  -.2182694908606631E-03   3   0 0  0 3  0 0  0 0
    57  -.2556106783834933E-06   3   2 0  0 0  0 1  0 0
    58  -.7474166710705353E-06   3   1 1  0 0  0 1  0 0
    59  -.7398590699043937E-06   3   0 2  0 0  0 1  0 0
    60  0.2584507163648591E-05   3   1 0  1 0  0 1  0 0
    61  0.1048686849027357E-04   3   0 1  1 0  0 1  0 0
    62  -.1882357028204448E-06   3   0 0  2 0  0 1  0 0
    63  0.1055172631420705E-04   3   1 0  0 1  0 1  0 0
    64  0.5514835296521341E-05   3   0 1  0 1  0 1  0 0
    65  0.3747094403117343E-06   3   0 0  1 1  0 1  0 0
    66  0.7099344986435548E-06   3   0 0  0 2  0 1  0 0
    67  -.2547570488622463E-06   3   2 0  0 0  0 0  1 0
    68  -.7449206214565789E-06   3   1 1  0 0  0 0  1 0
    69  -.7373882594217318E-06   3   0 2  0 0  0 0  1 0
    70  0.2575876023405334E-05   3   1 0  1 0  0 0  1 0
    71  0.1045184686838628E-04   3   0 1  1 0  0 0  1 0
    72  -.1876070766851960E-06   3   0 0  2 0  0 0  1 0
    73  0.1051648809513545E-04   3   1 0  0 1  0 0  1 0
    74  0.5496418123014532E-05   3   0 1  0 1  0 0  1 0
    75  0.3734580722461916E-06   3   0 0  1 1  0 0  1 0
    76  0.7075636233341665E-06   3   0 0  0 2  0 0  1 0
    77  0.3711826226034021E-06   3   2 0  0 0  0 0  0 1
    78  0.1492337292527109E-05   3   1 1  0 0  0 0  0 1
    79  0.7367515178185954E-06   3   0 2  0 0  0 0  0 1
    80  -.3828309512070584E-05   3   1 0  1 0  0 0  0 1
    81  -.2093871535909456E-04   3   0 1  1 0  0 0  0 1
    82  0.1410806444351511E-05   3   0 0  2 0  0 0  0 1
    83  -.2106821440934234E-04   3   1 0  0 1  0 0  0 1
    84  -.5589325683970621E-05   3   0 1  0 1  0 0  0 1
    85  -.7481675124455203E-06   3   0 0  1 1  0 0  0 1
    86  -.7016786557318058E-06   3   0 0  0 2  0 0  0 1
    87  0.1824584294026909E-09   3   1 0  0 0  0 2  0 0
    88  0.4763277140721278E-06   3   0 1  0 0  0 2  0 0
    89  0.3340064289577198E-03   3   0 0  1 0  0 2  0 0
    90  -.5904122487737043E-02   3   0 0  0 1  0 2  0 0
    91  0.1771780023689123E-09   3   1 0  0 0  0 1  1 0
    92  0.3182356618081487E-06   3   0 1  0 0  0 1  1 0
    93  0.2224005408659899E-03   3   0 0  1 0  0 1  1 0
    94  -.3935120798418039E-02   3   0 0  0 1  0 1  1 0
    95  0.1815532473607250E-09   3   1 0  0 0  0 0  2 0
    96  0.4742055997703696E-06   3   0 1  0 0  0 0  2 0
    97  0.3325196304246347E-03   3   0 0  1 0  0 0  2 0
    98  -.5877834458861773E-02   3   0 0  0 1  0 0  2 0
    99  -.5532815158338388E-09   3   1 0  0 0  0 1  0 1
   100  -.6354693188057384E-06   3   0 1  0 0  0 1  0 1
   101  -.8904098317782340E-03   3   0 0  1 0  0 1  0 1
   102  0.7857091912593662E-02   3   0 0  0 1  0 1  0 1
   103  -.5514337939833186E-09   3   1 0  0 0  0 0  1 1
   104  -.6333471251094090E-06   3   0 1  0 0  0 0  1 1
   105  -.8874362466243610E-03   3   0 0  1 0  0 0  1 1
   106  0.7830852611285292E-02   3   0 0  0 1  0 0  1 1
   107  0.5639842158952839E-09   3   1 0  0 0  0 0  0 2
   108  -.7498696267279682E-11   3   0 1  0 0  0 0  0 2
   109  0.8889212392236395E-03   3   0 0  1 0  0 0  0 2
   110  0.2913463928438521E-04   3   0 0  0 1  0 0  0 2
   111  0.2528597534479971E-08   3   0 0  0 0  0 3  0 0
   112  0.2201997461633673E-08   3   0 0  0 0  0 2  1 0
   113  0.2203591183128218E-08   3   0 0  0 0  0 1  2 0
   114  0.2512266327563011E-08   3   0 0  0 0  0 0  3 0
   115  -.7092718017829082E-08   3   0 0  0 0  0 2  0 1
   116  -.4713377688431347E-08   3   0 0  0 0  0 1  1 1
   117  -.7061161038668655E-08   3   0 0  0 0  0 0  2 1
   118  0.4705439851699894E-08   3   0 0  0 0  0 1  0 2
   119  0.4689725710204502E-08   3   0 0  0 0  0 0  1 2
   120  0.2564331019174540E-10   3   0 0  0 0  0 0  0 3
   121  -.4675835092837031E-07   4   4 0  0 0  0 0  0 0
   122  -.4049079903514409E-06   4   3 1  0 0  0 0  0 0
   123  -.1903884403881066E-06   4   2 2  0 0  0 0  0 0
   124  -.1028310716795641E-07   4   1 3  0 0  0 0  0 0
   125  0.1859634698622881E-06   4   0 4  0 0  0 0  0 0
   126  -.7683022238245317E-11   4   3 0  1 0  0 0  0 0
   127  0.9201140033769015E-05   4   2 1  1 0  0 0  0 0
   128  -.2623320054456903E-07   4   1 2  1 0  0 0  0 0
   129  0.1022855332746911E-04   4   0 3  1 0  0 0  0 0
   130  0.2178270091778765E-08   4   2 0  2 0  0 0  0 0
   131  0.8706768297854256E-06   4   1 1  2 0  0 0  0 0
   132  0.2775934154665961E-06   4   0 2  2 0  0 0  0 0
   133  -.6872081753541125E-11   4   1 0  3 0  0 0  0 0
   134  0.1037146949525811E-09   4   0 1  3 0  0 0  0 0
   135  0.4388581569285748E-07   4   0 0  4 0  0 0  0 0
   136  0.4600625409112265E-05   4   3 0  0 1  0 0  0 0
   137  0.2437729557992044E-05   4   2 1  0 1  0 0  0 0
   138  -.2067598617198816E-04   4   1 2  0 1  0 0  0 0
   139  0.2707786862426277E-05   4   0 3  0 1  0 0  0 0
   140  0.5370210329742682E-06   4   2 0  1 1  0 0  0 0
   141  -.1393815585017975E-07   4   1 1  1 1  0 0  0 0
   142  -.3089835140542132E-05   4   0 2  1 1  0 0  0 0
   143  -.1787506659672604E-04   4   1 0  2 1  0 0  0 0
   144  0.6035832670203727E-10   4   0 1  2 1  0 0  0 0
   145  -.1426385625580801E-05   4   0 0  3 1  0 0  0 0
   146  0.1551454476722418E-06   4   2 0  0 2  0 0  0 0
   147  0.1314089986142967E-05   4   1 1  0 2  0 0  0 0
   148  0.1353651337971483E-06   4   0 2  0 2  0 0  0 0
   149  -.5899539339613695E-05   4   1 0  1 2  0 0  0 0
   150  0.1022836492426019E-04   4   0 1  1 2  0 0  0 0
   151  -.4079419373622979E-06   4   0 0  2 2  0 0  0 0
   152  -.4943950593352618E-06   4   1 0  0 3  0 0  0 0
   153  0.2707788047666266E-05   4   0 1  0 3  0 0  0 0
   154  -.6421106228080658E-06   4   0 0  1 3  0 0  0 0
   155  -.5800065527238002E-07   4   0 0  0 4  0 0  0 0
   156  -.5193027737077941E-06   4   3 0  0 0  0 1  0 0
   157  0.3041629724757656E-06   4   2 1  0 0  0 1  0 0
   158  0.1621978490682053E-06   4   1 2  0 0  0 1  0 0
   159  -.9339699483659929E-06   4   0 3  0 0  0 1  0 0
   160  0.2038498510845665E-01   4   2 0  1 0  0 1  0 0
   161  0.8974765060058048E-02   4   1 1  1 0  0 1  0 0
   162  0.5931872639328832E-01   4   0 2  1 0  0 1  0 0
   163  0.1710771012499437E-05   4   1 0  2 0  0 1  0 0
   164  -.2692726197108566E-06   4   0 1  2 0  0 1  0 0
   165  0.5879799546109878E-02   4   0 0  3 0  0 1  0 0
   166  -.2786200321636644E-02   4   2 0  0 1  0 1  0 0
   167  0.2037873549375351E-02   4   1 1  0 1  0 1  0 0
   168  0.2365408410171423E-01   4   0 2  0 1  0 1  0 0
   169  -.5180394794557859E-06   4   1 0  1 1  0 1  0 0
   170  0.9468363835061771E-05   4   0 1  1 1  0 1  0 0
   171  0.1272762330885463E-01   4   0 0  2 1  0 1  0 0
   172  -.1551277799205902E-06   4   1 0  0 2  0 1  0 0
   173  0.8967266443771619E-06   4   0 1  0 2  0 1  0 0
   174  -.5656789495365457E-01   4   0 0  1 2  0 1  0 0
   175  0.3786141576938255E-03   4   0 0  0 3  0 1  0 0
   176  -.5175685262150613E-06   4   3 0  0 0  0 0  1 0
   177  0.3031471992138356E-06   4   2 1  0 0  0 0  1 0
   178  0.1616561781445285E-06   4   1 2  0 0  0 0  1 0
   179  -.9308508911930392E-06   4   0 3  0 0  0 0  1 0
   180  0.2031690804223699E-01   4   2 0  1 0  0 0  1 0
   181  0.8944793212050030E-02   4   1 1  1 0  0 0  1 0
   182  0.5912062740801807E-01   4   0 2  1 0  0 0  1 0
   183  0.1705057774501713E-05   4   1 0  2 0  0 0  1 0
   184  -.2683733651926374E-06   4   0 1  2 0  0 0  1 0
   185  0.5860163549275485E-02   4   0 0  3 0  0 0  1 0
   186  -.2776895613156978E-02   4   2 0  0 1  0 0  1 0
   187  0.2031067929855843E-02   4   1 1  0 1  0 0  1 0
   188  0.2357508965353550E-01   4   0 2  0 1  0 0  1 0
   189  -.5163094508215298E-06   4   1 0  1 1  0 0  1 0
   190  0.9436743579841493E-05   4   0 1  1 1  0 0  1 0
   191  0.1268511853143124E-01   4   0 0  2 1  0 0  1 0
   192  -.1546097199813418E-06   4   1 0  0 2  0 0  1 0
   193  0.8937319637911008E-06   4   0 1  0 2  0 0  1 0
   194  -.5637898256003836E-01   4   0 0  1 2  0 0  1 0
   195  0.3773497495547460E-03   4   0 0  0 3  0 0  1 0
   196  -.1503764426106513E-05   4   3 0  0 0  0 0  0 1
   197  -.6073101716896723E-06   4   2 1  0 0  0 0  0 1
   198  -.1279933328010317E-06   4   1 2  0 0  0 0  0 1
   199  0.6245259050213542E-06   4   0 3  0 0  0 0  0 1
   200  -.1407583934066587E-01   4   2 0  1 0  0 0  0 1
   201  -.1791955827210697E-01   4   1 1  1 0  0 0  0 1
   202  -.5924294213404344E-01   4   0 2  1 0  0 0  0 1
   203  0.3978232344730839E-05   4   1 0  2 0  0 0  0 1
   204  0.5376459849035187E-06   4   0 1  2 0  0 0  0 1
   205  -.4622410441494475E-01   4   0 0  3 0  0 0  0 1
   206  0.5563095934793609E-02   4   2 0  0 1  0 0  0 1
   207  -.3818586368715588E-02   4   1 1  0 1  0 0  0 1
   208  -.1588701828380508E-01   4   0 2  0 1  0 0  0 1
   209  0.1034348930277317E-05   4   1 0  1 1  0 0  0 1
   210  -.9526415863566844E-05   4   0 1  1 1  0 0  0 1
   211  -.2541274184028581E-01   4   0 0  2 1  0 0  0 1
   212  0.1175214104872490E-06   4   1 0  0 2  0 0  0 1
   213  -.6060485040000681E-06   4   0 1  0 2  0 0  0 1
   214  0.5559428561880989E-01   4   0 0  1 2  0 0  0 1
   215  -.3194249255270790E-03   4   0 0  0 3  0 0  0 1
   216  0.6262621142833773E-08   4   2 0  0 0  0 2  0 0
   217  0.5199140231127603E-06   4   1 1  0 0  0 2  0 0
   218  0.3969518436811688E-06   4   0 2  0 0  0 2  0 0
   219  0.7831792425066910E-06   4   1 0  1 0  0 2  0 0
   220  0.1281537715415929E-04   4   0 1  1 0  0 2  0 0
   221  0.1170220142301613E-06   4   0 0  2 0  0 2  0 0
   222  -.7550041512665801E-05   4   1 0  0 1  0 2  0 0
   223  0.4768685542020557E-05   4   0 1  0 1  0 2  0 0
   224  -.1659673581552230E-05   4   0 0  1 1  0 2  0 0
   225  -.7217515680219920E-07   4   0 0  0 2  0 2  0 0
   226  0.1026614777131815E-07   4   2 0  0 0  0 1  1 0
   227  0.3707077120194476E-06   4   1 1  0 0  0 1  1 0
   228  0.4588437113105993E-06   4   0 2  0 0  0 1  1 0
   229  0.1535087294303322E-05   4   1 0  1 0  0 1  1 0
   230  0.1536781108380924E-04   4   0 1  1 0  0 1  1 0
   231  0.1066105579064199E-06   4   0 0  2 0  0 1  1 0
   232  -.4774141757347429E-05   4   1 0  0 1  0 1  1 0
   233  0.6811276385525281E-05   4   0 1  0 1  0 1  1 0
   234  -.1482693203047947E-05   4   0 0  1 1  0 1  1 0
   235  -.6867174543666488E-07   4   0 0  0 2  0 1  1 0
   236  0.6224564431928665E-08   4   2 0  0 0  0 0  2 0
   237  0.5175587323039536E-06   4   1 1  0 0  0 0  2 0
   238  0.3948600254344924E-06   4   0 2  0 0  0 0  2 0
   239  0.7780004962732528E-06   4   1 0  1 0  0 0  2 0
   240  0.1274691838324875E-04   4   0 1  1 0  0 0  2 0
   241  0.1164531944662335E-06   4   0 0  2 0  0 0  2 0
   242  -.7516855839257401E-05   4   1 0  0 1  0 0  2 0
   243  0.4741386823123497E-05   4   0 1  0 1  0 0  2 0
   244  -.1651655208758303E-05   4   0 0  1 1  0 0  2 0
   245  -.7181945586000474E-07   4   0 0  0 2  0 0  2 0
   246  -.5191584953119563E-07   4   2 0  0 0  0 1  0 1
   247  -.7190230352833979E-06   4   1 1  0 0  0 1  0 1
   248  -.3362464552606682E-06   4   0 2  0 0  0 1  0 1
   249  -.1550723164890414E-05   4   1 0  1 0  0 1  0 1
   250  -.1025371967042260E-04   4   0 1  1 0  0 1  0 1
   251  -.2074177517454073E-06   4   0 0  2 0  0 1  0 1
   252  0.9881849463235243E-05   4   1 0  0 1  0 1  0 1
   253  -.2749704170372020E-05   4   0 1  0 1  0 1  0 1
   254  0.1781097713723484E-05   4   0 0  1 1  0 1  0 1
   255  0.7366896476195087E-07   4   0 0  0 2  0 1  0 1
   256  -.5174247296468929E-07   4   2 0  0 0  0 0  1 1
   257  -.7166218081779537E-06   4   1 1  0 0  0 0  1 1
   258  -.3351235369912101E-06   4   0 2  0 0  0 0  1 1
   259  -.1545544417737887E-05   4   1 0  1 0  0 0  1 1
   260  -.1021947666512787E-04   4   0 1  1 0  0 0  1 1
   261  -.2067250658324374E-06   4   0 0  2 0  0 0  1 1
   262  0.9848848344190867E-05   4   1 0  0 1  0 0  1 1
   263  -.2740521343311066E-05   4   0 1  0 1  0 0  1 1
   264  0.1775149614847968E-05   4   0 0  1 1  0 0  1 1
   265  0.7342294216415371E-07   4   0 0  0 2  0 0  1 1
   266  0.8090499160591700E-07   4   2 0  0 0  0 0  0 2
   267  0.3015379572547083E-07   4   1 1  0 0  0 0  0 2
   268  0.1473584706243039E-08   4   0 2  0 0  0 0  0 2
   269  0.5495456310521750E-12   4   1 0  1 0  0 0  0 2
   270  0.5551176478451563E-13   4   0 1  1 0  0 0  0 2
   271  0.7405704874801498E-07   4   0 0  2 0  0 0  0 2
   272  0.1535946164560609E-06   4   1 0  0 1  0 0  0 2
   273  0.2122700913826449E-14   4   0 1  0 1  0 0  0 2
   274  0.3820521557576858E-07   4   0 0  1 1  0 0  0 2
   275  0.1447023317970765E-08   4   0 0  0 2  0 0  0 2
   276  -.1855517236170175E-09   4   1 0  0 0  0 3  0 0
   277  -.3968972060593318E-06   4   0 1  0 0  0 3  0 0
   278  -.2779220707665960E-03   4   0 0  1 0  0 3  0 0
   279  0.4914678059810847E-02   4   0 0  0 1  0 3  0 0
   280  -.1861244208874246E-09   4   1 0  0 0  0 2  1 0
   281  -.2382772169734949E-06   4   0 1  0 0  0 2  1 0
   282  -.1659443061498481E-03   4   0 0  1 0  0 2  1 0
   283  0.2939125827037807E-02   4   0 0  0 1  0 2  1 0
   284  -.1861184475189467E-09   4   1 0  0 0  0 1  2 0
   285  -.2390651608670823E-06   4   0 1  0 0  0 1  2 0
   286  -.1665005929912373E-03   4   0 0  1 0  0 1  2 0
   287  0.2948939848748700E-02   4   0 0  0 1  0 1  2 0
   288  -.1843124826722872E-09   4   1 0  0 0  0 0  3 0
   289  -.3945124720925500E-06   4   0 1  0 0  0 0  3 0
   290  -.2762537001331343E-03   4   0 0  1 0  0 0  3 0
   291  0.4885167473653356E-02   4   0 0  0 1  0 0  3 0
   292  0.5584169166099584E-09   4   1 0  0 0  0 2  0 1
   293  0.4763450979829174E-06   4   0 1  0 0  0 2  0 1
   294  0.6657076437355490E-03   4   0 0  1 0  0 2  0 1
   295  -.5874912886245670E-02   4   0 0  0 1  0 2  0 1
   296  0.5635119625739990E-09   4   1 0  0 0  0 1  1 1
   297  0.3182766024794406E-06   4   0 1  0 0  0 1  1 1
   298  0.4424963421642372E-03   4   0 0  1 0  0 1  1 1
   299  -.3905885479562532E-02   4   0 0  0 1  0 1  1 1
   300  0.5556111007630297E-09   4   1 0  0 0  0 0  2 1
   301  0.4742228572642809E-06   4   0 1  0 0  0 0  2 1
   302  0.6627455935099528E-03   4   0 0  1 0  0 0  2 1
   303  -.5848771221536313E-02   4   0 0  0 1  0 0  2 1
   304  -.5611715460179047E-09   4   1 0  0 0  0 1  0 2
   305  0.1187790754791340E-10   4   0 1  0 0  0 1  0 2
   306  -.4417526832225428E-03   4   0 0  1 0  0 1  0 2
   307  -.2923701438848075E-04   4   0 0  0 1  0 1  0 2
   308  -.5592974748669732E-09   4   1 0  0 0  0 0  1 2
   309  0.1183824045491279E-10   4   0 1  0 0  0 0  1 2
   310  -.4402774196151232E-03   4   0 0  1 0  0 0  1 2
   311  -.2913937535887464E-04   4   0 0  0 1  0 0  1 2
   312  0.1854949348621906E-09   4   1 0  0 0  0 0  0 3
   313  -.2906251857454046E-11   4   0 1  0 0  0 0  0 3
   314  -.2297045461977296E-05   4   0 0  1 0  0 0  0 3
   315  0.3570372629042602E-07   4   0 0  0 1  0 0  0 3
   316  0.4528680177217966E-07   4   0 0  0 0  0 4  0 0
   317  0.2538570331285181E-07   4   0 0  0 0  0 3  1 0
   318  0.2292358546574695E-07   4   0 0  0 0  0 2  2 0
   319  0.2552569621376078E-07   4   0 0  0 0  0 1  3 0
   320  0.4494239528212336E-07   4   0 0  0 0  0 0  4 0
   321  -.5128298206385870E-07   4   0 0  0 0  0 3  0 1
   322  -.3054598881140747E-07   4   0 0  0 0  0 2  1 1
   323  -.3064900982677179E-07   4   0 0  0 0  0 1  2 1
   324  -.5097525354146333E-07   4   0 0  0 0  0 0  3 1
   325  -.1913489802973320E-09   4   0 0  0 0  0 2  0 2
   326  -.2296358937054620E-09   4   0 0  0 0  0 1  1 2
   327  -.1903265146902867E-09   4   0 0  0 0  0 0  2 2
   328  0.1870031465285467E-12   4   0 0  0 0  0 1  0 3
   329  0.1863786366001922E-12   4   0 0  0 0  0 0  1 3
   ----------------------------------------------------
     I  COEFFICIENT            ORDER EXPONENTS
     1  0.4142999292089797E-08   0   0 0  0 0  0 0  0 0
     2  -.1753190834956278E-07   1   1 0  0 0  0 0  0 0
     3  -.2598947736580309E-06   1   0 1  0 0  0 0  0 0
     4  0.8811905737812402E-08   1   0 0  1 0  0 0  0 0
     5  -.8251908900956846E-07   1   0 0  0 1  0 0  0 0
     6   1.000000000000000       1   0 0  0 0  1 0  0 0
     7  0.6478274471693765E-01   1   0 0  0 0  0 1  0 0
     8  -.6478274471633642E-01   1   0 0  0 0  0 0  1 0
     9  -.6013162287111193E-12   1   0 0  0 0  0 0  0 1
    10  -.2574176581716697E-03   2   2 0  0 0  0 0  0 0
    11  -.7952693341501251E-02   2   1 1  0 0  0 0  0 0
    12  -.6541597543794767E-01   2   0 2  0 0  0 0  0 0
    13  -.8501446981194194E-10   2   1 0  1 0  0 0  0 0
    14  -.6353468721276252E-06   2   0 1  1 0  0 0  0 0
    15  -.2561961191129858E-03   2   0 0  2 0  0 0  0 0
    16  -.6353454214575233E-06   2   1 0  0 1  0 0  0 0
    17  -.4955393899328622E-07   2   0 1  0 1  0 0  0 0
    18  0.7877654938418398E-02   2   0 0  1 1  0 0  0 0
    19  -.6479875286754669E-01   2   0 0  0 2  0 0  0 0
    20  0.2606600807584469E-07   2   1 0  0 0  0 1  0 0
    21  0.3899475668637527E-06   2   0 1  0 0  0 1  0 0
    22  -.9750165141840174E-08   2   0 0  1 0  0 1  0 0
    23  0.1239458196654495E-06   2   0 0  0 1  0 1  0 0
    24  0.8564088671519012E-08   2   1 0  0 0  0 0  1 0
    25  0.1304845902831382E-06   2   0 1  0 0  0 0  1 0
    26  -.9644794329808741E-09   2   0 0  1 0  0 0  1 0
    27  0.4156310480582516E-07   2   0 0  0 1  0 0  1 0
    28  -.3463045274744148E-07   2   1 0  0 0  0 0  0 1
    29  -.2605416735152796E-06   2   0 1  0 0  0 0  0 1
    30  0.1071469362599120E-07   2   0 0  1 0  0 0  0 1
    31  -.8299008950268635E-07   2   0 0  0 1  0 0  0 1
    32  -.4866832415349128E-01   2   0 0  0 0  0 2  0 0
    33  0.3255390358914452E-01   2   0 0  0 0  0 1  1 0
    34  0.1611442056344594E-01   2   0 0  0 0  0 0  2 0
    35  0.8998211929024375E-12   2   0 0  0 0  0 1  0 1
    36  0.2995095170228972E-12   2   0 0  0 0  0 0  1 1
    37  -.2990007039322404E-12   2   0 0  0 0  0 0  0 2
    38  -.1037517703412227E-07   3   3 0  0 0  0 0  0 0
    39  0.4900527804505617E-05   3   2 1  0 0  0 0  0 0
    40  -.3182110812742150E-05   3   1 2  0 0  0 0  0 0
    41  -.6884532130572679E-06   3   0 3  0 0  0 0  0 0
    42  0.2111984826668243E-06   3   2 0  1 0  0 0  0 0
    43  0.7949785413351976E-06   3   1 1  1 0  0 0  0 0
    44  0.6045998590176917E-06   3   0 2  1 0  0 0  0 0
    45  -.6395358974457450E-06   3   1 0  2 0  0 0  0 0
    46  -.5576164917057411E-05   3   0 1  2 0  0 0  0 0
    47  0.8267645818970592E-07   3   0 0  3 0  0 0  0 0
    48  0.4011452265624112E-06   3   2 0  0 1  0 0  0 0
    49  0.1767213853679209E-07   3   1 1  0 1  0 0  0 0
    50  -.7747850728767564E-07   3   0 2  0 1  0 0  0 0
    51  -.1127389320992899E-04   3   1 0  1 1  0 0  0 0
    52  -.1037558692566798E-06   3   0 1  1 1  0 0  0 0
    53  -.2603911156686631E-06   3   0 0  2 1  0 0  0 0
    54  0.2858792472977848E-05   3   1 0  0 2  0 0  0 0
    55  -.3183211000668315E-06   3   0 1  0 2  0 0  0 0
    56  -.5357277643188416E-06   3   0 0  1 2  0 0  0 0
    57  -.1529956320001445E-06   3   0 0  0 3  0 0  0 0
    58  0.3862081348091129E-03   3   2 0  0 0  0 1  0 0
    59  0.1194097413177595E-01   3   1 1  0 0  0 1  0 0
    60  0.9822278894710100E-01   3   0 2  0 0  0 1  0 0
    61  0.2310060519708098E-09   3   1 0  1 0  0 1  0 0
    62  0.9530247640463237E-06   3   0 1  1 0  0 1  0 0
    63  0.3837653165603499E-03   3   0 0  2 0  0 1  0 0
    64  0.9524739546720142E-06   3   1 0  0 1  0 1  0 0
    65  0.9725413280697993E-07   3   0 1  0 1  0 1  0 0
    66  -.1179090546158862E-01   3   0 0  1 1  0 1  0 0
    67  0.9698839586923577E-01   3   0 0  0 2  0 1  0 0
    68  0.1292181823834868E-03   3   2 0  0 0  0 0  1 0
    69  0.4001433573215443E-02   3   1 1  0 0  0 0  1 0
    70  0.3291499367818775E-01   3   0 2  0 0  0 0  1 0
    71  0.1120827511704198E-09   3   1 0  1 0  0 0  1 0
    72  0.3184640008247730E-06   3   0 1  1 0  0 0  1 0
    73  0.1279968667324673E-03   3   0 0  2 0  0 0  1 0
    74  0.3181735365959677E-06   3   1 0  0 1  0 0  1 0
    75  0.4844087529704599E-07   3   0 1  0 1  0 0  1 0
    76  -.3926402271766996E-02   3   0 0  1 1  0 0  1 0
    77  0.3229782364159645E-01   3   0 0  0 2  0 0  1 0
    78  -.5154283174921103E-03   3   2 0  0 0  0 0  0 1
    79  -.7989719941255597E-02   3   1 1  0 0  0 0  0 1
    80  -.3058684667174969E-03   3   0 2  0 0  0 0  0 1
    81  -.3240735083281424E-09   3   1 0  1 0  0 0  0 1
    82  -.6355800194524111E-06   3   0 1  1 0  0 0  0 1
    83  -.5117640813239186E-03   3   0 0  2 0  0 0  0 1
    84  -.6353150972741432E-06   3   1 0  0 1  0 0  0 1
    85  -.4951468568498069E-07   3   0 1  0 1  0 0  0 1
    86  0.7839653443368885E-02   3   0 0  1 1  0 0  0 1
    87  0.3112743529332846E-03   3   0 0  0 2  0 0  0 1
    88  -.3252173368718918E-07   3   1 0  0 0  0 2  0 0
    89  -.4877184411033576E-06   3   0 1  0 0  0 2  0 0
    90  0.1133026791643353E-07   3   0 0  1 0  0 2  0 0
    91  -.1549236366171213E-06   3   0 0  0 1  0 2  0 0
    92  -.1292518092082396E-07   3   1 0  0 0  0 1  1 0
    93  -.1957570610230562E-06   3   0 1  0 0  0 1  1 0
    94  0.3156045471024153E-08   3   0 0  1 0  0 1  1 0
    95  -.6202614718426347E-07   3   0 0  0 1  0 1  1 0
    96  -.6484339148394826E-08   3   1 0  0 0  0 0  2 0
    97  -.9819988716943164E-07   3   0 1  0 0  0 0  2 0
    98  0.1588973540856090E-08   3   0 0  1 0  0 0  2 0
    99  -.3111554250536380E-07   3   0 0  0 1  0 0  2 0
   100  0.5190167859639362E-07   3   1 0  0 0  0 1  0 1
   101  0.3912860705984409E-06   3   0 1  0 0  0 1  0 1
   102  -.1606631237202893E-07   3   0 0  1 0  0 1  0 1
   103  0.1239810295467118E-06   3   0 0  0 1  0 1  0 1
   104  0.1732881196275832E-07   3   1 0  0 0  0 0  1 1
   105  0.1311749583070973E-06   3   0 1  0 0  0 0  1 1
   106  -.5369409607149776E-08   3   0 0  1 0  0 0  1 1
   107  0.4113027354009142E-07   3   0 0  0 1  0 0  1 1
   108  -.1729983951430623E-07   3   1 0  0 0  0 0  0 2
   109  -.6887557882375103E-09   3   0 1  0 0  0 0  0 2
   110  0.5360490347808092E-08   3   0 0  1 0  0 0  0 2
   111  0.4344396327080659E-09   3   0 0  0 1  0 0  0 2
   112  0.4057058995118636E-01   3   0 0  0 0  0 3  0 0
   113  -.2437513658212592E-01   3   0 0  0 0  0 2  1 0
   114  -.8178770034574909E-02   3   0 0  0 0  0 1  2 0
   115  -.8016691376576528E-02   3   0 0  0 0  0 0  3 0
   116  0.9613212775446054E-10   3   0 0  0 0  0 2  0 1
   117  0.4590701824949674E-10   3   0 0  0 0  0 1  1 1
   118  0.2299841981525163E-10   3   0 0  0 0  0 0  2 1
   119  -.7579447755834534E-13   3   0 0  0 0  0 1  0 2
   120  -.5048835558896685E-13   3   0 0  0 0  0 0  1 2
   121  -.1503107487866117E-15   3   0 0  0 0  0 0  0 3
   122  -.1693246123885450E-02   4   4 0  0 0  0 0  0 0
   123  -.2428363192685635E-02   4   3 1  0 0  0 0  0 0
   124  -.3307535713204196E-01   4   2 2  0 0  0 0  0 0
   125  -.1630387155465421E-01   4   1 3  0 0  0 0  0 0
   126  -.5018655165483005E-01   4   0 4  0 0  0 0  0 0
   127  0.5282007794783435E-06   4   3 0  1 0  0 0  0 0
   128  0.6756605344876194E-06   4   2 1  1 0  0 0  0 0
   129  -.6468898598590705E-07   4   1 2  1 0  0 0  0 0
   130  -.9606881249527235E-06   4   0 3  1 0  0 0  0 0
   131  -.9965787861437489E-02   4   2 0  2 0  0 0  0 0
   132  -.8010329218781812E-02   4   1 1  2 0  0 0  0 0
   133  -.3129860127073435E-01   4   0 2  2 0  0 0  0 0
   134  -.5369816121499317E-06   4   1 0  3 0  0 0  0 0
   135  -.2380733443806733E-06   4   0 1  3 0  0 0  0 0
   136  -.1638982921944663E-02   4   0 0  4 0  0 0  0 0
   137  0.2275800321486001E-06   4   3 0  0 1  0 0  0 0
   138  -.4949852198686906E-05   4   2 1  0 1  0 0  0 0
   139  -.1609391178288654E-05   4   1 2  0 1  0 0  0 0
   140  -.2142340201476054E-06   4   0 3  0 1  0 0  0 0
   141  -.8096653316905547E-02   4   2 0  1 1  0 0  0 0
   142  -.1941269770145141E-02   4   1 1  1 1  0 0  0 0
   143  0.7621762255549755E-02   4   0 2  1 1  0 0  0 0
   144  -.7210874058496339E-06   4   1 0  2 1  0 0  0 0
   145  -.4834292911475517E-05   4   0 1  2 1  0 0  0 0
   146  -.2079447546164182E-02   4   0 0  3 1  0 0  0 0
   147  0.2955420393814578E-01   4   2 0  0 2  0 0  0 0
   148  -.8214242433737303E-02   4   1 1  0 2  0 0  0 0
   149  -.9769003148700980E-01   4   0 2  0 2  0 0  0 0
   150  0.5166534781259920E-07   4   1 0  1 2  0 0  0 0
   151  -.1569240393598151E-05   4   0 1  1 2  0 0  0 0
   152  0.2793854084531763E-01   4   0 0  2 2  0 0  0 0
   153  -.9467557820449401E-06   4   1 0  0 3  0 0  0 0
   154  -.2130867339416625E-06   4   0 1  0 3  0 0  0 0
   155  0.1537056929027512E-01   4   0 0  1 3  0 0  0 0
   156  -.4751108334302038E-01   4   0 0  0 4  0 0  0 0
   157  -.1227843327274760E-05   4   3 0  0 0  0 1  0 0
   158  -.3089411823831484E-04   4   2 1  0 0  0 1  0 0
   159  -.1829076502941928E-04   4   1 2  0 0  0 1  0 0
   160  -.8655561072335986E-04   4   0 3  0 0  0 1  0 0
   161  -.1344303457319210E-06   4   2 0  1 0  0 1  0 0
   162  -.9651438334878261E-06   4   1 1  1 0  0 1  0 0
   163  0.3670625806496781E-06   4   0 2  1 0  0 1  0 0
   164  -.2209956092949164E-05   4   1 0  2 0  0 1  0 0
   165  -.1365167270992632E-04   4   0 1  2 0  0 1  0 0
   166  -.6624779863140812E-07   4   0 0  3 0  0 1  0 0
   167  0.7641094255834796E-06   4   2 0  0 1  0 1  0 0
   168  -.4258630348736759E-06   4   1 1  0 1  0 1  0 0
   169  -.5132971770317036E-05   4   0 2  0 1  0 1  0 0
   170  0.1565030461865891E-04   4   1 0  1 1  0 1  0 0
   171  0.6676654352091180E-05   4   0 1  1 1  0 1  0 0
   172  0.1638904505789481E-05   4   0 0  2 1  0 1  0 0
   173  -.6193058101757104E-05   4   1 0  0 2  0 1  0 0
   174  -.8417012156074002E-04   4   0 1  0 2  0 1  0 0
   175  0.1045402119327902E-05   4   0 0  1 2  0 1  0 0
   176  -.4989385578489900E-05   4   0 0  0 3  0 1  0 0
   177  -.6423259863542727E-06   4   3 0  0 0  0 0  1 0
   178  -.1438107352740428E-04   4   2 1  0 0  0 0  1 0
   179  -.1128710984894539E-04   4   1 2  0 0  0 0  1 0
   180  -.5207417021869011E-04   4   0 3  0 0  0 0  1 0
   181  -.5789023418379413E-07   4   2 0  1 0  0 0  1 0
   182  -.3270979390806740E-06   4   1 1  1 0  0 0  1 0
   183  0.2037056971431906E-06   4   0 2  1 0  0 0  1 0
   184  -.9482265472484631E-06   4   1 0  2 0  0 0  1 0
   185  -.8194239661115782E-05   4   0 1  2 0  0 0  1 0
   186  -.3384352379423908E-07   4   0 0  3 0  0 0  1 0
   187  0.4575446768502720E-06   4   2 0  0 1  0 0  1 0
   188  -.2563960955632806E-06   4   1 1  0 1  0 0  1 0
   189  -.3076994287012644E-05   4   0 2  0 1  0 0  1 0
   190  0.5150718778993242E-05   4   1 0  1 1  0 0  1 0
   191  0.3985026995385617E-05   4   0 1  1 1  0 0  1 0
   192  0.7262253403704830E-06   4   0 0  2 1  0 0  1 0
   193  -.3449357077462629E-05   4   1 0  0 2  0 0  1 0
   194  -.5045894000321213E-04   4   0 1  0 2  0 0  1 0
   195  0.6408539715149764E-06   4   0 0  1 2  0 0  1 0
   196  -.2979835073621709E-05   4   0 0  0 3  0 0  1 0
   197  0.1450580745098760E-05   4   3 0  0 0  0 0  0 1
   198  0.1732508858394298E-04   4   2 1  0 0  0 0  0 1
   199  0.7148184430426630E-05   4   1 2  0 0  0 0  0 1
   200  0.6775977146899929E-06   4   0 3  0 0  0 0  0 1
   201  0.1076493777861929E-06   4   2 0  1 0  0 0  0 1
   202  0.6328063644583741E-06   4   1 1  1 0  0 0  0 1
   203  -.1650124374018904E-06   4   0 2  1 0  0 0  0 1
   204  0.1774089416914464E-05   4   1 0  2 0  0 0  0 1
   205  0.5581670375591221E-05   4   0 1  2 0  0 0  0 1
   206  0.7827426246195525E-07   4   0 0  3 0  0 0  0 1
   207  -.2974739365660149E-06   4   2 0  0 1  0 0  0 1
   208  0.1713184455759786E-06   4   1 1  0 1  0 0  0 1
   209  0.6273850371860493E-08   4   0 2  0 1  0 0  0 1
   210  -.1061899780569965E-04   4   1 0  1 1  0 0  0 1
   211  -.2653323662539541E-05   4   0 1  1 1  0 0  0 1
   212  -.8675259099192199E-06   4   0 0  2 1  0 0  0 1
   213  0.2740470022690727E-05   4   1 0  0 2  0 0  0 1
   214  -.9369208198407852E-07   4   0 1  0 2  0 0  0 1
   215  -.3961481799537138E-06   4   0 0  1 2  0 0  0 1
   216  -.3975357103265488E-07   4   0 0  0 3  0 0  0 1
   217  -.4830034725611240E-03   4   2 0  0 0  0 2  0 0
   218  -.1494300505261621E-01   4   1 1  0 0  0 2  0 0
   219  -.1229173640077300       4   0 2  0 0  0 2  0 0
   220  -.3219089621293515E-09   4   1 0  1 0  0 2  0 0
   221  -.1190801069501873E-05   4   0 1  1 0  0 2  0 0
   222  -.4793392409375870E-03   4   0 0  2 0  0 2  0 0
   223  -.1190490909673114E-05   4   1 0  0 1  0 2  0 0
   224  -.1481122040493402E-06   4   0 1  0 1  0 2  0 0
   225  0.1471790330196474E-01   4   0 0  1 1  0 2  0 0
   226  -.1210658149284063       4   0 0  0 2  0 2  0 0
   227  -.1938052642147278E-03   4   2 0  0 0  0 1  1 0
   228  -.6010733503646514E-02   4   1 1  0 0  0 1  1 0
   229  -.4944403730345064E-01   4   0 2  0 0  0 1  1 0
   230  -.1966821705927688E-09   4   1 0  1 0  0 1  1 0
   231  -.4763947238151769E-06   4   0 1  1 0  0 1  1 0
   232  -.1913625526162924E-03   4   0 0  2 0  0 1  1 0
   233  -.4765304266869009E-06   4   1 0  0 1  0 1  1 0
   234  -.1002760301640120E-06   4   0 1  0 1  0 1  1 0
   235  0.5860670616731034E-02   4   0 0  1 1  0 1  1 0
   236  -.4820973733247375E-01   4   0 0  0 2  0 1  1 0
   237  -.9722101973788904E-04   4   2 0  0 0  0 0  2 0
   238  -.3015180072045883E-02   4   1 1  0 0  0 0  2 0
   239  -.2480273740030094E-01   4   0 2  0 0  0 0  2 0
   240  -.1004732639639935E-09   4   1 0  1 0  0 0  2 0
   241  -.2389797688688188E-06   4   0 1  1 0  0 0  2 0
   242  -.9599967773717525E-04   4   0 0  2 0  0 0  2 0
   243  -.2390605018309776E-06   4   1 0  0 1  0 0  2 0
   244  -.5012516657947364E-07   4   0 1  0 1  0 0  2 0
   245  0.2940149769309308E-02   4   0 0  1 1  0 0  2 0
   246  -.2418559762267732E-01   4   0 0  0 2  0 0  2 0
   247  0.7736001323455377E-03   4   2 0  0 0  0 1  0 1
   248  0.1201478540782276E-01   4   1 1  0 0  0 1  0 1
   249  0.6103256932840961E-03   4   0 2  0 0  0 1  0 1
   250  0.6214696404948006E-09   4   1 0  1 0  0 1  0 1
   251  0.9526279484369997E-06   4   0 1  1 0  0 1  0 1
   252  0.7662720101639509E-03   4   0 0  2 0  0 1  0 1
   253  0.9524128465674607E-06   4   1 0  0 1  0 1  0 1
   254  0.9902092214335316E-07   4   0 1  0 1  0 1  0 1
   255  -.1171466560358921E-01   4   0 0  1 1  0 1  0 1
   256  -.6238445176731256E-03   4   0 0  0 2  0 1  0 1
   257  0.2590251922899459E-03   4   2 0  0 0  0 0  1 1
   258  0.4038216596990002E-02   4   1 1  0 0  0 0  1 1
   259  0.3044585282348530E-03   4   0 2  0 0  0 0  1 1
   260  0.2974816088086325E-09   4   1 0  1 0  0 0  1 1
   261  0.3181046004617912E-06   4   0 1  1 0  0 0  1 1
   262  0.2553613459733568E-03   4   0 0  2 0  0 0  1 1
   263  0.3181533725274131E-06   4   1 0  0 1  0 0  1 1
   264  0.4950571245166063E-07   4   0 1  0 1  0 0  1 1
   265  -.3888164920239040E-02   4   0 0  1 1  0 0  1 1
   266  -.3125623657306714E-03   4   0 0  0 2  0 0  1 1
   267  -.2585974999407425E-03   4   2 0  0 0  0 0  0 2
   268  -.3677928882926744E-04   4   1 1  0 0  0 0  0 2
   269  0.1410943716586504E-05   4   0 2  0 0  0 0  0 2
   270  -.3036991476811561E-09   4   1 0  1 0  0 0  0 2
   271  0.5543673312467727E-10   4   0 1  1 0  0 0  0 2
   272  -.2549337260334113E-03   4   0 0  2 0  0 0  0 2
   273  0.5961902628610561E-10   4   1 0  0 1  0 0  0 2
   274  0.9130079768628672E-11   4   0 1  0 1  0 0  0 2
   275  -.3823819031344586E-04   4   0 0  1 1  0 0  0 2
   276  0.1292029691825049E-05   4   0 0  0 2  0 0  0 2
   277  -.3006752398256828E-05   4   1 0  0 0  0 3  0 0
   278  -.4949140260058958E-04   4   0 1  0 0  0 3  0 0
   279  0.1788719430654372E-06   4   0 0  1 0  0 3  0 0
   280  -.2962825293464026E-05   4   0 0  0 1  0 3  0 0
   281  -.1297394255675477E-05   4   1 0  0 0  0 2  1 0
   282  -.2135436709008262E-04   4   0 1  0 0  0 2  1 0
   283  0.7726830767811256E-07   4   0 0  1 0  0 2  1 0
   284  -.1261502588323837E-05   4   0 0  0 1  0 2  1 0
   285  -.7803921795129518E-06   4   1 0  0 0  0 1  2 0
   286  -.1284505780116635E-04   4   0 1  0 0  0 1  2 0
   287  0.4615123022697983E-07   4   0 0  1 0  0 1  2 0
   288  -.7562877728428094E-06   4   0 0  0 1  0 1  2 0
   289  -.4347188694373552E-06   4   1 0  0 0  0 0  3 0
   290  -.7155226726859594E-05   4   0 1  0 0  0 0  3 0
   291  0.2589056219449232E-07   4   0 0  1 0  0 0  3 0
   292  -.4227621468643108E-06   4   0 0  0 1  0 0  3 0
   293  0.2586524695393314E-05   4   1 0  0 0  0 2  0 1
   294  0.2174067303427385E-06   4   0 1  0 0  0 2  0 1
   295  -.1536963569279357E-06   4   0 0  1 0  0 2  0 1
   296  -.1347759685408398E-07   4   0 0  0 1  0 2  0 1
   297  0.1045511317823233E-05   4   1 0  0 0  0 1  1 1
   298  0.1707551268836637E-06   4   0 1  0 0  0 1  1 1
   299  -.6086061039301412E-07   4   0 0  1 0  0 1  1 1
   300  -.1064072468686073E-07   4   0 0  0 1  0 1  1 1
   301  0.5244415065192612E-06   4   1 0  0 0  0 0  2 1
   302  0.8531168709393661E-07   4   0 1  0 0  0 0  2 1
   303  -.3053365177170660E-07   4   0 0  1 0  0 0  2 1
   304  -.5316140293970483E-08   4   0 0  0 1  0 0  2 1
   305  -.6929662714539290E-08   4   1 0  0 0  0 1  0 2
   306  0.6849105077240795E-09   4   0 1  0 0  0 1  0 2
   307  -.4300586682806401E-09   4   0 0  1 0  0 1  0 2
   308  0.3992610055570621E-10   4   0 0  0 1  0 1  0 2
   309  -.4420731554582352E-08   4   1 0  0 0  0 0  1 2
   310  0.4640290639359044E-09   4   0 1  0 0  0 0  1 2
   311  -.2767353893508094E-09   4   0 0  1 0  0 0  1 2
   312  0.2667676117847611E-10   4   0 0  0 1  0 0  1 2
   313  -.3190322528191187E-11   4   1 0  0 0  0 0  0 3
   314  -.3898323391922813E-12   4   0 1  0 0  0 0  0 3
   315  0.1871208468162508E-12   4   0 0  1 0  0 0  0 3
   316  0.2372599457180274E-13   4   0 0  0 1  0 0  0 3
   317  -.3550437812728943E-01   4   0 0  0 0  0 4  0 0
   318  0.2030572287639400E-01   4   0 0  0 0  0 3  1 0
   319  0.6104108646453993E-02   4   0 0  0 0  0 2  2 0
   320  0.4109360277232563E-02   4   0 0  0 0  0 1  3 0
   321  0.4985176481213992E-02   4   0 0  0 0  0 0  4 0
   322  -.3427995882538512E-10   4   0 0  0 0  0 3  0 1
   323  0.4782167633566576E-10   4   0 0  0 0  0 2  1 1
   324  0.2501220202888683E-10   4   0 0  0 0  0 1  2 1
   325  0.1573923978048035E-10   4   0 0  0 0  0 0  3 1
   326  0.7544010893069586E-13   4   0 0  0 0  0 2  0 2
   327  0.4361126091827407E-13   4   0 0  0 0  0 1  1 2
   328  0.3783296583066258E-13   4   0 0  0 0  0 0  2 2
   329  -.1498087756556901E-15   4   0 0  0 0  0 0  1 3
   ----------------------------------------------------
     I  COEFFICIENT            ORDER EXPONENTS
     1   1.000000000000000       1   0 0  0 0  0 1  0 0
     --------------------------------------------------
     I  COEFFICIENT            ORDER EXPONENTS
     1   1.000000000000000       1   0 0  0 0  0 0  1 0
     --------------------------------------------------
     I  COEFFICIENT            ORDER EXPONENTS
     1   1.000000000000000       1   0 0  0 0  0 0  0 1
     --------------------------------------------------
