     I  COEFFICIENT            ORDER EXPONENTS
     1  -.1098484968710706E-03   0   0 0  0 0  0 0  0 0
     2  0.9038069669208745       1   1 0  0 0  0 0  0 0
     3  0.3351660653627901       1   0 1  0 0  0 0  0 0
     4  0.7912651932869791E-05   1   0 0  1 0  0 0  0 0
     5  0.4146772895159800E-06   1   0 0  0 1  0 0  0 0
     6  0.2968233794973013E-06   1   0 0  0 0  0 1  0 0
     7  0.2958321173132895E-06   1   0 0  0 0  0 0  1 0
     8  -.5926554969377514E-06   1   0 0  0 0  0 0  0 1
     9  -.9331866006328217E-04   2   2 0  0 0  0 0  0 0
    10  0.1487038301216333E-04   2   1 1  0 0  0 0  0 0
    11  0.3000971102567952E-05   2   0 2  0 0  0 0  0 0
    12  -.1976394694031810E-03   2   1 0  1 0  0 0  0 0
    13  0.4021440951526932E-04   2   0 1  1 0  0 0  0 0
    14  0.9459264253955344E-04   2   0 0  2 0  0 0  0 0
    15  -.7873137564324696E-06   2   1 0  0 1  0 0  0 0
    16  0.1805219216145970E-05   2   0 1  0 1  0 0  0 0
    17  0.2394135128942960E-05   2   0 0  1 1  0 0  0 0
    18  0.2480281264608579E-05   2   0 0  0 2  0 0  0 0
    19  0.4763120080498311E-01   2   1 0  0 0  0 1  0 0
    20  -.1653760023910200       2   0 1  0 0  0 1  0 0
    21  -.3906808901433663E-05   2   0 0  1 0  0 1  0 0
    22  -.3964058957603519E-06   2   0 0  0 1  0 1  0 0
    23  0.4747213311893496E-01   2   1 0  0 0  0 0  1 0
    24  -.1648237178047905       2   0 1  0 0  0 0  1 0
    25  -.3893761843176000E-05   2   0 0  1 0  0 0  1 0
    26  -.3950820708827534E-06   2   0 0  0 1  0 0  1 0
    27  -.9510333392391807E-01   2   1 0  0 0  0 0  0 1
    28  -.4966345166979353E-02   2   0 1  0 0  0 0  0 1
    29  0.7800570744609756E-05   2   0 0  1 0  0 0  0 1
    30  0.3768106771271352E-06   2   0 0  0 1  0 0  0 1
    31  -.2055819254711224E-06   2   0 0  0 0  0 2  0 0
    32  -.1149629063806962E-06   2   0 0  0 0  0 1  1 0
    33  -.2047034071236977E-06   2   0 0  0 0  0 0  2 0
    34  0.2293682739572139E-06   2   0 0  0 0  0 1  0 1
    35  0.2286022827587312E-06   2   0 0  0 0  0 0  1 1
    36  0.6734422173001986E-07   2   0 0  0 0  0 0  0 2
    37  0.2583416461966756E-01   3   3 0  0 0  0 0  0 0
    38  -.1977448083995888       3   2 1  0 0  0 0  0 0
    39  -.1723366324674612       3   1 2  0 0  0 0  0 0
    40  0.1496107831076613       3   0 3  0 0  0 0  0 0
    41  -.4948390891085378E-05   3   2 0  1 0  0 0  0 0
    42  -.9910398062525408E-05   3   1 1  1 0  0 0  0 0
    43  0.1060840515483713E-04   3   0 2  1 0  0 0  0 0
    44  -.1545336121032285E-01   3   1 0  2 0  0 0  0 0
    45  -.2956356063824639       3   0 1  2 0  0 0  0 0
    46  0.2747560443889853E-05   3   0 0  3 0  0 0  0 0
    47  0.1825496745716236E-04   3   2 0  0 1  0 0  0 0
    48  0.5759252503318332E-05   3   1 1  0 1  0 0  0 0
    49  0.1633939761421659E-05   3   0 2  0 1  0 0  0 0
    50  -.2425176304434190E-01   3   1 0  1 1  0 0  0 0
    51  -.9203706103139871E-02   3   0 1  1 1  0 0  0 0
    52  0.2841590729831439E-04   3   0 0  2 1  0 0  0 0
    53  -.9259920353762012E-01   3   1 0  0 2  0 0  0 0
    54  0.1532254591944766       3   0 1  0 2  0 0  0 0
    55  0.1282531274906214E-04   3   0 0  1 2  0 0  0 0
    56  0.1525582674062225E-05   3   0 0  0 3  0 0  0 0
    57  0.4718995000303065E-04   3   2 0  0 0  0 1  0 0
    58  -.1326300090529490E-04   3   1 1  0 0  0 1  0 0
    59  -.4446983613096215E-05   3   0 2  0 0  0 1  0 0
    60  0.9901096047363662E-04   3   1 0  1 0  0 1  0 0
    61  -.4062409593839150E-04   3   0 1  1 0  0 1  0 0
    62  -.4894252494081469E-04   3   0 0  2 0  0 1  0 0
    63  0.1144801938528144E-05   3   1 0  0 1  0 1  0 0
    64  -.2814987652896402E-05   3   0 1  0 1  0 1  0 0
    65  -.3660039784831455E-05   3   0 0  1 1  0 1  0 0
    66  -.3806192131938349E-05   3   0 0  0 2  0 1  0 0
    67  0.4703235590452307E-04   3   2 0  0 0  0 0  1 0
    68  -.1321870819739746E-04   3   1 1  0 0  0 0  1 0
    69  -.4432132604067182E-05   3   0 2  0 0  0 0  1 0
    70  0.9868030653021822E-04   3   1 0  1 0  0 0  1 0
    71  -.4048842896318351E-04   3   0 1  1 0  0 0  1 0
    72  -.4877907799721229E-04   3   0 0  2 0  0 0  1 0
    73  0.1140978793356173E-05   3   1 0  0 1  0 0  1 0
    74  -.2805586807135266E-05   3   0 1  0 1  0 0  1 0
    75  -.3647816829088595E-05   3   0 0  1 1  0 0  1 0
    76  -.3793481090334558E-05   3   0 0  0 2  0 0  1 0
    77  -.9422230590755319E-04   3   2 0  0 0  0 0  0 1
    78  0.1161132609052899E-04   3   1 1  0 0  0 0  0 1
    79  0.2877174012027060E-05   3   0 2  0 0  0 0  0 1
    80  -.1976912670038547E-03   3   1 0  1 0  0 0  0 1
    81  0.4089811538630693E-04   3   0 1  1 0  0 0  0 1
    82  0.9772160293802784E-04   3   0 0  2 0  0 0  0 1
    83  -.1498466975452240E-05   3   1 0  0 1  0 0  0 1
    84  0.2010136027740123E-05   3   0 1  0 1  0 0  0 1
    85  0.4913721484977344E-05   3   0 0  1 1  0 0  0 1
    86  0.2639110693055847E-05   3   0 0  0 2  0 0  0 1
    87  -.3542796590092502E-01   3   1 0  0 0  0 2  0 0
    88  0.1226845902767717       3   0 1  0 0  0 2  0 0
    89  0.2932766099760785E-05   3   0 0  1 0  0 2  0 0
    90  0.3296394912088931E-06   3   0 0  0 1  0 2  0 0
    91  -.2330574615731048E-01   3   1 0  0 0  0 1  1 0
    92  0.8027657117713101E-01   3   0 1  0 0  0 1  1 0
    93  0.1961323982503530E-05   3   0 0  1 0  0 1  1 0
    94  0.3140435705429068E-06   3   0 0  0 1  0 1  1 0
    95  -.3527073618621895E-01   3   1 0  0 0  0 0  2 0
    96  0.1221408320329764       3   0 1  0 0  0 0  2 0
    97  0.2919696936262202E-05   3   0 0  1 0  0 0  2 0
    98  0.3280142522514101E-06   3   0 0  0 1  0 0  2 0
    99  0.4653059805073707E-01   3   1 0  0 0  0 1  0 1
   100  0.5105871575641313E-02   3   0 1  0 0  0 1  0 1
   101  -.3910207517658435E-05   3   0 0  1 0  0 1  0 1
   102  -.3826718394435084E-06   3   0 0  0 1  0 1  0 1
   103  0.4637520590362997E-01   3   1 0  0 0  0 0  1 1
   104  0.5088820164736799E-02   3   0 1  0 0  0 0  1 1
   105  -.3897149109487085E-05   3   0 0  1 0  0 0  1 1
   106  -.3813938803959031E-06   3   0 0  0 1  0 0  1 1
   107  0.1098727620030108E-02   3   1 0  0 0  0 0  0 2
   108  -.1310136765638569E-03   3   0 1  0 0  0 0  0 2
   109  -.1492717860482161E-08   3   0 0  1 0  0 0  0 2
   110  -.2869725767900266E-09   3   0 0  0 1  0 0  0 2
   111  0.1601056823766150E-06   3   0 0  0 0  0 3  0 0
   112  0.6928207440893033E-07   3   0 0  0 0  0 2  1 0
   113  0.6973436352111795E-07   3   0 0  0 0  0 1  2 0
   114  0.1591883595425673E-06   3   0 0  0 0  0 0  3 0
   115  -.1383391017525350E-06   3   0 0  0 0  0 2  0 1
   116  -.4791536781146133E-07   3   0 0  0 0  0 1  1 1
   117  -.1377971003853003E-06   3   0 0  0 0  0 0  2 1
   118  -.6706845302643574E-07   3   0 0  0 0  0 1  0 2
   119  -.6684447329363478E-07   3   0 0  0 0  0 0  1 2
   120  -.2585057133337950E-09   3   0 0  0 0  0 0  0 3
   121  -.8704333664969614E-04   4   4 0  0 0  0 0  0 0
   122  0.5093846984003229E-04   4   3 1  0 0  0 0  0 0
   123  -.3451426974713428E-04   4   2 2  0 0  0 0  0 0
   124  -.1623219518829429E-03   4   1 3  0 0  0 0  0 0
   125  0.1682453676230281E-03   4   0 4  0 0  0 0  0 0
   126  -.1043303849854675E-03   4   3 0  1 0  0 0  0 0
   127  0.5745622962990270E-04   4   2 1  1 0  0 0  0 0
   128  -.6097650958802227E-04   4   1 2  1 0  0 0  0 0
   129  0.7174342819214811E-04   4   0 3  1 0  0 0  0 0
   130  -.2058415397683344E-03   4   2 0  2 0  0 0  0 0
   131  0.1161403532895003E-04   4   1 1  2 0  0 0  0 0
   132  -.1196625098861897E-03   4   0 2  2 0  0 0  0 0
   133  -.2813585358684244E-03   4   1 0  3 0  0 0  0 0
   134  0.6959249889232164E-04   4   0 1  3 0  0 0  0 0
   135  0.8563366286513338E-08   4   0 0  4 0  0 0  0 0
   136  -.8598057056450393E-04   4   3 0  0 1  0 0  0 0
   137  0.1144599573565257E-03   4   2 1  0 1  0 0  0 0
   138  -.1213354067554441E-03   4   1 2  0 1  0 0  0 0
   139  0.1538018704080084E-03   4   0 3  0 1  0 0  0 0
   140  -.1911736848202924E-03   4   2 0  1 1  0 0  0 0
   141  0.2598142739708403E-03   4   1 1  1 1  0 0  0 0
   142  0.4917036259752161E-04   4   0 2  1 1  0 0  0 0
   143  -.4151620600857147E-03   4   1 0  2 1  0 0  0 0
   144  0.5352287737267858E-03   4   0 1  2 1  0 0  0 0
   145  0.1999629604477742E-07   4   0 0  3 1  0 0  0 0
   146  -.1850405882977047E-03   4   2 0  0 2  0 0  0 0
   147  -.1593527919778621E-03   4   1 1  0 2  0 0  0 0
   148  0.2155070659797379E-03   4   0 2  0 2  0 0  0 0
   149  -.3513940886214573E-03   4   1 0  1 2  0 0  0 0
   150  0.1710717559746224E-03   4   0 1  1 2  0 0  0 0
   151  -.4746308040877419E-04   4   0 0  2 2  0 0  0 0
   152  -.1402990459291243E-03   4   1 0  0 3  0 0  0 0
   153  0.1645956109469651E-03   4   0 1  0 3  0 0  0 0
   154  -.1468146236263568E-05   4   0 0  1 3  0 0  0 0
   155  0.3806029742153208E-04   4   0 0  0 4  0 0  0 0
   156  -.2232739500816409E-01   4   3 0  0 0  0 1  0 0
   157  0.1571294190332859       4   2 1  0 0  0 1  0 0
   158  0.2481256555316859       4   1 2  0 0  0 1  0 0
   159  -.2150075355449116       4   0 3  0 0  0 1  0 0
   160  0.5426537261390578E-05   4   2 0  1 0  0 1  0 0
   161  0.1486340805475575E-04   4   1 1  1 0  0 1  0 0
   162  -.1539644836773104E-04   4   0 2  1 0  0 1  0 0
   163  0.2287625157591092E-01   4   1 0  2 0  0 1  0 0
   164  0.3020949316752677       4   0 1  2 0  0 1  0 0
   165  -.3479746571362954E-05   4   0 0  3 0  0 1  0 0
   166  -.1598521988979036E-04   4   2 0  0 1  0 1  0 0
   167  -.7576181108582401E-05   4   1 1  0 1  0 1  0 0
   168  -.3280373575820481E-05   4   0 2  0 1  0 1  0 0
   169  0.3647897348724688E-01   4   1 0  1 1  0 1  0 0
   170  0.1863183735062429E-01   4   0 1  1 1  0 1  0 0
   171  -.3151660020794711E-04   4   0 0  2 1  0 1  0 0
   172  0.1368330191402411       4   1 0  0 2  0 1  0 0
   173  -.2217049903683978       4   0 1  0 2  0 1  0 0
   174  -.1987675417211156E-04   4   0 0  1 2  0 1  0 0
   175  -.3097469305896573E-05   4   0 0  0 3  0 1  0 0
   176  -.2225283112987830E-01   4   3 0  0 0  0 0  1 0
   177  0.1566046744819560       4   2 1  0 0  0 0  1 0
   178  0.2472970227614107       4   1 2  0 0  0 0  1 0
   179  -.2142895030245464       4   0 3  0 0  0 0  1 0
   180  0.5408414965273081E-05   4   2 0  1 0  0 0  1 0
   181  0.1481377067660649E-04   4   1 1  1 0  0 0  1 0
   182  -.1534503086462760E-04   4   0 2  1 0  0 0  1 0
   183  0.2279985475319571E-01   4   1 0  2 0  0 0  1 0
   184  0.3010860647784375       4   0 1  2 0  0 0  1 0
   185  -.3468125717261614E-05   4   0 0  3 0  0 0  1 0
   186  -.1593183614350931E-04   4   2 0  0 1  0 0  1 0
   187  -.7550879928312774E-05   4   1 1  0 1  0 0  1 0
   188  -.3269418541614663E-05   4   0 2  0 1  0 0  1 0
   189  0.3635714943486063E-01   4   1 0  1 1  0 0  1 0
   190  0.1856961504247103E-01   4   0 1  1 1  0 0  1 0
   191  -.3141134834398810E-04   4   0 0  2 1  0 0  1 0
   192  0.1363760558186852       4   1 0  0 2  0 0  1 0
   193  -.2209645912349051       4   0 1  0 2  0 0  1 0
   194  -.1981037437821618E-04   4   0 0  1 2  0 0  1 0
   195  -.3087125093137239E-05   4   0 0  0 3  0 0  1 0
   196  0.4458022613804297E-01   4   3 0  0 0  0 0  0 1
   197  -.1159892851156548       4   2 1  0 0  0 0  0 1
   198  -.1507494133581743       4   1 2  0 0  0 0  0 1
   199  -.1953531075352554E-01   4   0 3  0 0  0 0  0 1
   200  -.1083495222666385E-04   4   2 0  1 0  0 0  0 1
   201  -.1976678066883698E-04   4   1 1  1 0  0 0  0 1
   202  0.9524668922684380E-05   4   0 2  1 0  0 0  0 1
   203  -.4567610632910676E-01   4   1 0  2 0  0 0  0 1
   204  -.3075453900712439       4   0 1  2 0  0 0  0 1
   205  0.6947872288626806E-05   4   0 0  3 0  0 0  0 1
   206  0.1366208857613727E-04   4   2 0  0 1  0 0  0 1
   207  0.3608556030258492E-05   4   1 1  0 1  0 0  0 1
   208  0.1647972833170029E-05   4   0 2  0 1  0 0  0 1
   209  -.4858435987776761E-01   4   1 0  1 1  0 0  0 1
   210  -.1879404018681653E-01   4   0 1  1 1  0 0  0 1
   211  0.3451204125362106E-04   4   0 0  2 1  0 0  0 1
   212  -.8801066788368564E-01   4   1 0  0 2  0 0  0 1
   213  -.1700679598012720E-01   4   0 1  0 2  0 0  0 1
   214  0.1403650305220895E-04   4   0 0  1 2  0 0  0 1
   215  0.1607846376848249E-05   4   0 0  0 3  0 0  0 1
   216  -.7792887488749149E-04   4   2 0  0 0  0 2  0 0
   217  -.1744954127588135E-03   4   1 1  0 0  0 2  0 0
   218  0.2621698353146176E-03   4   0 2  0 0  0 2  0 0
   219  -.9034073721308929E-04   4   1 0  1 0  0 2  0 0
   220  0.2448067917164943E-04   4   0 1  1 0  0 2  0 0
   221  -.6040230764345115E-04   4   0 0  2 0  0 2  0 0
   222  -.1179832920724701E-03   4   1 0  0 1  0 2  0 0
   223  0.1880463728244907E-03   4   0 1  0 1  0 2  0 0
   224  -.3350899551734941E-05   4   0 0  1 1  0 2  0 0
   225  0.9499599989781780E-04   4   0 0  0 2  0 2  0 0
   226  -.5681287868918136E-04   4   2 0  0 0  0 1  1 0
   227  -.2098780504285613E-03   4   1 1  0 0  0 1  1 0
   228  0.3067394033262304E-03   4   0 2  0 0  0 1  1 0
   229  -.6876383830582747E-04   4   1 0  1 0  0 1  1 0
   230  0.2140022578349542E-04   4   0 1  1 0  0 1  1 0
   231  -.7318286592492175E-04   4   0 0  2 0  0 1  1 0
   232  -.1401772012175289E-03   4   1 0  0 1  0 1  1 0
   233  0.2208010187785200E-03   4   0 1  0 1  0 1  1 0
   234  -.5219276124081355E-05   4   0 0  1 1  0 1  1 0
   235  0.1117233641095155E-03   4   0 0  0 2  0 1  1 0
   236  -.7757376075863844E-04   4   2 0  0 0  0 0  2 0
   237  -.1735622221463725E-03   4   1 1  0 0  0 0  2 0
   238  0.2607821123202061E-03   4   0 2  0 0  0 0  2 0
   239  -.8992421728475173E-04   4   1 0  1 0  0 0  2 0
   240  0.2436319048582371E-04   4   0 1  1 0  0 0  2 0
   241  -.6007839034515555E-04   4   0 0  2 0  0 0  2 0
   242  -.1173552129925001E-03   4   1 0  0 1  0 0  2 0
   243  0.1870496888408898E-03   4   0 1  0 1  0 0  2 0
   244  -.3330993924545098E-05   4   0 0  1 1  0 0  2 0
   245  0.9449220024579949E-04   4   0 0  0 2  0 0  2 0
   246  0.6302970156313248E-04   4   2 0  0 0  0 1  0 1
   247  0.1217583583073878E-03   4   1 1  0 0  0 1  0 1
   248  0.2795954509953606E-04   4   0 2  0 0  0 1  0 1
   249  0.1248364211405697E-03   4   1 0  1 0  0 1  0 1
   250  -.2159477798975963E-04   4   0 1  1 0  0 1  0 1
   251  0.4944813821045769E-04   4   0 0  2 0  0 1  0 1
   252  0.9077341376541320E-04   4   1 0  0 1  0 1  0 1
   253  0.2077533980299661E-04   4   0 1  0 1  0 1  0 1
   254  0.3011501995530365E-05   4   0 0  1 1  0 1  0 1
   255  0.3952246738307764E-05   4   0 0  0 2  0 1  0 1
   256  0.6281920951988142E-04   4   2 0  0 0  0 0  1 1
   257  0.1213517378572284E-03   4   1 1  0 0  0 0  1 1
   258  0.2786617226688062E-04   4   0 2  0 0  0 0  1 1
   259  0.1244195212869073E-03   4   1 0  1 0  0 0  1 1
   260  -.2152266073662500E-04   4   0 1  1 0  0 0  1 1
   261  0.4928300273640729E-04   4   0 0  2 0  0 0  1 1
   262  0.9047026967837937E-04   4   1 0  0 1  0 0  1 1
   263  0.2070595912030398E-04   4   0 1  0 1  0 0  1 1
   264  0.3001444876544024E-05   4   0 0  1 1  0 0  1 1
   265  0.3939047937254473E-05   4   0 0  0 2  0 0  1 1
   266  0.2296893974774127E-04   4   2 0  0 0  0 0  0 2
   267  0.6731975295275392E-05   4   1 1  0 0  0 0  0 2
   268  0.2108767070851579E-06   4   0 2  0 0  0 0  0 2
   269  -.8568883165387254E-05   4   1 0  1 0  0 0  0 2
   270  -.2889563562699130E-05   4   0 1  1 0  0 0  0 2
   271  0.1637037327908419E-08   4   0 0  2 0  0 0  0 2
   272  0.2192225110113573E-05   4   1 0  0 1  0 0  0 2
   273  -.5790711883181106E-07   4   0 1  0 1  0 0  0 2
   274  0.3511578862173611E-09   4   0 0  1 1  0 0  0 2
   275  -.2102585092151735E-07   4   0 0  0 2  0 0  0 2
   276  0.2933537995162551E-01   4   1 0  0 0  0 3  0 0
   277  -.1013579967124198       4   0 1  0 0  0 3  0 0
   278  -.2441016122303427E-05   4   0 0  1 0  0 3  0 0
   279  -.3794897931337161E-06   4   0 0  0 1  0 3  0 0
   280  0.1717072442790745E-01   4   1 0  0 0  0 2  1 0
   281  -.5877675591524234E-01   4   0 1  0 0  0 2  1 0
   282  -.1462159933882066E-05   4   0 0  1 0  0 2  1 0
   283  -.4288782161866551E-06   4   0 0  0 1  0 2  1 0
   284  0.1723117073532583E-01   4   1 0  0 0  0 1  2 0
   285  -.5898836478247591E-01   4   0 1  0 0  0 1  2 0
   286  -.1467022534731067E-05   4   0 0  1 0  0 1  2 0
   287  -.4286244635938462E-06   4   0 0  0 1  0 1  2 0
   288  0.2915985354547982E-01   4   1 0  0 0  0 0  3 0
   289  -.1007524437920169       4   0 1  0 0  0 0  3 0
   290  -.2426354916236653E-05   4   0 0  1 0  0 0  3 0
   291  -.3768750589867583E-06   4   0 0  0 1  0 0  3 0
   292  -.3432080916293351E-01   4   1 0  0 0  0 2  0 1
   293  -.5203401729902728E-02   4   0 1  0 0  0 2  0 1
   294  0.2927695148217207E-05   4   0 0  1 0  0 2  0 1
   295  0.3791013140773198E-06   4   0 0  0 1  0 2  0 1
   296  -.2219205219950349E-01   4   1 0  0 0  0 1  1 1
   297  -.5300223522419587E-02   4   0 1  0 0  0 1  1 1
   298  0.1951701505789563E-05   4   0 0  1 0  0 1  1 1
   299  0.3755503701377628E-06   4   0 0  0 1  0 1  1 1
   300  -.3416913650360998E-01   4   1 0  0 0  0 0  2 1
   301  -.5177174378979994E-02   4   0 1  0 0  0 0  2 1
   302  0.2914658986974498E-05   4   0 0  1 0  0 0  2 1
   303  0.3772081908414848E-06   4   0 0  0 1  0 0  2 1
   304  -.1113801013931386E-02   4   1 0  0 0  0 1  0 2
   305  0.1946916117337262E-03   4   0 1  0 0  0 1  0 2
   306  0.2651907767949071E-08   4   0 0  1 0  0 1  0 2
   307  0.6046598532525050E-09   4   0 0  0 1  0 1  0 2
   308  -.1110081398489961E-02   4   1 0  0 0  0 0  1 2
   309  0.1940414256446419E-03   4   0 1  0 0  0 0  1 2
   310  0.2643051538749998E-08   4   0 0  1 0  0 0  1 2
   311  0.6026405498997532E-09   4   0 0  0 1  0 0  1 2
   312  0.8809057453730695E-05   4   1 0  0 0  0 0  0 3
   313  0.1435997437772610E-05   4   0 1  0 0  0 0  0 3
   314  -.7698407745978264E-09   4   0 0  1 0  0 0  0 3
   315  -.1154607849590379E-09   4   0 0  0 1  0 0  0 3
   316  0.2872344661199514E-04   4   0 0  0 0  0 4  0 0
   317  0.1571070145487125E-04   4   0 0  0 0  0 3  1 0
   318  0.1398307492248975E-04   4   0 0  0 0  0 2  2 0
   319  0.1580265660835863E-04   4   0 0  0 0  0 1  3 0
   320  0.2850565263265286E-04   4   0 0  0 0  0 0  4 0
   321  0.1140613348691227E-05   4   0 0  0 0  0 3  0 1
   322  0.1381686097732172E-05   4   0 0  0 0  0 2  1 1
   323  0.1380459397664641E-05   4   0 0  0 0  0 1  2 1
   324  0.1132600220990230E-05   4   0 0  0 0  0 0  3 1
   325  -.3655581460195132E-07   4   0 0  0 0  0 2  0 2
   326  -.5193577896348632E-07   4   0 0  0 0  0 1  1 2
   327  -.3634701237224906E-07   4   0 0  0 0  0 0  2 2
   328  -.2309468287339145E-09   4   0 0  0 0  0 1  0 3
   329  -.2301755658426588E-09   4   0 0  0 0  0 0  1 3
   ----------------------------------------------------
     I  COEFFICIENT            ORDER EXPONENTS
     1  0.1833525015970225E-04   0   0 0  0 0  0 0  0 0
     2  -.5463948656124569       1   1 0  0 0  0 0  0 0
     3  0.9038069105793459       1   0 1  0 0  0 0  0 0
     4  0.4597814646003351E-04   1   0 0  1 0  0 0  0 0
     5  0.7925510901196176E-05   1   0 0  0 1  0 0  0 0
     6  -.1102785706480431E-06   1   0 0  0 0  0 1  0 0
     7  -.1099102877419419E-06   1   0 0  0 0  0 0  1 0
     8  0.1855543901809209E-04   1   0 0  0 0  0 0  0 1
     9  -.3006749500612451E-05   2   2 0  0 0  0 0  0 0
    10  0.1754173634965130E-03   2   1 1  0 0  0 0  0 0
    11  0.2327589518919172E-04   2   0 2  0 0  0 0  0 0
    12  0.1333248792400519E-03   2   1 0  1 0  0 0  0 0
    13  0.2227697825028370E-03   2   0 1  1 0  0 0  0 0
    14  -.6032480399397888E-04   2   0 0  2 0  0 0  0 0
    15  0.1972781939350473E-03   2   1 0  0 1  0 0  0 0
    16  0.7285471901678049E-04   2   0 1  0 1  0 0  0 0
    17  -.1873793148606775E-03   2   0 0  1 1  0 0  0 0
    18  -.2154416493569036E-04   2   0 0  0 2  0 0  0 0
    19  -.1271534520077307E-01   2   1 0  0 0  0 1  0 0
    20  0.4763123071397817E-01   2   0 1  0 0  0 1  0 0
    21  -.3610730806011657E-07   2   0 0  1 0  0 1  0 0
    22  -.3913044847408130E-05   2   0 0  0 1  0 1  0 0
    23  -.1267288142693976E-01   2   1 0  0 0  0 0  1 0
    24  0.4747216292804706E-01   2   0 1  0 0  0 0  1 0
    25  -.3598672521004879E-07   2   0 0  1 0  0 0  1 0
    26  -.3899976963778026E-05   2   0 0  0 1  0 0  1 0
    27  -.5210066389847443       2   1 0  0 0  0 0  0 1
    28  -.9510339364202489E-01   2   0 1  0 0  0 0  0 1
    29  0.4605024049330379E-04   2   0 0  1 0  0 0  0 1
    30  0.7813021811186180E-05   2   0 0  0 1  0 0  0 1
    31  0.8301583514884317E-07   2   0 0  0 0  0 2  0 0
    32  0.5594021601970144E-07   2   0 0  0 0  0 1  1 0
    33  0.8264518992333318E-07   2   0 0  0 0  0 0  2 0
    34  -.2219908547990946E-06   2   0 0  0 0  0 1  0 1
    35  -.2212495010015250E-06   2   0 0  0 0  0 0  1 1
    36  0.2216269118025734E-06   2   0 0  0 0  0 0  0 2
    37  -.2026970959722653       3   3 0  0 0  0 0  0 0
    38  -.1834593107990426       3   2 1  0 0  0 0  0 0
    39  0.2338970528073815       3   1 2  0 0  0 0  0 0
    40  -.4088749163063521E-02   3   0 3  0 0  0 0  0 0
    41  -.4665551530434887E-04   3   2 0  1 0  0 0  0 0
    42  -.1711650903363226E-04   3   1 1  1 0  0 0  0 0
    43  -.1811308149558638E-05   3   0 2  1 0  0 0  0 0
    44  -.6204631887370624       3   1 0  2 0  0 0  0 0
    45  -.3591155635727031E-01   3   0 1  2 0  0 0  0 0
    46  0.1219403289999343E-04   3   0 0  3 0  0 0  0 0
    47  -.6493630702508069E-05   3   2 0  0 1  0 0  0 0
    48  -.4922437916069544E-04   3   1 1  0 1  0 0  0 0
    49  -.4231565133726676E-05   3   0 2  0 1  0 0  0 0
    50  -.3480530157850261       3   1 0  1 1  0 0  0 0
    51  -.9925510306227520E-01   3   0 1  1 1  0 0  0 0
    52  0.5636650644461982E-05   3   0 0  2 1  0 0  0 0
    53  -.2813359422520479       3   1 0  0 2  0 0  0 0
    54  -.1043629731494887       3   0 1  0 2  0 0  0 0
    55  0.1300218464424930E-05   3   0 0  1 2  0 0  0 0
    56  0.4039882287963495E-05   3   0 0  0 3  0 0  0 0
    57  0.3106355804930764E-05   3   2 0  0 0  0 1  0 0
    58  -.8257538626580304E-04   3   1 1  0 0  0 1  0 0
    59  -.2369991125282519E-04   3   0 2  0 0  0 1  0 0
    60  -.7135090821292075E-04   3   1 0  1 0  0 1  0 0
    61  -.1271968521311994E-03   3   0 1  1 0  0 1  0 0
    62  0.2830714148027529E-04   3   0 0  2 0  0 1  0 0
    63  -.9987112676609609E-04   3   1 0  0 1  0 1  0 0
    64  -.7640053000953478E-04   3   0 1  0 1  0 1  0 0
    65  0.9449899181195138E-04   3   0 0  1 1  0 1  0 0
    66  0.2110846975832363E-04   3   0 0  0 2  0 1  0 0
    67  0.3095981915093987E-05   3   2 0  0 0  0 0  1 0
    68  -.8229962005802662E-04   3   1 1  0 0  0 0  1 0
    69  -.2362076376171005E-04   3   0 2  0 0  0 0  1 0
    70  -.7111262692512738E-04   3   1 0  1 0  0 0  1 0
    71  -.1267720694551561E-03   3   0 1  1 0  0 0  1 0
    72  0.2821260782548935E-04   3   0 0  2 0  0 0  1 0
    73  -.9953760023791255E-04   3   1 0  0 1  0 0  1 0
    74  -.7614538516086186E-04   3   0 1  0 1  0 0  1 0
    75  0.9418340589962068E-04   3   0 0  1 1  0 0  1 0
    76  0.2103797656512815E-04   3   0 0  0 2  0 0  1 0
    77  -.9209087220637249E-05   3   2 0  0 0  0 0  0 1
    78  0.1648750063238305E-03   3   1 1  0 0  0 0  0 1
    79  0.2404477982534364E-04   3   0 2  0 0  0 0  0 1
    80  0.2757884143781003E-03   3   1 0  1 0  0 0  0 1
    81  0.2539689215863540E-03   3   0 1  1 0  0 0  0 1
    82  -.1168445532997447E-03   3   0 0  2 0  0 0  0 1
    83  0.1994087270040071E-03   3   1 0  0 1  0 0  0 1
    84  0.7969119615361500E-04   3   0 1  0 1  0 0  0 1
    85  -.1886823977115747E-03   3   0 0  1 1  0 0  0 1
    86  -.2060228138776245E-04   3   0 0  0 2  0 0  0 1
    87  0.9428236944763736E-02   3   1 0  0 0  0 2  0 0
    88  -.3542800664907307E-01   3   0 1  0 0  0 2  0 0
    89  0.5486802646455448E-07   3   0 0  1 0  0 2  0 0
    90  0.2973969519420844E-05   3   0 0  0 1  0 2  0 0
    91  0.6162931648424517E-02   3   1 0  0 0  0 1  1 0
    92  -.2330578350266539E-01   3   0 1  0 0  0 1  1 0
    93  0.5909257735840832E-07   3   0 0  1 0  0 1  1 0
    94  0.2009781498325772E-05   3   0 0  0 1  0 1  1 0
    95  0.9386459928039709E-02   3   1 0  0 0  0 0  2 0
    96  -.3527077673592675E-01   3   0 1  0 0  0 0  2 0
    97  0.5458611902669558E-07   3   0 0  1 0  0 0  2 0
    98  0.2960681840729069E-05   3   0 0  0 1  0 0  2 0
    99  -.2501938406818214E-01   3   1 0  0 0  0 1  0 1
   100  0.4653063803363422E-01   3   0 1  0 0  0 1  0 1
   101  -.1369908019785559E-06   3   0 0  1 0  0 1  0 1
   102  -.3945952578572345E-05   3   0 0  0 1  0 1  0 1
   103  -.2493583010643413E-01   3   1 0  0 0  0 0  1 1
   104  0.4637524575300164E-01   3   0 1  0 0  0 0  1 1
   105  -.1365333117302342E-06   3   0 0  1 0  0 0  1 1
   106  -.3932774797300325E-05   3   0 0  0 1  0 0  1 1
   107  0.2497759479594527E-01   3   1 0  0 0  0 0  0 2
   108  0.1098727742238527E-02   3   0 1  0 0  0 0  0 2
   109  0.1159369481025228E-06   3   0 0  1 0  0 0  0 2
   110  -.6665660544528854E-09   3   0 0  0 1  0 0  0 2
   111  -.6770888344459252E-07   3   0 0  0 0  0 3  0 0
   112  -.3714847764993686E-07   3   0 0  0 0  0 2  1 0
   113  -.3730043282194728E-07   3   0 0  0 0  0 1  2 0
   114  -.6730788408049212E-07   3   0 0  0 0  0 0  3 0
   115  0.1572307202044637E-06   3   0 0  0 0  0 2  0 1
   116  0.9290065169534077E-07   3   0 0  0 0  0 1  1 1
   117  0.1565505132783146E-06   3   0 0  0 0  0 0  2 1
   118  -.9267547405943497E-07   3   0 0  0 0  0 1  0 2
   119  -.9236597791063879E-07   3   0 0  0 0  0 0  1 2
   120  -.1219515327762274E-07   3   0 0  0 0  0 0  0 3
   121  -.3914678640295132E-04   4   4 0  0 0  0 0  0 0
   122  0.2455994904925885E-03   4   3 1  0 0  0 0  0 0
   123  0.1239272256477414E-03   4   2 2  0 0  0 0  0 0
   124  0.8389405541745331E-04   4   1 3  0 0  0 0  0 0
   125  0.8710808255066245E-05   4   0 4  0 0  0 0  0 0
   126  0.4974016381472120E-08   4   3 0  1 0  0 0  0 0
   127  0.2091295148047406E-03   4   2 1  1 0  0 0  0 0
   128  0.6633002036382185E-04   4   1 2  1 0  0 0  0 0
   129  -.3558269840963463E-05   4   0 3  1 0  0 0  0 0
   130  -.1612933127069750E-04   4   2 0  2 0  0 0  0 0
   131  0.4725526011063808E-03   4   1 1  2 0  0 0  0 0
   132  -.7419197789032419E-04   4   0 2  2 0  0 0  0 0
   133  0.1017050307340031E-07   4   1 0  3 0  0 0  0 0
   134  0.2133276386108136E-03   4   0 1  3 0  0 0  0 0
   135  0.5520759205922473E-04   4   0 0  4 0  0 0  0 0
   136  0.1670725139518963E-07   4   3 0  0 1  0 0  0 0
   137  0.1388766587190604E-07   4   2 1  0 1  0 0  0 0
   138  -.9672183089375914E-04   4   1 2  0 1  0 0  0 0
   139  -.3588683784285636E-04   4   0 3  0 1  0 0  0 0
   140  0.4913021222445557E-03   4   2 0  1 1  0 0  0 0
   141  0.4706192038918292E-03   4   1 1  1 1  0 0  0 0
   142  -.1922279809600285E-03   4   0 2  1 1  0 0  0 0
   143  0.4266519067091674E-03   4   1 0  2 1  0 0  0 0
   144  0.1443618221521838E-03   4   0 1  2 1  0 0  0 0
   145  0.1195129223096558E-03   4   0 0  3 1  0 0  0 0
   146  0.3126035222344187E-05   4   2 0  0 2  0 0  0 0
   147  0.4762901005359839E-03   4   1 1  0 2  0 0  0 0
   148  -.2679736759539613E-04   4   0 2  0 2  0 0  0 0
   149  0.5982601958051408E-04   4   1 0  1 2  0 0  0 0
   150  0.2077340107215539E-03   4   0 1  1 2  0 0  0 0
   151  0.4264984000926122E-04   4   0 0  2 2  0 0  0 0
   152  -.9675517966062561E-04   4   1 0  0 3  0 0  0 0
   153  -.3588714017448472E-04   4   0 1  0 3  0 0  0 0
   154  -.1957622351154768E-04   4   0 0  1 3  0 0  0 0
   155  -.3729410305417904E-04   4   0 0  0 4  0 0  0 0
   156  0.6505700449646756E-01   4   3 0  0 0  0 1  0 0
   157  0.1639992147115424       4   2 1  0 0  0 1  0 0
   158  -.2122282396023502       4   1 2  0 0  0 1  0 0
   159  0.7911905534437618E-02   4   0 3  0 0  0 1  0 0
   160  0.3387790556514874E-04   4   2 0  1 0  0 1  0 0
   161  0.2141612029682613E-04   4   1 1  1 0  0 1  0 0
   162  0.3242952153585354E-05   4   0 2  1 0  0 1  0 0
   163  0.3772557152457839       4   1 0  2 0  0 1  0 0
   164  0.5478977814424446E-01   4   0 1  2 0  0 1  0 0
   165  -.8179482054147709E-05   4   0 0  3 0  0 1  0 0
   166  0.7580762717062736E-05   4   2 0  0 1  0 1  0 0
   167  0.5157948548126057E-04   4   1 1  0 1  0 1  0 0
   168  0.6635686532812824E-05   4   0 2  0 1  0 1  0 0
   169  0.3576897423754337       4   1 0  1 1  0 1  0 0
   170  0.1552257158315281       4   0 1  1 1  0 1  0 0
   171  -.6456469765248611E-05   4   0 0  2 1  0 1  0 0
   172  0.2804240741207835       4   1 0  0 2  0 1  0 0
   173  0.1608925155615492       4   0 1  0 2  0 1  0 0
   174  -.2217310883413203E-05   4   0 0  1 2  0 1  0 0
   175  -.6147363122684983E-05   4   0 0  0 3  0 1  0 0
   176  0.6483974213499918E-01   4   3 0  0 0  0 0  1 0
   177  0.1634515280028951       4   2 1  0 0  0 0  1 0
   178  -.2115194887328141       4   1 2  0 0  0 0  1 0
   179  0.7885483179252356E-02   4   0 3  0 0  0 0  1 0
   180  0.3376476795880383E-04   4   2 0  1 0  0 0  1 0
   181  0.2134459968340090E-04   4   1 1  1 0  0 0  1 0
   182  0.3232122090804737E-05   4   0 2  1 0  0 0  1 0
   183  0.3759958437191699       4   1 0  2 0  0 0  1 0
   184  0.5460680389456916E-01   4   0 1  2 0  0 0  1 0
   185  -.8152166108684959E-05   4   0 0  3 0  0 0  1 0
   186  0.7555446236194766E-05   4   2 0  0 1  0 0  1 0
   187  0.5140723222573925E-04   4   1 1  0 1  0 0  1 0
   188  0.6613526199160059E-05   4   0 2  0 1  0 0  1 0
   189  0.3564952127670793       4   1 0  1 1  0 0  1 0
   190  0.1547073288285727       4   0 1  1 1  0 0  1 0
   191  -.6434907938370430E-05   4   0 0  2 1  0 0  1 0
   192  0.2794875785500501       4   1 0  0 2  0 0  1 0
   193  0.1603552038893606       4   0 1  0 2  0 0  1 0
   194  -.2209906020515918E-05   4   0 0  1 2  0 0  1 0
   195  -.6126833578799434E-05   4   0 0  0 3  0 0  1 0
   196  -.3325938426037336       4   3 0  0 0  0 0  0 1
   197  -.3274507427144384       4   2 1  0 0  0 0  0 1
   198  0.1898506755277829       4   1 2  0 0  0 0  0 1
   199  -.7619890387563718E-02   4   0 3  0 0  0 0  0 1
   200  -.1142981888283016E-03   4   2 0  1 0  0 0  0 1
   201  -.4276071998022676E-04   4   1 1  1 0  0 0  0 1
   202  -.4663766094831208E-05   4   0 2  1 0  0 0  0 1
   203  -1.373714747702017       4   1 0  2 0  0 0  0 1
   204  -.1093965820388112       4   0 1  2 0  0 0  0 1
   205  0.2852568106282791E-04   4   0 0  3 0  0 0  0 1
   206  -.1513620895325746E-04   4   2 0  0 1  0 0  0 1
   207  -.5376233854630390E-04   4   1 1  0 1  0 0  0 1
   208  -.4786082464519463E-05   4   0 2  0 1  0 0  0 1
   209  -.7141849551425140       4   1 0  1 1  0 0  0 1
   210  -.2106779415978204       4   0 1  1 1  0 0  0 1
   211  0.1289137770361864E-04   4   0 0  2 1  0 0  0 1
   212  -.2785757104187840       4   1 0  0 2  0 0  0 1
   213  -.1125217731519299       4   0 1  0 2  0 0  0 1
   214  0.3126998439509130E-05   4   0 0  1 2  0 0  0 1
   215  0.4194432125558316E-05   4   0 0  0 3  0 0  0 1
   216  -.4897053647676829E-04   4   2 0  0 0  0 2  0 0
   217  0.1925226168799689E-03   4   1 1  0 0  0 2  0 0
   218  0.8254613711178896E-05   4   0 2  0 0  0 2  0 0
   219  -.7650880738777334E-04   4   1 0  1 0  0 2  0 0
   220  0.3410878852502387E-04   4   0 1  1 0  0 2  0 0
   221  -.3517713788451739E-04   4   0 0  2 0  0 2  0 0
   222  -.1207030498520949E-03   4   1 0  0 1  0 2  0 0
   223  -.6436051011029778E-04   4   0 1  0 1  0 2  0 0
   224  -.1264987723315159E-03   4   0 0  1 1  0 2  0 0
   225  -.8025182283191189E-04   4   0 0  0 2  0 2  0 0
   226  -.4666867981581219E-04   4   2 0  0 0  0 1  1 0
   227  0.1588575051015393E-03   4   1 1  0 0  0 1  1 0
   228  0.5334808259527638E-05   4   0 2  0 0  0 1  1 0
   229  -.9296718414963927E-04   4   1 0  1 0  0 1  1 0
   230  -.4144601411658119E-05   4   0 1  1 0  0 1  1 0
   231  -.3314435112856549E-04   4   0 0  2 0  0 1  1 0
   232  -.1443298235420030E-03   4   1 0  0 1  0 1  1 0
   233  -.9258132676521698E-04   4   0 1  0 1  0 1  1 0
   234  -.1169403197551325E-03   4   0 0  1 1  0 1  1 0
   235  -.9408821193774640E-04   4   0 0  0 2  0 1  1 0
   236  -.4872906934635562E-04   4   2 0  0 0  0 0  2 0
   237  0.1916144164919490E-03   4   1 1  0 0  0 0  2 0
   238  0.8218138877969239E-05   4   0 2  0 0  0 0  2 0
   239  -.7609806577191184E-04   4   1 0  1 0  0 0  2 0
   240  0.3400180046046976E-04   4   0 1  1 0  0 0  2 0
   241  -.3500431747676447E-04   4   0 0  2 0  0 0  2 0
   242  -.1200589539685206E-03   4   1 0  0 1  0 0  2 0
   243  -.6399098287124918E-04   4   0 1  0 1  0 0  2 0
   244  -.1258810558024331E-03   4   0 0  1 1  0 0  2 0
   245  -.7982670928248471E-04   4   0 0  0 2  0 0  2 0
   246  0.9194034129044148E-04   4   2 0  0 0  0 1  0 1
   247  -.1811986017917333E-03   4   1 1  0 0  0 1  0 1
   248  -.7080974926429089E-05   4   0 2  0 0  0 1  0 1
   249  0.1229935615645191E-03   4   1 0  1 0  0 1  0 1
   250  -.4482767517736573E-04   4   0 1  1 0  0 1  0 1
   251  0.8590560576631027E-04   4   0 0  2 0  0 1  0 1
   252  0.9596672849661376E-04   4   1 0  0 1  0 1  0 1
   253  0.3875966533133537E-04   4   0 1  0 1  0 1  0 1
   254  0.1839700753330894E-03   4   0 0  1 1  0 1  0 1
   255  0.7028571605631786E-04   4   0 0  0 2  0 1  0 1
   256  0.9163330016831198E-04   4   2 0  0 0  0 0  1 1
   257  -.1805934765415813E-03   4   1 1  0 0  0 0  1 1
   258  -.7057327521419753E-05   4   0 2  0 0  0 0  1 1
   259  0.1225828160677390E-03   4   1 0  1 0  0 0  1 1
   260  -.4467797005885384E-04   4   0 1  1 0  0 0  1 1
   261  0.8561871806041823E-04   4   0 0  2 0  0 0  1 1
   262  0.9564624097621591E-04   4   1 0  0 1  0 0  1 1
   263  0.3863022475095835E-04   4   0 1  0 1  0 0  1 1
   264  0.1833556945555570E-03   4   0 0  1 1  0 0  1 1
   265  0.7005099205132985E-04   4   0 0  0 2  0 0  1 1
   266  -.3920535421565639E-04   4   2 0  0 0  0 0  0 2
   267  -.3099159145750353E-04   4   1 1  0 0  0 0  0 2
   268  -.1594861463356798E-05   4   0 2  0 0  0 0  0 2
   269  -.2320339690127170E-08   4   1 0  1 0  0 0  0 2
   270  -.8588328092798679E-05   4   0 1  1 0  0 0  0 2
   271  -.6819851955304513E-04   4   0 0  2 0  0 0  0 2
   272  -.3157492010946689E-09   4   1 0  0 1  0 0  0 2
   273  -.1624416722377979E-10   4   0 1  0 1  0 0  0 2
   274  -.2987962734060629E-04   4   0 0  1 1  0 0  0 2
   275  -.1776686983128302E-05   4   0 0  0 2  0 0  0 2
   276  -.7787806803572364E-02   4   1 0  0 0  0 3  0 0
   277  0.2933539892555466E-01   4   0 1  0 0  0 3  0 0
   278  -.3794893882890375E-07   4   0 0  1 0  0 3  0 0
   279  -.2449450430459409E-05   4   0 0  0 1  0 3  0 0
   280  -.4512487479079258E-02   4   1 0  0 0  0 2  1 0
   281  0.1717071731607410E-01   4   0 1  0 0  0 2  1 0
   282  -.2013359466254599E-07   4   0 0  1 0  0 2  1 0
   283  -.1435864863960059E-05   4   0 0  0 1  0 2  1 0
   284  -.4528764428992219E-02   4   1 0  0 0  0 1  2 0
   285  0.1723116375384769E-01   4   0 1  0 0  0 1  2 0
   286  -.2022220317072603E-07   4   0 0  1 0  0 1  2 0
   287  -.1440901295447280E-05   4   0 0  0 1  0 1  2 0
   288  -.7741285351653100E-02   4   1 0  0 0  0 0  3 0
   289  0.2915987243619771E-01   4   0 1  0 0  0 0  3 0
   290  -.3772533338779251E-07   4   0 0  1 0  0 0  3 0
   291  -.2434790734588084E-05   4   0 0  0 1  0 0  3 0
   292  0.1844769298647178E-01   4   1 0  0 0  0 2  0 1
   293  -.3432083254903599E-01   4   0 1  0 0  0 2  0 1
   294  0.1122263388248939E-06   4   0 0  1 0  0 2  0 1
   295  0.2939149660559678E-05   4   0 0  0 1  0 2  0 1
   296  0.1191961610337792E-01   4   1 0  0 0  0 1  1 1
   297  -.2219205909922331E-01   4   0 1  0 0  0 1  1 1
   298  0.8762575391263941E-07   4   0 0  1 0  0 1  1 1
   299  0.1939027310690652E-05   4   0 0  0 1  0 1  1 1
   300  0.1836618245037878E-01   4   1 0  0 0  0 0  2 1
   301  -.3416915980009185E-01   4   0 1  0 0  0 0  2 1
   302  0.1117052350825029E-06   4   0 0  1 0  0 0  2 1
   303  0.2926096409356762E-05   4   0 0  0 1  0 0  2 1
   304  -.1189782185085685E-01   4   1 0  0 0  0 1  0 2
   305  -.1113801269026515E-02   4   0 1  0 0  0 1  0 2
   306  -.1096245890356623E-06   4   0 0  1 0  0 1  0 2
   307  0.1789266796041765E-08   4   0 0  0 1  0 1  0 2
   308  -.1185808825273504E-01   4   1 0  0 0  0 0  1 2
   309  -.1110081652733214E-02   4   0 1  0 0  0 0  1 2
   310  -.1092584901463084E-06   4   0 0  1 0  0 0  1 2
   311  0.1783291415979045E-08   4   0 0  0 1  0 0  1 2
   312  -.4072282307839947E-03   4   1 0  0 0  0 0  0 3
   313  0.8809145761584102E-05   4   0 1  0 0  0 0  0 3
   314  0.3431537749627202E-07   4   0 0  1 0  0 0  0 3
   315  -.7464750930764929E-09   4   0 0  0 1  0 0  0 3
   316  -.8294993838417240E-05   4   0 0  0 0  0 4  0 0
   317  -.4589234105352678E-05   4   0 0  0 0  0 3  1 0
   318  -.4098706031122065E-05   4   0 0  0 0  0 2  2 0
   319  -.4615412924346950E-05   4   0 0  0 0  0 1  3 0
   320  -.8232010847015055E-05   4   0 0  0 0  0 0  4 0
   321  0.9286549246198423E-05   4   0 0  0 0  0 3  0 1
   322  0.5290683292481820E-05   4   0 0  0 0  0 2  1 1
   323  0.5310544642687882E-05   4   0 0  0 0  0 1  2 1
   324  0.9231225011438601E-05   4   0 0  0 0  0 0  3 1
   325  0.2230999510181829E-06   4   0 0  0 0  0 2  0 2
   326  0.2691706551918902E-06   4   0 0  0 0  0 1  1 2
   327  0.2219054363168653E-06   4   0 0  0 0  0 0  2 2
   328  -.1416707692507501E-08   4   0 0  0 0  0 1  0 3
   329  -.1411976499284467E-08   4   0 0  0 0  0 0  1 3
   ----------------------------------------------------
     I  COEFFICIENT            ORDER EXPONENTS
     1  -.1195537856365766E-03   0   0 0  0 0  0 0  0 0
     2  0.7691778436862541E-05   1   1 0  0 0  0 0  0 0
     3  0.3397496053007473E-06   1   0 1  0 0  0 0  0 0
     4   1.098334517774426       1   0 0  1 0  0 0  0 0
     5  0.3445632981148988       1   0 0  0 1  0 0  0 0
     6  0.1309586099413258E-05   1   0 0  0 0  0 1  0 0
     7  0.1305212646151601E-05   1   0 0  0 0  0 0  1 0
     8  -.2614798745736087E-05   1   0 0  0 0  0 0  0 1
     9  -.9552787931643662E-04   2   2 0  0 0  0 0  0 0
    10  0.3539405524200043E-05   2   1 1  0 0  0 0  0 0
    11  -.5912440756927365E-05   2   0 2  0 0  0 0  0 0
    12  0.1826098588670266E-03   2   1 0  1 0  0 0  0 0
    13  -.1495690661636703E-05   2   0 1  1 0  0 0  0 0
    14  0.8977747140774249E-04   2   0 0  2 0  0 0  0 0
    15  -.1810860978028956E-04   2   1 0  0 1  0 0  0 0
    16  -.1599681474514206E-05   2   0 1  0 1  0 0  0 0
    17  -.5080311104074407E-04   2   0 0  1 1  0 0  0 0
    18  -.1119229202065632E-04   2   0 0  0 2  0 0  0 0
    19  -.3906771007562189E-05   2   1 0  0 0  0 1  0 0
    20  -.3590344286734507E-06   2   0 1  0 0  0 1  0 0
    21  -.4977581130150895E-01   2   0 0  1 0  0 1  0 0
    22  -.1747861197605816       2   0 0  0 1  0 1  0 0
    23  -.3893724075853729E-05   2   1 0  0 0  0 0  1 0
    24  -.3578354083922769E-06   2   0 1  0 0  0 0  1 0
    25  -.4960958154053023E-01   2   0 0  1 0  0 0  1 0
    26  -.1742024094372271       2   0 0  0 1  0 0  1 0
    27  0.7800495083416012E-05   2   1 0  0 0  0 0  0 1
    28  0.3771202317649910E-06   2   0 1  0 0  0 0  0 1
    29  0.9938539284204159E-01   2   0 0  1 0  0 0  0 1
    30  0.4425231082910298E-02   2   0 0  0 1  0 0  0 1
    31  -.9724560272611723E-06   2   0 0  0 0  0 2  0 0
    32  -.6375860754419454E-06   2   0 0  0 0  0 1  1 0
    33  -.9681438118324702E-06   2   0 0  0 0  0 0  2 0
    34  0.1273003785747915E-05   2   0 0  0 0  0 1  0 1
    35  0.1268752501650221E-05   2   0 0  0 0  0 0  1 1
    36  0.3651743544328350E-07   2   0 0  0 0  0 0  0 2
    37  -.1701809837597040E-05   3   3 0  0 0  0 0  0 0
    38  0.1803791548281804E-04   3   2 1  0 0  0 0  0 0
    39  0.1067009670371769E-04   3   1 2  0 0  0 0  0 0
    40  0.1389006890098331E-05   3   0 3  0 0  0 0  0 0
    41  -.1610137824387453E-01   3   2 0  1 0  0 0  0 0
    42  -.2962861815956189E-01   3   1 1  1 0  0 0  0 0
    43  0.1016217759359841       3   0 2  1 0  0 0  0 0
    44  0.8401648678435920E-05   3   1 0  2 0  0 0  0 0
    45  0.2861731721480725E-04   3   0 1  2 0  0 0  0 0
    46  0.5356231850423260E-01   3   0 0  3 0  0 0  0 0
    47  0.2783715377440352       3   2 0  0 1  0 0  0 0
    48  -.9349800059168748E-02   3   1 1  0 1  0 0  0 0
    49  0.1862252086380443       3   0 2  0 1  0 0  0 0
    50  0.1120551590297563E-04   3   1 0  1 1  0 0  0 0
    51  0.9976401053481472E-05   3   0 1  1 1  0 0  0 0
    52  0.3914301232944204       3   0 0  2 1  0 0  0 0
    53  0.1290120489686007E-04   3   1 0  0 2  0 0  0 0
    54  0.1810766091409831E-05   3   0 1  0 2  0 0  0 0
    55  0.2184990503457035       3   0 0  1 2  0 0  0 0
    56  0.1920910973833375       3   0 0  0 3  0 0  0 0
    57  0.4627852724059590E-04   3   2 0  0 0  0 1  0 0
    58  -.5437166616875078E-05   3   1 1  0 0  0 1  0 0
    59  0.8851665713868320E-05   3   0 2  0 0  0 1  0 0
    60  -.9115754091918810E-04   3   1 0  1 0  0 1  0 0
    61  0.2183775816399819E-05   3   0 1  1 0  0 1  0 0
    62  -.3914487619368169E-04   3   0 0  2 0  0 1  0 0
    63  0.1809139479183063E-04   3   1 0  0 1  0 1  0 0
    64  0.2440705456286612E-05   3   0 1  0 1  0 1  0 0
    65  0.5684662681543118E-04   3   0 0  1 1  0 1  0 0
    66  0.1729843486631960E-04   3   0 0  0 2  0 1  0 0
    67  0.4612397690137597E-04   3   2 0  0 0  0 0  1 0
    68  -.5419008823290141E-05   3   1 1  0 0  0 0  1 0
    69  0.8822104964632614E-05   3   0 2  0 0  0 0  1 0
    70  -.9085311401298355E-04   3   1 0  1 0  0 0  1 0
    71  0.2176482946178883E-05   3   0 1  1 0  0 0  1 0
    72  -.3901414917504222E-04   3   0 0  2 0  0 0  1 0
    73  0.1803097732894329E-04   3   1 0  0 1  0 0  1 0
    74  0.2432554551780087E-05   3   0 1  0 1  0 0  1 0
    75  0.5665678357745887E-04   3   0 0  1 1  0 0  1 0
    76  0.1724066554788176E-04   3   0 0  0 2  0 0  1 0
    77  -.9240250414197170E-04   3   2 0  0 0  0 0  0 1
    78  0.7316769915965342E-05   3   1 1  0 0  0 0  0 1
    79  -.5848889164645670E-05   3   0 2  0 0  0 0  0 1
    80  0.1820106549321719E-03   3   1 0  1 0  0 0  0 1
    81  -.2864568100942128E-05   3   0 1  1 0  0 0  0 1
    82  0.7815902536872292E-04   3   0 0  2 0  0 0  0 1
    83  -.1801376234048482E-04   3   1 0  0 1  0 0  0 1
    84  -.1673897059037303E-05   3   0 1  0 1  0 0  0 1
    85  -.6270029935223925E-04   3   0 0  1 1  0 0  0 1
    86  -.1215451637291796E-04   3   0 0  0 2  0 0  0 1
    87  0.2935494913357451E-05   3   1 0  0 0  0 2  0 0
    88  0.2808362265616369E-06   3   0 1  0 0  0 2  0 0
    89  0.3757209844021823E-01   3   0 0  1 0  0 2  0 0
    90  0.1320918337174236       3   0 0  0 1  0 2  0 0
    91  0.1964112765676314E-05   3   1 0  0 0  0 1  1 0
    92  0.2675238048809841E-06   3   0 1  0 0  0 1  1 0
    93  0.2544940033886665E-01   3   0 0  1 0  0 1  1 0
    94  0.8968089747533184E-01   3   0 0  0 1  0 1  1 0
    95  0.2922411980130277E-05   3   1 0  0 0  0 0  2 0
    96  0.2794516474641818E-06   3   0 1  0 0  0 0  2 0
    97  0.3740412880612782E-01   3   0 0  1 0  0 0  2 0
    98  0.1315009561354668       3   0 0  0 1  0 0  2 0
    99  -.3913039463628847E-05   3   1 0  0 0  0 1  0 1
   100  -.3690590319168977E-06   3   0 1  0 0  0 1  0 1
   101  -.5081796217591538E-01   3   0 0  1 0  0 1  0 1
   102  -.4292878402471222E-02   3   0 0  0 1  0 1  0 1
   103  -.3899971597978262E-05   3   1 0  0 0  0 0  1 1
   104  -.3678265337805709E-06   3   0 1  0 0  0 0  1 1
   105  -.5064825208008725E-01   3   0 0  1 0  0 0  1 1
   106  -.4278542038439961E-02   3   0 0  0 1  0 0  1 1
   107  -.1411683367498407E-08   3   1 0  0 0  0 0  0 2
   108  -.3146067964883257E-09   3   0 1  0 0  0 0  0 2
   109  0.1040474553926073E-02   3   0 0  1 0  0 0  0 2
   110  -.1394981280908484E-03   3   0 0  0 1  0 0  0 2
   111  0.8041476995466241E-06   3   0 0  0 0  0 3  0 0
   112  0.4680648197614762E-06   3   0 0  0 0  0 2  1 0
   113  0.4697349251855460E-06   3   0 0  0 0  0 1  2 0
   114  0.7993404970927924E-06   3   0 0  0 0  0 0  3 0
   115  -.9354591483049112E-06   3   0 0  0 0  0 2  0 1
   116  -.6001548208435292E-06   3   0 0  0 0  0 1  1 1
   117  -.9313329886820450E-06   3   0 0  0 0  0 0  2 1
   118  -.3747248692554223E-07   3   0 0  0 0  0 1  0 2
   119  -.3734734496644378E-07   3   0 0  0 0  0 0  1 2
   120  0.5949870018890311E-09   3   0 0  0 0  0 0  0 3
   121  -.1400084613280516E-08   4   4 0  0 0  0 0  0 0
   122  -.1028300353940266E-07   4   3 1  0 0  0 0  0 0
   123  0.4784533229906522E-04   4   2 2  0 0  0 0  0 0
   124  -.1603410076072094E-05   4   1 3  0 0  0 0  0 0
   125  0.4682562582845536E-04   4   0 4  0 0  0 0  0 0
   126  -.1220426530573028E-03   4   3 0  1 0  0 0  0 0
   127  -.2678404622646669E-03   4   2 1  1 0  0 0  0 0
   128  0.5453641936008002E-04   4   1 2  1 0  0 0  0 0
   129  0.1187069103116966E-03   4   0 3  1 0  0 0  0 0
   130  -.1685403928987420E-03   4   2 0  2 0  0 0  0 0
   131  -.2461728127433747E-03   4   1 1  2 0  0 0  0 0
   132  0.2994314628072187E-03   4   0 2  2 0  0 0  0 0
   133  -.6290261611863092E-04   4   1 0  3 0  0 0  0 0
   134  -.7907095747770753E-04   4   0 1  3 0  0 0  0 0
   135  -.6696254259435035E-04   4   0 0  4 0  0 0  0 0
   136  0.6262050235422696E-04   4   3 0  0 1  0 0  0 0
   137  -.4050517021566281E-03   4   2 1  0 1  0 0  0 0
   138  -.1800977771270193E-03   4   1 2  0 1  0 0  0 0
   139  0.1705738831086462E-03   4   0 3  0 1  0 0  0 0
   140  0.6783177341752331E-04   4   2 0  1 1  0 0  0 0
   141  -.5124672751018089E-03   4   1 1  1 1  0 0  0 0
   142  0.1978250393314241E-03   4   0 2  1 1  0 0  0 0
   143  0.3936392581714608E-04   4   1 0  2 1  0 0  0 0
   144  -.6857690793082952E-04   4   0 1  2 1  0 0  0 0
   145  0.1525677872230186E-03   4   0 0  3 1  0 0  0 0
   146  0.1727308040704397E-03   4   2 0  0 2  0 0  0 0
   147  -.8020198023314314E-04   4   1 1  0 2  0 0  0 0
   148  0.2948573153042738E-03   4   0 2  0 2  0 0  0 0
   149  -.6908805874361555E-04   4   1 0  1 2  0 0  0 0
   150  0.1379978662359822E-03   4   0 1  1 2  0 0  0 0
   151  0.3098028673454485E-03   4   0 0  2 2  0 0  0 0
   152  -.8969334171812242E-04   4   1 0  0 3  0 0  0 0
   153  0.1846780039537952E-03   4   0 1  0 3  0 0  0 0
   154  0.2688001061683763E-03   4   0 0  1 3  0 0  0 0
   155  0.2643632730048529E-03   4   0 0  0 4  0 0  0 0
   156  0.1863877762977261E-05   4   3 0  0 0  0 1  0 0
   157  -.1554983802977725E-04   4   2 1  0 0  0 1  0 0
   158  -.1548080575552852E-04   4   1 2  0 0  0 1  0 0
   159  -.2795805534348150E-05   4   0 3  0 0  0 1  0 0
   160  0.2366499626495533E-01   4   2 0  1 0  0 1  0 0
   161  0.4724996046325249E-01   4   1 1  1 0  0 1  0 0
   162  -.1546528272090358       4   0 2  1 0  0 1  0 0
   163  -.1061034177762752E-04   4   1 0  2 0  0 1  0 0
   164  -.3192390009620929E-04   4   0 1  2 0  0 1  0 0
   165  -.6438372881753576E-01   4   0 0  3 0  0 1  0 0
   166  -.2747838656379792       4   2 0  0 1  0 1  0 0
   167  0.1898794607195123E-01   4   1 1  0 1  0 1  0 0
   168  -.2877412208678377       4   0 2  0 1  0 1  0 0
   169  -.1741845993062076E-04   4   1 0  1 1  0 1  0 0
   170  -.1622241681011079E-04   4   0 1  1 1  0 1  0 0
   171  -.4501015042557742       4   0 0  2 1  0 1  0 0
   172  -.1999905975166174E-04   4   1 0  0 2  0 1  0 0
   173  -.3793400254202512E-05   4   0 1  0 2  0 1  0 0
   174  -.3408503714518432       4   0 0  1 2  0 1  0 0
   175  -.3001166084922072       4   0 0  0 3  0 1  0 0
   176  0.1857653214407809E-05   4   3 0  0 0  0 0  1 0
   177  -.1549790827129931E-04   4   2 1  0 0  0 0  1 0
   178  -.1542910653510009E-04   4   1 2  0 0  0 0  1 0
   179  -.2786468748596889E-05   4   0 3  0 0  0 0  1 0
   180  0.2358596537485485E-01   4   2 0  1 0  0 0  1 0
   181  0.4709216595566595E-01   4   1 1  1 0  0 0  1 0
   182  -.1541363534072180       4   0 2  1 0  0 0  1 0
   183  -.1057490780816047E-04   4   1 0  2 0  0 0  1 0
   184  -.3181728802613209E-04   4   0 1  2 0  0 0  1 0
   185  -.6416871490666992E-01   4   0 0  3 0  0 0  1 0
   186  -.2738662059331716       4   2 0  0 1  0 0  1 0
   187  0.1892453451411792E-01   4   1 1  0 1  0 0  1 0
   188  -.2867802891799818       4   0 2  0 1  0 0  1 0
   189  -.1736028978019074E-04   4   1 0  1 1  0 0  1 0
   190  -.1616824092832048E-04   4   0 1  1 1  0 0  1 0
   191  -.4485983591835862       4   0 0  2 1  0 0  1 0
   192  -.1993227150983301E-04   4   1 0  0 2  0 0  1 0
   193  -.3780731931957088E-05   4   0 1  0 2  0 0  1 0
   194  -.3397120780861035       4   0 0  1 2  0 0  1 0
   195  -.2991143483423253       4   0 0  0 3  0 0  1 0
   196  -.3721530977385207E-05   4   3 0  0 0  0 0  0 1
   197  0.1300983081825861E-04   4   2 1  0 0  0 0  0 1
   198  0.9569718883193243E-05   4   1 2  0 0  0 0  0 1
   199  0.1415253612649974E-05   4   0 3  0 0  0 0  0 1
   200  -.4725096163981300E-01   4   2 0  1 0  0 0  0 1
   201  -.6471350825935573E-01   4   1 1  1 0  0 0  0 1
   202  0.1055456287442864       4   0 2  1 0  0 0  0 1
   203  0.2118524958579492E-04   4   1 0  2 0  0 0  0 1
   204  0.3512387090753426E-04   4   0 1  2 0  0 0  0 1
   205  0.1285524437242614       4   0 0  3 0  0 0  0 1
   206  0.2702785338271152       4   2 0  0 1  0 0  0 1
   207  -.1921288046773199E-01   4   1 1  0 1  0 0  0 1
   208  0.1584588413368516E-01   4   0 2  0 1  0 0  0 1
   209  0.2357323380783601E-04   4   1 0  1 1  0 0  0 1
   210  0.1243785563147921E-04   4   0 1  1 1  0 0  0 1
   211  0.5072697401449413       4   0 0  2 1  0 0  0 1
   212  0.1412892146778009E-04   4   1 0  0 2  0 0  0 1
   213  0.2141833911933488E-05   4   0 1  0 2  0 0  0 1
   214  0.2435643488466758       4   0 0  1 2  0 0  0 1
   215  0.2295766468454730E-01   4   0 0  0 3  0 0  0 1
   216  0.5924991050555899E-04   4   2 0  0 0  0 2  0 0
   217  -.3660058083285903E-05   4   1 1  0 0  0 2  0 0
   218  0.1175260263892230E-03   4   0 2  0 0  0 2  0 0
   219  0.4982698031191543E-04   4   1 0  1 0  0 2  0 0
   220  0.1241637172305821E-03   4   0 1  1 0  0 2  0 0
   221  0.1987239022405175E-03   4   0 0  2 0  0 2  0 0
   222  -.3974666222555318E-04   4   1 0  0 1  0 2  0 0
   223  0.2337108204533592E-03   4   0 1  0 1  0 2  0 0
   224  0.2513072736436156E-03   4   0 0  1 1  0 2  0 0
   225  0.3819066901077778E-03   4   0 0  0 2  0 2  0 0
   226  0.7047861566245994E-04   4   2 0  0 0  0 1  1 0
   227  -.5704244251732032E-05   4   1 1  0 0  0 1  1 0
   228  0.1430929649449600E-03   4   0 2  0 0  0 1  1 0
   229  0.2275666304952345E-04   4   1 0  1 0  0 1  1 0
   230  0.1499132383710301E-03   4   0 1  1 0  0 1  1 0
   231  0.2013894774257670E-03   4   0 0  2 0  0 1  1 0
   232  -.4265821832089645E-04   4   1 0  0 1  0 1  1 0
   233  0.2842698021070576E-03   4   0 1  0 1  0 1  1 0
   234  0.3147353510292002E-03   4   0 0  1 1  0 1  1 0
   235  0.4672169445059768E-03   4   0 0  0 2  0 1  1 0
   236  0.5893435723242499E-04   4   2 0  0 0  0 0  2 0
   237  -.3638310207534323E-05   4   1 1  0 0  0 0  2 0
   238  0.1168946056823826E-03   4   0 2  0 0  0 0  2 0
   239  0.4962258094420716E-04   4   1 0  1 0  0 0  2 0
   240  0.1234987411093944E-03   4   0 1  1 0  0 0  2 0
   241  0.1977239730014503E-03   4   0 0  2 0  0 0  2 0
   242  -.3954269546713007E-04   4   1 0  0 1  0 0  2 0
   243  0.2324556576982579E-03   4   0 1  0 1  0 0  2 0
   244  0.2499424754144960E-03   4   0 0  1 1  0 0  2 0
   245  0.3798511346955743E-03   4   0 0  0 2  0 0  2 0
   246  -.4654937127851859E-04   4   2 0  0 0  0 1  0 1
   247  0.3301368831653776E-05   4   1 1  0 0  0 1  0 1
   248  -.3849738597460132E-05   4   0 2  0 0  0 1  0 1
   249  -.6050005765257636E-04   4   1 0  1 0  0 1  0 1
   250  -.1024244936907517E-03   4   0 1  1 0  0 1  0 1
   251  -.2480303693624305E-03   4   0 0  2 0  0 1  0 1
   252  0.4243721063417375E-04   4   1 0  0 1  0 1  0 1
   253  -.1844832205587875E-04   4   0 1  0 1  0 1  0 1
   254  -.2080542032190366E-03   4   0 0  1 1  0 1  0 1
   255  -.3340317389134479E-04   4   0 0  0 2  0 1  0 1
   256  -.4639391643692051E-04   4   2 0  0 0  0 0  1 1
   257  0.3290343682340568E-05   4   1 1  0 0  0 0  1 1
   258  -.3836882129425692E-05   4   0 2  0 0  0 0  1 1
   259  -.6029801352994363E-04   4   1 0  1 0  0 0  1 1
   260  -.1020824400173048E-03   4   0 1  1 0  0 0  1 1
   261  -.2472020548068999E-03   4   0 0  2 0  0 0  1 1
   262  0.4229548863716710E-04   4   1 0  0 1  0 0  1 1
   263  -.1838671260973196E-04   4   0 1  0 1  0 0  1 1
   264  -.2073593918323961E-03   4   0 0  1 1  0 0  1 1
   265  -.3329162168422472E-04   4   0 0  0 2  0 0  1 1
   266  -.1353527061023866E-08   4   2 0  0 0  0 0  0 2
   267  -.3009433622967733E-09   4   1 1  0 0  0 0  0 2
   268  -.2399505005205019E-07   4   0 2  0 0  0 0  0 2
   269  -.1091923122940360E-04   4   1 0  1 0  0 0  0 2
   270  0.1937350621352552E-05   4   0 1  1 0  0 0  0 2
   271  0.3198972222463165E-04   4   0 0  2 0  0 0  0 2
   272  -.2679734295425019E-05   4   1 0  0 1  0 0  0 2
   273  -.9270766877300229E-07   4   0 1  0 1  0 0  0 2
   274  0.8006328881394985E-05   4   0 0  1 1  0 0  0 2
   275  0.1978287103261252E-06   4   0 0  0 2  0 0  0 2
   276  -.2442380799643332E-05   4   1 0  0 0  0 3  0 0
   277  -.3496368600003205E-06   4   0 1  0 0  0 3  0 0
   278  -.3147907323643741E-01   4   0 0  1 0  0 3  0 0
   279  -.1107624461760930       4   0 0  0 1  0 3  0 0
   280  -.1462176358597063E-05   4   1 0  0 0  0 2  1 0
   281  -.4226593818348663E-06   4   0 1  0 0  0 2  1 0
   282  -.1931352464451191E-01   4   0 0  1 0  0 2  1 0
   283  -.6817559294619562E-01   4   0 0  0 1  0 2  1 0
   284  -.1467045690490456E-05   4   1 0  0 0  0 1  2 0
   285  -.4222877370955102E-06   4   0 1  0 0  0 1  2 0
   286  -.1937393956360253E-01   4   0 0  1 0  0 1  2 0
   287  -.6838707260027807E-01   4   0 0  0 1  0 1  2 0
   288  -.2427712730116460E-05   4   1 0  0 0  0 0  3 0
   289  -.3471820186316846E-06   4   0 1  0 0  0 0  3 0
   290  -.3128924228679639E-01   4   0 0  1 0  0 0  3 0
   291  -.1100941415961636       4   0 0  0 1  0 0  3 0
   292  0.2929138039926266E-05   4   1 0  0 0  0 2  0 1
   293  0.3725894038586969E-06   4   0 1  0 0  0 2  0 1
   294  0.3860637469166582E-01   4   0 0  1 0  0 2  0 1
   295  0.4186880868645808E-02   4   0 0  0 1  0 2  0 1
   296  0.1951764589516878E-05   4   1 0  0 0  0 1  1 1
   297  0.3760920777490161E-06   4   0 1  0 0  0 1  1 1
   298  0.2647578332907711E-01   4   0 0  1 0  0 1  1 1
   299  0.4081543429712035E-02   4   0 0  0 1  0 1  1 1
   300  0.2916096954710768E-05   4   1 0  0 0  0 0  2 1
   301  0.3707171230619635E-06   4   0 1  0 0  0 0  2 1
   302  0.3843323718211543E-01   4   0 0  1 0  0 0  2 1
   303  0.4166083192558859E-02   4   0 0  0 1  0 0  2 1
   304  0.2580126974745473E-08   4   1 0  0 0  0 1  0 2
   305  0.6392063877982484E-09   4   0 1  0 0  0 1  0 2
   306  -.1026242398740924E-02   4   0 0  1 0  0 1  0 2
   307  0.2116860972138088E-03   4   0 0  0 1  0 1  0 2
   308  0.2571510462464704E-08   4   1 0  0 0  0 0  1 2
   309  0.6370717139064288E-09   4   0 1  0 0  0 0  1 2
   310  -.1022815191344101E-02   4   0 0  1 0  0 0  1 2
   311  0.2109791568663880E-03   4   0 0  0 1  0 0  1 2
   312  -.7760897340221965E-09   4   1 0  0 0  0 0  0 3
   313  -.1108192200503565E-09   4   0 1  0 0  0 0  0 3
   314  -.1063050592335381E-04   4   0 0  1 0  0 0  0 3
   315  -.1390289936278933E-05   4   0 0  0 1  0 0  0 3
   316  0.3310315969999264E-04   4   0 0  0 0  0 4  0 0
   317  0.1954783951814643E-04   4   0 0  0 0  0 3  1 0
   318  0.1774757249374123E-04   4   0 0  0 0  0 2  2 0
   319  0.1964354210443265E-04   4   0 0  0 0  0 1  3 0
   320  0.3284976223353661E-04   4   0 0  0 0  0 0  4 0
   321  -.9999001749474031E-06   4   0 0  0 0  0 3  0 1
   322  -.1141783714068897E-05   4   0 0  0 0  0 2  1 1
   323  -.1141056241833344E-05   4   0 0  0 0  0 1  2 1
   324  -.9929911741854467E-06   4   0 0  0 0  0 0  3 1
   325  -.4242825888152787E-07   4   0 0  0 0  0 2  0 2
   326  -.6071144085922394E-07   4   0 0  0 0  0 1  1 2
   327  -.4218519175381560E-07   4   0 0  0 0  0 0  2 2
   328  0.2394312333165211E-09   4   0 0  0 0  0 1  0 3
   329  0.2386316361699529E-09   4   0 0  0 0  0 0  1 3
   ----------------------------------------------------
     I  COEFFICIENT            ORDER EXPONENTS
     1  -.4041248901875152E-04   0   0 0  0 0  0 0  0 0
     2  0.4596501121645720E-04   1   1 0  0 0  0 0  0 0
     3  0.7704630166242674E-05   1   0 1  0 0  0 0  0 0
     4  0.5988414002781181       1   0 0  1 0  0 0  0 0
     5   1.098334567646629       1   0 0  0 1  0 0  0 0
     6  0.3236727965612986E-06   1   0 0  0 0  0 1  0 0
     7  0.3225918688933767E-06   1   0 0  0 0  0 0  1 0
     8  -.4105875368420639E-04   1   0 0  0 0  0 0  0 1
     9  -.4640630858038724E-04   2   2 0  0 0  0 0  0 0
    10  0.2052423813598872E-03   2   1 1  0 0  0 0  0 0
    11  0.1421989071480288E-04   2   0 2  0 0  0 0  0 0
    12  0.9436703716450966E-04   2   1 0  1 0  0 0  0 0
    13  -.1933161547625272E-03   2   0 1  1 0  0 0  0 0
    14  0.3215651486528216E-04   2   0 0  2 0  0 0  0 0
    15  -.1628789196635599E-03   2   1 0  0 1  0 0  0 0
    16  -.6002320907915897E-04   2   0 1  0 1  0 0  0 0
    17  -.1870783017493075E-03   2   0 0  1 1  0 0  0 0
    18  -.1004516246595823E-04   2   0 0  0 2  0 0  0 0
    19  -.2965338841798547E-07   2   1 0  0 0  0 1  0 0
    20  -.3912996934574164E-05   2   0 1  0 0  0 1  0 0
    21  -.1355874823074046E-01   2   0 0  1 0  0 1  0 0
    22  -.4977583462096519E-01   2   0 0  0 1  0 1  0 0
    23  -.2955435887848225E-07   2   1 0  0 0  0 0  1 0
    24  -.3899929210952281E-05   2   0 1  0 0  0 0  1 0
    25  -.1351346785421453E-01   2   0 0  1 0  0 0  1 0
    26  -.4960960478210935E-01   2   0 0  0 1  0 0  1 0
    27  0.4602421896375377E-04   2   1 0  0 0  0 0  0 1
    28  0.7812926145720820E-05   2   0 1  0 0  0 0  0 1
    29  0.6259136163630753       2   0 0  1 0  0 0  0 1
    30  0.9938543940307508E-01   2   0 0  0 1  0 0  0 1
    31  -.2461378616908734E-06   2   0 0  0 0  0 2  0 0
    32  -.1691216492006388E-06   2   0 0  0 0  0 1  1 0
    33  -.2450334705797039E-06   2   0 0  0 0  0 0  2 0
    34  0.6614106390135933E-06   2   0 0  0 0  0 1  0 1
    35  0.6592018124856087E-06   2   0 0  0 0  0 0  1 1
    36  -.6603103250290120E-06   2   0 0  0 0  0 0  0 2
    37  -.1301518961378512E-04   3   3 0  0 0  0 0  0 0
    38  -.7329828031977881E-05   3   2 1  0 0  0 0  0 0
    39  -.1543385553371576E-05   3   1 2  0 0  0 0  0 0
    40  0.3743353349662448E-05   3   0 3  0 0  0 0  0 0
    41  -.5269517568507563       3   2 0  1 0  0 0  0 0
    42  -.3693428536592904       3   1 1  1 0  0 0  0 0
    43  0.2877314160456918       3   0 2  1 0  0 0  0 0
    44  0.2926802362194408E-04   3   1 0  2 0  0 0  0 0
    45  0.6536786108699199E-05   3   0 1  2 0  0 0  0 0
    46  -.3139041638873019       3   0 0  3 0  0 0  0 0
    47  0.2564969035895665E-02   3   2 0  0 1  0 0  0 0
    48  -.9133701469235612E-01   3   1 1  0 1  0 0  0 0
    49  0.9017866049771465E-01   3   0 2  0 1  0 0  0 0
    50  0.8982243548887397E-05   3   1 0  1 1  0 0  0 0
    51  -.4309416414014724E-04   3   0 1  1 1  0 0  0 0
    52  -.2426970985027001       3   0 0  2 1  0 0  0 0
    53  0.1032458010684076E-05   3   1 0  0 2  0 0  0 0
    54  -.3590103959206816E-05   3   0 1  0 2  0 0  0 0
    55  -.3484360071160014       3   0 0  1 2  0 0  0 0
    56  -.4536215980953398E-02   3   0 0  0 3  0 0  0 0
    57  0.2132946974118972E-04   3   2 0  0 0  0 1  0 0
    58  -.1084537819387651E-03   3   1 1  0 0  0 1  0 0
    59  -.1479206330446611E-04   3   0 2  0 0  0 1  0 0
    60  -.5282099176646314E-04   3   1 0  1 0  0 1  0 0
    61  0.1002379949128835E-03   3   0 1  1 0  0 1  0 0
    62  -.1641235669260960E-04   3   0 0  2 0  0 1  0 0
    63  0.7055121770211123E-04   3   1 0  0 1  0 1  0 0
    64  0.5858965593406678E-04   3   0 1  0 1  0 1  0 0
    65  0.8903811355761563E-04   3   0 0  1 1  0 1  0 0
    66  0.8391556993072870E-05   3   0 0  0 2  0 1  0 0
    67  0.2125823850328258E-04   3   2 0  0 0  0 0  1 0
    68  -.1080915930406360E-03   3   1 1  0 0  0 0  1 0
    69  -.1474266418703967E-04   3   0 2  0 0  0 0  1 0
    70  -.5264459241492349E-04   3   1 0  1 0  0 0  1 0
    71  0.9990324320317587E-04   3   0 1  1 0  0 0  1 0
    72  -.1635754649349222E-04   3   0 0  2 0  0 0  1 0
    73  0.7031560703603230E-04   3   1 0  0 1  0 0  1 0
    74  0.5839399172996796E-04   3   0 1  0 1  0 0  1 0
    75  0.8874076462547675E-04   3   0 0  1 1  0 0  1 0
    76  0.8363532808688116E-05   3   0 0  0 2  0 0  1 0
    77  -.8899401682485972E-04   3   2 0  0 0  0 0  0 1
    78  0.2165453749794011E-03   3   1 1  0 0  0 0  0 1
    79  0.1531483677670335E-04   3   0 2  0 0  0 0  0 1
    80  0.1998326213458955E-03   3   1 0  1 0  0 0  0 1
    81  -.2001412381160599E-03   3   0 1  1 0  0 0  0 1
    82  0.6492641805138520E-04   3   0 0  2 0  0 0  0 1
    83  -.1408668247381444E-03   3   1 0  0 1  0 0  0 1
    84  -.5696043858487491E-04   3   0 1  0 1  0 0  0 1
    85  -.1777788781831829E-03   3   0 0  1 1  0 0  0 1
    86  -.6709927335830321E-05   3   0 0  0 2  0 0  0 1
    87  0.5131775695184229E-07   3   1 0  0 0  0 2  0 0
    88  0.2893519504900459E-05   3   0 1  0 0  0 2  0 0
    89  0.1027168300300538E-01   3   0 0  1 0  0 2  0 0
    90  0.3757218136883312E-01   3   0 0  0 1  0 2  0 0
    91  0.5630327565795377E-07   3   1 0  0 0  0 1  1 0
    92  0.1912832457955857E-05   3   0 1  0 0  0 1  1 0
    93  0.7006406685622961E-02   3   0 0  1 0  0 1  1 0
    94  0.2544949128296556E-01   3   0 0  0 1  0 1  1 0
    95  0.5105236341719757E-07   3   1 0  0 0  0 0  2 0
    96  0.2880662378515403E-05   3   0 1  0 0  0 0  2 0
    97  0.1022568081831087E-01   3   0 0  1 0  0 0  2 0
    98  0.3740421130594086E-01   3   0 0  0 1  0 0  2 0
    99  -.1268126554067372E-06   3   1 0  0 0  0 1  0 1
   100  -.3880275979183037E-05   3   0 1  0 0  0 1  0 1
   101  -.2754974266420724E-01   3   0 0  1 0  0 1  0 1
   102  -.5081804672738985E-01   3   0 0  0 1  0 1  0 1
   103  -.1263891557821264E-06   3   1 0  0 0  0 0  1 1
   104  -.3867317529452444E-05   3   0 1  0 0  0 0  1 1
   105  -.2745773839509718E-01   3   0 0  1 0  0 0  1 1
   106  -.5064833634919537E-01   3   0 0  0 1  0 0  1 1
   107  0.1046136763838470E-06   3   1 0  0 0  0 0  0 2
   108  -.1922182765648189E-08   3   0 1  0 0  0 0  0 2
   109  0.2750372207479991E-01   3   0 0  1 0  0 0  0 2
   110  0.1040478008328454E-02   3   0 0  0 1  0 0  0 2
   111  0.2058217815459985E-06   3   0 0  0 0  0 3  0 0
   112  0.1253297352345317E-06   3   0 0  0 0  0 2  1 0
   113  0.1257295051499303E-06   3   0 0  0 0  0 1  2 0
   114  0.2045821765174784E-06   3   0 0  0 0  0 0  3 0
   115  -.4966374896975587E-06   3   0 0  0 0  0 2  0 1
   116  -.3329575064857253E-06   3   0 0  0 0  0 1  1 1
   117  -.4944229671877280E-06   3   0 0  0 0  0 0  2 1
   118  0.3324049158213505E-06   3   0 0  0 0  0 1  0 2
   119  0.3312948266380076E-06   3   0 0  0 0  0 0  1 2
   120  -.1129805810197296E-08   3   0 0  0 0  0 0  0 3
   121  -.4190921703971619E-04   4   4 0  0 0  0 0  0 0
   122  0.5387987843384218E-04   4   3 1  0 0  0 0  0 0
   123  0.3850738059121951E-04   4   2 2  0 0  0 0  0 0
   124  -.1981231742832642E-04   4   1 3  0 0  0 0  0 0
   125  0.3530336321209774E-04   4   0 4  0 0  0 0  0 0
   126  0.5325012631857481E-08   4   3 0  1 0  0 0  0 0
   127  0.3384855927359044E-03   4   2 1  1 0  0 0  0 0
   128  0.5931765000067667E-04   4   1 2  1 0  0 0  0 0
   129  0.9238002720335088E-04   4   0 3  1 0  0 0  0 0
   130  -.1726751304618380E-04   4   2 0  2 0  0 0  0 0
   131  0.6549019149770922E-03   4   1 1  2 0  0 0  0 0
   132  0.1200741065498208E-04   4   0 2  2 0  0 0  0 0
   133  0.1088819440553957E-07   4   1 0  3 0  0 0  0 0
   134  -.1665122210709233E-07   4   0 1  3 0  0 0  0 0
   135  0.5910336889558146E-04   4   0 0  4 0  0 0  0 0
   136  0.1692274458382301E-03   4   3 0  0 1  0 0  0 0
   137  0.1169680747464753E-03   4   2 1  0 1  0 0  0 0
   138  -.1738826606711839E-03   4   1 2  0 1  0 0  0 0
   139  0.2895628047289836E-04   4   0 3  0 1  0 0  0 0
   140  0.2804839198145576E-03   4   2 0  1 1  0 0  0 0
   141  0.4846837037269425E-03   4   1 1  1 1  0 0  0 0
   142  -.4790272067578005E-03   4   0 2  1 1  0 0  0 0
   143  0.3023977745963914E-03   4   1 0  2 1  0 0  0 0
   144  -.1201262555673711E-07   4   0 1  2 1  0 0  0 0
   145  0.4517488383407311E-03   4   0 0  3 1  0 0  0 0
   146  -.8433983227463347E-04   4   2 0  0 2  0 0  0 0
   147  0.1890241913222992E-03   4   1 1  0 2  0 0  0 0
   148  0.2125093425836340E-04   4   0 2  0 2  0 0  0 0
   149  0.9656937573841105E-04   4   1 0  1 2  0 0  0 0
   150  0.9240777209285593E-04   4   0 1  1 2  0 0  0 0
   151  0.1770066384306128E-03   4   0 0  2 2  0 0  0 0
   152  0.1066791155004554E-05   4   1 0  0 3  0 0  0 0
   153  0.2895595680694729E-04   4   0 1  0 3  0 0  0 0
   154  -.1068438659678792E-03   4   0 0  1 3  0 0  0 0
   155  -.1596438182853282E-04   4   0 0  0 4  0 0  0 0
   156  0.8786165539464452E-05   4   3 0  0 0  0 1  0 0
   157  0.8866129500386197E-05   4   2 1  0 0  0 1  0 0
   158  0.2632550113406019E-05   4   1 2  0 0  0 1  0 0
   159  -.5533186733806024E-05   4   0 3  0 0  0 1  0 0
   160  0.2839545150328006       4   2 0  1 0  0 1  0 0
   161  0.3901414671726710       4   1 1  1 0  0 1  0 0
   162  -.2861867928852523       4   0 2  1 0  0 1  0 0
   163  -.1716592566699338E-04   4   1 0  2 0  0 1  0 0
   164  -.7803950666932963E-05   4   0 1  2 0  0 1  0 0
   165  0.1717730997220517       4   0 0  3 0  0 1  0 0
   166  -.4596357007510676E-02   4   2 0  0 1  0 1  0 0
   167  0.1389049391376422       4   1 1  0 1  0 1  0 0
   168  -.1314077783544640       4   0 2  0 1  0 1  0 0
   169  -.9391066125784685E-05   4   1 0  1 1  0 1  0 0
   170  0.4140492938044681E-04   4   0 1  1 1  0 1  0 0
   171  0.2507193463910005       4   0 0  2 1  0 1  0 0
   172  -.1604811124338591E-05   4   1 0  0 2  0 1  0 0
   173  0.5164885876890033E-05   4   0 1  0 2  0 1  0 0
   174  0.3807881122371039       4   0 0  1 2  0 1  0 0
   175  0.9011565036090852E-02   4   0 0  0 3  0 1  0 0
   176  0.8756823532587084E-05   4   3 0  0 0  0 0  1 0
   177  0.8836520448336325E-05   4   2 1  0 0  0 0  1 0
   178  0.2623758530412874E-05   4   1 2  0 0  0 0  1 0
   179  -.5514708274406672E-05   4   0 3  0 0  0 0  1 0
   180  0.2830062293107153       4   2 0  1 0  0 0  1 0
   181  0.3888385627871894       4   1 1  1 0  0 0  1 0
   182  -.2852310523170445       4   0 2  1 0  0 0  1 0
   183  -.1710859887218597E-04   4   1 0  2 0  0 0  1 0
   184  -.7777888834482995E-05   4   0 1  2 0  0 0  1 0
   185  0.1711994515873377       4   0 0  3 0  0 0  1 0
   186  -.4581007155711396E-02   4   2 0  0 1  0 0  1 0
   187  0.1384410564961015       4   1 1  0 1  0 0  1 0
   188  -.1309689329993546       4   0 2  0 1  0 0  1 0
   189  -.9359704011598555E-05   4   1 0  1 1  0 0  1 0
   190  0.4126665475801470E-04   4   0 1  1 1  0 0  1 0
   191  0.2498820518109745       4   0 0  2 1  0 0  1 0
   192  -.1599451746705918E-05   4   1 0  0 2  0 0  1 0
   193  0.5147637383650599E-05   4   0 1  0 2  0 0  1 0
   194  0.3795164440267391       4   0 0  1 2  0 0  1 0
   195  0.8981470292032499E-02   4   0 0  0 3  0 0  1 0
   196  -.3055817868583681E-04   4   3 0  0 0  0 0  0 1
   197  -.1770264994872237E-04   4   2 1  0 0  0 0  0 1
   198  -.3712923090447247E-05   4   1 2  0 0  0 0  0 1
   199  0.3561188308887754E-05   4   0 3  0 0  0 0  0 1
   200  -1.093912501194278       4   2 0  1 0  0 0  0 1
   201  -.7789800299598582       4   1 1  1 0  0 0  0 1
   202  0.2836864291566061       4   0 2  1 0  0 0  0 1
   203  0.6354254816112906E-04   4   1 0  2 0  0 0  0 1
   204  0.1558183950141540E-04   4   0 1  2 0  0 0  0 1
   205  -.6568767151966481       4   0 0  3 0  0 0  0 1
   206  0.9177364163222779E-02   4   2 0  0 1  0 0  0 1
   207  -.1860089809413866       4   1 1  0 1  0 0  0 1
   208  0.8201939035838696E-01   4   0 2  0 1  0 0  0 1
   209  0.1875077013738239E-04   4   1 0  1 1  0 0  0 1
   210  -.3957741999830440E-04   4   0 1  1 1  0 0  0 1
   211  -.5006013982019842       4   0 0  2 1  0 0  0 1
   212  0.2171804860365543E-05   4   1 0  0 2  0 0  0 1
   213  -.3132315342123930E-05   4   0 1  0 2  0 0  0 1
   214  -.4118685491477124       4   0 0  1 2  0 0  0 1
   215  -.8920603366192098E-02   4   0 0  0 3  0 0  0 1
   216  -.1542818780272213E-04   4   2 0  0 0  0 2  0 0
   217  0.2006590893610836E-04   4   1 1  0 0  0 2  0 0
   218  0.7344085493430488E-04   4   0 2  0 0  0 2  0 0
   219  -.7752551013222333E-04   4   1 0  1 0  0 2  0 0
   220  0.1150621969516571E-03   4   0 1  1 0  0 2  0 0
   221  -.8025748761811132E-04   4   0 0  2 0  0 2  0 0
   222  -.1036781943384280E-03   4   1 0  0 1  0 2  0 0
   223  0.4947929966198337E-04   4   0 1  0 1  0 2  0 0
   224  -.3486100219917801E-03   4   0 0  1 1  0 2  0 0
   225  -.2548902813434262E-04   4   0 0  0 2  0 2  0 0
   226  -.8030736398972892E-05   4   2 0  0 0  0 1  1 0
   227  -.1602706755261387E-04   4   1 1  0 0  0 1  1 0
   228  0.8368438411585008E-04   4   0 2  0 0  0 1  1 0
   229  -.9552538910284066E-04   4   1 0  1 0  0 1  1 0
   230  0.1374395250862188E-03   4   0 1  1 0  0 1  1 0
   231  -.8502275950375935E-04   4   0 0  2 0  0 1  1 0
   232  -.9206370169635804E-04   4   1 0  0 1  0 1  1 0
   233  0.6981965083386571E-04   4   0 1  0 1  0 1  1 0
   234  -.3408474910011750E-03   4   0 0  1 1  0 1  1 0
   235  -.2907606430917890E-04   4   0 0  0 2  0 1  1 0
   236  -.1536325470404831E-04   4   2 0  0 0  0 0  2 0
   237  0.2002565919653315E-04   4   1 1  0 0  0 0  2 0
   238  0.7305585923367765E-04   4   0 2  0 0  0 0  2 0
   239  -.7710710151620432E-04   4   1 0  1 0  0 0  2 0
   240  0.1144484443999652E-03   4   0 1  1 0  0 0  2 0
   241  -.7984749250313171E-04   4   0 0  2 0  0 0  2 0
   242  -.1031782272986827E-03   4   1 0  0 1  0 0  2 0
   243  0.4919747634812483E-04   4   0 1  0 1  0 0  2 0
   244  -.3468766728639073E-03   4   0 0  1 1  0 0  2 0
   245  -.2535535500094288E-04   4   0 0  0 2  0 0  2 0
   246  0.4046461637587617E-04   4   2 0  0 0  0 1  0 1
   247  -.1546513578851463E-04   4   1 1  0 0  0 1  0 1
   248  -.5912331812613077E-04   4   0 2  0 0  0 1  0 1
   249  0.1252894487904102E-03   4   1 0  1 0  0 1  0 1
   250  -.9123244206118918E-04   4   0 1  1 0  0 1  0 1
   251  0.1593354313089135E-03   4   0 0  2 0  0 1  0 1
   252  0.1394436613105306E-03   4   1 0  0 1  0 1  0 1
   253  -.2637733006983225E-04   4   0 1  0 1  0 1  0 1
   254  0.4197806632908734E-03   4   0 0  1 1  0 1  0 1
   255  0.2700185493425132E-04   4   0 0  0 2  0 1  0 1
   256  0.4032948199368659E-04   4   2 0  0 0  0 0  1 1
   257  -.1541348889902364E-04   4   1 1  0 0  0 0  1 1
   258  -.5892587172026911E-04   4   0 2  0 0  0 0  1 1
   259  0.1248710360196108E-03   4   1 0  1 0  0 0  1 1
   260  -.9092776501744632E-04   4   0 1  1 0  0 0  1 1
   261  0.1588033196271700E-03   4   0 0  2 0  0 0  1 1
   262  0.1389779795690693E-03   4   1 0  0 1  0 0  1 1
   263  -.2628924115358779E-04   4   0 1  0 1  0 0  1 1
   264  0.4183787767621073E-03   4   0 0  1 1  0 0  1 1
   265  0.2691168037407174E-04   4   0 0  0 2  0 0  1 1
   266  -.4197191774645966E-04   4   2 0  0 0  0 0  0 2
   267  -.2459122476563404E-04   4   1 1  0 0  0 0  0 2
   268  -.1717403361974771E-05   4   0 2  0 0  0 0  0 2
   269  -.2484076692058528E-08   4   1 0  1 0  0 0  0 2
   270  -.3403565718418117E-09   4   0 1  1 0  0 0  0 2
   271  -.7301101368362702E-04   4   0 0  2 0  0 0  0 2
   272  -.8832859798968629E-05   4   1 0  0 1  0 0  0 2
   273  -.1739045250872089E-10   4   0 1  0 1  0 0  0 2
   274  -.4144467115220749E-04   4   0 0  1 1  0 0  0 2
   275  -.1912059574442039E-05   4   0 0  0 2  0 0  0 2
   276  -.3509434422118700E-07   4   1 0  0 0  0 3  0 0
   277  -.2435846445773184E-05   4   0 1  0 0  0 3  0 0
   278  -.8631283441348137E-02   4   0 0  1 0  0 3  0 0
   279  -.3147910272456137E-01   4   0 0  0 1  0 3  0 0
   280  -.1880935269987990E-07   4   1 0  0 0  0 2  1 0
   281  -.1491382813498257E-05   4   0 1  0 0  0 2  1 0
   282  -.5356029323740383E-02   4   0 0  1 0  0 2  1 0
   283  -.1931349626576156E-01   4   0 0  0 1  0 2  1 0
   284  -.1889034288522132E-07   4   1 0  0 0  0 1  2 0
   285  -.1496073216354943E-05   4   0 1  0 0  0 1  2 0
   286  -.5372291836418392E-02   4   0 0  1 0  0 1  2 0
   287  -.1937391147423500E-01   4   0 0  0 1  0 1  2 0
   288  -.3488724221509313E-07   4   1 0  0 0  0 0  3 0
   289  -.2421162503392683E-05   4   0 1  0 0  0 0  3 0
   290  -.8579132903129951E-02   4   0 0  1 0  0 0  3 0
   291  -.3128927167443262E-01   4   0 0  0 1  0 0  3 0
   292  0.1042278645526190E-06   4   1 0  0 0  0 2  0 1
   293  0.2921550005935721E-05   4   0 1  0 0  0 2  0 1
   294  0.2097822721572450E-01   4   0 0  1 0  0 2  0 1
   295  0.3860641244246008E-01   4   0 0  0 1  0 2  0 1
   296  0.8179250728365866E-07   4   1 0  0 0  0 1  1 1
   297  0.1969184221123861E-05   4   0 1  0 0  0 1  1 1
   298  0.1445029657238829E-01   4   0 0  1 0  0 1  1 1
   299  0.2647577459084923E-01   4   0 0  0 1  0 1  1 1
   300  0.1037432125327776E-06   4   1 0  0 0  0 0  2 1
   301  0.2908505174452421E-05   4   0 1  0 0  0 0  2 1
   302  0.2088404009458960E-01   4   0 0  1 0  0 0  2 1
   303  0.3843327482143099E-01   4   0 0  0 1  0 0  2 1
   304  -.1030163785472120E-06   4   1 0  0 0  0 1  0 2
   305  0.3090158954345167E-08   4   0 1  0 0  0 1  0 2
   306  -.1442852314800452E-01   4   0 0  1 0  0 1  0 2
   307  -.1026245928211481E-02   4   0 0  0 1  0 1  0 2
   308  -.1026723482333626E-06   4   1 0  0 0  0 0  1 2
   309  0.3079839155037658E-08   4   0 1  0 0  0 0  1 2
   310  -.1438033809804762E-01   4   0 0  1 0  0 0  1 2
   311  -.1022818709027569E-02   4   0 0  0 1  0 0  1 2
   312  0.3369168411514886E-07   4   1 0  0 0  0 0  0 3
   313  -.7752103076094850E-09   4   0 1  0 0  0 0  0 3
   314  0.4350463904180466E-03   4   0 0  1 0  0 0  0 3
   315  -.1063045980561952E-04   4   0 0  0 1  0 0  0 3
   316  0.9418180875157786E-05   4   0 0  0 0  0 4  0 0
   317  0.5536100804369300E-05   4   0 0  0 0  0 3  1 0
   318  0.5022111465814412E-05   4   0 0  0 0  0 2  2 0
   319  0.5563505308519818E-05   4   0 0  0 0  0 1  3 0
   320  0.9346129042260811E-05   4   0 0  0 0  0 0  4 0
   321  -.1095784803895760E-04   4   0 0  0 0  0 3  0 1
   322  -.6862242607284695E-05   4   0 0  0 0  0 2  1 1
   323  -.6882575628512059E-05   4   0 0  0 0  0 1  2 1
   324  -.1089153630675703E-04   4   0 0  0 0  0 0  3 1
   325  0.2212898677453778E-06   4   0 0  0 0  0 2  0 2
   326  0.2631243957595582E-06   4   0 0  0 0  0 1  1 2
   327  0.2201114938926578E-06   4   0 0  0 0  0 0  2 2
   328  0.1830734243710270E-08   4   0 0  0 0  0 1  0 3
   329  0.1824620380213353E-08   4   0 0  0 0  0 0  1 3
   ----------------------------------------------------
     I  COEFFICIENT            ORDER EXPONENTS
     1  0.1704241636618751E-07   0   0 0  0 0  0 0  0 0
     2  -.6245444178597575E-07   1   1 0  0 0  0 0  0 0
     3  0.3052426546082970E-06   1   0 1  0 0  0 0  0 0
     4  0.4287480515169600E-06   1   0 0  1 0  0 0  0 0
     5  0.1326840351127600E-05   1   0 0  0 1  0 0  0 0
     6   1.000000000000000       1   0 0  0 0  1 0  0 0
     7  0.8471589115225756E-01   1   0 0  0 0  0 1  0 0
     8  -.8471589115556541E-01   1   0 0  0 0  0 0  1 0
     9  0.3294818007876231E-11   1   0 0  0 0  0 0  0 1
    10  -.7266613865024194E-02   2   2 0  0 0  0 0  0 0
    11  0.4731116050106302E-01   2   1 1  0 0  0 0  0 0
    12  -.8271617301392116E-01   2   0 2  0 0  0 0  0 0
    13  -.1627822709496708E-07   2   1 0  1 0  0 0  0 0
    14  -.3897978711595167E-05   2   0 1  1 0  0 0  0 0
    15  -.7457888671806148E-02   2   0 0  2 0  0 0  0 0
    16  -.3898098796778115E-05   2   1 0  0 1  0 0  0 0
    17  -.3765619308426583E-06   2   0 1  0 1  0 0  0 0
    18  -.4999864799116369E-01   2   0 0  1 1  0 0  0 0
    19  -.8741135582915979E-01   2   0 0  0 2  0 0  0 0
    20  0.7598692005792778E-07   2   1 0  0 0  0 1  0 0
    21  -.4313777849601691E-06   2   0 1  0 0  0 1  0 0
    22  -.6256820700250275E-06   2   0 0  1 0  0 1  0 0
    23  -.1975165766372573E-05   2   0 0  0 1  0 1  0 0
    24  0.1369984587671431E-07   2   1 0  0 0  0 0  1 0
    25  -.1267474667814786E-06   2   0 1  0 0  0 0  1 0
    26  -.1977104323456407E-06   2   0 0  1 0  0 0  1 0
    27  -.6505986178183951E-06   2   0 0  0 1  0 0  1 0
    28  -.8970045753907529E-07   2   1 0  0 0  0 0  0 1
    29  0.2529527203925256E-06   2   0 1  0 0  0 0  0 1
    30  0.8234134404117165E-06   2   0 0  1 0  0 0  0 1
    31  0.1299011946430284E-05   2   0 0  0 1  0 0  0 1
    32  -.6364318877576931E-01   2   0 0  0 0  0 2  0 0
    33  0.4257048640538158E-01   2   0 0  0 0  0 1  1 0
    34  0.2107270237649561E-01   2   0 0  0 0  0 0  2 0
    35  -.6152670821936419E-11   2   0 0  0 0  0 1  0 1
    36  -.2859275343257244E-11   2   0 0  0 0  0 0  1 1
    37  0.2858935602709153E-11   2   0 0  0 0  0 0  0 2
    38  -.1047370392591372E-04   3   3 0  0 0  0 0  0 0
    39  0.5007714585207675E-04   3   2 1  0 0  0 0  0 0
    40  -.5817280342861245E-05   3   1 2  0 0  0 0  0 0
    41  -.1338117943400426E-05   3   0 3  0 0  0 0  0 0
    42  0.7440419923312760E-05   3   2 0  1 0  0 0  0 0
    43  0.1138803853960677E-03   3   1 1  1 0  0 0  0 0
    44  -.1686436421811311E-04   3   0 2  1 0  0 0  0 0
    45  -.1251783245913566E-05   3   1 0  2 0  0 0  0 0
    46  -.4416445119935931E-04   3   0 1  2 0  0 0  0 0
    47  -.2489682328472433E-05   3   0 0  3 0  0 0  0 0
    48  0.5278070869597502E-04   3   2 0  0 1  0 0  0 0
    49  0.2187033204571354E-05   3   1 1  0 1  0 0  0 0
    50  0.2742249570069650E-05   3   0 2  0 1  0 0  0 0
    51  -.8305926115558370E-04   3   1 0  1 1  0 0  0 0
    52  0.1669198863846488E-05   3   0 1  1 1  0 0  0 0
    53  -.2916011657102692E-04   3   0 0  2 1  0 0  0 0
    54  0.1047600471110450E-04   3   1 0  0 2  0 0  0 0
    55  -.1171911068929400E-06   3   0 1  0 2  0 0  0 0
    56  0.3078494760214048E-04   3   0 0  1 2  0 0  0 0
    57  0.6100332727097636E-05   3   0 0  0 3  0 0  0 0
    58  0.1083636639690297E-01   3   2 0  0 0  0 1  0 0
    59  -.7019422409004350E-01   3   1 1  0 0  0 1  0 0
    60  0.1227574379824130       3   0 2  0 0  0 1  0 0
    61  0.2708244356609037E-07   3   1 0  1 0  0 1  0 0
    62  0.5810800073072160E-05   3   0 1  1 0  0 1  0 0
    63  0.1121801079855079E-01   3   0 0  2 0  0 1  0 0
    64  0.5871765766904442E-05   3   1 0  0 1  0 1  0 0
    65  0.6070065582147715E-06   3   0 1  0 1  0 1  0 0
    66  0.7556278086478015E-01   3   0 0  1 1  0 1  0 0
    67  0.1321350496062258       3   0 0  0 2  0 1  0 0
    68  0.3582027782050749E-02   3   2 0  0 0  0 0  1 0
    69  -.2296414244011204E-01   3   1 1  0 0  0 0  1 0
    70  0.4018290853009952E-01   3   0 2  0 0  0 0  1 0
    71  0.1263372568195138E-07   3   1 0  1 0  0 0  1 0
    72  0.1929791151587775E-05   3   0 1  1 0  0 0  1 0
    73  0.3772403939632506E-02   3   0 0  2 0  0 0  1 0
    74  0.1965883179466622E-05   3   1 0  0 1  0 0  1 0
    75  0.2884297196506151E-06   3   0 1  0 1  0 0  1 0
    76  0.2564522679674052E-01   3   0 0  1 1  0 0  1 0
    77  0.4486534536813282E-01   3   0 0  0 2  0 0  1 0
    78  -.1441841575526369E-01   3   2 0  0 0  0 0  0 1
    79  0.4584729054273897E-01   3   1 1  0 0  0 0  0 1
    80  0.2491798969045209E-02   3   0 2  0 0  0 0  0 1
    81  -.4438533384862293E-07   3   1 0  1 0  0 0  0 1
    82  -.3876016556449041E-05   3   0 1  1 0  0 0  0 1
    83  -.1499044620927888E-01   3   0 0  2 0  0 0  0 1
    84  -.3901761578909860E-05   3   1 0  0 1  0 0  0 1
    85  -.3728089181814840E-06   3   0 1  0 1  0 0  0 1
    86  -.5120950946069303E-01   3   0 0  1 1  0 0  0 1
    87  -.2177955545348742E-02   3   0 0  0 2  0 0  0 1
    88  -.8254303814324748E-07   3   1 0  0 0  0 2  0 0
    89  0.5131134295981673E-06   3   0 1  0 0  0 2  0 0
    90  0.7696674769432023E-06   3   0 0  1 0  0 2  0 0
    91  0.2454134800475653E-05   3   0 0  0 1  0 2  0 0
    92  -.1314569149157731E-07   3   1 0  0 0  0 1  1 0
    93  0.1637194021978722E-06   3   0 1  0 0  0 1  1 0
    94  0.2883095906253946E-06   3   0 0  1 0  0 1  1 0
    95  0.9590197733983934E-06   3   0 0  0 1  0 1  1 0
    96  -.6677606039674206E-08   3   1 0  0 0  0 0  2 0
    97  0.8230375579417971E-07   3   0 1  0 0  0 0  2 0
    98  0.1447131739573834E-06   3   0 0  1 0  0 0  2 0
    99  0.4811916685138927E-06   3   0 0  0 1  0 0  2 0
   100  0.1022026680726952E-06   3   1 0  0 0  0 1  0 1
   101  -.3269807146084614E-06   3   0 1  0 0  0 1  0 1
   102  -.1201902539547073E-05   3   0 0  1 0  0 1  0 1
   103  -.1916699268116179E-05   3   0 0  0 1  0 1  0 1
   104  0.1275901900903531E-07   3   1 0  0 0  0 0  1 1
   105  -.7462270459003823E-07   3   0 1  0 0  0 0  1 1
   106  -.3799657714138176E-06   3   0 0  1 0  0 0  1 1
   107  -.6199481648262603E-06   3   0 0  0 1  0 0  1 1
   108  -.1262328412199855E-07   3   1 0  0 0  0 0  0 2
   109  -.5215036413213949E-07   3   0 1  0 0  0 0  0 2
   110  0.3792172269217658E-06   3   0 0  1 0  0 0  0 2
   111  -.3069125860245194E-07   3   0 0  0 1  0 0  0 2
   112  0.5305380810212774E-01   3   0 0  0 0  0 3  0 0
   113  -.3187519211175578E-01   3   0 0  0 0  0 2  1 0
   114  -.1069532333735130E-01   3   0 0  0 0  0 1  2 0
   115  -.1048337018525974E-01   3   0 0  0 0  0 0  3 0
   116  0.9604881987298244E-09   3   0 0  0 0  0 2  0 1
   117  0.3322113209414054E-09   3   0 0  0 0  0 1  1 1
   118  0.1668720307984068E-09   3   0 0  0 0  0 0  2 1
   119  0.4695615542050962E-10   3   0 0  0 0  0 1  0 2
   120  0.2979335679882908E-10   3   0 0  0 0  0 0  1 2
   121  -.6087307107363935E-13   3   0 0  0 0  0 0  0 3
   122  -.1864478092824196E-01   4   4 0  0 0  0 0  0 0
   123  -.5323741600562436E-01   4   3 1  0 0  0 0  0 0
   124  0.7235261385424752E-01   4   2 2  0 0  0 0  0 0
   125  0.7985583204615200E-01   4   1 3  0 0  0 0  0 0
   126  -.5408174740765787E-01   4   0 4  0 0  0 0  0 0
   127  -.1029527565193656E-04   4   3 0  1 0  0 0  0 0
   128  -.4529487807330073E-05   4   2 1  1 0  0 0  0 0
   129  0.3145861528537726E-05   4   1 2  1 0  0 0  0 0
   130  -.5448471699565546E-05   4   0 3  1 0  0 0  0 0
   131  -.1655951136397156       4   2 0  2 0  0 0  0 0
   132  -.9325331858803308E-01   4   1 1  2 0  0 0  0 0
   133  0.1244019921089425       4   0 2  2 0  0 0  0 0
   134  0.6089141740297608E-05   4   1 0  3 0  0 0  0 0
   135  -.7405368274059792E-06   4   0 1  3 0  0 0  0 0
   136  -.4454202750377725E-01   4   0 0  4 0  0 0  0 0
   137  -.1255807073967050E-05   4   3 0  0 1  0 0  0 0
   138  -.1954621696486052E-04   4   2 1  0 1  0 0  0 0
   139  -.8554497992898266E-05   4   1 2  0 1  0 0  0 0
   140  -.1566738417413302E-05   4   0 3  0 1  0 0  0 0
   141  -.8508679247325772E-01   4   2 0  1 1  0 0  0 0
   142  -.2425069828271765E-01   4   1 1  1 1  0 0  0 0
   143  -.5636329329473473E-01   4   0 2  1 1  0 0  0 0
   144  -.3033917725183150E-05   4   1 0  2 1  0 0  0 0
   145  -.2800916342094913E-04   4   0 1  2 1  0 0  0 0
   146  -.1125139116749583       4   0 0  3 1  0 0  0 0
   147  -.1579841909562932       4   2 0  0 2  0 0  0 0
   148  0.4215980203922383E-01   4   1 1  0 2  0 0  0 0
   149  -.1286642539768438       4   0 2  0 2  0 0  0 0
   150  -.5533619146133052E-05   4   1 0  1 2  0 0  0 0
   151  -.1124326883093031E-04   4   0 1  1 2  0 0  0 0
   152  -.2391171806644639       4   0 0  2 2  0 0  0 0
   153  -.6435395508426534E-05   4   1 0  0 3  0 0  0 0
   154  -.1676581950158741E-05   4   0 1  0 3  0 0  0 0
   155  -.1178423025010769       4   0 0  1 3  0 0  0 0
   156  -.7541760255803201E-01   4   0 0  0 4  0 0  0 0
   157  0.4460031858337751E-04   4   3 0  0 0  0 1  0 0
   158  -.1563909246774650E-03   4   2 1  0 0  0 1  0 0
   159  -.1691103342144947E-03   4   1 2  0 0  0 1  0 0
   160  0.1756295294157066E-03   4   0 3  0 0  0 1  0 0
   161  0.5148822932055134E-04   4   2 0  1 0  0 1  0 0
   162  -.1536055974277549E-03   4   1 1  1 0  0 1  0 0
   163  0.7671684330975089E-04   4   0 2  1 0  0 1  0 0
   164  0.4897146785494695E-04   4   1 0  2 0  0 1  0 0
   165  -.9253969781696085E-04   4   0 1  2 0  0 1  0 0
   166  0.8896379186889130E-04   4   0 0  3 0  0 1  0 0
   167  0.1429497698499478E-03   4   2 0  0 1  0 1  0 0
   168  -.7514561292837991E-04   4   1 1  0 1  0 1  0 0
   169  0.2163706554551518E-03   4   0 2  0 1  0 1  0 0
   170  0.1313138109675718E-03   4   1 0  1 1  0 1  0 0
   171  0.8747463270923231E-04   4   0 1  1 1  0 1  0 0
   172  0.4055313041620657E-03   4   0 0  2 1  0 1  0 0
   173  -.6934855876828265E-04   4   1 0  0 2  0 1  0 0
   174  0.2097806232401758E-03   4   0 1  0 2  0 1  0 0
   175  0.2594055766194139E-03   4   0 0  1 2  0 1  0 0
   176  0.2556180390934254E-03   4   0 0  0 3  0 1  0 0
   177  0.1876811603340180E-04   4   3 0  0 0  0 0  1 0
   178  -.5632243594697225E-04   4   2 1  0 0  0 0  1 0
   179  -.1012110057977809E-03   4   1 2  0 0  0 0  1 0
   180  0.1028806219627311E-03   4   0 3  0 0  0 0  1 0
   181  0.2602694195676259E-04   4   2 0  1 0  0 0  1 0
   182  -.5028985787323433E-04   4   1 1  1 0  0 0  1 0
   183  0.4317207421433737E-04   4   0 2  1 0  0 0  1 0
   184  0.2538239267084013E-04   4   1 0  2 0  0 0  1 0
   185  -.5461150255091935E-04   4   0 1  2 0  0 0  1 0
   186  0.4581858559002967E-04   4   0 0  3 0  0 0  1 0
   187  0.8605022801704820E-04   4   2 0  0 1  0 0  1 0
   188  -.4419338678387723E-04   4   1 1  0 1  0 0  1 0
   189  0.1298674487833665E-03   4   0 2  0 1  0 0  1 0
   190  0.4451788837744836E-04   4   1 0  1 1  0 0  1 0
   191  0.5342649143041762E-04   4   0 1  1 1  0 0  1 0
   192  0.2081789758426200E-03   4   0 0  2 1  0 0  1 0
   193  -.3804982084007395E-04   4   1 0  0 2  0 0  1 0
   194  0.1259108831484305E-03   4   0 1  0 2  0 0  1 0
   195  0.1631467969921406E-03   4   0 0  1 2  0 0  1 0
   196  0.1565041389076621E-03   4   0 0  0 3  0 0  1 0
   197  -.4627130250083541E-04   4   3 0  0 0  0 0  0 1
   198  0.6603489029178592E-04   4   2 1  0 0  0 0  0 1
   199  0.5781621980629457E-04   4   1 2  0 0  0 0  0 1
   200  0.8902174386775625E-05   4   0 3  0 0  0 0  0 1
   201  -.4825833859400656E-04   4   2 0  1 0  0 0  0 1
   202  0.1087386014408245E-03   4   1 1  1 0  0 0  0 1
   203  -.3348020633246898E-04   4   0 2  1 0  0 0  0 1
   204  -.4440543146474150E-04   4   1 0  2 0  0 0  0 1
   205  0.2938814660091882E-04   4   0 1  2 0  0 0  0 1
   206  -.9609647951445734E-04   4   0 0  3 0  0 0  0 1
   207  -.6355343646966430E-04   4   2 0  0 1  0 0  0 1
   208  0.2853806464132830E-04   4   1 1  0 1  0 0  0 1
   209  0.1310073937636242E-05   4   0 2  0 1  0 0  0 1
   210  -.8110293603913384E-04   4   1 0  1 1  0 0  0 1
   211  -.3672696304949466E-04   4   0 1  1 1  0 0  0 1
   212  -.2519561722122702E-03   4   0 0  2 1  0 0  0 1
   213  0.3131438931941846E-04   4   1 0  0 2  0 0  0 1
   214  -.1868653795587582E-05   4   0 1  0 2  0 0  0 1
   215  -.1089298534495571E-03   4   0 0  1 2  0 0  0 1
   216  -.1163870342268223E-04   4   0 0  0 3  0 0  0 1
   217  -.1348434027883274E-01   4   2 0  0 0  0 2  0 0
   218  0.8698712772206939E-01   4   1 1  0 0  0 2  0 0
   219  -.1521680936597020       4   0 2  0 0  0 2  0 0
   220  -.3874277389963074E-07   4   1 0  1 0  0 2  0 0
   221  -.7289470745211598E-05   4   0 1  1 0  0 2  0 0
   222  -.1405548259524258E-01   4   0 0  2 0  0 2  0 0
   223  -.7295698391700293E-05   4   1 0  0 1  0 2  0 0
   224  -.1086571471803287E-05   4   0 1  0 1  0 2  0 0
   225  -.9503046285849333E-01   4   0 0  1 1  0 2  0 0
   226  -.1662154698747671       4   0 0  0 2  0 2  0 0
   227  -.5302167895566161E-02   4   2 0  0 0  0 1  1 0
   228  0.3362697187786860E-01   4   1 1  0 0  0 1  1 0
   229  -.5889316007922512E-01   4   0 2  0 0  0 1  1 0
   230  -.2549759505011641E-07   4   1 0  1 0  0 1  1 0
   231  -.2933843150631509E-05   4   0 1  1 0  0 1  1 0
   232  -.5681161055898967E-02   4   0 0  2 0  0 1  1 0
   233  -.2881489632314514E-05   4   1 0  0 1  0 1  1 0
   234  -.8447664938291875E-06   4   0 1  0 1  0 1  1 0
   235  -.3897653461452306E-01   4   0 0  1 1  0 1  1 0
   236  -.6823274182020918E-01   4   0 0  0 2  0 1  1 0
   237  -.2660243020209913E-02   4   2 0  0 0  0 0  2 0
   238  0.1687402447428160E-01   4   1 1  0 0  0 0  2 0
   239  -.2955231199371310E-01   4   0 2  0 0  0 0  2 0
   240  -.9346990598715959E-08   4   1 0  1 0  0 0  2 0
   241  -.1473539147700774E-05   4   0 1  1 0  0 0  2 0
   242  -.2849740190726287E-02   4   0 0  2 0  0 0  2 0
   243  -.1442376671310305E-05   4   1 0  0 1  0 0  2 0
   244  -.4215461490602952E-06   4   0 1  0 1  0 0  2 0
   245  -.1954879010818235E-01   4   0 0  1 1  0 0  2 0
   246  -.3422208620073328E-01   4   0 0  0 2  0 0  2 0
   247  0.2143444399840344E-01   4   2 0  0 0  0 1  0 1
   248  -.6721261403745991E-01   4   1 1  0 0  0 1  0 1
   249  -.5043369609976170E-02   4   0 2  0 0  0 1  0 1
   250  0.8003326554271693E-07   4   1 0  1 0  0 1  0 1
   251  0.5809258585783356E-05   4   0 1  1 0  0 1  0 1
   252  0.2257406167232587E-01   4   0 0  2 0  0 1  0 1
   253  0.5815271770044339E-05   4   1 0  0 1  0 1  0 1
   254  0.7420820424739343E-06   4   0 1  0 1  0 1  0 1
   255  0.7791163020621668E-01   4   0 0  1 1  0 1  0 1
   256  0.4258000277095388E-02   4   0 0  0 2  0 1  0 1
   257  0.7040588223107450E-02   4   2 0  0 0  0 0  1 1
   258  -.2144657139312516E-01   4   1 1  0 0  0 0  1 1
   259  -.2551343238962430E-02   4   0 2  0 0  0 0  1 1
   260  0.3567661583507599E-07   4   1 0  1 0  0 0  1 1
   261  0.1939686830964823E-05   4   0 1  1 0  0 0  1 1
   262  0.7608183901806458E-02   4   0 0  2 0  0 0  1 1
   263  0.1920106578756203E-05   4   1 0  0 1  0 0  1 1
   264  0.3692807744863490E-06   4   0 1  0 1  0 0  1 1
   265  0.2678339373800859E-01   4   0 0  1 1  0 0  1 1
   266  0.2080347421541824E-02   4   0 0  0 2  0 0  1 1
   267  -.7028298512947002E-02   4   2 0  0 0  0 0  0 2
   268  -.1517722156908781E-02   4   1 1  0 0  0 0  0 2
   269  0.5965492981250188E-04   4   0 2  0 0  0 0  0 2
   270  -.4182102871115223E-07   4   1 0  1 0  0 0  0 2
   271  0.1666526886875605E-07   4   0 1  1 0  0 0  0 2
   272  -.7595885081300218E-02   4   0 0  2 0  0 0  0 2
   273  0.1565268813627848E-07   4   1 0  0 1  0 0  0 2
   274  0.3339998963446666E-08   4   0 1  0 1  0 0  0 2
   275  -.1137958601036389E-02   4   0 0  1 1  0 0  0 2
   276  0.9776704837582357E-04   4   0 0  0 2  0 0  0 2
   277  -.3297954345997331E-04   4   1 0  0 0  0 3  0 0
   278  0.1149451660808692E-03   4   0 1  0 0  0 3  0 0
   279  0.3779292631978473E-04   4   0 0  1 0  0 3  0 0
   280  0.1324396228010535E-03   4   0 0  0 1  0 3  0 0
   281  -.1353773386458319E-04   4   1 0  0 0  0 2  1 0
   282  0.4720231759039190E-04   4   0 1  0 0  0 2  1 0
   283  0.1674044706423851E-04   4   0 0  1 0  0 2  1 0
   284  0.5868176948041218E-04   4   0 0  0 1  0 2  1 0
   285  -.8033534934727866E-05   4   1 0  0 0  0 1  2 0
   286  0.2801970928162373E-04   4   0 1  0 0  0 1  2 0
   287  0.1013153473749993E-04   4   0 0  1 0  0 1  2 0
   288  0.3552324015478294E-04   4   0 0  0 1  0 1  2 0
   289  -.4538953394504197E-05   4   1 0  0 0  0 0  3 0
   290  0.1582597886773306E-04   4   0 1  0 0  0 0  3 0
   291  0.5607460289320248E-05   4   0 0  1 0  0 0  3 0
   292  0.1965624762023144E-04   4   0 0  0 1  0 0  3 0
   293  0.2760311189144793E-04   4   1 0  0 0  0 2  0 1
   294  0.3365537965260575E-05   4   0 1  0 0  0 2  0 1
   295  -.3301001064794377E-04   4   0 0  1 0  0 2  0 1
   296  -.3026845623611688E-05   4   0 0  0 1  0 2  0 1
   297  0.1028706044387011E-04   4   1 0  0 0  0 1  1 1
   298  0.2690107382006816E-05   4   0 1  0 0  0 1  1 1
   299  -.1386385246808679E-04   4   0 0  1 0  0 1  1 1
   300  -.2316190928801513E-05   4   0 0  0 1  0 1  1 1
   301  0.5163701784853996E-05   4   1 0  0 0  0 0  2 1
   302  0.1343916797232099E-05   4   0 1  0 0  0 0  2 1
   303  -.6952137294059506E-05   4   0 0  1 0  0 0  2 1
   304  -.1157331455934887E-05   4   0 0  0 1  0 0  2 1
   305  0.5111775466988196E-06   4   1 0  0 0  0 1  0 2
   306  -.6098912420757165E-07   4   0 1  0 0  0 1  0 2
   307  0.4618096553044203E-06   4   0 0  1 0  0 1  0 2
   308  -.8207312508248391E-07   4   0 0  0 1  0 1  0 2
   309  0.3339228014049735E-06   4   1 0  0 0  0 0  1 2
   310  -.3985300524619319E-07   4   0 1  0 0  0 0  1 2
   311  0.2822948751280531E-06   4   0 0  1 0  0 0  1 2
   312  -.5793844411827939E-07   4   0 0  0 1  0 0  1 2
   313  -.1416749272975447E-08   4   1 0  0 0  0 0  0 3
   314  -.2309581094202351E-09   4   0 1  0 0  0 0  0 3
   315  0.1830547813531832E-08   4   0 0  1 0  0 0  0 3
   316  0.2394129674576662E-09   4   0 0  0 1  0 0  0 3
   317  -.4642880299027145E-01   4   0 0  0 0  0 4  0 0
   318  0.2655359736175601E-01   4   0 0  0 0  0 3  1 0
   319  0.7982277755083490E-02   4   0 0  0 0  0 2  2 0
   320  0.5373766662434681E-02   4   0 0  0 0  0 1  3 0
   321  0.6519066949596316E-02   4   0 0  0 0  0 0  4 0
   322  -.4999908112372816E-09   4   0 0  0 0  0 3  0 1
   323  0.2625033047395515E-09   4   0 0  0 0  0 2  1 1
   324  0.5067680960486172E-10   4   0 0  0 0  0 1  2 1
   325  0.7934347061107653E-10   4   0 0  0 0  0 0  3 1
   326  -.2620390877674987E-11   4   0 0  0 0  0 2  0 2
   327  0.4251807360867501E-10   4   0 0  0 0  0 1  1 2
   328  0.2291704277646271E-10   4   0 0  0 0  0 0  2 2
   329  0.2619935113482083E-13   4   0 0  0 0  0 1  0 3
   330  -.3435531372908582E-13   4   0 0  0 0  0 0  1 3
   ----------------------------------------------------
     I  COEFFICIENT            ORDER EXPONENTS
     1   1.000000000000000       1   0 0  0 0  0 1  0 0
     --------------------------------------------------
     I  COEFFICIENT            ORDER EXPONENTS
     1   1.000000000000000       1   0 0  0 0  0 0  1 0
     --------------------------------------------------
     I  COEFFICIENT            ORDER EXPONENTS
     1   1.000000000000000       1   0 0  0 0  0 0  0 1
     --------------------------------------------------
