     I  COEFFICIENT            ORDER EXPONENTS
     1  0.3448432474564855E-04   0   0 0  0 0  0 0  0 0
     2   1.000000009246914       1   1 0  0 0  0 0  0 0
     3  0.2599999884594857       1   0 1  0 0  0 0  0 0
     4  0.1475793657762579E-07   1   0 0  1 0  0 0  0 0
     5  0.7037942672897255E-08   1   0 0  0 1  0 0  0 0
     6  0.2087902603082786E-12   1   0 0  0 0  0 1  0 0
     7  0.2080930098916978E-12   1   0 0  0 0  0 0  1 0
     8  -.4168833283407007E-12   1   0 0  0 0  0 0  0 1
     9  0.1869146912098334E-03   2   2 0  0 0  0 0  0 0
    10  0.2256730986712214E-04   2   1 1  0 0  0 0  0 0
    11  0.1611966346961675E-05   2   0 2  0 0  0 0  0 0
    12  0.5633977452724073E-03   2   1 0  1 0  0 0  0 0
    13  0.5277211455389613E-04   2   0 1  1 0  0 0  0 0
    14  -.1869146700955587E-03   2   0 0  2 0  0 0  0 0
    15  0.5278529346669658E-04   2   1 0  0 1  0 0  0 0
    16  0.6074469750845708E-05   2   0 1  0 1  0 0  0 0
    17  -.2254247344097926E-04   2   0 0  1 1  0 0  0 0
    18  -.1605521713313981E-05   2   0 0  0 2  0 0  0 0
    19  -.4631190125712834E-08   2   1 0  0 0  0 1  0 0
    20  -.1302174299626593       2   0 1  0 0  0 1  0 0
    21  0.9187295966894920E-08   2   0 0  1 0  0 1  0 0
    22  -.2739277307840633E-08   2   0 0  0 1  0 1  0 0
    23  -.4615723946307545E-08   2   1 0  0 0  0 0  1 0
    24  -.1297825598582482       2   0 1  0 0  0 0  1 0
    25  0.9156614357241271E-08   2   0 0  1 0  0 0  1 0
    26  -.2730129302013320E-08   2   0 0  0 1  0 0  1 0
    27  0.9246914072018095E-08   2   1 0  0 0  0 0  0 1
    28  0.1361421340627223E-08   2   0 1  0 0  0 0  0 1
    29  -.1834391032413871E-07   2   0 0  1 0  0 0  0 1
    30  -.1568536063040859E-08   2   0 0  0 1  0 0  0 1
    31  -.2488547076900973E-11   2   0 0  0 0  0 2  0 0
    32  -.3009245695570446E-11   2   0 0  0 0  0 1  1 0
    33  -.2475144068233574E-11   2   0 0  0 0  0 0  2 0
    34  -.1056500688299176E-12   2   0 0  0 0  0 1  0 1
    35  -.1052972431254303E-12   2   0 0  0 0  0 0  1 1
    36  -1.779485047671094       3   3 0  0 0  0 0  0 0
    37  -.4012344096804970       3   2 1  0 0  0 0  0 0
    38  -.5107739195080134E-01   3   1 2  0 0  0 0  0 0
    39  0.1282611673609584       3   0 3  0 0  0 0  0 0
    40  -.2125564073954790E-02   3   2 0  1 0  0 0  0 0
    41  -.3195638967615978E-03   3   1 1  1 0  0 0  0 0
    42  -.2036216183785112E-04   3   0 2  1 0  0 0  0 0
    43   5.338453679652739       3   1 0  2 0  0 0  0 0
    44  0.4012343655272475       3   0 1  2 0  0 0  0 0
    45  0.7085824078572034E-03   3   0 0  3 0  0 0  0 0
    46  -.1597832476018692E-03   3   2 0  0 1  0 0  0 0
    47  -.4071068370261337E-04   3   1 1  0 1  0 0  0 0
    48  -.2117891118603897E-05   3   0 2  0 1  0 0  0 0
    49  0.8024681246098967       3   1 0  1 1  0 0  0 0
    50  0.1021546688819458       3   0 1  1 1  0 0  0 0
    51  0.1597283563650344E-03   3   0 0  2 1  0 0  0 0
    52  0.5107729174815195E-01   3   1 0  0 2  0 0  0 0
    53  0.1352163185623960       3   0 1  0 2  0 0  0 0
    54  0.2033967677029890E-04   3   0 0  1 2  0 0  0 0
    55  0.6844607630328785E-06   3   0 0  0 3  0 0  0 0
    56  -.9361366024811752E-04   3   2 0  0 0  0 1  0 0
    57  -.2259261759407651E-04   3   1 1  0 0  0 1  0 0
    58  -.2418763449047996E-05   3   0 2  0 0  0 1  0 0
    59  -.2821700358013983E-03   3   1 0  1 0  0 1  0 0
    60  -.5286698952920430E-04   3   0 1  1 0  0 1  0 0
    61  0.9361364967332519E-04   3   0 0  2 0  0 1  0 0
    62  -.5287358095468238E-04   3   1 0  0 1  0 1  0 0
    63  -.9128668744828204E-05   3   0 1  0 1  0 1  0 0
    64  0.2258017747201326E-04   3   0 0  1 1  0 1  0 0
    65  0.2412307960105817E-05   3   0 0  0 2  0 1  0 0
    66  -.9330103096171433E-04   3   2 0  0 0  0 0  1 0
    67  -.2251716798665072E-04   3   1 1  0 0  0 0  1 0
    68  -.2410685821385019E-05   3   0 2  0 0  0 0  1 0
    69  -.2812277094710060E-03   3   1 0  1 0  0 0  1 0
    70  -.5269043656495046E-04   3   0 1  1 0  0 0  1 0
    71  0.9330102042223664E-04   3   0 0  2 0  0 0  1 0
    72  -.5269700597790965E-04   3   1 0  0 1  0 0  1 0
    73  -.9098182924843487E-05   3   0 1  0 1  0 0  1 0
    74  0.2250476940922939E-04   3   0 0  1 1  0 0  1 0
    75  0.2404251890996724E-05   3   0 0  0 2  0 0  1 0
    76  0.1869146912098344E-03   3   2 0  0 0  0 0  0 1
    77  0.2254247571361076E-04   3   1 1  0 0  0 0  0 1
    78  0.1605516576504328E-05   3   0 2  0 0  0 0  0 1
    79  0.5633977452724078E-03   3   1 0  1 0  0 0  0 1
    80  0.5278531154024087E-04   3   0 1  1 0  0 0  0 1
    81  -.1869146700955598E-03   3   0 0  2 0  0 0  0 1
    82  0.5278529346587461E-04   3   1 0  0 1  0 0  0 1
    83  0.6077912167999149E-05   3   0 1  0 1  0 0  0 1
    84  -.2254247344054263E-04   3   0 0  1 1  0 0  0 1
    85  -.1605516424466967E-05   3   0 0  0 2  0 0  0 1
    86  -.1069538542833220E-07   3   1 0  0 0  0 2  0 0
    87  0.9760895557594197E-01   3   0 1  0 0  0 2  0 0
    88  -.1709956897871469E-08   3   0 0  1 0  0 2  0 0
    89  -.1303134508551328E-07   3   0 0  0 1  0 2  0 0
    90  -.1327758993026195E-07   3   1 0  0 0  0 1  1 0
    91  0.6521685006541188E-01   3   0 1  0 0  0 1  1 0
    92  -.2724183718684051E-08   3   0 0  1 0  0 1  1 0
    93  -.1740833695221643E-07   3   0 0  0 1  0 1  1 0
    94  -.1063749673524600E-07   3   1 0  0 0  0 0  2 0
    95  0.9717408563635235E-01   3   0 1  0 0  0 0  2 0
    96  -.1699697578790000E-08   3   0 0  1 0  0 0  2 0
    97  -.1295875783621710E-07   3   0 0  0 1  0 0  2 0
    98  0.8095727160203764E-08   3   1 0  0 0  0 1  0 1
    99  0.9730581049185904E-09   3   0 1  0 0  0 1  0 1
   100  0.6889026313699174E-09   3   0 0  1 0  0 1  0 1
   101  0.2397585478902872E-11   3   0 0  0 1  0 1  0 1
   102  0.8068690919998058E-08   3   1 0  0 0  0 0  1 1
   103  0.9698085101461764E-09   3   0 1  0 0  0 0  1 1
   104  0.6866019934344381E-09   3   0 0  1 0  0 0  1 1
   105  0.2389578576540791E-11   3   0 0  0 1  0 0  1 1
   106  -.9668276560099285E-12   3   0 0  0 0  0 3  0 0
   107  -.4792560718380968E-11   3   0 0  0 0  0 2  1 0
   108  -.4773380067264135E-11   3   0 0  0 0  0 1  2 0
   109  -.9540086521553628E-12   3   0 0  0 0  0 0  3 0
   110  0.5867827199910631E-13   3   0 0  0 0  0 2  0 1
   111  0.1215390746855581E-13   3   0 0  0 0  0 1  1 1
   112  0.5852945769512677E-13   3   0 0  0 0  0 0  2 1
   113  0.1847172624990979E-02   4   4 0  0 0  0 0  0 0
   114  0.7411255210339232E-03   4   3 1  0 0  0 0  0 0
   115  0.3012870979202705E-03   4   2 2  0 0  0 0  0 0
   116  0.5214212277104376E-04   4   1 3  0 0  0 0  0 0
   117  -.6157382501823732E-04   4   0 4  0 0  0 0  0 0
   118  0.3478640397549774E-02   4   3 0  1 0  0 0  0 0
   119  -.1284795381514686E-02   4   2 1  1 0  0 0  0 0
   120  -.2420509269419771E-03   4   1 2  1 0  0 0  0 0
   121  -.2008337852798473E-04   4   0 3  1 0  0 0  0 0
   122  -.5537367761804796E-02   4   2 0  2 0  0 0  0 0
   123  -.2173964140360397E-02   4   1 1  2 0  0 0  0 0
   124  -.2703893121443459E-03   4   0 2  2 0  0 0  0 0
   125  -.1043004296749158E-01   4   1 0  3 0  0 0  0 0
   126  0.3970818864626931E-03   4   0 1  3 0  0 0  0 0
   127  -.1383794476377410E-05   4   0 0  4 0  0 0  0 0
   128  0.9038828975155700E-03   4   3 0  0 1  0 0  0 0
   129  0.2585584681067412E-03   4   2 1  0 1  0 0  0 0
   130  0.2898814205574505E-04   4   1 2  0 1  0 0  0 0
   131  -.9522223796604635E-04   4   0 3  0 1  0 0  0 0
   132  -.4827959049212471E-04   4   2 0  1 1  0 0  0 0
   133  -.5489814428627997E-03   4   1 1  1 1  0 0  0 0
   134  -.9171046148038700E-04   4   0 2  1 1  0 0  0 0
   135  -.2805198197283213E-02   4   1 0  2 1  0 0  0 0
   136  -.3748447188725887E-03   4   0 1  2 1  0 0  0 0
   137  -.3779687694493138E-06   4   0 0  3 1  0 0  0 0
   138  -.4101392023555811E-05   4   2 0  0 2  0 0  0 0
   139  -.4423898299657760E-04   4   1 1  0 2  0 0  0 0
   140  -.8579905499854905E-04   4   0 2  0 2  0 0  0 0
   141  -.8754541781401115E-03   4   1 0  1 2  0 0  0 0
   142  -.1506084065973017E-03   4   0 1  1 2  0 0  0 0
   143  -.2679647854333111E-04   4   0 0  2 2  0 0  0 0
   144  -.7994010861132017E-04   4   1 0  0 3  0 0  0 0
   145  -.1123648595829024E-03   4   0 1  0 3  0 0  0 0
   146  -.6809082550564798E-05   4   0 0  1 3  0 0  0 0
   147  -.1328098778933517E-04   4   0 0  0 4  0 0  0 0
   148  0.8912306870639647       4   3 0  0 0  0 1  0 0
   149  0.4019055052822822       4   2 1  0 0  0 1  0 0
   150  0.7674423426262082E-01   4   1 2  0 0  0 1  0 0
   151  -.1918426885548828       4   0 3  0 0  0 1  0 0
   152  0.1064559622160440E-02   4   2 0  1 0  0 1  0 0
   153  0.3200983921057248E-03   4   1 1  1 0  0 1  0 0
   154  0.3059432869367870E-04   4   0 2  1 0  0 1  0 0
   155  -2.673691328287846       4   1 0  2 0  0 1  0 0
   156  -.4019054610551696       4   0 1  2 0  0 1  0 0
   157  -.3548837833758745E-03   4   0 0  3 0  0 1  0 0
   158  0.1600504974464578E-03   4   2 0  0 1  0 1  0 0
   159  0.6116816320681232E-04   4   1 1  0 1  0 1  0 0
   160  0.4225622833079061E-05   4   0 2  0 1  0 1  0 0
   161  -.8038103146514104       4   1 0  1 1  0 1  0 0
   162  -.1534882957071768       4   0 1  1 1  0 1  0 0
   163  -.1599955143995543E-03   4   0 0  2 1  0 1  0 0
   164  -.7674408370724747E-01   4   1 0  0 2  0 1  0 0
   165  -.2057762657454003       4   0 1  0 2  0 1  0 0
   166  -.3056054468036756E-04   4   0 0  1 2  0 1  0 0
   167  -.1375522367353697E-05   4   0 0  0 3  0 1  0 0
   168  0.8882543606071420       4   3 0  0 0  0 0  1 0
   169  0.4005633140787361       4   2 1  0 0  0 0  1 0
   170  0.7648794158981151E-01   4   1 2  0 0  0 0  1 0
   171  -.1912020166415465       4   0 3  0 0  0 0  1 0
   172  0.1061004451749128E-02   4   2 0  1 0  0 0  1 0
   173  0.3190294014088917E-03   4   1 1  1 0  0 0  1 0
   174  0.3049215681915817E-04   4   0 2  1 0  0 0  1 0
   175  -2.664762351364951       4   1 0  2 0  0 0  1 0
   176  -.4005632699993237       4   0 1  2 0  0 0  1 0
   177  -.3536986244614754E-03   4   0 0  3 0  0 0  1 0
   178  0.1595159977519475E-03   4   2 0  0 1  0 0  1 0
   179  0.6096388789950375E-04   4   1 1  0 1  0 0  1 0
   180  0.4211511073677604E-05   4   0 2  0 1  0 0  1 0
   181  -.8011259345683733       4   1 0  1 1  0 0  1 0
   182  -.1529757109387368       4   0 1  1 1  0 0  1 0
   183  -.1594611983247275E-03   4   0 0  2 1  0 0  1 0
   184  -.7648779153725219E-01   4   1 0  0 2  0 0  1 0
   185  -.2050890616883672       4   0 1  0 2  0 0  1 0
   186  -.3045848562989425E-04   4   0 0  1 2  0 0  1 0
   187  -.1370928715373287E-05   4   0 0  0 3  0 0  1 0
   188  -1.779485047671108       4   3 0  0 0  0 0  0 1
   189  -.4012344096805026       4   2 1  0 0  0 0  0 1
   190  -.5107739195080265E-01   4   1 2  0 0  0 0  0 1
   191  -.1738796886456379E-02   4   0 3  0 0  0 0  0 1
   192  -.2125564073909562E-02   4   2 0  1 0  0 0  0 1
   193  -.3195638967530202E-03   4   1 1  1 0  0 0  0 1
   194  -.2036216183712017E-04   4   0 2  1 0  0 0  0 1
   195   5.338453679652780       4   1 0  2 0  0 0  0 1
   196  0.4012343655272554       4   0 1  2 0  0 0  0 1
   197  0.7085824078373482E-03   4   0 0  3 0  0 0  0 1
   198  -.1597832475965368E-03   4   2 0  0 1  0 0  0 1
   199  -.4071068370105972E-04   4   1 1  0 1  0 0  0 1
   200  -.2083460550962312E-05   4   0 2  0 1  0 0  0 1
   201  0.8024681246099068       4   1 0  1 1  0 0  0 1
   202  0.1021546688819477       4   0 1  1 1  0 0  0 1
   203  0.1597283563592489E-03   4   0 0  2 1  0 0  0 1
   204  0.5107729174815265E-01   4   1 0  0 2  0 0  0 1
   205  0.5216371746622338E-02   4   0 1  0 2  0 0  0 1
   206  0.2033967676964977E-04   4   0 0  1 2  0 0  0 1
   207  0.6930687936336509E-06   4   0 0  0 3  0 0  0 1
   208  0.3335539503507450E-04   4   2 0  0 0  0 2  0 0
   209  0.1190311285538386E-04   4   1 1  0 0  0 2  0 0
   210  -.9640411687323198E-04   4   0 2  0 0  0 2  0 0
   211  -.1254012191959612E-03   4   1 0  1 0  0 2  0 0
   212  -.2236258936114472E-04   4   0 1  1 0  0 2  0 0
   213  -.3335537232860956E-04   4   0 0  2 0  0 2  0 0
   214  -.2235764575178891E-04   4   1 0  0 1  0 2  0 0
   215  -.1248555574831002E-03   4   0 1  0 1  0 2  0 0
   216  -.1189377316771773E-04   4   0 0  1 1  0 2  0 0
   217  -.3317823471555555E-04   4   0 0  0 2  0 2  0 0
   218  0.3999055015908571E-04   4   2 0  0 0  0 1  1 0
   219  0.1696808353980475E-04   4   1 1  0 0  0 1  1 0
   220  -.1153064158977751E-03   4   0 2  0 0  0 1  1 0
   221  -.1503463682646562E-03   4   1 0  1 0  0 1  1 0
   222  -.3188775954805822E-04   4   0 1  1 0  0 1  1 0
   223  -.3999053025431003E-04   4   0 0  2 0  0 1  1 0
   224  -.3188446182957519E-04   4   1 0  0 1  0 1  1 0
   225  -.1507289679649316E-03   4   0 1  0 1  0 1  1 0
   226  -.1696183546572288E-04   4   0 0  1 1  0 1  1 0
   227  -.4005409882578463E-04   4   0 0  0 2  0 1  1 0
   228  0.3317722678609498E-04   4   2 0  0 0  0 0  2 0
   229  0.1183502854390794E-04   4   1 1  0 0  0 0  2 0
   230  -.9588963179277705E-04   4   0 2  0 0  0 0  2 0
   231  -.1247313871178579E-03   4   1 0  1 0  0 0  2 0
   232  -.2223466226077326E-04   4   0 1  1 0  0 0  2 0
   233  -.3317720418869658E-04   4   0 0  2 0  0 0  2 0
   234  -.2222974066742267E-04   4   1 0  0 1  0 0  2 0
   235  -.1241869088209246E-03   4   0 1  0 1  0 0  2 0
   236  -.1182573047971432E-04   4   0 0  1 1  0 0  2 0
   237  -.3300055199312300E-04   4   0 0  0 2  0 0  2 0
   238  -.2667532529973554E-04   4   2 0  0 0  0 1  0 1
   239  -.6791570820965080E-05   4   1 1  0 0  0 1  0 1
   240  -.3468015868386040E-06   4   0 2  0 0  0 1  0 1
   241  0.1002872117256356E-03   4   1 0  1 0  0 1  0 1
   242  0.1276661851899405E-04   4   0 1  1 0  0 1  0 1
   243  0.2667529977302933E-04   4   0 0  2 0  0 1  0 1
   244  0.1276662755590124E-04   4   1 0  0 1  0 1  0 1
   245  0.1303819319657540E-05   4   0 1  0 1  0 1  0 1
   246  0.6791556716421283E-05   4   0 0  1 1  0 1  0 1
   247  0.3467998576123523E-06   4   0 0  0 2  0 1  0 1
   248  -.2658624120783158E-04   4   2 0  0 0  0 0  1 1
   249  -.6768889900961710E-05   4   1 1  0 0  0 0  1 1
   250  -.3456434189779602E-06   4   0 2  0 0  0 0  1 1
   251  0.9995229565298145E-04   4   1 0  1 0  0 0  1 1
   252  0.1272398351437200E-04   4   0 1  1 0  0 0  1 1
   253  0.2658621576637355E-04   4   0 0  2 0  0 0  1 1
   254  0.1272399252109981E-04   4   1 0  0 1  0 0  1 1
   255  0.1299465124955378E-05   4   0 1  0 1  0 0  1 1
   256  0.6768875843521013E-05   4   0 0  1 1  0 0  1 1
   257  0.3456416955265790E-06   4   0 0  0 2  0 0  1 1
   258  0.2165837016944023E-08   4   1 0  0 0  0 3  0 0
   259  -.8133166586104991E-01   4   0 1  0 0  0 3  0 0
   260  -.1017460973484634E-08   4   0 0  1 0  0 3  0 0
   261  -.1937205207970413E-09   4   0 0  0 1  0 3  0 0
   262  -.5606981126470917E-08   4   1 0  0 0  0 2  1 0
   263  -.4883196422470377E-01   4   0 1  0 0  0 2  1 0
   264  -.4070369674519058E-08   4   0 0  1 0  0 2  1 0
   265  -.1345288036669509E-07   4   0 0  0 1  0 2  1 0
   266  -.5568080561836392E-08   4   1 0  0 0  0 1  2 0
   267  -.4899340611920019E-01   4   0 1  0 0  0 1  2 0
   268  -.4055059554018896E-08   4   0 0  1 0  0 1  2 0
   269  -.1338645730530885E-07   4   0 0  0 1  0 1  2 0
   270  0.2164318798059467E-08   4   1 0  0 0  0 0  3 0
   271  -.8084298174475921E-01   4   0 1  0 0  0 0  3 0
   272  -.1005590228072656E-08   4   0 0  1 0  0 0  3 0
   273  -.1703617161841116E-09   4   0 0  0 1  0 0  3 0
   274  -.1441480215871361E-08   4   1 0  0 0  0 2  0 1
   275  -.1835973405466608E-09   4   0 1  0 0  0 2  0 1
   276  0.6771752242856240E-09   4   0 0  1 0  0 2  0 1
   277  0.8606260149777639E-10   4   0 0  0 1  0 2  0 1
   278  0.5168412539986666E-08   4   1 0  0 0  0 1  1 1
   279  0.6006015623665317E-09   4   0 1  0 0  0 1  1 1
   280  0.2034136536079712E-08   4   0 0  1 0  0 1  1 1
   281  0.1739319469509455E-09   4   0 0  0 1  0 1  1 1
   282  -.1445296428707728E-08   4   1 0  0 0  0 0  2 1
   283  -.1839870798486876E-09   4   0 1  0 0  0 0  2 1
   284  0.6715171810763375E-09   4   0 0  1 0  0 0  2 1
   285  0.8548474539016613E-10   4   0 0  0 1  0 0  2 1
   286  -.9439258420240050E-05   4   0 0  0 0  0 4  0 0
   287  -.5395933834025187E-05   4   0 0  0 0  0 3  1 0
   288  -.4860732444322068E-05   4   0 0  0 0  0 2  2 0
   289  -.5424486463164434E-05   4   0 0  0 0  0 1  3 0
   290  -.9367298741848447E-05   4   0 0  0 0  0 0  4 0
   291  -.2440862438631905E-13   4   0 0  0 0  0 3  0 1
   292  0.4407758509407218E-13   4   0 0  0 0  0 2  1 1
   293  0.4373492178529827E-13   4   0 0  0 0  0 1  2 1
   294  -.2435970768739102E-13   4   0 0  0 0  0 0  3 1
   ----------------------------------------------------
     I  COEFFICIENT            ORDER EXPONENTS
     1  0.2483027412295301E-07   0   0 0  0 0  0 0  0 0
     2  0.1697325576137019E-06   1   1 0  0 0  0 0  0 0
     3   1.000000034883546       1   0 1  0 0  0 0  0 0
     4  -.1335238775728410E-06   1   0 0  1 0  0 0  0 0
     5  0.1672955348585485E-07   1   0 0  0 1  0 0  0 0
     6  0.1243784505883237E-07   1   0 0  0 0  0 1  0 0
     7  0.1239630801588517E-07   1   0 0  0 0  0 0  1 0
     8  -.3878951783321147E-11   1   0 0  0 0  0 0  0 1
     9  0.1146401844983818E-02   2   2 0  0 0  0 0  0 0
    10  0.2222994648917378E-03   2   1 1  0 0  0 0  0 0
    11  0.1761526411675229E-04   2   0 2  0 0  0 0  0 0
    12  0.5600098292118571E-02   2   1 0  1 0  0 0  0 0
    13  0.8926276743831192E-03   2   0 1  1 0  0 0  0 0
    14  -.1146401710828123E-02   2   0 0  2 0  0 0  0 0
    15  0.8926275596945982E-03   2   1 0  0 1  0 0  0 0
    16  0.1792978426875737E-03   2   0 1  0 1  0 0  0 0
    17  -.2222994757027271E-03   2   0 0  1 1  0 0  0 0
    18  -.1764010395863390E-04   2   0 0  0 2  0 0  0 0
    19  -.1747094640172204E-07   2   0 1  0 0  0 1  0 0
    20  0.8199838836006956E-08   2   0 0  0 1  0 1  0 0
    21  -.1741260117967716E-07   2   0 1  0 0  0 0  1 0
    22  0.8172454907656934E-08   2   0 0  0 1  0 0  1 0
    23  0.1697325576137019E-06   2   1 0  0 0  0 0  0 1
    24  0.3488354732780701E-07   2   0 1  0 0  0 0  0 1
    25  -.1335238775728408E-06   2   0 0  1 0  0 0  0 1
    26  -.1637229374368769E-07   2   0 0  0 1  0 0  0 1
    27  -.3095387906663816E-08   2   0 0  0 0  0 2  0 0
    28  0.6185077493904280E-08   2   0 0  0 0  0 1  1 0
    29  -.3095378391706024E-08   2   0 0  0 0  0 0  2 0
    30  0.2709012655225603E-12   2   0 0  0 0  0 1  0 1
    31  0.2699965720290969E-12   2   0 0  0 0  0 0  1 1
    32  -13.92829209291271       3   3 0  0 0  0 0  0 0
    33  -5.525611525059773       3   2 1  0 0  0 0  0 0
    34  -1.035424733156590       3   1 2  0 0  0 0  0 0
    35  -.7271103024645612E-01   3   0 3  0 0  0 0  0 0
    36  -.1662766905914331E-01   3   2 0  1 0  0 0  0 0
    37  -.4395978055132224E-02   3   1 1  1 0  0 0  0 0
    38  -.4119579765320939E-03   3   0 2  1 0  0 0  0 0
    39   41.78487814527547       3   1 0  2 0  0 0  0 0
    40   5.525613473703022       3   0 1  2 0  0 0  0 0
    41  0.5543478816044289E-02   3   0 0  3 0  0 0  0 0
    42  -.2197537778232955E-02   3   2 0  0 1  0 0  0 0
    43  -.8235900399339369E-03   3   1 1  0 1  0 0  0 0
    44  -.8678182903922130E-04   3   0 2  0 1  0 0  0 0
    45   11.05122475193284       3   1 0  1 1  0 0  0 0
    46   2.070849718583981       3   0 1  1 1  0 0  0 0
    47  0.2198074318878387E-02   3   0 0  2 1  0 0  0 0
    48   1.035424434633222       3   1 0  0 2  0 0  0 0
    49  0.2181329821433529       3   0 1  0 2  0 0  0 0
    50  0.4118264802817147E-03   3   0 0  1 2  0 0  0 0
    51  0.2891247149880561E-04   3   0 0  0 3  0 0  0 0
    52  -.1113356389752826E-03   3   1 1  0 0  0 1  0 0
    53  -.1765094593175824E-04   3   0 2  0 0  0 1  0 0
    54  -.4470603316245480E-03   3   0 1  1 0  0 1  0 0
    55  -.4470602741843751E-03   3   1 0  0 1  0 1  0 0
    56  -.1795977322053611E-03   3   0 1  0 1  0 1  0 0
    57  0.1113356443887633E-03   3   0 0  1 1  0 1  0 0
    58  0.1766338947514271E-04   3   0 0  0 2  0 1  0 0
    59  -.1109638259164605E-03   3   1 1  0 0  0 0  1 0
    60  -.1759199937827592E-04   3   0 2  0 0  0 0  1 0
    61  -.4455673427585732E-03   3   0 1  1 0  0 0  1 0
    62  -.4455672855102258E-03   3   1 0  0 1  0 0  1 0
    63  -.1789979531698143E-03   3   0 1  0 1  0 0  1 0
    64  0.1109638313118650E-03   3   0 0  1 1  0 0  1 0
    65  0.1760440136557991E-04   3   0 0  0 2  0 0  1 0
    66  0.1146401844983820E-02   3   2 0  0 0  0 0  0 1
    67  0.2222994648917384E-03   3   1 1  0 0  0 0  0 1
    68  0.1762768119328968E-04   3   0 2  0 0  0 0  0 1
    69  0.5600098292118569E-02   3   1 0  1 0  0 0  0 1
    70  0.8926276743831187E-03   3   0 1  1 0  0 0  0 1
    71  -.1146401710828118E-02   3   0 0  2 0  0 0  0 1
    72  0.8926275596945980E-03   3   1 0  0 1  0 0  0 1
    73  0.1792978426875735E-03   3   0 1  0 1  0 0  0 1
    74  -.2222994757027255E-03   3   0 0  1 1  0 0  0 1
    75  -.1762768688209640E-04   3   0 0  0 2  0 0  0 1
    76  -.1063091511215021E-06   3   1 0  0 0  0 2  0 0
    77  -.3339749014267139E-07   3   0 1  0 0  0 2  0 0
    78  -.4082291746539960E-07   3   0 0  1 0  0 2  0 0
    79  -.1300753229230307E-07   3   0 0  0 1  0 2  0 0
    80  -.8640436670501595E-07   3   1 0  0 0  0 1  1 0
    81  -.4198265150268679E-07   3   0 1  0 0  0 1  1 0
    82  -.5007035005870598E-07   3   0 0  1 0  0 1  1 0
    83  -.1847376487925029E-07   3   0 0  0 1  0 1  1 0
    84  -.1058098476899122E-06   3   1 0  0 0  0 0  2 0
    85  -.3321585492836598E-07   3   0 1  0 0  0 0  2 0
    86  -.4060297981521257E-07   3   0 0  1 0  0 0  2 0
    87  -.1293324553236519E-07   3   0 0  0 1  0 0  2 0
    88  0.1263463577038268E-06   3   1 0  0 0  0 1  0 1
    89  0.2475432395274696E-07   3   0 1  0 0  0 1  0 1
    90  0.3151295086349007E-07   3   0 0  1 0  0 1  0 1
    91  0.7504460231417415E-08   3   0 0  0 1  0 1  0 1
    92  0.1259244153126863E-06   3   1 0  0 0  0 0  1 1
    93  0.2467165517756808E-07   3   0 1  0 0  0 0  1 1
    94  0.3140771118677220E-07   3   0 0  1 0  0 0  1 1
    95  0.7479398567972511E-08   3   0 0  0 1  0 0  1 1
    96  0.1547897988778300E-08   3   0 0  0 0  0 3  0 0
    97  -.1559870631194855E-08   3   0 0  0 0  0 2  1 0
    98  -.1544328614080326E-08   3   0 0  0 0  0 1  2 0
    99  0.1542739998639724E-08   3   0 0  0 0  0 0  3 0
   100  0.1223904816534575E-11   3   0 0  0 0  0 2  0 1
   101  0.2708718567643261E-11   3   0 0  0 0  0 1  1 1
   102  0.1215295392222471E-11   3   0 0  0 0  0 0  2 1
   103  0.2936093986449390E-09   4   4 0  0 0  0 0  0 0
   104  -.7389728593052741E-02   4   3 1  0 0  0 0  0 0
   105  -.1831950619123402E-02   4   2 2  0 0  0 0  0 0
   106  -.1372153830037848E-03   4   1 3  0 0  0 0  0 0
   107  0.4831911429703336E-05   4   0 4  0 0  0 0  0 0
   108  -.4935328233876127E-09   4   3 0  1 0  0 0  0 0
   109  -.1043537351448240E-01   4   2 1  1 0  0 0  0 0
   110  -.4138155887857738E-02   4   1 2  1 0  0 0  0 0
   111  -.5168468939450253E-03   4   0 3  1 0  0 0  0 0
   112  0.1214072972938644E-08   4   2 0  2 0  0 0  0 0
   113  0.1107577547341508E-01   4   1 1  2 0  0 0  0 0
   114  0.3649636605352300E-03   4   0 2  2 0  0 0  0 0
   115  -.4935328814296754E-09   4   1 0  3 0  0 0  0 0
   116  0.1042949235276713E-01   4   0 1  3 0  0 0  0 0
   117  0.9204639464658934E-09   4   0 0  4 0  0 0  0 0
   118  -.2940708092795704E-05   4   3 0  0 1  0 0  0 0
   119  -.1749391728784075E-05   4   2 1  0 1  0 0  0 0
   120  -.2586966190126124E-03   4   1 2  0 1  0 0  0 0
   121  -.5444593009656015E-04   4   0 3  0 1  0 0  0 0
   122  0.1662248146543103E-01   4   2 0  1 1  0 0  0 0
   123  0.5860817149497450E-02   4   1 1  1 1  0 0  0 0
   124  0.2741995644359244E-03   4   0 2  1 1  0 0  0 0
   125  0.2086192599462109E-01   4   1 0  2 1  0 0  0 0
   126  0.5516958976907571E-02   4   0 1  2 1  0 0  0 0
   127  -.1843021807568664E-02   4   0 0  3 1  0 0  0 0
   128  0.2565444696438607E-02   4   2 0  0 2  0 0  0 0
   129  0.9614333135893352E-03   4   1 1  0 2  0 0  0 0
   130  0.5785149371593973E-04   4   0 2  0 2  0 0  0 0
   131  0.1380552109211377E-02   4   1 0  1 2  0 0  0 0
   132  0.5170655411264542E-03   4   0 1  1 2  0 0  0 0
   133  -.1098457369169641E-02   4   0 0  2 2  0 0  0 0
   134  -.2582595417176971E-03   4   1 0  0 3  0 0  0 0
   135  -.5441523549160735E-04   4   0 1  0 3  0 0  0 0
   136  -.2746622282737234E-03   4   0 0  1 3  0 0  0 0
   137  -.2412401272620006E-04   4   0 0  0 4  0 0  0 0
   138  0.8877134644149494E-14   4   3 0  0 0  0 1  0 0
   139   2.767426768981633       4   2 1  0 0  0 1  0 0
   140   1.037156561154441       4   1 2  0 0  0 1  0 0
   141  0.1092489676075045       4   0 3  0 0  0 1  0 0
   142  -.3190116847057629E-13   4   2 0  1 0  0 1  0 0
   143  0.2201665334304528E-02   4   1 1  1 0  0 1  0 0
   144  0.4126470081284252E-03   4   0 2  1 0  0 1  0 0
   145  0.2132577117190681E-13   4   1 0  2 0  0 1  0 0
   146  -2.767427744932895       4   0 1  2 0  0 1  0 0
   147  -.4502126155135071E-13   4   0 0  3 0  0 1  0 0
   148  0.1100606665114403E-02   4   2 0  0 1  0 1  0 0
   149  0.8249675580116187E-03   4   1 1  0 1  0 1  0 0
   150  0.1303904675463520E-03   4   0 2  0 1  0 1  0 0
   151  -5.534854390293143       4   1 0  1 1  0 1  0 0
   152  -2.074313375001642       4   0 1  1 1  0 1  0 0
   153  -.1100875384164066E-02   4   0 0  2 1  0 1  0 0
   154  -1.037156262131778       4   1 0  0 2  0 1  0 0
   155  -.3277467396560108       4   0 1  0 2  0 1  0 0
   156  -.4125152919450107E-03   4   0 0  1 2  0 1  0 0
   157  -.4344124476763839E-04   4   0 0  0 3  0 1  0 0
   158  0.1065350700211565E-13   4   3 0  0 0  0 0  1 0
   159   2.758184756078168       4   2 1  0 0  0 0  1 0
   160   1.033692905158734       4   1 2  0 0  0 0  1 0
   161  0.1088841231318828       4   0 3  0 0  0 0  1 0
   162  -.3179360245525419E-13   4   2 0  1 0  0 0  1 0
   163  0.2194312720802035E-02   4   1 1  1 0  0 0  1 0
   164  0.4112689449339660E-03   4   0 2  1 0  0 0  1 0
   165  0.1777302582083261E-13   4   1 0  2 0  0 0  1 0
   166  -2.758185728770160       4   0 1  2 0  0 0  1 0
   167  -.4487166343231571E-13   4   0 0  3 0  0 0  1 0
   168  0.1096931113112577E-02   4   2 0  0 1  0 0  1 0
   169  0.8222125218525661E-03   4   1 1  0 1  0 0  1 0
   170  0.1299550195709844E-03   4   0 2  0 1  0 0  1 0
   171  -5.516370361639773       4   1 0  1 1  0 0  1 0
   172  -2.067386062166314       4   0 1  1 1  0 0  1 0
   173  -.1097198934756407E-02   4   0 0  2 1  0 0  1 0
   174  -1.033692607134665       4   1 0  0 2  0 0  1 0
   175  -.3266522067741054       4   0 1  0 2  0 0  1 0
   176  -.4111376686258464E-03   4   0 0  1 2  0 0  1 0
   177  -.4329616972927316E-04   4   0 0  0 3  0 0  1 0
   178  -13.92829209291272       4   3 0  0 0  0 0  0 1
   179  -5.525611525059783       4   2 1  0 0  0 0  0 1
   180  -1.035424733156592       4   1 2  0 0  0 0  0 1
   181  -.7271103024645617E-01   4   0 3  0 0  0 0  0 1
   182  -.1662766905907962E-01   4   2 0  1 0  0 0  0 1
   183  -.4395978055106534E-02   4   1 1  1 0  0 0  0 1
   184  -.4119579765302985E-03   4   0 2  1 0  0 0  0 1
   185   41.78487814527543       4   1 0  2 0  0 0  0 1
   186   5.525613473703010       4   0 1  2 0  0 0  0 1
   187  0.5543478816134164E-02   4   0 0  3 0  0 0  0 1
   188  -.2197537778226966E-02   4   2 0  0 1  0 0  0 1
   189  -.8235900399302499E-03   4   1 1  0 1  0 0  0 1
   190  -.8678182903887086E-04   4   0 2  0 1  0 0  0 1
   191   11.05122475193283       4   1 0  1 1  0 0  0 1
   192   2.070849718583978       4   0 1  1 1  0 0  0 1
   193  0.2198074318920457E-02   4   0 0  2 1  0 0  0 1
   194   1.035424434633222       4   1 0  0 2  0 0  0 1
   195  0.2181329821433526       4   0 1  0 2  0 0  0 1
   196  0.4118264802891438E-03   4   0 0  1 2  0 0  0 1
   197  0.2891247149929281E-04   4   0 0  0 3  0 0  0 1
   198  0.2753676048290079E-03   4   2 0  0 0  0 2  0 0
   199  0.1721537615628246E-03   4   1 1  0 0  0 2  0 0
   200  0.2539238575639278E-04   4   0 2  0 0  0 2  0 0
   201  -.1035257544751439E-02   4   1 0  1 0  0 2  0 0
   202  -.3236101257958867E-03   4   0 1  1 0  0 2  0 0
   203  -.2753676514100351E-03   4   0 0  2 0  0 2  0 0
   204  -.3236101241646444E-03   4   1 0  0 1  0 2  0 0
   205  -.9548138371134277E-04   4   0 1  0 1  0 2  0 0
   206  -.1721537899107401E-03   4   0 0  1 1  0 2  0 0
   207  -.2540169734023931E-04   4   0 0  0 2  0 2  0 0
   208  0.1839852929066842E-03   4   2 0  0 0  0 1  1 0
   209  0.2063990654862572E-03   4   1 1  0 0  0 1  1 0
   210  0.3621586987034532E-04   4   0 2  0 0  0 1  1 0
   211  -.6917014175404706E-03   4   1 0  1 0  0 1  1 0
   212  -.3879835411479616E-03   4   0 1  1 0  0 1  1 0
   213  -.1839853240295320E-03   4   0 0  2 0  0 1  1 0
   214  -.3879835376172777E-03   4   1 0  0 1  0 1  1 0
   215  -.1361669612558440E-03   4   0 1  0 1  0 1  1 0
   216  -.2063990921552699E-03   4   0 0  1 1  0 1  1 0
   217  -.3622208322485937E-04   4   0 0  0 2  0 1  1 0
   218  0.2741407798880074E-03   4   2 0  0 0  0 0  2 0
   219  0.1712342002116403E-03   4   1 1  0 0  0 0  2 0
   220  0.2524711342989453E-04   4   0 2  0 0  0 0  2 0
   221  -.1030645238314559E-02   4   1 0  1 0  0 0  2 0
   222  -.3218815585005435E-03   4   0 1  1 0  0 0  2 0
   223  -.2741408262615047E-03   4   0 0  2 0  0 0  2 0
   224  -.3218815568806442E-03   4   1 0  0 1  0 0  2 0
   225  -.9493514754577882E-04   4   0 1  0 1  0 0  2 0
   226  -.1712342284203528E-03   4   0 0  1 1  0 0  2 0
   227  -.2525638354210358E-04   4   0 0  0 2  0 0  2 0
   228  -.3673602512823500E-03   4   2 0  0 0  0 1  0 1
   229  -.1376766447426254E-03   4   1 1  0 0  0 1  0 1
   230  -.1450218017053135E-04   4   0 2  0 0  0 1  0 1
   231  0.1381108253521665E-02   4   1 0  1 0  0 1  0 1
   232  0.2588009546993755E-03   4   0 1  1 0  0 1  0 1
   233  0.3673603134247962E-03   4   0 0  2 0  0 1  0 1
   234  0.2588009549803426E-03   4   1 0  0 1  0 1  0 1
   235  0.5452162219517450E-04   4   0 1  0 1  0 1  0 1
   236  0.1376766747803920E-03   4   0 0  1 1  0 1  0 1
   237  0.1450217283173472E-04   4   0 0  0 2  0 1  0 1
   238  -.3661334263413465E-03   4   2 0  0 0  0 0  1 1
   239  -.1372168640750809E-03   4   1 1  0 0  0 0  1 1
   240  -.1445374913785966E-04   4   0 2  0 0  0 0  1 1
   241  0.1376495947084777E-02   4   1 0  1 0  0 0  1 1
   242  0.2579366710299463E-03   4   0 1  1 0  0 0  1 1
   243  0.3661334882762637E-03   4   0 0  2 0  0 0  1 1
   244  0.2579366713099749E-03   4   1 0  0 1  0 0  1 1
   245  0.5433954347081731E-04   4   0 1  0 1  0 0  1 1
   246  0.1372168940125343E-03   4   0 0  1 1  0 0  1 1
   247  0.1445374182357144E-04   4   0 0  0 2  0 0  1 1
   248  0.1985974975564040E-07   4   1 0  0 0  0 3  0 0
   249  0.5579464982333651E-08   4   0 1  0 0  0 3  0 0
   250  -.9378157932705551E-08   4   0 0  1 0  0 3  0 0
   251  -.2640022074806481E-08   4   0 0  0 1  0 3  0 0
   252  -.6633351673525367E-07   4   1 0  0 0  0 2  1 0
   253  -.2026308929058321E-07   4   0 1  0 0  0 2  1 0
   254  -.5939569613815073E-07   4   0 0  1 0  0 2  1 0
   255  -.1909394965865255E-07   4   0 0  0 1  0 2  1 0
   256  -.6590207641751368E-07   4   1 0  0 0  0 1  2 0
   257  -.2013372822884308E-07   4   0 1  0 0  0 1  2 0
   258  -.5914498371316072E-07   4   0 0  1 0  0 1  2 0
   259  -.1901148195147428E-07   4   0 0  0 1  0 1  2 0
   260  0.1987065839729493E-07   4   1 0  0 0  0 0  3 0
   261  0.5585237335889454E-08   4   0 1  0 0  0 0  3 0
   262  -.9232332794095780E-08   4   0 0  1 0  0 0  3 0
   263  -.2595021012503244E-08   4   0 0  0 1  0 0  3 0
   264  -.1982658825240593E-07   4   1 0  0 0  0 2  0 1
   265  -.3713432390699527E-08   4   0 1  0 0  0 2  0 1
   266  0.9362498429517043E-08   4   0 0  1 0  0 2  0 1
   267  0.1757075922818969E-08   4   0 0  0 1  0 2  0 1
   268  0.8598313004517817E-07   4   1 0  0 0  0 1  1 1
   269  0.1718720037361578E-07   4   0 1  0 0  0 1  1 1
   270  0.4996528640349224E-07   4   0 0  1 0  0 1  1 1
   271  0.1095683669244669E-07   4   0 0  0 1  0 1  1 1
   272  -.1990394929285666E-07   4   1 0  0 0  0 0  2 1
   273  -.3729730146256623E-08   4   0 1  0 0  0 0  2 1
   274  0.9247800456047009E-08   4   0 0  1 0  0 0  2 1
   275  0.1732912489779209E-08   4   0 0  0 1  0 0  2 1
   276  -.9682547241099854E-09   4   0 0  0 0  0 4  0 0
   277  0.7745350574722697E-09   4   0 0  0 0  0 3  1 0
   278  0.3876985679233955E-09   4   0 0  0 0  0 2  2 0
   279  0.7642038690776585E-09   4   0 0  0 0  0 1  3 0
   280  -.9630809374126324E-09   4   0 0  0 0  0 0  4 0
   281  -.4035501230358629E-12   4   0 0  0 0  0 3  0 1
   282  0.1223983499228103E-11   4   0 0  0 0  0 2  1 1
   283  0.1215837345496529E-11   4   0 0  0 0  0 1  2 1
   284  -.4035655817622126E-12   4   0 0  0 0  0 0  3 1
   ----------------------------------------------------
     I  COEFFICIENT            ORDER EXPONENTS
     1  0.6488686325473912E-04   0   0 0  0 0  0 0  0 0
     2  -.5144575784382091E-07   1   1 0  0 0  0 0  0 0
     3  -.1017501707650299E-07   1   0 1  0 0  0 0  0 0
     4  0.9999999907530870       1   0 0  1 0  0 0  0 0
     5  0.2599999857366422       1   0 0  0 1  0 0  0 0
     6  0.6099446977423840E-14   1   0 0  0 0  0 1  0 0
     7  0.6079111557539492E-14   1   0 0  0 0  0 0  1 0
     8  -.1217867931705849E-13   1   0 0  0 0  0 0  0 1
     9  0.2816988777055140E-03   2   2 0  0 0  0 0  0 0
    10  0.5278530908365095E-04   2   1 1  0 0  0 0  0 0
    11  0.3038951897401018E-05   2   0 2  0 0  0 0  0 0
    12  -.3738293716027093E-03   2   1 0  1 0  0 0  0 0
    13  -.2254247625267168E-04   2   0 1  1 0  0 0  0 0
    14  -.2816988425999926E-03   2   0 0  2 0  0 0  0 0
    15  -.2251763453066725E-04   2   1 0  0 1  0 0  0 0
    16  -.3204586406286575E-05   2   0 1  0 1  0 0  0 0
    17  -.5279847957434041E-04   2   0 0  1 1  0 0  0 0
    18  -.3042402275356388E-05   2   0 0  0 2  0 0  0 0
    19  0.9187296101321249E-08   2   1 0  0 0  0 1  0 0
    20  0.5881597635336828E-08   2   0 1  0 0  0 1  0 0
    21  0.4631189424750485E-08   2   0 0  1 0  0 1  0 0
    22  -.1302174272352623       2   0 0  0 1  0 1  0 0
    23  0.9156614491218876E-08   2   1 0  0 0  0 0  1 0
    24  0.5861955633661508E-08   2   0 1  0 0  0 0  1 0
    25  0.4615723247684358E-08   2   0 0  1 0  0 0  1 0
    26  -.1297825571399596       2   0 0  0 1  0 0  1 0
    27  -.1834391059254289E-07   2   1 0  0 0  0 0  0 1
    28  -.1568536246890580E-08   2   0 1  0 0  0 0  0 1
    29  -.9246912672433685E-08   2   0 0  1 0  0 0  0 1
    30  -.1361420757016738E-08   2   0 0  0 1  0 0  0 1
    31  -.4465901341768579E-11   2   0 0  0 0  0 2  0 0
    32  -.5305960647178875E-11   2   0 0  0 0  0 1  1 0
    33  -.4442076332715000E-11   2   0 0  0 0  0 0  2 0
    34  -.2743701021302348E-12   2   0 0  0 0  0 1  0 1
    35  -.2734538242172485E-12   2   0 0  0 0  0 0  1 1
    36  -.7084319058703373E-03   3   3 0  0 0  0 0  0 0
    37  -.1598054013006155E-03   3   2 1  0 0  0 0  0 0
    38  -.2036351907498103E-04   3   1 2  0 0  0 0  0 0
    39  -.7123505100370505E-06   3   0 3  0 0  0 0  0 0
    40   5.338454292098113       3   2 0  1 0  0 0  0 0
    41  0.8024685670856621       3   1 1  1 0  0 0  0 0
    42  0.5107736723690311E-01   3   0 2  1 0  0 0  0 0
    43  0.2125478867300871E-02   3   1 0  2 0  0 0  0 0
    44  0.1597505100529263E-03   3   0 1  2 0  0 0  0 0
    45  -1.779484276245837       3   0 0  3 0  0 0  0 0
    46  0.4012339803205422       3   2 0  0 1  0 0  0 0
    47  0.1021546490881751       3   1 1  0 1  0 0  0 0
    48  0.1352163249879657       3   0 2  0 1  0 0  0 0
    49  0.3195036185664264E-03   3   1 0  1 1  0 0  0 0
    50  0.4069570797943701E-04   3   0 1  1 1  0 0  0 0
    51  -.4012339361672602       3   0 0  2 1  0 0  0 0
    52  0.2034103400778663E-04   3   1 0  0 2  0 0  0 0
    53  0.2038116790930083E-05   3   0 1  0 2  0 0  0 0
    54  -.5107726703425066E-01   3   0 0  1 2  0 0  0 0
    55  0.1282611429643353       3   0 0  0 3  0 0  0 0
    56  -.1410850204395937E-03   3   2 0  0 0  0 1  0 0
    57  -.5287359659858184E-04   3   1 1  0 0  0 1  0 0
    58  -.4566054974507759E-05   3   0 2  0 0  0 1  0 0
    59  0.1872273150787154E-03   3   1 0  1 0  0 1  0 0
    60  0.2258018028897954E-04   3   0 1  1 0  0 1  0 0
    61  0.1410850028574785E-03   3   0 0  2 0  0 1  0 0
    62  0.2256773486233143E-04   3   1 0  0 1  0 1  0 0
    63  0.4818148029682262E-05   3   0 1  0 1  0 1  0 0
    64  0.5288017958786403E-04   3   0 0  1 1  0 1  0 0
    65  0.4569509036949609E-05   3   0 0  0 2  0 1  0 0
    66  -.1406138572659195E-03   3   2 0  0 0  0 0  1 0
    67  -.5269702156956236E-04   3   1 1  0 0  0 0  1 0
    68  -.4550806318439541E-05   3   0 2  0 0  0 0  1 0
    69  0.1866020565239986E-03   3   1 0  1 0  0 0  1 0
    70  0.2250477221678902E-04   3   0 1  1 0  0 0  1 0
    71  0.1406138397425199E-03   3   0 0  2 0  0 0  1 0
    72  0.2249236835250334E-04   3   1 0  0 1  0 0  1 0
    73  0.4802057491437407E-05   3   0 1  0 1  0 0  1 0
    74  0.5270358257448777E-04   3   0 0  1 1  0 0  1 0
    75  0.4554248845809569E-05   3   0 0  0 2  0 0  1 0
    76  0.2816988777055139E-03   3   2 0  0 0  0 0  0 1
    77  0.5278530908447299E-04   3   1 1  0 0  0 0  0 1
    78  0.3038957498158289E-05   3   0 2  0 0  0 0  0 1
    79  -.3738293716027106E-03   3   1 0  1 0  0 0  0 1
    80  -.2254247625310863E-04   3   0 1  1 0  0 0  0 1
    81  -.2816988425999938E-03   3   0 0  2 0  0 0  0 1
    82  -.2254246868417913E-04   3   1 0  0 1  0 0  0 1
    83  -.3211032708527406E-05   3   0 1  0 1  0 0  0 1
    84  -.5278528258799640E-04   3   0 0  1 1  0 0  0 1
    85  -.3038953332053232E-05   3   0 0  0 2  0 0  0 1
    86  -.1709957386886562E-08   3   1 0  0 0  0 2  0 0
    87  -.1949341833109844E-07   3   0 1  0 0  0 2  0 0
    88  0.1069538480870283E-07   3   0 0  1 0  0 2  0 0
    89  0.9760893726764880E-01   3   0 0  0 1  0 2  0 0
    90  -.2724184223938978E-08   3   1 0  0 0  0 1  1 0
    91  -.2172593313704918E-07   3   0 1  0 0  0 1  1 0
    92  0.1327758931391602E-07   3   0 0  1 0  0 1  1 0
    93  0.6521682898233527E-01   3   0 0  0 1  0 1  1 0
    94  -.1699698065328127E-08   3   1 0  0 0  0 0  2 0
    95  -.1939204108632918E-07   3   0 1  0 0  0 0  2 0
    96  0.1063749611871329E-07   3   0 0  1 0  0 0  2 0
    97  0.9717406742440521E-01   3   0 0  0 1  0 0  2 0
    98  0.6889031040384209E-09   3   1 0  0 0  0 1  0 1
    99  0.2397865506784163E-11   3   0 1  0 0  0 1  0 1
   100  -.8095726456923326E-08   3   0 0  1 0  0 1  0 1
   101  -.9730580183709619E-09   3   0 0  0 1  0 1  0 1
   102  0.6866024645244304E-09   3   1 0  0 0  0 0  1 1
   103  0.2389857669249679E-11   3   0 1  0 0  0 0  1 1
   104  -.8068690219066273E-08   3   0 0  1 0  0 0  1 1
   105  -.9698084238875797E-09   3   0 0  0 1  0 0  1 1
   106  -.1644712045400710E-11   3   0 0  0 0  0 3  0 0
   107  -.8383521736207804E-11   3   0 0  0 0  0 2  1 0
   108  -.8349814148117657E-11   3   0 0  0 0  0 1  2 0
   109  -.1622598279387303E-11   3   0 0  0 0  0 0  3 0
   110  0.7458369912363005E-14   3   0 0  0 0  0 2  0 1
   111  -.2575717722378803E-12   3   0 0  0 0  0 1  1 1
   112  0.7914506384724552E-14   3   0 0  0 0  0 0  2 1
   113  0.7347570391725126E-06   4   4 0  0 0  0 0  0 0
   114  0.2007325896600724E-06   4   3 1  0 0  0 0  0 0
   115  -.4997182416540754E-04   4   2 2  0 0  0 0  0 0
   116  -.1272995783267811E-04   4   1 3  0 0  0 0  0 0
   117  -.2498407057953312E-04   4   0 4  0 0  0 0  0 0
   118  -.5540134525519314E-02   4   3 0  1 0  0 0  0 0
   119  -.1490153177123629E-02   4   2 1  1 0  0 0  0 0
   120  -.4651733253313161E-03   4   1 2  1 0  0 0  0 0
   121  -.4248082998612705E-04   4   0 3  1 0  0 0  0 0
   122  -.1043151319244717E-01   4   2 0  2 0  0 0  0 0
   123  -.9415186342343897E-04   4   1 1  2 0  0 0  0 0
   124  -.8171366801127043E-05   4   0 2  2 0  0 0  0 0
   125  0.1843021771342361E-02   4   1 0  3 0  0 0  0 0
   126  0.4802465385179743E-03   4   0 1  3 0  0 0  0 0
   127  0.3476435970815252E-02   4   0 0  4 0  0 0  0 0
   128  0.2118437299025635E-03   4   3 0  0 1  0 0  0 0
   129  -.1988854264078202E-03   4   2 1  0 1  0 0  0 0
   130  -.7997099692275704E-04   4   1 2  0 1  0 0  0 0
   131  -.5970638683807001E-04   4   0 3  0 1  0 0  0 0
   132  -.4090595571449156E-02   4   2 0  1 1  0 0  0 0
   133  -.1033904171493125E-02   4   1 1  1 1  0 0  0 0
   134  -.8343040876352214E-04   4   0 2  1 1  0 0  0 0
   135  -.6849446326903858E-03   4   1 0  2 1  0 0  0 0
   136  0.1370896043081569E-03   4   0 1  2 1  0 0  0 0
   137  0.1394715311488204E-02   4   0 0  3 1  0 0  0 0
   138  -.5087806765115130E-03   4   2 0  0 2  0 0  0 0
   139  -.1726422802569106E-03   4   1 1  0 2  0 0  0 0
   140  -.1614693385910799E-03   4   0 2  0 2  0 0  0 0
   141  -.1291982412719525E-03   4   1 0  1 2  0 0  0 0
   142  0.1530472853420369E-04   4   0 1  1 2  0 0  0 0
   143  0.5669240667721899E-03   4   0 0  2 2  0 0  0 0
   144  -.1070567178922932E-04   4   1 0  0 3  0 0  0 0
   145  -.5060830471622669E-04   4   0 1  0 3  0 0  0 0
   146  0.9807877116499112E-04   4   0 0  1 3  0 0  0 0
   147  -.1158713828557886E-03   4   0 0  0 4  0 0  0 0
   148  0.3548084065186344E-03   4   3 0  0 0  0 1  0 0
   149  0.1600726881980898E-03   4   2 1  0 0  0 1  0 0
   150  0.3059636795443617E-04   4   1 2  0 0  0 1  0 0
   151  0.1418462292700823E-05   4   0 3  0 0  0 1  0 0
   152  -2.673691635022708       4   2 0  1 0  0 1  0 0
   153  -.8038107578672491       4   1 1  1 0  0 1  0 0
   154  -.7674419712976757E-01   4   0 2  1 0  0 1  0 0
   155  -.1064516947581945E-02   4   1 0  2 0  0 1  0 0
   156  -.1600177051427095E-03   4   0 1  2 0  0 1  0 0
   157  0.8912303007062106       4   0 0  3 0  0 1  0 0
   158  -.4019050752041738       4   2 0  0 1  0 1  0 0
   159  -.1534882659668669       4   1 1  0 1  0 1  0 0
   160  -.2057762786180379       4   0 2  0 1  0 1  0 0
   161  -.3200380130911477E-03   4   1 0  1 1  0 1  0 0
   162  -.6114566205058345E-04   4   0 1  1 1  0 1  0 0
   163  0.4019050309770613       4   0 0  2 1  0 1  0 0
   164  -.3056258394197578E-04   4   1 0  0 2  0 1  0 0
   165  -.4104605911197494E-05   4   0 1  0 2  0 1  0 0
   166  0.7674404657439632E-01   4   0 0  1 2  0 1  0 0
   167  -.1918426571408204       4   0 0  0 3  0 1  0 0
   168  0.3536234993304581E-03   4   3 0  0 0  0 0  1 0
   169  0.1595381143960319E-03   4   2 1  0 0  0 0  1 0
   170  0.3049418926966292E-04   4   1 2  0 0  0 0  1 0
   171  0.1413725239870411E-05   4   0 3  0 0  0 0  1 0
   172  -2.664762657075451       4   2 0  1 0  0 0  1 0
   173  -.8011263763040692       4   1 1  1 0  0 0  1 0
   174  -.7648790458098460E-01   4   0 2  1 0  0 0  1 0
   175  -.1060961919685335E-02   4   1 0  2 0  0 0  1 0
   176  -.1594833149603635E-03   4   0 1  2 0  0 0  1 0
   177  0.8882539755396566       4   0 0  3 0  0 0  1 0
   178  -.4005628854369095       4   2 0  0 1  0 0  1 0
   179  -.1529756812977414       4   1 1  0 1  0 0  1 0
   180  -.2050890745179909       4   0 2  0 1  0 0  1 0
   181  -.3189692240342064E-03   4   1 0  1 1  0 0  1 0
   182  -.6094146188743969E-04   4   0 1  1 1  0 0  1 0
   183  0.4005628413574902       4   0 0  2 1  0 0  1 0
   184  -.3046051808124691E-04   4   1 0  0 2  0 0  1 0
   185  -.4090898296165551E-05   4   0 1  0 2  0 0  1 0
   186  0.7648775452838479E-01   4   0 0  1 2  0 0  1 0
   187  -.1912019853323935       4   0 0  0 3  0 0  1 0
   188  -.7084319058490905E-03   4   3 0  0 0  0 0  0 1
   189  -.1598054012935061E-03   4   2 1  0 0  0 0  0 1
   190  -.2036351907412190E-04   4   1 2  0 0  0 0  0 1
   191  -.6951360024668840E-06   4   0 3  0 0  0 0  0 1
   192   5.338454292098137       4   2 0  1 0  0 0  0 1
   193  0.8024685670856684       4   1 1  1 0  0 0  0 1
   194  0.5107736723690372E-01   4   0 2  1 0  0 0  0 1
   195  0.2125478867267275E-02   4   1 0  2 0  0 0  0 1
   196  0.1597505100501469E-03   4   0 1  2 0  0 0  0 1
   197  -1.779484276245868       4   0 0  3 0  0 0  0 1
   198  0.4012339803205469       4   2 0  0 1  0 0  0 1
   199  0.1021546490881755       4   1 1  0 1  0 0  0 1
   200  0.5216378172189472E-02   4   0 2  0 1  0 0  0 1
   201  0.3195036185589283E-03   4   1 0  1 1  0 0  0 1
   202  0.4069570797911969E-04   4   0 1  1 1  0 0  0 1
   203  -.4012339361672724       4   0 0  2 1  0 0  0 1
   204  0.2034103400763410E-04   4   1 0  0 2  0 0  0 1
   205  0.2081153834591654E-05   4   0 1  0 2  0 0  0 1
   206  -.5107726703425253E-01   4   0 0  1 2  0 0  0 1
   207  -.1738786419802627E-02   4   0 0  0 3  0 0  0 1
   208  -.6270060828799053E-04   4   2 0  0 0  0 2  0 0
   209  -.2235763559884068E-04   4   1 1  0 0  0 2  0 0
   210  -.6242605470336814E-04   4   0 2  0 0  0 2  0 0
   211  -.6671076172129996E-04   4   1 0  1 0  0 2  0 0
   212  -.1189378229964094E-04   4   0 1  1 0  0 2  0 0
   213  0.6270061031399383E-04   4   0 0  2 0  0 2  0 0
   214  -.1188444738653513E-04   4   1 0  0 1  0 2  0 0
   215  -.6634998737612093E-04   4   0 1  0 1  0 2  0 0
   216  0.2235269155149307E-04   4   0 0  1 1  0 2  0 0
   217  -.1814089653882174E-03   4   0 0  0 2  0 2  0 0
   218  -.7517318334897413E-04   4   2 0  0 0  0 1  1 0
   219  -.3188445006600121E-04   4   1 1  0 0  0 1  1 0
   220  -.7536275858502427E-04   4   0 2  0 0  0 1  1 0
   221  -.7998107364861288E-04   4   1 0  1 0  0 1  1 0
   222  -.1696184451155165E-04   4   0 1  1 0  0 1  1 0
   223  0.7517318420355002E-04   4   0 0  2 0  0 1  1 0
   224  -.1695560319965915E-04   4   1 0  0 1  0 1  1 0
   225  -.8010171302055727E-04   4   0 1  0 1  0 1  1 0
   226  0.3188115171294120E-04   4   0 0  1 1  0 1  1 0
   227  -.2169759086331490E-03   4   0 0  0 2  0 1  1 0
   228  -.6236569225462220E-04   4   2 0  0 0  0 0  2 0
   229  -.2222973056802199E-04   4   1 1  0 0  0 0  2 0
   230  -.6209173901086383E-04   4   0 2  0 0  0 0  2 0
   231  -.6635442536254710E-04   4   1 0  1 0  0 0  2 0
   232  -.1182573956603603E-04   4   0 1  1 0  0 0  2 0
   233  0.6236569427243178E-04   4   0 0  2 0  0 0  2 0
   234  -.1181644624916352E-04   4   1 0  0 1  0 0  2 0
   235  -.6599465440645965E-04   4   0 1  0 1  0 0  2 0
   236  0.2222480853919666E-04   4   0 0  1 1  0 0  2 0
   237  -.1804408345951496E-03   4   0 0  0 2  0 0  2 0
   238  0.5014360402267213E-04   4   2 0  0 0  0 1  0 1
   239  0.1276661902367688E-04   4   1 1  0 0  0 1  0 1
   240  0.6519089171352140E-06   4   0 2  0 0  0 1  0 1
   241  0.5335062056037716E-04   4   1 0  1 0  0 1  0 1
   242  0.6791565935352007E-05   4   0 1  1 0  0 1  0 1
   243  -.5014360722794157E-04   4   0 0  2 0  0 1  0 1
   244  0.6791554604340634E-05   4   1 0  0 1  0 1  0 1
   245  0.6936009151950076E-06   4   0 1  0 1  0 1  0 1
   246  -.1276662782049605E-04   4   0 0  1 1  0 1  0 1
   247  -.6519104599802169E-06   4   0 0  0 2  0 1  0 1
   248  0.4997614599249037E-04   4   2 0  0 0  0 0  1 1
   249  0.1272398401736940E-04   4   1 1  0 0  0 0  1 1
   250  0.6497318222644097E-06   4   0 2  0 0  0 0  1 1
   251  0.5317245247688685E-04   4   1 0  1 0  0 0  1 1
   252  0.6768885031664480E-05   4   0 1  1 0  0 0  1 1
   253  -.4997614918705558E-04   4   0 0  2 0  0 0  1 1
   254  0.6768873738493803E-05   4   1 0  0 1  0 0  1 1
   255  0.6912845870160776E-06   4   0 1  0 1  0 0  1 1
   256  -.1272399278481099E-04   4   0 0  1 1  0 0  1 1
   257  -.6497333599569754E-06   4   0 0  0 2  0 0  1 1
   258  -.1017460777911354E-08   4   1 0  0 0  0 3  0 0
   259  0.5190736421020934E-08   4   0 1  0 0  0 3  0 0
   260  -.2165836623366684E-08   4   0 0  1 0  0 3  0 0
   261  -.8133166299062983E-01   4   0 0  0 1  0 3  0 0
   262  -.4070369795202906E-08   4   1 0  0 0  0 2  1 0
   263  -.1022002324194546E-07   4   0 1  0 0  0 2  1 0
   264  0.5606981215723347E-08   4   0 0  1 0  0 2  1 0
   265  -.4883197782951880E-01   4   0 0  0 1  0 2  1 0
   266  -.4055059673121342E-08   4   1 0  0 0  0 1  2 0
   267  -.1014291213321111E-07   4   0 1  0 0  0 1  2 0
   268  0.5568080654884471E-08   4   0 0  1 0  0 1  2 0
   269  -.4899341964153295E-01   4   0 0  0 1  0 1  2 0
   270  -.1005590033278222E-08   4   1 0  0 0  0 0  3 0
   271  0.5181742529643366E-08   4   0 1  0 0  0 0  3 0
   272  -.2164318405936111E-08   4   0 0  1 0  0 0  3 0
   273  -.8084297886607678E-01   4   0 0  0 1  0 0  3 0
   274  0.6771750047018747E-09   4   1 0  0 0  0 2  0 1
   275  0.8606234710217978E-10   4   0 1  0 0  0 2  0 1
   276  0.1441479848248376E-08   4   0 0  1 0  0 2  0 1
   277  0.1835971829195072E-09   4   0 0  0 1  0 2  0 1
   278  0.2034136664887139E-08   4   1 0  0 0  0 1  1 1
   279  0.1739318562883405E-09   4   0 1  0 0  0 1  1 1
   280  -.5168412417194495E-08   4   0 0  1 0  0 1  1 1
   281  -.6006015867939888E-09   4   0 0  0 1  0 1  1 1
   282  0.6715169621727744E-09   4   1 0  0 0  0 0  2 1
   283  0.8548456112105653E-10   4   0 1  0 0  0 0  2 1
   284  0.1445296061882608E-08   4   0 0  1 0  0 0  2 1
   285  0.1839869226758115E-09   4   0 0  0 1  0 0  2 1
   286  -.1776070899552097E-04   4   0 0  0 0  0 4  0 0
   287  -.1015287482912283E-04   4   0 0  0 0  0 3  1 0
   288  -.9145851076137011E-05   4   0 0  0 0  0 2  2 0
   289  -.1020659885362608E-04   4   0 0  0 0  0 1  3 0
   290  -.1762531118690476E-04   4   0 0  0 0  0 0  4 0
   291  -.4480720740637884E-14   4   0 0  0 0  0 3  0 1
   292  0.2431737977000342E-14   4   0 0  0 0  0 2  1 1
   293  0.2397185859511203E-14   4   0 0  0 0  0 1  2 1
   294  -.4462322233571537E-14   4   0 0  0 0  0 0  3 1
   ----------------------------------------------------
     I  COEFFICIENT            ORDER EXPONENTS
     1  -.1320053354423300E-07   0   0 0  0 0  0 0  0 0
     2  -.1335238775728406E-06   1   1 0  0 0  0 0  0 0
     3  -.4947413956539069E-07   1   0 1  0 0  0 0  0 0
     4  -.1697325740409909E-06   1   0 0  1 0  0 0  0 0
     5  0.9999999651164505       1   0 0  0 1  0 0  0 0
     6  -.6609530074436092E-08   1   0 0  0 0  0 1  0 0
     7  -.6587457092075577E-08   1   0 0  0 0  0 0  1 0
     8  -.3546377691536975E-11   1   0 0  0 0  0 0  0 1
     9  0.2800049146059283E-02   2   2 0  0 0  0 0  0 0
    10  0.8926276743814066E-03   2   1 1  0 0  0 0  0 0
    11  0.8965554132859276E-04   2   0 2  0 0  0 0  0 0
    12  -.2292803421656245E-02   2   1 0  1 0  0 0  0 0
    13  -.2222994373545535E-03   2   0 1  1 0  0 0  0 0
    14  -.2800049347116858E-02   2   0 0  2 0  0 0  0 0
    15  -.2222994757087000E-03   2   1 0  0 1  0 0  0 0
    16  -.3525536184785032E-04   2   0 1  0 1  0 0  0 0
    17  -.8926277344555306E-03   2   0 0  1 1  0 0  0 0
    18  -.8964232828926743E-04   2   0 0  0 2  0 0  0 0
    19  0.8199838295078481E-08   2   0 1  0 0  0 1  0 0
    20  0.1747094706785886E-07   2   0 0  0 1  0 1  0 0
    21  0.8172454368515037E-08   2   0 1  0 0  0 0  1 0
    22  0.1741260162376937E-07   2   0 0  0 1  0 0  1 0
    23  -.1335238775728407E-06   2   1 0  0 0  0 0  0 1
    24  -.1637229266362205E-07   2   0 1  0 0  0 0  0 1
    25  -.1697325740409906E-06   2   0 0  1 0  0 0  0 1
    26  -.3488354872739485E-07   2   0 0  0 1  0 0  0 1
    27  0.1649491448222543E-08   2   0 0  0 0  0 2  0 0
    28  -.3282903884054045E-08   2   0 0  0 0  0 1  1 0
    29  0.1649464599719870E-08   2   0 0  0 0  0 0  2 0
    30  -.5448129962274622E-11   2   0 0  0 0  0 1  0 1
    31  -.5429935555840567E-11   2   0 0  0 0  0 0  1 1
    32  -.5542556353125417E-02   3   3 0  0 0  0 0  0 0
    33  -.2197988942995813E-02   3   2 1  0 0  0 0  0 0
    34  -.4119579514502265E-03   3   1 2  0 0  0 0  0 0
    35  -.2894457605119562E-04   3   0 3  0 0  0 0  0 0
    36   41.78487814527555       3   2 0  1 0  0 0  0 0
    37   11.05122694742305       3   1 1  1 0  0 0  0 0
    38   1.035425283957024       3   0 2  1 0  0 0  0 0
    39  0.1663043644785349E-01   3   1 0  2 0  0 0  0 0
    40  0.2198525483645374E-02   3   0 1  2 0  0 0  0 0
    41  -13.92829333727078       3   0 0  3 0  0 0  0 0
    42   5.525612375974898       3   2 0  0 1  0 0  0 0
    43   2.070849718596499       3   1 1  0 1  0 0  0 0
    44  0.2181331154545749       3   0 2  0 1  0 0  0 0
    45  0.4396148468459832E-02   3   1 0  1 1  0 0  0 0
    46  0.8239788235524272E-03   3   0 1  1 1  0 0  0 0
    47  -5.525614324618163       3   0 0  2 1  0 0  0 0
    48  0.4118264551882449E-03   3   1 0  0 2  0 0  0 0
    49  0.8678931359597667E-04   3   0 1  0 2  0 0  0 0
    50  -1.035424985433665       3   0 0  1 2  0 0  0 0
    51  -.7271100228619920E-01   3   0 0  0 3  0 0  0 0
    52  -.4470603316236908E-03   3   1 1  0 0  0 1  0 0
    53  -.8980219239487961E-04   3   0 2  0 0  0 1  0 0
    54  0.1113356251836603E-03   3   0 1  1 0  0 1  0 0
    55  0.1113356443928086E-03   3   1 0  0 1  0 1  0 0
    56  0.3531432916896012E-04   3   0 1  0 1  0 1  0 0
    57  0.4470603617109843E-03   3   0 0  1 1  0 1  0 0
    58  0.8979556678581055E-04   3   0 0  0 2  0 1  0 0
    59  -.4455673427577189E-03   3   1 1  0 0  0 0  1 0
    60  -.8950229176873765E-04   3   0 2  0 0  0 0  1 0
    61  0.1109638121708984E-03   3   0 1  1 0  0 0  1 0
    62  0.1109638313158964E-03   3   1 0  0 1  0 0  1 0
    63  0.3519639452672468E-04   3   0 1  0 1  0 0  1 0
    64  0.4455673727445398E-03   3   0 0  1 1  0 0  1 0
    65  0.8949568828632081E-04   3   0 0  0 2  0 0  1 0
    66  0.2800049146059286E-02   3   2 0  0 0  0 0  0 1
    67  0.8926276743814077E-03   3   1 1  0 0  0 0  0 1
    68  0.8964894283500960E-04   3   0 2  0 0  0 0  0 1
    69  -.2292803421656248E-02   3   1 0  1 0  0 0  0 1
    70  -.2222994373545546E-03   3   0 1  1 0  0 0  0 1
    71  -.2800049347116848E-02   3   0 0  2 0  0 0  0 1
    72  -.2222994757087002E-03   3   1 0  0 1  0 0  0 1
    73  -.3525536184785048E-04   3   0 1  0 1  0 0  0 1
    74  -.8926277344555275E-03   3   0 0  1 1  0 0  0 1
    75  -.8964892678285053E-04   3   0 0  0 2  0 0  0 1
    76  -.4082291746539974E-07   3   1 0  0 0  0 2  0 0
    77  -.1300753635856209E-07   3   0 1  0 0  0 2  0 0
    78  0.1063091531701969E-06   3   0 0  1 0  0 2  0 0
    79  0.3339749105909051E-07   3   0 0  0 1  0 2  0 0
    80  -.5007035005870623E-07   3   1 0  0 0  0 1  1 0
    81  -.1847376999086035E-07   3   0 1  0 0  0 1  1 0
    82  0.8640436725174861E-07   3   0 0  1 0  0 1  1 0
    83  0.4198265208617684E-07   3   0 0  0 1  0 1  1 0
    84  -.4060297981521277E-07   3   1 0  0 0  0 0  2 0
    85  -.1293324957651739E-07   3   0 1  0 0  0 0  2 0
    86  0.1058098497308532E-06   3   0 0  1 0  0 0  2 0
    87  0.3321585566437119E-07   3   0 0  0 1  0 0  2 0
    88  0.3151295086349030E-07   3   1 0  0 0  0 1  0 1
    89  0.7504463245348873E-08   3   0 1  0 0  0 1  0 1
    90  -.1263463612645439E-06   3   0 0  1 0  0 1  0 1
    91  -.2475432465384261E-07   3   0 0  0 1  0 1  0 1
    92  0.3140771118677240E-07   3   1 0  0 0  0 0  1 1
    93  0.7479401571838733E-08   3   0 1  0 0  0 0  1 1
    94  -.1259244188615123E-06   3   0 0  1 0  0 0  1 1
    95  -.2467165587632238E-07   3   0 0  0 1  0 0  1 1
    96  -.8234440810210787E-09   3   0 0  0 0  0 3  0 0
    97  0.8315579590376483E-09   3   0 0  0 0  0 2  1 0
    98  0.8232812439955629E-09   3   0 0  0 0  0 1  2 0
    99  -.8207030592997217E-09   3   0 0  0 0  0 0  3 0
   100  0.5733798262127915E-13   3   0 0  0 0  0 2  0 1
   101  -.5297482196935698E-11   3   0 0  0 0  0 1  1 1
   102  0.6599215237190742E-13   3   0 0  0 0  0 0  2 1
   103  0.5525818995383202E-09   4   4 0  0 0  0 0  0 0
   104  -.3478641252100898E-02   4   3 1  0 0  0 0  0 0
   105  -.2069150770942228E-02   4   2 2  0 0  0 0  0 0
   106  -.5168605491881312E-03   4   1 3  0 0  0 0  0 0
   107  -.4536196531520959E-04   4   0 4  0 0  0 0  0 0
   108  -.9288439208372674E-09   4   3 0  1 0  0 0  0 0
   109  0.1107681136635348E-01   4   2 1  1 0  0 0  0 0
   110  0.7302014116886271E-03   4   1 2  1 0  0 0  0 0
   111  -.1376524872819809E-03   4   0 3  1 0  0 0  0 0
   112  0.2284922596690657E-08   4   2 0  2 0  0 0  0 0
   113  0.3128902971817304E-01   4   1 1  2 0  0 0  0 0
   114  0.4826755957476747E-02   4   0 2  2 0  0 0  0 0
   115  -.9288440300742158E-09   4   1 0  3 0  0 0  0 0
   116  0.5534173001296457E-05   4   0 1  3 0  0 0  0 0
   117  0.1732341397591805E-08   4   0 0  4 0  0 0  0 0
   118  0.5541172623247646E-02   4   3 0  0 1  0 0  0 0
   119  0.2930682667680346E-02   4   2 1  0 1  0 0  0 0
   120  0.2742766170446264E-03   4   1 2  0 1  0 0  0 0
   121  -.2898481820695578E-04   4   0 3  0 1  0 0  0 0
   122  0.2086247816820465E-01   4   2 0  1 1  0 0  0 0
   123  0.1103421003624093E-01   4   1 1  1 1  0 0  0 0
   124  0.1808950797968272E-02   4   0 2  1 1  0 0  0 0
   125  -.5530104122239844E-02   4   1 0  2 1  0 0  0 0
   126  0.3292419726234919E-05   4   0 1  2 1  0 0  0 0
   127  -.1390519297560745E-01   4   0 0  3 1  0 0  0 0
   128  0.6903490206535433E-03   4   2 0  0 2  0 0  0 0
   129  0.5171065658271004E-03   4   1 1  0 2  0 0  0 0
   130  0.1088932612996854E-03   4   0 2  0 2  0 0  0 0
   131  -.2197189246073941E-02   4   1 0  1 2  0 0  0 0
   132  -.1368298812444907E-03   4   0 1  1 2  0 0  0 0
   133  -.3447954173825771E-02   4   0 0  2 2  0 0  0 0
   134  -.2746879379614334E-03   4   1 0  0 3  0 0  0 0
   135  -.2892705001837463E-04   4   0 1  0 3  0 0  0 0
   136  -.2584918887733173E-03   4   0 0  1 3  0 0  0 0
   137  0.9068613155231207E-05   4   0 0  0 4  0 0  0 0
   138  0.1565510180773006E-13   4   3 0  0 0  0 1  0 0
   139  0.1100832624811056E-02   4   2 1  0 0  0 1  0 0
   140  0.4126469830069832E-03   4   1 2  0 0  0 1  0 0
   141  0.4348948214207079E-04   4   0 3  0 0  0 1  0 0
   142  -.6040140246881190E-13   4   2 0  1 0  0 1  0 0
   143  -5.534855489874340       4   1 1  1 0  0 1  0 0
   144  -1.037157112876143       4   0 2  1 0  0 1  0 0
   145  0.4267543233753227E-13   4   1 0  2 0  0 1  0 0
   146  -.1101101343818352E-02   4   0 1  2 0  0 1  0 0
   147  -.8526614146787463E-13   4   0 0  3 0  0 1  0 0
   148  -2.767427195150825       4   2 0  0 1  0 1  0 0
   149  -2.074313375014185       4   1 1  0 1  0 1  0 0
   150  -.3277469399572777       4   0 2  0 1  0 1  0 0
   151  -.2201750683489115E-02   4   1 0  1 1  0 1  0 0
   152  -.8253569918993963E-03   4   0 1  1 1  0 1  0 0
   153   2.767428171102027       4   0 0  2 1  0 1  0 0
   154  -.4125152668056119E-03   4   1 0  0 2  0 1  0 0
   155  -.1304017131591959E-03   4   0 1  0 2  0 1  0 0
   156   1.037156813853460       4   0 0  1 2  0 1  0 0
   157  0.1092489255969696       4   0 0  0 3  0 1  0 0
   158  0.1560306559679128E-13   4   3 0  0 0  0 0  1 0
   159  0.1097156318201211E-02   4   2 1  0 0  0 0  1 0
   160  0.4112689198964190E-03   4   1 2  0 0  0 0  1 0
   161  0.4334424601166637E-04   4   0 3  0 0  0 0  1 0
   162  -.5684867120730125E-13   4   2 0  1 0  0 0  1 0
   163  -5.516371457548840       4   1 1  1 0  0 0  1 0
   164  -1.033693455037910       4   0 2  1 0  0 0  1 0
   165  0.4253402797413222E-13   4   1 0  2 0  0 0  1 0
   166  -.1097424139802815E-02   4   0 1  2 0  0 0  1 0
   167  -.8615431649819705E-13   4   0 0  3 0  0 0  1 0
   168  -2.758185180824126       4   2 0  0 1  0 0  1 0
   169  -2.067386062178818       4   1 1  0 1  0 0  1 0
   170  -.3266524064065081       4   0 2  0 1  0 0  1 0
   171  -.2194397784957123E-02   4   1 0  1 1  0 0  1 0
   172  -.8226006551989679E-03   4   0 1  1 1  0 0  1 0
   173   2.758186153516080       4   0 0  2 1  0 0  1 0
   174  -.4111376435704025E-03   4   1 0  0 2  0 0  1 0
   175  -.1299662276283330E-03   4   0 1  0 2  0 0  1 0
   176   1.033693157013845       4   0 0  1 2  0 0  1 0
   177  0.1088840812616452       4   0 0  0 3  0 0  1 0
   178  -.5542556353156676E-02   4   3 0  0 0  0 0  0 1
   179  -.2197988943012252E-02   4   2 1  0 0  0 0  0 1
   180  -.4119579514531768E-03   4   1 2  0 0  0 0  0 1
   181  -.2894457605133809E-04   4   0 3  0 0  0 0  0 1
   182   41.78487814527567       4   2 0  1 0  0 0  0 1
   183   11.05122694742309       4   1 1  1 0  0 0  0 1
   184   1.035425283957027       4   0 2  1 0  0 0  0 1
   185  0.1663043644776828E-01   4   1 0  2 0  0 0  0 1
   186  0.2198525483621152E-02   4   0 1  2 0  0 0  0 1
   187  -13.92829333727061       4   0 0  3 0  0 0  0 1
   188   5.525612375974909       4   2 0  0 1  0 0  0 1
   189   2.070849718596505       4   1 1  0 1  0 0  0 1
   190  0.2181331154545756       4   0 2  0 1  0 0  0 1
   191  0.4396148468446208E-02   4   1 0  1 1  0 0  0 1
   192  0.8239788235459394E-03   4   0 1  1 1  0 0  0 1
   193  -5.525614324618084       4   0 0  2 1  0 0  0 1
   194  0.4118264551877708E-03   4   1 0  0 2  0 0  0 1
   195  0.8678931359555256E-04   4   0 1  0 2  0 0  0 1
   196  -1.035424985433651       4   0 0  1 2  0 0  0 1
   197  -.7271100228619841E-01   4   0 0  0 3  0 0  0 1
   198  -.5176287723757149E-03   4   2 0  0 0  0 2  0 0
   199  -.3236101257989441E-03   4   1 1  0 0  0 2  0 0
   200  -.4773821480393304E-04   4   0 2  0 0  0 2  0 0
   201  -.5507353028200723E-03   4   1 0  1 0  0 2  0 0
   202  -.1721538473822536E-03   4   0 1  1 0  0 2  0 0
   203  0.5176287772793689E-03   4   0 0  2 0  0 2  0 0
   204  -.1721537899116725E-03   4   1 0  0 1  0 2  0 0
   205  -.5079410206824873E-04   4   0 1  0 1  0 2  0 0
   206  0.3236101243638630E-03   4   0 0  1 1  0 2  0 0
   207  0.4774316895635092E-04   4   0 0  0 2  0 2  0 0
   208  -.3458507087702306E-03   4   2 0  0 0  0 1  1 0
   209  -.3879835411507725E-03   4   1 1  0 0  0 1  1 0
   210  -.6808182593621664E-04   4   0 2  0 0  0 1  1 0
   211  -.3679706480590681E-03   4   1 0  1 0  0 1  1 0
   212  -.2063991537399954E-03   4   0 1  1 0  0 1  1 0
   213  0.3458507120465777E-03   4   0 0  2 0  0 1  1 0
   214  -.2063990921558135E-03   4   1 0  0 1  0 1  1 0
   215  -.7243797876878485E-04   4   0 1  0 1  0 1  1 0
   216  0.3879835410055239E-03   4   0 0  1 1  0 1  1 0
   217  0.6808513568674409E-04   4   0 0  0 2  0 1  1 0
   218  -.5153226191572753E-03   4   2 0  0 0  0 0  2 0
   219  -.3218815585035863E-03   4   1 1  0 0  0 0  2 0
   220  -.4746510775642207E-04   4   0 2  0 0  0 0  2 0
   221  -.5482816525230111E-03   4   1 0  1 0  0 0  2 0
   222  -.1712342855971030E-03   4   0 1  1 0  0 0  2 0
   223  0.5153226240390841E-03   4   0 0  2 0  0 0  2 0
   224  -.1712342284212813E-03   4   1 0  0 1  0 0  2 0
   225  -.5050351583739931E-04   4   0 1  0 1  0 0  2 0
   226  0.3218815570735431E-03   4   0 0  1 1  0 0  2 0
   227  0.4747003983752182E-04   4   0 0  0 2  0 0  2 0
   228  0.6905541267608271E-03   4   2 0  0 0  0 1  0 1
   229  0.2588009547026793E-03   4   1 1  0 0  0 1  0 1
   230  0.2726081095837734E-04   4   0 2  0 0  0 1  0 1
   231  0.7347206268495992E-03   4   1 0  1 0  0 1  0 1
   232  0.1376767281104401E-03   4   0 1  1 0  0 1  0 1
   233  -.6905541333026635E-03   4   0 0  2 0  0 1  0 1
   234  0.1376766747817178E-03   4   1 0  0 1  0 1  0 1
   235  0.2900436522672904E-04   4   0 1  0 1  0 1  0 1
   236  -.2588009519691306E-03   4   0 0  1 1  0 1  0 1
   237  -.2726081096542709E-04   4   0 0  0 2  0 1  0 1
   238  0.6882479735423837E-03   4   2 0  0 0  0 0  1 1
   239  0.2579366710332391E-03   4   1 1  0 0  0 0  1 1
   240  0.2716977159666366E-04   4   0 2  0 0  0 0  1 1
   241  0.7322669765525337E-03   4   1 0  1 0  0 0  1 1
   242  0.1372169471644829E-03   4   0 1  1 0  0 0  1 1
   243  -.6882479800623732E-03   4   0 0  2 0  0 0  1 1
   244  0.1372168940138555E-03   4   1 0  0 1  0 0  1 1
   245  0.2890750314506962E-04   4   0 1  0 1  0 0  1 1
   246  -.2579366683088194E-03   4   0 0  1 1  0 0  1 1
   247  -.2716977160368987E-04   4   0 0  0 2  0 0  1 1
   248  -.9378157932705555E-08   4   1 0  0 0  0 3  0 0
   249  -.2640021529886992E-08   4   0 1  0 0  0 3  0 0
   250  -.1985975126424517E-07   4   0 0  1 0  0 3  0 0
   251  -.5579465246049473E-08   4   0 0  0 1  0 3  0 0
   252  -.5939569613815088E-07   4   1 0  0 0  0 2  1 0
   253  -.1909395252757770E-07   4   0 1  0 0  0 2  1 0
   254  0.6633351576744289E-07   4   0 0  1 0  0 2  1 0
   255  0.2026308904118674E-07   4   0 0  0 1  0 2  1 0
   256  -.5914498371316097E-07   4   1 0  0 0  0 1  2 0
   257  -.1901148480333535E-07   4   0 1  0 0  0 1  2 0
   258  0.6590207544702006E-07   4   0 0  1 0  0 1  2 0
   259  0.2013372768801085E-07   4   0 0  0 1  0 1  2 0
   260  -.9232332794095848E-08   4   1 0  0 0  0 0  3 0
   261  -.2595020465546167E-08   4   0 1  0 0  0 0  3 0
   262  -.1987065989673197E-07   4   0 0  1 0  0 0  3 0
   263  -.5585237800833682E-08   4   0 0  0 1  0 0  3 0
   264  0.9362498429517005E-08   4   1 0  0 0  0 2  0 1
   265  0.1757075470722857E-08   4   0 1  0 0  0 2  0 1
   266  0.1982658975849142E-07   4   0 0  1 0  0 2  0 1
   267  0.3713432631276428E-08   4   0 0  0 1  0 2  0 1
   268  0.4996528640349227E-07   4   1 0  0 0  0 1  1 1
   269  0.1095683878510863E-07   4   0 1  0 0  0 1  1 1
   270  -.8598313058004061E-07   4   0 0  1 0  0 1  1 1
   271  -.1718720044402635E-07   4   0 0  0 1  0 1  1 1
   272  0.9247800456046973E-08   4   1 0  0 0  0 0  2 1
   273  0.1732912035698607E-08   4   0 1  0 0  0 0  2 1
   274  0.1990395079480557E-07   4   0 0  1 0  0 0  2 1
   275  0.3729730288128786E-08   4   0 0  0 1  0 0  2 1
   276  0.5148704989289063E-09   4   0 0  0 0  0 4  0 0
   277  -.4122953566553980E-09   4   0 0  0 0  0 3  1 0
   278  -.2073833671223340E-09   4   0 0  0 0  0 2  2 0
   279  -.4067961908153884E-09   4   0 0  0 0  0 1  3 0
   280  0.5121200535843189E-09   4   0 0  0 0  0 0  4 0
   281  -.5460401199617620E-13   4   0 0  0 0  0 3  0 1
   282  -.3140070747119214E-13   4   0 0  0 0  0 2  1 1
   283  -.3151622799277451E-13   4   0 0  0 0  0 1  2 1
   284  -.5427802224767181E-13   4   0 0  0 0  0 0  3 1
   ----------------------------------------------------
     I  COEFFICIENT            ORDER EXPONENTS
     1  0.6461756755822729E-08   0   0 0  0 0  0 0  0 0
     2  -.1243784537037673E-07   1   1 0  0 0  0 0  0 0
     3  -.3233630856735488E-08   1   0 1  0 0  0 0  0 0
     4  0.6609529847154301E-08   1   0 0  1 0  0 0  0 0
     5  0.1718483798025892E-08   1   0 0  0 1  0 0  0 0
     6   1.000000000000000       1   0 0  0 0  1 0  0 0
     7  0.6478274356306152E-01   1   0 0  0 0  0 1  0 0
     8  -.6478274356306285E-01   1   0 0  0 0  0 0  1 0
     9  -.4628840379324366E-12   2   2 0  0 0  0 0  0 0
    10  -.4631122377951378E-08   2   1 1  0 0  0 0  0 0
    11  -.6510871498132964E-01   2   0 2  0 0  0 0  0 0
    12  -.9478290863269557E-11   2   1 0  1 0  0 0  0 0
    13  0.9186490447093561E-08   2   0 1  1 0  0 0  0 0
    14  0.4628838395348210E-12   2   0 0  2 0  0 0  0 0
    15  0.9186490588473812E-08   2   1 0  0 1  0 0  0 0
    16  0.1571063363147449E-08   2   0 1  0 1  0 0  0 0
    17  0.4631121116076557E-08   2   0 0  1 1  0 0  0 0
    18  -.6510871361763129E-01   2   0 0  0 2  0 0  0 0
    19  0.6189680254735978E-08   2   1 0  0 0  0 1  0 0
    20  0.3223471922188065E-08   2   0 1  0 0  0 1  0 0
    21  -.3283693417058340E-08   2   0 0  1 0  0 1  0 0
    22  -.1724544584406581E-08   2   0 0  0 1  0 1  0 0
    23  -.6187568237901064E-08   2   1 0  0 0  0 0  1 0
    24  0.2381519402388161E-11   2   0 1  0 0  0 0  1 0
    25  0.3290371606242174E-08   2   0 0  1 0  0 0  1 0
    26  -.8170583247693977E-11   2   0 0  0 1  0 0  1 0
    27  -.1678916579204875E-11   2   1 0  0 0  0 0  0 1
    28  -.1056501046450172E-12   2   0 1  0 0  0 0  0 1
    29  -.2374344921284086E-11   2   0 0  1 0  0 0  0 1
    30  -.2743702410579437E-12   2   0 0  0 1  0 0  0 1
    31  -.4866832328641373E-01   2   0 0  0 0  0 2  0 0
    32  0.3255390300976126E-01   2   0 0  0 0  0 1  1 0
    33  0.1611442027664843E-01   2   0 0  0 0  0 0  2 0
    34  0.2212827690444147E-07   3   3 0  0 0  0 0  0 0
    35  -.9360866614257319E-04   3   2 1  0 0  0 0  0 0
    36  -.1129567276387444E-04   3   1 2  0 0  0 0  0 0
    37  -.8073107565953939E-06   3   0 3  0 0  0 0  0 0
    38  0.3531111163765453E-07   3   2 0  1 0  0 0  0 0
    39  -.2821647340841538E-03   3   1 1  1 0  0 0  0 0
    40  -.2643315728774730E-04   3   0 2  1 0  0 0  0 0
    41  -.6638481130779936E-07   3   1 0  2 0  0 0  0 0
    42  0.9360865556815376E-04   3   0 1  2 0  0 0  0 0
    43  -.1177036806687464E-07   3   0 0  3 0  0 0  0 0
    44  -.1410823695830012E-03   3   2 0  0 1  0 0  0 0
    45  -.5287291382352137E-04   3   1 1  0 1  0 0  0 0
    46  -.4564300656523507E-05   3   0 2  0 1  0 0  0 0
    47  0.1872173268759324E-03   3   1 0  1 1  0 0  0 0
    48  0.2257890681546869E-04   3   0 1  1 1  0 0  0 0
    49  0.1410823520017718E-03   3   0 0  2 1  0 0  0 0
    50  0.1128323139924214E-04   3   1 0  0 2  0 0  0 0
    51  0.2409009032591006E-05   3   0 1  0 2  0 0  0 0
    52  0.2643975231786956E-04   3   0 0  1 2  0 0  0 0
    53  0.1523731029985256E-05   3   0 0  0 3  0 0  0 0
    54  -.7590030997458080E-07   3   2 0  0 0  0 1  0 0
    55  -.2139087831524129E-07   3   1 1  0 0  0 1  0 0
    56  0.9760895557594114E-01   3   0 2  0 0  0 1  0 0
    57  0.6206901197984405E-09   3   1 0  1 0  0 1  0 0
    58  -.3418709311757081E-08   3   0 1  1 0  0 1  0 0
    59  0.7590031346664367E-07   3   0 0  2 0  0 1  0 0
    60  -.3418707894453255E-08   3   1 0  0 1  0 1  0 0
    61  -.3252456949796723E-07   3   0 1  0 1  0 1  0 0
    62  0.2139088107124897E-07   3   0 0  1 1  0 1  0 0
    63  0.9760893726764987E-01   3   0 0  0 2  0 1  0 0
    64  -.2833519966637232E-07   3   2 0  0 0  0 0  1 0
    65  -.1327762657293669E-07   3   1 1  0 0  0 0  1 0
    66  0.3260842503270558E-01   3   0 2  0 0  0 0  1 0
    67  -.8628918378520324E-08   3   1 0  1 0  0 0  1 0
    68  -.2723782607365719E-08   3   0 1  1 0  0 0  1 0
    69  0.2833520072607700E-07   3   0 0  2 0  0 0  1 0
    70  -.2723781406802135E-08   3   1 0  0 1  0 0  1 0
    71  -.1956703823961631E-07   3   0 1  0 1  0 0  1 0
    72  0.1327762742021135E-07   3   0 0  1 1  0 0  1 0
    73  0.3260841449116826E-01   3   0 0  0 2  0 0  1 0
    74  0.4762922697198343E-07   3   2 0  0 0  0 0  0 1
    75  0.8095798399083622E-08   3   1 1  0 0  0 0  0 1
    76  0.4865296991313717E-09   3   0 2  0 0  0 0  0 1
    77  -.9309612018385595E-08   3   1 0  1 0  0 0  0 1
    78  0.6880977511197931E-09   3   0 1  1 0  0 0  0 1
    79  -.4762922940892836E-07   3   0 0  2 0  0 0  0 1
    80  0.6880975378134882E-09   3   1 0  0 1  0 0  0 1
    81  0.2300864361230357E-11   3   0 1  0 1  0 0  0 1
    82  -.8095799915252854E-08   3   0 0  1 1  0 0  0 1
    83  -.4865298064153539E-09   3   0 0  0 2  0 0  0 1
    84  -.4651083069753438E-08   3   1 0  0 0  0 2  0 0
    85  -.3231340052894573E-08   3   0 1  0 0  0 2  0 0
    86  0.2469996697306725E-08   3   0 0  1 0  0 2  0 0
    87  0.1710673479837798E-08   3   0 0  0 1  0 2  0 0
    88  0.3107814452745276E-08   3   1 0  0 0  0 1  1 0
    89  -.9602811619831454E-11   3   0 1  0 0  0 1  1 0
    90  -.1648217828848853E-08   3   0 0  1 0  0 1  1 0
    91  -.1675774699921731E-10   3   0 0  0 1  0 1  1 0
    92  0.1538382837656908E-08   3   1 0  0 0  0 0  2 0
    93  -.1015486647006215E-10   3   0 1  0 0  0 0  2 0
    94  -.8158700534149866E-09   3   0 0  1 0  0 0  2 0
    95  -.5490022309090639E-11   3   0 0  0 1  0 0  2 0
    96  0.1459099497196829E-11   3   1 0  0 0  0 1  0 1
    97  0.1174919448178626E-12   3   0 1  0 0  0 1  0 1
    98  0.2149689514292857E-12   3   0 0  1 0  0 1  0 1
    99  0.1501906750842831E-13   3   0 0  0 1  0 1  0 1
   100  -.2134948542475346E-12   3   1 0  0 0  0 0  1 1
   101  0.1215394106728253E-13   3   0 1  0 0  0 0  1 1
   102  -.2144261776100816E-11   3   0 0  1 0  0 0  1 1
   103  -.2575718339842231E-12   3   0 0  0 1  0 0  1 1
   104  0.4057058224056936E-01   3   0 0  0 0  0 3  0 0
   105  -.2437513913241637E-01   3   0 0  0 0  0 2  1 0
   106  -.8178771679320258E-02   3   0 0  0 0  0 1  2 0
   107  -.8016692233915322E-02   3   0 0  0 0  0 0  3 0
   108  -.2295248798856380E-10   4   4 0  0 0  0 0  0 0
   109  0.8912306870430050       4   3 1  0 0  0 0  0 0
   110  0.2009527526346457       4   2 2  0 0  0 0  0 0
   111  0.2558141141975685E-01   4   1 3  0 0  0 0  0 0
   112  -.4796067213812769E-01   4   0 4  0 0  0 0  0 0
   113  -.7991164352616740E-10   4   3 0  1 0  0 0  0 0
   114  0.1064648132436782E-02   4   2 1  1 0  0 0  0 0
   115  0.1600625045399035E-03   4   1 2  1 0  0 0  0 0
   116  0.1019895672801207E-04   4   0 3  1 0  0 0  0 0
   117  0.6964177559651709E-13   4   2 0  2 0  0 0  0 0
   118  -2.673691328226109       4   1 1  2 0  0 0  0 0
   119  -.2009527305218554       4   0 2  2 0  0 0  0 0
   120  0.1418676985771581E-09   4   1 0  3 0  0 0  0 0
   121  -.3549132865304748E-03   4   0 1  3 0  0 0  0 0
   122  0.2316048515539782E-10   4   0 0  4 0  0 0  0 0
   123  0.3548378980668120E-03   4   3 0  0 1  0 0  0 0
   124  0.1600748921008993E-03   4   2 1  0 1  0 0  0 0
   125  0.3059071694115475E-04   4   1 2  0 1  0 0  0 0
   126  0.1411137426448835E-05   4   0 3  0 1  0 0  0 0
   127  -2.673691635013836       4   2 0  1 1  0 0  0 0
   128  -.8038105362487283       4   1 1  1 1  0 0  0 0
   129  -.7674416427732350E-01   4   0 2  1 1  0 0  0 0
   130  -.1064605421365967E-02   4   1 0  2 1  0 0  0 0
   131  -.1600199080163057E-03   4   0 1  2 1  0 0  0 0
   132  0.8912303007037812       4   0 0  3 1  0 0  0 0
   133  -.2009525376025181       4   2 0  0 2  0 0  0 0
   134  -.7674411655763187E-01   4   1 1  0 2  0 0  0 0
   135  -.1028881360907800       4   0 2  0 2  0 0  0 0
   136  -.1600322955757599E-03   4   1 0  1 2  0 0  0 0
   137  -.3057127357265983E-04   4   0 1  1 2  0 0  0 0
   138  0.2009525154897577       4   0 0  2 2  0 0  0 0
   139  -.1018837344461982E-04   4   1 0  0 3  0 0  0 0
   140  -.1370146265260316E-05   4   0 1  0 3  0 0  0 0
   141  0.2558134885855323E-01   4   0 0  1 3  0 0  0 0
   142  -.4796066428581287E-01   4   0 0  0 4  0 0  0 0
   143  0.1773383946569334E-03   4   3 0  0 0  0 1  0 0
   144  0.6670327870500419E-04   4   2 1  0 0  0 1  0 0
   145  0.1190183363062796E-04   4   1 2  0 0  0 1  0 0
   146  -.6426730899486142E-04   4   0 3  0 0  0 1  0 0
   147  -.1000227886248884E-02   4   2 0  1 0  0 1  0 0
   148  -.2508105413569435E-03   4   1 1  1 0  0 1  0 0
   149  -.2236329655804733E-04   4   0 2  1 0  0 1  0 0
   150  -.5320152739967600E-03   4   1 0  2 0  0 1  0 0
   151  -.6670330185136869E-04   4   0 1  2 0  0 1  0 0
   152  0.3334092985721298E-03   4   0 0  3 0  0 1  0 0
   153  -.1254052279511999E-03   4   2 0  0 1  0 1  0 0
   154  -.4471667140054110E-04   4   1 1  0 1  0 1  0 0
   155  -.1248556494640483E-03   4   0 2  0 1  0 1  0 0
   156  -.1334065692831721E-03   4   1 0  1 1  0 1  0 0
   157  -.2378502026603347E-04   4   0 1  1 1  0 1  0 0
   158  0.1254053122103485E-03   4   0 0  2 1  0 1  0 0
   159  -.1188317447847592E-04   4   1 0  0 2  0 1  0 0
   160  -.6634982857839520E-04   4   0 1  0 2  0 1  0 0
   161  0.2235340423822747E-04   4   0 0  1 2  0 1  0 0
   162  -.1209404237362246E-03   4   0 0  0 3  0 1  0 0
   163  0.5925116115276507E-04   4   3 0  0 0  0 0  1 0
   164  0.3998803909364936E-04   4   2 1  0 0  0 0  1 0
   165  0.8483403008941555E-05   4   1 2  0 0  0 0  1 0
   166  -.3843442604818679E-04   4   0 3  0 0  0 0  1 0
   167  -.3341365576791085E-03   4   2 0  1 0  0 0  1 0
   168  -.1503490835865415E-03   4   1 1  1 0  0 0  1 0
   169  -.1594423360734206E-04   4   0 2  1 0  0 0  1 0
   170  -.1777535135270190E-03   4   1 0  2 0  0 0  1 0
   171  -.3998805281587906E-04   4   0 1  2 0  0 0  1 0
   172  0.1113788536147586E-03   4   0 0  3 0  0 0  1 0
   173  -.7517452704638330E-04   4   2 0  0 1  0 0  1 0
   174  -.3188515065535743E-04   4   1 1  0 1  0 0  1 0
   175  -.7536453889220426E-04   4   0 2  0 1  0 0  1 0
   176  -.7997608514857796E-04   4   1 0  1 1  0 0  1 0
   177  -.1696057749656829E-04   4   0 1  1 1  0 0  1 0
   178  0.7517455582553204E-04   4   0 0  2 1  0 0  1 0
   179  -.8477165954110770E-05   4   1 0  0 2  0 0  1 0
   180  -.4005076183606336E-04   4   0 1  0 2  0 0  1 0
   181  0.1594093162950013E-04   4   0 0  1 2  0 0  1 0
   182  -.7232585657713848E-04   4   0 0  0 3  0 0  1 0
   183  -.1182837137663976E-03   4   3 0  0 0  0 0  0 1
   184  -.2667031668739688E-04   4   2 1  0 0  0 0  0 1
   185  -.3395144948154073E-05   4   1 2  0 0  0 0  0 1
   186  -.1155784040433500E-06   4   0 3  0 0  0 0  0 1
   187  0.6671998775198166E-03   4   2 0  1 0  0 0  0 1
   188  0.1002926082925866E-03   4   1 1  1 0  0 0  0 1
   189  0.6383662617539859E-05   4   0 2  1 0  0 0  0 1
   190  0.3548512013562338E-03   4   1 0  2 0  0 0  0 1
   191  0.2667032609697442E-04   4   0 1  2 0  0 0  0 1
   192  -.2223999612775296E-03   4   0 0  3 0  0 0  0 1
   193  0.5014627612173198E-04   4   2 0  0 1  0 0  0 1
   194  0.1276731862645637E-04   4   1 1  0 1  0 0  0 1
   195  0.6519475279001079E-06   4   0 2  0 1  0 0  0 1
   196  0.5334063827973203E-04   4   1 0  1 1  0 0  0 1
   197  0.6790288596571133E-05   4   0 1  1 1  0 0  0 1
   198  -.5014633169086824E-04   4   0 0  2 1  0 0  0 1
   199  0.3395140041551132E-05   4   1 0  0 2  0 0  0 1
   200  0.3467348236197590E-06   4   0 1  0 2  0 0  0 1
   201  -.6383670823777851E-05   4   0 0  1 2  0 0  0 1
   202  -.2173168060775714E-06   4   0 0  0 3  0 0  0 1
   203  0.2884676867852493E-07   4   2 0  0 0  0 2  0 0
   204  0.6497277718251920E-08   4   1 1  0 0  0 2  0 0
   205  -.1219974987907873       4   0 2  0 0  0 2  0 0
   206  -.2698688963995494E-07   4   1 0  1 0  0 2  0 0
   207  -.3052886942723793E-08   4   0 1  1 0  0 2  0 0
   208  -.2884677085286600E-07   4   0 0  2 0  0 2  0 0
   209  -.3052885732225099E-08   4   1 0  0 1  0 2  0 0
   210  0.7496528865281239E-08   4   0 1  0 1  0 2  0 0
   211  -.6497279944809198E-08   4   0 0  1 1  0 2  0 0
   212  -.1219974944867320       4   0 0  0 2  0 2  0 0
   213  -.3728024249049648E-07   4   2 0  0 0  0 1  1 0
   214  -.1121440185981979E-07   4   1 1  0 0  0 1  1 0
   215  -.4883196422376715E-01   4   0 2  0 0  0 1  1 0
   216  -.3527312854207581E-07   4   1 0  1 0  0 1  1 0
   217  -.8140256387019289E-08   4   0 1  1 0  0 1  1 0
   218  0.3728024297251273E-07   4   0 0  2 0  0 1  1 0
   219  -.8140253584810362E-08   4   1 0  0 1  0 1  1 0
   220  -.2367153457677396E-07   4   0 1  0 1  0 1  1 0
   221  0.1121440160108939E-07   4   0 0  1 1  0 1  1 0
   222  -.4883197783045543E-01   4   0 0  0 2  0 1  1 0
   223  -.1849895310448008E-07   4   2 0  0 0  0 0  2 0
   224  -.5568418047424247E-08   4   1 1  0 0  0 0  2 0
   225  -.2449670305881775E-01   4   0 2  0 0  0 0  2 0
   226  -.1759033087169451E-07   4   1 0  1 0  0 0  2 0
   227  -.4054363592729404E-08   4   0 1  1 0  0 0  2 0
   228  0.1849895335729148E-07   4   0 0  2 0  0 0  2 0
   229  -.4054362072941814E-08   4   1 0  0 1  0 0  2 0
   230  -.1176349252631432E-07   4   0 1  0 1  0 0  2 0
   231  0.5568418481282021E-08   4   0 0  1 1  0 0  2 0
   232  -.2449670982154849E-01   4   0 0  0 2  0 0  2 0
   233  -.1919891751951713E-07   4   2 0  0 0  0 1  0 1
   234  -.2882827391998616E-08   4   1 1  0 0  0 1  0 1
   235  -.1835890811322710E-09   4   0 2  0 0  0 1  0 1
   236  0.1796185401858276E-07   4   1 0  1 0  0 1  0 1
   237  0.1354638421427719E-08   4   0 1  1 0  0 1  0 1
   238  0.1919891897213799E-07   4   0 0  2 0  0 1  0 1
   239  0.1354637394360395E-08   4   1 0  0 1  0 1  0 1
   240  0.1721619721453990E-09   4   0 1  0 1  0 1  0 1
   241  0.2882828450235308E-08   4   0 0  1 1  0 1  0 1
   242  0.1835892050442237E-09   4   0 0  0 2  0 1  0 1
   243  0.2817683457094601E-07   4   2 0  0 0  0 0  1 1
   244  0.5168615742303344E-08   4   1 1  0 0  0 0  1 1
   245  0.3003095534588933E-09   4   0 2  0 0  0 0  1 1
   246  0.8654333505280041E-08   4   1 0  1 0  0 0  1 1
   247  0.2033624038141959E-08   4   0 1  1 0  0 0  1 1
   248  -.2817683554387169E-07   4   0 0  2 0  0 0  1 1
   249  0.2033622802620617E-08   4   1 0  0 1  0 0  1 1
   250  0.1738725475754311E-09   4   0 1  0 1  0 0  1 1
   251  -.5168616193660143E-08   4   0 0  1 1  0 0  1 1
   252  -.3003095365293672E-09   4   0 0  0 2  0 0  1 1
   253  0.3876635781123874E-08   4   1 0  0 0  0 3  0 0
   254  -.3775380288965523E-04   4   0 1  0 0  0 3  0 0
   255  -.2059002621728628E-08   4   0 0  1 0  0 3  0 0
   256  -.7104455283998221E-04   4   0 0  0 1  0 3  0 0
   257  -.2329629716024416E-08   4   1 0  0 0  0 2  1 0
   258  -.1618780049345773E-04   4   0 1  0 0  0 2  1 0
   259  0.1237231490472884E-08   4   0 0  1 0  0 2  1 0
   260  -.3045862502328104E-04   4   0 0  0 1  0 2  1 0
   261  -.7831173381558289E-09   4   1 0  0 0  0 1  2 0
   262  -.9721464255843745E-05   4   0 1  0 0  0 1  2 0
   263  0.4151020470518003E-09   4   0 0  1 0  0 1  2 0
   264  -.1829170248848042E-04   4   0 0  0 1  0 1  2 0
   265  -.7661864201699680E-09   4   1 0  0 0  0 0  3 0
   266  -.5424480752380363E-05   4   0 1  0 0  0 0  3 0
   267  0.4069111971589950E-09   4   0 0  1 0  0 0  3 0
   268  -.1020660188833727E-04   4   0 0  0 1  0 0  3 0
   269  -.9489433073958827E-12   4   1 0  0 0  0 2  0 1
   270  -.7322595209726701E-13   4   0 1  0 0  0 2  0 1
   271  -.1815194300388596E-12   4   0 0  1 0  0 2  0 1
   272  -.1344222226686921E-13   4   0 0  0 1  0 2  0 1
   273  0.1018330949140606E-11   4   1 0  0 0  0 1  1 1
   274  0.8815516238175915E-13   4   0 1  0 0  0 1  1 1
   275  0.8099744951274417E-13   4   0 0  1 0  0 1  1 1
   276  0.4863512936643977E-14   4   0 0  0 1  0 1  1 1
   277  0.5050356396603931E-12   4   1 0  0 0  0 0  2 1
   278  0.4373491778154040E-13   4   0 1  0 0  0 0  2 1
   279  0.3999376620086951E-13   4   0 0  1 0  0 0  2 1
   280  0.2397204993305120E-14   4   0 0  0 1  0 0  2 1
   281  -.3550437843821085E-01   4   0 0  0 0  0 4  0 0
   282  0.2030571496615528E-01   4   0 0  0 0  0 3  1 0
   283  0.6104105067695102E-02   4   0 0  0 0  0 2  2 0
   284  0.4109357881002977E-02   4   0 0  0 0  0 1  3 0
   285  0.4985174517008347E-02   4   0 0  0 0  0 0  4 0
   ----------------------------------------------------
     I  COEFFICIENT            ORDER EXPONENTS
     1   1.000000000000000       1   0 0  0 0  0 1  0 0
     --------------------------------------------------
     I  COEFFICIENT            ORDER EXPONENTS
     1   1.000000000000000       1   0 0  0 0  0 0  1 0
     --------------------------------------------------
     I  COEFFICIENT            ORDER EXPONENTS
     1   1.000000000000000       1   0 0  0 0  0 0  0 1
     --------------------------------------------------
