     I  COEFFICIENT            ORDER EXPONENTS
     1  0.9755626963502469       1   1 0  0 0  0 0  0 0
     2   2.344151476191080       1   0 1  0 0  0 0  0 0
     3  0.1350859081644791       1   0 0  0 0  0 1  0 0
     4  -.1423051989401492       1   0 0  0 0  0 0  1 0
     5  0.7219290775670153E-02   1   0 0  0 0  0 0  0 1
     6  0.6289043628887303E-02   2   2 0  0 0  0 0  0 0
     7  0.2342309704876073       2   1 1  0 0  0 0  0 0
     8  0.1389288311140630       2   0 2  0 0  0 0  0 0
     9  -.9161468287747245E-02   2   0 0  2 0  0 0  0 0
    10  -.2698751425951034       2   0 0  1 1  0 0  0 0
    11  -.1544461089713159       2   0 0  0 2  0 0  0 0
    12  0.6238034573440906E-01   2   1 0  0 0  0 1  0 0
    13  -1.111584071162982       2   0 1  0 0  0 1  0 0
    14  -.1369243465950417E-01   2   1 0  0 0  0 0  1 0
    15  -1.191938507432737       2   0 1  0 0  0 0  1 0
    16  -.4868791107490487E-01   2   1 0  0 0  0 0  0 1
    17  -.4062889759536095E-01   2   0 1  0 0  0 0  0 1
    18  -.1692144802270448       2   0 0  0 0  0 2  0 0
    19  0.6912486985460781E-01   2   0 0  0 0  0 1  1 0
    20  0.1070982630727351       2   0 0  0 0  0 0  2 0
    21  0.1342181824350029       2   0 0  0 0  0 1  0 1
    22  -.1410161970599288       2   0 0  0 0  0 0  1 1
    23  -.2106380753721020E-03   2   0 0  0 0  0 0  0 2
    24  -.1612328556631468E-01   3   3 0  0 0  0 0  0 0
    25  0.1568605132744088E-01   3   2 1  0 0  0 0  0 0
    26  0.9002354579697183E-02   3   1 2  0 0  0 0  0 0
    27   1.167422121540579       3   0 3  0 0  0 0  0 0
    28  -.2372285204309906E-01   3   1 0  2 0  0 0  0 0
    29  -.1324407330456752E-02   3   0 1  2 0  0 0  0 0
    30  -.4439200527265476E-01   3   1 0  1 1  0 0  0 0
    31  -.6008047949283662E-01   3   0 1  1 1  0 0  0 0
    32  -.4535111009165063E-01   3   1 0  0 2  0 0  0 0
    33   1.076565362736841       3   0 1  0 2  0 0  0 0
    34  0.1205037672206408E-01   3   2 0  0 0  0 1  0 0
    35  -.3204738921336018       3   1 1  0 0  0 1  0 0
    36  -.5932649325501971E-01   3   0 2  0 0  0 1  0 0
    37  0.6336165886955274E-02   3   0 0  2 0  0 1  0 0
    38  0.4987507700223140       3   0 0  1 1  0 1  0 0
    39  0.5063660448002558       3   0 0  0 2  0 1  0 0
    40  -.6374538251651319E-02   3   2 0  0 0  0 0  1 0
    41  -.1258078847657777       3   1 1  0 0  0 0  1 0
    42  -.3560600627940028       3   0 2  0 0  0 0  1 0
    43  0.2994352559706717E-02   3   0 0  2 0  0 0  1 0
    44  0.3686441728930211E-01   3   0 0  1 1  0 0  1 0
    45  -.4362914707382465E-01   3   0 0  0 2  0 0  1 0
    46  -.5675838470412746E-02   3   2 0  0 0  0 0  0 1
    47  0.2120508064117718       3   1 1  0 0  0 0  0 1
    48  0.1375288938208968       3   0 2  0 0  0 0  0 1
    49  -.9330518446662014E-02   3   0 0  2 0  0 0  0 1
    50  -.2657400447165125       3   0 0  1 1  0 0  0 1
    51  -.1538446797837988       3   0 0  0 2  0 0  0 1
    52  -.1029713421434581       3   1 0  0 0  0 2  0 0
    53  0.7548014870759661       3   0 1  0 0  0 2  0 0
    54  0.1975698097008033E-01   3   1 0  0 0  0 1  1 0
    55  0.5682757322103882       3   0 1  0 0  0 1  1 0
    56  0.1047888791691889E-01   3   1 0  0 0  0 0  2 0
    57  0.9201406865648007       3   0 1  0 0  0 0  2 0
    58  0.1238053575824268       3   1 0  0 0  0 1  0 1
    59  0.1452894359636432       3   0 1  0 0  0 1  0 1
    60  -.2702232214441384E-01   3   1 0  0 0  0 0  1 1
    61  -.2468009047451586E-01   3   0 1  0 0  0 0  1 1
    62  -.2404756218155400E-01   3   1 0  0 0  0 0  0 2
    63  -.1967577514920298E-01   3   0 1  0 0  0 0  0 2
    64  0.1839536584790319       3   0 0  0 0  0 3  0 0
    65  -.4881620484719515E-01   3   0 0  0 0  0 2  1 0
    66  -.5189788224851993E-01   3   0 0  0 0  0 1  2 0
    67  -.8994621798822040E-01   3   0 0  0 0  0 0  3 0
    68  -.1646158101358108       3   0 0  0 0  0 2  0 1
    69  0.6317843448221447E-01   3   0 0  0 0  0 1  1 1
    70  0.1075400100677111       3   0 0  0 0  0 0  2 1
    71  -.1191589540299351E-02   3   0 0  0 0  0 1  0 2
    72  0.1886969751110615E-02   3   0 0  0 0  0 0  1 2
    73  -.9136802002233803E-04   3   0 0  0 0  0 0  0 3
    74  -4.098703316980161       4   4 0  0 0  0 0  0 0
    75  -12.14892744434716       4   3 1  0 0  0 0  0 0
    76  -21.52606297462101       4   2 2  0 0  0 0  0 0
    77  -19.28964630772472       4   1 3  0 0  0 0  0 0
    78  -7.147693541101397       4   0 4  0 0  0 0  0 0
    79   24.74290578961977       4   2 0  2 0  0 0  0 0
    80   36.94547818272053       4   1 1  2 0  0 0  0 0
    81   21.90595712806036       4   0 2  2 0  0 0  0 0
    82  -4.123306671563711       4   0 0  4 0  0 0  0 0
    83   36.77858640152793       4   2 0  1 1  0 0  0 0
    84   87.18793851342753       4   1 1  1 1  0 0  0 0
    85   58.33285786379197       4   0 2  1 1  0 0  0 0
    86  -12.26982344798518       4   0 0  3 1  0 0  0 0
    87   21.68570301316617       4   2 0  0 2  0 0  0 0
    88   59.09014005328640       4   1 1  0 2  0 0  0 0
    89   43.30342184748123       4   0 2  0 2  0 0  0 0
    90  -21.76260289658972       4   0 0  2 2  0 0  0 0
    91  -19.47107371032000       4   0 0  1 3  0 0  0 0
    92  -7.079178594482382       4   0 0  0 4  0 0  0 0
    93  -.3242301911850914       4   3 0  0 0  0 1  0 0
    94  -1.456882085003564       4   2 1  0 0  0 1  0 0
    95  -2.087989606056166       4   1 2  0 0  0 1  0 0
    96  -2.763765326954942       4   0 3  0 0  0 1  0 0
    97   1.140798084630713       4   1 0  2 0  0 1  0 0
    98   1.426287399597645       4   0 1  2 0  0 1  0 0
    99   2.983937301303188       4   1 0  1 1  0 1  0 0
   100   4.278076844872938       4   0 1  1 1  0 1  0 0
   101   2.232051396841414       4   1 0  0 2  0 1  0 0
   102   1.713915145655855       4   0 1  0 2  0 1  0 0
   103  0.3994690184999642       4   3 0  0 0  0 0  1 0
   104   1.578081877797809       4   2 1  0 0  0 0  1 0
   105   2.286790231852282       4   1 2  0 0  0 0  1 0
   106  -.5925958292853233       4   0 3  0 0  0 0  1 0
   107  -1.218035565652736       4   1 0  2 0  0 0  1 0
   108  -1.583938241210208       4   0 1  2 0  0 0  1 0
   109  -3.176053638499642       4   1 0  1 1  0 0  1 0
   110  -4.491591425536186       4   0 1  1 1  0 0  1 0
   111  -2.278822660985519       4   1 0  0 2  0 0  1 0
   112  -5.068555717976537       4   0 1  0 2  0 0  1 0
   113  -.7523882731487261E-01   4   3 0  0 0  0 0  0 1
   114  -.1368858441216849       4   2 1  0 0  0 0  0 1
   115  -.2168053349555111       4   1 2  0 0  0 0  0 1
   116  -.1459052083814723       4   0 3  0 0  0 0  0 1
   117  0.7723748102202144E-01   4   1 0  2 0  0 0  0 1
   118  0.1589752489430187       4   0 1  2 0  0 0  0 1
   119  0.2365083424691050       4   1 0  1 1  0 0  0 1
   120  0.3336755396489152       4   0 1  1 1  0 0  0 1
   121  0.1374734843274036       4   1 0  0 2  0 0  0 1
   122  0.1249444841101551       4   0 1  0 2  0 0  0 1
   123  -.5999870604820881E-01   4   2 0  0 0  0 2  0 0
   124  0.2695376656862139       4   1 1  0 0  0 2  0 0
   125  -.1521846659645594       4   0 2  0 0  0 2  0 0
   126  0.1853775674142956E-01   4   0 0  2 0  0 2  0 0
   127  -.5854615224239708       4   0 0  1 1  0 2  0 0
   128  -.8461259708478315       4   0 0  0 2  0 2  0 0
   129  0.6287648282961317E-01   4   2 0  0 0  0 1  1 0
   130  0.3401128724216894       4   1 1  0 0  0 1  1 0
   131  0.5075943917559919       4   0 2  0 0  0 1  1 0
   132  -.5601775994844221E-01   4   0 0  2 0  0 1  1 0
   133  -.3188780901255709       4   0 0  1 1  0 1  1 0
   134  -.3338564626721045       4   0 0  0 2  0 1  1 0
   135  -.2659295726397676E-01   4   2 0  0 0  0 0  2 0
   136  0.5546389556011833E-02   4   1 1  0 0  0 0  2 0
   137  0.4492177765217497       4   0 2  0 0  0 0  2 0
   138  0.2820368328237283E-01   4   0 0  2 0  0 0  2 0
   139  0.1099522466118532       4   0 0  1 1  0 0  2 0
   140  0.2565002079868299       4   0 0  0 2  0 0  2 0
   141  0.4507055254474028E-01   4   2 0  0 0  0 1  0 1
   142  -.2382404195269137       4   1 1  0 0  0 1  0 1
   143  -.2524558006181438E-01   4   0 2  0 0  0 1  0 1
   144  0.1260608057862781E-01   4   0 0  2 0  0 1  0 1
   145  0.4922995949288852       4   0 0  1 1  0 1  0 1
   146  0.5070102699670007       4   0 0  0 2  0 1  0 1
   147  -.3316030050008269E-02   4   2 0  0 0  0 0  1 1
   148  -.9958988200215826E-01   4   1 1  0 0  0 0  1 1
   149  -.3378497564174834       4   0 2  0 0  0 0  1 1
   150  -.3383959176010424E-02   4   0 0  2 0  0 0  1 1
   151  0.2524476232326131E-01   4   0 0  1 1  0 0  1 1
   152  -.4825651208008183E-01   4   0 0  0 2  0 0  1 1
   153  -.1803934201215968E-01   4   2 0  0 0  0 0  0 2
   154  -.4313565564723569E-01   4   1 1  0 0  0 0  0 2
   155  -.2474567249169552E-01   4   0 2  0 0  0 0  0 2
   156  0.5419852202227546E-04   4   0 0  2 0  0 0  0 2
   157  0.6967866090439270E-02   4   0 0  1 1  0 0  0 2
   158  0.1390140732238643E-02   4   0 0  0 2  0 0  0 2
   159  0.1423201791045886       4   1 0  0 0  0 3  0 0
   160  -.5457285782145211       4   0 1  0 0  0 3  0 0
   161  -.1982496119972063E-01   4   1 0  0 0  0 2  1 0
   162  -.3645739799415909       4   0 1  0 0  0 2  1 0
   163  -.1831051007572451E-01   4   1 0  0 0  0 1  2 0
   164  -.4623208633519875       4   0 1  0 0  0 1  2 0
   165  -.7632352632144534E-02   4   1 0  0 0  0 0  3 0
   166  -.7906211707737655       4   0 1  0 0  0 0  3 0
   167  -.2011928918271290       4   1 0  0 0  0 2  0 1
   168  -.2626447466427438       4   0 1  0 0  0 2  0 1
   169  0.3675698061072960E-01   4   1 0  0 0  0 1  1 1
   170  -.5103751004400608E-01   4   0 1  0 0  0 1  1 1
   171  0.2024979213832027E-01   4   1 0  0 0  0 0  2 1
   172  0.7376231597888387E-01   4   0 1  0 0  0 0  2 1
   173  0.5900904393933754E-01   4   1 0  0 0  0 1  0 2
   174  0.7022934771928252E-01   4   0 1  0 0  0 1  0 2
   175  -.1160596029927119E-01   4   1 0  0 0  0 0  1 2
   176  -.1122342524510708E-01   4   0 1  0 0  0 0  1 2
   177  0.2306802410141684E-03   4   1 0  0 0  0 0  0 3
   178  0.7134324477678020E-05   4   0 1  0 0  0 0  0 3
   179  -.1907186437597351       4   0 0  0 0  0 4  0 0
   180  0.3802842941669524E-01   4   0 0  0 0  0 3  1 0
   181  0.3544416447451947E-01   4   0 0  0 0  0 2  2 0
   182  0.4406601778505795E-01   4   0 0  0 0  0 1  3 0
   183  0.7949417037101890E-01   4   0 0  0 0  0 0  4 0
   184  0.1729851701851496       4   0 0  0 0  0 3  0 1
   185  -.3852500265753916E-01   4   0 0  0 0  0 2  1 1
   186  -.4739273555865311E-01   4   0 0  0 0  0 1  2 1
   187  -.9220404530447227E-01   4   0 0  0 0  0 0  3 1
   188  0.6708461254761326E-02   4   0 0  0 0  0 2  0 2
   189  -.8849913507129430E-02   4   0 0  0 0  0 1  1 2
   190  0.6924206344684392E-03   4   0 0  0 0  0 0  2 2
   191  -.3307467938317423E-03   4   0 0  0 0  0 1  0 3
   192  0.6013876616202951E-03   4   0 0  0 0  0 0  1 3
   193  0.8657980698878584E-06   4   0 0  0 0  0 0  0 4
   ----------------------------------------------------
     I  COEFFICIENT            ORDER EXPONENTS
     1  -.2090013274909050E-01   1   1 0  0 0  0 0  0 0
     2  0.9748291181299927       1   0 1  0 0  0 0  0 0
     3  0.1137919758621776       1   0 0  0 0  0 1  0 0
     4  -.1198895417670604       1   0 0  0 0  0 0  1 0
     5  0.6097565904882783E-02   1   0 0  0 0  0 0  0 1
     6  0.7181425833957052E-02   2   2 0  0 0  0 0  0 0
     7  0.1692536616562934E-01   2   1 1  0 0  0 0  0 0
     8  -.9966904796093075E-01   2   0 2  0 0  0 0  0 0
     9  -.7701460087271416E-02   2   0 0  2 0  0 0  0 0
    10  -.1551845741375202E-01   2   0 0  1 1  0 0  0 0
    11  0.1203549087354705       2   0 0  0 2  0 0  0 0
    12  0.3204061974874266E-01   2   1 0  0 0  0 1  0 0
    13  0.3847025255338446E-01   2   0 1  0 0  0 1  0 0
    14  -.1121576084080603E-01   2   1 0  0 0  0 0  1 0
    15  0.1226780682724660E-01   2   0 1  0 0  0 0  1 0
    16  -.4172499165702713E-01   2   1 0  0 0  0 0  0 1
    17  -.5073805938063106E-01   2   0 1  0 0  0 0  0 1
    18  -.8564465786443884E-01   2   0 0  0 0  0 2  0 0
    19  0.5610384225407770E-01   2   0 0  0 0  0 1  1 0
    20  0.2932256647047649E-01   2   0 0  0 0  0 0  2 0
    21  0.1151854734747999       2   0 0  0 0  0 1  0 1
    22  -.1147489751950307       2   0 0  0 0  0 0  1 1
    23  -.2182491398846425E-03   2   0 0  0 0  0 0  0 2
    24  -.8285586454134065E-02   3   3 0  0 0  0 0  0 0
    25  -.8499883232750544E-02   3   2 1  0 0  0 0  0 0
    26  -.3296079663583278E-01   3   1 2  0 0  0 0  0 0
    27  -.3684871355953828E-01   3   0 3  0 0  0 0  0 0
    28  -.3793658685650042E-01   3   1 0  2 0  0 0  0 0
    29  -.6300440467814500E-01   3   0 1  2 0  0 0  0 0
    30  -.1320092096382078       3   1 0  1 1  0 0  0 0
    31  -.2590938547923375       3   0 1  1 1  0 0  0 0
    32  -.1622837264377485       3   1 0  0 2  0 0  0 0
    33  -.3006172158067646       3   0 1  0 2  0 0  0 0
    34  0.6526423812284926E-02   3   2 0  0 0  0 1  0 0
    35  0.3896601054509573E-02   3   1 1  0 0  0 1  0 0
    36  0.1627440184756998       3   0 2  0 0  0 1  0 0
    37  -.1812248825710565E-02   3   0 0  2 0  0 1  0 0
    38  -.9906182369773212E-02   3   0 0  1 1  0 1  0 0
    39  -.1933734365448462       3   0 0  0 2  0 1  0 0
    40  -.1967701879534723E-03   3   2 0  0 0  0 0  1 0
    41  -.5672845402051512E-02   3   1 1  0 0  0 0  1 0
    42  0.4886066319793651E-01   3   0 2  0 0  0 0  1 0
    43  0.2076354198839638E-02   3   0 0  2 0  0 0  1 0
    44  0.2106212817306823E-01   3   0 0  1 1  0 0  1 0
    45  -.4481115380554966E-01   3   0 0  0 2  0 0  1 0
    46  0.8517722096256006E-03   3   2 0  0 0  0 0  0 1
    47  0.1776244347541944E-02   3   1 1  0 0  0 0  0 1
    48  -.1119356337127055       3   0 2  0 0  0 0  0 1
    49  -.7965565460400495E-02   3   0 0  2 0  0 0  0 1
    50  -.1115594580329501E-01   3   0 0  1 1  0 0  0 1
    51  0.1178296816149254       3   0 0  0 2  0 0  0 1
    52  -.3947902676637758E-01   3   1 0  0 0  0 2  0 0
    53  -.4710762093232355E-01   3   0 1  0 0  0 2  0 0
    54  0.1599997811714304E-01   3   1 0  0 0  0 1  1 0
    55  -.2008282227684330E-01   3   0 1  0 0  0 1  1 0
    56  0.3085969155821816E-02   3   1 0  0 0  0 0  2 0
    57  -.8893057375732066E-02   3   0 1  0 0  0 0  2 0
    58  0.6295807541561216E-01   3   1 0  0 0  0 1  0 1
    59  0.7582781158810589E-01   3   0 1  0 0  0 1  0 1
    60  -.2217191642878665E-01   3   1 0  0 0  0 0  1 1
    61  0.2560113020106080E-01   3   0 1  0 0  0 0  1 1
    62  -.2039307949341273E-01   3   1 0  0 0  0 0  0 2
    63  -.2534544120426787E-01   3   0 1  0 0  0 0  0 2
    64  0.7004445245733157E-01   3   0 0  0 0  0 3  0 0
    65  -.4209498621331752E-01   3   0 0  0 0  0 2  1 0
    66  -.1328333719521717E-01   3   0 0  0 0  0 1  2 0
    67  -.1434661546722192E-01   3   0 0  0 0  0 0  3 0
    68  -.8239371329423836E-01   3   0 0  0 0  0 2  0 1
    69  0.5465280456299164E-01   3   0 0  0 0  0 1  1 1
    70  0.2700061712640642E-01   3   0 0  0 0  0 0  2 1
    71  -.2525425724657457E-02   3   0 0  0 0  0 1  0 2
    72  0.3047468189613104E-02   3   0 0  0 0  0 0  1 2
    73  -.1012644416903134E-03   3   0 0  0 0  0 0  0 3
    74  -3.389556359874960       4   4 0  0 0  0 0  0 0
    75  -15.94069762725334       4   3 1  0 0  0 0  0 0
    76  -38.79338936203489       4   2 2  0 0  0 0  0 0
    77  -47.36962984906571       4   1 3  0 0  0 0  0 0
    78  -23.46392539209950       4   0 4  0 0  0 0  0 0
    79   20.65021190840359       4   2 0  2 0  0 0  0 0
    80   49.00814578885806       4   1 1  2 0  0 0  0 0
    81   39.96516300165756       4   0 2  2 0  0 0  0 0
    82  -3.474254498451551       4   0 0  4 0  0 0  0 0
    83   48.61571966200360       4   2 0  1 1  0 0  0 0
    84   158.2649597886509       4   1 1  1 1  0 0  0 0
    85   145.3338925774907       4   0 2  1 1  0 0  0 0
    86  -16.50040660035280       4   0 0  3 1  0 0  0 0
    87   39.19749275894450       4   2 0  0 2  0 0  0 0
    88   143.7179292103908       4   1 1  0 2  0 0  0 0
    89   142.1975059235703       4   0 2  0 2  0 0  0 0
    90  -40.17786049812695       4   0 0  2 2  0 0  0 0
    91  -48.87458474524722       4   0 0  1 3  0 0  0 0
    92  -23.94566982312475       4   0 0  0 4  0 0  0 0
    93  -.6136756563456532       4   3 0  0 0  0 1  0 0
    94  -3.391343729508213       4   2 1  0 0  0 1  0 0
    95  -6.635623984639214       4   1 2  0 0  0 1  0 0
    96  -4.555261652223555       4   0 3  0 0  0 1  0 0
    97   1.990071270327031       4   1 0  2 0  0 1  0 0
    98   3.651464663455208       4   0 1  2 0  0 1  0 0
    99   7.229330706311432       4   1 0  1 1  0 1  0 0
   100   14.43263372247579       4   0 1  1 1  0 1  0 0
   101   7.200383312426777       4   1 0  0 2  0 1  0 0
   102   15.04698713738490       4   0 1  0 2  0 1  0 0
   103  0.6800179180938427       4   3 0  0 0  0 0  1 0
   104   3.699698258163904       4   2 1  0 0  0 0  1 0
   105   7.266402686443031       4   1 2  0 0  0 0  1 0
   106   5.049482622294640       4   0 3  0 0  0 0  1 0
   107  -2.130364891944779       4   1 0  2 0  0 0  1 0
   108  -3.823037528890752       4   0 1  2 0  0 0  1 0
   109  -7.559924727704423       4   1 0  1 1  0 0  1 0
   110  -14.74213900004036       4   0 1  1 1  0 0  1 0
   111  -7.254097034652871       4   1 0  0 2  0 0  1 0
   112  -14.89871654514659       4   0 1  0 2  0 0  1 0
   113  -.7462784820232377E-01   4   3 0  0 0  0 0  0 1
   114  -.3083545286556901       4   2 1  0 0  0 0  0 1
   115  -.5978179051679871       4   1 2  0 0  0 0  0 1
   116  -.4205235429520079       4   0 3  0 0  0 0  0 1
   117  0.1023570347612469       4   1 0  2 0  0 0  0 1
   118  0.1715728654355426       4   0 1  2 0  0 0  0 1
   119  0.3305940213929874       4   1 0  1 1  0 0  0 1
   120  0.5685991323569106       4   0 1  1 1  0 0  0 1
   121  0.2159974486638433       4   1 0  0 2  0 0  0 1
   122  0.4529638393752092       4   0 1  0 2  0 0  0 1
   123  -.9262419044351280E-01   4   2 0  0 0  0 2  0 0
   124  -.3535653617366087       4   1 1  0 0  0 2  0 0
   125  -.5683885515173819       4   0 2  0 0  0 2  0 0
   126  0.9066722141618176E-01   4   0 0  2 0  0 2  0 0
   127  0.3929609434114005       4   0 0  1 1  0 2  0 0
   128  0.6473891218492409       4   0 0  0 2  0 2  0 0
   129  0.1765173441213060       4   2 0  0 0  0 1  1 0
   130  0.7121463063761770       4   1 1  0 0  0 1  1 0
   131  0.6799271811709747       4   0 2  0 0  0 1  1 0
   132  -.1869800360708535       4   0 0  2 0  0 1  1 0
   133  -.7754908652526494       4   0 0  1 1  0 1  1 0
   134  -.7337300865960118       4   0 0  0 2  0 1  1 0
   135  -.9370451276353618E-01   4   2 0  0 0  0 0  2 0
   136  -.3810640564191931       4   1 1  0 0  0 0  2 0
   137  -.4506234951298557       4   0 2  0 0  0 0  2 0
   138  0.9636630505491836E-01   4   0 0  2 0  0 0  2 0
   139  0.3794469302732564       4   0 0  1 1  0 0  2 0
   140  0.4446610129748492       4   0 0  0 2  0 0  2 0
   141  0.8731036765719640E-02   4   2 0  0 0  0 1  0 1
   142  -.8912183957468990E-02   4   1 1  0 0  0 1  0 1
   143  0.1313618849123893       4   0 2  0 0  0 1  0 1
   144  0.5645593238489945E-02   4   0 0  2 0  0 1  0 1
   145  -.5248392003785730E-03   4   0 0  1 1  0 1  0 1
   146  -.1743012840127775       4   0 0  0 2  0 1  0 1
   147  0.1089168140576630E-01   4   2 0  0 0  0 0  1 1
   148  0.5565465186426047E-01   4   1 1  0 0  0 0  1 1
   149  0.1235984826928636       4   0 2  0 0  0 0  1 1
   150  -.5752574038983109E-02   4   0 0  2 0  0 0  1 1
   151  -.4465123466931964E-02   4   0 0  1 1  0 0  1 1
   152  -.6596963174258649E-01   4   0 0  0 2  0 0  1 1
   153  -.9811359085742976E-02   4   2 0  0 0  0 0  0 2
   154  -.2425935612716668E-01   4   1 1  0 0  0 0  0 2
   155  -.1554455008992091E-01   4   0 2  0 0  0 0  0 2
   156  0.5349040024657147E-04   4   0 0  2 0  0 0  0 2
   157  0.8072954235302798E-02   4   0 0  1 1  0 0  0 2
   158  0.2305776262756516E-02   4   0 0  0 2  0 0  0 2
   159  0.3919401040398563E-01   4   1 0  0 0  0 3  0 0
   160  0.4050291230426913E-01   4   0 1  0 0  0 3  0 0
   161  -.1163162177013920E-02   4   1 0  0 0  0 2  1 0
   162  0.6595514865520569E-01   4   0 1  0 0  0 2  1 0
   163  -.2356318379406774E-01   4   1 0  0 0  0 1  2 0
   164  -.2817070439857598E-01   4   0 1  0 0  0 1  2 0
   165  0.5358780398603623E-02   4   1 0  0 0  0 0  3 0
   166  0.2283547346021836E-01   4   0 1  0 0  0 0  3 0
   167  -.7693984226856540E-01   4   1 0  0 0  0 2  0 1
   168  -.9324864370336607E-01   4   0 1  0 0  0 2  0 1
   169  0.3345271382502032E-01   4   1 0  0 0  0 1  1 1
   170  -.3540324395957283E-01   4   0 1  0 0  0 1  1 1
   171  0.4400873442435071E-02   4   1 0  0 0  0 0  2 1
   172  -.2254960123061500E-01   4   0 1  0 0  0 0  2 1
   173  0.2873444764824922E-01   4   1 0  0 0  0 1  0 2
   174  0.3512245409504656E-01   4   0 1  0 0  0 1  0 2
   175  -.1004127214055189E-01   4   1 0  0 0  0 0  1 2
   176  0.1465009300934058E-01   4   0 1  0 0  0 0  1 2
   177  0.5666346619052159E-03   4   1 0  0 0  0 0  0 3
   178  0.3061117680495320E-03   4   0 1  0 0  0 0  0 3
   179  -.5986912922836780E-01   4   0 0  0 0  0 4  0 0
   180  0.3545225078452825E-01   4   0 0  0 0  0 3  1 0
   181  0.8343268687556589E-02   4   0 0  0 0  0 2  2 0
   182  0.7105939519508217E-02   4   0 0  0 0  0 1  3 0
   183  0.8548965195623303E-02   4   0 0  0 0  0 0  4 0
   184  0.6393536121427991E-01   4   0 0  0 0  0 3  0 1
   185  -.3885331730206291E-01   4   0 0  0 0  0 2  1 1
   186  -.1143768154320356E-01   4   0 0  0 0  0 1  2 1
   187  -.1260856936755757E-01   4   0 0  0 0  0 0  3 1
   188  0.5917330123849958E-02   4   0 0  0 0  0 2  0 2
   189  -.4361805717725189E-02   4   0 0  0 0  0 1  1 2
   190  -.2368922303468267E-02   4   0 0  0 0  0 0  2 2
   191  -.8073343602200038E-03   4   0 0  0 0  0 1  0 3
   192  0.1001571315145248E-02   4   0 0  0 0  0 0  1 3
   193  0.2072982113937942E-05   4   0 0  0 0  0 0  0 4
   ----------------------------------------------------
     I  COEFFICIENT            ORDER EXPONENTS
     1   1.000059830300146       1   0 0  1 0  0 0  0 0
     2   2.364907019259659       1   0 0  0 1  0 0  0 0
     3  -.2217376877621310E-01   2   1 0  1 0  0 0  0 0
     4  -.2487247070919563       2   0 1  1 0  0 0  0 0
     5  -.2566843484099978       2   1 0  0 1  0 0  0 0
     6  -.3045668754266130       2   0 1  0 1  0 0  0 0
     7  -.1345627946665309E-01   2   0 0  1 0  0 1  0 0
     8  -1.206741981536589       2   0 0  0 1  0 1  0 0
     9  0.1423127442182780E-01   2   0 0  1 0  0 0  1 0
    10  -1.156881725899811       2   0 0  0 1  0 0  1 0
    11  -.7749949551747151E-03   2   0 0  1 0  0 0  0 1
    12  -.1283311823257454E-02   2   0 0  0 1  0 0  0 1
    13  -.2323649585349864E-01   3   2 0  1 0  0 0  0 0
    14  -.4406356353282705E-01   3   1 1  1 0  0 0  0 0
    15  -.2294959432478877E-01   3   0 2  1 0  0 0  0 0
    16  -.1636198556486591E-01   3   0 0  3 0  0 0  0 0
    17  0.1109700727361841E-01   3   2 0  0 1  0 0  0 0
    18  -.5446151287802958E-01   3   1 1  0 1  0 0  0 0
    19   1.108179065855606       3   0 2  0 1  0 0  0 0
    20  0.1212753894563381E-01   3   0 0  2 1  0 0  0 0
    21  0.4439791812010611E-01   3   0 0  1 2  0 0  0 0
    22   1.204933517952511       3   0 0  0 3  0 0  0 0
    23  0.4912509045598752E-02   3   1 0  1 0  0 1  0 0
    24  0.4786322704528812       3   0 1  1 0  0 1  0 0
    25  0.3593478482064643       3   1 0  0 1  0 1  0 0
    26  0.7121881995519461       3   0 1  0 1  0 1  0 0
    27  0.1263344399474569E-01   3   1 0  1 0  0 0  1 0
    28  0.1489725001893220E-01   3   0 1  1 0  0 0  1 0
    29  0.1397470429460096       3   1 0  0 1  0 0  1 0
    30  0.1797557511846597       3   0 1  0 1  0 0  1 0
    31  -.1754595304034463E-01   3   1 0  1 0  0 0  0 1
    32  -.2448048133798570       3   0 1  1 0  0 0  0 1
    33  -.2424105427424763       3   1 0  0 1  0 0  0 1
    34  -.2828101998833797       3   0 1  0 1  0 0  0 1
    35  0.3097331543302522E-01   3   0 0  1 0  0 2  0 0
    36  0.9544930538789465       3   0 0  0 1  0 2  0 0
    37  -.2253163929215758E-01   3   0 0  1 0  0 1  1 0
    38  0.5464290081707319       3   0 0  0 1  0 1  1 0
    39  -.1003087742660368E-01   3   0 0  1 0  0 0  2 0
    40  0.8603026207459918       3   0 0  0 1  0 0  2 0
    41  -.2595871210723977E-01   3   0 0  1 0  0 1  0 1
    42  -.4193115285544648E-01   3   0 0  0 1  0 1  0 1
    43  0.2836211972353712E-01   3   0 0  1 0  0 0  1 1
    44  0.4672920213690619E-01   3   0 0  0 1  0 0  1 1
    45  -.8142063305612989E-03   3   0 0  1 0  0 0  0 2
    46  -.1115712817472588E-02   3   0 0  0 1  0 0  0 2
    47   16.51788941701349       4   3 0  1 0  0 0  0 0
    48   36.78465835228007       4   2 1  1 0  0 0  0 0
    49   43.51599988719630       4   1 2  1 0  0 0  0 0
    50   19.39669873405983       4   0 3  1 0  0 0  0 0
    51  -16.64274020178611       4   1 0  3 0  0 0  0 0
    52  -12.42301968232969       4   0 1  3 0  0 0  0 0
    53   12.20848026083156       4   3 0  0 1  0 0  0 0
    54   43.29727091350951       4   2 1  0 1  0 0  0 0
    55   58.89832470556397       4   1 2  0 1  0 0  0 0
    56   29.03928675591899       4   0 3  0 1  0 0  0 0
    57  -37.13357774527666       4   1 0  2 1  0 0  0 0
    58  -44.06928723664500       4   0 1  2 1  0 0  0 0
    59  -43.86335723412647       4   1 0  1 2  0 0  0 0
    60  -59.38548717280415       4   0 1  1 2  0 0  0 0
    61  -20.07919382753923       4   1 0  0 3  0 0  0 0
    62  -29.34282928158717       4   0 1  0 3  0 0  0 0
    63   1.132726576268158       4   2 0  1 0  0 1  0 0
    64   2.977114446729080       4   1 1  1 0  0 1  0 0
    65   2.125625688418134       4   0 2  1 0  0 1  0 0
    66  -.3335344004456365       4   0 0  3 0  0 1  0 0
    67   1.408596510688271       4   2 0  0 1  0 1  0 0
    68   4.413205693597030       4   1 1  0 1  0 1  0 0
    69   1.683742787139479       4   0 2  0 1  0 1  0 0
    70  -1.483296626880519       4   0 0  2 1  0 1  0 0
    71  -2.259621634099231       4   0 0  1 2  0 1  0 0
    72  -2.926538374995144       4   0 0  0 3  0 1  0 0
    73  -1.211366682620648       4   2 0  1 0  0 0  1 0
    74  -3.169129313070961       4   1 1  1 0  0 0  1 0
    75  -2.260562280467089       4   0 2  1 0  0 0  1 0
    76  0.4080551944202346       4   0 0  3 0  0 0  1 0
    77  -1.603927513337888       4   2 0  0 1  0 0  1 0
    78  -4.655028645342464       4   1 1  0 1  0 0  1 0
    79  -5.202412728462791       4   0 2  0 1  0 0  1 0
    80   1.609858687384647       4   0 0  2 1  0 0  1 0
    81   2.312386428887610       4   0 0  1 2  0 0  1 0
    82  -.6198064389143867       4   0 0  0 3  0 0  1 0
    83  0.7864010635248976E-01   4   2 0  1 0  0 0  0 1
    84  0.2360784298747073       4   1 1  1 0  0 0  0 1
    85  0.1808357806985319       4   0 2  1 0  0 0  0 1
    86  -.7452079397459785E-01   4   0 0  3 0  0 0  0 1
    87  0.1842339953759983       4   2 0  0 1  0 0  0 1
    88  0.3507459775015010       4   1 1  0 1  0 0  0 1
    89  0.1941327437564824       4   0 2  0 1  0 0  0 1
    90  -.1386895994497620       4   0 0  2 1  0 0  0 1
    91  -.1415606310285914       4   0 0  1 2  0 0  0 1
    92  -.6845573994800158E-01   4   0 0  0 3  0 0  0 1
    93  0.6237779838970689E-01   4   1 0  1 0  0 2  0 0
    94  -.5666966094794930       4   0 1  1 0  0 2  0 0
    95  -.3400499646233509       4   1 0  0 1  0 2  0 0
    96  -1.006103335744412       4   0 1  0 1  0 2  0 0
    97  -.1255161852116996       4   1 0  1 0  0 1  1 0
    98  -.2984638625687310       4   0 1  1 0  0 1  1 0
    99  -.3745533655176229       4   1 0  0 1  0 1  1 0
   100  -.7991436074861038       4   0 1  0 1  0 1  1 0
   101  0.5308405765868635E-01   4   1 0  1 0  0 0  2 0
   102  0.1334888059491119       4   0 1  1 0  0 0  2 0
   103  -.1405817624613503E-01   4   1 0  0 1  0 0  2 0
   104  0.5473388505051158E-01   4   0 1  0 1  0 0  2 0
   105  -.4151920613312779E-02   4   1 0  1 0  0 1  0 1
   106  0.4745925406219546       4   0 1  1 0  0 1  0 1
   107  0.3359575983513973       4   1 0  0 1  0 1  0 1
   108  0.6747856803190887       4   0 1  0 1  0 1  0 1
   109  0.6714625899581309E-02   4   1 0  1 0  0 0  1 1
   110  0.1691750632642604E-02   4   0 1  1 0  0 0  1 1
   111  0.1231756321178744       4   1 0  0 1  0 0  1 1
   112  0.1504085838311007       4   0 1  0 1  0 0  1 1
   113  0.7491623877038017E-02   4   1 0  1 0  0 0  0 2
   114  0.6662667752558586E-02   4   0 1  1 0  0 0  0 2
   115  0.1284392750784050E-01   4   1 0  0 1  0 0  0 2
   116  0.1161816774997546E-01   4   0 1  0 1  0 0  0 2
   117  -.4939095385000261E-01   4   0 0  1 0  0 3  0 0
   118  -.8682361966057472       4   0 0  0 1  0 3  0 0
   119  0.2542223902478438E-01   4   0 0  1 0  0 2  1 0
   120  -.3876776402035345       4   0 0  0 1  0 2  1 0
   121  0.1956975959867953E-01   4   0 0  1 0  0 1  2 0
   122  -.3854484601209511       4   0 0  0 1  0 1  2 0
   123  0.6771735527291307E-02   4   0 0  1 0  0 0  3 0
   124  -.7164007728537101       4   0 0  0 1  0 0  3 0
   125  0.6080399165917305E-01   4   0 0  1 0  0 2  0 1
   126  0.1289070683839387       4   0 0  0 1  0 2  0 1
   127  -.4492071866261261E-01   4   0 0  1 0  0 1  1 1
   128  -.9303482386322366E-01   4   0 0  0 1  0 1  1 1
   129  -.1982321132734605E-01   4   0 0  1 0  0 0  2 1
   130  -.4625708355589248E-01   4   0 0  0 1  0 0  2 1
   131  -.1238492022062703E-01   4   0 0  1 0  0 1  0 2
   132  -.1949292716915687E-01   4   0 0  0 1  0 1  0 2
   133  0.1392145093511519E-01   4   0 0  1 0  0 0  1 2
   134  0.2268069228214509E-01   4   0 0  0 1  0 0  1 2
   135  0.3062731554511470E-04   4   0 0  1 0  0 0  0 3
   136  0.5312444647633374E-04   4   0 0  0 1  0 0  0 3
   ----------------------------------------------------
     I  COEFFICIENT            ORDER EXPONENTS
     1  -.4695993193526306E-04   1   0 0  1 0  0 0  0 0
     2  0.9998291240507555       1   0 0  0 1  0 0  0 0
     3  -.2066201092150302E-01   2   1 0  1 0  0 0  0 0
     4  -.2446627811513345E-01   2   0 1  1 0  0 0  0 0
     5  -.2668010468965543E-01   2   1 0  0 1  0 0  0 0
     6  0.1908246185174324       2   0 1  0 1  0 0  0 0
     7  -.7489556200370763E-03   2   0 0  1 0  0 1  0 0
     8  0.1173873589841054E-01   2   0 0  0 1  0 1  0 0
     9  0.8824154873857205E-03   2   0 0  1 0  0 0  1 0
    10  -.1208696180562202E-01   2   0 0  0 1  0 0  1 0
    11  -.1804197992839086E-03   2   0 0  1 0  0 0  0 1
    12  0.3482259072114879E-03   2   0 0  0 1  0 0  0 1
    13  -.3721633494075553E-01   3   2 0  1 0  0 0  0 0
    14  -.1298293062082843       3   1 1  1 0  0 0  0 0
    15  -.1476490213094616       3   0 2  1 0  0 0  0 0
    16  -.8880626693733195E-02   3   0 0  3 0  0 0  0 0
    17  -.6006555747395370E-01   3   2 0  0 1  0 0  0 0
    18  -.2527921467838149       3   1 1  0 1  0 0  0 0
    19  -.2713519238125060       3   0 2  0 1  0 0  0 0
    20  -.9618094531325679E-02   3   0 0  2 1  0 0  0 0
    21  -.3074649504707443E-01   3   0 0  1 2  0 0  0 0
    22  -.1881523642539605E-01   3   0 0  0 3  0 0  0 0
    23  -.4136099906924616E-02   3   1 0  1 0  0 1  0 0
    24  -.9184482121736177E-04   3   0 1  1 0  0 1  0 0
    25  0.1031658474479196E-01   3   1 0  0 1  0 1  0 0
    26  -.4435345006285558       3   0 1  0 1  0 1  0 0
    27  0.4405733159040696E-02   3   1 0  1 0  0 0  1 0
    28  0.2544345681908877E-01   3   0 1  1 0  0 0  1 0
    29  0.2156869006319799E-01   3   1 0  0 1  0 0  1 0
    30  0.6757805263268400E-01   3   0 1  0 1  0 0  1 0
    31  -.2093164417361922E-01   3   1 0  1 0  0 0  0 1
    32  -.2535161199787158E-01   3   0 1  1 0  0 0  0 1
    33  -.3188527480798998E-01   3   1 0  0 1  0 0  0 1
    34  0.1851318294784391       3   0 1  0 1  0 0  0 1
    35  -.4569133258526703E-02   3   0 0  1 0  0 2  0 0
    36  -.4075422684475352E-01   3   0 0  0 1  0 2  0 0
    37  0.1083031991424163E-01   3   0 0  1 0  0 1  1 0
    38  0.4758388408448290E-01   3   0 0  0 1  0 1  1 0
    39  -.6395549262151819E-02   3   0 0  1 0  0 0  2 0
    40  -.5984595125203348E-02   3   0 0  0 1  0 0  2 0
    41  -.1692053397188243E-02   3   0 0  1 0  0 1  0 1
    42  0.2218583370661359E-01   3   0 0  0 1  0 1  0 1
    43  0.1960778610062021E-02   3   0 0  1 0  0 0  1 1
    44  -.2352773202845414E-01   3   0 0  0 1  0 0  1 1
    45  -.1343626064368849E-03   3   0 0  1 0  0 0  0 2
    46  0.4968362073145460E-03   3   0 0  0 1  0 0  0 2
    47   13.77356036747853       4   3 0  1 0  0 0  0 0
    48   48.56006599214689       4   2 1  1 0  0 0  0 0
    49   78.82761802844789       4   1 2  1 0  0 0  0 0
    50   48.17041497143344       4   0 3  1 0  0 0  0 0
    51  -14.00899171739880       4   1 0  3 0  0 0  0 0
    52  -16.61993137553909       4   0 1  3 0  0 0  0 0
    53   16.06395999759064       4   3 0  0 1  0 0  0 0
    54   78.08319033185725       4   2 1  0 1  0 0  0 0
    55   142.8948875614159       4   1 2  0 1  0 0  0 0
    56   94.47289556088134       4   0 3  0 1  0 0  0 0
    57  -49.44319326336650       4   1 0  2 1  0 0  0 0
    58  -80.59995974183397       4   0 1  2 1  0 0  0 0
    59  -79.77943622449726       4   1 0  1 2  0 0  0 0
    60  -146.5525400579425       4   0 1  1 2  0 0  0 0
    61  -48.30168030320328       4   1 0  0 3  0 0  0 0
    62  -95.80907293751157       4   0 1  0 3  0 0  0 0
    63   1.962613119195391       4   2 0  1 0  0 1  0 0
    64   7.184600854914323       4   1 1  1 0  0 1  0 0
    65   7.233674231551137       4   0 2  1 0  0 1  0 0
    66  -.6422490676101271       4   0 0  3 0  0 1  0 0
    67   3.546949516018927       4   2 0  0 1  0 1  0 0
    68   14.14942016613190       4   1 1  0 1  0 1  0 0
    69   14.93564469924322       4   0 2  0 1  0 1  0 0
    70  -3.530982577304890       4   0 0  2 1  0 1  0 0
    71  -6.868259068645818       4   0 0  1 2  0 1  0 0
    72  -4.722148209636086       4   0 0  0 3  0 1  0 0
    73  -2.102766316498827       4   2 0  1 0  0 0  1 0
    74  -7.518055947700968       4   1 1  1 0  0 0  1 0
    75  -7.332819314851537       4   0 2  1 0  0 0  1 0
    76  0.7109838787225413       4   0 0  3 0  0 0  1 0
    77  -3.720953562621938       4   2 0  0 1  0 0  1 0
    78  -14.46677346016588       4   1 1  0 1  0 0  1 0
    79  -14.90293090939201       4   0 2  0 1  0 0  1 0
    80   3.849313972762872       4   0 0  2 1  0 0  1 0
    81   7.504845553115657       4   0 0  1 2  0 0  1 0
    82   5.150986267266962       4   0 0  0 3  0 0  1 0
    83  0.1029368623626805       4   2 0  1 0  0 0  0 1
    84  0.3334550927866448       4   1 1  1 0  0 0  0 1
    85  0.2467941046098597       4   0 2  1 0  0 0  0 1
    86  -.7761543780614784E-01   4   0 0  3 0  0 0  0 1
    87  0.1740040466030090       4   2 0  0 1  0 0  0 1
    88  0.5701454408177908       4   1 1  0 1  0 0  0 1
    89  0.5099900577738095       4   0 2  0 1  0 0  0 1
    90  -.3183313954579818       4   0 0  2 1  0 0  0 1
    91  -.6058399894227622       4   0 0  1 2  0 0  0 1
    92  -.3912075847800833       4   0 0  0 3  0 0  0 1
    93  0.1789105611813956       4   1 0  1 0  0 2  0 0
    94  0.3789935492144308       4   0 1  1 0  0 2  0 0
    95  0.3469119169059914       4   1 0  0 1  0 2  0 0
    96   1.412829229523976       4   0 1  0 1  0 2  0 0
    97  -.3674580882161945       4   1 0  1 0  0 1  1 0
    98  -.7805600918548138       4   0 1  1 0  0 1  1 0
    99  -.7573275848225013       4   1 0  0 1  0 1  1 0
   100  -1.565212636356349       4   0 1  0 1  0 1  1 0
   101  0.1890401441847937       4   1 0  1 0  0 0  2 0
   102  0.3763968924834037       4   0 1  1 0  0 0  2 0
   103  0.3723036443096913       4   1 0  0 1  0 0  2 0
   104  0.7078997136497610       4   0 1  0 1  0 0  2 0
   105  0.9636965853403177E-02   4   1 0  1 0  0 1  0 1
   106  0.2266483824716902E-01   4   0 1  1 0  0 1  0 1
   107  0.5318716626572628E-01   4   1 0  0 1  0 1  0 1
   108  -.3733768214344902       4   0 1  0 1  0 1  0 1
   109  -.1062220015339306E-01   4   1 0  1 0  0 0  1 1
   110  0.2322850068917161E-02   4   0 1  1 0  0 0  1 1
   111  -.8848393860078909E-02   4   1 0  0 1  0 0  1 1
   112  0.1425710379146092E-01   4   0 1  0 1  0 0  1 1
   113  0.4926171499949404E-03   4   1 0  1 0  0 0  0 2
   114  0.1819618408926751E-03   4   0 1  1 0  0 0  0 2
   115  -.6226748798828619E-02   4   1 0  0 1  0 0  0 2
   116  -.5571970656924471E-02   4   0 1  0 1  0 0  0 2
   117  0.1677717576871006E-01   4   0 0  1 0  0 3  0 0
   118  0.9298108823862436E-01   4   0 0  0 1  0 3  0 0
   119  -.3733620215252133E-01   4   0 0  1 0  0 2  1 0
   120  -.1191804992931469       4   0 0  0 1  0 2  1 0
   121  0.2170149269296783E-01   4   0 0  1 0  0 1  2 0
   122  0.2588607725471711E-01   4   0 0  0 1  0 1  2 0
   123  -.1008290883261282E-02   4   0 0  1 0  0 0  3 0
   124  -.9994266522420337E-03   4   0 0  0 1  0 0  3 0
   125  -.8426191895082168E-02   4   0 0  1 0  0 2  0 1
   126  -.7825431173321906E-01   4   0 0  0 1  0 2  0 1
   127  0.2043909900486537E-01   4   0 0  1 0  0 1  1 1
   128  0.9142107590789396E-01   4   0 0  0 1  0 1  1 1
   129  -.1228107078103215E-01   4   0 0  1 0  0 0  2 1
   130  -.1091860704758430E-01   4   0 0  0 1  0 0  2 1
   131  -.9473309087564132E-03   4   0 0  1 0  0 1  0 2
   132  0.1035794007265850E-01   4   0 0  0 1  0 1  0 2
   133  0.1081131973568464E-02   4   0 0  1 0  0 0  1 2
   134  -.1126419887790847E-01   4   0 0  0 1  0 0  1 2
   135  0.1871805417001113E-06   4   0 0  1 0  0 0  0 3
   136  -.2913786979308254E-04   4   0 0  0 1  0 0  0 3
   ----------------------------------------------------
     I  COEFFICIENT            ORDER EXPONENTS
     1  -.1138345202082956       1   1 0  0 0  0 0  0 0
     2  -.1350599514682529       1   0 1  0 0  0 0  0 0
     3   1.000000000000000       1   0 0  0 0  1 0  0 0
     4  0.5842785045819252       1   0 0  0 0  0 1  0 0
     5  -.5836563935308845       1   0 0  0 0  0 0  1 0
     6  -.6221110510408476E-03   1   0 0  0 0  0 0  0 1
     7  -.1602622872091843E-01   2   2 0  0 0  0 0  0 0
     8  -.3866511514157398E-01   2   1 1  0 0  0 0  0 0
     9  -.6161651796221927       2   0 2  0 0  0 0  0 0
    10  0.2623471879349101E-05   2   0 0  2 0  0 0  0 0
    11  0.1440236707464394E-01   2   0 0  1 1  0 0  0 0
    12  -.5874911896539374       2   0 0  0 2  0 0  0 0
    13  0.1714065303289049       2   1 0  0 0  0 1  0 0
    14  0.2033038340505437       2   0 1  0 0  0 1  0 0
    15  -.5613453662588810E-01   2   1 0  0 0  0 0  1 0
    16  0.7315927697476113E-01   2   0 1  0 0  0 0  1 0
    17  -.1152719937030166       2   1 0  0 0  0 0  0 1
    18  -.1414031595570520       2   0 1  0 0  0 0  0 1
    19  -.4310424160585423       2   0 0  0 0  0 2  0 0
    20  0.2874633536621788       2   0 0  0 0  0 1  1 0
    21  0.1423916069873551       2   0 0  0 0  0 0  2 0
    22  -.9657026127019032E-02   2   0 0  0 0  0 1  0 1
    23  0.1140982589399613E-01   2   0 0  0 0  0 0  1 1
    24  -.5653443579680217E-03   2   0 0  0 0  0 0  0 2
    25  -.1326512163257784E-02   3   3 0  0 0  0 0  0 0
    26  -.1293412438620485E-01   3   2 1  0 0  0 0  0 0
    27  -.1908288887756656       3   1 2  0 0  0 0  0 0
    28  -.2139670206411080       3   0 3  0 0  0 0  0 0
    29  -.5368229280938106E-03   3   1 0  2 0  0 0  0 0
    30  0.2270505371987409E-02   3   0 1  2 0  0 0  0 0
    31  0.9004793495340684E-02   3   1 0  1 1  0 0  0 0
    32  0.4931180973138012       3   0 1  1 1  0 0  0 0
    33  0.1796704220992168       3   1 0  0 2  0 0  0 0
    34  0.5021557064925306       3   0 1  0 2  0 0  0 0
    35  0.3882361573251944E-01   3   2 0  0 0  0 1  0 0
    36  0.9373330450583001E-01   3   1 1  0 0  0 1  0 0
    37  0.9324930862878273       3   0 2  0 0  0 1  0 0
    38  0.5586483698473092E-02   3   0 0  2 0  0 1  0 0
    39  -.8941999293632793E-02   3   0 0  1 1  0 1  0 0
    40  0.9144481122990906       3   0 0  0 2  0 1  0 0
    41  -.7299051094749168E-02   3   2 0  0 0  0 0  1 0
    42  0.2228733915318259E-01   3   1 1  0 0  0 0  1 0
    43  0.3490663065000754       3   0 2  0 0  0 0  1 0
    44  -.5697370038579910E-02   3   0 0  2 0  0 0  1 0
    45  -.3620927199361360E-01   3   0 0  1 1  0 0  1 0
    46  0.2488728988221318       3   0 0  0 2  0 0  1 0
    47  -.3152456463777079E-01   3   2 0  0 0  0 0  0 1
    48  -.7735552851743717E-01   3   1 1  0 0  0 0  0 1
    49  -.4922903354351739E-01   3   0 2  0 0  0 0  0 1
    50  0.1108863401069517E-03   3   0 0  2 0  0 0  0 1
    51  0.3074890421260221E-01   3   0 0  1 1  0 0  0 1
    52  0.1166136818665212E-01   3   0 0  0 2  0 0  0 1
    53  -.2103063669592237       3   1 0  0 0  0 2  0 0
    54  -.2502901227227115       3   0 1  0 0  0 2  0 0
    55  0.8425170961423671E-01   3   1 0  0 0  0 1  1 0
    56  -.1084937162463749       3   0 1  0 0  0 1  1 0
    57  0.1326076864993337E-01   3   1 0  0 0  0 0  2 0
    58  -.5763902526967352E-01   3   0 1  0 0  0 0  2 0
    59  0.1649544939753055       3   1 0  0 0  0 1  0 1
    60  0.2024662935907107       3   0 1  0 0  0 1  0 1
    61  -.5463871028821527E-01   3   1 0  0 0  0 0  1 1
    62  0.7745321283619991E-01   3   0 1  0 0  0 0  1 1
    63  0.2478105007963164E-02   3   1 0  0 0  0 0  0 2
    64  0.1443406343596431E-02   3   0 1  0 0  0 0  0 2
    65  0.3499466499243047       3   0 0  0 0  0 3  0 0
    66  -.2106938091964027       3   0 0  0 0  0 2  1 0
    67  -.6813487263745177E-01   3   0 0  0 0  0 1  2 0
    68  -.6937458862065278E-01   3   0 0  0 0  0 0  3 0
    69  0.2293869154057238E-01   3   0 0  0 0  0 2  0 1
    70  -.1726934365664952E-01   3   0 0  0 0  0 1  1 1
    71  -.8524575475300215E-02   3   0 0  0 0  0 0  2 1
    72  -.4646993585228703E-02   3   0 0  0 0  0 1  0 2
    73  0.5749421409628918E-02   3   0 0  0 0  0 0  1 2
    74  0.9420297178551210E-05   3   0 0  0 0  0 0  0 3
    75  0.1599046864671939       4   4 0  0 0  0 0  0 0
    76  0.3492089571211004       4   3 1  0 0  0 0  0 0
    77  0.4706608894948457       4   2 2  0 0  0 0  0 0
    78  0.2949124633557165       4   1 3  0 0  0 0  0 0
    79  -.3716007434607931       4   0 4  0 0  0 0  0 0
    80  -1.008852471656193       4   2 0  2 0  0 0  0 0
    81  -1.139041743144809       4   1 1  2 0  0 0  0 0
    82  -.6457844172411069       4   0 2  2 0  0 0  0 0
    83  0.1595543877401928       4   0 0  4 0  0 0  0 0
    84  -1.132212189520802       4   2 0  1 1  0 0  0 0
    85  -2.424113702744113       4   1 1  1 1  0 0  0 0
    86  -1.565395469000419       4   0 2  1 1  0 0  0 0
    87  0.3475745961717170       4   0 0  3 1  0 0  0 0
    88  -.6360658510334676       4   2 0  0 2  0 0  0 0
    89  -1.620067308059944       4   1 1  0 2  0 0  0 0
    90  -2.080609833394013       4   0 2  0 2  0 0  0 0
    91  0.4775225287984823       4   0 0  2 2  0 0  0 0
    92  0.3216273888863759       4   0 0  1 3  0 0  0 0
    93  -.3384217321673225       4   0 0  0 4  0 0  0 0
    94  0.1446673255537299E-01   4   3 0  0 0  0 1  0 0
    95  0.6373376659511414E-01   4   2 1  0 0  0 1  0 0
    96  0.5128358979668826       4   1 2  0 0  0 1  0 0
    97  0.5498153775783289       4   0 3  0 0  0 1  0 0
    98  -.3092751114190613E-01   4   1 0  2 0  0 1  0 0
    99  -.4234109249473877E-01   4   0 1  2 0  0 1  0 0
   100  -.8815343211085833E-01   4   1 0  1 1  0 1  0 0
   101  -1.457451366497382       4   0 1  1 1  0 1  0 0
   102  -.4914806885473614       4   1 0  0 2  0 1  0 0
   103  -1.753899968169847       4   0 1  0 2  0 1  0 0
   104  -.1096275867207979E-01   4   3 0  0 0  0 0  1 0
   105  -.2556240354088626E-01   4   2 1  0 0  0 0  1 0
   106  0.7302811839684344E-01   4   1 2  0 0  0 0  1 0
   107  0.3165991267595152       4   0 3  0 0  0 0  1 0
   108  0.3362784354180117E-01   4   1 0  2 0  0 0  1 0
   109  0.4405842905289243E-01   4   0 1  2 0  0 0  1 0
   110  0.7979395338465266E-01   4   1 0  1 1  0 0  1 0
   111  -.1014227489174539E-01   4   0 1  1 1  0 0  1 0
   112  -.2776026713296641E-01   4   1 0  0 2  0 0  1 0
   113  -.2296288127656243       4   0 1  0 2  0 0  1 0
   114  -.3503973883293204E-02   4   3 0  0 0  0 0  0 1
   115  -.2523723866802312E-01   4   2 1  0 0  0 0  0 1
   116  -.2042062388123940       4   1 2  0 0  0 0  0 1
   117  -.2245134424145202       4   0 3  0 0  0 0  0 1
   118  -.2700332399895364E-02   4   1 0  2 0  0 0  0 1
   119  -.3987841930140790E-02   4   0 1  2 0  0 0  0 1
   120  -.6453147691343804E-03   4   1 0  1 1  0 0  0 1
   121  0.4813574467615244       4   0 1  1 1  0 0  0 1
   122  0.1599001114818943       4   1 0  0 2  0 0  0 1
   123  0.4770616614578789       4   0 1  0 2  0 0  0 1
   124  -.6542223360340273E-01   4   2 0  0 0  0 2  0 0
   125  -.1567552957773147       4   1 1  0 0  0 2  0 0
   126  -1.160969157082028       4   0 2  0 0  0 2  0 0
   127  -.1727396087674313E-01   4   0 0  2 0  0 2  0 0
   128  -.3427502545269625E-01   4   0 0  1 1  0 2  0 0
   129  -1.248093925376397       4   0 0  0 2  0 2  0 0
   130  0.1743168912136450E-01   4   2 0  0 0  0 1  1 0
   131  -.5656782810160510E-01   4   1 1  0 0  0 1  1 0
   132  -.5643271078753931       4   0 2  0 0  0 1  1 0
   133  0.1818442336720975E-01   4   0 0  2 0  0 1  1 0
   134  0.1084901595044992       4   0 0  1 1  0 1  1 0
   135  -.2935745535020748       4   0 0  0 2  0 1  1 0
   136  0.2034928039634096E-02   4   2 0  0 0  0 0  2 0
   137  -.1654558073371117E-01   4   1 1  0 0  0 0  2 0
   138  -.2951814354522138       4   0 2  0 0  0 0  2 0
   139  -.6932022048406175E-03   4   0 0  2 0  0 0  2 0
   140  0.1781361015648793E-01   4   0 0  1 1  0 0  2 0
   141  -.1790127407489471       4   0 0  0 2  0 0  2 0
   142  0.7458916235292247E-01   4   2 0  0 0  0 1  0 1
   143  0.1826118106445713       4   1 1  0 0  0 1  0 1
   144  0.8878616317596892E-01   4   0 2  0 0  0 1  0 1
   145  0.1077701468780323E-01   4   0 0  2 0  0 1  0 1
   146  -.2205611001184055E-01   4   0 0  1 1  0 1  0 1
   147  0.4641806735759676E-01   4   0 0  0 2  0 1  0 1
   148  -.1420249410588351E-01   4   2 0  0 0  0 0  1 1
   149  0.4508431126266224E-01   4   1 1  0 0  0 0  1 1
   150  0.1074910592795961       4   0 2  0 0  0 0  1 1
   151  -.1110064891894853E-01   4   0 0  2 0  0 0  1 1
   152  -.7169883583024787E-01   4   0 0  1 1  0 0  1 1
   153  -.9501866146642593E-01   4   0 0  0 2  0 0  1 1
   154  -.1443105180463418E-01   4   2 0  0 0  0 0  0 2
   155  -.3649253243617957E-01   4   1 1  0 0  0 0  0 2
   156  -.2429506091250667E-01   4   0 2  0 0  0 0  0 2
   157  0.1063739455191787E-03   4   0 0  2 0  0 0  0 2
   158  0.1612856870844202E-01   4   0 0  1 1  0 0  0 2
   159  0.6808244774436310E-02   4   0 0  0 2  0 0  0 2
   160  0.2389649319843489       4   1 0  0 0  0 3  0 0
   161  0.2853109246863182       4   0 1  0 0  0 3  0 0
   162  -.1042145807232294       4   1 0  0 0  0 2  1 0
   163  0.1307211142657430       4   0 1  0 0  0 2  1 0
   164  -.1900367485570404E-01   4   1 0  0 0  0 1  2 0
   165  0.8783136124409403E-01   4   0 1  0 0  0 1  2 0
   166  -.6235274585476053E-02   4   1 0  0 0  0 0  3 0
   167  0.5064278082542484E-01   4   0 1  0 0  0 0  3 0
   168  -.1920674813113693       4   1 0  0 0  0 2  0 1
   169  -.2357835201565633       4   0 1  0 0  0 2  0 1
   170  0.7793309192939332E-01   4   1 0  0 0  0 1  1 1
   171  -.1116238022805502       4   0 1  0 0  0 1  1 1
   172  0.1118796131226537E-01   4   1 0  0 0  0 0  2 1
   173  -.6684262791134851E-01   4   0 1  0 0  0 0  2 1
   174  -.1185355862863285E-01   4   1 0  0 0  0 1  0 2
   175  -.1210401908922712E-01   4   0 1  0 0  0 1  0 2
   176  0.4484203011253136E-02   4   1 0  0 0  0 0  1 2
   177  0.6474709797323615E-02   4   0 1  0 0  0 0  1 2
   178  0.8043818671513302E-03   4   1 0  0 0  0 0  0 3
   179  0.4330300870378450E-03   4   0 1  0 0  0 0  0 3
   180  -.2959794367493209       4   0 0  0 0  0 4  0 0
   181  0.1715745672952529       4   0 0  0 0  0 3  1 0
   182  0.4788038496989638E-01   4   0 0  0 0  0 2  2 0
   183  0.3206381609642301E-01   4   0 0  0 0  0 1  3 0
   184  0.4217345147691330E-01   4   0 0  0 0  0 0  4 0
   185  -.3749677007088261E-01   4   0 0  0 0  0 3  0 1
   186  0.2159695576365700E-01   4   0 0  0 0  0 2  1 1
   187  0.1245239968329382E-01   4   0 0  0 0  0 1  2 1
   188  0.7366143857882028E-02   4   0 0  0 0  0 0  3 1
   189  0.1103863991363683E-01   4   0 0  0 0  0 2  0 2
   190  -.8145339961976897E-02   4   0 0  0 0  0 1  1 2
   191  -.4488552415519780E-02   4   0 0  0 0  0 0  2 2
   192  0.3013630129799461E-05   4   0 0  0 0  0 1  0 3
   193  -.4193981195645867E-04   4   0 0  0 0  0 0  1 3
   194  0.2666322573168268E-05   4   0 0  0 0  0 0  0 4
   ----------------------------------------------------
     I  COEFFICIENT            ORDER EXPONENTS
     1   1.000000000000000       1   0 0  0 0  0 1  0 0
     --------------------------------------------------
     I  COEFFICIENT            ORDER EXPONENTS
     1   1.000000000000000       1   0 0  0 0  0 0  1 0
     --------------------------------------------------
     I  COEFFICIENT            ORDER EXPONENTS
     1   1.000000000000000       1   0 0  0 0  0 0  0 1
     --------------------------------------------------
