     I  COEFFICIENT            ORDER EXPONENTS
     1  0.9972579521776463       1   1 0  0 0  0 0  0 0  0
     2  0.4783522883308357       1   0 1  0 0  0 0  0 0  0
     3  0.4786234616990651E-01   1   0 0  0 0  0 1  0 0  0
     4  0.4770250655794192E-01   1   0 0  0 0  0 0  1 0  0
     5  -.9556485272784843E-01   1   0 0  0 0  0 0  0 1  0
     6  -.1342255826682268       2   2 0  0 0  0 0  0 0  0
     7  0.4003455072638074       2   1 1  0 0  0 0  0 0  0
     8  0.4661083779275667E-01   2   0 2  0 0  0 0  0 0  0
     9  0.1767817887422533       2   0 0  2 0  0 0  0 0  0
    10  -.3786294739769571       2   0 0  1 1  0 0  0 0  0
    11  -.1461966794797900       2   0 0  0 2  0 0  0 0  0
    12  0.4085776313331509E-01   2   1 0  0 0  0 1  0 0  0
    13  -.2181756060994881       2   0 1  0 0  0 1  0 0  0
    14  0.4072131581036548E-01   2   1 0  0 0  0 0  1 0  0
    15  -.2174469935886155       2   0 1  0 0  0 0  1 0  0
    16  -.8157907894368058E-01   2   1 0  0 0  0 0  0 1  0
    17  -.4272968864273251E-01   2   0 1  0 0  0 0  0 1  0
    18  -.3469820362187852E-01   2   0 0  0 0  0 2  0 0  0
    19  -.2162145240558857E-01   2   0 0  0 0  0 1  1 0  0
    20  -.3454622340640234E-01   2   0 0  0 0  0 0  2 0  0
    21  0.4315551347943911E-01   2   0 0  0 0  0 1  0 1  0
    22  0.4301139266045129E-01   2   0 0  0 0  0 0  1 1  0
    23  0.4698973293978975E-02   2   0 0  0 0  0 0  0 2  0
    24  -2.150256886279417       3   3 0  0 0  0 0  0 0  0
    25  -.1129816053025325       3   2 1  0 0  0 0  0 0  0
    26  0.3784984257605042E-01   3   1 2  0 0  0 0  0 0  0
    27  0.2140927857854854       3   0 3  0 0  0 0  0 0  0
    28  -.3450366492026596       3   1 0  2 0  0 0  0 0  0
    29  0.7257456595036486       3   0 1  2 0  0 0  0 0  0
    30  0.1598325896261060E-01   3   1 0  1 1  0 0  0 0  0
    31  0.1743733895381824       3   0 1  1 1  0 0  0 0  0
    32  -.1182192451806799       3   1 0  0 2  0 0  0 0  0
    33  0.2497982856443102       3   0 1  0 2  0 0  0 0  0
    34  0.6091584343726480E-01   3   2 0  0 0  0 1  0 0  0
    35  -.2025553725050091       3   1 1  0 0  0 1  0 0  0
    36  0.1857643591011648E-01   3   0 2  0 0  0 1  0 0  0
    37  -.6830209126956067E-01   3   0 0  2 0  0 1  0 0  0
    38  0.3794402007498068       3   0 0  1 1  0 1  0 0  0
    39  0.2237452288326963       3   0 0  0 2  0 1  0 0  0
    40  0.6071241076927683E-01   3   2 0  0 0  0 0  1 0  0
    41  -.2018789248434672       3   1 1  0 0  0 0  1 0  0
    42  0.1851439861890192E-01   3   0 2  0 0  0 0  1 0  0
    43  -.6807399171660218E-01   3   0 0  2 0  0 0  1 0  0
    44  0.3781730339829227       3   0 0  1 1  0 0  1 0  0
    45  0.2229980161818874       3   0 0  0 2  0 0  1 0  0
    46  -.1216282542065416       3   2 0  0 0  0 0  0 1  0
    47  0.4088790084668985E-02   3   1 1  0 0  0 0  0 1  0
    48  -.1303125101145319       3   0 2  0 0  0 0  0 1  0
    49  0.1363760829861630       3   0 0  2 0  0 0  0 1  0
    50  -.3789837607557736       3   0 0  1 1  0 0  0 1  0
    51  -.1543498860550035       3   0 0  0 2  0 0  0 1  0
    52  -.3128964651112012E-01   3   1 0  0 0  0 2  0 0  0
    53  0.1608876675577329       3   0 1  0 0  0 2  0 0  0
    54  -.2178498098675294E-01   3   1 0  0 0  0 1  1 0  0
    55  0.1039799298220133       3   0 1  0 0  0 1  1 0  0
    56  -.3114877635012338E-01   3   1 0  0 0  0 0  2 0  0
    57  0.1601767479958513       3   0 1  0 0  0 0  2 0  0
    58  0.4350651087567809E-01   3   1 0  0 0  0 1  0 1  0
    59  0.1059594726149618E-01   3   0 1  0 0  0 1  0 1  0
    60  0.4336121787663422E-01   3   1 0  0 0  0 0  1 1  0
    61  0.1056056136351569E-01   3   0 1  0 0  0 0  1 1  0
    62  -.2644324904315873E-02   3   1 0  0 0  0 0  0 2  0
    63  0.3215143433022657E-01   3   0 1  0 0  0 0  0 2  0
    64  0.2849669655182678E-01   3   0 0  0 0  0 3  0 0  0
    65  0.1611214278154523E-01   3   0 0  0 0  0 2  1 0  0
    66  0.1617370466744905E-01   3   0 0  0 0  0 1  2 0  0
    67  0.2832713309204400E-01   3   0 0  0 0  0 0  3 0  0
    68  -.3220582519326853E-01   3   0 0  0 0  0 2  0 1  0
    69  -.2132879008681168E-01   3   0 0  0 0  0 1  1 1  0
    70  -.3206265713077652E-01   3   0 0  0 0  0 0  2 1  0
    71  -.2852932427647725E-03   3   0 0  0 0  0 1  0 2  0
    72  -.2843404862689358E-03   3   0 0  0 0  0 0  1 2  0
    73  -.2942770952974783E-02   3   0 0  0 0  0 0  0 3  0
    74  -1.526497624585596       4   4 0  0 0  0 0  0 0  0
    75  -.3204340695209488       4   3 1  0 0  0 0  0 0  0
    76  -.2392709773220638       4   2 2  0 0  0 0  0 0  0
    77  0.2245491836465845       4   1 3  0 0  0 0  0 0  0
    78  0.1430656025224389E-01   4   0 4  0 0  0 0  0 0  0
    79  0.3260542621626717       4   2 0  2 0  0 0  0 0  0
    80  -.9948957759886869       4   1 1  2 0  0 0  0 0  0
    81  0.4137129353953822       4   0 2  2 0  0 0  0 0  0
    82  0.9187242100466675       4   0 0  4 0  0 0  0 0  0
    83  -.7251346044227427       4   2 0  1 1  0 0  0 0  0
    84  0.8091980833505353       4   1 1  1 1  0 0  0 0  0
    85  -1.271498478728057       4   0 2  1 1  0 0  0 0  0
    86  0.7754672057716411       4   0 0  3 1  0 0  0 0  0
    87  -.8644616891430906E-01   4   2 0  0 2  0 0  0 0  0
    88  0.1551838457775670       4   1 1  0 2  0 0  0 0  0
    89  -.2844796143328323       4   0 2  0 2  0 0  0 0  0
    90  -.2262455038878038       4   0 0  2 2  0 0  0 0  0
    91  -.2645483873448928E-01   4   0 0  1 3  0 0  0 0  0
    92  -.8762375973926553E-01   4   0 0  0 4  0 0  0 0  0
    93  0.9854912686841714       4   3 0  0 0  0 1  0 0  0
    94  0.7438963455341138E-01   4   2 1  0 0  0 1  0 0  0
    95  0.2447663704458851E-01   4   1 2  0 0  0 1  0 0  0
    96  -.2936035845455540       4   0 3  0 0  0 1  0 0  0
    97  0.2862549105424885       4   1 0  2 0  0 1  0 0  0
    98  -.9710020819063017       4   0 1  2 0  0 1  0 0  0
    99  0.5996042425200270E-01   4   1 0  1 1  0 1  0 0  0
   100  -.6390195868520958       4   0 1  1 1  0 1  0 0  0
   101  0.1714929076485720       4   1 0  0 2  0 1  0 0  0
   102  -.4683383152009633       4   0 1  0 2  0 1  0 0  0
   103  0.9822001525023213       4   3 0  0 0  0 0  1 0  0
   104  0.7414120522905278E-01   4   2 1  0 0  0 0  1 0  0
   105  0.2439489562402557E-01   4   1 2  0 0  0 0  1 0  0
   106  -.2926230750891522       4   0 3  0 0  0 0  1 0  0
   107  0.2852989424906583       4   1 0  2 0  0 0  1 0  0
   108  -.9677593533647930       4   0 1  2 0  0 0  1 0  0
   109  0.5976018227239676E-01   4   1 0  1 1  0 0  1 0  0
   110  -.6368855367903283       4   0 1  1 1  0 0  1 0  0
   111  0.1709201952346024       4   1 0  0 2  0 0  1 0  0
   112  -.4667742670386743       4   0 1  0 2  0 0  1 0  0
   113  0.1394904683841512       4   3 0  0 0  0 0  0 1  0
   114  -.3554923447993166E-01   4   2 1  0 0  0 0  0 1  0
   115  -.1245712178207150       4   1 2  0 0  0 0  0 1  0
   116  -.5605169772174962E-01   4   0 3  0 0  0 0  0 1  0
   117  -.5715538530331474       4   1 0  2 0  0 0  0 1  0
   118   1.213015775767444       4   0 1  2 0  0 0  0 1  0
   119  -.1357038654870124       4   1 0  1 1  0 0  0 1  0
   120  0.9271583445660614       4   0 1  1 1  0 0  0 1  0
   121  -.1059746125218158       4   1 0  0 2  0 0  0 1  0
   122  0.1857177253067077       4   0 1  0 2  0 0  0 1  0
   123  -.4479303499456640E-01   4   2 0  0 0  0 2  0 0  0
   124  0.1656574328809255       4   1 1  0 0  0 2  0 0  0
   125  -.6000508378601827E-01   4   0 2  0 0  0 2  0 0  0
   126  0.2627309815284104E-01   4   0 0  2 0  0 2  0 0  0
   127  -.4013686257757334       4   0 0  1 1  0 2  0 0  0
   128  -.2919862721635220       4   0 0  0 2  0 2  0 0  0
   129  -.2877723363993732E-01   4   2 0  0 0  0 1  1 0  0
   130  0.1290036806506313       4   1 1  0 0  0 1  1 0  0
   131  -.1011568168201172       4   0 2  0 0  0 1  1 0  0
   132  -.1547593926529027E-01   4   0 0  2 0  0 1  1 0  0
   133  -.4231463560297619       4   0 0  1 1  0 1  1 0  0
   134  -.3597690287677752       4   0 0  0 2  0 1  1 0  0
   135  -.4459539377932219E-01   4   2 0  0 0  0 0  2 0  0
   136  0.1648888000857687       4   1 1  0 0  0 0  2 0  0
   137  -.5963578257333707E-01   4   0 2  0 0  0 0  2 0  0
   138  0.2621119881050912E-01   4   0 0  2 0  0 0  2 0  0
   139  -.3993216642722800       4   0 0  1 1  0 0  2 0  0
   140  -.2904104270691044       4   0 0  0 2  0 0  2 0  0
   141  0.5744746019180524E-01   4   2 0  0 0  0 1  0 1  0
   142  -.5520780140246397E-01   4   1 1  0 0  0 1  0 1  0
   143  0.1654376766618041       4   0 2  0 0  0 1  0 1  0
   144  0.3123183422916829E-01   4   0 0  2 0  0 1  0 1  0
   145  0.4670032060816152       4   0 0  1 1  0 1  0 1  0
   146  0.2725058865967302       4   0 0  0 2  0 1  0 1  0
   147  0.5725561042930480E-01   4   2 0  0 0  0 0  1 1  0
   148  -.5502343113523413E-01   4   1 1  0 0  0 0  1 1  0
   149  0.1648851861100857       4   0 2  0 0  0 0  1 1  0
   150  0.3112753336087380E-01   4   0 0  2 0  0 0  1 1  0
   151  0.4654436166084769       4   0 0  1 1  0 0  1 1  0
   152  0.2715958343603212       4   0 0  0 2  0 0  1 1  0
   153  0.3462591792715755E-02   4   2 0  0 0  0 0  0 2  0
   154  0.5102682618418020E-01   4   1 1  0 0  0 0  0 2  0
   155  0.3030733378585304E-01   4   0 2  0 0  0 0  0 2  0
   156  -.9936772528810256E-01   4   0 0  2 0  0 0  0 2  0
   157  -.8723965058927270E-01   4   0 0  1 1  0 0  0 2  0
   158  -.4052603139602030E-01   4   0 0  0 2  0 0  0 2  0
   159  0.2737558714594158E-01   4   1 0  0 0  0 3  0 0  0
   160  -.1354506191641621       4   0 1  0 0  0 3  0 0  0
   161  0.1955494074341127E-01   4   1 0  0 0  0 2  1 0  0
   162  -.8464132139681269E-01   4   0 1  0 0  0 2  1 0  0
   163  0.1959365915846724E-01   4   1 0  0 0  0 1  2 0  0
   164  -.8489357717287338E-01   4   0 1  0 0  0 1  2 0  0
   165  0.2720591016621383E-01   4   1 0  0 0  0 0  3 0  0
   166  -.1346312408547334       4   0 1  0 0  0 0  3 0  0
   167  -.3910240915899572E-01   4   1 0  0 0  0 2  0 1  0
   168  0.8330176216099550E-02   4   0 1  0 0  0 2  0 1  0
   169  -.3472723783025108E-01   4   1 0  0 0  0 1  1 1  0
   170  0.2713000767333240E-01   4   0 1  0 0  0 1  1 1  0
   171  -.3891383695686192E-01   4   1 0  0 0  0 0  2 1  0
   172  0.8257055749520070E-02   4   0 1  0 0  0 0  2 1  0
   173  0.1295951719844317E-01   4   1 0  0 0  0 1  0 2  0
   174  -.3778910094501003E-01   4   0 1  0 0  0 1  0 2  0
   175  0.1291623799535324E-01   4   1 0  0 0  0 0  1 2  0
   176  -.3766290163145983E-01   4   0 1  0 0  0 0  1 2  0
   177  -.6862368461721561E-02   4   1 0  0 0  0 0  0 3  0
   178  -.7000766804736609E-02   4   0 1  0 0  0 0  0 3  0
   179  -.2481730574421055E-01   4   0 0  0 0  0 4  0 0  0
   180  -.1378692456764760E-01   4   0 0  0 0  0 3  1 0  0
   181  -.1263616889119113E-01   4   0 0  0 0  0 2  2 0  0
   182  -.1386381059397337E-01   4   0 0  0 0  0 1  3 0  0
   183  -.2462877736556984E-01   4   0 0  0 0  0 0  4 0  0
   184  0.2756605788900954E-01   4   0 0  0 0  0 3  0 1  0
   185  0.1829668314068909E-01   4   0 0  0 0  0 2  1 1  0
   186  0.1834265556195488E-01   4   0 0  0 0  0 1  2 1  0
   187  0.2739752078012080E-01   4   0 0  0 0  0 0  3 1  0
   188  -.2188690613956143E-02   4   0 0  0 0  0 2  0 2  0
   189  -.4646153572426578E-02   4   0 0  0 0  0 1  1 2  0
   190  -.2173623254993880E-02   4   0 0  0 0  0 0  2 2  0
   191  0.3293138176211102E-02   4   0 0  0 0  0 1  0 3  0
   192  0.3282140513740421E-02   4   0 0  0 0  0 0  1 3  0
   193  0.5632585422431946E-03   4   0 0  0 0  0 0  0 4  0
   -------------------------------------------------------
     I  COEFFICIENT            ORDER EXPONENTS
     1  -.1431037141007320E-01   1   1 0  0 0  0 0  0 0  0
     2  0.9958853663892980       1   0 1  0 0  0 0  0 0  0
     3  0.1996189461752299       1   0 0  0 0  0 1  0 0  0
     4  0.1989523049123014       1   0 0  0 0  0 0  1 0  0
     5  -.3985712510875314       1   0 0  0 0  0 0  0 1  0
     6  -.2939734269447178       2   2 0  0 0  0 0  0 0  0
     7  -.1968219825349976E-01   2   1 1  0 0  0 0  0 0  0
     8  -.2052865523229211       2   0 2  0 0  0 0  0 0  0
     9  0.2718512710432136       2   0 0  2 0  0 0  0 0  0
    10  0.6469908265666363E-01   2   0 0  1 1  0 0  0 0  0
    11  -.1808279592488733       2   0 0  0 2  0 0  0 0  0
    12  -.2196212990572695E-02   2   1 0  0 0  0 1  0 0  0
    13  -.3872422162917468E-01   2   0 1  0 0  0 1  0 0  0
    14  -.2188878585548788E-02   2   1 0  0 0  0 0  1 0  0
    15  -.3859489941548994E-01   2   0 1  0 0  0 0  1 0  0
    16  -.9925279833951688E-02   2   1 0  0 0  0 0  0 1  0
    17  0.7731912104466460E-01   2   0 1  0 0  0 0  0 1  0
    18  -.5349505810978492E-01   2   0 0  0 0  0 2  0 0  0
    19  0.9165507460969266E-01   2   0 0  0 0  0 1  1 0  0
    20  -.5346945189428849E-01   2   0 0  0 0  0 0  2 0  0
    21  0.1533504160987719E-01   2   0 0  0 0  0 1  0 1  0
    22  0.1528382917888431E-01   2   0 0  0 0  0 0  1 1  0
    23  -.1530943539438076E-01   2   0 0  0 0  0 0  0 2  0
    24  -4.610374580925329       3   3 0  0 0  0 0  0 0  0
    25  -.4321553639618901       3   2 1  0 0  0 0  0 0  0
    26  -.1777489309141007       3   1 2  0 0  0 0  0 0  0
    27  0.1023618019676115E-01   3   0 3  0 0  0 0  0 0  0
    28  -.2827611659163310       3   1 0  2 0  0 0  0 0  0
    29  -.3084980479933941E-01   3   0 1  2 0  0 0  0 0  0
    30  0.9440317900374282E-01   3   1 0  1 1  0 0  0 0  0
    31  -.4373389409380674E-02   3   0 1  1 1  0 0  0 0  0
    32  0.5224617013715661E-02   3   1 0  0 2  0 0  0 0  0
    33  -.3930158404517688E-01   3   0 1  0 2  0 0  0 0  0
    34  -.2641351072274710E-01   3   2 0  0 0  0 1  0 0  0
    35  -.2596785784888266E-01   3   1 1  0 0  0 1  0 0  0
    36  0.1128775573739776       3   0 2  0 0  0 1  0 0  0
    37  0.3460175904970259E-02   3   0 0  2 0  0 1  0 0  0
    38  -.5245611082772159E-01   3   0 0  1 1  0 1  0 0  0
    39  0.7456680802842494E-01   3   0 0  0 2  0 1  0 0  0
    40  -.2632530097871244E-01   3   2 0  0 0  0 0  1 0  0
    41  -.2588113639341149E-01   3   1 1  0 0  0 0  1 0  0
    42  0.1125005949721321       3   0 2  0 0  0 0  1 0  0
    43  0.3448620408463529E-02   3   0 0  2 0  0 0  1 0  0
    44  -.5228093002128778E-01   3   0 0  1 1  0 0  1 0  0
    45  0.7431778702100349E-01   3   0 0  0 2  0 0  1 0  0
    46  -.2412346152432581       3   2 0  0 0  0 0  0 1  0
    47  0.5184899424229382E-01   3   1 1  0 0  0 0  0 1  0
    48  -.2009160002318849E-01   3   0 2  0 0  0 0  0 1  0
    49  0.2649424747297806       3   0 0  2 0  0 0  0 1  0
    50  0.1047370408490065       3   0 0  1 1  0 0  0 1  0
    51  0.3194336419944441E-01   3   0 0  0 2  0 0  0 1  0
    52  -.6948534814451689E-04   3   1 0  0 0  0 2  0 0  0
    53  0.3097157103040956E-01   3   0 1  0 0  0 2  0 0  0
    54  -.2320075268324153E-02   3   1 0  0 0  0 1  1 0  0
    55  0.2327026957582612E-01   3   0 1  0 0  0 1  1 0  0
    56  -.6537927119426015E-04   3   1 0  0 0  0 0  2 0  0
    57  0.3082928299252450E-01   3   0 1  0 0  0 0  2 0  0
    58  0.2459045964613183E-02   3   1 0  0 0  0 1  0 1  0
    59  -.4648919000747054E-01   3   0 1  0 0  0 1  0 1  0
    60  0.2450833810712670E-02   3   1 0  0 0  0 0  1 1  0
    61  -.4633393614538520E-01   3   0 1  0 0  0 0  1 1  0
    62  -.2454939887662924E-02   3   1 0  0 0  0 0  0 2  0
    63  0.7752002554095565E-02   3   0 1  0 0  0 0  0 2  0
    64  0.2885173468260014E-01   3   0 0  0 0  0 3  0 0  0
    65  -.2067275682501160E-01   3   0 0  0 0  0 2  1 0  0
    66  -.2042515379632130E-01   3   0 0  0 0  0 1  2 0  0
    67  0.2874161044890116E-01   3   0 0  0 0  0 0  3 0  0
    68  -.1238738911300391E-01   3   0 0  0 0  0 2  0 1  0
    69  -.9459253367027022E-02   3   0 0  0 0  0 1  1 1  0
    70  -.1233022565609365E-01   3   0 0  0 0  0 0  2 1  0
    71  0.9449494991578820E-02   3   0 0  0 0  0 1  0 2  0
    72  0.9417937750165003E-02   3   0 0  0 0  0 0  1 2  0
    73  -.1185999115787604E-02   3   0 0  0 0  0 0  0 3  0
    74  0.8040276530320010       4   4 0  0 0  0 0  0 0  0
    75   1.915358960473335       4   3 1  0 0  0 0  0 0  0
    76  -.2708456314730388       4   2 2  0 0  0 0  0 0  0
    77  -.8840880850848612E-01   4   1 3  0 0  0 0  0 0  0
    78  -.7337623432779596E-01   4   0 4  0 0  0 0  0 0  0
    79  0.1450006785449463       4   2 0  2 0  0 0  0 0  0
    80  -.8196070133749569       4   1 1  2 0  0 0  0 0  0
    81  0.2219839207148990       4   0 2  2 0  0 0  0 0  0
    82  -.7475250070761902E-01   4   0 0  4 0  0 0  0 0  0
    83  -.3235091088235748       4   2 0  1 1  0 0  0 0  0
    84  0.8434841969625931       4   1 1  1 1  0 0  0 0  0
    85  0.2457193703145426       4   0 2  1 1  0 0  0 0  0
    86  0.8714472840868155       4   0 0  3 1  0 0  0 0  0
    87  0.1377843378336986       4   2 0  0 2  0 0  0 0  0
    88  0.1112675250467877       4   1 1  0 2  0 0  0 0  0
    89  -.3184106421453280E-01   4   0 2  0 2  0 0  0 0  0
    90  0.2427732033615211       4   0 0  2 2  0 0  0 0  0
    91  0.2097813836173813       4   0 0  1 3  0 0  0 0  0
    92  -.7783771214214363E-02   4   0 0  0 4  0 0  0 0  0
    93  0.1555431365409589       4   3 0  0 0  0 1  0 0  0
    94  0.1573585006224095       4   2 1  0 0  0 1  0 0  0
    95  0.1402417112523099       4   1 2  0 0  0 1  0 0  0
    96  -.2801053273272801E-01   4   0 3  0 0  0 1  0 0  0
    97  0.7460974738292582E-01   4   1 0  2 0  0 1  0 0  0
    98  0.4369184277676252E-01   4   0 1  2 0  0 1  0 0  0
    99  -.3076556284864565E-01   4   1 0  1 1  0 1  0 0  0
   100  0.5382606565287443E-01   4   0 1  1 1  0 1  0 0  0
   101  0.5541210699477736E-02   4   1 0  0 2  0 1  0 0  0
   102  0.7208557576587223E-01   4   0 1  0 2  0 1  0 0  0
   103  0.1550236894896129       4   3 0  0 0  0 0  1 0  0
   104  0.1568329910372848       4   2 1  0 0  0 0  1 0  0
   105  0.1397733643679286       4   1 2  0 0  0 0  1 0  0
   106  -.2791698962334871E-01   4   0 3  0 0  0 0  1 0  0
   107  0.7436058297656237E-01   4   1 0  2 0  0 0  1 0  0
   108  0.4354593084903180E-01   4   0 1  2 0  0 0  1 0  0
   109  -.3066281912583434E-01   4   1 0  1 1  0 0  1 0  0
   110  0.5364630978762054E-01   4   0 1  1 1  0 0  1 0  0
   111  0.5522705443491552E-02   4   1 0  0 2  0 0  1 0  0
   112  0.7184484100504689E-01   4   0 1  0 2  0 0  1 0  0
   113  -.2703221514729292       4   3 0  0 0  0 0  0 1  0
   114  0.6521712953916994E-01   4   2 1  0 0  0 0  0 1  0
   115  0.7972386276044949E-01   4   1 2  0 0  0 0  0 1  0
   116  0.6455339622076606E-01   4   0 3  0 0  0 0  0 1  0
   117  -.4317314962758199       4   1 0  2 0  0 0  0 1  0
   118  -.8723777362581038E-01   4   0 1  2 0  0 0  0 1  0
   119  0.6142838197446766E-01   4   1 0  1 1  0 0  0 1  0
   120  -.1030989860310827       4   0 1  1 1  0 0  0 1  0
   121  -.1628853315667677E-01   4   1 0  0 2  0 0  0 1  0
   122  -.6532724868056916E-01   4   0 1  0 2  0 0  0 1  0
   123  0.1602520050657144E-01   4   2 0  0 0  0 2  0 0  0
   124  0.3309550606183839E-01   4   1 1  0 0  0 2  0 0  0
   125  -.9392249992541490E-01   4   0 2  0 0  0 2  0 0  0
   126  -.6069787672543693E-02   4   0 0  2 0  0 2  0 0  0
   127  0.4851396133528086E-01   4   0 0  1 1  0 2  0 0  0
   128  -.4190189651828796E-01   4   0 0  0 2  0 2  0 0  0
   129  0.5705980667303909E-02   4   2 0  0 0  0 1  1 0  0
   130  0.4017525811515311E-01   4   1 1  0 0  0 1  1 0  0
   131  -.7509278703287048E-01   4   0 2  0 0  0 1  1 0  0
   132  -.8661930892133548E-02   4   0 0  2 0  0 1  1 0  0
   133  0.4459755697564174E-01   4   0 0  1 1  0 1  1 0  0
   134  -.9454326843070598E-02   4   0 0  0 2  0 1  1 0  0
   135  0.1596215548391874E-01   4   2 0  0 0  0 0  2 0  0
   136  0.3291789730755018E-01   4   1 1  0 0  0 0  2 0  0
   137  -.9348345047224856E-01   4   0 2  0 0  0 0  2 0  0
   138  -.6035053638890094E-02   4   0 0  2 0  0 0  2 0  0
   139  0.4827747729801284E-01   4   0 0  1 1  0 0  2 0  0
   140  -.4174617555089988E-01   4   0 0  0 2  0 0  2 0  0
   141  0.2059887537625843E-03   4   2 0  0 0  0 1  0 1  0
   142  -.4397977721533950E-01   4   1 1  0 0  0 1  0 1  0
   143  0.4591709106698488E-01   4   0 2  0 0  0 1  0 1  0
   144  0.2080150623722153E-01   4   0 0  2 0  0 1  0 1  0
   145  -.8916936881848476E-01   4   0 0  1 1  0 1  0 1  0
   146  -.5587549617719990E-01   4   0 0  0 2  0 1  0 1  0
   147  0.2053008400871061E-03   4   2 0  0 0  0 0  1 1  0
   148  -.4383290371065517E-01   4   1 1  0 0  0 0  1 1  0
   149  0.4576374776883903E-01   4   0 2  0 0  0 0  1 1  0
   150  0.2073203816991348E-01   4   0 0  2 0  0 0  1 1  0
   151  -.8887158155037680E-01   4   0 0  1 1  0 0  1 1  0
   152  -.5568889609713974E-01   4   0 0  0 2  0 0  1 1  0
   153  -.3810462625164376E-01   4   2 0  0 0  0 0  0 2  0
   154  -.1837598055854665E-01   4   1 1  0 0  0 0  0 2  0
   155  -.3446865372821112E-01   4   0 2  0 0  0 0  0 2  0
   156  -.2076677220356704E-01   4   0 0  2 0  0 0  0 2  0
   157  0.3665195475992652E-01   4   0 0  1 1  0 0  0 2  0
   158  0.2383883193772584E-01   4   0 0  0 2  0 0  0 2  0
   159  0.1044488097825409E-02   4   1 0  0 0  0 3  0 0  0
   160  -.2771624385769360E-01   4   0 1  0 0  0 3  0 0  0
   161  0.2992241330580757E-02   4   1 0  0 0  0 2  1 0  0
   162  -.2121248465398795E-01   4   0 1  0 0  0 2  1 0  0
   163  0.2982466872509158E-02   4   1 0  0 0  0 1  2 0  0
   164  -.2124460061648834E-01   4   0 1  0 0  0 1  2 0  0
   165  0.1034276194507991E-02   4   1 0  0 0  0 0  3 0  0
   166  -.2754210191622757E-01   4   0 1  0 0  0 0  3 0  0
   167  -.4234256248265654E-02   4   1 0  0 0  0 2  0 1  0
   168  0.4329201120528576E-01   4   0 1  0 0  0 2  0 1  0
   169  -.5997582232070785E-02   4   1 0  0 0  0 1  1 1  0
   170  0.4011566832112375E-01   4   0 1  0 0  0 1  1 1  0
   171  -.4210100986843097E-02   4   1 0  0 0  0 0  2 1  0
   172  0.4308045001968593E-01   4   0 1  0 0  0 0  2 1  0
   173  0.2365680901455329E-02   4   1 0  0 0  0 1  0 2  0
   174  -.1860561086332486E-01   4   0 1  0 0  0 1  0 2  0
   175  0.2357780546634069E-02   4   1 0  0 0  0 0  1 2  0
   176  -.1854347614033822E-01   4   0 1  0 0  0 0  1 2  0
   177  0.1665005523666906E-02   4   1 0  0 0  0 0  0 3  0
   178  0.8376388501965112E-02   4   0 1  0 0  0 0  0 3  0
   179  -.1943748344167784E-01   4   0 0  0 0  0 4  0 0  0
   180  0.8844902572356917E-02   4   0 0  0 0  0 3  1 0  0
   181  0.2989398463347235E-02   4   0 0  0 0  0 2  2 0  0
   182  0.8675939707829096E-02   4   0 0  0 0  0 1  3 0  0
   183  -.1932247793929944E-01   4   0 0  0 0  0 0  4 0  0
   184  0.1123070957800890E-01   4   0 0  0 0  0 3  0 1  0
   185  0.8919160230057966E-02   4   0 0  0 0  0 2  1 1  0
   186  0.8930551718727331E-02   4   0 0  0 0  0 1  2 1  0
   187  0.1115960785180193E-01   4   0 0  0 0  0 0  3 1  0
   188  -.9005552604220807E-02   4   0 0  0 0  0 2  0 2  0
   189  -.8564469981826089E-02   4   0 0  0 0  0 1  1 2  0
   190  -.8961177119460107E-02   4   0 0  0 0  0 0  2 2  0
   191  0.2675063692514132E-02   4   0 0  0 0  0 1  0 3  0
   192  0.2666130132486085E-02   4   0 0  0 0  0 0  1 3  0
   193  -.8003028606457469E-03   4   0 0  0 0  0 0  0 4  0
   -------------------------------------------------------
     I  COEFFICIENT            ORDER EXPONENTS
     1  0.9363769053789079       1   0 0  1 0  0 0  0 0  0
     2  0.4951780534351287       1   0 0  0 1  0 0  0 0  0
     3  0.2156537159220623       2   1 0  1 0  0 0  0 0  0
     4  -.4276310931990278       2   0 1  1 0  0 0  0 0  0
     5  0.3709022314109549       2   1 0  0 1  0 0  0 0  0
     6  0.9137112338195125E-01   2   0 1  0 1  0 0  0 0  0
     7  0.2411875903884028E-01   2   0 0  1 0  0 1  0 0  0
     8  -.2440961428903102       2   0 0  0 1  0 1  0 0  0
     9  0.2403821277660417E-01   2   0 0  1 0  0 0  1 0  0
    10  -.2432809669559101       2   0 0  0 1  0 0  1 0  0
    11  -.4815697181544440E-01   2   0 0  1 0  0 0  0 1  0
    12  -.7800943588908357E-02   2   0 0  0 1  0 0  0 1  0
    13  0.3654627349365375E-01   3   2 0  1 0  0 0  0 0  0
    14  0.1507956413342414       3   1 1  1 0  0 0  0 0  0
    15  -.8143370922518123E-01   3   0 2  1 0  0 0  0 0  0
    16  -1.045257322550256       3   0 0  3 0  0 0  0 0  0
    17  0.4598588215510134E-01   3   2 0  0 1  0 0  0 0  0
    18  0.6526146532621394E-01   3   1 1  0 1  0 0  0 0  0
    19  0.2859393635309209       3   0 2  0 1  0 0  0 0  0
    20  -.5320499483131187       3   0 0  2 1  0 0  0 0  0
    21  -.2451899261798434       3   0 0  1 2  0 0  0 0  0
    22  0.1954485140318070       3   0 0  0 3  0 0  0 0  0
    23  -.7897549894503385E-01   3   1 0  1 0  0 1  0 0  0
    24  0.4339474323395278       3   0 1  1 0  0 1  0 0  0
    25  -.1587661046353708       3   1 0  0 1  0 1  0 0  0
    26  -.2902571700625781E-01   3   0 1  0 1  0 1  0 0  0
    27  -.7871175480969055E-01   3   1 0  1 0  0 0  1 0  0
    28  0.4324982349067074       3   0 1  1 0  0 0  1 0  0
    29  -.1582358942593904       3   1 0  0 1  0 0  1 0  0
    30  -.2892878361885518E-01   3   0 1  0 1  0 0  1 0  0
    31  0.1576872537547242       3   1 0  1 0  0 0  0 1  0
    32  -.4388145740472071       3   0 1  1 0  0 0  0 1  0
    33  -.5390023251619334E-01   3   1 0  0 1  0 0  0 1  0
    34  -.1247877461387897       3   0 1  0 1  0 0  0 1  0
    35  -.1339616388091269E-01   3   0 0  1 0  0 2  0 0  0
    36  0.1858022524931806       3   0 0  0 1  0 2  0 0  0
    37  -.2744917427939281E-02   3   0 0  1 0  0 1  1 0  0
    38  0.1278949927090018       3   0 0  0 1  0 1  1 0  0
    39  -.1334684304535569E-01   3   0 0  1 0  0 0  2 0  0
    40  0.1849681959510640       3   0 0  0 1  0 0  2 0  0
    41  0.5418486150924384E-02   3   0 0  1 0  0 1  0 1  0
    42  -.1130721191474260E-01   3   0 0  0 1  0 1  0 1  0
    43  0.5400390742046512E-02   3   0 0  1 0  0 0  1 1  0
    44  -.1126945069930957E-01   3   0 0  0 1  0 0  1 1  0
    45  0.1866904746123679E-01   3   0 0  1 0  0 0  0 2  0
    46  0.1908927489593438E-01   3   0 0  0 1  0 0  0 2  0
    47   2.064163940894793       4   3 0  1 0  0 0  0 0  0
    48  -.5248973884368902       4   2 1  1 0  0 0  0 0  0
    49  0.3002596575480780       4   1 2  1 0  0 0  0 0  0
    50  -.5014376643188269       4   0 3  1 0  0 0  0 0  0
    51  -.9239882001401450       4   1 0  3 0  0 0  0 0  0
    52  -.1525181803438500       4   0 1  3 0  0 0  0 0  0
    53  -.5052764539990793       4   3 0  0 1  0 0  0 0  0
    54  0.2377728986624944E-01   4   2 1  0 1  0 0  0 0  0
    55  0.1237572237826548       4   1 2  0 1  0 0  0 0  0
    56  0.2355006500899881E-01   4   0 3  0 1  0 0  0 0  0
    57  -.5814446430142755       4   1 0  2 1  0 0  0 0  0
    58  -.2169708973687927       4   0 1  2 1  0 0  0 0  0
    59  -.4168177401274592       4   1 0  1 2  0 0  0 0  0
    60  0.2782833759867509E-01   4   0 1  1 2  0 0  0 0  0
    61  0.9578707247191171E-01   4   1 0  0 3  0 0  0 0  0
    62  0.1282270533733210       4   0 1  0 3  0 0  0 0  0
    63  -.2660326707880095E-01   4   2 0  1 0  0 1  0 0  0
    64  -.1314981724266649       4   1 1  1 0  0 1  0 0  0
    65  0.3465249829141892E-01   4   0 2  1 0  0 1  0 0  0
    66   1.025770504705606       4   0 0  3 0  0 1  0 0  0
    67  -.5863444002619299E-01   4   2 0  0 1  0 1  0 0  0
    68  -.2810209184908756E-01   4   1 1  0 1  0 1  0 0  0
    69  -.4471672447332093       4   0 2  0 1  0 1  0 0  0
    70  0.7618309170887736       4   0 0  2 1  0 1  0 0  0
    71  0.4697023133612339       4   0 0  1 2  0 1  0 0  0
    72  -.2478116666549213       4   0 0  0 3  0 1  0 0  0
    73  -.2651442363030454E-01   4   2 0  1 0  0 0  1 0  0
    74  -.1310590251943057       4   1 1  1 0  0 0  1 0  0
    75  0.3453677387914600E-01   4   0 2  1 0  0 0  1 0  0
    76   1.022344873232071       4   0 0  3 0  0 0  1 0  0
    77  -.5843862626252416E-01   4   2 0  0 1  0 0  1 0  0
    78  -.2800824297171321E-01   4   1 1  0 1  0 0  1 0  0
    79  -.4456738988235106       4   0 2  0 1  0 0  1 0  0
    80  0.7592867301043373       4   0 0  2 1  0 0  1 0  0
    81  0.4681337100328458       4   0 0  1 2  0 0  1 0  0
    82  -.2469840824721941       4   0 0  0 3  0 0  1 0  0
    83  0.5311769070910544E-01   4   2 0  1 0  0 0  0 1  0
    84  0.1117615562867293       4   1 1  1 0  0 0  0 1  0
    85  0.9367814627979754E-01   4   0 2  1 0  0 0  0 1  0
    86  -2.048115377937679       4   0 0  3 0  0 0  0 1  0
    87  0.7108718413361584E-01   4   2 0  0 1  0 0  0 1  0
    88  -.7441259583162720E-01   4   1 1  0 1  0 0  0 1  0
    89  0.3502305296395658E-01   4   0 2  0 1  0 0  0 1  0
    90  -.9890676988799867       4   0 0  2 1  0 0  0 1  0
    91  -.4474561710343958       4   0 0  1 2  0 0  0 1  0
    92  -.9154979296830429E-01   4   0 0  0 3  0 0  0 1  0
    93  0.4592337669636317E-01   4   1 0  1 0  0 2  0 0  0
    94  -.4451026800675473       4   0 1  1 0  0 2  0 0  0
    95  0.1020538947421685       4   1 0  0 1  0 2  0 0  0
    96  -.2327811387799028E-01   4   0 1  0 1  0 2  0 0  0
    97  0.1309113334773763E-01   4   1 0  1 0  0 1  1 0  0
    98  -.4561785806595474       4   0 1  1 0  0 1  1 0  0
    99  0.4571870286143771E-01   4   1 0  0 1  0 1  1 0  0
   100  -.7523292396389952E-01   4   0 1  0 1  0 1  1 0  0
   101  0.4574815303476665E-01   4   1 0  1 0  0 0  2 0  0
   102  -.4428545089698745       4   0 1  1 0  0 0  2 0  0
   103  0.1016367383260029       4   1 0  0 1  0 0  2 0  0
   104  -.2307475223454625E-01   4   0 1  0 1  0 0  2 0  0
   105  -.2596238779543015E-01   4   1 0  1 0  0 1  0 1  0
   106  0.4784890761155863       4   0 1  1 0  0 1  0 1  0
   107  0.6770571692496713E-01   4   1 0  0 1  0 1  0 1  0
   108  0.2088663027386530       4   0 1  0 1  0 1  0 1  0
   109  -.2587568460758044E-01   4   1 0  1 0  0 0  1 1  0
   110  0.4768911287858814       4   0 1  1 0  0 0  1 1  0
   111  0.6747960900533745E-01   4   1 0  0 1  0 0  1 1  0
   112  0.2081687792895577       4   0 1  0 1  0 0  1 1  0
   113  -.5292459067585684E-01   4   1 0  1 0  0 0  0 2  0
   114  -.3887552840352670E-01   4   0 1  1 0  0 0  0 2  0
   115  -.1369243044895889E-01   4   1 0  0 1  0 0  0 2  0
   116  -.2133592180592073E-01   4   0 1  0 1  0 0  0 2  0
   117  0.7490924197372184E-02   4   0 0  1 0  0 3  0 0  0
   118  -.1595339217340704       4   0 0  0 1  0 3  0 0  0
   119  -.4295962875366821E-02   4   0 0  1 0  0 2  1 0  0
   120  -.1070670496373882       4   0 0  0 1  0 2  1 0  0
   121  -.4237043506008592E-02   4   0 0  1 0  0 1  2 0  0
   122  -.1073272058978894       4   0 0  0 1  0 1  2 0  0
   123  0.7460549025068375E-02   4   0 0  1 0  0 0  3 0  0
   124  -.1585565810132727       4   0 0  0 1  0 0  3 0  0
   125  0.8615518045075654E-02   4   0 0  1 0  0 2  0 1  0
   126  0.2826205736005788E-01   4   0 0  0 1  0 2  0 1  0
   127  0.2255584761862933E-01   4   0 0  1 0  0 1  1 1  0
   128  0.4510353294354980E-01   4   0 0  0 1  0 1  1 1  0
   129  0.8549082521514872E-02   4   0 0  1 0  0 0  2 1  0
   130  0.2809236108451629E-01   4   0 0  0 1  0 0  2 1  0
   131  -.2531192800531470E-01   4   0 0  1 0  0 1  0 2  0
   132  -.3385300595971885E-01   4   0 0  0 1  0 1  0 2  0
   133  -.2522739707287600E-01   4   0 0  1 0  0 0  1 2  0
   134  -.3373995150732685E-01   4   0 0  0 1  0 0  1 2  0
   135  0.4400410051905709E-02   4   0 0  1 0  0 0  0 3  0
   136  0.3441710926414172E-02   4   0 0  0 1  0 0  0 3  0
   -------------------------------------------------------
     I  COEFFICIENT            ORDER EXPONENTS
     1  -.2462245310777546       1   0 0  1 0  0 0  0 0  0
     2  0.9377367286066915       1   0 0  0 1  0 0  0 0  0
     3  0.5277478948750310       2   1 0  1 0  0 0  0 0  0
     4  0.1416660622306604E-01   2   0 1  1 0  0 0  0 0  0
     5  -.3441185126620158E-01   2   1 0  0 1  0 0  0 0  0
     6  0.4117172910351311       2   0 1  0 1  0 0  0 0  0
     7  0.1258329625113304       2   0 0  1 0  0 1  0 0  0
     8  0.1065758168351232       2   0 0  0 1  0 1  0 0  0
     9  0.1254127346389071       2   0 0  1 0  0 0  1 0  0
    10  0.1062198995312103       2   0 0  0 1  0 0  1 0  0
    11  -.4974702282279921       2   0 0  1 0  0 0  0 1  0
    12  -.2127957163663335       2   0 0  0 1  0 0  0 1  0
    13  -.2829711381651538       3   2 0  1 0  0 0  0 0  0
    14  0.4009782896143685       3   1 1  1 0  0 0  0 0  0
    15  -.6616375518042893       3   0 2  1 0  0 0  0 0  0
    16  -3.933768140044060       3   0 0  3 0  0 0  0 0  0
    17  0.1863478554243041E-01   3   2 0  0 1  0 0  0 0  0
    18  -.9556550907968184E-02   3   1 1  0 1  0 0  0 0  0
    19  -.1541182463914038       3   0 2  0 1  0 0  0 0  0
    20  -3.204853894011150       3   0 0  2 1  0 0  0 0  0
    21  -1.114115438868744       3   0 0  1 2  0 0  0 0  0
    22  -.2214157271916664       3   0 0  0 3  0 0  0 0  0
    23  0.6598866026595734E-01   3   1 0  1 0  0 1  0 0  0
    24  -.1351794111597815       3   0 1  1 0  0 1  0 0  0
    25  0.4434482848735107E-01   3   1 0  0 1  0 1  0 0  0
    26  -.4517785190429395       3   0 1  0 1  0 1  0 0  0
    27  0.6576828657567615E-01   3   1 0  1 0  0 0  1 0  0
    28  -.1347279701763270       3   0 1  1 0  0 0  1 0  0
    29  0.4419673586872156E-01   3   1 0  0 1  0 0  1 0  0
    30  -.4502697734640781       3   0 1  0 1  0 0  1 0  0
    31  0.3959909480333976       3   1 0  1 0  0 0  0 1  0
    32  0.2699073813361090       3   0 1  1 0  0 0  0 1  0
    33  -.8854156435607273E-01   3   1 0  0 1  0 0  0 1  0
    34  0.4903310014718861       3   0 1  0 1  0 0  0 1  0
    35  -.9532262858475471E-01   3   0 0  1 0  0 2  0 0  0
    36  -.1213982188804772       3   0 0  0 1  0 2  0 0  0
    37  -.6501467401453195E-01   3   0 0  1 0  0 1  1 0  0
    38  -.1361204314439084       3   0 0  0 1  0 1  1 0  0
    39  -.9489573158256553E-01   3   0 0  1 0  0 0  2 0  0
    40  -.1207655093479613       3   0 0  0 1  0 0  2 0  0
    41  0.2556599311840415       3   0 0  1 0  0 1  0 1  0
    42  0.2723410523697395       3   0 0  0 1  0 1  0 1  0
    43  0.2548061371796630       3   0 0  1 0  0 0  1 1  0
    44  0.2714315506086207       3   0 0  0 1  0 0  1 1  0
    45  -.2552330341818523       3   0 0  1 0  0 0  0 2  0
    46  -.1654884433060133       3   0 0  0 1  0 0  0 2  0
    47  -.6104197295370088E-02   4   3 0  1 0  0 0  0 0  0
    48  -.4447417022709401       4   2 1  1 0  0 0  0 0  0
    49  0.5786282807903078       4   1 2  1 0  0 0  0 0  0
    50  0.1435249288898328       4   0 3  1 0  0 0  0 0  0
    51  -1.065707763805593       4   1 0  3 0  0 0  0 0  0
    52   1.847197913575855       4   0 1  3 0  0 0  0 0  0
    53  -2.026641457064827       4   3 0  0 1  0 0  0 0  0
    54  0.4530955810419977       4   2 1  0 1  0 0  0 0  0
    55  -.1262174312320480       4   1 2  0 1  0 0  0 0  0
    56  0.4770583721015113       4   0 3  0 1  0 0  0 0  0
    57  -2.863379174720425       4   1 0  2 1  0 0  0 0  0
    58   2.228903185925945       4   0 1  2 1  0 0  0 0  0
    59  -2.108519777131049       4   1 0  1 2  0 0  0 0  0
    60   1.247184940519953       4   0 1  1 2  0 0  0 0  0
    61  -.2584859572123417       4   1 0  0 3  0 0  0 0  0
    62  0.1021930738013664       4   0 1  0 3  0 0  0 0  0
    63  0.9134305423050129E-01   4   2 0  1 0  0 1  0 0  0
    64  -.2458803620372893       4   1 1  1 0  0 1  0 0  0
    65   1.027777702829349       4   0 2  1 0  0 1  0 0  0
    66   1.788579352114115       4   0 0  3 0  0 1  0 0  0
    67  0.8921143130841504E-01   4   2 0  0 1  0 1  0 0  0
    68  0.5481528045890693E-02   4   1 1  0 1  0 1  0 0  0
    69  0.4397806773803796       4   0 2  0 1  0 1  0 0  0
    70   3.246525026945887       4   0 0  2 1  0 1  0 0  0
    71   1.796441276592567       4   0 0  1 2  0 1  0 0  0
    72  0.4478329566134871       4   0 0  0 3  0 1  0 0  0
    73  0.9103800778977650E-01   4   2 0  1 0  0 0  1 0  0
    74  -.2450592275797717       4   1 1  1 0  0 0  1 0  0
    75   1.024345368178997       4   0 2  1 0  0 0  1 0  0
    76   1.782606267790272       4   0 0  3 0  0 0  1 0  0
    77  0.8891350356971789E-01   4   2 0  0 1  0 0  1 0  0
    78  0.5463222104249231E-02   4   1 1  0 1  0 0  1 0  0
    79  0.4383119994227127       4   0 2  0 1  0 0  1 0  0
    80   3.235683032307819       4   0 0  2 1  0 0  1 0  0
    81   1.790441936828707       4   0 0  1 2  0 0  1 0  0
    82  0.4463373875129699       4   0 0  0 3  0 0  1 0  0
    83  -.4653522001854312       4   2 0  1 0  0 0  0 1  0
    84  0.4909395896170602       4   1 1  1 0  0 0  0 1  0
    85  -1.390485519204056       4   0 2  1 0  0 0  0 1  0
    86  -7.504953759948440       4   0 0  3 0  0 0  0 1  0
    87  -.1781249348781337       4   2 0  0 1  0 0  0 1  0
    88  -.1388199242170762E-02   4   1 1  0 1  0 0  0 1  0
    89  -.5698561840202848       4   0 2  0 1  0 0  0 1  0
    90  -6.482208059253683       4   0 0  2 1  0 0  0 1  0
    91  -2.472767774552528       4   0 0  1 2  0 0  0 1  0
    92  -.4513388897431230       4   0 0  0 3  0 0  0 1  0
    93  -.6907808412719174E-01   4   1 0  1 0  0 2  0 0  0
    94  0.2349487477408614       4   0 1  1 0  0 2  0 0  0
    95  -.4561843513160595E-01   4   1 0  0 1  0 2  0 0  0
    96  0.5136594907389473       4   0 1  0 1  0 2  0 0  0
    97  -.7214613734637995E-01   4   1 0  1 0  0 1  1 0  0
    98  0.3340502035179307       4   0 1  1 0  0 1  1 0  0
    99  -.4688304061555862E-01   4   1 0  0 1  0 1  1 0  0
   100  0.5751221123138694       4   0 1  0 1  0 1  1 0  0
   101  -.6872692458725645E-01   4   1 0  1 0  0 0  2 0  0
   102  0.2336063282970699       4   0 1  1 0  0 0  2 0  0
   103  -.4538780463888971E-01   4   1 0  0 1  0 0  2 0  0
   104  0.5109837593642406       4   0 1  0 1  0 0  2 0  0
   105  0.2103023056007634       4   1 0  1 0  0 1  0 1  0
   106  -.6687682878398722       4   0 1  1 0  0 1  0 1  0
   107  0.9377508239141928E-01   4   1 0  0 1  0 1  0 1  0
   108  -.6988840557058855       4   0 1  0 1  0 1  0 1  0
   109  0.2095999865208929       4   1 0  1 0  0 0  1 1  0
   110  -.6665348899357433       4   0 1  1 0  0 0  1 1  0
   111  0.9346191402461625E-01   4   1 0  0 1  0 0  1 1  0
   112  -.6965500841141936       4   0 1  0 1  0 0  1 1  0
   113  -.2099511460608281       4   1 0  1 0  0 0  0 2  0
   114  0.5326978982197534       4   0 1  1 0  0 0  0 2  0
   115  -.4934771602998142E-01   4   1 0  0 1  0 0  0 2  0
   116  0.2073860684381530       4   0 1  0 1  0 0  0 2  0
   117  0.8242664349739927E-01   4   0 0  1 0  0 3  0 0  0
   118  0.1325066111965563       4   0 0  0 1  0 3  0 0  0
   119  0.5666265891399398E-01   4   0 0  1 0  0 2  1 0  0
   120  0.1546612699438259       4   0 0  0 1  0 2  1 0  0
   121  0.5679034090179011E-01   4   0 0  1 0  0 1  2 0  0
   122  0.1545480727093724       4   0 0  0 1  0 1  2 0  0
   123  0.8191944236509369E-01   4   0 0  1 0  0 0  3 0  0
   124  0.1315854526378146       4   0 0  0 1  0 0  3 0  0
   125  -.2086199608214371       4   0 0  1 0  0 2  0 1  0
   126  -.3093846657725406       4   0 0  0 1  0 2  0 1  0
   127  -.1618913256170365       4   0 0  1 0  0 1  1 1  0
   128  -.3461778224185801       4   0 0  0 1  0 1  1 1  0
   129  -.2076529364145058       4   0 0  1 0  0 0  2 1  0
   130  -.3077734119268938       4   0 0  0 1  0 0  2 1  0
   131  0.1617356580379347       4   0 0  1 0  0 1  0 2  0
   132  0.2101325246120910       4   0 0  0 1  0 1  0 2  0
   133  0.1611955306331925       4   0 0  1 0  0 0  1 2  0
   134  0.2094307725275631       4   0 0  0 1  0 0  1 2  0
   135  -.2256605149642497E-01   4   0 0  1 0  0 0  0 3  0
   136  -.2952880350920918E-01   4   0 0  0 1  0 0  0 3  0
   -------------------------------------------------------
     I  COEFFICIENT            ORDER EXPONENTS
     1  -.1997565094291431       1   1 0  0 0  0 0  0 0  0
     2  -.4782276954553476E-01   1   0 1  0 0  0 0  0 0  0
     3   1.000000000000000       1   0 0  0 0  1 0  0 0  0
     4  0.1192155902649474       1   0 0  0 0  0 1  0 0  0
     5  -.1262665627695051       1   0 0  0 0  0 0  1 0  0
     6  0.7050972504557566E-02   1   0 0  0 0  0 0  0 1  0
     7  0.1352646199286530E-01   2   2 0  0 0  0 0  0 0  0
     8  -.3911837253211224E-01   2   1 1  0 0  0 0  0 0  0
     9  -.1185069390450615       2   0 2  0 0  0 0  0 0  0
    10  -.8416042609345724E-01   2   0 0  2 0  0 0  0 0  0
    11  0.3898558434899652E-01   2   0 0  1 1  0 0  0 0  0
    12  -.1203071841939894       2   0 0  0 2  0 0  0 0  0
    13  0.9942873304103961E-01   2   1 0  0 0  0 1  0 0  0
    14  0.2376665293857128E-01   2   0 1  0 0  0 1  0 0  0
    15  -.9932785201079886E-01   2   1 0  0 0  0 0  1 0  0
    16  -.2381660545440446E-01   2   0 1  0 0  0 0  1 0  0
    17  -.1008810302407172E-03   2   1 0  0 0  0 0  0 1  0
    18  0.4787272206136788E-01   2   0 1  0 0  0 0  0 1  0
    19  -.8929649433228901E-01   2   0 0  0 0  0 2  0 0  0
    20  0.6048170991009906E-01   2   0 0  0 0  0 1  1 0  0
    21  0.2994075986144530E-01   2   0 0  0 0  0 0  2 0  0
    22  -.1104311510468338E-02   2   0 0  0 0  0 1  0 1  0
    23  0.5903333136515438E-02   2   0 0  0 0  0 0  1 1  0
    24  -.5924997065302331E-02   2   0 0  0 0  0 0  0 2  0
    25  0.2088545315122845       3   3 0  0 0  0 0  0 0  0
    26  0.7524453315301996E-01   3   2 1  0 0  0 0  0 0  0
    27  -.1090996602673806       3   1 2  0 0  0 0  0 0  0
    28  -.2301647015021582E-01   3   0 3  0 0  0 0  0 0  0
    29  0.3846126658113059E-01   3   1 0  2 0  0 0  0 0  0
    30  -.1618735872506036       3   0 1  2 0  0 0  0 0  0
    31  -.1510965582428412       3   1 0  1 1  0 0  0 0  0
    32  0.4085035482943390       3   0 1  1 1  0 0  0 0  0
    33  -.8484483911297548E-01   3   1 0  0 2  0 0  0 0  0
    34  0.2517329172254323E-01   3   0 1  0 2  0 0  0 0  0
    35  -.6867218825696424E-02   3   2 0  0 0  0 1  0 0  0
    36  0.1907322320781406E-01   3   1 1  0 0  0 1  0 0  0
    37  0.1663377761817187       3   0 2  0 0  0 1  0 0  0
    38  0.1064047985602187       3   0 0  2 0  0 1  0 0  0
    39  -.2068858344743861E-01   3   0 0  1 1  0 1  0 0  0
    40  0.1901597016400183       3   0 0  0 2  0 1  0 0  0
    41  0.6591982466972172E-02   3   2 0  0 0  0 0  1 0  0
    42  -.1984800493162490E-01   3   1 1  0 0  0 0  1 0  0
    43  0.4806554318725707E-01   3   0 2  0 0  0 0  1 0  0
    44  0.2245020678797179E-01   3   0 0  2 0  0 0  1 0  0
    45  0.1810613654568889E-01   3   0 0  1 1  0 0  1 0  0
    46  0.7001967253912715E-01   3   0 0  0 2  0 0  1 0  0
    47  0.2752363587242498E-03   3   2 0  0 0  0 0  0 1  0
    48  0.3989315425592307E-01   3   1 1  0 0  0 0  0 1  0
    49  0.2261055872114714E-01   3   0 2  0 0  0 0  0 1  0
    50  -.1288550053481905       3   0 0  2 0  0 0  0 1  0
    51  -.3640313744724669E-01   3   0 0  1 1  0 0  0 1  0
    52  -.1956500579116649E-01   3   0 0  0 2  0 0  0 1  0
    53  -.7677479382666555E-01   3   1 0  0 0  0 2  0 0  0
    54  -.7554716859336896E-02   3   0 1  0 0  0 2  0 0  0
    55  0.4581999408750344E-01   3   1 0  0 0  0 1  1 0  0
    56  0.3247466479607711E-01   3   0 1  0 0  0 1  1 0  0
    57  0.2266746352637744E-01   3   1 0  0 0  0 0  2 0  0
    58  0.1614342123627049E-01   3   0 1  0 0  0 0  2 0  0
    59  0.8300860524788053E-02   3   1 0  0 0  0 1  0 1  0
    60  -.6489853695454578E-01   3   0 1  0 0  0 1  0 1  0
    61  0.8172930870540589E-02   3   1 0  0 0  0 0  1 1  0
    62  -.1712829635980935E-01   3   0 1  0 0  0 0  1 1  0
    63  -.8186455182543965E-02   3   1 0  0 0  0 0  0 2  0
    64  -.6859305404190304E-02   3   0 1  0 0  0 0  0 2  0
    65  0.7491747607991121E-01   3   0 0  0 0  0 3  0 0  0
    66  -.4329596985594204E-01   3   0 0  0 0  0 2  1 0  0
    67  -.1321149491514997E-01   3   0 0  0 0  0 1  2 0  0
    68  -.1423697421944558E-01   3   0 0  0 0  0 0  3 0  0
    69  -.2863469719213661E-02   3   0 0  0 0  0 2  0 1  0
    70  -.7948490278014052E-02   3   0 0  0 0  0 1  1 1  0
    71  -.3959102149403877E-02   3   0 0  0 0  0 0  2 1  0
    72  0.7942026368689008E-02   3   0 0  0 0  0 1  0 2  0
    73  0.2030014151895463E-02   3   0 0  0 0  0 0  1 2  0
    74  0.6259845366734293E-03   3   0 0  0 0  0 0  0 3  0
    75  0.1453501378509366       4   4 0  0 0  0 0  0 0  0
    76   1.054140742049634       4   3 1  0 0  0 0  0 0  0
    77  0.6789848462196646E-01   4   2 2  0 0  0 0  0 0  0
    78  -.2222988320916790E-01   4   1 3  0 0  0 0  0 0  0
    79  -.7611140819627983E-01   4   0 4  0 0  0 0  0 0  0
    80  -.1223878127944226       4   2 0  2 0  0 0  0 0  0
    81  0.4268478226559375       4   1 1  2 0  0 0  0 0  0
    82  -.5661766450374204       4   0 2  2 0  0 0  0 0  0
    83  -.6509286740858852       4   0 0  4 0  0 0  0 0  0
    84  0.2982088336349598E-01   4   2 0  1 1  0 0  0 0  0
    85  -.1772162045553425       4   1 1  1 1  0 0  0 0  0
    86  -.7900034916972526E-02   4   0 2  1 1  0 0  0 0  0
    87  -.5030540694220420E-01   4   0 0  3 1  0 0  0 0  0
    88  -.5087097404663952E-01   4   2 0  0 2  0 0  0 0  0
    89  0.3312940282547957E-01   4   1 1  0 2  0 0  0 0  0
    90  -.2136567374354358       4   0 2  0 2  0 0  0 0  0
    91  0.4888854902485873E-01   4   0 0  2 2  0 0  0 0  0
    92  -.2187201879321976E-02   4   0 0  1 3  0 0  0 0  0
    93  -.8627765422087937E-01   4   0 0  0 4  0 0  0 0  0
    94  -.9768084750051609E-01   4   3 0  0 0  0 1  0 0  0
    95  -.1023049690667082       4   2 1  0 0  0 1  0 0  0
    96  0.1692954301182308       4   1 2  0 0  0 1  0 0  0
    97  0.1564538039865501E-01   4   0 3  0 0  0 1  0 0  0
    98  -.2099779764214053E-01   4   1 0  2 0  0 1  0 0  0
    99  0.1974762616686697       4   0 1  2 0  0 1  0 0  0
   100  0.2312159570128985       4   1 0  1 1  0 1  0 0  0
   101  -.8355592661193041       4   0 1  1 1  0 1  0 0  0
   102  0.1247764856513580       4   1 0  0 2  0 1  0 0  0
   103  -.1189334645151969       4   0 1  0 2  0 1  0 0  0
   104  0.1101072569709399       4   3 0  0 0  0 0  1 0  0
   105  -.2722051085424022E-01   4   2 1  0 0  0 0  1 0  0
   106  0.6035787101363820E-01   4   1 2  0 0  0 0  1 0  0
   107  -.7269865092002253E-02   4   0 3  0 0  0 0  1 0  0
   108  0.1727713336854294E-01   4   1 0  2 0  0 0  1 0  0
   109  0.3602255952477272E-01   4   0 1  2 0  0 0  1 0  0
   110  0.8035474676023996E-01   4   1 0  1 1  0 0  1 0  0
   111  -.4269892056466041       4   0 1  1 1  0 0  1 0  0
   112  0.4008069099727067E-01   4   1 0  0 2  0 0  1 0  0
   113  -.9353084141376200E-01   4   0 1  0 2  0 0  1 0  0
   114  -.2230897142224358       4   3 0  0 0  0 0  0 1  0
   115  0.5428094676792829E-01   4   2 1  0 0  0 0  0 1  0
   116  -.1145398059710762E-01   4   1 2  0 0  0 0  0 1  0
   117  0.6067389514399465E-01   4   0 3  0 0  0 0  0 1  0
   118  0.3720664273597421E-02   4   1 0  2 0  0 0  0 1  0
   119  -.7162523394283873E-01   4   0 1  2 0  0 0  0 1  0
   120  -.1604741455302967       4   1 0  1 1  0 0  0 1  0
   121  0.4455413751772303       4   0 1  1 1  0 0  0 1  0
   122  0.4832501577322311E-02   4   1 0  0 2  0 0  0 1  0
   123  0.1369444307613292       4   0 1  0 2  0 0  0 1  0
   124  0.2430756675132397E-02   4   2 0  0 0  0 2  0 0  0
   125  -.3386573194036948E-02   4   1 1  0 0  0 2  0 0  0
   126  -.2021366232937277       4   0 2  0 0  0 2  0 0  0
   127  -.1233773322396870       4   0 0  2 0  0 2  0 0  0
   128  -.1209047929292714E-01   4   0 0  1 1  0 2  0 0  0
   129  -.2554988052412348       4   0 0  0 2  0 2  0 0  0
   130  -.8887321319182028E-02   4   2 0  0 0  0 1  1 0  0
   131  0.3140109429208756E-01   4   1 1  0 0  0 1  1 0  0
   132  -.7167962518217827E-01   4   0 2  0 0  0 1  1 0  0
   133  -.3398165349456096E-01   4   0 0  2 0  0 1  1 0  0
   134  -.6546012297909835E-01   4   0 0  1 1  0 1  1 0  0
   135  -.1307094693691543       4   0 0  0 2  0 1  1 0  0
   136  -.4417355506740899E-02   4   2 0  0 0  0 0  2 0  0
   137  0.1561626159023690E-01   4   1 1  0 0  0 0  2 0  0
   138  -.3599667571852704E-01   4   0 2  0 0  0 0  2 0  0
   139  -.1711103925369405E-01   4   0 0  2 0  0 0  2 0  0
   140  -.3258622611153362E-01   4   0 0  1 1  0 0  2 0  0
   141  -.6545255290961534E-01   4   0 0  0 2  0 0  2 0  0
   142  0.1089302679461363E-01   4   2 0  0 0  0 1  0 1  0
   143  -.6277439431964178E-01   4   1 1  0 0  0 1  0 1  0
   144  -.2306045677552285E-01   4   0 2  0 0  0 1  0 1  0
   145  0.1743315194137165       4   0 0  2 0  0 1  0 1  0
   146  0.1310182484598298       4   0 0  1 1  0 1  0 1  0
   147  0.7122797493156924E-01   4   0 0  0 2  0 1  0 1  0
   148  0.1113004986569163E-01   4   2 0  0 0  0 0  1 1  0
   149  -.2293760760931154E-01   4   1 1  0 0  0 0  1 1  0
   150  -.5236529425389214E-03   4   0 2  0 0  0 0  1 1  0
   151  0.4575352521397730E-01   4   0 0  2 0  0 0  1 1  0
   152  0.9442030211078781E-01   4   0 0  1 1  0 0  1 1  0
   153  0.5155555757100361E-01   4   0 0  0 2  0 0  1 1  0
   154  -.1114915650951475E-01   4   2 0  0 0  0 0  0 2  0
   155  0.2962846708553573E-02   4   1 1  0 0  0 0  0 2  0
   156  -.2212378322268981E-01   4   0 2  0 0  0 0  0 2  0
   157  -.4561501963975162E-01   4   0 0  2 0  0 0  0 2  0
   158  -.7631613783806213E-01   4   0 0  1 1  0 0  0 2  0
   159  -.3204425756453672E-01   4   0 0  0 2  0 0  0 2  0
   160  0.6647555762203902E-01   4   1 0  0 0  0 3  0 0  0
   161  -.5319190942263852E-02   4   0 1  0 0  0 3  0 0  0
   162  -.3102405213527417E-01   4   1 0  0 0  0 2  1 0  0
   163  -.3865542057128439E-01   4   0 1  0 0  0 2  1 0  0
   164  -.8238356765120840E-02   4   1 0  0 0  0 1  2 0  0
   165  -.2245104556008551E-01   4   0 1  0 0  0 1  2 0  0
   166  -.1018237194150620E-01   4   1 0  0 0  0 0  3 0  0
   167  -.1281340135448605E-01   4   0 1  0 0  0 0  3 0  0
   168  -.1485303307751186E-01   4   1 0  0 0  0 2  0 1  0
   169  0.7727714397608690E-01   4   0 1  0 0  0 2  0 1  0
   170  -.1311517037421685E-01   4   1 0  0 0  0 1  1 1  0
   171  0.2478893787450842E-01   4   0 1  0 0  0 1  1 1  0
   172  -.6549454463115357E-02   4   1 0  0 0  0 0  2 1  0
   173  0.1246098591473183E-01   4   0 1  0 0  0 0  2 1  0
   174  0.1310975773983222E-01   4   1 0  0 0  0 1  0 2  0
   175  0.7676192518477558E-02   4   0 1  0 0  0 1  0 2  0
   176  0.4934108779683189E-02   4   1 0  0 0  0 0  1 2  0
   177  0.8369896877279126E-03   4   0 1  0 0  0 0  1 2  0
   178  -.5569853848091604E-03   4   1 0  0 0  0 0  0 3  0
   179  0.4021578002121835E-02   4   0 1  0 0  0 0  0 3  0
   180  -.6631237257708708E-01   4   0 0  0 0  0 4  0 0  0
   181  0.3449825117086149E-01   4   0 0  0 0  0 3  1 0  0
   182  0.8489363893204335E-02   4   0 0  0 0  0 2  2 0  0
   183  0.5735766102102869E-02   4   0 0  0 0  0 1  3 0  0
   184  0.8461656456447472E-02   4   0 0  0 0  0 0  4 0  0
   185  0.5998810897753261E-02   4   0 0  0 0  0 3  0 1  0
   186  0.9414428268832833E-02   4   0 0  0 0  0 2  1 1  0
   187  0.5448458652732337E-02   4   0 0  0 0  0 1  2 1  0
   188  0.3128530730443788E-02   4   0 0  0 0  0 0  3 1  0
   189  -.9410225902225865E-02   4   0 0  0 0  0 2  0 2  0
   190  -.2940151504544058E-02   4   0 0  0 0  0 1  1 2  0
   191  -.1478372197926032E-02   4   0 0  0 0  0 0  2 2  0
   192  -.6884919323571770E-03   4   0 0  0 0  0 1  0 3  0
   193  -.6438218509679811E-04   4   0 0  0 0  0 0  1 3  0
   194  -.2812698731415623E-03   4   0 0  0 0  0 0  0 4  0
   -------------------------------------------------------
     I  COEFFICIENT            ORDER EXPONENTS
     1   1.000000000000000       1   0 0  0 0  0 1  0 0  0
     -----------------------------------------------------
     I  COEFFICIENT            ORDER EXPONENTS
     1   1.000000000000000       1   0 0  0 0  0 0  1 0  0
     -----------------------------------------------------
     I  COEFFICIENT            ORDER EXPONENTS
     1   1.000000000000000       1   0 0  0 0  0 0  0 1  0
     -----------------------------------------------------
