     I  COEFFICIENT            ORDER EXPONENTS
     1   1.000000000000000       1   1 0  0 0  0 0  0 0
     2   2.365000000000000       1   0 1  0 0  0 0  0 0
     3  -1.184477822763840       2   0 1  0 0  0 1  0 0
     4  -1.180522177236160       2   0 1  0 0  0 0  1 0
     5   1.182500000000000       3   0 3  0 0  0 0  0 0
     6   1.182500000000000       3   0 1  0 2  0 0  0 0
     7  0.8878663924281472       3   0 1  0 0  0 2  0 0
     8  0.5932228606713850       3   0 1  0 0  0 1  1 0
     9  0.8839107469004678       3   0 1  0 0  0 0  2 0
    10  -1.776716734145760       4   0 3  0 0  0 1  0 0
    11  -1.776716734145760       4   0 1  0 2  0 1  0 0
    12  -1.770783265854240       4   0 3  0 0  0 0  1 0
    13  -1.770783265854240       4   0 1  0 2  0 0  1 0
    14  -.7398054275176718       4   0 1  0 0  0 3  0 0
    15  -.4441828947314264       4   0 1  0 0  0 2  1 0
    16  -.4456513962756512       4   0 1  0 0  0 1  2 0
    17  -.7353602814752507       4   0 1  0 0  0 0  3 0
    ---------------------------------------------------
     I  COEFFICIENT            ORDER EXPONENTS
     1   1.000000000000000       1   0 1  0 0  0 0  0 0
     --------------------------------------------------
     I  COEFFICIENT            ORDER EXPONENTS
     1   1.000000000000000       1   0 0  1 0  0 0  0 0
     2   2.365000000000000       1   0 0  0 1  0 0  0 0
     3  -1.184477822763840       2   0 0  0 1  0 1  0 0
     4  -1.180522177236160       2   0 0  0 1  0 0  1 0
     5   1.182500000000000       3   0 2  0 1  0 0  0 0
     6   1.182500000000000       3   0 0  0 3  0 0  0 0
     7  0.8878663924281472       3   0 0  0 1  0 2  0 0
     8  0.5932228606713850       3   0 0  0 1  0 1  1 0
     9  0.8839107469004678       3   0 0  0 1  0 0  2 0
    10  -1.776716734145760       4   0 2  0 1  0 1  0 0
    11  -1.776716734145760       4   0 0  0 3  0 1  0 0
    12  -1.770783265854240       4   0 2  0 1  0 0  1 0
    13  -1.770783265854240       4   0 0  0 3  0 0  1 0
    14  -.7398054275176718       4   0 0  0 1  0 3  0 0
    15  -.4441828947314264       4   0 0  0 1  0 2  1 0
    16  -.4456513962756512       4   0 0  0 1  0 1  2 0
    17  -.7353602814752507       4   0 0  0 1  0 0  3 0
    ---------------------------------------------------
     I  COEFFICIENT            ORDER EXPONENTS
     1   1.000000000000000       1   0 0  0 1  0 0  0 0
     --------------------------------------------------
     I  COEFFICIENT            ORDER EXPONENTS
     1   1.000000000000000       1   0 0  0 0  1 0  0 0
     2  0.5892738312669785       1   0 0  0 0  0 1  0 0
     3  -.5892738312669784       1   0 0  0 0  0 0  1 0
     4  -.5922389113819201       2   0 2  0 0  0 0  0 0
     5  -.5922389113819201       2   0 0  0 2  0 0  0 0
     6  -.4426945780153174       2   0 0  0 0  0 2  0 0
     7  0.2961153247636563       2   0 0  0 0  0 1  1 0
     8  0.1465792532516610       2   0 0  0 0  0 0  2 0
     9  0.8878663924281475       3   0 2  0 0  0 1  0 0
    10  0.8878663924281475       3   0 0  0 2  0 1  0 0
    11  0.2966114303356927       3   0 2  0 0  0 0  1 0
    12  0.2966114303356927       3   0 0  0 2  0 0  1 0
    13  0.3690363794209802       3   0 0  0 0  0 3  0 0
    14  -.2217199822323060       3   0 0  0 0  0 2  1 0
    15  -.7439534253135009E-01   3   0 0  0 0  0 1  2 0
    16  -.7292105465732399E-01   3   0 0  0 0  0 0  3 0
    17  -.4441791835364401       4   0 4  0 0  0 0  0 0
    18  -.8883583670728802       4   0 2  0 2  0 0  0 0
    19  -.4441791835364401       4   0 0  0 4  0 0  0 0
    20  -1.109708141276508       4   0 2  0 0  0 2  0 0
    21  -1.109708141276508       4   0 0  0 2  0 2  0 0
    22  -.4441828947314265       4   0 2  0 0  0 1  1 0
    23  -.4441828947314265       4   0 0  0 2  0 1  1 0
    24  -.2228256981378261       4   0 2  0 0  0 0  2 0
    25  -.2228256981378261       4   0 0  0 2  0 0  2 0
    26  -.3229532913650542       4   0 0  0 0  0 4  0 0
    27  0.1847040271972759       4   0 0  0 0  0 3  1 0
    28  0.5552393255254472E-01   4   0 0  0 0  0 2  2 0
    29  0.3737938749632008E-01   4   0 0  0 0  0 1  3 0
    30  0.4534594411891297E-01   4   0 0  0 0  0 0  4 0
    ---------------------------------------------------
     I  COEFFICIENT            ORDER EXPONENTS
     1   1.000000000000000       1   0 0  0 0  0 1  0 0
     --------------------------------------------------
     I  COEFFICIENT            ORDER EXPONENTS
     1   1.000000000000000       1   0 0  0 0  0 0  1 0
     --------------------------------------------------
     I  COEFFICIENT            ORDER EXPONENTS
     1   1.000000000000000       1   0 0  0 0  0 0  0 1
     --------------------------------------------------
