     I  COEFFICIENT            ORDER EXPONENTS
     1   1.000000000000000       1   1 0  0 0  0 0  0 0  0
     2  0.2222500000000000       1   0 1  0 0  0 0  0 0  0
     3  -.1113108651624792       2   0 1  0 0  0 1  0 0  0
     4  -.1109391348375208       2   0 1  0 0  0 0  1 0  0
     5  0.1111250000000000       3   0 3  0 0  0 0  0 0  0
     6  0.1111250000000000       3   0 1  0 2  0 0  0 0  0
     7  0.8343691573664090E-01   3   0 1  0 0  0 2  0 0  0
     8  0.5574789885167666E-01   3   0 1  0 0  0 1  1 0  0
     9  0.8306518541168244E-01   3   0 1  0 0  0 0  2 0  0
    10  -.1669662977437189       4   0 3  0 0  0 1  0 0  0
    11  -.1669662977437189       4   0 1  0 2  0 1  0 0  0
    12  -.1664087022562812       4   0 3  0 0  0 0  1 0  0
    13  -.1664087022562812       4   0 1  0 2  0 0  1 0  0
    14  -.6952294133860573E-01   4   0 1  0 0  0 3  0 0  0
    15  -.4174192319410550E-01   4   0 1  0 0  0 2  1 0  0
    16  -.4187992508340950E-01   4   0 1  0 0  0 1  2 0  0
    17  -.6910521038387926E-01   4   0 1  0 0  0 0  3 0  0
    ------------------------------------------------------
     I  COEFFICIENT            ORDER EXPONENTS
     1   1.000000000000000       1   0 1  0 0  0 0  0 0  0
     -----------------------------------------------------
     I  COEFFICIENT            ORDER EXPONENTS
     1   1.000000000000000       1   0 0  1 0  0 0  0 0  0
     2  0.2222500000000000       1   0 0  0 1  0 0  0 0  0
     3  -.1113108651624792       2   0 0  0 1  0 1  0 0  0
     4  -.1109391348375208       2   0 0  0 1  0 0  1 0  0
     5  0.1111250000000000       3   0 2  0 1  0 0  0 0  0
     6  0.1111250000000000       3   0 0  0 3  0 0  0 0  0
     7  0.8343691573664090E-01   3   0 0  0 1  0 2  0 0  0
     8  0.5574789885167666E-01   3   0 0  0 1  0 1  1 0  0
     9  0.8306518541168244E-01   3   0 0  0 1  0 0  2 0  0
    10  -.1669662977437189       4   0 2  0 1  0 1  0 0  0
    11  -.1669662977437189       4   0 0  0 3  0 1  0 0  0
    12  -.1664087022562812       4   0 2  0 1  0 0  1 0  0
    13  -.1664087022562812       4   0 0  0 3  0 0  1 0  0
    14  -.6952294133860573E-01   4   0 0  0 1  0 3  0 0  0
    15  -.4174192319410550E-01   4   0 0  0 1  0 2  1 0  0
    16  -.4187992508340950E-01   4   0 0  0 1  0 1  2 0  0
    17  -.6910521038387926E-01   4   0 0  0 1  0 0  3 0  0
    ------------------------------------------------------
     I  COEFFICIENT            ORDER EXPONENTS
     1   1.000000000000000       1   0 0  0 1  0 0  0 0  0
     -----------------------------------------------------
     I  COEFFICIENT            ORDER EXPONENTS
     1   1.000000000000000       1   0 0  0 0  1 0  0 0  0
     2  0.5537679027445495E-01   1   0 0  0 0  0 1  0 0  0
     3  -.5537679027445493E-01   1   0 0  0 0  0 0  1 0  0
     4  -.5565543258123963E-01   2   0 2  0 0  0 0  0 0  0
     5  -.5565543258123963E-01   2   0 0  0 2  0 0  0 0  0
     6  -.4160205918135487E-01   2   0 0  0 0  0 2  0 0  0
     7  0.2782732808825479E-01   2   0 0  0 0  0 1  1 0  0
     8  0.1377473109310007E-01   2   0 0  0 0  0 0  2 0  0
     9  0.8343691573664092E-01   3   0 2  0 0  0 1  0 0  0
    10  0.8343691573664092E-01   3   0 0  0 2  0 1  0 0  0
    11  0.2787394942583836E-01   3   0 2  0 0  0 0  1 0  0
    12  0.2787394942583836E-01   3   0 0  0 2  0 0  1 0  0
    13  0.3468005722042826E-01   3   0 0  0 0  0 3  0 0  0
    14  -.2083605329857506E-01   3   0 0  0 0  0 2  1 0  0
    15  -.6991274789679729E-02   3   0 0  0 0  0 1  2 0  0
    16  -.6852729132173475E-02   3   0 0  0 0  0 0  3 0  0
    17  -.4174157443592972E-01   4   0 4  0 0  0 0  0 0  0
    18  -.8348314887185944E-01   4   0 2  0 2  0 0  0 0  0
    19  -.4174157443592972E-01   4   0 0  0 4  0 0  0 0  0
    20  -.1042844120079086       4   0 2  0 0  0 2  0 0  0
    21  -.1042844120079086       4   0 0  0 2  0 2  0 0  0
    22  -.4174192319410552E-01   4   0 2  0 0  0 1  1 0  0
    23  -.4174192319410552E-01   4   0 0  0 2  0 1  1 0  0
    24  -.2093996254170479E-01   4   0 2  0 0  0 0  2 0  0
    25  -.2093996254170479E-01   4   0 0  0 2  0 0  2 0  0
    26  -.3034941607014092E-01   4   0 0  0 0  0 4  0 0  0
    27  0.1735749261927890E-01   4   0 0  0 0  0 3  1 0  0
    28  0.5217841018944213E-02   4   0 0  0 0  0 2  2 0  0
    29  0.3512714110383565E-02   4   0 0  0 0  0 1  3 0  0
    30  0.4261368321534207E-02   4   0 0  0 0  0 0  4 0  0
    ------------------------------------------------------
     I  COEFFICIENT            ORDER EXPONENTS
     1   1.000000000000000       1   0 0  0 0  0 1  0 0  0
     -----------------------------------------------------
     I  COEFFICIENT            ORDER EXPONENTS
     1   1.000000000000000       1   0 0  0 0  0 0  1 0  0
     -----------------------------------------------------
     I  COEFFICIENT            ORDER EXPONENTS
     1   1.000000000000000       1   0 0  0 0  0 0  0 1  0
     -----------------------------------------------------
