     I  COEFFICIENT            ORDER EXPONENTS
     1   1.000000000000000       1   1 0  0 0  0 0  0 0  0
     2  0.2001090000000000       1   0 1  0 0  0 0  0 0  0
     3  -.1002218488944817       2   0 1  0 0  0 1  0 0  0
     4  -.9988715110551831E-01   2   0 1  0 0  0 0  1 0  0
     5  0.1000545000000000       3   0 3  0 0  0 0  0 0  0
     6  0.1000545000000000       3   0 1  0 2  0 0  0 0  0
     7  0.7512475937522373E-01   3   0 1  0 0  0 2  0 0  0
     8  0.5019417903851593E-01   3   0 1  0 0  0 1  1 0  0
     9  0.7479006158626034E-01   3   0 1  0 0  0 0  2 0  0
    10  -.1503327733417226       4   0 3  0 0  0 1  0 0  0
    11  -.1503327733417226       4   0 1  0 2  0 1  0 0  0
    12  -.1498307266582775       4   0 3  0 0  0 0  1 0  0
    13  -.1498307266582775       4   0 1  0 2  0 0  1 0  0
    14  -.6259692359202274E-01   4   0 1  0 0  0 3  0 0  0
    15  -.3758350734960296E-01   4   0 1  0 0  0 2  1 0  0
    16  -.3770776120817095E-01   4   0 1  0 0  0 1  2 0  0
    17  -.6222080785020335E-01   4   0 1  0 0  0 0  3 0  0
    ------------------------------------------------------
     I  COEFFICIENT            ORDER EXPONENTS
     1   1.000000000000000       1   0 1  0 0  0 0  0 0  0
     -----------------------------------------------------
     I  COEFFICIENT            ORDER EXPONENTS
     1   1.000000000000000       1   0 0  1 0  0 0  0 0  0
     2  0.2001090000000000       1   0 0  0 1  0 0  0 0  0
     3  -.1002218488944817       2   0 0  0 1  0 1  0 0  0
     4  -.9988715110551831E-01   2   0 0  0 1  0 0  1 0  0
     5  0.1000545000000000       3   0 2  0 1  0 0  0 0  0
     6  0.1000545000000000       3   0 0  0 3  0 0  0 0  0
     7  0.7512475937522373E-01   3   0 0  0 1  0 2  0 0  0
     8  0.5019417903851593E-01   3   0 0  0 1  0 1  1 0  0
     9  0.7479006158626034E-01   3   0 0  0 1  0 0  2 0  0
    10  -.1503327733417226       4   0 2  0 1  0 1  0 0  0
    11  -.1503327733417226       4   0 0  0 3  0 1  0 0  0
    12  -.1498307266582775       4   0 2  0 1  0 0  1 0  0
    13  -.1498307266582775       4   0 0  0 3  0 0  1 0  0
    14  -.6259692359202274E-01   4   0 0  0 1  0 3  0 0  0
    15  -.3758350734960296E-01   4   0 0  0 1  0 2  1 0  0
    16  -.3770776120817095E-01   4   0 0  0 1  0 1  2 0  0
    17  -.6222080785020335E-01   4   0 0  0 1  0 0  3 0  0
    ------------------------------------------------------
     I  COEFFICIENT            ORDER EXPONENTS
     1   1.000000000000000       1   0 0  0 1  0 0  0 0  0
     -----------------------------------------------------
     I  COEFFICIENT            ORDER EXPONENTS
     1   1.000000000000000       1   0 0  0 0  1 0  0 0  0
     2  0.4986004105750689E-01   1   0 0  0 0  0 1  0 0  0
     3  -.4986004105750688E-01   1   0 0  0 0  0 0  1 0  0
     4  -.5011092444724086E-01   2   0 2  0 0  0 0  0 0  0
     5  -.5011092444724086E-01   2   0 0  0 2  0 0  0 0  0
     6  -.3745757687613832E-01   2   0 0  0 0  0 2  0 0  0
     7  0.2505511269476976E-01   2   0 0  0 0  0 1  1 0  0
     8  0.1240246418136856E-01   2   0 0  0 0  0 0  2 0  0
     9  0.7512475937522375E-01   3   0 2  0 0  0 1  0 0  0
    10  0.7512475937522375E-01   3   0 0  0 2  0 1  0 0  0
    11  0.2509708951925799E-01   3   0 2  0 0  0 0  1 0  0
    12  0.2509708951925799E-01   3   0 0  0 2  0 0  1 0  0
    13  0.3122515892158685E-01   3   0 0  0 0  0 3  0 0  0
    14  -.1876032301248394E-01   3   0 0  0 0  0 2  1 0  0
    15  -.6294789682285810E-02   3   0 0  0 0  0 1  2 0  0
    16  -.6170046226817105E-02   3   0 0  0 0  0 0  3 0  0
    17  -.3758319333543065E-01   4   0 4  0 0  0 0  0 0  0
    18  -.7516638667086130E-01   4   0 2  0 2  0 0  0 0  0
    19  -.3758319333543065E-01   4   0 0  0 4  0 0  0 0  0
    20  -.9389538538803413E-01   4   0 2  0 0  0 2  0 0  0
    21  -.9389538538803413E-01   4   0 0  0 2  0 2  0 0  0
    22  -.3758350734960295E-01   4   0 2  0 0  0 1  1 0  0
    23  -.3758350734960295E-01   4   0 0  0 2  0 1  1 0  0
    24  -.1885388060408550E-01   4   0 2  0 0  0 0  2 0  0
    25  -.1885388060408550E-01   4   0 0  0 2  0 0  2 0  0
    26  -.2732594510857067E-01   4   0 0  0 0  0 4  0 0  0
    27  0.1562830366952207E-01   4   0 0  0 0  0 3  1 0  0
    28  0.4698029014442780E-02   4   0 0  0 0  0 2  2 0  0
    29  0.3162770339323937E-02   4   0 0  0 0  0 1  3 0  0
    30  0.3836842085281832E-02   4   0 0  0 0  0 0  4 0  0
    ------------------------------------------------------
     I  COEFFICIENT            ORDER EXPONENTS
     1   1.000000000000000       1   0 0  0 0  0 1  0 0  0
     -----------------------------------------------------
     I  COEFFICIENT            ORDER EXPONENTS
     1   1.000000000000000       1   0 0  0 0  0 0  1 0  0
     -----------------------------------------------------
     I  COEFFICIENT            ORDER EXPONENTS
     1   1.000000000000000       1   0 0  0 0  0 0  0 1  0
     -----------------------------------------------------
