     I  COEFFICIENT            ORDER EXPONENTS
     1  -.5354661649806763E-04   0   0 0  0 0  0 0  0 0  0
     2  0.9999961103682253       1   1 0  0 0  0 0  0 0  0
     3  0.2599996327997061       1   0 1  0 0  0 0  0 0  0
     4  0.1214472848387710E-05   1   0 0  1 0  0 0  0 0  0
     5  0.1453117805795982E-06   1   0 0  0 1  0 0  0 0  0
     6  -.3970616610611344E-10   1   0 0  0 0  0 1  0 0  0
     7  -.3957356468945779E-10   1   0 0  0 0  0 0  1 0  0
     8  0.7927983962322587E-10   1   0 0  0 0  0 0  0 1  0
     9  0.4576428259687289E-01   2   2 0  0 0  0 0  0 0  0
    10  0.6442490846596974E-02   2   1 1  0 0  0 0  0 0  0
    11  0.4188104233695403E-03   2   0 2  0 0  0 0  0 0  0
    12  0.4520937253491367E-06   2   1 0  1 0  0 0  0 0  0
    13  0.3443784437548391E-07   2   0 1  1 0  0 0  0 0  0
    14  -.4576436489039696E-01   2   0 0  2 0  0 0  0 0  0
    15  0.3294759745001481E-07   2   1 0  0 1  0 0  0 0  0
    16  0.4420815603273930E-08   2   0 1  0 1  0 0  0 0  0
    17  -.6442502030678348E-02   2   0 0  1 1  0 0  0 0  0
    18  -.4188102839623279E-03   2   0 0  0 2  0 0  0 0  0
    19  0.1948066406156454E-05   2   1 0  0 0  0 1  0 0  0
    20  -.1302170744100116       2   0 1  0 0  0 1  0 0  0
    21  -.5936700921779632E-06   2   0 0  1 0  0 1  0 0  0
    22  -.1417634694826266E-06   2   0 0  0 1  0 1  0 0  0
    23  0.1941560703796300E-05   2   1 0  0 0  0 0  1 0  0
    24  -.1297822054929929       2   0 1  0 0  0 0  1 0  0
    25  -.5916874898869553E-06   2   0 0  1 0  0 0  1 0  0
    26  -.1412900405815127E-06   2   0 0  0 1  0 0  1 0  0
    27  -.3889628345458758E-05   2   1 0  0 0  0 0  0 1  0
    28  -.3528972050712038E-06   2   0 1  0 0  0 0  0 1  0
    29  0.1185358111549780E-05   2   0 0  1 0  0 0  0 1  0
    30  0.1377418088250540E-06   2   0 0  0 1  0 0  0 1  0
    31  0.3290196099212455E-10   2   0 0  0 0  0 2  0 0  0
    32  0.2364928042936799E-10   2   0 0  0 0  0 1  1 0  0
    33  0.3275259335823469E-10   2   0 0  0 0  0 0  2 0  0
    34  -.3970616683549716E-10   2   0 0  0 0  0 1  0 1  0
    35  -.3957356534794699E-10   2   0 0  0 0  0 0  1 1  0
    36  0.6907923797211358E-03   3   3 0  0 0  0 0  0 0  0
    37  0.6732071510869988E-04   3   2 1  0 0  0 0  0 0  0
    38  -.7702191863901597E-05   3   1 2  0 0  0 0  0 0  0
    39  0.1299986844958652       3   0 3  0 0  0 0  0 0  0
    40  0.7475441957407147E-04   3   2 0  1 0  0 0  0 0  0
    41  -.7493032382219382E-05   3   1 1  1 0  0 0  0 0  0
    42  0.1188220701959540E-05   3   0 2  1 0  0 0  0 0  0
    43  0.5457881061782661E-03   3   1 0  2 0  0 0  0 0  0
    44  -.6211692153586895E-04   3   0 1  2 0  0 0  0 0  0
    45  -.2502646763395706E-04   3   0 0  3 0  0 0  0 0  0
    46  0.3782327765388961E-05   3   2 0  0 1  0 0  0 0  0
    47  0.1550303397782764E-05   3   1 1  0 1  0 0  0 0  0
    48  0.3299388668497569E-06   3   0 2  0 1  0 0  0 0  0
    49  0.1680128340162915E-03   3   1 0  1 1  0 0  0 0  0
    50  0.4508457701778091E-05   3   0 1  1 1  0 0  0 0  0
    51  0.1121475895613383E-04   3   0 0  2 1  0 0  0 0  0
    52  -.2692301906487979E-05   3   1 0  0 2  0 0  0 0  0
    53  0.1299996976283405       3   0 1  0 2  0 0  0 0  0
    54  0.3896640280231153E-05   3   0 0  1 2  0 0  0 0  0
    55  0.4819443078234443E-06   3   0 0  0 3  0 0  0 0  0
    56  -.2292036545815229E-01   3   2 0  0 0  0 1  0 0  0
    57  -.6453253609853413E-02   3   1 1  0 0  0 1  0 0  0
    58  -.6292644752753411E-03   3   0 2  0 0  0 1  0 0  0
    59  -.2171278885524660E-06   3   1 0  1 0  0 1  0 0  0
    60  -.3621349703081184E-07   3   0 1  1 0  0 1  0 0  0
    61  0.2292045316979621E-01   3   0 0  2 0  0 1  0 0  0
    62  -.3163782637999663E-07   3   1 0  0 1  0 1  0 0  0
    63  -.6743060855279996E-08   3   0 1  0 1  0 1  0 0  0
    64  0.6453276080331058E-02   3   0 0  1 1  0 1  0 0  0
    65  0.6292657058138033E-03   3   0 0  0 2  0 1  0 0  0
    66  -.2284382131407895E-01   3   2 0  0 0  0 0  1 0  0
    67  -.6431702523551865E-02   3   1 1  0 0  0 0  1 0  0
    68  -.6271630030826273E-03   3   0 2  0 0  0 0  1 0  0
    69  -.2164027749667400E-06   3   1 0  1 0  0 0  1 0  0
    70  -.3609255955539993E-07   3   0 1  1 0  0 0  1 0  0
    71  0.2284390873280381E-01   3   0 0  2 0  0 0  1 0  0
    72  -.3153216967286963E-07   3   1 0  0 1  0 0  1 0  0
    73  -.6720541937558740E-08   3   0 1  0 1  0 0  1 0  0
    74  0.6431724918987559E-02   3   0 0  1 1  0 0  1 0  0
    75  0.6271642295117513E-03   3   0 0  0 2  0 0  1 0  0
    76  0.4576419982787780E-01   3   2 0  0 0  0 0  0 1  0
    77  0.6442478663200404E-02   3   1 1  0 0  0 0  0 1  0
    78  0.4188094970181141E-03   3   0 2  0 0  0 0  0 1  0
    79  0.4296724983564143E-06   3   1 0  1 0  0 0  0 1  0
    80  0.3490942264227185E-07   3   0 1  1 0  0 0  0 1  0
    81  -.4576436916160507E-01   3   0 0  2 0  0 0  0 1  0
    82  0.3186435535771716E-07   3   1 0  0 1  0 0  0 1  0
    83  0.4357708810764275E-08   3   0 1  0 1  0 0  0 1  0
    84  -.6442504822043190E-02   3   0 0  1 1  0 0  0 1  0
    85  -.4188101172778060E-03   3   0 0  0 2  0 0  0 1  0
    86  -.1460244691418661E-05   3   1 0  0 0  0 2  0 0  0
    87  0.9760859547014249E-01   3   0 1  0 0  0 2  0 0  0
    88  0.4450049838767109E-06   3   0 0  1 0  0 2  0 0  0
    89  0.1265922086039329E-06   3   0 0  0 1  0 2  0 0  0
    90  -.9756558882435655E-06   3   1 0  0 0  0 1  1 0  0
    91  0.6521648935879307E-01   3   0 1  0 0  0 1  1 0  0
    92  0.2973273277881097E-06   3   0 0  1 0  0 1  1 0  0
    93  0.1228188542848814E-06   3   0 0  0 1  0 1  1 0  0
    94  -.1453738968319481E-05   3   1 0  0 0  0 0  2 0  0
    95  0.9717372733545335E-01   3   0 1  0 0  0 0  2 0  0
    96  0.4430223865123991E-06   3   0 0  1 0  0 0  2 0  0
    97  0.1259643641984855E-06   3   0 0  0 1  0 0  2 0  0
    98  0.1948071380105376E-05   3   1 0  0 0  0 1  0 1  0
    99  0.3534877654605091E-06   3   0 1  0 0  0 1  0 1  0
   100  -.5936688546514368E-06   3   0 0  1 0  0 1  0 1  0
   101  -.1379721541378028E-06   3   0 0  0 1  0 1  0 1  0
   102  0.1941565661134375E-05   3   1 0  0 0  0 0  1 1  0
   103  0.3523072686443648E-06   3   0 1  0 0  0 0  1 1  0
   104  -.5916862564932342E-06   3   0 0  1 0  0 0  1 1  0
   105  -.1375113865962343E-06   3   0 0  0 1  0 0  1 1  0
   106  0.4241777422037143E-10   3   0 0  0 0  0 3  0 0  0
   107  0.5835958192860265E-10   3   0 0  0 0  0 2  1 0  0
   108  0.5827901413004151E-10   3   0 0  0 0  0 1  2 0  0
   109  0.4210816684848787E-10   3   0 0  0 0  0 0  3 0  0
   110  -.3567680591084250E-10   3   0 0  0 0  0 2  0 1  0
   111  -.4464566305556580E-10   3   0 0  0 0  0 1  1 1  0
   112  -.3548311232104817E-10   3   0 0  0 0  0 0  2 1  0
   113  -.1039787539070127E-02   4   4 0  0 0  0 0  0 0  0
   114  0.1755421600024158       4   3 1  0 0  0 0  0 0  0
   115  0.1028439685431325       4   2 2  0 0  0 0  0 0  0
   116  0.2105039676267824E-01   4   1 3  0 0  0 0  0 0  0
   117  0.1750991536873855E-02   4   0 4  0 0  0 0  0 0  0
   118  -.2805926778889154E-05   4   3 0  1 0  0 0  0 0  0
   119  -.2422241975853857E-06   4   2 1  1 0  0 0  0 0  0
   120  0.7269830042508246E-06   4   1 2  1 0  0 0  0 0  0
   121  0.8300466538520377E-07   4   0 3  1 0  0 0  0 0  0
   122  -.2123629667842159E-02   4   2 0  2 0  0 0  0 0  0
   123  0.1755395328288002       4   1 1  2 0  0 0  0 0  0
   124  -.5724752121776750E-01   4   0 2  2 0  0 0  0 0  0
   125  0.6289174790621996E-05   4   1 0  3 0  0 0  0 0  0
   126  0.1111786018747418E-05   4   0 1  3 0  0 0  0 0  0
   127  0.1755499561522650E-02   4   0 0  4 0  0 0  0 0  0
   128  0.1026363543852395E-05   4   3 0  0 1  0 0  0 0  0
   129  0.3538672053521843E-06   4   2 1  0 1  0 0  0 0  0
   130  0.1477268209417230E-06   4   1 2  0 1  0 0  0 0  0
   131  0.5515328854998820E-04   4   0 3  0 1  0 0  0 0  0
   132  -.1766334442299456       4   2 0  1 1  0 0  0 0  0
   133  -.4596912159324162E-01   4   1 1  1 1  0 0  0 0  0
   134  -.1340326411500898E-01   4   0 2  1 1  0 0  0 0  0
   135  0.3459199533635084E-05   4   1 0  2 1  0 0  0 0  0
   136  0.2610633906528343E-06   4   0 1  2 1  0 0  0 0  0
   137  -.1751741475688560       4   0 0  3 1  0 0  0 0  0
   138  0.3426262096588314E-01   4   2 0  0 2  0 0  0 0  0
   139  0.3682969913781212E-02   4   1 1  0 2  0 0  0 0  0
   140  -.5113680041427203E-03   4   0 2  0 2  0 0  0 0  0
   141  0.1002017472497765E-05   4   1 0  1 2  0 0  0 0  0
   142  0.1459676547547996E-06   4   0 1  1 2  0 0  0 0  0
   143  -.7985861750254787E-01   4   0 0  2 2  0 0  0 0  0
   144  0.7807886764683805E-07   4   1 0  0 3  0 0  0 0  0
   145  0.5515180869840443E-04   4   0 1  0 3  0 0  0 0  0
   146  -.1781024316206298E-01   4   0 0  1 3  0 0  0 0  0
   147  -.1419894297860723E-02   4   0 0  0 4  0 0  0 0  0
   148  -.7098371657806228E-03   4   3 0  0 0  0 1  0 0  0
   149  -.1940063132303091E-03   4   2 1  0 0  0 1  0 0  0
   150  -.2499452608458069E-04   4   1 2  0 0  0 1  0 0  0
   151  -.1953281537531748       4   0 3  0 0  0 1  0 0  0
   152  -.1242116457390614E-04   4   2 0  1 0  0 1  0 0  0
   153  0.1621433267466726E-04   4   1 1  1 0  0 1  0 0  0
   154  0.2526663121689393E-05   4   0 2  1 0  0 1  0 0  0
   155  -.6372137374180143E-03   4   1 0  2 0  0 1  0 0  0
   156  0.1190234374351143E-03   4   0 1  2 0  0 1  0 0  0
   157  0.3732992076051838E-04   4   0 0  3 0  0 1  0 0  0
   158  -.1781369416651342E-04   4   2 0  0 1  0 1  0 0  0
   159  -.4208450857559826E-05   4   1 1  0 1  0 1  0 0  0
   160  -.1482545620447644E-06   4   0 2  0 1  0 1  0 0  0
   161  -.2186135109762126E-03   4   1 0  1 1  0 1  0 0  0
   162  0.4252198853112956E-05   4   0 1  1 1  0 1  0 0  0
   163  0.2427173617569150E-04   4   0 0  2 1  0 1  0 0  0
   164  -.2480957599565901E-06   4   1 0  0 2  0 1  0 0  0
   165  -.1953251480458439       4   0 1  0 2  0 1  0 0  0
   166  0.9997622948927093E-05   4   0 0  1 2  0 1  0 0  0
   167  0.1176862180153405E-05   4   0 0  0 3  0 1  0 0  0
   168  -.7074666155209603E-03   4   3 0  0 0  0 0  1 0  0
   169  -.1933584157430347E-03   4   2 1  0 0  0 0  1 0  0
   170  -.2491105513779057E-04   4   1 2  0 0  0 0  1 0  0
   171  -.1946758418880014       4   0 3  0 0  0 0  1 0  0
   172  -.1237968323660200E-04   4   2 0  1 0  0 0  1 0  0
   173  0.1616018379041102E-04   4   1 1  1 0  0 0  1 0  0
   174  0.2518225155620982E-05   4   0 2  1 0  0 0  1 0  0
   175  -.6350857181150458E-03   4   1 0  2 0  0 0  1 0  0
   176  0.1186259504421045E-03   4   0 1  2 0  0 0  1 0  0
   177  0.3720525491092025E-04   4   0 0  3 0  0 0  1 0  0
   178  -.1775420410405128E-04   4   2 0  0 1  0 0  1 0  0
   179  -.4194396445148517E-05   4   1 1  0 1  0 0  1 0  0
   180  -.1477594556915611E-06   4   0 2  0 1  0 0  1 0  0
   181  -.2178834360516980E-03   4   1 0  1 1  0 0  1 0  0
   182  0.4237998341336227E-05   4   0 1  1 1  0 0  1 0  0
   183  0.2419067903573733E-04   4   0 0  2 1  0 0  1 0  0
   184  -.2472672270040296E-06   4   1 0  0 2  0 0  1 0  0
   185  -.1946728462184379       4   0 1  0 2  0 0  1 0  0
   186  0.9964235196328189E-05   4   0 0  1 2  0 0  1 0  0
   187  0.1172931967590418E-05   4   0 0  0 3  0 0  1 0  0
   188  0.1381151459393241E-02   4   3 0  0 0  0 0  0 1  0
   189  0.2205765917331926E-03   4   2 1  0 0  0 0  0 1  0
   190  0.1477374298243703E-04   4   1 2  0 0  0 0  0 1  0
   191  0.7349140580754066E-06   4   0 3  0 0  0 0  0 1  0
   192  0.4977155050702961E-04   4   2 0  1 0  0 0  0 1  0
   193  -.1293799994100558E-04   4   1 1  1 0  0 0  0 1  0
   194  -.1050026373264484E-05   4   0 2  1 0  0 0  0 1  0
   195  0.1236146975280894E-02   4   1 0  2 0  0 0  0 1  0
   196  -.1332875299595769E-03   4   0 1  2 0  0 0  0 1  0
   197  -.4977051604003517E-04   4   0 0  3 0  0 0  0 1  0
   198  0.1294013754293073E-04   4   2 0  0 1  0 0  0 1  0
   199  0.2453815782124006E-05   4   1 1  0 1  0 0  0 1  0
   200  0.1413734950675114E-06   4   0 2  0 1  0 0  0 1  0
   201  0.2973098473435003E-03   4   1 0  1 1  0 0  0 1  0
   202  0.1629402778966318E-05   4   0 1  1 1  0 0  0 1  0
   203  -.1294152461434438E-04   4   0 0  2 1  0 0  0 1  0
   204  -.2330578906162233E-06   4   1 0  0 2  0 0  0 1  0
   205  -.3669882879593553E-06   4   0 1  0 2  0 0  0 1  0
   206  -.4136110733867011E-05   4   0 0  1 2  0 0  0 1  0
   207  -.3782010017251980E-06   4   0 0  0 3  0 0  0 1  0
   208  0.1718083213092202E-01   4   2 0  0 0  0 2  0 0  0
   209  0.6453287421300536E-02   4   1 1  0 0  0 2  0 0  0
   210  0.9377493174652783E-03   4   0 2  0 0  0 2  0 0  0
   211  0.1986121508227776E-06   4   1 0  1 0  0 2  0 0  0
   212  0.3625102278718948E-07   4   0 1  1 0  0 2  0 0  0
   213  -.1718082651036794E-01   4   0 0  2 0  0 2  0 0  0
   214  0.3255448161958291E-07   4   1 0  0 1  0 2  0 0  0
   215  0.6906559633829675E-04   4   0 1  0 1  0 2  0 0  0
   216  -.6453287513482028E-02   4   0 0  1 1  0 2  0 0  0
   217  -.7365463197044333E-03   4   0 0  0 2  0 2  0 0  0
   218  0.1147929407312854E-01   4   2 0  0 0  0 1  1 0  0
   219  0.6453237957768443E-02   4   1 1  0 0  0 1  1 0  0
   220  0.1124289580768377E-02   4   0 2  0 0  0 1  1 0  0
   221  0.1449455956789234E-06   4   1 0  1 0  0 1  1 0  0
   222  0.3565280126936928E-07   4   0 1  1 0  0 1  1 0  0
   223  -.1147928207541026E-01   4   0 0  2 0  0 1  1 0  0
   224  0.3292171347889383E-07   4   1 0  0 1  0 1  1 0  0
   225  0.8280423519830997E-04   4   0 1  0 1  0 1  1 0  0
   226  -.6453234721128249E-02   4   0 0  1 1  0 1  1 0  0
   227  -.8830623432138016E-03   4   0 0  0 2  0 1  1 0  0
   228  0.1710428760710851E-01   4   2 0  0 0  0 0  2 0  0
   229  0.6420960705067863E-02   4   1 1  0 0  0 0  2 0  0
   230  0.9327403174606121E-03   4   0 2  0 0  0 0  2 0  0
   231  0.1977068439603678E-06   4   1 0  1 0  0 0  2 0  0
   232  0.3607042750666103E-07   4   0 1  1 0  0 0  2 0  0
   233  -.1710428202535826E-01   4   0 0  2 0  0 0  2 0  0
   234  0.3239079152304582E-07   4   1 0  0 1  0 0  2 0  0
   235  0.6869668177511322E-04   4   0 1  0 1  0 0  2 0  0
   236  -.6420960802345941E-02   4   0 0  1 1  0 0  2 0  0
   237  -.7326120485259012E-03   4   0 0  0 2  0 0  2 0  0
   238  -.2292046672229972E-01   4   2 0  0 0  0 1  0 1  0
   239  -.6453269587265409E-02   4   1 1  0 0  0 1  0 1  0
   240  -.6292654156428576E-03   4   0 2  0 0  0 1  0 1  0
   241  -.2612297949667157E-06   4   1 0  1 0  0 1  0 1  0
   242  -.3600573138609499E-07   4   0 1  1 0  0 1  0 1  0
   243  0.2292046011681248E-01   4   0 0  2 0  0 1  0 1  0
   244  -.3262585642308930E-07   4   1 0  0 1  0 1  0 1  0
   245  -.6638259522329219E-08   4   0 1  0 1  0 1  0 1  0
   246  0.6453269639828421E-02   4   0 0  1 1  0 1  0 1  0
   247  0.6292658924451560E-03   4   0 0  0 2  0 1  0 1  0
   248  -.2284392224004776E-01   4   2 0  0 0  0 0  1 1  0
   249  -.6431718447606189E-02   4   1 1  0 0  0 0  1 1  0
   250  -.6271639403097076E-03   4   0 2  0 0  0 0  1 1  0
   251  -.2603574000173992E-06   4   1 0  1 0  0 0  1 1  0
   252  -.3588548775840456E-07   4   0 1  1 0  0 0  1 1  0
   253  0.2284391565662004E-01   4   0 0  2 0  0 0  1 1  0
   254  -.3251690012136193E-07   4   1 0  0 1  0 0  1 1  0
   255  -.6616090596000049E-08   4   0 1  0 1  0 0  1 1  0
   256  0.6431718499993430E-02   4   0 0  1 1  0 0  1 1  0
   257  0.6271644155198361E-03   4   0 0  0 2  0 0  1 1  0
   258  0.3613078584611686E-13   4   2 0  0 0  0 0  0 2  0
   259  0.7907135241978516E-14   4   1 1  0 0  0 0  0 2  0
   260  0.4752326651519556E-15   4   0 2  0 0  0 0  0 2  0
   261  -.5253452840694785E-13   4   1 0  1 0  0 0  0 2  0
   262  -.6545397315238027E-14   4   0 1  1 0  0 0  0 2  0
   263  0.2524801389013038E-15   4   0 0  2 0  0 0  0 2  0
   264  -.5617660368118306E-14   4   1 0  0 1  0 0  0 2  0
   265  -.7387458501140171E-15   4   0 1  0 1  0 0  0 2  0
   266  0.1377257893758068E-14   4   0 0  1 1  0 0  0 2  0
   267  -.9140014516725502E-06   4   1 0  0 0  0 3  0 0  0
   268  -.8133186987027136E-01   4   0 1  0 0  0 3  0 0  0
   269  0.6274009529937186E-06   4   0 0  1 0  0 3  0 0  0
   270  0.1409582831189333E-06   4   0 0  0 1  0 3  0 0  0
   271  -.1079854705700241E-05   4   1 0  0 0  0 2  1 0  0
   272  -.4883228181382746E-01   4   0 1  0 0  0 2  1 0  0
   273  0.7412470346173154E-06   4   0 0  1 0  0 2  1 0  0
   274  0.2036121176753517E-06   4   0 0  0 1  0 2  1 0  0
   275  -.1079008597678333E-05   4   1 0  0 0  0 1  2 0  0
   276  -.4899372313594911E-01   4   0 1  0 0  0 1  2 0  0
   277  0.7406662434917108E-06   4   0 0  1 0  0 1  2 0  0
   278  0.2032959042861608E-06   4   0 0  0 1  0 1  2 0  0
   279  -.9076258091411050E-06   4   1 0  0 0  0 0  3 0  0
   280  -.8084318420349559E-01   4   0 1  0 0  0 0  3 0  0
   281  0.6230245020483011E-06   4   0 0  1 0  0 0  3 0  0
   282  0.1399133228305472E-06   4   0 0  0 1  0 0  3 0  0
   283  0.8309352292485235E-06   4   1 0  0 0  0 2  0 1  0
   284  0.1513053468340956E-06   4   0 1  0 0  0 2  0 1  0
   285  -.5703815402838712E-06   4   0 0  1 0  0 2  0 1  0
   286  -.1038609173552613E-06   4   0 0  0 1  0 2  0 1  0
   287  0.9962283011800741E-06   4   1 0  0 0  0 1  1 1  0
   288  0.2157781106154611E-06   4   0 1  0 0  0 1  1 1  0
   289  -.6838427655655493E-06   4   0 0  1 0  0 1  1 1  0
   290  -.1481170988083711E-06   4   0 0  0 1  0 1  1 1  0
   291  0.8264967770026656E-06   4   1 0  0 0  0 0  2 1  0
   292  0.1504397492437136E-06   4   0 1  0 0  0 0  2 1  0
   293  -.5673348416389730E-06   4   0 0  1 0  0 0  2 1  0
   294  -.1032667429936384E-06   4   0 0  0 1  0 0  2 1  0
   295  0.1465568282189075E-04   4   0 0  0 0  0 4  0 0  0
   296  0.8377919688710325E-05   4   0 0  0 0  0 3  1 0  0
   297  0.7546951640473843E-05   4   0 0  0 0  0 2  2 0  0
   298  0.8422251191572747E-05   4   0 0  0 0  0 1  3 0  0
   299  0.1454395596817585E-04   4   0 0  0 0  0 0  4 0  0
   300  0.6419105529317102E-11   4   0 0  0 0  0 3  0 1  0
   301  -.2057807711674520E-10   4   0 0  0 0  0 2  1 1  0
   302  -.2044294606736252E-10   4   0 0  0 0  0 1  2 1  0
   303  0.6421196283594338E-11   4   0 0  0 0  0 0  3 1  0
   -------------------------------------------------------
     I  COEFFICIENT            ORDER EXPONENTS
     1  0.7077161949758438E-09   0   0 0  0 0  0 0  0 0  0
     2  -.3856638117545262E-04   1   1 0  0 0  0 0  0 0  0
     3  0.9999938623617958       1   0 1  0 0  0 0  0 0  0
     4  0.1505274443222637E-04   1   0 0  1 0  0 0  0 0  0
     5  0.2757468555649606E-05   1   0 0  0 1  0 0  0 0  0
     6  -.1246063898488354E-09   1   0 0  0 0  0 1  0 0  0
     7  -.1241902582275408E-09   1   0 0  0 0  0 0  1 0  0
     8  0.9565126262688602E-09   1   0 0  0 0  0 0  0 1  0
     9  0.3520457644283749       2   2 0  0 0  0 0  0 0  0
    10  0.9153564310586312E-01   2   1 1  0 0  0 0  0 0  0
    11  0.8678408749030097E-02   2   0 2  0 0  0 0  0 0  0
    12  0.2894029892432088E-05   2   1 0  1 0  0 0  0 0  0
    13  0.4646196067613081E-06   2   0 1  1 0  0 0  0 0  0
    14  -.3520476948976924       2   0 0  2 0  0 0  0 0  0
    15  0.4057103585180012E-06   2   1 0  0 1  0 0  0 0  0
    16  0.8547199416547023E-07   2   0 1  0 1  0 0  0 0  0
    17  -.9153621499114417E-01   2   0 0  1 1  0 0  0 0  0
    18  -.8678445242755311E-02   2   0 0  0 2  0 0  0 0  0
    19  -.4961735729440547E-10   2   1 0  0 0  0 1  0 0  0
    20  0.3073946007902376E-05   2   0 1  0 0  0 1  0 0  0
    21  -.1323440284922667E-10   2   0 0  1 0  0 1  0 0  0
    22  -.1366460768134551E-05   2   0 0  0 1  0 1  0 0  0
    23  -.4945165661978875E-10   2   1 0  0 0  0 0  1 0  0
    24  0.3063680352883113E-05   2   0 1  0 0  0 0  1 0  0
    25  -.1319020568901959E-10   2   0 0  1 0  0 0  1 0  0
    26  -.1361897377987156E-05   2   0 0  0 1  0 0  1 0  0
    27  -.3856628271103366E-04   2   1 0  0 0  0 0  0 1  0
    28  -.6137626831131985E-05   2   0 1  0 0  0 0  0 1  0
    29  0.1505277098909116E-04   2   0 0  1 0  0 0  0 1  0
    30  0.2728357327244180E-05   2   0 0  0 1  0 0  0 1  0
    31  0.3099791187858700E-10   2   0 0  0 0  0 2  0 0  0
    32  -.6198891013691637E-10   2   0 0  0 0  0 1  1 0  0
    33  0.3099789765177984E-10   2   0 0  0 0  0 0  2 0  0
    34  -.2749210491914184E-14   2   0 0  0 0  0 1  0 1  0
    35  -.2740029323246914E-14   2   0 0  0 0  0 0  1 1  0
    36  0.1242412342455270E-01   3   3 0  0 0  0 0  0 0  0
    37  0.3776483775831341E-02   3   2 1  0 0  0 0  0 0  0
    38  0.4151284623497399E-03   3   1 2  0 0  0 0  0 0  0
    39  0.2181519750263986E-04   3   0 3  0 0  0 0  0 0  0
    40  0.1409122099797700E-05   3   2 0  1 0  0 0  0 0  0
    41  -.1487838900518331E-03   3   1 1  1 0  0 0  0 0  0
    42  -.1559588636866634E-04   3   0 2  1 0  0 0  0 0  0
    43  0.1242429223309525E-01   3   1 0  2 0  0 0  0 0  0
    44  -.1157471394307906E-02   3   0 1  2 0  0 0  0 0  0
    45  -.1990072418832181E-05   3   0 0  3 0  0 0  0 0  0
    46  -.7434722075327968E-04   3   2 0  0 1  0 0  0 0  0
    47  -.4622541914890474E-04   3   1 1  0 1  0 0  0 0  0
    48  -.4827646168573080E-05   3   0 2  0 1  0 0  0 0  0
    49  0.5369228743689237E-02   3   1 0  1 1  0 0  0 0  0
    50  0.2291069585812647E-03   3   0 1  1 1  0 0  0 0  0
    51  0.7347888640885591E-04   3   0 0  2 1  0 0  0 0  0
    52  0.2220862072056865E-03   3   1 0  0 2  0 0  0 0  0
    53  0.2027180636638103E-04   3   0 1  0 2  0 0  0 0  0
    54  0.1540616057453929E-04   3   0 0  1 2  0 0  0 0  0
    55  0.2506920525493900E-05   3   0 0  0 3  0 0  0 0  0
    56  0.9170715640530409E-06   3   2 0  0 0  0 1  0 0  0
    57  -.4584418303959736E-01   3   1 1  0 0  0 1  0 0  0
    58  -.8692910295807351E-02   3   0 2  0 0  0 1  0 0  0
    59  0.4121328333698883E-06   3   1 0  1 0  0 1  0 0  0
    60  -.2238082067779179E-06   3   0 1  1 0  0 1  0 0  0
    61  0.4158781016680823E-07   3   0 0  2 0  0 1  0 0  0
    62  -.1455670087079094E-06   3   1 0  0 1  0 1  0 0  0
    63  -.7716236891011318E-07   3   0 1  0 1  0 1  0 0  0
    64  0.4584474885990986E-01   3   0 0  1 1  0 1  0 0  0
    65  0.8692967258963964E-02   3   0 0  0 2  0 1  0 0  0
    66  0.9140089402373900E-06   3   2 0  0 0  0 0  1 0  0
    67  -.4569108322284682E-01   3   1 1  0 0  0 0  1 0  0
    68  -.8663879721259600E-02   3   0 2  0 0  0 0  1 0  0
    69  0.4107564872975387E-06   3   1 0  1 0  0 0  1 0  0
    70  -.2230607838079201E-06   3   0 1  1 0  0 0  1 0  0
    71  0.4144892475667172E-07   3   0 0  2 0  0 0  1 0  0
    72  -.1450808776247004E-06   3   1 0  0 1  0 0  1 0  0
    73  -.7690467984781440E-07   3   0 1  0 1  0 0  1 0  0
    74  0.4569164715356317E-01   3   0 0  1 1  0 0  1 0  0
    75  0.8663936494183658E-02   3   0 0  0 2  0 0  1 0  0
    76  0.3520439273684431       3   2 0  0 0  0 0  0 1  0
    77  0.9153526076643154E-01   3   1 1  0 0  0 0  0 1  0
    78  0.8678382662876100E-02   3   0 2  0 0  0 0  0 1  0
    79  0.2081299427108978E-05   3   1 0  1 0  0 0  0 1  0
    80  0.4453255717760812E-06   3   0 1  1 0  0 0  0 1  0
    81  -.3520477798460186       3   0 0  2 0  0 0  0 1  0
    82  0.3136375422408294E-06   3   1 0  0 1  0 0  0 1  0
    83  0.7563252969058944E-07   3   0 1  0 1  0 0  0 1  0
    84  -.9153639849920923E-01   3   0 0  1 1  0 0  0 1  0
    85  -.8678457198179427E-02   3   0 0  0 2  0 0  0 1  0
    86  -.6269098986481700E-10   3   1 0  0 0  0 2  0 0  0
    87  -.2304202489518724E-05   3   0 1  0 0  0 2  0 0  0
    88  -.2009810557082299E-10   3   0 0  1 0  0 2  0 0  0
    89  0.1024270615242244E-05   3   0 0  0 1  0 2  0 0  0
    90  -.8005823596682734E-10   3   1 0  0 0  0 1  1 0  0
    91  -.1539548920542898E-05   3   0 1  0 0  0 1  1 0  0
    92  -.2511577083498125E-10   3   0 0  1 0  0 1  1 0  0
    93  0.6843566540119055E-06   3   0 0  0 1  0 1  1 0  0
    94  -.6234799969709643E-10   3   1 0  0 0  0 0  2 0  0
    95  -.2293936731276522E-05   3   0 1  0 0  0 0  2 0  0
    96  -.1998902919865500E-10   3   0 0  1 0  0 0  2 0  0
    97  0.1019707264599856E-05   3   0 0  0 1  0 0  2 0  0
    98  0.9116283129352988E-10   3   1 0  0 0  0 1  0 1  0
    99  0.3073969165848565E-05   3   0 1  0 0  0 1  0 1  0
   100  0.3002957403357110E-10   3   0 0  1 0  0 1  0 1  0
   101  -.1366452142327522E-05   3   0 0  0 1  0 1  0 1  0
   102  0.9085838680054393E-10   3   1 0  0 0  0 0  1 1  0
   103  0.3063703433431021E-05   3   0 1  0 0  0 0  1 1  0
   104  0.2992928815735812E-10   3   0 0  1 0  0 0  1 1  0
   105  -.1361888780986606E-05   3   0 0  0 1  0 0  1 1  0
   106  0.3324284431851300E-09   3   0 0  0 0  0 3  0 0  0
   107  0.3024022514187958E-09   3   0 0  0 0  0 2  1 0  0
   108  0.3025471045700260E-09   3   0 0  0 0  0 1  2 0  0
   109  0.3302599397462191E-09   3   0 0  0 0  0 0  3 0  0
   110  -.3785677847127641E-09   3   0 0  0 0  0 2  0 1  0
   111  -.3176434292648577E-09   3   0 0  0 0  0 1  1 1  0
   112  -.3767731381142464E-09   3   0 0  0 0  0 0  2 1  0
   113  -.1062798463563931E-01   4   4 0  0 0  0 0  0 0  0
   114  -.7101443162740920E-02   4   3 1  0 0  0 0  0 0  0
   115  -.2661045383762792       4   2 2  0 0  0 0  0 0  0
   116  -.2315615709237524E-01   4   1 3  0 0  0 0  0 0  0
   117  0.2156994545820985E-02   4   0 4  0 0  0 0  0 0  0
   118  -.7067725330428466E-07   4   3 0  1 0  0 0  0 0  0
   119  -.5306149909386625E-05   4   2 1  1 0  0 0  0 0  0
   120  -.1652948711306745E-05   4   1 2  1 0  0 0  0 0  0
   121  0.7471160469212683E-07   4   0 3  1 0  0 0  0 0  0
   122  -.2318848340207502E-01   4   2 0  2 0  0 0  0 0  0
   123  -.7391780768584190E-02   4   1 1  2 0  0 0  0 0  0
   124  -.8871779937531560E-01   4   0 2  2 0  0 0  0 0  0
   125  -.2336298295556461E-06   4   1 0  3 0  0 0  0 0  0
   126  -.1794446347532966E-05   4   0 1  3 0  0 0  0 0  0
   127  0.1832344544092870E-01   4   0 0  4 0  0 0  0 0  0
   128  -.9176138065523051E-08   4   3 0  0 1  0 0  0 0  0
   129  -.2688560038466106E-05   4   2 1  0 1  0 0  0 0  0
   130  -.5677602738037619E-06   4   1 2  0 1  0 0  0 0  0
   131  0.1770836362022832E-09   4   0 3  0 1  0 0  0 0  0
   132  -.8980680795759165E-02   4   2 0  1 1  0 0  0 0  0
   133  0.3486458919164705       4   1 1  1 1  0 0  0 0  0
   134  -.2322069599246263E-01   4   0 2  1 1  0 0  0 0  0
   135  -.3633749274709245E-05   4   1 0  2 1  0 0  0 0  0
   136  -.1346118090696606E-05   4   0 1  2 1  0 0  0 0  0
   137  0.1252417610144266E-01   4   0 0  3 1  0 0  0 0  0
   138  0.2630426211430973       4   2 0  0 2  0 0  0 0  0
   139  0.1597897110717248       4   1 1  0 2  0 0  0 0  0
   140  0.1298146296169935E-01   4   0 2  0 2  0 0  0 0  0
   141  0.4921977813013169E-06   4   1 0  1 2  0 0  0 0  0
   142  0.7801911323395602E-07   4   0 1  1 2  0 0  0 0  0
   143  0.9177308931084996E-01   4   0 0  2 2  0 0  0 0  0
   144  0.3675299105801766E-06   4   1 0  0 3  0 0  0 0  0
   145  0.9091637732211567E-07   4   0 1  0 3  0 0  0 0  0
   146  -.2236747748452095E-01   4   0 0  1 3  0 0  0 0  0
   147  -.6484170918665981E-02   4   0 0  0 4  0 0  0 0  0
   148  -.6220394918425947E-02   4   3 0  0 0  0 1  0 0  0
   149  -.3726456482734017E-02   4   2 1  0 0  0 1  0 0  0
   150  -.5868451055349411E-03   4   1 2  0 0  0 1  0 0  0
   151  -.4685421234320389E-04   4   0 3  0 0  0 1  0 0  0
   152  0.6335880110990795E-06   4   2 0  1 0  0 1  0 0  0
   153  0.2516636880557672E-04   4   1 1  1 0  0 1  0 0  0
   154  0.2108736286595912E-04   4   0 2  1 0  0 1  0 0  0
   155  -.6220364295809267E-02   4   1 0  2 0  0 1  0 0  0
   156  0.1250832367147628E-02   4   0 1  2 0  0 1  0 0  0
   157  -.8883184564495237E-06   4   0 0  3 0  0 1  0 0  0
   158  -.3724839409036388E-04   4   2 0  0 1  0 1  0 0  0
   159  -.2262717310221983E-04   4   1 1  0 1  0 1  0 0  0
   160  0.5142472689967698E-08   4   0 2  0 1  0 1  0 0  0
   161  -.5340343438921162E-02   4   1 0  1 1  0 1  0 0  0
   162  -.3208590555633118E-03   4   0 1  1 1  0 1  0 0  0
   163  -.6284996557856198E-04   4   0 0  2 1  0 1  0 0  0
   164  -.3981424938205725E-03   4   1 0  0 2  0 1  0 0  0
   165  -.5938408131026132E-04   4   0 1  0 2  0 1  0 0  0
   166  -.1730416954953865E-05   4   0 0  1 2  0 1  0 0  0
   167  0.3679775827190053E-05   4   0 0  0 3  0 1  0 0  0
   168  -.6199621479812986E-02   4   3 0  0 0  0 0  1 0  0
   169  -.3714011723840051E-02   4   2 1  0 0  0 0  1 0  0
   170  -.5848852957582879E-03   4   1 2  0 0  0 0  1 0  0
   171  -.4669773946398445E-04   4   0 3  0 0  0 0  1 0  0
   172  0.6314721001598214E-06   4   2 0  1 0  0 0  1 0  0
   173  0.2508232397814260E-04   4   1 1  1 0  0 0  1 0  0
   174  0.2101694016068924E-04   4   0 2  1 0  0 0  1 0  0
   175  -.6199590959462634E-02   4   1 0  2 0  0 0  1 0  0
   176  0.1246655126034424E-02   4   0 1  2 0  0 0  1 0  0
   177  -.8853518555880484E-06   4   0 0  3 0  0 0  1 0  0
   178  -.3712400050471365E-04   4   2 0  0 1  0 0  1 0  0
   179  -.2255160809427652E-04   4   1 1  0 1  0 0  1 0  0
   180  0.5125299047118906E-08   4   0 2  0 1  0 0  1 0  0
   181  -.5322508993028992E-02   4   1 0  1 1  0 0  1 0  0
   182  -.3197875245782380E-03   4   0 1  1 1  0 0  1 0  0
   183  -.6264007377604972E-04   4   0 0  2 1  0 0  1 0  0
   184  -.3968128694539292E-03   4   1 0  0 2  0 0  1 0  0
   185  -.5918576406744203E-04   4   0 1  0 2  0 0  1 0  0
   186  -.1724638107973949E-05   4   0 0  1 2  0 0  1 0  0
   187  0.3667486961570169E-05   4   0 0  0 3  0 0  1 0  0
   188  0.2484295091791196E-01   4   3 0  0 0  0 0  0 1  0
   189  0.7550075026324679E-02   4   2 1  0 0  0 0  0 1  0
   190  0.8001173792255608E-03   4   1 2  0 0  0 0  0 1  0
   191  0.4588750867182253E-04   4   0 3  0 0  0 0  0 1  0
   192  0.5076039484474114E-08   4   2 0  1 0  0 0  0 1  0
   193  -.9953769612337398E-04   4   1 1  1 0  0 0  0 1  0
   194  -.1941078972731577E-04   4   0 2  1 0  0 0  0 1  0
   195  0.2484295036087794E-01   4   1 0  2 0  0 0  0 1  0
   196  -.2460944750333333E-02   4   0 1  2 0  0 0  0 1  0
   197  0.3629435148082689E-08   4   0 0  3 0  0 0  0 1  0
   198  -.7706454958599505E-09   4   2 0  0 1  0 0  0 1  0
   199  -.2126437536295665E-09   4   1 1  0 1  0 0  0 1  0
   200  -.1226895262999833E-05   4   0 2  0 1  0 0  0 1  0
   201  0.1059104786841099E-01   4   1 0  1 1  0 0  0 1  0
   202  0.4209062324254168E-03   4   0 1  1 1  0 0  0 1  0
   203  0.9954131490620308E-04   4   0 0  2 1  0 0  0 1  0
   204  0.4923213169773753E-03   4   1 0  0 2  0 0  0 1  0
   205  0.5303675558949386E-04   4   0 1  0 2  0 0  0 1  0
   206  0.6470725766102229E-05   4   0 0  1 2  0 0  0 1  0
   207  -.1226854719368554E-05   4   0 0  0 3  0 0  0 1  0
   208  0.5009242594733599E-06   4   2 0  0 0  0 2  0 0  0
   209  0.3436453555053942E-01   4   1 1  0 0  0 2  0 0  0
   210  0.8692989928627411E-02   4   0 2  0 0  0 2  0 0  0
   211  0.4560272080303610E-06   4   1 0  1 0  0 2  0 0  0
   212  0.2054259449487262E-06   4   0 1  1 0  0 2  0 0  0
   213  -.1633779136482366E-06   4   0 0  2 0  0 2  0 0  0
   214  0.2312751862259325E-06   4   1 0  0 1  0 2  0 0  0
   215  0.9707251526968678E-07   4   0 1  0 1  0 2  0 0  0
   216  -.3436434864652881E-01   4   0 0  1 1  0 2  0 0  0
   217  -.8692969650214318E-02   4   0 0  0 2  0 2  0 0  0
   218  0.5945117927836969E-06   4   2 0  0 0  0 1  1 0  0
   219  0.2296057989350029E-01   4   1 1  0 0  0 1  1 0  0
   220  0.8692926561297500E-02   4   0 2  0 0  0 1  1 0  0
   221  0.5568232427396460E-06   4   1 0  1 0  0 1  1 0  0
   222  0.1542992890257834E-06   4   0 1  1 0  0 1  1 0  0
   223  -.1978097507695010E-06   4   0 0  2 0  0 1  1 0  0
   224  0.2071012115107765E-06   4   1 0  0 1  0 1  1 0  0
   225  0.1030814915520972E-06   4   0 1  0 1  0 1  1 0  0
   226  -.2296031870501246E-01   4   0 0  1 1  0 1  1 0  0
   227  -.8692893780629190E-02   4   0 0  0 2  0 1  1 0  0
   228  0.4982586816213933E-06   4   2 0  0 0  0 0  2 0  0
   229  0.3421143358825667E-01   4   1 1  0 0  0 0  2 0  0
   230  0.8649443773706413E-02   4   0 2  0 0  0 0  2 0  0
   231  0.4535744987907131E-06   4   1 0  1 0  0 0  2 0  0
   232  0.2044822642483943E-06   4   0 1  1 0  0 0  2 0  0
   233  -.1625020020795444E-06   4   0 0  2 0  0 0  2 0  0
   234  0.2301570123578126E-06   4   1 0  0 1  0 0  2 0  0
   235  0.9657621102421765E-07   4   0 1  0 1  0 0  2 0  0
   236  -.3421124774455327E-01   4   0 0  1 1  0 0  2 0  0
   237  -.8649423617751137E-02   4   0 0  0 2  0 0  2 0  0
   238  -.8011998601685318E-06   4   2 0  0 0  0 1  0 1  0
   239  -.4584473992740708E-01   4   1 1  0 0  0 1  0 1  0
   240  -.8692963761590638E-02   4   0 2  0 0  0 1  0 1  0
   241  -.7293547326354450E-06   4   1 0  1 0  0 1  0 1  0
   242  -.2696866218326006E-06   4   0 1  1 0  0 1  0 1  0
   243  0.2613168491764011E-06   4   0 0  2 0  0 1  0 1  0
   244  -.2986442713901568E-06   4   1 0  0 1  0 1  0 1  0
   245  -.9640469883249647E-07   4   0 1  0 1  0 1  0 1  0
   246  0.4584452659715126E-01   4   0 0  1 1  0 1  0 1  0
   247  0.8692945903832933E-02   4   0 0  0 2  0 1  0 1  0
   248  -.7985241978442074E-06   4   2 0  0 0  0 0  1 1  0
   249  -.4569163825089126E-01   4   1 1  0 0  0 0  1 1  0
   250  -.8663933008490211E-02   4   0 2  0 0  0 0  1 1  0
   251  -.7269190021128513E-06   4   1 0  1 0  0 0  1 1  0
   252  -.2687859847256639E-06   4   0 1  1 0  0 0  1 1  0
   253  0.2604441634860332E-06   4   0 0  2 0  0 0  1 1  0
   254  -.2976469282117654E-06   4   1 0  0 1  0 0  1 1  0
   255  -.9608274867990297E-07   4   0 1  0 1  0 0  1 1  0
   256  0.4569142563306643E-01   4   0 0  1 1  0 0  1 1  0
   257  0.8663915210369563E-02   4   0 0  0 2  0 0  1 1  0
   258  -.2458420600124951E-12   4   2 0  0 0  0 0  0 2  0
   259  -.7523910806778573E-13   4   1 1  0 0  0 0  0 2  0
   260  -.6355203004048713E-14   4   0 2  0 0  0 0  0 2  0
   261  -.1425999111350361E-12   4   1 0  1 0  0 0  0 2  0
   262  -.2118206013994062E-13   4   0 1  1 0  0 0  0 2  0
   263  -.1071445869593885E-12   4   0 0  2 0  0 0  0 2  0
   264  -.1589536957690665E-13   4   1 0  0 1  0 0  0 2  0
   265  -.3515265551811292E-14   4   0 1  0 1  0 0  0 2  0
   266  -.3917614149999058E-13   4   0 0  1 1  0 0  0 2  0
   267  -.2936082025240058E-14   4   0 0  0 2  0 0  0 2  0
   268  -.5897102631894133E-05   4   1 0  0 0  0 3  0 0  0
   269  -.2462429533497212E-05   4   0 1  0 0  0 3  0 0  0
   270  0.4047975181423983E-05   4   0 0  1 0  0 3  0 0  0
   271  0.1690294253772476E-05   4   0 0  0 1  0 3  0 0  0
   272  -.3540697464758012E-05   4   1 0  0 0  0 2  1 0  0
   273  -.2909265018757050E-05   4   0 1  0 0  0 2  1 0  0
   274  0.2430410729792013E-05   4   0 0  1 0  0 2  1 0  0
   275  0.1997006836492085E-05   4   0 0  0 1  0 2  1 0  0
   276  -.3552402878439486E-05   4   1 0  0 0  0 1  2 0  0
   277  -.2906985467684355E-05   4   0 1  0 0  0 1  2 0  0
   278  0.2438445963206151E-05   4   0 0  1 0  0 1  2 0  0
   279  0.1995442127627623E-05   4   0 0  0 1  0 1  2 0  0
   280  -.5861669611483566E-05   4   1 0  0 0  0 0  3 0  0
   281  -.2445252776329931E-05   4   0 1  0 0  0 0  3 0  0
   282  0.4023652808172890E-05   4   0 0  1 0  0 0  3 0  0
   283  0.1678503568455902E-05   4   0 0  0 1  0 0  3 0  0
   284  0.7077318201826870E-05   4   1 0  0 0  0 2  0 1  0
   285  0.2238639000524989E-05   4   0 1  0 0  0 2  0 1  0
   286  -.4858117199975262E-05   4   0 0  1 0  0 2  0 1  0
   287  -.1536677029350524E-05   4   0 0  0 1  0 2  0 1  0
   288  0.4728744888821421E-05   4   1 0  0 0  0 1  1 1  0
   289  0.2683965871805906E-05   4   0 1  0 0  0 1  1 1  0
   290  -.3245899629741565E-05   4   0 0  1 0  0 1  1 1  0
   291  -.1842352911951467E-05   4   0 0  0 1  0 1  1 1  0
   292  0.7045787023563592E-05   4   1 0  0 0  0 0  2 1  0
   293  0.2226681266174129E-05   4   0 1  0 0  0 0  2 1  0
   294  -.4836473228885946E-05   4   0 0  1 0  0 0  2 1  0
   295  -.1528468857816987E-05   4   0 0  0 1  0 0  2 1  0
   296  -.4719941211226926E-10   4   0 0  0 0  0 4  0 0  0
   297  0.2330491656636695E-09   4   0 0  0 0  0 3  1 0  0
   298  0.2141362690147488E-09   4   0 0  0 0  0 2  2 0  0
   299  0.2312402608162608E-09   4   0 0  0 0  0 1  3 0  0
   300  -.4727166688493168E-10   4   0 0  0 0  0 0  4 0  0
   301  0.6069992419098324E-10   4   0 0  0 0  0 3  0 1  0
   302  -.2562057976060194E-09   4   0 0  0 0  0 2  1 1  0
   303  -.2546193196000734E-09   4   0 0  0 0  0 1  2 1  0
   304  0.6082223554519081E-10   4   0 0  0 0  0 0  3 1  0
   -------------------------------------------------------
     I  COEFFICIENT            ORDER EXPONENTS
     1  -.3675674194781559E-04   0   0 0  0 0  0 0  0 0  0
     2  0.1156241443119118E-05   1   1 0  0 0  0 0  0 0  0
     3  0.1301718508668209E-06   1   0 1  0 0  0 0  0 0  0
     4   1.000003889636178       1   0 0  1 0  0 0  0 0  0
     5  0.2600003385948139       1   0 0  0 1  0 0  0 0  0
     6  0.3083069259972086E-10   1   0 0  0 0  0 1  0 0  0
     7  0.3072773131341485E-10   1   0 0  0 0  0 0  1 0  0
     8  -.6155828458355760E-10   1   0 0  0 0  0 0  0 1  0
     9  0.2439994656602251E-06   2   2 0  0 0  0 0  0 0  0
    10  0.3234049565142594E-07   2   1 1  0 0  0 0  0 0  0
    11  0.2043224150338785E-08   2   0 2  0 0  0 0  0 0  0
    12  -.9152878197964232E-01   2   1 0  1 0  0 0  0 0  0
    13  -.6442501123526355E-02   2   0 1  1 0  0 0  0 0  0
    14  -.2580009966064911E-06   2   0 0  2 0  0 0  0 0  0
    15  -.6442496125475774E-02   2   1 0  0 1  0 0  0 0  0
    16  -.8376210015621486E-03   2   0 1  0 1  0 0  0 0  0
    17  -.3558018528370443E-07   2   0 0  1 1  0 0  0 0  0
    18  -.2292953329227047E-08   2   0 0  0 2  0 0  0 0  0
    19  -.5936691261357968E-06   2   1 0  0 0  0 1  0 0  0
    20  -.1341806720893583E-06   2   0 1  0 0  0 1  0 0  0
    21  -.1948070865180612E-05   2   0 0  1 0  0 1  0 0  0
    22  -.1302177813849215       2   0 0  0 1  0 1  0 0  0
    23  -.5916865270709863E-06   2   1 0  0 0  0 0  1 0  0
    24  -.1337325664640044E-06   2   0 1  0 0  0 0  1 0  0
    25  -.1941565147929238E-05   2   0 0  1 0  0 0  1 0  0
    26  -.1297829101069113       2   0 0  0 1  0 0  1 0  0
    27  0.1185356332116111E-05   2   1 0  0 0  0 0  0 1  0
    28  0.1377417501720535E-06   2   0 1  0 0  0 0  0 1  0
    29  0.3889637211870445E-05   2   0 0  1 0  0 0  0 1  0
    30  0.3528974694302520E-06   2   0 0  0 1  0 0  0 1  0
    31  -.2095560243262606E-10   2   0 0  0 0  0 2  0 0  0
    32  -.1285774440471921E-10   2   0 0  0 0  0 1  1 0  0
    33  -.2086415012675472E-10   2   0 0  0 0  0 0  2 0  0
    34  0.3083069208959857E-10   2   0 0  0 0  0 1  0 1  0
    35  0.3072773086319175E-10   2   0 0  0 0  0 0  1 1  0
    36  0.2480410338673431E-04   3   3 0  0 0  0 0  0 0  0
    37  0.3719868164821047E-05   3   2 1  0 0  0 0  0 0  0
    38  0.2716309067068085E-05   3   1 2  0 0  0 0  0 0  0
    39  0.3401149768336655E-06   3   0 3  0 0  0 0  0 0  0
    40  0.5448914724475986E-03   3   2 0  1 0  0 0  0 0  0
    41  0.1677275546546084E-03   3   1 1  1 0  0 0  0 0  0
    42  0.5053240852595234E-05   3   0 2  1 0  0 0  0 0  0
    43  -.7473769426077227E-04   3   1 0  2 0  0 0  0 0  0
    44  0.1127723030009211E-04   3   0 1  2 0  0 0  0 0  0
    45  0.6905127315154780E-03   3   0 0  3 0  0 0  0 0  0
    46  -.2367983542735783E-04   3   2 0  0 1  0 0  0 0  0
    47  0.8943123741733618E-05   3   1 1  0 1  0 0  0 0  0
    48  0.1300012854225640       3   0 2  0 1  0 0  0 0  0
    49  0.7496706410810618E-05   3   1 0  1 1  0 0  0 0  0
    50  0.3910967188591336E-05   3   0 1  1 1  0 0  0 0  0
    51  0.1057638694436633E-03   3   0 0  2 1  0 0  0 0  0
    52  0.2368559029187820E-05   3   1 0  0 2  0 0  0 0  0
    53  0.7251460139041763E-06   3   0 1  0 2  0 0  0 0  0
    54  0.1232683318946943E-04   3   0 0  1 2  0 0  0 0  0
    55  0.1300010016813961       3   0 0  0 3  0 0  0 0  0
    56  -.1281228627061136E-06   3   2 0  0 0  0 1  0 0  0
    57  -.3473794175801052E-07   3   1 1  0 0  0 1  0 0  0
    58  -.3867689156257513E-08   3   0 2  0 0  0 1  0 0  0
    59  0.4584095492086488E-01   3   1 0  1 0  0 1  0 0  0
    60  0.6453272195227638E-02   3   0 1  1 0  0 1  0 0  0
    61  0.1349508731432214E-06   3   0 0  2 0  0 1  0 0  0
    62  0.6453265920630299E-02   3   1 0  0 1  0 1  0 0  0
    63  0.1258531099809288E-02   3   0 1  0 1  0 1  0 0  0
    64  0.3110579644003234E-07   3   0 0  1 1  0 1  0 0  0
    65  0.2315033634622065E-08   3   0 0  0 2  0 1  0 0  0
    66  -.1276949875537679E-06   3   2 0  0 0  0 0  1 0  0
    67  -.3462193200137361E-07   3   1 1  0 0  0 0  1 0  0
    68  -.3854772741076090E-08   3   0 2  0 0  0 0  1 0  0
    69  0.4568786588463949E-01   3   1 0  1 0  0 0  1 0  0
    70  0.6431721046858946E-02   3   0 1  1 0  0 0  1 0  0
    71  0.1345001953782535E-06   3   0 0  2 0  0 0  1 0  0
    72  0.6431714793216060E-02   3   1 0  0 1  0 0  1 0  0
    73  0.1254328148246169E-02   3   0 1  0 1  0 0  1 0  0
    74  0.3100191648363359E-07   3   0 0  1 1  0 0  1 0  0
    75  0.2307302420033567E-08   3   0 0  0 2  0 0  1 0  0
    76  0.2523088711660534E-06   3   2 0  0 0  0 0  0 1  0
    77  0.3285382250809199E-07   3   1 1  0 0  0 0  0 1  0
    78  0.2377795929027827E-08   3   0 2  0 0  0 0  0 1  0
    79  -.9152883904636798E-01   3   1 0  1 0  0 0  0 1  0
    80  -.6442501512356873E-02   3   0 1  1 0  0 0  0 1  0
    81  -.2744655100666233E-06   3   0 0  2 0  0 0  0 1  0
    82  -.6442491149846004E-02   3   1 0  0 1  0 0  0 1  0
    83  -.8376202506219376E-03   3   0 1  0 1  0 0  0 1  0
    84  -.3445565290253619E-07   3   0 0  1 1  0 0  0 1  0
    85  -.1901409134656408E-08   3   0 0  0 2  0 0  0 1  0
    86  0.4450057016403372E-06   3   1 0  0 0  0 2  0 0  0
    87  0.1209082916628410E-06   3   0 1  0 0  0 2  0 0  0
    88  0.1460242442642346E-05   3   0 0  1 0  0 2  0 0  0
    89  0.9760931340373077E-01   3   0 0  0 1  0 2  0 0  0
    90  0.2973284534634629E-06   3   1 0  0 0  0 1  1 0  0
    91  0.1190212475104496E-06   3   0 1  0 0  0 1  1 0  0
    92  0.9756526255899794E-06   3   0 0  1 0  0 1  1 0  0
    93  0.6521720946625845E-01   3   0 0  0 1  0 1  1 0  0
    94  0.4430230999980370E-06   3   1 0  0 0  0 0  2 0  0
    95  0.1203057702714139E-06   3   0 1  0 0  0 0  2 0  0
    96  0.1453736732441119E-05   3   0 0  1 0  0 0  2 0  0
    97  0.9717444166902862E-01   3   0 0  0 1  0 0  2 0  0
    98  -.5936696610486155E-06   3   1 0  0 0  0 1  0 1  0
    99  -.1379720515702019E-06   3   0 1  0 0  0 1  0 1  0
   100  -.1948068858213655E-05   3   0 0  1 0  0 1  0 1  0
   101  -.3534877009123938E-06   3   0 0  0 1  0 1  0 1  0
   102  -.5916870601974265E-06   3   1 0  0 0  0 0  1 1  0
   103  -.1375112843711276E-06   3   0 1  0 0  0 0  1 1  0
   104  -.1941563147664687E-05   3   0 0  1 0  0 0  1 1  0
   105  -.3523072043118159E-06   3   0 0  0 1  0 0  1 1  0
   106  -.6542001686577656E-10   3   0 0  0 0  0 3  0 0  0
   107  -.8424198383379490E-10   3   0 0  0 0  0 2  1 0  0
   108  -.8414660318268302E-10   3   0 0  0 0  0 1  2 0  0
   109  -.6495210974581240E-10   3   0 0  0 0  0 0  3 0  0
   110  0.5512660339563549E-10   3   0 0  0 0  0 2  0 1  0
   111  0.7095211564369391E-10   3   0 0  0 0  0 1  1 1  0
   112  0.5482402954852974E-10   3   0 0  0 0  0 0  2 1  0
   113  -.9360629251721864E-08   4   4 0  0 0  0 0  0 0  0
   114  0.8863177962349621E-06   4   3 1  0 0  0 0  0 0  0
   115  0.4065778894226038E-06   4   2 2  0 0  0 0  0 0  0
   116  0.9442746026498936E-07   4   1 3  0 0  0 0  0 0  0
   117  0.1379175009168045E-04   4   0 4  0 0  0 0  0 0  0
   118  0.4206801157346157E-02   4   3 0  1 0  0 0  0 0  0
   119  -.1744470629877206       4   2 1  1 0  0 0  0 0  0
   120  -.1141214273943049       4   1 2  1 0  0 0  0 0  0
   121  -.1236665892319929E-01   4   0 3  1 0  0 0  0 0  0
   122  0.1087679530148978E-04   4   2 0  2 0  0 0  0 0  0
   123  0.3334440336302721E-05   4   1 1  2 0  0 0  0 0  0
   124  -.7193102715203437E-07   4   0 2  2 0  0 0  0 0  0
   125  0.1394005275742586E-02   4   1 0  3 0  0 0  0 0  0
   126  -.1759026775281807       4   0 1  3 0  0 0  0 0  0
   127  0.1761445559705617E-05   4   0 0  4 0  0 0  0 0  0
   128  -.1755411680608482       4   3 0  0 1  0 0  0 0  0
   129  -.2261184053056834E-01   4   2 1  0 1  0 0  0 0  0
   130  -.2001378500498509E-01   4   1 2  0 1  0 0  0 0  0
   131  -.2589014194843994E-02   4   0 3  0 1  0 0  0 0  0
   132  0.1234818104184064E-05   4   2 0  1 1  0 0  0 0  0
   133  0.9647795370446891E-06   4   1 1  1 1  0 0  0 0  0
   134  0.2874151864486607E-07   4   0 2  1 1  0 0  0 0  0
   135  -.1755369485309980       4   1 0  2 1  0 0  0 0  0
   136  -.6858026156719475E-01   4   0 1  2 1  0 0  0 0  0
   137  -.1190894007294908E-06   4   0 0  3 1  0 0  0 0  0
   138  0.3319653738278937E-06   4   2 0  0 2  0 0  0 0  0
   139  0.1112418451612799E-06   4   1 1  0 2  0 0  0 0  0
   140  0.8271129650347203E-04   4   0 2  0 2  0 0  0 0  0
   141  -.1600905173379353       4   1 0  1 2  0 0  0 0  0
   142  -.2973398935117106E-01   4   0 1  1 2  0 0  0 0  0
   143  -.3400564770330050E-06   4   0 0  2 2  0 0  0 0  0
   144  -.1560675078417029E-01   4   1 0  0 3  0 0  0 0  0
   145  -.3431473948749533E-02   4   0 1  0 3  0 0  0 0  0
   146  -.8412622273108208E-07   4   0 0  1 3  0 0  0 0  0
   147  0.6891221572327485E-04   4   0 0  0 4  0 0  0 0  0
   148  0.1242851284882758E-04   4   3 0  0 0  0 1  0 0  0
   149  0.1600737336390573E-05   4   2 1  0 0  0 1  0 0  0
   150  0.2101207383090715E-05   4   1 2  0 0  0 1  0 0  0
   151  0.3303525605434704E-06   4   0 3  0 0  0 1  0 0  0
   152  -.5648010031213137E-03   4   2 0  1 0  0 1  0 0  0
   153  -.1620473360267845E-03   4   1 1  1 0  0 1  0 0  0
   154  0.1262474690994596E-04   4   0 2  1 0  0 1  0 0  0
   155  0.6228349024180084E-04   4   1 0  2 0  0 1  0 0  0
   156  0.4857287094890783E-05   4   0 1  2 0  0 1  0 0  0
   157  -.6372746446086596E-03   4   0 0  3 0  0 1  0 0  0
   158  0.7178298344700004E-04   4   2 0  0 1  0 1  0 0  0
   159  0.3012493687079296E-05   4   1 1  0 1  0 1  0 0  0
   160  -.1953235214317739       4   0 2  0 1  0 1  0 0  0
   161  0.6155641924164065E-04   4   1 0  1 1  0 1  0 0  0
   162  0.1158437327441206E-04   4   0 1  1 1  0 1  0 0  0
   163  -.1279508405501668E-03   4   0 0  2 1  0 1  0 0  0
   164  0.1042307009276532E-04   4   1 0  0 2  0 1  0 0  0
   165  0.2436769566512449E-05   4   0 1  0 2  0 1  0 0  0
   166  -.1376653464404884E-05   4   0 0  1 2  0 1  0 0  0
   167  -.1953255146511888       4   0 0  0 3  0 1  0 0  0
   168  0.1238700697145162E-04   4   3 0  0 0  0 0  1 0  0
   169  0.1595391563456716E-05   4   2 1  0 0  0 0  1 0  0
   170  0.2094190255857175E-05   4   1 2  0 0  0 0  1 0  0
   171  0.3292493253426285E-06   4   0 3  0 0  0 0  1 0  0
   172  -.5629148111478077E-03   4   2 0  1 0  0 0  1 0  0
   173  -.1615061677516765E-03   4   1 1  1 0  0 0  1 0  0
   174  0.1258258569537149E-04   4   0 2  1 0  0 0  1 0  0
   175  0.6207549022281493E-04   4   1 0  2 0  0 0  1 0  0
   176  0.4841065849035235E-05   4   0 1  2 0  0 0  1 0  0
   177  -.6351464219020150E-03   4   0 0  3 0  0 0  1 0  0
   178  0.7154325921405996E-04   4   2 0  0 1  0 0  1 0  0
   179  0.3002433256233416E-05   4   1 1  0 1  0 0  1 0  0
   180  -.1946712250365578       4   0 2  0 1  0 0  1 0  0
   181  0.6135084732649497E-04   4   1 0  1 1  0 0  1 0  0
   182  0.1154568645946865E-04   4   0 1  1 1  0 0  1 0  0
   183  -.1275235398776366E-03   4   0 0  2 1  0 0  1 0  0
   184  0.1038826153003438E-04   4   1 0  0 2  0 0  1 0  0
   185  0.2428631806182496E-05   4   0 1  0 2  0 0  1 0  0
   186  -.1372056035012949E-05   4   0 0  1 2  0 0  1 0  0
   187  -.1946732115994791       4   0 0  0 3  0 0  1 0  0
   188  0.6836838121309929E-09   4   3 0  0 0  0 0  0 1  0
   189  0.1824965183185333E-09   4   2 1  0 0  0 0  0 1  0
   190  -.4553574755789251E-06   4   1 2  0 0  0 0  0 1  0
   191  -.5920496051638333E-07   4   0 3  0 0  0 0  0 1  0
   192  0.1163643055846562E-02   4   2 0  1 0  0 0  0 1  0
   193  0.2596077317596033E-03   4   1 1  1 0  0 0  0 1  0
   194  -.6000881841061353E-05   4   0 2  1 0  0 0  0 1  0
   195  -.9954288799684189E-04   4   1 0  2 0  0 0  0 1  0
   196  -.1547566469570374E-08   4   0 1  2 0  0 0  0 1  0
   197  0.1308648469679096E-02   4   0 0  3 0  0 0  0 1  0
   198  -.9558758449762309E-04   4   2 0  0 1  0 0  0 1  0
   199  0.3362125143254401E-05   4   1 1  0 1  0 0  0 1  0
   200  -.8316899621180882E-06   4   0 2  0 1  0 0  0 1  0
   201  -.3882152615364730E-04   4   1 0  1 1  0 0  0 1  0
   202  -.4907684655596064E-05   4   0 1  1 1  0 0  0 1  0
   203  0.1828741759774162E-03   4   0 0  2 1  0 0  0 1  0
   204  -.4730769943594972E-05   4   1 0  0 2  0 0  0 1  0
   205  -.8156142184140987E-06   4   0 1  0 2  0 0  0 1  0
   206  0.5431357191465117E-05   4   0 0  1 2  0 0  0 1  0
   207  -.7480140083368965E-07   4   0 0  0 3  0 0  0 1  0
   208  0.8438365303329920E-07   4   2 0  0 0  0 2  0 0  0
   209  0.3557942080980785E-07   4   1 1  0 0  0 2  0 0  0
   210  0.3453310745889356E-04   4   0 2  0 0  0 2  0 0  0
   211  -.3436160532107564E-01   4   1 0  1 0  0 2  0 0  0
   212  -.6453286892638210E-02   4   0 1  1 0  0 2  0 0  0
   213  -.7636580280651482E-07   4   0 0  2 0  0 2  0 0  0
   214  -.6453288141687477E-02   4   1 0  0 1  0 2  0 0  0
   215  -.1473092251911951E-02   4   0 1  0 1  0 2  0 0  0
   216  -.2977062458673743E-07   4   0 0  1 1  0 2  0 0  0
   217  0.1035824964445101E-03   4   0 0  0 2  0 2  0 0  0
   218  0.5006047816447720E-07   4   2 0  0 0  0 1  1 0  0
   219  0.3464399107969598E-07   4   1 1  0 0  0 1  1 0  0
   220  0.4140225894517676E-04   4   0 2  0 0  0 1  1 0  0
   221  -.2295849878412232E-01   4   1 0  1 0  0 1  1 0  0
   222  -.6453235553916753E-02   4   0 1  1 0  0 1  1 0  0
   223  -.4431727720181547E-07   4   0 0  2 0  0 1  1 0  0
   224  -.6453235464619195E-02   4   1 0  0 1  0 1  1 0  0
   225  -.1766124460579635E-02   4   0 1  0 1  0 1  1 0  0
   226  -.3139297064095105E-07   4   0 0  1 1  0 1  1 0  0
   227  0.1241870184570192E-03   4   0 0  0 2  0 1  1 0  0
   228  0.8401825780427823E-07   4   2 0  0 0  0 0  2 0  0
   229  0.3540275288389317E-07   4   1 1  0 0  0 0  2 0  0
   230  0.3434864890838880E-04   4   0 2  0 0  0 0  2 0  0
   231  -.3420851661950086E-01   4   1 0  1 0  0 0  2 0  0
   232  -.6420960182185036E-02   4   0 1  1 0  0 0  2 0  0
   233  -.7603677365091960E-07   4   0 0  2 0  0 0  2 0  0
   234  -.6420961427212119E-02   4   1 0  0 1  0 0  2 0  0
   235  -.1465223711226071E-02   4   0 1  0 1  0 0  2 0  0
   236  -.2961878404182219E-07   4   0 0  1 1  0 0  2 0  0
   237  0.1030292099765911E-03   4   0 0  0 2  0 0  2 0  0
   238  -.1134612164312429E-06   4   2 0  0 0  0 1  0 1  0
   239  -.3547127250637004E-07   4   1 1  0 0  0 1  0 1  0
   240  -.3598366656365139E-08   4   0 2  0 0  0 1  0 1  0
   241  0.4584086601974375E-01   4   1 0  1 0  0 1  0 1  0
   242  0.6453269025920609E-02   4   0 1  1 0  0 1  0 1  0
   243  0.1043321719406588E-06   4   0 0  2 0  0 1  0 1  0
   244  0.6453270173889180E-02   4   1 0  0 1  0 1  0 1  0
   245  0.1258531441770905E-02   4   0 1  0 1  0 1  0 1  0
   246  0.3020462541350047E-07   4   0 0  1 1  0 1  0 1  0
   247  0.2740410704356021E-08   4   0 0  0 2  0 1  0 1  0
   248  -.1130823048596493E-06   4   2 0  0 0  0 0  1 1  0
   249  -.3535281374103599E-07   4   1 1  0 0  0 0  1 1  0
   250  -.3586349662295611E-08   4   0 2  0 0  0 0  1 1  0
   251  0.4568777728040981E-01   4   1 0  1 0  0 0  1 1  0
   252  0.6431717888136038E-02   4   0 1  1 0  0 0  1 1  0
   253  0.1039837474438902E-06   4   0 0  2 0  0 0  1 1  0
   254  0.6431719032270889E-02   4   1 0  0 1  0 0  1 1  0
   255  0.1254328489065865E-02   4   0 1  0 1  0 0  1 1  0
   256  0.3010375498001858E-07   4   0 0  1 1  0 0  1 1  0
   257  0.2731258913466821E-08   4   0 0  0 2  0 0  1 1  0
   258  -.1880426366674900E-13   4   2 0  0 0  0 0  0 2  0
   259  -.3834063139967109E-14   4   1 1  0 0  0 0  0 2  0
   260  -.2299858020912844E-15   4   0 2  0 0  0 0  0 2  0
   261  -.5123560354943390E-14   4   1 0  1 0  0 0  0 2  0
   262  0.3120672148727650E-15   4   0 1  1 0  0 0  0 2  0
   263  0.3989074611719074E-13   4   0 0  2 0  0 0  0 2  0
   264  -.2512436418513148E-14   4   1 0  0 1  0 0  0 2  0
   265  -.1289413282820615E-15   4   0 1  0 1  0 0  0 2  0
   266  0.9196260053498911E-14   4   0 0  1 1  0 0  0 2  0
   267  0.5651382745452003E-15   4   0 0  0 2  0 0  0 2  0
   268  0.6274007351418588E-06   4   1 0  0 0  0 3  0 0  0
   269  0.1456943156072101E-06   4   0 1  0 0  0 3  0 0  0
   270  0.9140019361825537E-06   4   0 0  1 0  0 3  0 0  0
   271  -.8133146092633123E-01   4   0 0  0 1  0 3  0 0  0
   272  0.7412472443924744E-06   4   1 0  0 0  0 2  1 0  0
   273  0.2064556899656679E-06   4   0 1  0 0  0 2  1 0  0
   274  0.1079853726665364E-05   4   0 0  1 0  0 2  1 0  0
   275  -.4883164776086792E-01   4   0 0  0 1  0 2  1 0  0
   276  0.7406664511283763E-06   4   1 0  0 0  0 1  2 0  0
   277  0.2061488774565740E-06   4   0 1  0 0  0 1  2 0  0
   278  0.1079007626012203E-05   4   0 0  1 0  0 1  2 0  0
   279  -.4899309021748151E-01   4   0 0  0 1  0 1  2 0  0
   280  0.6230242849386382E-06   4   1 0  0 0  0 0  3 0  0
   281  0.1446208987559755E-06   4   0 1  0 0  0 0  3 0  0
   282  0.9076262928986400E-06   4   0 0  1 0  0 0  3 0  0
   283  -.8084277836328878E-01   4   0 0  0 1  0 0  3 0  0
   284  -.5703813269661067E-06   4   1 0  0 0  0 2  0 1  0
   285  -.1038609595771296E-06   4   0 1  0 0  0 2  0 1  0
   286  -.8309357168076726E-06   4   0 0  1 0  0 2  0 1  0
   287  -.1513053320334904E-06   4   0 0  0 1  0 2  0 1  0
   288  -.6838431751158069E-06   4   1 0  0 0  0 1  1 1  0
   289  -.1481171350973261E-06   4   0 1  0 0  0 1  1 1  0
   290  -.9962267786121366E-06   4   0 0  1 0  0 1  1 1  0
   291  -.2157780137872659E-06   4   0 0  0 1  0 1  1 1  0
   292  -.5673346283497538E-06   4   1 0  0 0  0 0  2 1  0
   293  -.1032667850141142E-06   4   0 1  0 0  0 0  2 1  0
   294  -.8264972655212915E-06   4   0 0  1 0  0 0  2 1  0
   295  -.1504397346135641E-06   4   0 0  0 1  0 0  2 1  0
   296  0.1006026828435874E-04   4   0 0  0 0  0 4  0 0  0
   297  0.5750878329319039E-05   4   0 0  0 0  0 3  1 0  0
   298  0.5180457426142336E-05   4   0 0  0 0  0 2  2 0  0
   299  0.5781309832621845E-05   4   0 0  0 0  0 1  3 0  0
   300  0.9983574461379261E-05   4   0 0  0 0  0 0  4 0  0
   301  -.5457408382681191E-11   4   0 0  0 0  0 3  0 1  0
   302  0.4217946786245647E-10   4   0 0  0 0  0 2  1 1  0
   303  0.4194092920052949E-10   4   0 0  0 0  0 1  2 1  0
   304  -.5500265811445003E-11   4   0 0  0 0  0 0  3 1  0
   -------------------------------------------------------
     I  COEFFICIENT            ORDER EXPONENTS
     1  -.6209374186778518E-09   0   0 0  0 0  0 0  0 0  0
     2  0.1505271874194966E-04   1   1 0  0 0  0 0  0 0  0
     3  0.2699237147620305E-05   1   0 1  0 0  0 0  0 0  0
     4  0.3856654028437930E-04   1   0 0  1 0  0 0  0 0  0
     5   1.000006137652319       1   0 0  0 1  0 0  0 0  0
     6  0.1815264758861952E-09   1   0 0  0 0  0 1  0 0  0
     7  0.1809202556791666E-09   1   0 0  0 0  0 0  1 0  0
     8  -.9833843679400665E-09   1   0 0  0 0  0 0  0 1  0
     9  0.1990497309331330E-05   2   2 0  0 0  0 0  0 0  0
    10  0.4417034610462338E-06   2   1 1  0 0  0 0  0 0  0
    11  0.4169683778345731E-07   2   0 2  0 0  0 0  0 0  0
    12  -.7040969716936585       2   1 0  1 0  0 0  0 0  0
    13  -.9153626709376757E-01   2   0 1  1 0  0 0  0 0  0
    14  -.2509229738883763E-05   2   0 0  2 0  0 0  0 0  0
    15  -.9153599972180076E-01   2   1 0  0 1  0 0  0 0  0
    16  -.1735688456520216E-01   2   0 1  0 1  0 0  0 0  0
    17  -.6245314476554545E-06   2   0 0  1 1  0 0  0 0  0
    18  -.5693150092827943E-07   2   0 0  0 2  0 0  0 0  0
    19  -.4010115036205702E-12   2   1 0  0 0  0 1  0 0  0
    20  -.1366458615527644E-05   2   0 1  0 0  0 1  0 0  0
    21  -.3024750417443332E-10   2   0 0  1 0  0 1  0 0  0
    22  -.3073960100966322E-05   2   0 0  0 1  0 1  0 0  0
    23  -.3996723597775946E-12   2   1 0  0 0  0 0  1 0  0
    24  -.1361895232569076E-05   2   0 1  0 0  0 0  1 0  0
    25  -.3014649063689240E-10   2   0 0  1 0  0 0  1 0  0
    26  -.3063694398707057E-05   2   0 0  0 1  0 0  1 0  0
    27  0.1505271965191836E-04   2   1 0  0 0  0 0  0 1  0
    28  0.2728354876676470E-05   2   0 1  0 0  0 0  0 1  0
    29  0.3856660094116379E-04   2   0 0  1 0  0 0  0 1  0
    30  0.6137655006465767E-05   2   0 0  0 1  0 0  0 1  0
    31  -.4515359060473359E-10   2   0 0  0 0  0 2  0 0  0
    32  0.9030983039627116E-10   2   0 0  0 0  0 1  1 0  0
    33  -.4515359623985568E-10   2   0 0  0 0  0 0  2 0  0
    34  -.7805110836323680E-15   2   0 0  0 0  0 1  0 1  0
    35  -.7779045007272235E-15   2   0 0  0 0  0 0  1 1  0
    36  -.1153680841723977E-05   3   3 0  0 0  0 0  0 0  0
    37  -.7535567266327979E-04   3   2 1  0 0  0 0  0 0  0
    38  -.1579524913712586E-04   3   1 2  0 0  0 0  0 0  0
    39  0.1962586338672586E-06   3   0 3  0 0  0 0  0 0  0
    40  0.1241294892542287E-01   3   2 0  1 0  0 0  0 0  0
    41  0.5364763618274520E-02   3   1 1  1 0  0 0  0 0  0
    42  0.2601749444882552E-03   3   0 2  1 0  0 0  0 0  0
    43  -.1099634521996372E-05   3   1 0  2 0  0 0  0 0  0
    44  0.7448779837283547E-04   3   0 1  2 0  0 0  0 0  0
    45  0.1242072727426922E-01   3   0 0  3 0  0 0  0 0  0
    46  -.1159496683651687E-02   3   2 0  0 1  0 0  0 0  0
    47  0.2282343234890148E-03   3   1 1  0 1  0 0  0 0  0
    48  0.3245671440075514E-04   3   0 2  0 1  0 0  0 0  0
    49  0.1488853366011121E-03   3   1 0  1 1  0 0  0 0  0
    50  0.1617757399679132E-04   3   0 1  1 1  0 0  0 0  0
    51  0.3774620877112606E-02   3   0 0  2 1  0 0  0 0  0
    52  0.1560554227091953E-04   3   1 0  0 2  0 0  0 0  0
    53  0.2104346074211571E-05   3   0 1  0 2  0 0  0 0  0
    54  0.3761969885700142E-03   3   0 0  1 2  0 0  0 0  0
    55  0.2179195189374917E-04   3   0 0  0 3  0 0  0 0  0
    56  -.6571135560219645E-07   3   2 0  0 0  0 1  0 0  0
    57  -.2006144539387229E-06   3   1 1  0 0  0 1  0 0  0
    58  -.4325995726151441E-07   3   0 2  0 0  0 1  0 0  0
    59  0.8760533874390231E-06   3   1 0  1 0  0 1  0 0  0
    60  0.4584479130113682E-01   3   0 1  1 0  0 1  0 0  0
    61  0.3464266085673273E-06   3   0 0  2 0  0 1  0 0  0
    62  0.4584453341082998E-01   3   1 0  0 1  0 1  0 0  0
    63  0.1738591822302372E-01   3   0 1  0 1  0 1  0 0  0
    64  0.3952040421081085E-06   3   0 0  1 1  0 1  0 0  0
    65  0.6214876949267168E-07   3   0 0  0 2  0 1  0 0  0
    66  -.6549190798999457E-07   3   2 0  0 0  0 0  1 0  0
    67  -.1999444881088319E-06   3   1 1  0 0  0 0  1 0  0
    68  -.4311548764527132E-07   3   0 2  0 0  0 0  1 0  0
    69  0.8731277465831217E-06   3   1 0  1 0  0 0  1 0  0
    70  0.4569168945305484E-01   3   0 1  1 0  0 0  1 0  0
    71  0.3452696929725285E-06   3   0 0  2 0  0 0  1 0  0
    72  0.4569143242399051E-01   3   1 0  0 1  0 0  1 0  0
    73  0.1732785674788141E-01   3   0 1  0 1  0 0  1 0  0
    74  0.3938842309038456E-06   3   0 0  1 1  0 0  1 0  0
    75  0.6194121938288754E-07   3   0 0  0 2  0 0  1 0  0
    76  0.2126944494360109E-05   3   2 0  0 0  0 0  0 1  0
    77  0.3992210208735748E-06   3   1 1  0 0  0 0  0 1  0
    78  0.3970521185916747E-07   3   0 2  0 0  0 0  0 1  0
    79  -.7040987246987586       3   1 0  1 0  0 0  0 1  0
    80  -.9153649508474748E-01   3   0 1  1 0  0 0  0 1  0
    81  -.3185523262358927E-05   3   0 0  2 0  0 0  0 1  0
    82  -.9153596819724676E-01   3   1 0  0 1  0 0  0 1  0
    83  -.1735689717099115E-01   3   0 1  0 1  0 0  0 1  0
    84  -.7736803281225111E-06   3   0 0  1 1  0 0  0 1  0
    85  -.6753986515358795E-07   3   0 0  0 2  0 0  0 1  0
    86  -.4024871380140930E-11   3   1 0  0 0  0 2  0 0  0
    87  0.1024271217514521E-05   3   0 1  0 0  0 2  0 0  0
    88  -.4725420724400057E-10   3   0 0  1 0  0 2  0 0  0
    89  0.2304185429109134E-05   3   0 0  0 1  0 2  0 0  0
    90  -.5869138563315658E-11   3   1 0  0 0  0 1  1 0  0
    91  0.6843587286935422E-06   3   0 1  0 0  0 1  1 0  0
    92  -.5995076534160067E-10   3   0 0  1 0  0 1  1 0  0
    93  0.1539523800078079E-05   3   0 0  0 1  0 1  1 0  0
    94  -.4001703226133655E-11   3   1 0  0 0  0 0  2 0  0
    95  0.1019707861476244E-05   3   0 1  0 0  0 0  2 0  0
    96  -.4699629371856449E-10   3   0 0  1 0  0 0  2 0  0
    97  0.2293919769940469E-05   3   0 0  0 1  0 0  2 0  0
    98  0.4318199140628069E-11   3   1 0  0 0  0 1  0 1  0
    99  -.1366452612048990E-05   3   0 1  0 0  0 1  0 1  0
   100  0.6854862366265624E-10   3   0 0  1 0  0 1  0 1  0
   101  -.3073951338947068E-05   3   0 0  0 1  0 1  0 1  0
   102  0.4303778155406935E-11   3   1 0  0 0  0 0  1 1  0
   103  -.1361889249139447E-05   3   0 1  0 0  0 0  1 1  0
   104  0.6831970070635469E-10   3   0 0  1 0  0 0  1 1  0
   105  -.3063685666063688E-05   3   0 0  0 1  0 0  1 1  0
   106  -.6146163379119353E-09   3   0 0  0 0  0 3  0 0  0
   107  -.6075597621819744E-09   3   0 0  0 0  0 2  1 0  0
   108  -.6075848282486445E-09   3   0 0  0 0  0 1  2 0  0
   109  -.6105264119790975E-09   3   0 0  0 0  0 0  3 0  0
   110  0.6634559401056179E-09   3   0 0  0 0  0 2  0 1  0
   111  0.6112631325772404E-09   3   0 0  0 0  0 1  1 1  0
   112  0.6602196044139974E-09   3   0 0  0 0  0 0  2 1  0
   113  -.8856497932976433E-05   4   4 0  0 0  0 0  0 0  0
   114  -.6377189435661371E-05   4   3 1  0 0  0 0  0 0  0
   115  -.2128161383398987E-05   4   2 2  0 0  0 0  0 0  0
   116  -.3726086673066760E-07   4   1 3  0 0  0 0  0 0  0
   117  0.2972691845278629E-07   4   0 4  0 0  0 0  0 0  0
   118  0.4439340276203364E-01   4   3 0  1 0  0 0  0 0  0
   119  0.2327812734474738E-01   4   2 1  1 0  0 0  0 0  0
   120  -.1712683028426211       4   1 2  1 0  0 0  0 0  0
   121  -.6831696223063859E-01   4   0 3  1 0  0 0  0 0  0
   122  -.1739640210695443E-04   4   2 0  2 0  0 0  0 0  0
   123  -.9773605871420299E-05   4   1 1  2 0  0 0  0 0  0
   124  -.1893719024169789E-05   4   0 2  2 0  0 0  0 0  0
   125  0.1350945795171273E-01   4   1 0  3 0  0 0  0 0  0
   126  0.1783500554262122E-02   4   0 1  3 0  0 0  0 0  0
   127  -.8704746804213464E-05   4   0 0  4 0  0 0  0 0  0
   128  0.7229742637465793E-02   4   3 0  0 1  0 0  0 0  0
   129  0.1804926163653892       4   2 1  0 1  0 0  0 0  0
   130  -.2194072228567136E-01   4   1 2  0 1  0 0  0 0  0
   131  -.1729547261606576E-01   4   0 3  0 1  0 0  0 0  0
   132  -.8025684936039826E-05   4   2 0  1 1  0 0  0 0  0
   133  -.5480470472518794E-05   4   1 1  1 1  0 0  0 0  0
   134  -.1049095915712877E-05   4   0 2  1 1  0 0  0 0  0
   135  0.6929170518406286E-02   4   1 0  2 1  0 0  0 0  0
   136  0.5291443066276510       4   0 1  2 1  0 0  0 0  0
   137  -.1154222462658787E-04   4   0 0  3 1  0 0  0 0  0
   138  0.3630945409468580E-06   4   2 0  0 2  0 0  0 0  0
   139  -.3555637418329307E-07   4   1 1  0 2  0 0  0 0  0
   140  -.7785638658968957E-07   4   0 2  0 2  0 0  0 0  0
   141  0.1773823338295690       4   1 0  1 2  0 0  0 0  0
   142  0.1146288938857814       4   0 1  1 2  0 0  0 0  0
   143  -.9674992201099385E-06   4   0 0  2 2  0 0  0 0  0
   144  -.2279391729844343E-01   4   1 0  0 3  0 0  0 0  0
   145  0.1316670870790250E-04   4   0 1  0 3  0 0  0 0  0
   146  -.5269264110734875E-07   4   0 0  1 3  0 0  0 0  0
   147  -.1516118185027694E-07   4   0 0  0 4  0 0  0 0  0
   148  -.5130306727124033E-06   4   3 0  0 0  0 1  0 0  0
   149  0.1214624759673121E-04   4   2 1  0 0  0 1  0 0  0
   150  0.2099662699682567E-04   4   1 2  0 0  0 1  0 0  0
   151  0.4911359243463152E-05   4   0 3  0 0  0 1  0 0  0
   152  -.6223526095456933E-02   4   2 0  1 0  0 1  0 0  0
   153  -.5196423527913540E-02   4   1 1  1 0  0 1  0 0  0
   154  -.3038704725183351E-03   4   0 2  1 0  0 1  0 0  0
   155  -.4924853309217259E-06   4   1 0  2 0  0 1  0 0  0
   156  -.1122450388428724E-03   4   0 1  2 0  0 1  0 0  0
   157  -.6221308329435220E-02   4   0 0  3 0  0 1  0 0  0
   158  0.1177600433282006E-02   4   2 0  0 1  0 1  0 0  0
   159  -.3211229024310333E-03   4   1 1  0 1  0 1  0 0  0
   160  -.3792681788208499E-04   4   0 2  0 1  0 1  0 0  0
   161  -.1248261667402812E-03   4   1 0  1 1  0 1  0 0  0
   162  -.6808149469510559E-04   4   0 1  1 1  0 1  0 0  0
   163  -.3944867396897943E-02   4   0 0  2 1  0 1  0 0  0
   164  -.1639709469623157E-05   4   1 0  0 2  0 1  0 0  0
   165  -.3689634933185606E-05   4   0 1  0 2  0 1  0 0  0
   166  -.6247170876028933E-03   4   0 0  1 2  0 1  0 0  0
   167  -.4328013483924095E-04   4   0 0  0 3  0 1  0 0  0
   168  -.5113173713342968E-06   4   3 0  0 0  0 0  1 0  0
   169  0.1210568436366701E-04   4   2 1  0 0  0 0  1 0  0
   170  0.2092650731025995E-04   4   1 2  0 0  0 0  1 0  0
   171  0.4894957419931469E-05   4   0 3  0 0  0 0  1 0  0
   172  -.6202742200061949E-02   4   2 0  1 0  0 0  1 0  0
   173  -.5179069712508001E-02   4   1 1  1 0  0 0  1 0  0
   174  -.3028556760800919E-03   4   0 2  1 0  0 0  1 0  0
   175  -.4908406421320590E-06   4   1 0  2 0  0 0  1 0  0
   176  -.1118701887803638E-03   4   0 1  2 0  0 0  1 0  0
   177  -.6200531840423127E-02   4   0 0  3 0  0 0  1 0  0
   178  0.1173667755271638E-02   4   2 0  0 1  0 0  1 0  0
   179  -.3200504903112197E-03   4   1 1  0 1  0 0  1 0  0
   180  -.3780015865397192E-04   4   0 2  0 1  0 0  1 0  0
   181  -.1244093011318975E-03   4   1 0  1 1  0 0  1 0  0
   182  -.6785413183964934E-04   4   0 1  1 1  0 0  1 0  0
   183  -.3931693239665171E-02   4   0 0  2 1  0 0  1 0  0
   184  -.1634233546557697E-05   4   1 0  0 2  0 0  1 0  0
   185  -.3677313142400092E-05   4   0 1  0 2  0 0  1 0  0
   186  -.6226308017255611E-03   4   0 0  1 2  0 0  1 0  0
   187  -.4313559783864987E-04   4   0 0  0 3  0 0  1 0  0
   188  0.3838825818905431E-08   4   3 0  0 0  0 0  0 1  0
   189  -.4976835784685415E-04   4   2 1  0 0  0 0  0 1  0
   190  -.1941061930424664E-04   4   1 2  0 0  0 0  0 1  0
   191  -.2453745808585759E-05   4   0 3  0 0  0 0  0 1  0
   192  0.2484294626673643E-01   4   2 0  1 0  0 0  0 1  0
   193  0.1044603829444271E-01   4   1 1  1 0  0 0  0 1  0
   194  0.4357658142587767E-03   4   0 2  1 0  0 0  0 1  0
   195  0.5285562254657641E-08   4   1 0  2 0  0 0  0 1  0
   196  0.1493097851214439E-03   4   0 1  2 0  0 0  0 1  0
   197  0.2484294570954617E-01   4   0 0  3 0  0 0  0 1  0
   198  -.2388440686138603E-02   4   2 0  0 1  0 0  0 1  0
   199  0.4209059925144808E-03   4   1 1  0 1  0 0  0 1  0
   200  0.4410014380964747E-04   4   0 2  0 1  0 0  0 1  0
   201  0.1990818672735614E-03   4   1 0  1 1  0 0  0 1  0
   202  0.5176279863195864E-04   4   0 1  1 1  0 0  0 1  0
   203  0.7767583566442573E-02   4   0 0  2 1  0 0  0 1  0
   204  0.6470593137565692E-05   4   1 0  0 2  0 0  0 1  0
   205  0.2453802985778686E-05   4   0 1  0 2  0 0  0 1  0
   206  0.8189686923971553E-03   4   0 0  1 2  0 0  0 1  0
   207  0.4410017083556149E-04   4   0 0  0 3  0 0  0 1  0
   208  -.1121530603174065E-06   4   2 0  0 0  0 2  0 0  0
   209  0.2054190034610518E-06   4   1 1  0 0  0 2  0 0  0
   210  0.5122221009724807E-07   4   0 2  0 0  0 2  0 0  0
   211  0.6642562211667945E-06   4   1 0  1 0  0 2  0 0  0
   212  -.3436429943189730E-01   4   0 1  1 0  0 2  0 0  0
   213  0.3438728796022151E-06   4   0 0  2 0  0 2  0 0  0
   214  -.3436434865467249E-01   4   1 0  0 1  0 2  0 0  0
   215  -.1738593612548194E-01   4   0 1  0 1  0 2  0 0  0
   216  -.8255331485083427E-07   4   0 0  1 1  0 2  0 0  0
   217  -.3473694688486038E-07   4   0 0  0 2  0 2  0 0  0
   218  -.1291870822932099E-06   4   2 0  0 0  0 1  1 0  0
   219  0.1543877161094217E-06   4   1 1  0 0  0 1  1 0  0
   220  0.5167940481048547E-07   4   0 2  0 0  0 1  1 0  0
   221  0.7927957759521878E-06   4   1 0  1 0  0 1  1 0  0
   222  -.2296025639404180E-01   4   0 1  1 0  0 1  1 0  0
   223  0.4276388191288348E-06   4   0 0  2 0  0 1  1 0  0
   224  -.2296031865991778E-01   4   1 0  0 1  0 1  1 0  0
   225  -.1738578682133904E-01   4   0 1  0 1  0 1  1 0  0
   226  0.3003936467449889E-07   4   0 0  1 1  0 1  1 0  0
   227  -.2872623750242530E-07   4   0 0  0 2  0 1  1 0  0
   228  -.1115628028191256E-06   4   2 0  0 0  0 0  2 0  0
   229  0.2044751983059164E-06   4   1 1  0 0  0 0  2 0  0
   230  0.5096485651609968E-07   4   0 2  0 0  0 0  2 0  0
   231  0.6607140932776891E-06   4   1 0  1 0  0 0  2 0  0
   232  -.3421119879832349E-01   4   0 1  1 0  0 0  2 0  0
   233  0.3420104276593734E-06   4   0 0  2 0  0 0  2 0  0
   234  -.3421124775274523E-01   4   1 0  0 1  0 0  2 0  0
   235  -.1729884407239403E-01   4   0 1  0 1  0 0  2 0  0
   236  -.8232778165121471E-07   4   0 0  1 1  0 0  2 0  0
   237  -.3457297382969919E-07   4   0 0  0 2  0 0  2 0  0
   238  0.1793786349119927E-06   4   2 0  0 0  0 1  0 1  0
   239  -.2696865580594912E-06   4   1 1  0 0  0 1  0 1  0
   240  -.5085650954307918E-07   4   0 2  0 0  0 1  0 1  0
   241  -.1062516764168811E-05   4   1 0  1 0  0 1  0 1  0
   242  0.4584447034259170E-01   4   0 1  1 0  0 1  0 1  0
   243  -.5499762769419381E-06   4   0 0  2 0  0 1  0 1  0
   244  0.4584452659710698E-01   4   1 0  0 1  0 1  0 1  0
   245  0.1738588877831061E-01   4   0 1  0 1  0 1  0 1  0
   246  0.1295303575226599E-06   4   0 0  1 1  0 1  0 1  0
   247  0.3592227269409757E-07   4   0 0  0 2  0 1  0 1  0
   248  0.1787795875669821E-06   4   2 0  0 0  0 0  1 1  0
   249  -.2687859211655293E-06   4   1 1  0 0  0 0  1 1  0
   250  -.5068667071565657E-07   4   0 2  0 0  0 0  1 1  0
   251  -.1058968416021162E-05   4   1 0  1 0  0 0  1 1  0
   252  0.4569136956637299E-01   4   0 1  1 0  0 0  1 1  0
   253  -.5481395931658423E-06   4   0 0  2 0  0 0  1 1  0
   254  0.4569142563302245E-01   4   1 0  0 1  0 0  1 1  0
   255  0.1732782740150091E-01   4   0 1  0 1  0 0  1 1  0
   256  0.1290977819441359E-06   4   0 0  1 1  0 0  1 1  0
   257  0.3580230778247589E-07   4   0 0  0 2  0 0  1 1  0
   258  -.1687558768521016E-12   4   2 0  0 0  0 0  0 2  0
   259  -.5164715013423087E-13   4   1 1  0 0  0 0  0 2  0
   260  -.4362466192180446E-14   4   0 2  0 0  0 0  0 2  0
   261  -.9788603751916025E-13   4   1 0  1 0  0 0  0 2  0
   262  -.1454018287531720E-13   4   0 1  1 0  0 0  0 2  0
   263  -.7354851217602114E-13   4   0 0  2 0  0 0  0 2  0
   264  -.1091118616102943E-13   4   1 0  0 1  0 0  0 2  0
   265  -.2413013344103899E-14   4   0 1  0 1  0 0  0 2  0
   266  -.2689212769452740E-13   4   0 0  1 1  0 0  0 2  0
   267  -.2015449589739886E-14   4   0 0  0 2  0 0  0 2  0
   268  0.4047970376876465E-05   4   1 0  0 0  0 3  0 0  0
   269  0.1690293765183278E-05   4   0 1  0 0  0 3  0 0  0
   270  0.5897117625427444E-05   4   0 0  1 0  0 3  0 0  0
   271  0.2462431131823872E-05   4   0 0  0 1  0 3  0 0  0
   272  0.2430415546987457E-05   4   1 0  0 0  0 2  1 0  0
   273  0.1997006955422422E-05   4   0 1  0 0  0 2  1 0  0
   274  0.3540622617049458E-05   4   0 0  1 0  0 2  1 0  0
   275  0.2909251977980251E-05   4   0 0  0 1  0 2  1 0  0
   276  0.2438450732329739E-05   4   1 0  0 0  0 1  2 0  0
   277  0.1995442243522834E-05   4   0 1  0 0  0 1  2 0  0
   278  0.3552328480526658E-05   4   0 0  1 0  0 1  2 0  0
   279  0.2906972500570858E-05   4   0 0  0 1  0 1  2 0  0
   280  0.4023648019676076E-05   4   1 0  0 0  0 0  3 0  0
   281  0.1678503082116288E-05   4   0 1  0 0  0 0  3 0  0
   282  0.5861684654471407E-05   4   0 0  1 0  0 0  3 0  0
   283  0.2445254388347025E-05   4   0 0  0 1  0 0  3 0  0
   284  -.4858110804277690E-05   4   1 0  0 0  0 2  0 1  0
   285  -.1536676590094959E-05   4   0 1  0 0  0 2  0 1  0
   286  -.7077338119215083E-05   4   0 0  1 0  0 2  0 1  0
   287  -.2238640592300972E-05   4   0 0  0 1  0 2  0 1  0
   288  -.3245912420994868E-05   4   1 0  0 0  0 1  1 1  0
   289  -.1842353050396385E-05   4   0 1  0 0  0 1  1 1  0
   290  -.4728625779483039E-05   4   0 0  1 0  0 1  1 1  0
   291  -.2683951326137118E-05   4   0 0  0 1  0 1  1 1  0
   292  -.4836466833188614E-05   4   1 0  0 0  0 0  2 1  0
   293  -.1528468419797192E-05   4   0 1  0 0  0 0  2 1  0
   294  -.7045807073323235E-05   4   0 0  1 0  0 0  2 1  0
   295  -.2226682876922394E-05   4   0 0  0 1  0 0  2 1  0
   296  0.3403729224556780E-10   4   0 0  0 0  0 4  0 0  0
   297  -.5341410927544378E-09   4   0 0  0 0  0 3  1 0  0
   298  -.5202525235690971E-09   4   0 0  0 0  0 2  2 0  0
   299  -.5303903136859443E-09   4   0 0  0 0  0 1  3 0  0
   300  0.3469761277283150E-10   4   0 0  0 0  0 0  4 0  0
   301  -.5142691203293095E-10   4   0 0  0 0  0 3  0 1  0
   302  0.5586403243457491E-09   4   0 0  0 0  0 2  1 1  0
   303  0.5555851422249272E-09   4   0 0  0 0  0 1  2 1  0
   304  -.5209899146018910E-10   4   0 0  0 0  0 0  3 1  0
   -------------------------------------------------------
     I  COEFFICIENT            ORDER EXPONENTS
     1  0.7163359937838169E-08   0   0 0  0 0  0 0  0 0  0
     2  0.1246075621231108E-09   1   1 0  0 0  0 0  0 0  0
     3  -.7308333614079683E-11   1   0 1  0 0  0 0  0 0  0
     4  -.1815267333964057E-09   1   0 0  1 0  0 0  0 0  0
     5  -.1636614450326078E-10   1   0 0  0 1  0 0  0 0  0
     6   1.000000000000000       1   0 0  0 0  1 0  0 0  0
     7  0.6478274321401667E-01   1   0 0  0 0  0 1  0 0  0
     8  -.6478274321401753E-01   1   0 0  0 0  0 0  1 0  0
     9  -.2631184933773610E-10   2   2 0  0 0  0 0  0 0  0
    10  0.1948062975214445E-05   2   1 1  0 0  0 0  0 0  0
    11  -.6510853720517679E-01   2   0 2  0 0  0 0  0 0  0
    12  0.2726837735849536E-11   2   1 0  1 0  0 0  0 0  0
    13  -.5936698037205641E-06   2   0 1  1 0  0 0  0 0  0
    14  -.1798732721058493E-10   2   0 0  2 0  0 0  0 0  0
    15  -.5936691724299501E-06   2   1 0  0 1  0 0  0 0  0
    16  -.1379720389106807E-06   2   0 1  0 1  0 0  0 0  0
    17  -.1948073866369457E-05   2   0 0  1 1  0 0  0 0  0
    18  -.6510889069264589E-01   2   0 0  0 2  0 0  0 0  0
    19  -.6198982426976961E-10   2   1 0  0 0  0 1  0 0  0
    20  0.3346017407688225E-10   2   0 1  0 0  0 1  0 0  0
    21  0.9030983858686944E-10   2   0 0  1 0  0 1  0 0  0
    22  0.5207190984689780E-11   2   0 0  0 1  0 1  0 0  0
    23  0.6199272134131650E-10   2   1 0  0 0  0 0  1 0  0
    24  0.2359534464006875E-10   2   0 1  0 0  0 0  1 0  0
    25  -.9030848143680003E-10   2   0 0  1 0  0 0  1 0  0
    26  -.1277908566076013E-10   2   0 0  0 1  0 0  1 0  0
    27  -.1214018470248011E-14   2   1 0  0 0  0 0  0 1  0
    28  -.3970626238429056E-10   2   0 1  0 0  0 0  0 1  0
    29  -.9299277493476540E-15   2   0 0  1 0  0 0  0 1  0
    30  0.3083070819366788E-10   2   0 0  0 1  0 0  0 1  0
    31  -.4866832302419850E-01   2   0 0  0 0  0 2  0 0  0
    32  0.3255390283436129E-01   2   0 0  0 0  0 1  1 0  0
    33  0.1611442018982426E-01   2   0 0  0 0  0 0  2 0  0
    34  0.5719893500038197E-14   2   0 0  0 0  0 1  0 1  0
    35  0.1901035097289847E-14   2   0 0  0 0  0 0  1 1  0
    36  0.4461009603850874E-06   3   3 0  0 0  0 0  0 0  0
    37  -.2292028740078859E-01   3   2 1  0 0  0 0  0 0  0
    38  -.3226617432799278E-02   3   1 2  0 0  0 0  0 0  0
    39  -.2097545054678103E-03   3   0 3  0 0  0 0  0 0  0
    40  0.1389204039918053E-06   3   2 0  1 0  0 0  0 0  0
    41  -.2005621453816551E-06   3   1 1  1 0  0 0  0 0  0
    42  -.1758872288216788E-07   3   0 2  1 0  0 0  0 0  0
    43  0.4461008288652507E-06   3   1 0  2 0  0 0  0 0  0
    44  0.2292048040389669E-01   3   0 1  2 0  0 0  0 0  0
    45  0.1389016367392179E-06   3   0 0  3 0  0 0  0 0  0
    46  -.1171877938900423E-06   3   2 0  0 1  0 0  0 0  0
    47  -.3109730691405585E-07   3   1 1  0 1  0 0  0 0  0
    48  -.3519036592188756E-08   3   0 2  0 1  0 0  0 0  0
    49  0.4584101142708276E-01   3   1 0  1 1  0 0  0 0  0
    50  0.6453281655187025E-02   3   0 1  1 1  0 0  0 0  0
    51  0.1651138479648857E-06   3   0 0  2 1  0 0  0 0  0
    52  0.3226636861345659E-02   3   1 0  0 2  0 0  0 0  0
    53  0.6292661109977192E-03   3   0 1  0 2  0 0  0 0  0
    54  0.1884226152467722E-07   3   0 0  1 2  0 0  0 0  0
    55  0.8404190183266538E-09   3   0 0  0 3  0 0  0 0  0
    56  -.3388453128136577E-10   3   2 0  0 0  0 1  0 0  0
    57  -.2920492863382592E-05   3   1 1  0 0  0 1  0 0  0
    58  0.9760859546993145E-01   3   0 2  0 0  0 1  0 0  0
    59  -.4259106017832372E-10   3   1 0  1 0  0 1  0 0  0
    60  0.8900076611233120E-06   3   0 1  1 0  0 1  0 0  0
    61  -.4233681461249419E-11   3   0 0  2 0  0 1  0 0  0
    62  0.8900090054568592E-06   3   1 0  0 1  0 1  0 0  0
    63  0.2475000804378831E-06   3   0 1  0 1  0 1  0 0  0
    64  0.2920484609824009E-05   3   0 0  1 1  0 1  0 0  0
    65  0.9760931340379811E-01   3   0 0  0 2  0 1  0 0  0
    66  -.2145012618525762E-10   3   2 0  0 0  0 0  1 0  0
    67  -.9756583435114516E-06   3   1 1  0 0  0 0  1 0  0
    68  0.3260824467926160E-01   3   0 2  0 0  0 0  1 0  0
    69  -.1768379931928894E-10   3   1 0  1 0  0 0  1 0  0
    70  0.2973262893832012E-06   3   0 1  1 0  0 0  1 0  0
    71  -.7200824554694923E-11   3   0 0  2 0  0 0  1 0  0
    72  0.2973269915556127E-06   3   1 0  0 1  0 0  1 0  0
    73  0.1209197835353565E-06   3   0 1  0 1  0 0  1 0  0
    74  0.9756514744890675E-06   3   0 0  1 1  0 0  1 0  0
    75  0.3260860473311208E-01   3   0 0  0 2  0 0  1 0  0
    76  0.2035297293848849E-10   3   2 0  0 0  0 0  0 1  0
    77  0.1948072287558028E-05   3   1 1  0 0  0 0  0 1  0
    78  0.1767439359781285E-06   3   0 2  0 0  0 0  0 1  0
    79  0.3128451810758756E-10   3   1 0  1 0  0 0  0 1  0
    80  -.5936677557310728E-06   3   0 1  1 0  0 0  0 1  0
    81  -.1394966325525734E-11   3   0 0  2 0  0 0  0 1  0
    82  -.5936685621362058E-06   3   1 0  0 1  0 0  0 1  0
    83  -.1379719305060374E-06   3   0 1  0 1  0 0  0 1  0
    84  -.1948069492834005E-05   3   0 0  1 1  0 0  0 1  0
    85  -.1767439172780089E-06   3   0 0  0 2  0 0  0 1  0
    86  0.7225731518744537E-09   3   1 0  0 0  0 2  0 0  0
    87  0.1595969615134081E-09   3   0 1  0 0  0 2  0 0  0
    88  -.1024586620813851E-08   3   0 0  1 0  0 2  0 0  0
    89  -.2433780479632727E-09   3   0 0  0 1  0 2  0 0  0
    90  0.2972715693893715E-09   3   1 0  0 0  0 1  1 0  0
    91  0.1167192912306929E-09   3   0 1  0 0  0 1  1 0  0
    92  -.4877325212575159E-09   3   0 0  1 0  0 1  1 0  0
    93  -.1684843875765335E-09   3   0 0  0 1  0 1  1 0  0
    94  0.1490935499121671E-09   3   1 0  0 0  0 0  2 0  0
    95  0.5833290830083528E-10   3   0 1  0 0  0 0  2 0  0
    96  -.2443499069294602E-09   3   0 0  1 0  0 0  2 0  0
    97  -.8422528497493582E-10   3   0 0  0 1  0 0  2 0  0
    98  -.5118938719779377E-09   3   1 0  0 0  0 1  0 1  0
    99  -.7135369611218152E-10   3   0 1  0 0  0 1  0 1  0
   100  0.6902731302382313E-09   3   0 0  1 0  0 1  0 1  0
   101  0.1102532493873043E-09   3   0 0  0 1  0 1  0 1  0
   102  -.1950264182325884E-09   3   1 0  0 0  0 0  1 1  0
   103  -.4464563918847582E-10   3   0 1  0 0  0 0  1 1  0
   104  0.2929510690969360E-09   3   0 0  1 0  0 0  1 1  0
   105  0.7095214354818539E-10   3   0 0  0 1  0 0  1 1  0
   106  0.4057058451051605E-01   3   0 0  0 0  0 3  0 0  0
   107  -.2437513793415995E-01   3   0 0  0 0  0 2  1 0  0
   108  -.8178770994518357E-02   3   0 0  0 0  0 1  2 0  0
   109  -.8016691833198366E-02   3   0 0  0 0  0 0  3 0  0
   110  -.3350142718340146E-14   3   0 0  0 0  0 2  0 1  0
   111  0.1082778525874144E-14   3   0 0  0 0  0 1  1 1  0
   112  0.4548395830082510E-15   3   0 0  0 0  0 0  2 1  0
   113  -.2479187888442928E-02   4   4 0  0 0  0 0  0 0  0
   114  -.1190381697078326E-02   4   3 1  0 0  0 0  0 0  0
   115  -.1907239120662949E-03   4   2 2  0 0  0 0  0 0  0
   116  -.1542114815185029E-04   4   1 3  0 0  0 0  0 0  0
   117  -.4883220170028973E-01   4   0 4  0 0  0 0  0 0  0
   118  -.2969283661169106E-06   4   3 0  1 0  0 0  0 0  0
   119  -.1257519196839481E-04   4   2 1  1 0  0 0  0 0  0
   120  0.1456017252016778E-04   4   1 2  1 0  0 0  0 0  0
   121  0.1401505481580216E-05   4   0 3  1 0  0 0  0 0  0
   122  -.4958373781711795E-02   4   2 0  2 0  0 0  0 0  0
   123  -.1117757813722181E-02   4   1 1  2 0  0 0  0 0  0
   124  0.2827321026912239E-04   4   0 2  2 0  0 0  0 0  0
   125  -.9682901084415093E-07   4   1 0  3 0  0 0  0 0  0
   126  0.3738152724353507E-04   4   0 1  3 0  0 0  0 0  0
   127  -.2479477391640762E-02   4   0 0  4 0  0 0  0 0  0
   128  0.1242887261130913E-04   4   3 0  0 1  0 0  0 0  0
   129  -.4879873749230984E-05   4   2 1  0 1  0 0  0 0  0
   130  0.4161695389592579E-06   4   1 2  0 1  0 0  0 0  0
   131  0.1649080347615900E-06   4   0 3  0 1  0 0  0 0  0
   132  -.1045119767585882E-02   4   2 0  1 1  0 0  0 0  0
   133  -.3246952539397479E-03   4   1 1  1 1  0 0  0 0  0
   134  -.2278732292545975E-05   4   0 2  1 1  0 0  0 0  0
   135  0.6228326575675784E-04   4   1 0  2 1  0 0  0 0  0
   136  0.1133809404011249E-04   4   0 1  2 1  0 0  0 0  0
   137  -.1117894593236095E-02   4   0 0  3 1  0 0  0 0  0
   138  -.4727354377631396E-07   4   2 0  0 2  0 0  0 0  0
   139  -.7797666070761861E-05   4   1 1  0 2  0 0  0 0  0
   140  -.9766266780643341E-01   4   0 2  0 2  0 0  0 0  0
   141  0.3077820425994287E-04   4   1 0  1 2  0 0  0 0  0
   142  0.6634732103334505E-05   4   0 1  1 2  0 0  0 0  0
   143  -.1529960362585169E-03   4   0 0  2 2  0 0  0 0  0
   144  0.3474359135908388E-05   4   1 0  0 3  0 0  0 0  0
   145  0.8636150461023140E-06   4   0 1  0 3  0 0  0 0  0
   146  -.6733793843623957E-05   4   0 0  1 3  0 0  0 0  0
   147  -.4883148395466511E-01   4   0 0  0 4  0 0  0 0  0
   148  0.2183644855529327E-06   4   3 0  0 0  0 1  0 0  0
   149  0.3436168359280346E-01   4   2 1  0 0  0 1  0 0  0
   150  0.6453289624025606E-02   4   1 2  0 0  0 1  0 0  0
   151  0.6251662574994778E-03   4   0 3  0 0  0 1  0 0  0
   152  0.1498573114498564E-06   4   2 0  1 0  0 1  0 0  0
   153  0.4080603112171625E-06   4   1 1  1 0  0 1  0 0  0
   154  0.3654001646158540E-07   4   0 2  1 0  0 1  0 0  0
   155  0.2183645458486299E-06   4   1 0  2 0  0 1  0 0  0
   156  -.3436164657304700E-01   4   0 1  2 0  0 1  0 0  0
   157  0.1498665176015463E-06   4   0 0  3 0  0 1  0 0  0
   158  0.1741962418627846E-06   4   2 0  0 1  0 1  0 0  0
   159  0.7007916778024159E-07   4   1 1  0 1  0 1  0 0  0
   160  0.6906594129075062E-04   4   0 2  0 1  0 1  0 0  0
   161  -.6872319773306677E-01   4   1 0  1 1  0 1  0 0  0
   162  -.1290657236833924E-01   4   0 1  1 1  0 1  0 0  0
   163  -.1404650664501713E-06   4   0 0  2 1  0 1  0 0  0
   164  -.6453288252947752E-02   4   1 0  0 2  0 1  0 0  0
   165  -.1473092359120746E-02   4   0 1  0 2  0 1  0 0  0
   166  -.2843968224392195E-07   4   0 0  1 2  0 1  0 0  0
   167  0.6905506214521437E-04   4   0 0  0 3  0 1  0 0  0
   168  0.1525412749281808E-06   4   3 0  0 0  0 0  1 0  0
   169  0.1147931243370450E-01   4   2 1  0 0  0 0  1 0  0
   170  0.3226620919383648E-02   4   1 2  0 0  0 0  1 0  0
   171  0.3747632262645477E-03   4   0 3  0 0  0 0  1 0  0
   172  0.9827485995191867E-07   4   2 0  1 0  0 0  1 0  0
   173  0.1517878957880708E-06   4   1 1  1 0  0 0  1 0  0
   174  0.1765187596283323E-07   4   0 2  1 0  0 0  1 0  0
   175  0.1525412047725683E-06   4   1 0  2 0  0 0  1 0  0
   176  -.1147927474360207E-01   4   0 1  2 0  0 0  1 0  0
   177  0.9826542707977875E-07   4   0 0  3 0  0 0  1 0  0
   178  0.5612777633415663E-07   4   2 0  0 1  0 0  1 0  0
   179  0.3523000505344386E-07   4   1 1  0 1  0 0  1 0  0
   180  0.4140220754762699E-04   4   0 2  0 1  0 0  1 0  0
   181  -.2295848208456136E-01   4   1 0  1 1  0 0  1 0  0
   182  -.6453232313842024E-02   4   0 1  1 1  0 0  1 0  0
   183  -.3274829260094678E-07   4   0 0  2 1  0 0  1 0  0
   184  -.3226616858106139E-02   4   1 0  0 2  0 0  1 0  0
   185  -.8830620708387754E-03   4   0 1  0 2  0 0  1 0  0
   186  -.1464793227883102E-07   4   0 0  1 2  0 0  1 0  0
   187  0.4139569217860568E-04   4   0 0  0 3  0 0  1 0  0
   188  -.1349832796818954E-06   4   3 0  0 0  0 0  0 1  0
   189  -.2292046672254276E-01   4   2 1  0 0  0 0  0 1  0
   190  -.3226634793683569E-02   4   1 2  0 0  0 0  0 1  0
   191  -.2097551385510630E-03   4   0 3  0 0  0 0  0 1  0
   192  -.9265839889013355E-07   4   2 0  1 0  0 0  0 1  0
   193  -.2625647617014301E-06   4   1 1  1 0  0 0  0 1  0
   194  -.1778777997844358E-07   4   0 2  1 0  0 0  0 1  0
   195  -.1349832411801842E-06   4   1 0  2 0  0 0  0 1  0
   196  0.2292046011671959E-01   4   0 1  2 0  0 0  0 1  0
   197  -.9265818947376370E-07   4   0 0  3 0  0 0  0 1  0
   198  -.1141286212010985E-06   4   2 0  0 1  0 0  0 1  0
   199  -.3454553896291501E-07   4   1 1  0 1  0 0  0 1  0
   200  -.3430533497300579E-08   4   0 2  0 1  0 0  0 1  0
   201  0.4584086601956024E-01   4   1 0  1 1  0 0  0 1  0
   202  0.6453268882616141E-02   4   0 1  1 1  0 0  0 1  0
   203  0.1049993908303762E-06   4   0 0  2 1  0 0  0 1  0
   204  0.3226635537149680E-02   4   1 0  0 2  0 0  0 1  0
   205  0.6292657780685970E-03   4   0 1  0 2  0 0  0 1  0
   206  0.1519623794986115E-07   4   0 0  1 2  0 0  0 1  0
   207  0.9195760030356483E-09   4   0 0  0 3  0 0  0 1  0
   208  -.8844949425189465E-05   4   2 0  0 0  0 2  0 0  0
   209  -.2742003394598787E-05   4   1 1  0 0  0 2  0 0  0
   210  -.1219978048054057       4   0 2  0 0  0 2  0 0  0
   211  0.1214296766794070E-04   4   1 0  1 0  0 2  0 0  0
   212  0.1882205066124155E-05   4   0 1  1 0  0 2  0 0  0
   213  0.8844960128485384E-05   4   0 0  2 0  0 2  0 0  0
   214  0.1882205268542800E-05   4   1 0  0 1  0 2  0 0  0
   215  0.4299795479138142E-06   4   0 1  0 1  0 2  0 0  0
   216  0.2742005275848927E-05   4   0 0  1 1  0 2  0 0  0
   217  -.1219971913894807       4   0 0  0 2  0 2  0 0  0
   218  -.3540389344491479E-05   4   2 0  0 0  0 1  1 0  0
   219  -.2159710863223646E-05   4   1 1  0 0  0 1  1 0  0
   220  -.4883228181388938E-01   4   0 2  0 0  0 1  1 0  0
   221  0.4860438247269743E-05   4   1 0  1 0  0 1  1 0  0
   222  0.1482494550676247E-05   4   0 1  1 0  0 1  1 0  0
   223  0.3540368540729719E-05   4   0 0  2 0  0 1  1 0  0
   224  0.1482495313507975E-05   4   1 0  0 1  0 1  1 0  0
   225  0.4100681461608131E-06   4   0 1  0 1  0 1  1 0  0
   226  0.2159705999742921E-05   4   0 0  1 1  0 1  1 0  0
   227  -.4883164776091599E-01   4   0 0  0 2  0 1  1 0  0
   228  -.1776042578849670E-05   4   2 0  0 0  0 0  2 0  0
   229  -.1079008264401486E-05   4   1 1  0 0  0 0  2 0  0
   230  -.2449686156794487E-01   4   0 2  0 0  0 0  2 0  0
   231  0.2438256622066410E-05   4   1 0  1 0  0 0  2 0  0
   232  0.7406668548058170E-06   4   0 1  1 0  0 0  2 0  0
   233  0.1776039074751339E-05   4   0 0  2 0  0 0  2 0  0
   234  0.7406672346409607E-06   4   1 0  0 1  0 0  2 0  0
   235  0.2047225882425051E-06   4   0 1  0 1  0 0  2 0  0
   236  0.1079007450151636E-05   4   0 0  1 1  0 0  2 0  0
   237  -.2449654510873634E-01   4   0 0  0 2  0 0  2 0  0
   238  0.7076754814602138E-05   4   2 0  0 0  0 1  0 1  0
   239  0.1661869867084914E-05   4   1 1  0 0  0 1  0 1  0
   240  0.1513053680760740E-06   4   0 2  0 0  0 1  0 1  0
   241  -.9715470306555616E-05   4   1 0  1 0  0 1  0 1  0
   242  -.1140764824261688E-05   4   0 1  1 0  0 1  0 1  0
   243  -.7076763004058887E-05   4   0 0  2 0  0 1  0 1  0
   244  -.1140764992460721E-05   4   1 0  0 1  0 1  0 1  0
   245  -.2077223135352745E-06   4   0 1  0 1  0 1  0 1  0
   246  -.1661870865235792E-05   4   0 0  1 1  0 1  0 1  0
   247  -.1513053506002620E-06   4   0 0  0 2  0 1  0 1  0
   248  0.2364159284282767E-05   4   2 0  0 0  0 0  1 1  0
   249  0.9962282176903550E-06   4   1 1  0 0  0 0  1 1  0
   250  0.1078890606644464E-06   4   0 2  0 0  0 0  1 1  0
   251  -.3245649879402444E-05   4   1 0  1 0  0 0  1 1  0
   252  -.6838434494292201E-06   4   0 1  1 0  0 0  1 1  0
   253  -.2364148532538558E-05   4   0 0  2 0  0 0  1 1  0
   254  -.6838441176787660E-06   4   1 0  0 1  0 0  1 1  0
   255  -.1481173249086287E-06   4   0 1  0 1  0 0  1 1  0
   256  -.9962264454734679E-06   4   0 0  1 1  0 0  1 1  0
   257  -.1078890216938695E-06   4   0 0  0 2  0 0  1 1  0
   258  -.2672449562427491E-09   4   1 0  0 0  0 3  0 0  0
   259  0.5862269777215610E-04   4   0 1  0 0  0 3  0 0  0
   260  0.2513760662367398E-09   4   0 0  1 0  0 3  0 0  0
   261  0.4024112196238551E-04   4   0 0  0 1  0 3  0 0  0
   262  0.3779676941685290E-09   4   1 0  0 0  0 2  1 0  0
   263  0.2513375856370743E-04   4   0 1  0 0  0 2  1 0  0
   264  -.7154519163406621E-09   4   0 0  1 0  0 2  1 0  0
   265  0.1725263571968172E-04   4   0 0  0 1  0 2  1 0  0
   266  0.1987124223723483E-09   4   1 0  0 0  0 1  2 0  0
   267  0.1509390297890185E-04   4   0 1  0 0  0 1  2 0  0
   268  -.4267017347530210E-09   4   0 0  1 0  0 1  2 0  0
   269  0.1036091529201506E-04   4   0 0  0 1  0 1  2 0  0
   270  0.1247909029562595E-09   4   1 0  0 0  0 0  3 0  0
   271  0.8422250969328701E-05   4   0 1  0 0  0 0  3 0  0
   272  -.2365555021611050E-09   4   0 0  1 0  0 0  3 0  0
   273  0.5781310156210683E-05   4   0 0  0 1  0 0  3 0  0
   274  0.1827003170192026E-09   4   1 0  0 0  0 2  0 1  0
   275  0.1925732922596994E-10   4   0 1  0 0  0 2  0 1  0
   276  -.1558657750931498E-09   4   0 0  1 0  0 2  0 1  0
   277  -.1637223911399318E-10   4   0 0  0 1  0 2  0 1  0
   278  -.2671911401674090E-09   4   1 0  0 0  0 1  1 1  0
   279  -.4115621658882951E-10   4   0 1  0 0  0 1  1 1  0
   280  0.4806636842339153E-09   4   0 0  1 0  0 1  1 1  0
   281  0.8435895711733947E-10   4   0 0  0 1  0 1  1 1  0
   282  -.1326220528083315E-09   4   1 0  0 0  0 0  2 1  0
   283  -.2044294717911671E-10   4   0 1  0 0  0 0  2 1  0
   284  0.2388686537800652E-09   4   0 0  1 0  0 0  2 1  0
   285  0.4194093194408293E-10   4   0 0  0 1  0 0  2 1  0
   286  -.3550437793057420E-01   4   0 0  0 0  0 4  0 0  0
   287  0.2030571752150301E-01   4   0 0  0 0  0 3  1 0  0
   288  0.6104106262195699E-02   4   0 0  0 0  0 2  2 0  0
   289  0.4109358680521498E-02   4   0 0  0 0  0 1  3 0  0
   290  0.4985175152155545E-02   4   0 0  0 0  0 0  4 0  0
   291  0.2017563974799047E-14   4   0 0  0 0  0 3  0 1  0
   292  -.1880566647642639E-14   4   0 0  0 0  0 2  1 1  0
   293  -.2565982257482390E-14   4   0 0  0 0  0 1  2 1  0
   294  -.5769587608127553E-15   4   0 0  0 0  0 0  3 1  0
   -------------------------------------------------------
     I  COEFFICIENT            ORDER EXPONENTS
     1   1.000000000000000       1   0 0  0 0  0 1  0 0  0
     -----------------------------------------------------
     I  COEFFICIENT            ORDER EXPONENTS
     1   1.000000000000000       1   0 0  0 0  0 0  1 0  0
     -----------------------------------------------------
     I  COEFFICIENT            ORDER EXPONENTS
     1   1.000000000000000       1   0 0  0 0  0 0  0 1  0
     -----------------------------------------------------
