     I  COEFFICIENT            ORDER EXPONENTS
     1   1.000000000000000       1   1 0  0 0  0 0  0 0
     2  0.7739200000000001       1   0 1  0 0  0 0  0 0
     3  -.3876072205468883       2   0 1  0 0  0 1  0 0
     4  -.3863127794531117       2   0 1  0 0  0 0  1 0
     5  0.3869600000000000       3   0 3  0 0  0 0  0 0
     6  0.3869600000000000       3   0 1  0 2  0 0  0 0
     7  0.2905444221682840       3   0 1  0 0  0 2  0 0
     8  0.1941255967572086       3   0 1  0 0  0 1  1 0
     9  0.2892499810745074       3   0 1  0 0  0 0  2 0
    10  -.5814108308203325       4   0 3  0 0  0 1  0 0
    11  -.5814108308203325       4   0 1  0 2  0 1  0 0
    12  -.5794691691796675       4   0 3  0 0  0 0  1 0
    13  -.5794691691796675       4   0 1  0 2  0 0  1 0
    14  -.2420931147841338       4   0 1  0 0  0 3  0 0
    15  -.1453539221524505       4   0 1  0 0  0 2  1 0
    16  -.1458344729833624       4   0 1  0 0  0 1  2 0
    17  -.2406384900800533       4   0 1  0 0  0 0  3 0
    ---------------------------------------------------
     I  COEFFICIENT            ORDER EXPONENTS
     1   1.000000000000000       1   0 1  0 0  0 0  0 0
     --------------------------------------------------
     I  COEFFICIENT            ORDER EXPONENTS
     1   1.000000000000000       1   0 0  1 0  0 0  0 0
     2  0.7739200000000001       1   0 0  0 1  0 0  0 0
     3  -.3876072205468883       2   0 0  0 1  0 1  0 0
     4  -.3863127794531117       2   0 0  0 1  0 0  1 0
     5  0.3869600000000000       3   0 2  0 1  0 0  0 0
     6  0.3869600000000000       3   0 0  0 3  0 0  0 0
     7  0.2905444221682840       3   0 0  0 1  0 2  0 0
     8  0.1941255967572086       3   0 0  0 1  0 1  1 0
     9  0.2892499810745074       3   0 0  0 1  0 0  2 0
    10  -.5814108308203325       4   0 2  0 1  0 1  0 0
    11  -.5814108308203325       4   0 0  0 3  0 1  0 0
    12  -.5794691691796675       4   0 2  0 1  0 0  1 0
    13  -.5794691691796675       4   0 0  0 3  0 0  1 0
    14  -.2420931147841338       4   0 0  0 1  0 3  0 0
    15  -.1453539221524505       4   0 0  0 1  0 2  1 0
    16  -.1458344729833624       4   0 0  0 1  0 1  2 0
    17  -.2406384900800533       4   0 0  0 1  0 0  3 0
    ---------------------------------------------------
     I  COEFFICIENT            ORDER EXPONENTS
     1   1.000000000000000       1   0 0  0 1  0 0  0 0
     --------------------------------------------------
     I  COEFFICIENT            ORDER EXPONENTS
     1   1.000000000000000       1   0 0  0 0  1 0  0 0
     2  0.1928333207163383       1   0 0  0 0  0 1  0 0
     3  -.1928333207163382       1   0 0  0 0  0 0  1 0
     4  -.1938036102734442       2   0 2  0 0  0 0  0 0
     5  -.1938036102734442       2   0 0  0 2  0 0  0 0
     6  -.1448668870264754       2   0 0  0 0  0 2  0 0
     7  0.9690045333661261E-01   2   0 0  0 0  0 1  1 0
     8  0.4796643368986280E-01   2   0 0  0 0  0 0  2 0
     9  0.2905444221682841       3   0 2  0 0  0 1  0 0
    10  0.2905444221682841       3   0 0  0 2  0 1  0 0
    11  0.9706279837860435E-01   3   0 2  0 0  0 0  1 0
    12  0.9706279837860435E-01   3   0 0  0 2  0 0  1 0
    13  0.1207630590957653       3   0 0  0 0  0 3  0 0
    14  -.7255540323434513E-01   3   0 0  0 0  0 2  1 0
    15  -.2434505010226741E-01   3   0 0  0 0  0 1  2 0
    16  -.2386260575915273E-01   3   0 0  0 0  0 0  3 0
    17  -.1453527077050832       4   0 4  0 0  0 0  0 0
    18  -.2907054154101664       4   0 2  0 2  0 0  0 0
    19  -.1453527077050832       4   0 0  0 4  0 0  0 0
    20  -.3631396721762008       4   0 2  0 0  0 2  0 0
    21  -.3631396721762008       4   0 0  0 2  0 2  0 0
    22  -.1453539221524505       4   0 2  0 0  0 1  1 0
    23  -.1453539221524505       4   0 0  0 2  0 1  1 0
    24  -.7291723649168132E-01   4   0 2  0 0  0 0  2 0
    25  -.7291723649168132E-01   4   0 0  0 2  0 0  2 0
    26  -.1056828800225128       4   0 0  0 0  0 4  0 0
    27  0.6044234280275509E-01   4   0 0  0 0  0 3  1 0
    28  0.1816959064738496E-01   4   0 0  0 0  0 2  2 0
    29  0.1223198967067739E-01   4   0 0  0 0  0 1  3 0
    30  0.1483895690169517E-01   4   0 0  0 0  0 0  4 0
    ---------------------------------------------------
     I  COEFFICIENT            ORDER EXPONENTS
     1   1.000000000000000       1   0 0  0 0  0 1  0 0
     --------------------------------------------------
     I  COEFFICIENT            ORDER EXPONENTS
     1   1.000000000000000       1   0 0  0 0  0 0  1 0
     --------------------------------------------------
     I  COEFFICIENT            ORDER EXPONENTS
     1   1.000000000000000       1   0 0  0 0  0 0  0 1
     --------------------------------------------------
