     I  COEFFICIENT            ORDER EXPONENTS
     1  -.7258347219664767E-05   0   0 0  0 0  0 0  0 0  0
     2   1.016731797986091       1   1 0  0 0  0 0  0 0  0
     3  0.3406970122164242       1   0 1  0 0  0 0  0 0  0
     4  0.2278418610117538E-05   1   0 0  1 0  0 0  0 0  0
     5  0.8329555600299012E-07   1   0 0  0 1  0 0  0 0  0
     6  -.2282622249039986E-06   1   0 0  0 0  0 1  0 0  0
     7  -.2274999274327318E-06   1   0 0  0 0  0 0  1 0  0
     8  0.4557621523365136E-06   1   0 0  0 0  0 0  0 1  0
     9  0.1219560729445283E-05   2   2 0  0 0  0 0  0 0  0
    10  0.2509159447997347E-05   2   1 1  0 0  0 0  0 0  0
    11  0.8641024345329206E-06   2   0 2  0 0  0 0  0 0  0
    12  0.1653187417145987E-04   2   1 0  1 0  0 0  0 0  0
    13  -.7668382986969328E-05   2   0 1  1 0  0 0  0 0  0
    14  -.1128487815694474E-05   2   0 0  2 0  0 0  0 0  0
    15  0.2468470540911484E-07   2   1 0  0 1  0 0  0 0  0
    16  -.8446785118725279E-07   2   0 1  0 1  0 0  0 0  0
    17  -.1642453088170610E-07   2   0 0  1 1  0 0  0 0  0
    18  0.4142863574877013E-06   2   0 0  0 2  0 0  0 0  0
    19  -.8393608651178519E-02   2   1 0  0 0  0 1  0 0  0
    20  -.1709297592028420       2   0 1  0 0  0 1  0 0  0
    21  -.1139200941467279E-05   2   0 0  1 0  0 1  0 0  0
    22  -.8278660025398788E-07   2   0 0  0 1  0 1  0 0  0
    23  -.8365577615152301E-02   2   1 0  0 0  0 0  1 0  0
    24  -.1703589274620153       2   0 1  0 0  0 0  1 0  0
    25  -.1135396501212983E-05   2   0 0  1 0  0 0  1 0  0
    26  -.8251012868245185E-07   2   0 0  0 1  0 0  1 0  0
    27  0.1675918626633090E-01   2   1 0  0 0  0 0  0 1  0
    28  0.5916744484339620E-03   2   0 1  0 0  0 0  0 1  0
    29  0.2274597442680278E-05   2   0 0  1 0  0 0  0 1  0
    30  0.8200117300194533E-07   2   0 0  0 1  0 0  0 1  0
    31  0.1713243612577978E-06   2   0 0  0 0  0 2  0 0  0
    32  0.1147640961494985E-06   2   0 0  0 0  0 1  1 0  0
    33  0.1705605804240058E-06   2   0 0  0 0  0 0  2 0  0
    34  -.2291499704941396E-06   2   0 0  0 0  0 1  0 1  0
    35  -.2283847083351286E-06   2   0 0  0 0  0 0  1 1  0
    36  0.8862764541672971E-09   2   0 0  0 0  0 0  0 2  0
    37  0.1410110955167157E-02   3   3 0  0 0  0 0  0 0  0
    38  0.5206896574263568E-01   3   2 1  0 0  0 0  0 0  0
    39  0.3407872323252329E-01   3   1 2  0 0  0 0  0 0  0
    40  0.1735125204289001       3   0 3  0 0  0 0  0 0  0
    41  0.4549203089186702E-06   3   2 0  1 0  0 0  0 0  0
    42  0.5521696583704829E-06   3   1 1  1 0  0 0  0 0  0
    43  0.3465907316225219E-05   3   0 2  1 0  0 0  0 0  0
    44  -.8216639898821597E-03   3   1 0  2 0  0 0  0 0  0
    45  0.4877317863352814E-01   3   0 1  2 0  0 0  0 0  0
    46  -.1420776321207073E-06   3   0 0  3 0  0 0  0 0  0
    47  0.6963587255942752E-05   3   2 0  0 1  0 0  0 0  0
    48  0.2382991404537195E-05   3   1 1  0 1  0 0  0 0  0
    49  0.5102121006438637E-06   3   0 2  0 1  0 0  0 0  0
    50  -.7832565548143079E-03   3   1 0  1 1  0 0  0 0  0
    51  -.2874150722159277E-03   3   0 1  1 1  0 0  0 0  0
    52  0.6414863349304602E-05   3   0 0  2 1  0 0  0 0  0
    53  0.1685645526183426E-01   3   1 0  0 2  0 0  0 0  0
    54  0.1728830112168213       3   0 1  0 2  0 0  0 0  0
    55  0.3357422847821176E-05   3   0 0  1 2  0 0  0 0  0
    56  0.4248229044748981E-06   3   0 0  0 3  0 0  0 0  0
    57  -.6674415522713299E-06   3   2 0  0 0  0 1  0 0  0
    58  -.2595177744283883E-05   3   1 1  0 0  0 1  0 0  0
    59  -.1309155802629103E-05   3   0 2  0 0  0 1  0 0  0
    60  -.8316463237998069E-05   3   1 0  1 0  0 1  0 0  0
    61  0.7661948651585121E-05   3   0 1  1 0  0 1  0 0  0
    62  0.5729476264262024E-06   3   0 0  2 0  0 1  0 0  0
    63  -.3743123000141274E-07   3   1 0  0 1  0 1  0 0  0
    64  0.1191809917674001E-06   3   0 1  0 1  0 1  0 0  0
    65  0.2426996271064453E-07   3   0 0  1 1  0 1  0 0  0
    66  -.6246353175217445E-06   3   0 0  0 2  0 1  0 0  0
    67  -.6652125850923044E-06   3   2 0  0 0  0 0  1 0  0
    68  -.2586510968899463E-05   3   1 1  0 0  0 0  1 0  0
    69  -.1304783786373366E-05   3   0 2  0 0  0 0  1 0  0
    70  -.8288689834409367E-05   3   1 0  1 0  0 0  1 0  0
    71  0.7636361044679804E-05   3   0 1  1 0  0 0  1 0  0
    72  0.5710342282413548E-06   3   0 0  2 0  0 0  1 0  0
    73  -.3730622582263023E-07   3   1 0  0 1  0 0  1 0  0
    74  0.1187829786106536E-06   3   0 1  0 1  0 0  1 0  0
    75  0.2418891149329970E-07   3   0 0  1 1  0 0  1 0  0
    76  -.6225493047212555E-06   3   0 0  0 2  0 0  1 0  0
    77  0.1332654137363616E-05   3   2 0  0 0  0 0  0 1  0
    78  0.2672529265031535E-05   3   1 1  0 0  0 0  0 1  0
    79  0.8857347198448260E-06   3   0 2  0 0  0 0  0 1  0
    80  0.1660515307240746E-04   3   1 0  1 0  0 0  0 1  0
    81  -.7629926709295643E-05   3   0 1  1 0  0 0  0 1  0
    82  -.1143981854667558E-05   3   0 0  2 0  0 0  0 1  0
    83  0.5005275031026833E-07   3   1 0  0 1  0 0  0 1  0
    84  -.6902826800343090E-07   3   0 1  0 1  0 0  0 1  0
    85  -.3203434332225195E-07   3   0 0  1 1  0 0  0 1  0
    86  0.4186119071757567E-06   3   0 0  0 2  0 0  0 1  0
    87  0.6298569078145173E-02   3   1 0  0 0  0 2  0 0  0
    88  0.1282733835097320       3   0 1  0 0  0 2  0 0  0
    89  0.8538032302785311E-06   3   0 0  1 0  0 2  0 0  0
    90  0.8042743066455482E-07   3   0 0  0 1  0 2  0 0  0
    91  0.4217429610795161E-02   3   1 0  0 0  0 1  1 0  0
    92  0.8590001709094285E-01   3   0 1  0 0  0 1  1 0  0
    93  0.5704146224297499E-06   3   0 0  1 0  0 1  1 0  0
    94  0.7982000221530984E-07   3   0 0  0 1  0 1  1 0  0
    95  0.6270492372735717E-02   3   1 0  0 0  0 0  2 0  0
    96  0.1277015711617077       3   0 1  0 0  0 0  2 0  0
    97  0.8499994259338080E-06   3   0 0  1 0  0 0  2 0  0
    98  0.8002555552716592E-07   3   0 0  0 1  0 0  2 0  0
    99  -.8420961179986945E-02   3   1 0  0 0  0 1  0 1  0
   100  -.5872967708804147E-03   3   0 1  0 0  0 1  0 1  0
   101  -.1139048528751302E-05   3   0 0  1 0  0 1  0 1  0
   102  -.8233152576483550E-07   3   0 0  0 1  0 1  0 1  0
   103  -.8392838798301024E-02   3   1 0  0 0  0 0  1 1  0
   104  -.5853354527362048E-03   3   0 1  0 0  0 0  1 1  0
   105  -.1135244597489812E-05   3   0 0  1 0  0 0  1 1  0
   106  -.8205657394605085E-07   3   0 0  0 1  0 0  1 1  0
   107  0.2730751708456537E-04   3   1 0  0 0  0 0  0 2  0
   108  -.5358076451124611E-05   3   0 1  0 0  0 0  0 2  0
   109  -.3560329484545625E-10   3   0 0  1 0  0 0  0 2  0
   110  -.2147581617153413E-11   3   0 0  0 1  0 0  0 2  0
   111  -.1429017887706738E-06   3   0 0  0 0  0 3  0 0  0
   112  -.8615274888160874E-07   3   0 0  0 0  0 2  1 0  0
   113  -.8643463430996477E-07   3   0 0  0 0  0 1  2 0  0
   114  -.1420425697610211E-06   3   0 0  0 0  0 0  3 0  0
   115  0.1722103526277284E-06   3   0 0  0 0  0 2  0 1  0
   116  0.1156484869333303E-06   3   0 0  0 0  0 1  1 1  0
   117  0.1714421362236949E-06   3   0 0  0 0  0 0  2 1  0
   118  -.8846121168656099E-09   3   0 0  0 0  0 1  0 2  0
   119  -.8816578935808575E-09   3   0 0  0 0  0 0  1 2  0
   120  -.2094299295934563E-11   3   0 0  0 0  0 0  0 3  0
   121  -.1375593299431917E-06   4   4 0  0 0  0 0  0 0  0
   122  0.2180973382494225E-06   4   3 1  0 0  0 0  0 0  0
   123  0.1950155008441957E-05   4   2 2  0 0  0 0  0 0  0
   124  0.2551327347669391E-05   4   1 3  0 0  0 0  0 0  0
   125  0.1493183959460098E-04   4   0 4  0 0  0 0  0 0  0
   126  -.1018951442448629E-05   4   3 0  1 0  0 0  0 0  0
   127  0.6533317710867088E-06   4   2 1  1 0  0 0  0 0  0
   128  -.9624914774759061E-06   4   1 2  1 0  0 0  0 0  0
   129  -.7166411975021876E-05   4   0 3  1 0  0 0  0 0  0
   130  -.4230095489522442E-06   4   2 0  2 0  0 0  0 0  0
   131  0.6329974282623096E-07   4   1 1  2 0  0 0  0 0  0
   132  0.1714573930355277E-05   4   0 2  2 0  0 0  0 0  0
   133  -.2991449309702794E-05   4   1 0  3 0  0 0  0 0  0
   134  0.1030825450081972E-05   4   0 1  3 0  0 0  0 0  0
   135  -.1289176063133368E-09   4   0 0  4 0  0 0  0 0  0
   136  -.1167974012928487E-05   4   3 0  0 1  0 0  0 0  0
   137  -.7909291615370213E-05   4   2 1  0 1  0 0  0 0  0
   138  0.1140244611375670E-04   4   1 2  0 1  0 0  0 0  0
   139  0.8733739315024185E-04   4   0 3  0 1  0 0  0 0  0
   140  -.4447220275372412E-06   4   2 0  1 1  0 0  0 0  0
   141  -.4693488027529024E-05   4   1 1  1 1  0 0  0 0  0
   142  -.7839363345064217E-06   4   0 2  1 1  0 0  0 0  0
   143  -.4965472747406211E-05   4   1 0  2 1  0 0  0 0  0
   144  -.4040690584113202E-04   4   0 1  2 1  0 0  0 0  0
   145  -.3600855233603570E-09   4   0 0  3 1  0 0  0 0  0
   146  0.2885013739812491E-05   4   2 0  0 2  0 0  0 0  0
   147  0.2104189851588674E-05   4   1 1  0 2  0 0  0 0  0
   148  0.1771100859475017E-04   4   0 2  0 2  0 0  0 0  0
   149  0.1432801175150932E-04   4   1 0  1 2  0 0  0 0  0
   150  -.1557037835129728E-04   4   0 1  1 2  0 0  0 0  0
   151  0.5525262396333384E-06   4   0 0  2 2  0 0  0 0  0
   152  0.1111046832364009E-04   4   1 0  0 3  0 0  0 0  0
   153  0.8625026818731412E-04   4   0 1  0 3  0 0  0 0  0
   154  -.2373718571909872E-08   4   0 0  1 3  0 0  0 0  0
   155  0.2927866158685006E-05   4   0 0  0 4  0 0  0 0  0
   156  -.1450044083282158E-02   4   3 0  0 0  0 1  0 0  0
   157  -.5365777604319878E-01   4   2 1  0 0  0 1  0 0  0
   158  -.5154055095764268E-01   4   1 2  0 0  0 1  0 0  0
   159  -.2624481060075426       4   0 3  0 0  0 1  0 0  0
   160  -.4634568015390606E-06   4   2 0  1 0  0 1  0 0  0
   161  -.8324202604947018E-06   4   1 1  1 0  0 1  0 0  0
   162  -.5235118356353995E-05   4   0 2  1 0  0 1  0 0  0
   163  0.8252721446308370E-03   4   1 0  2 0  0 1  0 0  0
   164  -.4868673688584089E-01   4   0 1  2 0  0 1  0 0  0
   165  0.1400241990012300E-06   4   0 0  3 0  0 1  0 0  0
   166  -.7116559758987430E-05   4   2 0  0 1  0 1  0 0  0
   167  -.3635763905606618E-05   4   1 1  0 1  0 1  0 0  0
   168  -.1027475181626732E-05   4   0 2  0 1  0 1  0 0  0
   169  0.1181995577718949E-02   4   1 0  1 1  0 1  0 0  0
   170  0.5769628930661071E-03   4   0 1  1 1  0 1  0 0  0
   171  -.6290628333620539E-05   4   0 0  2 1  0 1  0 0  0
   172  -.2540230575223621E-01   4   1 0  0 2  0 1  0 0  0
   173  -.2611733660429846       4   0 1  0 2  0 1  0 0  0
   174  -.5017341342513690E-05   4   0 0  1 2  0 1  0 0  0
   175  -.8507796079375806E-06   4   0 0  0 3  0 1  0 0  0
   176  -.1445201560878846E-02   4   3 0  0 0  0 0  1 0  0
   177  -.5347858219275128E-01   4   2 1  0 0  0 0  1 0  0
   178  -.5136842772665291E-01   4   1 2  0 0  0 0  1 0  0
   179  -.2615716424243284       4   0 3  0 0  0 0  1 0  0
   180  -.4619090555289213E-06   4   2 0  1 0  0 0  1 0  0
   181  -.8296403355207394E-06   4   1 1  1 0  0 0  1 0  0
   182  -.5217635316895424E-05   4   0 2  1 0  0 0  1 0  0
   183  0.8225160912836769E-03   4   1 0  2 0  0 0  1 0  0
   184  -.4852414416412117E-01   4   0 1  2 0  0 0  1 0  0
   185  0.1395565785140389E-06   4   0 0  3 0  0 0  1 0  0
   186  -.7092793515971230E-05   4   2 0  0 1  0 0  1 0  0
   187  -.3623622020839762E-05   4   1 1  0 1  0 0  1 0  0
   188  -.1024043857266772E-05   4   0 2  0 1  0 0  1 0  0
   189  0.1178048221820193E-02   4   1 0  1 1  0 0  1 0  0
   190  0.5750360856209905E-03   4   0 1  1 1  0 0  1 0  0
   191  -.6269620345665033E-05   4   0 0  2 1  0 0  1 0  0
   192  -.2531747299706719E-01   4   1 0  0 2  0 0  1 0  0
   193  -.2603011595419570       4   0 1  0 2  0 0  1 0  0
   194  -.5000585584439581E-05   4   0 0  1 2  0 0  1 0  0
   195  -.8479383706542991E-06   4   0 0  0 3  0 0  1 0  0
   196  0.2895245644160908E-02   4   3 0  0 0  0 0  0 1  0
   197  0.5506739249331477E-01   4   2 1  0 0  0 0  0 1  0
   198  0.3475153221924909E-01   4   1 2  0 0  0 0  0 1  0
   199  0.3482187145170625E-02   4   0 3  0 0  0 0  0 1  0
   200  0.9253658570679794E-06   4   2 0  1 0  0 0  0 1  0
   201  0.1109890937645016E-05   4   1 1  1 0  0 0  0 1  0
   202  0.3520939040798958E-05   4   0 2  1 0  0 0  0 1  0
   203  -.1647788235914503E-02   4   1 0  2 0  0 0  0 1  0
   204  0.4843770241643398E-01   4   0 1  2 0  0 0  0 1  0
   205  -.2795807775152694E-06   4   0 0  3 0  0 0  0 1  0
   206  0.7245766019015949E-05   4   2 0  0 1  0 0  0 1  0
   207  0.2493403117372053E-05   4   1 1  0 1  0 0  0 1  0
   208  0.5208827369619524E-06   4   0 2  0 1  0 0  0 1  0
   209  -.1576787244724990E-02   4   1 0  1 1  0 0  0 1  0
   210  -.5771688342551445E-03   4   0 1  1 1  0 0  0 1  0
   211  0.6145385329980958E-05   4   0 0  2 1  0 0  0 1  0
   212  0.1700686822563477E-01   4   1 0  0 2  0 0  0 1  0
   213  0.2825491934476743E-02   4   0 1  0 2  0 0  0 1  0
   214  0.3303081231310917E-05   4   0 0  1 2  0 0  0 1  0
   215  0.4242492651670954E-06   4   0 0  0 3  0 0  0 1  0
   216  0.1650459971983822E-05   4   2 0  0 0  0 2  0 0  0
   217  0.2526077072940734E-05   4   1 1  0 0  0 2  0 0  0
   218  0.2229037585780694E-04   4   0 2  0 0  0 2  0 0  0
   219  0.5921264238207283E-05   4   1 0  1 0  0 2  0 0  0
   220  -.2936197296298262E-05   4   0 1  1 0  0 2  0 0  0
   221  0.6925892090311286E-06   4   0 0  2 0  0 2  0 0  0
   222  0.1064200528590315E-04   4   1 0  0 1  0 2  0 0  0
   223  0.1097267098122832E-03   4   0 1  0 1  0 2  0 0  0
   224  -.5638098477236946E-08   4   0 0  1 1  0 2  0 0  0
   225  0.7334488601377728E-05   4   0 0  0 2  0 2  0 0  0
   226  0.1537365564812497E-05   4   2 0  0 0  0 1  1 0  0
   227  0.3118683612546305E-05   4   1 1  0 0  0 1  1 0  0
   228  0.2681954201483061E-04   4   0 2  0 0  0 1  1 0  0
   229  0.3820675439703211E-05   4   1 0  1 0  0 1  1 0  0
   230  -.2982134829445410E-05   4   0 1  1 0  0 1  1 0  0
   231  0.8283962056146229E-06   4   0 0  2 0  0 1  1 0  0
   232  0.1277913164595433E-04   4   1 0  0 1  0 1  1 0  0
   233  0.1319311745592145E-03   4   0 1  0 1  0 1  1 0  0
   234  -.9300427110525539E-08   4   0 0  1 1  0 1  1 0  0
   235  0.8819129210169982E-05   4   0 0  0 2  0 1  1 0  0
   236  0.1642381077610862E-05   4   2 0  0 0  0 0  2 0  0
   237  0.2512433534321706E-05   4   1 1  0 0  0 0  2 0  0
   238  0.2217115275073732E-04   4   0 2  0 0  0 0  2 0  0
   239  0.5895110062363220E-05   4   1 0  1 0  0 0  2 0  0
   240  -.2921412139905009E-05   4   0 1  1 0  0 0  2 0  0
   241  0.6888930163325171E-06   4   0 0  2 0  0 0  2 0  0
   242  0.1058512717743084E-04   4   1 0  0 1  0 0  2 0  0
   243  0.1091399732471209E-03   4   0 1  0 1  0 0  2 0  0
   244  -.5603739948198828E-08   4   0 0  1 1  0 0  2 0  0
   245  0.7295268524268485E-05   4   0 0  0 2  0 0  2 0  0
   246  -.1855341695711471E-05   4   2 0  0 0  0 1  0 1  0
   247  -.1972464036521990E-05   4   1 1  0 0  0 1  0 1  0
   248  -.3441751476550304E-06   4   0 2  0 0  0 1  0 1  0
   249  -.7825342545149388E-05   4   1 0  1 0  0 1  0 1  0
   250  0.2978257794731993E-05   4   0 1  1 0  0 1  0 1  0
   251  -.5519908434413767E-06   4   0 0  2 0  0 1  0 1  0
   252  -.8569837165607940E-05   4   1 0  0 1  0 1  0 1  0
   253  -.1748623201919732E-05   4   0 1  0 1  0 1  0 1  0
   254  0.5264371741703452E-08   4   0 0  1 1  0 1  0 1  0
   255  -.4244295562228737E-07   4   0 0  0 2  0 1  0 1  0
   256  -.1849145653928405E-05   4   2 0  0 0  0 0  1 1  0
   257  -.1965876856589511E-05   4   1 1  0 0  0 0  1 1  0
   258  -.3430257509695062E-06   4   0 2  0 0  0 0  1 1  0
   259  -.7799209273047201E-05   4   1 0  1 0  0 0  1 1  0
   260  0.2968311697051161E-05   4   0 1  1 0  0 0  1 1  0
   261  -.5501474318812647E-06   4   0 0  2 0  0 0  1 1  0
   262  -.8541217602281729E-05   4   1 0  0 1  0 0  1 1  0
   263  -.1742783553920131E-05   4   0 1  0 1  0 0  1 1  0
   264  0.5246791008543313E-08   4   0 0  1 1  0 0  1 1  0
   265  -.4230121443949543E-07   4   0 0  0 2  0 0  1 1  0
   266  0.5685492016190795E-07   4   2 0  0 0  0 0  0 2  0
   267  0.1464573928472507E-07   4   1 1  0 0  0 0  0 2  0
   268  0.2517509280731417E-09   4   0 2  0 0  0 0  0 2  0
   269  -.1437207102817166E-06   4   1 0  1 0  0 0  0 2  0
   270  -.4209282030745719E-07   4   0 1  1 0  0 0  0 2  0
   271  -.3708071516345185E-10   4   0 0  2 0  0 0  0 2  0
   272  0.3604582850940660E-07   4   1 0  0 1  0 0  0 2  0
   273  -.1072903818228482E-08   4   0 1  0 1  0 0  0 2  0
   274  -.7646270947766226E-11   4   0 0  1 1  0 0  0 2  0
   275  -.6101976987349911E-10   4   0 0  0 2  0 0  0 2  0
   276  -.5252768959543637E-02   4   1 0  0 0  0 3  0 0  0
   277  -.1069797317841863       4   0 1  0 0  0 3  0 0  0
   278  -.7114523496025673E-06   4   0 0  1 0  0 3  0 0  0
   279  -.8231723648710185E-07   4   0 0  0 1  0 3  0 0  0
   280  -.3164695481461603E-02   4   1 0  0 0  0 2  1 0  0
   281  -.6446424674809709E-01   4   0 1  0 0  0 2  1 0  0
   282  -.4271746379394291E-06   4   0 0  1 0  0 2  1 0  0
   283  -.8421886551386197E-07   4   0 0  0 1  0 2  1 0  0
   284  -.3175067505931309E-02   4   1 0  0 0  0 1  2 0  0
   285  -.6467543217499912E-01   4   0 1  0 0  0 1  2 0  0
   286  -.4285867836676100E-06   4   0 0  1 0  0 1  2 0  0
   287  -.8420796253576767E-07   4   0 0  0 1  0 1  2 0  0
   288  -.5221189367938318E-02   4   1 0  0 0  0 0  3 0  0
   289  -.1063365525406387       4   0 1  0 0  0 0  3 0  0
   290  -.7071775389900032E-06   4   0 0  1 0  0 0  3 0  0
   291  -.8176472419247738E-07   4   0 0  0 1  0 0  3 0  0
   292  0.6325862059335144E-02   4   1 0  0 0  0 2  0 1  0
   293  0.5832606757820233E-03   4   0 1  0 0  0 2  0 1  0
   294  0.8538150788663217E-06   4   0 0  1 0  0 2  0 1  0
   295  0.8229066322545252E-07   4   0 0  0 1  0 2  0 1  0
   296  0.4244662478584759E-02   4   1 0  0 0  0 1  1 1  0
   297  0.5792449883630789E-03   4   0 1  0 0  0 1  1 1  0
   298  0.5704740391987093E-06   4   0 0  1 0  0 1  1 1  0
   299  0.8224915540138903E-07   4   0 0  0 1  0 1  1 1  0
   300  0.6297648734107306E-02   4   1 0  0 0  0 0  2 1  0
   301  0.5803456221262790E-03   4   0 1  0 0  0 0  2 1  0
   302  0.8500111357396738E-06   4   0 0  1 0  0 0  2 1  0
   303  0.8187850950192854E-07   4   0 0  0 1  0 0  2 1  0
   304  -.2723141607968494E-04   4   1 0  0 0  0 1  0 2  0
   305  0.8062119236167462E-05   4   0 1  0 0  0 1  0 2  0
   306  0.5207262675285322E-10   4   0 0  1 0  0 1  0 2  0
   307  0.4811011711887561E-11   4   0 0  0 1  0 1  0 2  0
   308  -.2714047488418785E-04   4   1 0  0 0  0 0  1 2  0
   309  0.8035195231943115E-05   4   0 1  0 0  0 0  1 2  0
   310  0.5189872661953920E-10   4   0 0  1 0  0 0  1 2  0
   311  0.4794945005599336E-11   4   0 0  0 1  0 0  1 2  0
   312  -.8104773509635843E-07   4   1 0  0 0  0 0  0 3  0
   313  -.7695038301026694E-08   4   0 1  0 0  0 0  0 3  0
   314  -.1092158848799980E-10   4   0 0  1 0  0 0  0 3  0
   315  -.1054404413508378E-11   4   0 0  0 1  0 0  0 3  0
   316  0.2121815829262172E-05   4   0 0  0 0  0 4  0 0  0
   317  0.1218625921221492E-05   4   0 0  0 0  0 3  1 0  0
   318  0.1099058453394636E-05   4   0 0  0 0  0 2  2 0  0
   319  0.1225003631702749E-05   4   0 0  0 0  0 1  3 0  0
   320  0.2105630822474083E-05   4   0 0  0 0  0 0  4 0  0
   321  -.9135136443723254E-08   4   0 0  0 0  0 3  0 1  0
   322  -.1069322798400983E-07   4   0 0  0 0  0 2  1 1  0
   323  -.1068527013033477E-07   4   0 0  0 0  0 1  2 1  0
   324  -.9071579728721618E-08   4   0 0  0 0  0 0  3 1  0
   325  -.1067608709266627E-09   4   0 0  0 0  0 2  0 2  0
   326  -.1523275512824064E-09   4   0 0  0 0  0 1  1 2  0
   327  -.1061499815719373E-09   4   0 0  0 0  0 0  2 2  0
   328  0.8748702115943292E-13   4   0 0  0 0  0 1  0 3  0
   329  0.8719485220757206E-13   4   0 0  0 0  0 0  1 3  0
   -------------------------------------------------------
     I  COEFFICIENT            ORDER EXPONENTS
     1  0.2381442937087141E-05   0   0 0  0 0  0 0  0 0  0
     2  0.9904258499505036E-01   1   1 0  0 0  0 0  0 0  0
     3   1.016731762374597       1   0 1  0 0  0 0  0 0  0
     4  0.1337328406329917E-04   1   0 0  1 0  0 0  0 0  0
     5  0.2277282136824529E-05   1   0 0  0 1  0 0  0 0  0
     6  -.1680569183797340E-07   1   0 0  0 0  0 1  0 0  0
     7  -.1674956806893136E-07   1   0 0  0 0  0 0  1 0  0
     8  0.2414998197012769E-05   1   0 0  0 0  0 0  0 1  0
     9  -.5337920745156722E-06   2   2 0  0 0  0 0  0 0  0
    10  -.2552435079873259E-05   2   1 1  0 0  0 0  0 0  0
    11  -.1598040079084642E-05   2   0 2  0 0  0 0  0 0  0
    12  0.3777190906456637E-05   2   1 0  1 0  0 0  0 0  0
    13  -.1601316839639869E-04   2   0 1  1 0  0 0  0 0  0
    14  -.6164500777612856E-06   2   0 0  2 0  0 0  0 0  0
    15  -.1591169076178725E-04   2   1 0  0 1  0 0  0 0  0
    16  -.5364762100436406E-05   2   0 1  0 1  0 0  0 0  0
    17  0.1921710897679256E-05   2   0 0  1 1  0 0  0 0  0
    18  0.1573739301367551E-05   2   0 0  0 2  0 0  0 0  0
    19  -.4072634682427167E-03   2   1 0  0 0  0 1  0 0  0
    20  -.8393590315518642E-02   2   0 1  0 0  0 1  0 0  0
    21  -.3775170502016841E-09   2   0 0  1 0  0 1  0 0  0
    22  -.1138638261776258E-05   2   0 0  0 1  0 1  0 0  0
    23  -.4059033837516678E-03   2   1 0  0 0  0 0  1 0  0
    24  -.8365559340725711E-02   2   0 1  0 0  0 0  1 0  0
    25  -.3762563059284301E-09   2   0 0  1 0  0 0  1 0  0
    26  -.1134835700629679E-05   2   0 0  0 1  0 0  1 0  0
    27  0.9985575184704473E-01   2   1 0  0 0  0 0  0 1  0
    28  0.1675914965624466E-01   2   0 1  0 0  0 0  0 1  0
    29  0.1337403783665530E-04   2   0 0  1 0  0 0  0 1  0
    30  0.2273473962405944E-05   2   0 0  0 1  0 0  0 1  0
    31  0.9753416917222915E-08   2   0 0  0 0  0 2  0 0  0
    32  0.2748077459609094E-08   2   0 0  0 0  0 1  1 0  0
    33  0.9716256074296347E-08   2   0 0  0 0  0 0  2 0  0
    34  -.2225493941205406E-07   2   0 0  0 0  0 1  0 1  0
    35  -.2218061750423646E-07   2   0 0  0 0  0 0  1 1  0
    36  0.2221779948429047E-07   2   0 0  0 0  0 0  0 2  0
    37  -.6589119398582763E-02   3   3 0  0 0  0 0  0 0  0
    38  -.5782006149937773E-02   3   2 1  0 0  0 0  0 0  0
    39  -.5068676358375205E-01   3   1 2  0 0  0 0  0 0  0
    40  -.1188001244235435E-03   3   0 3  0 0  0 0  0 0  0
    41  0.2514962403461594E-05   3   2 0  1 0  0 0  0 0  0
    42  0.8453614795735426E-06   3   1 1  1 0  0 0  0 0  0
    43  0.9544034124056634E-07   3   0 2  1 0  0 0  0 0  0
    44  -.1875377292573944E-01   3   1 0  2 0  0 0  0 0  0
    45  -.7114181355730004E-03   3   0 1  2 0  0 0  0 0  0
    46  -.8631188879032386E-06   3   0 0  3 0  0 0  0 0  0
    47  0.4417261748560627E-06   3   2 0  0 1  0 0  0 0  0
    48  -.1317525228742534E-04   3   1 1  0 1  0 0  0 0  0
    49  -.1112098385669324E-05   3   0 2  0 1  0 0  0 0  0
    50  -.1135031795782037E-01   3   1 0  1 1  0 0  0 0  0
    51  -.3048136708554327E-02   3   0 1  1 1  0 0  0 0  0
    52  -.4463409659528555E-06   3   0 0  2 1  0 0  0 0  0
    53  0.4917559879528990E-01   3   1 0  0 2  0 0  0 0  0
    54  0.1646281275161522E-01   3   0 1  0 2  0 0  0 0  0
    55  -.9939812875802359E-07   3   0 0  1 2  0 0  0 0  0
    56  0.1128567903787498E-05   3   0 0  0 3  0 0  0 0  0
    57  0.2775866403577858E-06   3   2 0  0 0  0 1  0 0  0
    58  0.1445652262574814E-05   3   1 1  0 0  0 1  0 0  0
    59  0.1623624820931595E-05   3   0 2  0 0  0 1  0 0  0
    60  -.1883798459942567E-05   3   1 0  1 0  0 1  0 0  0
    61  0.7803932314853789E-05   3   0 1  1 0  0 1  0 0  0
    62  0.3055697684759210E-06   3   0 0  2 0  0 1  0 0  0
    63  0.7691633963763963E-05   3   1 0  0 1  0 1  0 0  0
    64  0.5257398450650056E-05   3   0 1  0 1  0 1  0 0  0
    65  -.8095508722171694E-06   3   0 0  1 1  0 1  0 0  0
    66  -.1575205796478872E-05   3   0 0  0 2  0 1  0 0  0
    67  0.2766596205931515E-06   3   2 0  0 0  0 0  1 0  0
    68  0.1440824406960172E-05   3   1 1  0 0  0 0  1 0  0
    69  0.1618202613661770E-05   3   0 2  0 0  0 0  1 0  0
    70  -.1877507384829229E-05   3   1 0  1 0  0 0  1 0  0
    71  0.7777870543694965E-05   3   0 1  1 0  0 0  1 0  0
    72  0.3045492971215132E-06   3   0 0  2 0  0 0  1 0  0
    73  0.7665947220707678E-05   3   1 0  0 1  0 0  1 0  0
    74  0.5239841005277157E-05   3   0 1  0 1  0 0  1 0  0
    75  -.8068473211454890E-06   3   0 0  1 1  0 0  1 0  0
    76  -.1569945287886605E-05   3   0 0  0 2  0 0  1 0  0
    77  -.1088038335328464E-05   3   2 0  0 0  0 0  0 1  0
    78  -.2886476669535004E-05   3   1 1  0 0  0 0  0 1  0
    79  -.1643787355612809E-05   3   0 2  0 0  0 0  0 1  0
    80  0.7538496751228411E-05   3   1 0  1 0  0 0  0 1  0
    81  -.1558180285854884E-04   3   0 1  1 0  0 0  0 1  0
    82  -.1226569143358716E-05   3   0 0  2 0  0 0  0 1  0
    83  -.1535758118447161E-04   3   1 0  0 1  0 0  0 1  0
    84  -.5132477355491011E-05   3   0 1  0 1  0 0  0 1  0
    85  0.1616398193362648E-05   3   0 0  1 1  0 0  0 1  0
    86  0.1571411782893785E-05   3   0 0  0 2  0 0  0 1  0
    87  0.3058680714379898E-03   3   1 0  0 0  0 2  0 0  0
    88  0.6298555056430987E-02   3   0 1  0 0  0 2  0 0  0
    89  0.3132243092479930E-09   3   0 0  1 0  0 2  0 0  0
    90  0.8537210057221977E-06   3   0 0  0 1  0 2  0 0  0
    91  0.2051465958048693E-03   3   1 0  0 0  0 1  1 0  0
    92  0.4217419922928820E-02   3   0 1  0 0  0 1  1 0  0
    93  0.3094964643324509E-09   3   0 0  1 0  0 1  1 0  0
    94  0.5704314224536598E-06   3   0 0  0 1  0 1  1 0  0
    95  0.3045040532648670E-03   3   1 0  0 0  0 0  2 0  0
    96  0.6270478414024699E-02   3   0 1  0 0  0 0  2 0  0
    97  0.3116614798567883E-09   3   0 0  1 0  0 0  2 0  0
    98  0.8499174478639575E-06   3   0 0  0 1  0 0  2 0  0
    99  -.8168853644936414E-03   3   1 0  0 0  0 1  0 1  0
   100  -.8420941840574537E-02   3   0 1  0 0  0 1  0 1  0
   101  -.9531645190162104E-09   3   0 0  1 0  0 1  0 1  0
   102  -.1138877722881426E-05   3   0 0  0 1  0 1  0 1  0
   103  -.8141573193782272E-03   3   1 0  0 0  0 0  1 1  0
   104  -.8392819523473875E-02   3   0 1  0 0  0 0  1 1  0
   105  -.9499813602464567E-09   3   0 0  1 0  0 0  1 1  0
   106  -.1135074362037936E-05   3   0 0  0 1  0 0  1 1  0
   107  0.8155226089748425E-03   3   1 0  0 0  0 0  0 2  0
   108  0.2730654579338240E-04   3   0 1  0 0  0 0  0 2  0
   109  0.9803543799763727E-09   3   0 0  1 0  0 0  0 2  0
   110  -.2867077152630248E-10   3   0 0  0 1  0 0  0 2  0
   111  -.7665968651472813E-08   3   0 0  0 0  0 3  0 0  0
   112  -.3488576908890477E-08   3   0 0  0 0  0 2  1 0  0
   113  -.3509374761575401E-08   3   0 0  0 0  0 1  2 0  0
   114  -.7621761592594967E-08   3   0 0  0 0  0 0  3 0  0
   115  0.1673306025817807E-07   3   0 0  0 0  0 2  0 1  0
   116  0.1124781432179417E-07   3   0 0  0 0  0 1  1 1  0
   117  0.1665839768595185E-07   3   0 0  0 0  0 0  2 1  0
   118  -.1122948319878704E-07   3   0 0  0 0  0 1  0 2  0
   119  -.1119198156377129E-07   3   0 0  0 0  0 0  1 2  0
   120  0.6788842609005829E-10   3   0 0  0 0  0 0  0 3  0
   121  0.1452688659279561E-07   4   4 0  0 0  0 0  0 0  0
   122  0.6022206763103394E-06   4   3 1  0 0  0 0  0 0  0
   123  0.2715124898908495E-06   4   2 2  0 0  0 0  0 0  0
   124  -.1136096122973453E-05   4   1 3  0 0  0 0  0 0  0
   125  -.1470052335109020E-06   4   0 4  0 0  0 0  0 0  0
   126  0.4071136114774200E-11   4   3 0  1 0  0 0  0 0  0
   127  0.3311884235336992E-05   4   2 1  1 0  0 0  0 0  0
   128  0.9866578558043269E-06   4   1 2  1 0  0 0  0 0  0
   129  -.6023572088758219E-07   4   0 3  1 0  0 0  0 0  0
   130  -.8480447704707710E-09   4   2 0  2 0  0 0  0 0  0
   131  0.8230681741406838E-06   4   1 1  2 0  0 0  0 0  0
   132  -.1558247833102859E-06   4   0 2  2 0  0 0  0 0  0
   133  0.3608464024141410E-11   4   1 0  3 0  0 0  0 0  0
   134  0.3142242868322764E-05   4   0 1  3 0  0 0  0 0  0
   135  -.1367717292862609E-07   4   0 0  4 0  0 0  0 0  0
   136  -.7808030487766406E-10   4   3 0  0 1  0 0  0 0  0
   137  -.5922770853165997E-10   4   2 1  0 1  0 0  0 0  0
   138  0.8239591383024667E-05   4   1 2  0 1  0 0  0 0  0
   139  0.2758293309333192E-05   4   0 3  0 1  0 0  0 0  0
   140  0.1313085513061381E-05   4   2 0  1 1  0 0  0 0  0
   141  0.1020012353490296E-05   4   1 1  1 1  0 0  0 0  0
   142  0.2215830019679400E-05   4   0 2  1 1  0 0  0 0  0
   143  0.6284571236142569E-05   4   1 0  2 1  0 0  0 0  0
   144  0.2140182310304228E-05   4   0 1  2 1  0 0  0 0  0
   145  0.1340538041469092E-06   4   0 0  3 1  0 0  0 0  0
   146  0.4830791182775072E-07   4   2 0  0 2  0 0  0 0  0
   147  -.5527107113361650E-05   4   1 1  0 2  0 0  0 0  0
   148  0.2815837211692933E-06   4   0 2  0 2  0 0  0 0  0
   149  0.9509323176185856E-06   4   1 0  1 2  0 0  0 0  0
   150  -.1628130284404568E-04   4   0 1  1 2  0 0  0 0  0
   151  0.6379125235576895E-07   4   0 0  2 2  0 0  0 0  0
   152  0.8239002634406851E-05   4   1 0  0 3  0 0  0 0  0
   153  0.2758294845478660E-05   4   0 1  0 3  0 0  0 0  0
   154  -.4680809226039532E-07   4   0 0  1 3  0 0  0 0  0
   155  0.4229928268224105E-06   4   0 0  0 4  0 0  0 0  0
   156  0.3429746830450285E-02   4   3 0  0 0  0 1  0 0  0
   157  0.5860569022582180E-02   4   2 1  0 0  0 1  0 0  0
   158  0.5157071044440970E-01   4   1 2  0 0  0 1  0 0  0
   159  0.2384165841281776E-03   4   0 3  0 0  0 1  0 0  0
   160  -.1224165350241264E-05   4   2 0  1 0  0 1  0 0  0
   161  -.8298060752553154E-06   4   1 1  1 0  0 1  0 0  0
   162  -.1414826090055931E-06   4   0 2  1 0  0 1  0 0  0
   163  0.9266753556446879E-02   4   1 0  2 0  0 1  0 0  0
   164  0.6578542901158608E-03   4   0 1  2 0  0 1  0 0  0
   165  0.4320215902056391E-06   4   0 0  3 0  0 1  0 0  0
   166  -.4434576515194816E-06   4   2 0  0 1  0 1  0 0  0
   167  0.1309979734430374E-04   4   1 1  0 1  0 1  0 0  0
   168  0.1658509191465132E-05   4   0 2  0 1  0 1  0 0  0
   169  0.1139691878567359E-01   4   1 0  1 1  0 1  0 0  0
   170  0.4569890565940980E-02   4   0 1  1 1  0 1  0 0  0
   171  0.4497261758812975E-06   4   0 0  2 1  0 1  0 0  0
   172  -.4928200394352766E-01   4   1 0  0 2  0 1  0 0  0
   173  -.2461465017762372E-01   4   0 1  0 2  0 1  0 0  0
   174  0.1498853577723977E-06   4   0 0  1 2  0 1  0 0  0
   175  -.1691404036740011E-05   4   0 0  0 3  0 1  0 0  0
   176  0.3418292953940138E-02   4   3 0  0 0  0 0  1 0  0
   177  0.5840997247409686E-02   4   2 1  0 0  0 0  1 0  0
   178  0.5139848649373031E-01   4   1 2  0 0  0 0  1 0  0
   179  0.2376203754726297E-03   4   0 3  0 0  0 0  1 0  0
   180  -.1220077165473464E-05   4   2 0  1 0  0 0  1 0  0
   181  -.8270348805336293E-06   4   1 1  1 0  0 0  1 0  0
   182  -.1410101180574327E-06   4   0 2  1 0  0 0  1 0  0
   183  0.9235806592681767E-02   4   1 0  2 0  0 0  1 0  0
   184  0.6556573402610561E-03   4   0 1  2 0  0 0  1 0  0
   185  0.4305788242556872E-06   4   0 0  3 0  0 0  1 0  0
   186  -.4419766940526442E-06   4   2 0  0 1  0 0  1 0  0
   187  0.1305604966597443E-04   4   1 1  0 1  0 0  1 0  0
   188  0.1652970485429619E-05   4   0 2  0 1  0 0  1 0  0
   189  0.1135885798794711E-01   4   1 0  1 1  0 0  1 0  0
   190  0.4554629100651018E-02   4   0 1  1 1  0 0  1 0  0
   191  0.4482242842442308E-06   4   0 0  2 1  0 0  1 0  0
   192  -.4911742328634062E-01   4   1 0  0 2  0 0  1 0  0
   193  -.2453244785266732E-01   4   0 1  0 2  0 0  1 0  0
   194  0.1493848052641439E-06   4   0 0  1 2  0 0  1 0  0
   195  -.1685755476095923E-05   4   0 0  0 3  0 0  1 0  0
   196  -.1343715918297326E-01   4   3 0  0 0  0 0  0 1  0
   197  -.1170156626999187E-01   4   2 1  0 0  0 0  0 1  0
   198  -.5228243335438765E-01   4   1 2  0 0  0 0  0 1  0
   199  -.2384367107539962E-03   4   0 3  0 0  0 0  0 1  0
   200  0.4959204919176295E-05   4   2 0  1 0  0 0  0 1  0
   201  0.1656840955788940E-05   4   1 1  1 0  0 0  0 1  0
   202  0.1870523858224968E-06   4   0 2  1 0  0 0  0 1  0
   203  -.3725633307486796E-01   4   1 0  2 0  0 0  0 1  0
   204  -.1313511630376948E-02   4   0 1  2 0  0 0  0 1  0
   205  -.1725719302364554E-05   4   0 0  3 0  0 0  0 1  0
   206  0.8854343455721256E-06   4   2 0  0 1  0 0  0 1  0
   207  -.1298059472285284E-04   4   1 1  0 1  0 0  0 1  0
   208  -.1087282905556305E-05   4   0 2  0 1  0 0  0 1  0
   209  -.2275577677362062E-01   4   1 0  1 1  0 0  0 1  0
   210  -.6076382958037218E-02   4   0 1  1 1  0 0  0 1  0
   211  -.8979504601255139E-06   4   0 0  2 1  0 0  0 1  0
   212  0.4922382843457813E-01   4   1 0  0 2  0 0  0 1  0
   213  0.1622147252706082E-01   4   0 1  0 2  0 0  0 1  0
   214  -.1998720342785048E-06   4   0 0  1 2  0 0  0 1  0
   215  0.1120023705260994E-05   4   0 0  0 3  0 0  0 1  0
   216  -.1257990518309391E-06   4   2 0  0 0  0 2  0 0  0
   217  -.3207946739705991E-05   4   1 1  0 0  0 2  0 0  0
   218  -.2031562357611146E-06   4   0 2  0 0  0 2  0 0  0
   219  -.1193297567177449E-05   4   1 0  1 0  0 2  0 0  0
   220  -.6762634215032869E-05   4   0 1  1 0  0 2  0 0  0
   221  -.4882962248643380E-07   4   0 0  2 0  0 2  0 0  0
   222  0.1032365419305698E-04   4   1 0  0 1  0 2  0 0  0
   223  0.4818263041305709E-05   4   0 1  0 1  0 2  0 0  0
   224  0.7200470201399955E-06   4   0 0  1 1  0 2  0 0  0
   225  0.8918413862662195E-06   4   0 0  0 2  0 2  0 0  0
   226  -.1292838386827129E-06   4   2 0  0 0  0 1  1 0  0
   227  -.2957758279119101E-05   4   1 1  0 0  0 1  1 0  0
   228  -.2102935503739963E-06   4   0 2  0 0  0 1  1 0  0
   229  -.1432512664598625E-05   4   1 0  1 0  0 1  1 0  0
   230  -.4902255556312989E-05   4   0 1  1 0  0 1  1 0  0
   231  -.3660521370181865E-07   4   0 0  2 0  0 1  1 0  0
   232  0.1238060627867079E-04   4   1 0  0 1  0 1  1 0  0
   233  0.6859911046537554E-05   4   0 1  0 1  0 1  1 0  0
   234  0.4171982547306768E-06   4   0 0  1 1  0 1  1 0  0
   235  0.1028283516882373E-05   4   0 0  0 2  0 1  1 0  0
   236  -.1251630610496613E-06   4   2 0  0 0  0 0  2 0  0
   237  -.3192294760857713E-05   4   1 1  0 0  0 0  2 0  0
   238  -.2021266365546214E-06   4   0 2  0 0  0 0  2 0  0
   239  -.1186920479994260E-05   4   1 0  1 0  0 0  2 0  0
   240  -.6731864220254572E-05   4   0 1  1 0  0 0  2 0  0
   241  -.4860542976797203E-07   4   0 0  2 0  0 0  2 0  0
   242  0.1026850469155454E-04   4   1 0  0 1  0 0  2 0  0
   243  0.4790717545518937E-05   4   0 1  0 1  0 0  2 0  0
   244  0.7169457421678941E-06   4   0 0  1 1  0 0  2 0  0
   245  0.8871460084115477E-06   4   0 0  0 2  0 0  2 0  0
   246  0.2479841661071282E-06   4   2 0  0 0  0 1  0 1  0
   247  0.3571473509931861E-05   4   1 1  0 0  0 1  0 1  0
   248  0.2081621869864066E-06   4   0 2  0 0  0 1  0 1  0
   249  0.1909554636711482E-05   4   1 0  1 0  0 1  0 1  0
   250  0.9026412031402667E-05   4   0 1  1 0  0 1  0 1  0
   251  0.1192628439774639E-06   4   0 0  2 0  0 1  0 1  0
   252  -.8260874883256375E-05   4   1 0  0 1  0 1  0 1  0
   253  -.2722351847921981E-05   4   0 1  0 1  0 1  0 1  0
   254  -.9361093953138397E-06   4   0 0  1 1  0 1  0 1  0
   255  -.7436807576134133E-06   4   0 0  0 2  0 1  0 1  0
   256  0.2471560058505624E-06   4   2 0  0 0  0 0  1 1  0
   257  0.3559546327383335E-05   4   1 1  0 0  0 0  1 1  0
   258  0.2074670149805147E-06   4   0 2  0 0  0 0  1 1  0
   259  0.1903177547066235E-05   4   1 0  1 0  0 0  1 1  0
   260  0.8996267704766225E-05   4   0 1  1 0  0 0  1 1  0
   261  0.1188645574698308E-06   4   0 0  2 0  0 0  1 1  0
   262  -.8233287120819047E-05   4   1 0  0 1  0 0  1 1  0
   263  -.2713260365831703E-05   4   0 1  0 1  0 0  1 1  0
   264  -.9329831933100288E-06   4   0 0  1 1  0 0  1 1  0
   265  -.7411971843405862E-06   4   0 0  0 2  0 0  1 1  0
   266  -.1148942173523209E-06   4   2 0  0 0  0 0  0 2  0
   267  -.7532008275618988E-07   4   1 1  0 0  0 0  0 2  0
   268  -.3504593294322200E-08   4   0 2  0 0  0 0  0 2  0
   269  -.1472006570972942E-11   4   1 0  1 0  0 0  0 2  0
   270  -.1366422997681016E-06   4   0 1  1 0  0 0  0 2  0
   271  -.1040871382353486E-06   4   0 0  2 0  0 0  0 2  0
   272  -.1913047871036168E-12   4   1 0  0 1  0 0  0 2  0
   273  -.7133370929374941E-14   4   0 1  0 1  0 0  0 2  0
   274  -.5429174903165321E-07   4   0 0  1 1  0 0  0 2  0
   275  -.3452859870462409E-08   4   0 0  0 2  0 0  0 2  0
   276  -.2552564116243577E-03   4   1 0  0 0  0 3  0 0  0
   277  -.5252757107790149E-02   4   0 1  0 0  0 3  0 0  0
   278  -.3171155850751695E-09   4   0 0  1 0  0 3  0 0  0
   279  -.7113482920327003E-06   4   0 0  0 1  0 3  0 0  0
   280  -.1542024827413126E-03   4   1 0  0 0  0 2  1 0  0
   281  -.3164687958688462E-02   4   0 1  0 0  0 2  1 0  0
   282  -.3162798971769939E-09   4   0 0  1 0  0 2  1 0  0
   283  -.4271294852381813E-06   4   0 0  0 1  0 2  1 0  0
   284  -.1547044274020878E-03   4   1 0  0 0  0 1  2 0  0
   285  -.3175059961671257E-02   4   0 1  0 0  0 1  2 0  0
   286  -.3162787755762720E-09   4   0 0  1 0  0 1  2 0  0
   287  -.4285413375478803E-06   4   0 0  0 1  0 1  2 0  0
   288  -.2537211217095142E-03   4   1 0  0 0  0 0  3 0  0
   289  -.5221177588073830E-02   4   0 1  0 0  0 0  3 0  0
   290  -.3150006884803206E-09   4   0 0  1 0  0 0  3 0  0
   291  -.7070740777391903E-06   4   0 0  0 1  0 0  3 0  0
   292  0.6141009718825547E-03   4   1 0  0 0  0 2  0 1  0
   293  0.6325847066455073E-02   4   0 1  0 0  0 2  0 1  0
   294  0.9631841235833172E-09   4   0 0  1 0  0 2  0 1  0
   295  0.8536379555390328E-06   4   0 0  0 1  0 2  0 1  0
   296  0.4126618937562977E-03   4   1 0  0 0  0 1  1 1  0
   297  0.4244651803421683E-02   4   0 1  0 0  0 1  1 1  0
   298  0.9731261690022655E-09   4   0 0  1 0  0 1  1 1  0
   299  0.5702906424321330E-06   4   0 0  0 1  0 1  1 1  0
   300  0.6113610828041723E-03   4   1 0  0 0  0 0  2 1  0
   301  0.6297633809122272E-02   4   0 1  0 0  0 0  2 1  0
   302  0.9583425895576929E-09   4   0 0  1 0  0 0  2 1  0
   303  0.8498349101048948E-06   4   0 0  0 1  0 0  2 1  0
   304  -.4119879233404205E-03   4   1 0  0 0  0 1  0 2  0
   305  -.2723043611224235E-04   4   0 1  0 0  0 1  0 2  0
   306  -.9703223074700596E-09   4   0 0  1 0  0 1  0 2  0
   307  0.4510521515424059E-10   4   0 0  0 1  0 1  0 2  0
   308  -.4106120612051326E-03   4   1 0  0 0  0 0  1 2  0
   309  -.2713949818942046E-04   4   0 1  0 0  0 0  1 2  0
   310  -.9670818490813019E-09   4   0 0  1 0  0 0  1 2  0
   311  0.4495458317273982E-10   4   0 0  0 1  0 0  1 2  0
   312  0.2359125190240488E-05   4   1 0  0 0  0 0  0 3  0
   313  -.8105242839669459E-07   4   0 1  0 0  0 0  0 3  0
   314  0.3190165919690714E-09   4   0 0  1 0  0 0  0 3  0
   315  -.1090608518300375E-10   4   0 0  0 1  0 0  0 3  0
   316  0.1047358563875015E-06   4   0 0  0 0  0 4  0 0  0
   317  0.5952682776016850E-07   4   0 0  0 0  0 3  1 0  0
   318  0.5382552730757686E-07   4   0 0  0 0  0 2  2 0  0
   319  0.5984515687065594E-07   4   0 0  0 0  0 1  3 0  0
   320  0.1039379824436977E-06   4   0 0  0 0  0 0  4 0  0
   321  -.1195329809584948E-06   4   0 0  0 0  0 3  0 1  0
   322  -.7226252603097783E-07   4   0 0  0 0  0 2  1 1  0
   323  -.7249732077926532E-07   4   0 0  0 0  0 1  2 1  0
   324  -.1188139403240779E-06   4   0 0  0 0  0 0  3 1  0
   325  0.3866180464557662E-09   4   0 0  0 0  0 2  0 2  0
   326  0.4624248766741277E-09   4   0 0  0 0  0 1  1 2  0
   327  0.3845547588642725E-09   4   0 0  0 0  0 0  2 2  0
   328  0.9219552112610645E-12   4   0 0  0 0  0 1  0 3  0
   329  0.9188762781328429E-12   4   0 0  0 0  0 0  1 3  0
   -------------------------------------------------------
     I  COEFFICIENT            ORDER EXPONENTS
     1  -.5604670977427392E-04   0   0 0  0 0  0 0  0 0  0
     2  0.2270821365129235E-05   1   1 0  0 0  0 0  0 0  0
     3  0.8071251038841351E-07   1   0 1  0 0  0 0  0 0  0
     4  0.9833232994273936       1   0 0  1 0  0 0  0 0  0
     5  0.3394922927648230       1   0 0  0 1  0 0  0 0  0
     6  -.4683776858219822E-06   1   0 0  0 0  0 1  0 0  0
     7  -.4668135061787446E-06   1   0 0  0 0  0 0  1 0  0
     8  0.9351911920008408E-06   1   0 0  0 0  0 0  0 1  0
     9  0.8328341836980972E-05   2   2 0  0 0  0 0  0 0  0
    10  0.8593818010944509E-07   2   1 1  0 0  0 0  0 0  0
    11  0.1253811761515715E-05   2   0 2  0 0  0 0  0 0  0
    12  -.2272581924892400E-05   2   1 0  1 0  0 0  0 0  0
    13  -.2339919823761960E-07   2   0 1  1 0  0 0  0 0  0
    14  -.8493356360982017E-05   2   0 0  2 0  0 0  0 0  0
    15  -.2401791138814773E-05   2   1 0  0 1  0 0  0 0  0
    16  0.1769927420961005E-08   2   0 1  0 1  0 0  0 0  0
    17  0.7310018782277153E-05   2   0 0  1 1  0 0  0 0  0
    18  0.2257184316641962E-05   2   0 0  0 2  0 0  0 0  0
    19  -.1139205070486975E-05   2   1 0  0 0  0 1  0 0  0
    20  -.8149506955480890E-07   2   0 1  0 0  0 1  0 0  0
    21  0.8338419641724909E-02   2   0 0  1 0  0 1  0 0  0
    22  -.1697230402796674       2   0 0  0 1  0 1  0 0  0
    23  -.1135400616443532E-05   2   1 0  0 0  0 0  1 0  0
    24  -.8122291113927758E-07   2   0 1  0 0  0 0  1 0  0
    25  0.8310572913208936E-02   2   0 0  1 0  0 0  1 0  0
    26  -.1691562384600607       2   0 0  0 1  0 0  1 0  0
    27  0.2274605686930495E-05   2   1 0  0 0  0 0  0 1  0
    28  0.8200547030576853E-07   2   0 1  0 0  0 0  0 1  0
    29  -.1664899255493380E-01   2   0 0  1 0  0 0  0 1  0
    30  -.6130140250957360E-03   2   0 0  0 1  0 0  0 1  0
    31  0.3509648427457244E-06   2   0 0  0 0  0 2  0 0  0
    32  0.2343299033262481E-06   2   0 0  0 0  0 1  1 0  0
    33  0.3494014910303582E-06   2   0 0  0 0  0 0  2 0  0
    34  -.4678773967742261E-06   2   0 0  0 0  0 1  0 1  0
    35  -.4663148878808779E-06   2   0 0  0 0  0 0  1 1  0
    36  -.4993284456343705E-09   2   0 0  0 0  0 0  0 2  0
    37  0.1510795435542656E-06   3   3 0  0 0  0 0  0 0  0
    38  0.6960854329104833E-05   3   2 1  0 0  0 0  0 0  0
    39  0.3465698377384431E-05   3   1 2  0 0  0 0  0 0  0
    40  0.4270114385025104E-06   3   0 3  0 0  0 0  0 0  0
    41  -.8093956868396480E-03   3   2 0  1 0  0 0  0 0  0
    42  -.7415072437856726E-03   3   1 1  1 0  0 0  0 0  0
    43  -.1655222052130920E-01   3   0 2  1 0  0 0  0 0  0
    44  -.4243714919252376E-06   3   1 0  2 0  0 0  0 0  0
    45  0.6417764037103112E-05   3   0 1  2 0  0 0  0 0  0
    46  0.1264126802865289E-02   3   0 0  3 0  0 0  0 0  0
    47  -.4946362663443798E-01   3   2 0  0 1  0 0  0 0  0
    48  -.2896292836615177E-03   3   1 1  0 1  0 0  0 0  0
    49  0.1672027623623898       3   0 2  0 1  0 0  0 0  0
    50  -.5417621495371978E-06   3   1 0  1 1  0 0  0 0  0
    51  0.2167003959781500E-05   3   0 1  1 1  0 0  0 0  0
    52  -.4624343179939913E-01   3   0 0  2 1  0 0  0 0  0
    53  0.3355939865382216E-05   3   1 0  0 2  0 0  0 0  0
    54  0.4981541970077820E-06   3   0 1  0 2  0 0  0 0  0
    55  -.3274763699963902E-01   3   0 0  1 2  0 0  0 0  0
    56  0.1666269379334911       3   0 0  0 3  0 0  0 0  0
    57  -.4221036690047931E-05   3   2 0  0 0  0 1  0 0  0
    58  -.1284982266846023E-06   3   1 1  0 0  0 1  0 0  0
    59  -.1880344867562560E-05   3   0 2  0 0  0 1  0 0  0
    60  0.1161654428422506E-05   3   1 0  1 0  0 1  0 0  0
    61  0.3471315835082737E-07   3   0 1  1 0  0 1  0 0  0
    62  0.4378234797210375E-05   3   0 0  2 0  0 1  0 0  0
    63  0.2409625082975302E-05   3   1 0  0 1  0 1  0 0  0
    64  -.6615884119802899E-09   3   0 1  0 1  0 1  0 0  0
    65  -.7122863606678502E-05   3   0 0  1 1  0 1  0 0  0
    66  -.3370669144962023E-05   3   0 0  0 2  0 1  0 0  0
    67  -.4206940246379458E-05   3   2 0  0 0  0 0  1 0  0
    68  -.1280690979783434E-06   3   1 1  0 0  0 0  1 0  0
    69  -.1874065325959549E-05   3   0 2  0 0  0 0  1 0  0
    70  0.1157775003197159E-05   3   1 0  1 0  0 0  1 0  0
    71  0.3459723136008871E-07   3   0 1  1 0  0 0  1 0  0
    72  0.4363613379601800E-05   3   0 0  2 0  0 0  1 0  0
    73  0.2401577973523638E-05   3   1 0  0 1  0 0  1 0  0
    74  -.6593789917391877E-09   3   0 1  0 1  0 0  1 0  0
    75  -.7099076311527372E-05   3   0 0  1 1  0 0  1 0  0
    76  -.3359412562464177E-05   3   0 0  0 2  0 0  1 0  0
    77  0.8427976936427367E-05   3   2 0  0 0  0 0  0 1  0
    78  0.1706291444510792E-06   3   1 1  0 0  0 0  0 1  0
    79  0.1246786670490623E-05   3   0 2  0 0  0 0  0 1  0
    80  -.2319429431632593E-05   3   1 0  1 0  0 0  0 1  0
    81  -.4591119147761938E-07   3   0 1  1 0  0 0  0 1  0
    82  -.8741848176812186E-05   3   0 0  2 0  0 0  0 1  0
    83  -.2409411917553636E-05   3   1 0  0 1  0 0  0 1  0
    84  -.2218887394439909E-08   3   0 1  0 1  0 0  0 1  0
    85  0.6911921136035181E-05   3   0 0  1 1  0 0  0 1  0
    86  0.2215713074141804E-05   3   0 0  0 2  0 0  0 1  0
    87  0.8534583877198049E-06   3   1 0  0 0  0 2  0 0  0
    88  0.7935738215773725E-07   3   0 1  0 0  0 2  0 0  0
    89  -.6243378872839168E-02   3   0 0  1 0  0 2  0 0  0
    90  0.1270666615116401       3   0 0  0 1  0 2  0 0  0
    91  0.5700699790629203E-06   3   1 0  0 0  0 1  1 0  0
    92  0.7906808424800835E-07   3   0 1  0 0  0 1  1 0  0
    93  -.4162240288341649E-02   3   0 0  1 0  0 1  1 0  0
    94  0.8469331768463256E-01   3   0 0  0 1  0 1  1 0  0
    95  0.8496563104260675E-06   3   1 0  0 0  0 0  2 0  0
    96  0.7896033603183204E-07   3   0 1  0 0  0 0  2 0  0
    97  -.6215578633211211E-02   3   0 0  1 0  0 0  2 0  0
    98  0.1265008940231248       3   0 0  0 1  0 0  2 0  0
    99  -.1138708449081405E-05   3   1 0  0 0  0 1  0 1  0
   100  -.8223242974191363E-07   3   0 1  0 0  0 1  0 1  0
   101  0.8310584041410092E-02   3   0 0  1 0  0 1  0 1  0
   102  0.6193583279027070E-03   3   0 0  0 1  0 1  0 1  0
   103  -.1134905653539469E-05   3   1 0  0 0  0 0  1 1  0
   104  -.8195780886114435E-07   3   0 1  0 0  0 0  1 1  0
   105  0.8282830271804646E-02   3   0 0  1 0  0 0  1 1  0
   106  0.6172899379736837E-03   3   0 0  0 1  0 0  1 1  0
   107  -.3087311700285163E-10   3   1 0  0 0  0 0  0 2  0
   108  -.3364812268860725E-11   3   0 1  0 0  0 0  0 2  0
   109  0.2778703904168608E-04   3   0 0  1 0  0 0  0 2  0
   110  -.5311637560440512E-05   3   0 0  0 1  0 0  0 2  0
   111  -.2923520611634440E-06   3   0 0  0 0  0 3  0 0  0
   112  -.1753259079976163E-06   3   0 0  0 0  0 2  1 0  0
   113  -.1759072426031069E-06   3   0 0  0 0  0 1  2 0  0
   114  -.2905957929362898E-06   3   0 0  0 0  0 0  3 0  0
   115  0.3504593311193389E-06   3   0 0  0 0  0 2  0 1  0
   116  0.2338202991816452E-06   3   0 0  0 0  0 1  1 1  0
   117  0.3488985185234846E-06   3   0 0  0 0  0 0  2 1  0
   118  0.5080454893639136E-09   3   0 0  0 0  0 1  0 2  0
   119  0.5063488363504300E-09   3   0 0  0 0  0 0  1 2  0
   120  -.5245811487190867E-11   3   0 0  0 0  0 0  0 3  0
   121  0.2174749854322579E-10   4   4 0  0 0  0 0  0 0  0
   122  0.5397979958707745E-10   4   3 1  0 0  0 0  0 0  0
   123  -.4143898338930417E-05   4   2 2  0 0  0 0  0 0  0
   124  -.2412557515021701E-07   4   1 3  0 0  0 0  0 0  0
   125  0.2111789927313530E-04   4   0 4  0 0  0 0  0 0  0
   126  -.4569222990906122E-06   4   3 0  1 0  0 0  0 0  0
   127  -.7150419540462057E-06   4   2 1  1 0  0 0  0 0  0
   128  -.2522438940812150E-05   4   1 2  1 0  0 0  0 0  0
   129  -.1527105942548070E-05   4   0 3  1 0  0 0  0 0  0
   130  -.3230586628096165E-05   4   2 0  2 0  0 0  0 0  0
   131  -.3180267903582172E-05   4   1 1  2 0  0 0  0 0  0
   132  -.1985606222022473E-04   4   0 2  2 0  0 0  0 0  0
   133  -.1493344865213959E-06   4   1 0  3 0  0 0  0 0  0
   134  -.1585862730484578E-06   4   0 1  3 0  0 0  0 0  0
   135  -.1097698556005584E-05   4   0 0  4 0  0 0  0 0  0
   136  0.1397207657346009E-06   4   3 0  0 1  0 0  0 0  0
   137  0.5665594448791296E-05   4   2 1  0 1  0 0  0 0  0
   138  0.2054775901622136E-05   4   1 2  0 1  0 0  0 0  0
   139  0.1145932060161627E-04   4   0 3  0 1  0 0  0 0  0
   140  0.3324358259247250E-06   4   2 0  1 1  0 0  0 0  0
   141  0.3118976424820320E-04   4   1 1  1 1  0 0  0 0  0
   142  -.1520691244671584E-04   4   0 2  1 1  0 0  0 0  0
   143  0.9255200341648207E-07   4   1 0  2 1  0 0  0 0  0
   144  0.1152583880178341E-05   4   0 1  2 1  0 0  0 0  0
   145  0.1355901387877695E-05   4   0 0  3 1  0 0  0 0  0
   146  -.1207083599557819E-04   4   2 0  0 2  0 0  0 0  0
   147  0.5384517634893835E-05   4   1 1  0 2  0 0  0 0  0
   148  0.1256013426990967E-03   4   0 2  0 2  0 0  0 0  0
   149  -.1227068568333895E-06   4   1 0  1 2  0 0  0 0  0
   150  -.1487953258683641E-05   4   0 1  1 2  0 0  0 0  0
   151  -.1041930106877573E-04   4   0 0  2 2  0 0  0 0  0
   152  0.9217163830766958E-06   4   1 0  0 3  0 0  0 0  0
   153  0.1132160858809228E-04   4   0 1  0 3  0 0  0 0  0
   154  -.1751778838075452E-04   4   0 0  1 3  0 0  0 0  0
   155  0.1034770710122627E-03   4   0 0  0 4  0 0  0 0  0
   156  -.1536872393758054E-06   4   3 0  0 0  0 1  0 0  0
   157  -.7111748848550881E-05   4   2 1  0 0  0 1  0 0  0
   158  -.5234736774675940E-05   4   1 2  0 0  0 1  0 0  0
   159  -.8576423442185484E-06   4   0 3  0 0  0 1  0 0  0
   160  0.8077626558187823E-03   4   2 0  1 0  0 1  0 0  0
   161  0.1108905186109003E-02   4   1 1  1 0  0 1  0 0  0
   162  0.2479283337418928E-01   4   0 2  1 0  0 1  0 0  0
   163  0.4175060426511767E-06   4   1 0  2 0  0 1  0 0  0
   164  -.6295690902553095E-05   4   0 1  2 0  0 1  0 0  0
   165  -.1230385881698929E-02   4   0 0  3 0  0 1  0 0  0
   166  0.4972407254226070E-01   4   2 0  0 1  0 1  0 0  0
   167  0.5790189579923812E-03   4   1 1  0 1  0 1  0 0  0
   168  -.2497943300480616       4   0 2  0 1  0 1  0 0  0
   169  0.8116315073226243E-06   4   1 0  1 1  0 1  0 0  0
   170  -.3201847330974868E-05   4   0 1  1 1  0 1  0 0  0
   171  0.4490447061166327E-01   4   0 0  2 1  0 1  0 0  0
   172  -.5015240240345284E-05   4   1 0  0 2  0 1  0 0  0
   173  -.9984692147521553E-06   4   0 1  0 2  0 1  0 0  0
   174  0.4887394654740349E-01   4   0 0  1 2  0 1  0 0  0
   175  -.2486540230131157       4   0 0  0 3  0 1  0 0  0
   176  -.1531739902212733E-06   4   3 0  0 0  0 0  1 0  0
   177  -.7087998671902467E-05   4   2 1  0 0  0 0  1 0  0
   178  -.5217255009535751E-05   4   1 2  0 0  0 0  1 0  0
   179  -.8547781883533109E-06   4   0 3  0 0  0 0  1 0  0
   180  0.8050650766193399E-03   4   2 0  1 0  0 0  1 0  0
   181  0.1105201920622809E-02   4   1 1  1 0  0 0  1 0  0
   182  0.2471003599413682E-01   4   0 2  1 0  0 0  1 0  0
   183  0.4161117523752006E-06   4   1 0  2 0  0 0  1 0  0
   184  -.6274666007798867E-05   4   0 1  2 0  0 0  1 0  0
   185  -.1226276923036542E-02   4   0 0  3 0  0 0  1 0  0
   186  0.4955801556644433E-01   4   2 0  0 1  0 0  1 0  0
   187  0.5770852841764482E-03   4   1 1  0 1  0 0  1 0  0
   188  -.2489601246239461       4   0 2  0 1  0 0  1 0  0
   189  0.8089210078262553E-06   4   1 0  1 1  0 0  1 0  0
   190  -.3191154540589331E-05   4   0 1  1 1  0 0  1 0  0
   191  0.4475450902949254E-01   4   0 0  2 1  0 0  1 0  0
   192  -.4998491499047032E-05   4   1 0  0 2  0 0  1 0  0
   193  -.9951347578226136E-06   4   0 1  0 2  0 0  1 0  0
   194  0.4871072862608409E-01   4   0 0  1 2  0 0  1 0  0
   195  -.2478236257231303       4   0 0  0 3  0 0  1 0  0
   196  0.3068612295970682E-06   4   3 0  0 0  0 0  0 1  0
   197  0.7238893191348532E-05   4   2 1  0 0  0 0  0 1  0
   198  0.3520595029442862E-05   4   1 2  0 0  0 0  0 1  0
   199  0.4313862170643138E-06   4   0 3  0 0  0 0  0 1  0
   200  -.1612827732438063E-02   4   2 0  1 0  0 0  0 1  0
   201  -.1472599862946136E-02   4   1 1  1 0  0 0  0 1  0
   202  -.1639842832570760E-01   4   0 2  1 0  0 0  0 1  0
   203  -.8336177950263719E-06   4   1 0  2 0  0 0  0 1  0
   204  0.6152592873248852E-05   4   0 1  2 0  0 0  0 1  0
   205  0.2456662804735487E-02   4   0 0  3 0  0 0  0 1  0
   206  -.4981846147426692E-01   4   2 0  0 1  0 0  0 1  0
   207  -.5768456748461553E-03   4   1 1  0 1  0 0  0 1  0
   208  -.2853832415161585E-02   4   0 2  0 1  0 0  0 1  0
   209  -.1078790365611676E-05   4   1 0  1 1  0 0  0 1  0
   210  0.2058993952001204E-05   4   0 1  1 1  0 0  0 1  0
   211  -.4341554784175663E-01   4   0 0  2 1  0 0  0 1  0
   212  0.3301852008627860E-05   4   1 0  0 2  0 0  0 1  0
   213  0.4991413815512174E-06   4   0 1  0 2  0 0  0 1  0
   214  -.3208940117420974E-01   4   0 0  1 2  0 0  0 1  0
   215  -.3403165064226589E-02   4   0 0  0 3  0 0  0 1  0
   216  -.5204923500761291E-05   4   2 0  0 0  0 2  0 0  0
   217  -.5439019589136223E-07   4   1 1  0 0  0 2  0 0  0
   218  0.5289570904512005E-04   4   0 2  0 0  0 2  0 0  0
   219  -.8688759543891778E-06   4   1 0  1 0  0 2  0 0  0
   220  -.1406446740059980E-05   4   0 1  1 0  0 2  0 0  0
   221  -.1050716644391967E-04   4   0 0  2 0  0 2  0 0  0
   222  0.3593566819005199E-06   4   1 0  0 1  0 2  0 0  0
   223  0.1413172827895850E-04   4   0 1  0 1  0 2  0 0  0
   224  -.1777886901788678E-04   4   0 0  1 1  0 2  0 0  0
   225  0.1565858189441917E-03   4   0 0  0 2  0 2  0 0  0
   226  -.6252208348237396E-05   4   2 0  0 0  0 1  1 0  0
   227  -.8445752722149182E-07   4   1 1  0 0  0 1  1 0  0
   228  0.6322736241436461E-04   4   0 2  0 0  0 1  1 0  0
   229  -.5978095031255336E-06   4   1 0  1 0  0 1  1 0  0
   230  -.1683460487108494E-05   4   0 1  1 0  0 1  1 0  0
   231  -.9304938633367736E-05   4   0 0  2 0  0 1  1 0  0
   232  0.3549744568894355E-06   4   1 0  0 1  0 1  1 0  0
   233  0.1689208785325842E-04   4   0 1  0 1  0 1  1 0  0
   234  -.2178550542825111E-04   4   0 0  1 1  0 1  1 0  0
   235  0.1870512635607552E-03   4   0 0  0 2  0 1  1 0  0
   236  -.5177101458229324E-05   4   2 0  0 0  0 0  2 0  0
   237  -.5406753020047093E-07   4   1 1  0 0  0 0  2 0  0
   238  0.5261348409740563E-04   4   0 2  0 0  0 0  2 0  0
   239  -.8649760700367360E-06   4   1 0  1 0  0 0  2 0  0
   240  -.1398938797690823E-05   4   0 1  1 0  0 0  2 0  0
   241  -.1045653979287967E-04   4   0 0  2 0  0 0  2 0  0
   242  0.3575638545700200E-06   4   1 0  0 1  0 0  2 0  0
   243  0.1405632824872271E-04   4   0 1  0 1  0 0  2 0  0
   244  -.1768311815611802E-04   4   0 0  1 1  0 0  2 0  0
   245  0.1557505544736662E-03   4   0 0  0 2  0 0  2 0  0
   246  0.4180318042026146E-05   4   2 0  0 0  0 1  0 1  0
   247  0.4821965323599835E-07   4   1 1  0 0  0 1  0 1  0
   248  0.3170477361327108E-06   4   0 2  0 0  0 1  0 1  0
   249  0.1168512876952672E-05   4   1 0  1 0  0 1  0 1  0
   250  0.1116711553939173E-05   4   0 1  1 0  0 1  0 1  0
   251  0.1107825066895807E-04   4   0 0  2 0  0 1  0 1  0
   252  -.3576157463637062E-06   4   1 0  0 1  0 1  0 1  0
   253  0.2381413643064452E-06   4   0 1  0 1  0 1  0 1  0
   254  0.1347522165083175E-04   4   0 0  1 1  0 1  0 1  0
   255  0.2506612219817248E-05   4   0 0  0 2  0 1  0 1  0
   256  0.4166357581096084E-05   4   2 0  0 0  0 0  1 1  0
   257  0.4805862037239929E-07   4   1 1  0 0  0 0  1 1  0
   258  0.3159889333122709E-06   4   0 2  0 0  0 0  1 1  0
   259  0.1164610547464586E-05   4   1 0  1 0  0 0  1 1  0
   260  0.1112982218548373E-05   4   0 1  1 0  0 0  1 1  0
   261  0.1104125408542480E-04   4   0 0  2 0  0 0  1 1  0
   262  -.3564214638701534E-06   4   1 0  0 1  0 0  1 1  0
   263  0.2373460747665572E-06   4   0 1  0 1  0 0  1 1  0
   264  0.1343022021709175E-04   4   0 0  1 1  0 0  1 1  0
   265  0.2498241215121019E-05   4   0 0  0 2  0 0  1 1  0
   266  0.5140885416689786E-11   4   2 0  0 0  0 0  0 2  0
   267  0.1043246960870315E-11   4   1 1  0 0  0 0  0 2  0
   268  -.4449549579901516E-09   4   0 2  0 0  0 0  0 2  0
   269  -.1837697477109767E-07   4   1 0  1 0  0 0  0 2  0
   270  0.4899980360332109E-08   4   0 1  1 0  0 0  0 2  0
   271  0.4011234183792968E-06   4   0 0  2 0  0 0  0 2  0
   272  -.5716173148835588E-08   4   1 0  0 1  0 0  0 2  0
   273  -.1286586609296516E-09   4   0 1  0 1  0 0  0 2  0
   274  0.1065432713785165E-06   4   0 0  1 1  0 0  0 2  0
   275  0.1970482888392977E-08   4   0 0  0 2  0 0  0 2  0
   276  -.7112824781806967E-06   4   1 0  0 0  0 3  0 0  0
   277  -.8139924975407437E-07   4   0 1  0 0  0 3  0 0  0
   278  0.5197580408733612E-02   4   0 0  1 0  0 3  0 0  0
   279  -.1057730389486987       4   0 0  0 1  0 3  0 0  0
   280  -.4271792257876705E-06   4   1 0  0 0  0 2  1 0  0
   281  -.8359841518980674E-07   4   0 1  0 0  0 2  1 0  0
   282  0.3109509171294864E-02   4   0 0  1 0  0 2  1 0  0
   283  -.6325759912706731E-01   4   0 0  0 1  0 2  1 0  0
   284  -.4285905003469636E-06   4   1 0  0 0  0 1  2 0  0
   285  -.8358603705764863E-07   4   0 1  0 0  0 1  2 0  0
   286  0.3119882107794270E-02   4   0 0  1 0  0 1  2 0  0
   287  -.6346880451433834E-01   4   0 0  0 1  0 1  2 0  0
   288  -.7070085107936340E-06   4   1 0  0 0  0 0  3 0  0
   289  -.8085236847515282E-07   4   0 1  0 0  0 0  3 0  0
   290  0.5166369116577510E-02   4   0 0  1 0  0 0  3 0  0
   291  -.1051379125466735       4   0 0  0 1  0 0  3 0  0
   292  0.8536499515123965E-06   4   1 0  0 0  0 2  0 1  0
   293  0.8219460180123508E-07   4   0 1  0 0  0 2  0 1  0
   294  -.6215487737532222E-02   4   0 0  1 0  0 2  0 1  0
   295  -.6233517544818021E-03   4   0 0  0 1  0 2  0 1  0
   296  0.5704826993436149E-06   4   1 0  0 0  0 1  1 1  0
   297  0.8215610947189942E-07   4   0 1  0 0  0 1  1 1  0
   298  -.4134292185747820E-02   4   0 0  1 0  0 1  1 1  0
   299  -.6273116008820720E-03   4   0 0  0 1  0 1  1 1  0
   300  0.8498465453241689E-06   4   1 0  0 0  0 0  2 1  0
   301  0.8178292428003830E-07   4   0 1  0 0  0 0  2 1  0
   302  -.6187827309587471E-02   4   0 0  1 0  0 0  2 1  0
   303  -.6202225530119413E-03   4   0 0  0 1  0 0  2 1  0
   304  0.4728915473137848E-10   4   1 0  0 0  0 1  0 2  0
   305  0.6640157695143506E-11   4   0 1  0 0  0 1  0 2  0
   306  -.2795194106503343E-04   4   0 0  1 0  0 1  0 2  0
   307  0.7969082287976727E-05   4   0 0  0 1  0 1  0 2  0
   308  0.4713122933338313E-10   4   1 0  0 0  0 0  1 2  0
   309  0.6617982429463706E-11   4   0 1  0 0  0 0  1 2  0
   310  -.2785859362658775E-04   4   0 0  1 0  0 0  1 2  0
   311  0.7942468987073009E-05   4   0 0  0 1  0 0  1 2  0
   312  -.1089138290145739E-10   4   1 0  0 0  0 0  0 3  0
   313  -.1054567858639339E-11   4   0 1  0 0  0 0  0 3  0
   314  0.7881886941960292E-07   4   0 0  1 0  0 0  0 3  0
   315  0.7787135544406717E-08   4   0 0  0 1  0 0  0 3  0
   316  0.1552178186524407E-04   4   0 0  0 0  0 4  0 0  0
   317  0.8828400403127872E-05   4   0 0  0 0  0 3  1 0  0
   318  0.7942308547863264E-05   4   0 0  0 0  0 2  2 0  0
   319  0.8875670137237447E-05   4   0 0  0 0  0 1  3 0  0
   320  0.1540352647287794E-04   4   0 0  0 0  0 0  4 0  0
   321  0.7164515810751373E-07   4   0 0  0 0  0 3  0 1  0
   322  0.8537273279965880E-07   4   0 0  0 0  0 2  1 1  0
   323  0.8530276796557981E-07   4   0 0  0 0  0 1  2 1  0
   324  0.7114418550776702E-07   4   0 0  0 0  0 0  3 1  0
   325  -.7796052584172685E-09   4   0 0  0 0  0 2  0 2  0
   326  -.1111246616501652E-08   4   0 0  0 0  0 1  1 2  0
   327  -.7751461703646625E-09   4   0 0  0 0  0 0  2 2  0
   328  -.6534455688993906E-12   4   0 0  0 0  0 1  0 3  0
   329  -.6512633422738486E-12   4   0 0  0 0  0 0  1 3  0
   -------------------------------------------------------
     I  COEFFICIENT            ORDER EXPONENTS
     1  0.7667165781554169E-05   0   0 0  0 0  0 0  0 0  0
     2  0.1337316662651101E-04   1   1 0  0 0  0 0  0 0  0
     3  0.2269684751055528E-05   1   0 1  0 0  0 0  0 0  0
     4  -.9742564551176724E-01   1   0 0  1 0  0 0  0 0  0
     5  0.9833233330611051       1   0 0  0 1  0 0  0 0  0
     6  0.2322588810101879E-07   1   0 0  0 0  0 1  0 0  0
     7  0.2314832364296655E-07   1   0 0  0 0  0 0  1 0  0
     8  0.7620791569689052E-05   1   0 0  0 0  0 0  0 1  0
     9  0.2932174790018837E-06   2   2 0  0 0  0 0  0 0  0
    10  -.1579280476840046E-04   2   1 1  0 0  0 0  0 0  0
    11  0.1066221764343036E-05   2   0 2  0 0  0 0  0 0  0
    12  -.8210967905535254E-06   2   1 0  1 0  0 0  0 0  0
    13  0.1909246192846961E-05   2   0 1  1 0  0 0  0 0  0
    14  0.1037923327282094E-05   2   0 0  2 0  0 0  0 0  0
    15  0.2227062405548523E-05   2   1 0  0 1  0 0  0 0  0
    16  0.6824182093546925E-06   2   0 1  0 1  0 0  0 0  0
    17  0.1697914010785885E-04   2   0 0  1 1  0 0  0 0  0
    18  -.9476207329484277E-06   2   0 0  0 2  0 0  0 0  0
    19  -.3193905311470474E-09   2   1 0  0 0  0 1  0 0  0
    20  -.1138642115939505E-05   2   0 1  0 0  0 1  0 0  0
    21  -.4025655248322235E-03   2   0 0  1 0  0 1  0 0  0
    22  0.8338403286268781E-02   2   0 0  0 1  0 1  0 0  0
    23  -.3183239044007024E-09   2   1 0  0 0  0 0  1 0  0
    24  -.1134839541921698E-05   2   0 1  0 0  0 0  1 0  0
    25  -.4012211294477815E-03   2   0 0  1 0  0 0  1 0  0
    26  0.8310556612373154E-02   2   0 0  0 1  0 0  1 0  0
    27  0.1337380434094656E-04   2   1 0  0 0  0 0  0 1  0
    28  0.2273481657965580E-05   2   0 1  0 0  0 0  0 1  0
    29  -.9662185885748723E-01   2   0 0  1 0  0 0  0 1  0
    30  -.1664895989864169E-01   2   0 0  0 1  0 0  0 1  0
    31  -.1699644640563762E-07   2   0 0  0 0  0 2  0 0  0
    32  -.1080841148187286E-07   2   0 0  0 0  0 1  1 0  0
    33  -.1692163787502493E-07   2   0 0  0 0  0 0  2 0  0
    34  0.4480142279217755E-07   2   0 0  0 0  0 1  0 1  0
    35  0.4465180534531612E-07   2   0 0  0 0  0 0  1 1  0
    36  -.4472667224010779E-07   2   0 0  0 0  0 0  0 2  0
    37  0.8590828784498294E-06   3   3 0  0 0  0 0  0 0  0
    38  0.4324056343825539E-06   3   2 1  0 0  0 0  0 0  0
    39  0.9937422063748285E-07   3   1 2  0 0  0 0  0 0  0
    40  0.1145623049591704E-05   3   0 3  0 0  0 0  0 0  0
    41  -.1920993380010851E-01   3   2 0  1 0  0 0  0 0  0
    42  -.1121128362206303E-01   3   1 1  1 0  0 0  0 0  0
    43  -.4903998927144483E-01   3   0 2  1 0  0 0  0 0  0
    44  -.2651325498055827E-05   3   1 0  2 0  0 0  0 0  0
    45  -.4367460463531829E-06   3   0 1  2 0  0 0  0 0  0
    46  -.6074835541695768E-02   3   0 0  3 0  0 0  0 0  0
    47  -.9220789085106683E-03   3   2 0  0 1  0 0  0 0  0
    48  -.3100505292752229E-02   3   1 1  0 1  0 0  0 0  0
    49  -.1694493577810214E-01   3   0 2  0 1  0 0  0 0  0
    50  -.9119399008423521E-06   3   1 0  1 1  0 0  0 0  0
    51  -.1357472804332410E-04   3   0 1  1 1  0 0  0 0  0
    52  -.5502686820994023E-02   3   0 0  2 1  0 0  0 0  0
    53  -.1034329805972429E-06   3   1 0  0 2  0 0  0 0  0
    54  -.1162823249552263E-05   3   0 1  0 2  0 0  0 0  0
    55  0.4758819395110901E-01   3   0 0  1 2  0 0  0 0  0
    56  -.1165685848907085E-03   3   0 0  0 3  0 0  0 0  0
    57  -.1554755434782740E-06   3   2 0  0 0  0 1  0 0  0
    58  0.7577173398582236E-05   3   1 1  0 0  0 1  0 0  0
    59  -.1073484420529198E-05   3   0 2  0 0  0 1  0 0  0
    60  0.4186463823596052E-06   3   1 0  1 0  0 1  0 0  0
    61  -.7978620269744032E-06   3   0 1  1 0  0 1  0 0  0
    62  -.4970533584223962E-06   3   0 0  2 0  0 1  0 0  0
    63  -.1112764867022018E-05   3   1 0  0 1  0 1  0 0  0
    64  -.6452779794827577E-06   3   0 1  0 1  0 1  0 0  0
    65  -.8755192164222101E-05   3   0 0  1 1  0 1  0 0  0
    66  0.8948279793207748E-06   3   0 0  0 2  0 1  0 0  0
    67  -.1549563221586411E-06   3   2 0  0 0  0 0  1 0  0
    68  0.7551868904491568E-05   3   1 1  0 0  0 0  1 0  0
    69  -.1069899445137041E-05   3   0 2  0 0  0 0  1 0  0
    70  0.4172482838403721E-06   3   1 0  1 0  0 0  1 0  0
    71  -.7951975116090140E-06   3   0 1  1 0  0 0  1 0  0
    72  -.4953934143892616E-06   3   0 0  2 0  0 0  1 0  0
    73  -.1109048711864873E-05   3   1 0  0 1  0 0  1 0  0
    74  -.6431230290863710E-06   3   0 1  0 1  0 0  1 0  0
    75  -.8725953595071383E-05   3   0 0  1 1  0 0  1 0  0
    76  0.8918396394579284E-06   3   0 0  0 2  0 0  1 0  0
    77  0.6036493446388292E-06   3   2 0  0 0  0 0  0 1  0
    78  -.1512904230307386E-04   3   1 1  0 0  0 0  0 1  0
    79  0.1077162101372715E-05   3   0 2  0 0  0 0  0 1  0
    80  -.1656991456753508E-05   3   1 0  1 0  0 0  0 1  0
    81  0.1593059538583448E-05   3   0 1  1 0  0 0  0 1  0
    82  0.2030370100093781E-05   3   0 0  2 0  0 0  0 1  0
    83  0.2221813578886879E-05   3   1 0  0 1  0 0  0 1  0
    84  0.6059827992144092E-06   3   0 1  0 1  0 0  0 1  0
    85  0.1748114575929343E-04   3   0 0  1 1  0 0  0 1  0
    86  -.8390468857804900E-06   3   0 0  0 2  0 0  0 1  0
    87  0.3244686605992192E-09   3   1 0  0 0  0 2  0 0  0
    88  0.8538174455544087E-06   3   0 1  0 0  0 2  0 0  0
    89  0.3011701691541540E-03   3   0 0  1 0  0 2  0 0  0
    90  -.6243370024531555E-02   3   0 0  0 1  0 2  0 0  0
    91  0.3354704698083763E-09   3   1 0  0 0  0 1  1 0  0
    92  0.5706158275778849E-06   3   0 1  0 0  0 1  1 0  0
    93  0.2004487275957190E-03   3   0 0  1 0  0 1  1 0  0
    94  -.4162236046715324E-02   3   0 0  0 1  0 1  1 0  0
    95  0.3228249145502272E-09   3   1 0  0 0  0 0  2 0  0
    96  0.8500132577129466E-06   3   0 1  0 0  0 0  2 0  0
    97  0.2998296843780221E-03   3   0 0  1 0  0 0  2 0  0
    98  -.6215569821535954E-02   3   0 0  0 1  0 0  2 0  0
    99  -.9453811238546119E-09   3   1 0  0 0  0 1  0 1  0
   100  -.1138861536566764E-05   3   0 1  0 0  0 1  0 1  0
   101  -.8027915652722177E-03   3   0 0  1 0  0 1  0 1  0
   102  0.8310571344360593E-02   3   0 0  0 1  0 1  0 1  0
   103  -.9422239582696857E-09   3   1 0  0 0  0 0  1 1  0
   104  -.1135058229778588E-05   3   0 1  0 0  0 0  1 1  0
   105  -.8001105873731272E-03   3   0 0  1 0  0 0  1 1  0
   106  0.8282817617157802E-02   3   0 0  0 1  0 0  1 1  0
   107  0.9166308548898284E-09   3   1 0  0 0  0 0  0 2  0
   108  -.4333196265383440E-10   3   0 1  0 0  0 0  0 2  0
   109  0.8014522608459451E-03   3   0 0  1 0  0 0  0 2  0
   110  0.2778618763941225E-04   3   0 0  0 1  0 0  0 2  0
   111  0.1408094968303360E-07   3   0 0  0 0  0 3  0 0  0
   112  0.8258440831478520E-08   3   0 0  0 0  0 2  1 0  0
   113  0.8287372275843283E-08   3   0 0  0 0  0 1  2 0  0
   114  0.1399666972441847E-07   3   0 0  0 0  0 0  3 0  0
   115  -.3350472859310214E-07   3   0 0  0 0  0 2  0 1  0
   116  -.2228298687791427E-07   3   0 0  0 0  0 1  1 1  0
   117  -.3335562944174458E-07   3   0 0  0 0  0 0  2 1  0
   118  0.2224545319139957E-07   3   0 0  0 0  0 1  0 2  0
   119  0.2217116296347412E-07   3   0 0  0 0  0 0  1 2  0
   120  0.1033520284066521E-09   3   0 0  0 0  0 0  0 3  0
   121  0.1073304086647454E-06   4   4 0  0 0  0 0  0 0  0
   122  0.1135638260220843E-05   4   3 1  0 0  0 0  0 0  0
   123  0.4745851879648171E-06   4   2 2  0 0  0 0  0 0  0
   124  -.3440516887500497E-06   4   1 3  0 0  0 0  0 0  0
   125  -.3186064037928023E-05   4   0 4  0 0  0 0  0 0  0
   126  0.3007917079434734E-10   4   3 0  1 0  0 0  0 0  0
   127  0.8708859361558492E-06   4   2 1  1 0  0 0  0 0  0
   128  0.1268228819408892E-06   4   1 2  1 0  0 0  0 0  0
   129  -.1116093188160881E-05   4   0 3  1 0  0 0  0 0  0
   130  -.6265691633179476E-08   4   2 0  2 0  0 0  0 0  0
   131  0.9380918148300303E-05   4   1 1  2 0  0 0  0 0  0
   132  0.3271291575816459E-06   4   0 2  2 0  0 0  0 0  0
   133  0.2666076559999857E-10   4   1 0  3 0  0 0  0 0  0
   134  0.5774078273985056E-09   4   0 1  3 0  0 0  0 0  0
   135  -.1010523865819846E-06   4   0 0  4 0  0 0  0 0  0
   136  0.4357042856368500E-06   4   3 0  0 1  0 0  0 0  0
   137  0.2960708008225176E-06   4   2 1  0 1  0 0  0 0  0
   138  0.2254167900810235E-05   4   1 2  0 1  0 0  0 0  0
   139  -.3850497722048678E-06   4   0 3  0 1  0 0  0 0  0
   140  0.6635818329491927E-05   4   2 0  1 1  0 0  0 0  0
   141  0.7584639006044756E-05   4   1 1  1 1  0 0  0 0  0
   142  0.4149059286536371E-04   4   0 2  1 1  0 0  0 0  0
   143  0.4148533856089312E-06   4   1 0  2 1  0 0  0 0  0
   144  0.4459309381635083E-09   4   0 1  2 1  0 0  0 0  0
   145  0.4040782715526299E-05   4   0 0  3 1  0 0  0 0  0
   146  -.1138675418619681E-05   4   2 0  0 2  0 0  0 0  0
   147  -.1655658594316621E-04   4   1 1  0 2  0 0  0 0  0
   148  -.2141731427685606E-05   4   0 2  0 2  0 0  0 0  0
   149  0.1227431057141028E-06   4   1 0  1 2  0 0  0 0  0
   150  -.1111477788977119E-05   4   0 1  1 2  0 0  0 0  0
   151  0.1913087490785965E-05   4   0 0  2 2  0 0  0 0  0
   152  -.1077817078269670E-07   4   1 0  0 3  0 0  0 0  0
   153  -.3850384225515500E-06   4   0 1  0 3  0 0  0 0  0
   154  0.8079690347639607E-05   4   0 0  1 3  0 0  0 0  0
   155  0.1002986194473952E-05   4   0 0  0 4  0 0  0 0  0
   156  -.4296324614234200E-06   4   3 0  0 0  0 1  0 0  0
   157  -.4302243542823719E-06   4   2 1  0 0  0 1  0 0  0
   158  -.1485584633392959E-06   4   1 2  0 0  0 1  0 0  0
   159  -.1725434687966020E-05   4   0 3  0 0  0 1  0 0  0
   160  0.9741405472181924E-02   4   2 0  1 0  0 1  0 0  0
   161  0.1120033895565540E-01   4   1 1  1 0  0 1  0 0  0
   162  0.4907820383102211E-01   4   0 2  1 0  0 1  0 0  0
   163  0.1360623120283261E-05   4   1 0  2 0  0 1  0 0  0
   164  0.4362159576433996E-06   4   0 1  2 0  0 1  0 0  0
   165  0.2920458056450910E-02   4   0 0  3 0  0 1  0 0  0
   166  0.9794942561731168E-03   4   2 0  0 1  0 1  0 0  0
   167  0.4668445522764206E-02   4   1 1  0 1  0 1  0 0  0
   168  0.2558049046747857E-01   4   0 2  0 1  0 1  0 0  0
   169  0.9298925442892489E-06   4   1 0  1 1  0 1  0 0  0
   170  0.1369846327161110E-04   4   0 1  1 1  0 1  0 0  0
   171  0.5445991217598612E-02   4   0 0  2 1  0 1  0 0  0
   172  0.1571128577769102E-06   4   1 0  0 2  0 1  0 0  0
   173  0.1759957267490774E-05   4   0 1  0 2  0 1  0 0  0
   174  -.4691479123080149E-01   4   0 0  1 2  0 1  0 0  0
   175  0.2331109186151453E-03   4   0 0  0 3  0 1  0 0  0
   176  -.4281976741341045E-06   4   3 0  0 0  0 0  1 0  0
   177  -.4287875903259912E-06   4   2 1  0 0  0 0  1 0  0
   178  -.1480623420867145E-06   4   1 2  0 0  0 0  1 0  0
   179  -.1719672479610903E-05   4   0 3  0 0  0 0  1 0  0
   180  0.9708873375549281E-02   4   2 0  1 0  0 0  1 0  0
   181  0.1116293464985364E-01   4   1 1  1 0  0 0  1 0  0
   182  0.4891430377839153E-01   4   0 2  1 0  0 0  1 0  0
   183  0.1356079225364191E-05   4   1 0  2 0  0 0  1 0  0
   184  0.4347591843136055E-06   4   0 1  2 0  0 0  1 0  0
   185  0.2910704984989577E-02   4   0 0  3 0  0 0  1 0  0
   186  0.9762231674289607E-03   4   2 0  0 1  0 0  1 0  0
   187  0.4652854926386722E-02   4   1 1  0 1  0 0  1 0  0
   188  0.2549506265214209E-01   4   0 2  0 1  0 0  1 0  0
   189  0.9267871038890242E-06   4   1 0  1 1  0 0  1 0  0
   190  0.1365271630705419E-04   4   0 1  1 1  0 0  1 0  0
   191  0.5427803953650103E-02   4   0 0  2 1  0 0  1 0  0
   192  0.1565881685330380E-06   4   1 0  0 2  0 0  1 0  0
   193  0.1754079768596132E-05   4   0 1  0 2  0 0  1 0  0
   194  -.4675811604402480E-01   4   0 0  1 2  0 0  1 0  0
   195  0.2323324285959488E-03   4   0 0  0 3  0 0  1 0  0
   196  0.1716913014007353E-05   4   3 0  0 0  0 0  0 1  0
   197  0.8590119446083424E-06   4   2 1  0 0  0 0  0 1  0
   198  0.1972465847604005E-06   4   1 2  0 0  0 0  0 1  0
   199  0.1153861068393441E-05   4   0 3  0 0  0 0  0 1  0
   200  -.3866021264783980E-01   4   2 0  1 0  0 0  0 1  0
   201  -.2236327360550899E-01   4   1 1  1 0  0 0  0 1  0
   202  -.4895251833796946E-01   4   0 2  1 0  0 0  0 1  0
   203  -.5368027843703277E-05   4   1 0  2 0  0 0  0 1  0
   204  -.8709751419569926E-06   4   0 1  2 0  0 0  0 1  0
   205  -.1190599858313627E-01   4   0 0  3 0  0 0  0 1  0
   206  -.1955717423602178E-02   4   2 0  0 1  0 0  0 1  0
   207  -.6220795156398237E-02   4   1 1  0 1  0 0  0 1  0
   208  -.1718568156341583E-01   4   0 2  0 1  0 0  0 1  0
   209  -.1856679648178256E-05   4   1 0  1 1  0 0  0 1  0
   210  -.1377645153534124E-04   4   0 1  1 1  0 0  0 1  0
   211  -.1087379517124887E-01   4   0 0  2 1  0 0  0 1  0
   212  -.2102680457127155E-06   4   1 0  0 2  0 0  0 1  0
   213  -.1188390536982230E-05   4   0 1  0 2  0 0  0 1  0
   214  0.4608471332371753E-01   4   0 0  1 2  0 0  0 1  0
   215  -.2323061774301471E-03   4   0 0  0 3  0 0  0 1  0
   216  -.4184309422353218E-06   4   2 0  0 0  0 2  0 0  0
   217  -.7052583055672733E-05   4   1 1  0 0  0 2  0 0  0
   218  -.6754245752013802E-05   4   0 2  0 0  0 2  0 0  0
   219  -.1590677635647803E-06   4   1 0  1 0  0 2  0 0  0
   220  -.1395768483304790E-05   4   0 1  1 0  0 2  0 0  0
   221  -.8622088119434775E-06   4   0 0  2 0  0 2  0 0  0
   222  0.7557756473516735E-06   4   1 0  0 1  0 2  0 0  0
   223  -.6782766319413653E-06   4   0 1  0 1  0 2  0 0  0
   224  0.2167811178970065E-04   4   0 0  1 1  0 2  0 0  0
   225  0.1287471956204964E-05   4   0 0  0 2  0 2  0 0  0
   226  -.3416542262924423E-06   4   2 0  0 0  0 1  1 0  0
   227  -.5198142814265471E-05   4   1 1  0 0  0 1  1 0  0
   228  -.7834890367468234E-05   4   0 2  0 0  0 1  1 0  0
   229  -.1904422599485331E-06   4   1 0  1 0  0 1  1 0  0
   230  -.1671741430692534E-05   4   0 1  1 0  0 1  1 0  0
   231  -.8708946598319169E-06   4   0 0  2 0  0 1  1 0  0
   232  0.4519816370872640E-06   4   1 0  0 1  0 1  1 0  0
   233  -.9685274446159619E-06   4   0 1  0 1  0 1  1 0  0
   234  0.1943937976960383E-04   4   0 0  1 1  0 1  1 0  0
   235  0.1241624065625044E-05   4   0 0  0 2  0 1  1 0  0
   236  -.4164630742460567E-06   4   2 0  0 0  0 0  2 0  0
   237  -.7020350688737088E-05   4   1 1  0 0  0 0  2 0  0
   238  -.6718606902800102E-05   4   0 2  0 0  0 0  2 0  0
   239  -.1582185482353493E-06   4   1 0  1 0  0 0  2 0  0
   240  -.1388315770011315E-05   4   0 1  1 0  0 0  2 0  0
   241  -.8578751995990986E-06   4   0 0  2 0  0 0  2 0  0
   242  0.7524969704059468E-06   4   1 0  0 1  0 0  2 0  0
   243  -.6743942481055045E-06   4   0 1  0 1  0 0  2 0  0
   244  0.2157325666165533E-04   4   0 0  1 1  0 0  2 0  0
   245  0.1281099109975559E-05   4   0 0  0 2  0 0  2 0  0
   246  0.1014410037451392E-05   4   2 0  0 0  0 1  0 1  0
   247  0.9601716994985849E-05   4   1 1  0 0  0 1  0 1  0
   248  0.5724904712473427E-05   4   0 2  0 0  0 1  0 1  0
   249  0.2542943405220109E-06   4   1 0  1 0  0 1  0 1  0
   250  0.1115957753412438E-05   4   0 1  1 0  0 1  0 1  0
   251  0.1682817830201334E-05   4   0 0  2 0  0 1  0 1  0
   252  -.1007908728526737E-05   4   1 0  0 1  0 1  0 1  0
   253  0.3915456732516546E-06   4   0 1  0 1  0 1  0 1  0
   254  -.2314298629643589E-04   4   0 0  1 1  0 1  0 1  0
   255  -.1266555289220427E-05   4   0 0  0 2  0 1  0 1  0
   256  0.1011022345043175E-05   4   2 0  0 0  0 0  1 1  0
   257  0.9569651397674254E-05   4   1 1  0 0  0 0  1 1  0
   258  0.5705785997638029E-05   4   0 2  0 0  0 0  1 1  0
   259  0.2534451070019993E-06   4   1 0  1 0  0 0  1 1  0
   260  0.1112230935390582E-05   4   0 1  1 0  0 0  1 1  0
   261  0.1677197943787250E-05   4   0 0  2 0  0 0  1 1  0
   262  -.1004542747688864E-05   4   1 0  0 1  0 0  1 1  0
   263  0.3902380794229549E-06   4   0 1  0 1  0 0  1 1  0
   264  -.2306569869469164E-04   4   0 0  1 1  0 0  1 1  0
   265  -.1262325540322575E-05   4   0 0  0 2  0 0  1 1  0
   266  -.8488841172448056E-06   4   2 0  0 0  0 0  0 2  0
   267  -.4197826090972212E-06   4   1 1  0 0  0 0  0 2  0
   268  -.2585429928168943E-07   4   0 2  0 0  0 0  0 2  0
   269  -.1087576926862460E-10   4   1 0  1 0  0 0  0 2  0
   270  -.1437716167795224E-11   4   0 1  1 0  0 0  0 2  0
   271  -.7690371238310804E-06   4   0 0  2 0  0 0  0 2  0
   272  -.1818562397163936E-07   4   1 0  0 1  0 0  0 2  0
   273  -.5267720032162377E-13   4   0 1  0 1  0 0  0 2  0
   274  -.5354124110316734E-06   4   0 0  1 1  0 0  0 2  0
   275  -.2547207219613791E-07   4   0 0  0 2  0 0  0 2  0
   276  -.3075409996887926E-09   4   1 0  0 0  0 3  0 0  0
   277  -.7112331368214478E-06   4   0 1  0 0  0 3  0 0  0
   278  -.2505584295447435E-03   4   0 0  1 0  0 3  0 0  0
   279  0.5197571532116765E-02   4   0 0  0 1  0 3  0 0  0
   280  -.2933076537784115E-09   4   1 0  0 0  0 2  1 0  0
   281  -.4267853824493663E-06   4   0 1  0 0  0 2  1 0  0
   282  -.1495044048889067E-03   4   0 0  1 0  0 2  1 0  0
   283  0.3109502365411878E-02   4   0 0  0 1  0 2  1 0  0
   284  -.2933738116307597E-09   4   1 0  0 0  0 1  2 0  0
   285  -.4281983835671215E-06   4   0 1  0 0  0 1  2 0  0
   286  -.1500064286223629E-03   4   0 0  1 0  0 1  2 0  0
   287  0.3119875291686579E-02   4   0 0  0 1  0 1  2 0  0
   288  -.3055123016483274E-09   4   1 0  0 0  0 0  3 0  0
   289  -.7069600720398624E-06   4   0 1  0 0  0 0  3 0  0
   290  -.2490544919756687E-03   4   0 0  1 0  0 0  3 0  0
   291  0.5166360295752839E-02   4   0 0  0 1  0 0  3 0  0
   292  0.9287896850308851E-09   4   1 0  0 0  0 2  0 1  0
   293  0.8535242137555481E-06   4   0 1  0 0  0 2  0 1  0
   294  0.6000069786869088E-03   4   0 0  1 0  0 2  0 1  0
   295  -.6215477604396404E-02   4   0 0  0 1  0 2  0 1  0
   296  0.9122985240313597E-09   4   1 0  0 0  0 1  1 1  0
   297  0.5700799969513759E-06   4   0 1  0 0  0 1  1 1  0
   298  0.3985678650662684E-03   4   0 0  1 0  0 1  1 1  0
   299  -.4134284599542546E-02   4   0 0  0 1  0 1  1 1  0
   300  0.9241645885899749E-09   4   1 0  0 0  0 0  2 1  0
   301  0.8497218999047333E-06   4   0 1  0 0  0 0  2 1  0
   302  0.5973376914638722E-03   4   0 0  1 0  0 0  2 1  0
   303  -.6187817222959302E-02   4   0 0  0 1  0 0  2 1  0
   304  -.9377042056974313E-09   4   1 0  0 0  0 1  0 2  0
   305  0.5988339951992221E-10   4   0 1  0 0  0 1  0 2  0
   306  -.3978939000168549E-03   4   0 0  1 0  0 1  0 2  0
   307  -.2795109421376225E-04   4   0 0  0 1  0 1  0 2  0
   308  -.9345726777132124E-09   4   1 0  0 0  0 0  1 2  0
   309  0.5968341477066971E-10   4   0 1  0 0  0 0  1 2  0
   310  -.3965651058462616E-03   4   0 0  1 0  0 0  1 2  0
   311  -.2785774960343206E-04   4   0 0  0 1  0 0  1 2  0
   312  0.3185486756204132E-09   4   1 0  0 0  0 0  0 3  0
   313  -.1096762966743647E-10   4   0 1  0 0  0 0  0 3  0
   314  -.2331084994272915E-05   4   0 0  1 0  0 0  0 3  0
   315  0.7882284614950243E-07   4   0 0  0 1  0 0  0 3  0
   316  -.7627044860325303E-06   4   0 0  0 0  0 4  0 0  0
   317  -.4339160427932808E-06   4   0 0  0 0  0 3  1 0  0
   318  -.3904320316965447E-06   4   0 0  0 0  0 2  2 0  0
   319  -.4362378519661889E-06   4   0 0  0 0  0 1  3 0  0
   320  -.7568935086829803E-06   4   0 0  0 0  0 0  4 0  0
   321  0.8690912032022709E-06   4   0 0  0 0  0 3  0 1  0
   322  0.5180678768006169E-06   4   0 0  0 0  0 2  1 1  0
   323  0.5198117376787164E-06   4   0 0  0 0  0 1  2 1  0
   324  0.8638754614071004E-06   4   0 0  0 0  0 0  3 1  0
   325  0.2925543877656018E-08   4   0 0  0 0  0 2  0 2  0
   326  0.3515397080186643E-08   4   0 0  0 0  0 1  1 2  0
   327  0.2909903866025630E-08   4   0 0  0 0  0 0  2 2  0
   328  -.6614493556514383E-11   4   0 0  0 0  0 1  0 3  0
   329  -.6592403998270348E-11   4   0 0  0 0  0 0  1 3  0
   -------------------------------------------------------
     I  COEFFICIENT            ORDER EXPONENTS
     1  0.6311628119710212E-08   0   0 0  0 0  0 0  0 0  0
     2  -.5527111656808869E-08   1   1 0  0 0  0 0  0 0  0
     3  -.2263568693551528E-06   1   0 1  0 0  0 0  0 0  0
     4  0.2279041883755358E-07   1   0 0  1 0  0 0  0 0  0
     5  -.4684522370750176E-06   1   0 0  0 1  0 0  0 0  0
     6   1.000000000000000       1   0 0  0 0  1 0  0 0  0
     7  0.8474081293429710E-01   1   0 0  0 0  0 1  0 0  0
     8  -.8474081293273784E-01   1   0 0  0 0  0 0  1 0  0
     9  -.1559377771330128E-11   1   0 0  0 0  0 0  0 1  0
    10  -.2086234200804194E-03   2   2 0  0 0  0 0  0 0  0
    11  -.8395295038904387E-02   2   1 1  0 0  0 0  0 0  0
    12  -.8546502208683530E-01   2   0 2  0 0  0 0  0 0  0
    13  -.2049027851042117E-10   2   1 0  1 0  0 0  0 0  0
    14  -.1139172453494851E-05   2   0 1  1 0  0 0  0 0  0
    15  -.2082618592005198E-03   2   0 0  2 0  0 0  0 0  0
    16  -.1139176543200760E-05   2   1 0  0 1  0 0  0 0  0
    17  -.8213101724728787E-07   2   0 1  0 1  0 0  0 0  0
    18  0.8336030501615849E-02   2   0 0  1 1  0 0  0 0  0
    19  -.8486172465685796E-01   2   0 0  0 2  0 0  0 0  0
    20  0.1406499820020278E-07   2   1 0  0 0  0 1  0 0  0
    21  0.3407813920837860E-06   2   0 1  0 0  0 1  0 0  0
    22  -.3496045507286844E-07   2   0 0  1 0  0 1  0 0  0
    23  0.7018017355427675E-06   2   0 0  0 1  0 1  0 0  0
    24  0.8527729013294938E-08   2   1 0  0 0  0 0  1 0  0
    25  0.1147956463056707E-06   2   0 1  0 0  0 0  1 0  0
    26  -.1220511631667851E-07   2   0 0  1 0  0 0  1 0  0
    27  0.2341283261371928E-06   2   0 0  0 1  0 0  1 0  0
    28  -.2259263673335208E-07   2   1 0  0 0  0 0  0 1  0
    29  -.2292195300968881E-06   2   0 1  0 0  0 0  0 1  0
    30  0.4716522190755673E-07   2   0 0  1 0  0 0  0 1  0
    31  -.4674733174784053E-06   2   0 0  0 1  0 0  0 1  0
    32  -.6366191137710955E-01   2   0 0  0 0  0 2  0 0  0
    33  0.4258300981757632E-01   2   0 0  0 0  0 1  1 0  0
    34  0.2107890155718628E-01   2   0 0  0 0  0 0  2 0  0
    35  0.2345238300344086E-11   2   0 0  0 0  0 1  0 1  0
    36  0.7884263519863769E-12   2   0 0  0 0  0 0  1 1  0
    37  -.7871540982992370E-12   2   0 0  0 0  0 0  0 2  0
    38  -.1112842962329692E-06   3   3 0  0 0  0 0  0 0  0
    39  -.7485329404414626E-06   3   2 1  0 0  0 0  0 0  0
    40  -.1310983929770465E-05   3   1 2  0 0  0 0  0 0  0
    41  -.4381957246605899E-06   3   0 3  0 0  0 0  0 0  0
    42  0.5481391411454513E-06   3   2 0  1 0  0 0  0 0  0
    43  -.7808909279876522E-05   3   1 1  1 0  0 0  0 0  0
    44  0.3934816294580379E-05   3   0 2  1 0  0 0  0 0  0
    45  -.2573702570900161E-06   3   1 0  2 0  0 0  0 0  0
    46  0.4953494126089862E-06   3   0 1  2 0  0 0  0 0  0
    47  0.2704421358955409E-07   3   0 0  3 0  0 0  0 0  0
    48  -.3962721579588662E-05   3   2 0  0 1  0 0  0 0  0
    49  0.6763277896115380E-07   3   1 1  0 1  0 0  0 0  0
    50  -.5642165511424998E-06   3   0 2  0 1  0 0  0 0  0
    51  0.1004181700328465E-05   3   1 0  1 1  0 0  0 0  0
    52  -.1709174957321493E-07   3   0 1  1 1  0 0  0 0  0
    53  0.4622139736961423E-05   3   0 0  2 1  0 0  0 0  0
    54  0.1170648794297348E-05   3   1 0  0 2  0 0  0 0  0
    55  -.2150921918614499E-06   3   0 1  0 2  0 0  0 0  0
    56  -.3515754359262999E-05   3   0 0  1 2  0 0  0 0  0
    57  -.1115222964363893E-05   3   0 0  0 3  0 0  0 0  0
    58  0.3128407479224568E-03   3   2 0  0 0  0 1  0 0  0
    59  0.1260033310755626E-01   3   1 1  0 0  0 1  0 0  0
    60  0.1282737246531529       3   0 2  0 0  0 1  0 0  0
    61  0.1230037921021486E-09   3   1 0  1 0  0 1  0 0  0
    62  0.1707690957835087E-05   3   0 1  1 0  0 1  0 0  0
    63  0.3121176136627582E-03   3   0 0  2 0  0 1  0 0  0
    64  0.1706695259977697E-05   3   1 0  0 1  0 1  0 0  0
    65  0.1596421917490106E-06   3   0 1  0 1  0 1  0 0  0
    66  -.1248180651332806E-01   3   0 0  1 1  0 1  0 0  0
    67  0.1270671884529029       3   0 0  0 2  0 1  0 0  0
    68  0.1045630439769302E-03   3   2 0  0 0  0 0  1 0  0
    69  0.4218938306466274E-02   3   1 1  0 0  0 0  1 0  0
    70  0.4295020687218770E-01   3   0 2  0 0  0 0  1 0  0
    71  0.6131276301868243E-10   3   1 0  1 0  0 0  1 0  0
    72  0.5704525747551013E-06   3   0 1  1 0  0 0  1 0  0
    73  0.1042015665735111E-03   3   0 0  2 0  0 0  1 0  0
    74  0.5699244808091459E-06   3   1 0  0 1  0 0  1 0  0
    75  0.7935648619140598E-07   3   0 1  0 1  0 0  1 0  0
    76  -.4159678765975366E-02   3   0 0  1 1  0 0  1 0  0
    77  0.4234698087177496E-01   3   0 0  0 2  0 0  1 0  0
    78  -.4174024789619533E-03   3   2 0  0 0  0 0  0 1  0
    79  -.8423977064533794E-02   3   1 1  0 0  0 0  0 1  0
    80  -.2939023748499864E-03   3   0 2  0 0  0 0  0 1  0
    81  -.1726691636150748E-09   3   1 0  1 0  0 0  0 1  0
    82  -.1138998410458334E-05   3   0 1  1 0  0 0  0 1  0
    83  -.4163180151839563E-03   3   0 0  2 0  0 0  0 1  0
    84  -.1138540986308816E-05   3   1 0  0 1  0 0  0 1  0
    85  -.8221007756637527E-07   3   0 1  0 1  0 0  0 1  0
    86  0.8305460351035706E-02   3   0 0  1 1  0 0  0 1  0
    87  0.3092392214383334E-03   3   0 0  0 2  0 0  0 1  0
    88  -.1902903776337520E-07   3   1 0  0 0  0 2  0 0  0
    89  -.4268699878990635E-06   3   0 1  0 0  0 2  0 0  0
    90  0.4390859750742554E-07   3   0 0  1 0  0 2  0 0  0
    91  -.8767158953588863E-06   3   0 0  0 1  0 2  0 0  0
    92  -.9951972554994353E-08   3   1 0  0 0  0 1  1 0  0
    93  -.1723694113028572E-06   3   0 1  0 0  0 1  1 0  0
    94  0.1791838841712018E-07   3   0 0  1 0  0 1  1 0  0
    95  -.3502272110397593E-06   3   0 0  0 1  0 1  1 0  0
    96  -.4982727540190802E-08   3   1 0  0 0  0 0  2 0  0
    97  -.8646337475580596E-07   3   0 1  0 0  0 0  2 0  0
    98  0.8987386469128374E-08   3   0 0  1 0  0 0  2 0  0
    99  -.1756954379536132E-06   3   0 0  0 1  0 0  2 0  0
   100  0.3394525070716729E-07   3   1 0  0 0  0 1  0 1  0
   101  0.3445485489793248E-06   3   0 1  0 0  0 1  0 1  0
   102  -.7077606697197139E-07   3   0 0  1 0  0 1  0 1  0
   103  0.7000693810302462E-06   3   0 0  0 1  0 1  0 1  0
   104  0.1138989883703693E-07   3   1 0  0 0  0 0  1 1  0
   105  0.1157068076919891E-06   3   0 1  0 0  0 0  1 1  0
   106  -.2368898051272817E-07   3   0 0  1 0  0 0  1 1  0
   107  0.2333752387697296E-06   3   0 0  0 1  0 0  1 1  0
   108  -.1137130289490732E-07   3   1 0  0 0  0 0  0 2  0
   109  -.9081433769142664E-09   3   0 1  0 0  0 0  0 2  0
   110  0.2365008616402914E-07   3   0 0  1 0  0 0  0 2  0
   111  0.7511381623970288E-09   3   0 0  0 1  0 0  0 2  0
   112  0.5306945279958691E-01   3   0 0  0 0  0 3  0 0  0
   113  -.3188455320633436E-01   3   0 0  0 0  0 2  1 0  0
   114  -.1069846010919477E-01   3   0 0  0 0  0 1  2 0  0
   115  -.1048644883827820E-01   3   0 0  0 0  0 0  3 0  0
   116  -.1661165708199872E-09   3   0 0  0 0  0 2  0 1  0
   117  -.7318269417153321E-10   3   0 0  0 0  0 1  1 1  0
   118  -.3668450063616757E-10   3   0 0  0 0  0 0  2 1  0
   119  -.6304212716108275E-13   3   0 0  0 0  0 1  0 2  0
   120  -.3120768199736392E-13   3   0 0  0 0  0 0  1 2  0
   121  0.4401918886101027E-15   3   0 0  0 0  0 0  0 3  0
   122  -.8657650858644374E-03   4   4 0  0 0  0 0  0 0  0
   123  -.2573073240419396E-02   4   3 1  0 0  0 0  0 0  0
   124  -.2712411933239305E-01   4   2 2  0 0  0 0  0 0  0
   125  -.1728602591749167E-01   4   1 3  0 0  0 0  0 0  0
   126  -.6562261371617044E-01   4   0 4  0 0  0 0  0 0  0
   127  0.4111717974910567E-06   4   3 0  1 0  0 0  0 0  0
   128  -.3416655036593684E-07   4   2 1  1 0  0 0  0 0  0
   129  -.2344428814743031E-06   4   1 2  1 0  0 0  0 0  0
   130  -.1732193901407921E-05   4   0 3  1 0  0 0  0 0  0
   131  -.4751911942372269E-02   4   2 0  2 0  0 0  0 0  0
   132  -.2385977792387866E-02   4   1 1  2 0  0 0  0 0  0
   133  -.2501282318575674E-01   4   0 2  2 0  0 0  0 0  0
   134  -.4493858077235401E-06   4   1 0  3 0  0 0  0 0  0
   135  -.8069693979252192E-08   4   0 1  3 0  0 0  0 0  0
   136  -.7255683086823058E-03   4   0 0  4 0  0 0  0 0  0
   137  -.8681998825557634E-08   4   3 0  0 1  0 0  0 0  0
   138  -.6928175771783557E-05   4   2 1  0 1  0 0  0 0  0
   139  -.2917438466030465E-05   4   1 2  0 1  0 0  0 0  0
   140  -.4692110996520385E-06   4   0 3  0 1  0 0  0 0  0
   141  -.2445444769090783E-02   4   2 0  1 1  0 0  0 0  0
   142  -.7758002672687774E-03   4   1 1  1 1  0 0  0 0  0
   143  0.8161698837566725E-02   4   0 2  1 1  0 0  0 0  0
   144  -.3251468425577193E-07   4   1 0  2 1  0 0  0 0  0
   145  -.6480446136921249E-05   4   0 1  2 1  0 0  0 0  0
   146  -.2265840078507938E-02   4   0 0  3 1  0 0  0 0  0
   147  0.2415973639108170E-01   4   2 0  0 2  0 0  0 0  0
   148  -.8575615986233161E-02   4   1 1  0 2  0 0  0 0  0
   149  -.1277783734115668       4   0 2  0 2  0 0  0 0  0
   150  0.2141920939462571E-06   4   1 0  1 2  0 0  0 0  0
   151  -.2780215263418823E-05   4   0 1  1 2  0 0  0 0  0
   152  0.2219676001393179E-01   4   0 0  2 2  0 0  0 0  0
   153  -.1685554323325774E-05   4   1 0  0 3  0 0  0 0  0
   154  -.4644781057768575E-06   4   0 1  0 3  0 0  0 0  0
   155  0.1619230654305004E-01   4   0 0  1 3  0 0  0 0  0
   156  -.6217382422950253E-01   4   0 0  0 4  0 0  0 0  0
   157  0.1395439508729011E-06   4   3 0  0 0  0 1  0 0  0
   158  0.3308141829781909E-05   4   2 1  0 0  0 1  0 0  0
   159  0.2540403174310469E-05   4   1 2  0 0  0 1  0 0  0
   160  0.1486087431053888E-04   4   0 3  0 0  0 1  0 0  0
   161  0.7102908930580195E-06   4   2 0  1 0  0 1  0 0  0
   162  0.1229109863455970E-04   4   1 1  1 0  0 1  0 0  0
   163  -.6286043579438873E-05   4   0 2  1 0  0 1  0 0  0
   164  0.9521416557633326E-07   4   1 0  2 0  0 1  0 0  0
   165  0.1436624475553682E-05   4   0 1  2 0  0 1  0 0  0
   166  0.9267057309400631E-06   4   0 0  3 0  0 1  0 0  0
   167  -.1001155801072027E-04   4   2 0  0 1  0 1  0 0  0
   168  0.7149395776929656E-05   4   1 1  0 1  0 1  0 0  0
   169  0.1074795597754942E-03   4   0 2  0 1  0 1  0 0  0
   170  -.1680163995564014E-05   4   1 0  1 1  0 1  0 0  0
   171  -.9291728416364569E-06   4   0 1  1 1  0 1  0 0  0
   172  -.2097887806143659E-04   4   0 0  2 1  0 1  0 0  0
   173  0.8551815068009547E-06   4   1 0  0 2  0 1  0 0  0
   174  0.1444103666023514E-04   4   0 1  0 2  0 1  0 0  0
   175  -.1768010235634460E-04   4   0 0  1 2  0 1  0 0  0
   176  0.1044045232525154E-03   4   0 0  0 3  0 1  0 0  0
   177  0.6689359294036864E-07   4   3 0  0 0  0 0  1 0  0
   178  0.1544474325681391E-05   4   2 1  0 0  0 0  1 0  0
   179  0.1569408632351508E-05   4   1 2  0 0  0 0  1 0  0
   180  0.8940639873576402E-05   4   0 3  0 0  0 0  1 0  0
   181  0.3733572171934242E-06   4   2 0  1 0  0 0  1 0  0
   182  0.4127085355562211E-05   4   1 1  1 0  0 0  1 0  0
   183  -.3482703771035360E-05   4   0 2  1 0  0 0  1 0  0
   184  0.4975936361850451E-07   4   1 0  2 0  0 0  1 0  0
   185  0.8616859795867322E-06   4   0 1  2 0  0 0  1 0  0
   186  0.4292329160531275E-06   4   0 0  3 0  0 0  1 0  0
   187  -.5994008093702192E-05   4   2 0  0 1  0 0  1 0  0
   188  0.4299869849616929E-05   4   1 1  0 1  0 0  1 0  0
   189  0.6443213590293858E-04   4   0 2  0 1  0 0  1 0  0
   190  -.5584357009662028E-06   4   1 0  1 1  0 0  1 0  0
   191  -.5551394123329925E-06   4   0 1  1 1  0 0  1 0  0
   192  -.9266631595645146E-05   4   0 0  2 1  0 0  1 0  0
   193  0.4769730600002835E-06   4   1 0  0 2  0 0  1 0  0
   194  0.8657590803642493E-05   4   0 1  0 2  0 0  1 0  0
   195  -.1082377585804213E-04   4   0 0  1 2  0 0  1 0  0
   196  0.6236084046037498E-04   4   0 0  0 3  0 0  1 0  0
   197  -.1480549107044959E-06   4   3 0  0 0  0 0  0 1  0
   198  -.1856217137124997E-05   4   2 1  0 0  0 0  0 1  0
   199  -.9947568132305648E-06   4   1 2  0 0  0 0  0 1  0
   200  -.1156753199484777E-06   4   0 3  0 0  0 0  0 1  0
   201  -.6739091450661052E-06   4   2 0  1 0  0 0  0 1  0
   202  -.8110692540536427E-05   4   1 1  1 0  0 0  0 1  0
   203  0.2799310180623147E-05   4   0 2  1 0  0 0  0 1  0
   204  -.9083195843375990E-07   4   1 0  2 0  0 0  0 1  0
   205  -.5882107816973671E-06   4   0 1  2 0  0 0  0 1  0
   206  -.9762933289103080E-06   4   0 0  3 0  0 0  0 1  0
   207  0.3898857719202394E-05   4   2 0  0 1  0 0  0 1  0
   208  -.2886179851221946E-05   4   1 1  0 1  0 0  0 1  0
   209  -.1675792493476627E-06   4   0 2  0 1  0 0  0 1  0
   210  0.1132520722481701E-05   4   1 0  1 1  0 0  0 1  0
   211  0.3680365576543779E-06   4   0 1  1 1  0 0  0 1  0
   212  0.1108711306640171E-04   4   0 0  2 1  0 0  0 1  0
   213  -.3809882460235550E-06   4   1 0  0 2  0 0  0 1  0
   214  0.2116023700360902E-07   4   0 1  0 2  0 0  0 1  0
   215  0.6678976413304070E-05   4   0 0  1 2  0 0  0 1  0
   216  0.8286639667348515E-06   4   0 0  0 3  0 0  0 1  0
   217  -.3910795562039104E-03   4   2 0  0 0  0 2  0 0  0
   218  -.1576287315326050E-01   4   1 1  0 0  0 2  0 0  0
   219  -.1604701707394968       4   0 2  0 0  0 2  0 0  0
   220  -.1706256037232594E-09   4   1 0  1 0  0 2  0 0  0
   221  -.2134207609772968E-05   4   0 1  1 0  0 2  0 0  0
   222  -.3899953891871833E-03   4   0 0  2 0  0 2  0 0  0
   223  -.2133714475256186E-05   4   1 0  0 1  0 2  0 0  0
   224  -.2454710223007846E-06   4   0 1  0 1  0 2  0 0  0
   225  0.1558509885664474E-01   4   0 0  1 1  0 2  0 0  0
   226  -.1586605039132110       4   0 0  0 2  0 2  0 0  0
   227  -.1566547784096678E-03   4   2 0  0 0  0 1  1 0  0
   228  -.6332135706569586E-02   4   1 1  0 0  0 1  1 0  0
   229  -.6446471073576067E-01   4   0 2  0 0  0 1  1 0  0
   230  -.1026362861318191E-09   4   1 0  1 0  0 1  1 0  0
   231  -.8540388849109084E-06   4   0 1  1 0  0 1  1 0  0
   232  -.1559325499284769E-03   4   0 0  2 0  0 1  1 0  0
   233  -.8543753335443016E-06   4   1 0  0 1  0 1  1 0  0
   234  -.1677969223388082E-06   4   0 1  0 1  0 1  1 0  0
   235  0.6213636966951907E-02   4   0 0  1 1  0 1  1 0  0
   236  -.6325843558369459E-01   4   0 0  0 2  0 1  1 0  0
   237  -.7858584130084535E-04   4   2 0  0 0  0 0  2 0  0
   238  -.3176440474870445E-02   4   1 1  0 0  0 0  2 0  0
   239  -.3233794779811784E-01   4   0 2  0 0  0 0  2 0  0
   240  -.5348537843737331E-10   4   1 0  1 0  0 0  2 0  0
   241  -.4284169913044635E-06   4   0 1  1 0  0 0  2 0  0
   242  -.7822473814508710E-04   4   0 0  2 0  0 0  2 0  0
   243  -.4286164074078789E-06   4   1 0  0 1  0 0  2 0  0
   244  -.8391126507544505E-07   4   0 1  0 1  0 0  2 0  0
   245  0.3117192184039275E-02   4   0 0  1 1  0 0  2 0  0
   246  -.3173481996053709E-01   4   0 0  0 2  0 0  2 0  0
   247  0.6259758411746623E-03   4   2 0  0 0  0 1  0 1  0
   248  0.1265721507912864E-01   4   1 1  0 0  0 1  0 1  0
   249  0.5838487234471223E-03   4   0 2  0 0  0 1  0 1  0
   250  0.3296575314031233E-09   4   1 0  1 0  0 1  0 1  0
   251  0.1707318748705763E-05   4   0 1  1 0  0 1  0 1  0
   252  0.6238081312579801E-03   4   0 0  2 0  0 1  0 1  0
   253  0.1707009132822772E-05   4   1 0  0 1  0 1  0 1  0
   254  0.1643913394201526E-06   4   0 1  0 1  0 1  0 1  0
   255  -.1242021192115046E-01   4   0 0  1 1  0 1  0 1  0
   256  -.6222051369920900E-03   4   0 0  0 2  0 1  0 1  0
   257  0.2092661063029218E-03   4   2 0  0 0  0 0  1 1  0
   258  0.4247139326928636E-02   4   1 1  0 0  0 0  1 1  0
   259  0.2899562822085607E-03   4   0 2  0 0  0 0  1 1  0
   260  0.1570388091603196E-09   4   1 0  1 0  0 0  1 1  0
   261  0.5702134541668324E-06   4   0 1  1 0  0 0  1 1  0
   262  0.2081828681925515E-03   4   0 0  2 0  0 0  1 1  0
   263  0.5703592463194132E-06   4   1 0  0 1  0 0  1 1  0
   264  0.8218044121968522E-07   4   0 1  0 1  0 0  1 1  0
   265  -.4128654103147144E-02   4   0 0  1 1  0 0  1 1  0
   266  -.3129500211421923E-03   4   0 0  0 2  0 0  1 1  0
   267  -.2089204252712407E-03   4   2 0  0 0  0 0  0 2  0
   268  -.2820016500826834E-04   4   1 1  0 0  0 0  0 2  0
   269  0.3950864793564597E-05   4   0 2  0 0  0 0  0 2  0
   270  -.1599824498422808E-09   4   1 0  1 0  0 0  0 2  0
   271  0.1955640412814068E-09   4   0 1  1 0  0 0  0 2  0
   272  -.2078370743425761E-03   4   0 0  2 0  0 0  0 2  0
   273  0.1856211520140338E-09   4   1 0  0 1  0 0  0 2  0
   274  0.3058120861132722E-10   4   0 1  0 1  0 0  0 2  0
   275  -.3102905645693269E-04   4   0 0  1 1  0 0  0 2  0
   276  0.3718251195932197E-05   4   0 0  0 2  0 0  0 2  0
   277  0.4153527218564246E-06   4   1 0  0 0  0 3  0 0  0
   278  0.8485331549529013E-05   4   0 1  0 0  0 3  0 0  0
   279  -.3049585442342846E-05   4   0 0  1 0  0 3  0 0  0
   280  0.6208757385668456E-04   4   0 0  0 1  0 3  0 0  0
   281  0.1807859657327230E-06   4   1 0  0 0  0 2  1 0  0
   282  0.3655894899120464E-05   4   0 1  0 0  0 2  1 0  0
   283  -.1301127735772580E-05   4   0 0  1 0  0 2  1 0  0
   284  0.2648546441690436E-04   4   0 0  0 1  0 2  1 0  0
   285  0.1084135831596312E-06   4   1 0  0 0  0 1  2 0  0
   286  0.2198130007109995E-05   4   0 1  0 0  0 1  2 0  0
   287  -.7803153843174119E-06   4   0 0  1 0  0 1  2 0  0
   288  0.1588481768892765E-04   4   0 0  0 1  0 1  2 0  0
   289  0.6057060946554873E-07   4   1 0  0 0  0 0  3 0  0
   290  0.1225006087244634E-05   4   0 1  0 0  0 0  3 0  0
   291  -.4360306112866003E-06   4   0 0  1 0  0 0  3 0  0
   292  0.8875757987558081E-05   4   0 0  0 1  0 0  3 0  0
   293  -.3585748586022534E-06   4   1 0  0 0  0 2  0 1  0
   294  -.2741394414569779E-07   4   0 1  0 0  0 2  0 1  0
   295  0.2606281262660986E-05   4   0 0  1 0  0 2  0 1  0
   296  0.2147256019795402E-06   4   0 0  0 1  0 2  0 1  0
   297  -.1445984462895702E-06   4   1 0  0 0  0 1  1 1  0
   298  -.2140202561045196E-07   4   0 1  0 0  0 1  1 1  0
   299  0.1034978099343781E-05   4   0 0  1 0  0 1  1 1  0
   300  0.1704723264335413E-06   4   0 0  0 1  0 1  1 1  0
   301  -.7253379398300540E-07   4   1 0  0 0  0 0  2 1  0
   302  -.1069303015803170E-07   4   0 1  0 0  0 0  2 1  0
   303  0.5192341586286459E-06   4   0 0  1 0  0 0  2 1  0
   304  0.8516653323681503E-07   4   0 0  0 1  0 0  2 1  0
   305  0.7840250325261334E-09   4   1 0  0 0  0 1  0 2  0
   306  -.2116407226917441E-09   4   0 1  0 0  0 1  0 2  0
   307  0.6109550755961239E-08   4   0 0  1 0  0 1  0 2  0
   308  -.1514523854303123E-08   4   0 0  0 1  0 1  0 2  0
   309  0.4733232165463727E-09   4   1 0  0 0  0 0  1 2  0
   310  -.1504826977615599E-09   4   0 1  0 0  0 0  1 2  0
   311  0.3772886118342691E-08   4   0 0  1 0  0 0  1 2  0
   312  -.1066706550733032E-08   4   0 0  0 1  0 0  1 2  0
   313  0.9214567814248574E-12   4   1 0  0 0  0 0  0 3  0
   314  0.8744271562918545E-13   4   0 1  0 0  0 0  0 3  0
   315  -.6613935358623780E-11   4   0 0  1 0  0 0  0 3  0
   316  -.6534393101042064E-12   4   0 0  0 1  0 0  0 3  0
   317  -.4644245755458345E-01   4   0 0  0 0  0 4  0 0  0
   318  0.2656144779465912E-01   4   0 0  0 0  0 3  1 0  0
   319  0.7984643825279091E-02   4   0 0  0 0  0 2  2 0  0
   320  0.5375359460068790E-02   4   0 0  0 0  0 1  3 0  0
   321  0.6520994385609039E-02   4   0 0  0 0  0 0  4 0  0
   322  0.7001811547123765E-10   4   0 0  0 0  0 3  0 1  0
   323  -.6789044175789067E-10   4   0 0  0 0  0 2  1 1  0
   324  -.3137514600973956E-10   4   0 0  0 0  0 1  2 1  0
   325  -.2241022857115542E-10   4   0 0  0 0  0 0  3 1  0
   326  0.1250715011552895E-12   4   0 0  0 0  0 2  0 2  0
   327  0.1329066159172793E-12   4   0 0  0 0  0 1  1 2  0
   328  0.7630806999244004E-13   4   0 0  0 0  0 0  2 2  0
   329  -.1641547883938428E-15   4   0 0  0 0  0 1  0 3  0
   330  0.2736501133596461E-15   4   0 0  0 0  0 0  1 3  0
   -------------------------------------------------------
     I  COEFFICIENT            ORDER EXPONENTS
     1   1.000000000000000       1   0 0  0 0  0 1  0 0  0
     -----------------------------------------------------
     I  COEFFICIENT            ORDER EXPONENTS
     1   1.000000000000000       1   0 0  0 0  0 0  1 0  0
     -----------------------------------------------------
     I  COEFFICIENT            ORDER EXPONENTS
     1   1.000000000000000       1   0 0  0 0  0 0  0 1  0
     -----------------------------------------------------
