     I  COEFFICIENT            ORDER EXPONENTS
     1  0.9964386533849132       1   1 0  0 0  0 0  0 0  0
     2  0.4785823414400284       1   0 1  0 0  0 0  0 0  0
     3  0.4770313026081209E-01   1   0 0  0 0  0 1  0 0  0
     4  0.4754382236137654E-01   1   0 0  0 0  0 0  1 0  0
     5  -.9524695262218874E-01   1   0 0  0 0  0 0  0 1  0
     6  0.3914326949014027       2   2 0  0 0  0 0  0 0  0
     7  0.3860029280567465       2   1 1  0 0  0 0  0 0  0
     8  0.4725152865324334E-01   2   0 2  0 0  0 0  0 0  0
     9  -.3418513710486442       2   0 0  2 0  0 0  0 0  0
    10  -.3686228235413454       2   0 0  1 1  0 0  0 0  0
    11  -.1467950932850355       2   0 0  0 2  0 0  0 0  0
    12  0.4108716289286035E-01   2   1 0  0 0  0 1  0 0  0
    13  -.2194705115733553       2   0 1  0 0  0 1  0 0  0
    14  0.4094994947356394E-01   2   1 0  0 0  0 0  1 0  0
    15  -.2187375746361850       2   0 1  0 0  0 0  1 0  0
    16  -.8203711236642422E-01   2   1 0  0 0  0 0  0 1  0
    17  -.4037425523048775E-01   2   0 1  0 0  0 0  0 1  0
    18  -.3465086116175804E-01   2   0 0  0 0  0 2  0 0  0
    19  -.2168523795190775E-01   2   0 0  0 0  0 1  1 0  0
    20  -.3449893254157889E-01   2   0 0  0 0  0 0  2 0  0
    21  0.4328383001461175E-01   2   0 0  0 0  0 1  0 1  0
    22  0.4313928067368897E-01   2   0 0  0 0  0 0  1 1  0
    23  0.4411920966943981E-02   2   0 0  0 0  0 0  0 2  0
    24  -3.466941982680973       3   3 0  0 0  0 0  0 0  0
    25  0.3023211168273180       3   2 1  0 0  0 0  0 0  0
    26  0.3178448540466083E-01   3   1 2  0 0  0 0  0 0  0
    27  0.2188947559609847       3   0 3  0 0  0 0  0 0  0
    28  0.6353289737405776       3   1 0  2 0  0 0  0 0  0
    29  0.3397134238193315       3   0 1  2 0  0 0  0 0  0
    30  0.1794072958029425E-01   3   1 0  1 1  0 0  0 0  0
    31  0.1109020559000112       3   0 1  1 1  0 0  0 0  0
    32  -.1456584238697520       3   1 0  0 2  0 0  0 0  0
    33  0.2165665085950433       3   0 1  0 2  0 0  0 0  0
    34  -.1784844167943365       3   2 0  0 0  0 1  0 0  0
    35  -.1872995901748775       3   1 1  0 0  0 1  0 0  0
    36  0.1831683086226576E-01   3   0 2  0 0  0 1  0 0  0
    37  0.1570171554066218       3   0 0  2 0  0 1  0 0  0
    38  0.3581164165205861       3   0 0  1 1  0 1  0 0  0
    39  0.2201858871181302       3   0 0  0 2  0 1  0 0  0
    40  -.1778883557525134       3   2 0  0 0  0 0  1 0  0
    41  -.1866740902524874       3   1 1  0 0  0 0  1 0  0
    42  0.1825566054004529E-01   3   0 2  0 0  0 0  1 0  0
    43  0.1564927857674303       3   0 0  2 0  0 0  1 0  0
    44  0.3569204620044493       3   0 0  1 1  0 0  1 0  0
    45  0.2194505611349011       3   0 0  0 2  0 0  1 0  0
    46  0.3563727725468503       3   2 0  0 0  0 0  0 1  0
    47  -.1202924762938095E-01   3   1 1  0 0  0 0  0 1  0
    48  -.1310755487087980       3   0 2  0 0  0 0  0 1  0
    49  -.3135099411740521       3   0 0  2 0  0 0  0 1  0
    50  -.3464140549836898       3   0 0  1 1  0 0  0 1  0
    51  -.1460462616829601       3   0 0  0 2  0 0  0 1  0
    52  -.3134118913212508E-01   3   1 0  0 0  0 2  0 0  0
    53  0.1627520580680294       3   0 1  0 0  0 2  0 0  0
    54  -.2165985184319135E-01   3   1 0  0 0  0 1  1 0  0
    55  0.1064099872577654       3   0 1  0 0  0 1  1 0  0
    56  -.3120035577969450E-01   3   1 0  0 0  0 0  2 0  0
    57  0.1620308545728704       3   0 1  0 0  0 0  2 0  0
    58  0.4325506721458100E-01   3   1 0  0 0  0 1  0 1  0
    59  0.7026919752886301E-02   3   0 1  0 0  0 1  0 1  0
    60  0.4311061392901624E-01   3   1 0  0 0  0 0  1 1  0
    61  0.7003452868863919E-02   3   0 1  0 0  0 0  1 1  0
    62  -.2164284388586511E-02   3   1 0  0 0  0 0  0 2  0
    63  0.3335906891961266E-01   3   0 1  0 0  0 0  0 2  0
    64  0.2852391830783581E-01   3   0 0  0 0  0 3  0 0  0
    65  0.1628811705241412E-01   3   0 0  0 0  0 2  1 0  0
    66  0.1634893332897134E-01   3   0 0  0 0  0 1  2 0  0
    67  0.2835392562733546E-01   3   0 0  0 0  0 0  3 0  0
    68  -.3255814965240549E-01   3   0 0  0 0  0 2  0 1  0
    69  -.2190362485895572E-01   3   0 0  0 0  0 1  1 1  0
    70  -.3241284512782003E-01   3   0 0  0 0  0 0  2 1  0
    71  0.2261320672716019E-03   3   0 0  0 0  0 1  0 2  0
    72  0.2253768836089111E-03   3   0 0  0 0  0 0  1 2  0
    73  -.3091783628256118E-02   3   0 0  0 0  0 0  0 3  0
    74  -1.249089245691267       4   4 0  0 0  0 0  0 0  0
    75  0.3190217698272375       4   3 1  0 0  0 0  0 0  0
    76  0.6877721144579972       4   2 2  0 0  0 0  0 0  0
    77  0.2013949047269325       4   1 3  0 0  0 0  0 0  0
    78  0.1592039659617001E-01   4   0 4  0 0  0 0  0 0  0
    79  0.4375837173678825       4   2 0  2 0  0 0  0 0  0
    80  -.3841503793076519       4   1 1  2 0  0 0  0 0  0
    81  -.8355178227998739       4   0 2  2 0  0 0  0 0  0
    82  0.7629897299811326       4   0 0  4 0  0 0  0 0  0
    83  -1.270525552900209       4   2 0  1 1  0 0  0 0  0
    84  -1.445479449551107       4   1 1  1 1  0 0  0 0  0
    85  -1.124094650370969       4   0 2  1 1  0 0  0 0  0
    86  0.3863165616079998       4   0 0  3 1  0 0  0 0  0
    87  0.1838677517453128       4   2 0  0 2  0 0  0 0  0
    88  0.1512665805992071       4   1 1  0 2  0 0  0 0  0
    89  -.2830473151259981       4   0 2  0 2  0 0  0 0  0
    90  0.1867681140518579       4   0 0  2 2  0 0  0 0  0
    91  0.2736611896336227E-01   4   0 0  1 3  0 0  0 0  0
    92  -.8024612638950723E-01   4   0 0  0 4  0 0  0 0  0
    93   1.585064826529227       4   3 0  0 0  0 1  0 0  0
    94  -.1812939453470900       4   2 1  0 0  0 1  0 0  0
    95  0.2994935753407769E-01   4   1 2  0 0  0 1  0 0  0
    96  -.3060106967406563       4   0 3  0 0  0 1  0 0  0
    97  -.7472035733799665       4   1 0  2 0  0 1  0 0  0
    98  -.7619566144770931       4   0 1  2 0  0 1  0 0  0
    99  -.2996437580061784       4   1 0  1 1  0 1  0 0  0
   100  -.5297922443220356       4   0 1  1 1  0 1  0 0  0
   101  0.2142476202509048       4   1 0  0 2  0 1  0 0  0
   102  -.3984181951991398       4   0 1  0 2  0 1  0 0  0
   103   1.579771393024907       4   3 0  0 0  0 0  1 0  0
   104  -.1806885016905476       4   2 1  0 0  0 0  1 0  0
   105  0.2984933958531605E-01   4   1 2  0 0  0 0  1 0  0
   106  -.3049887528758400       4   0 3  0 0  0 0  1 0  0
   107  -.7447082354204849       4   1 0  2 0  0 0  1 0  0
   108  -.7594120077175416       4   0 1  2 0  0 0  1 0  0
   109  -.2986430769731729       4   1 0  1 1  0 0  1 0  0
   110  -.5280229665174428       4   0 1  1 1  0 0  1 0  0
   111  0.2135321255201693       4   1 0  0 2  0 0  1 0  0
   112  -.3970876501085548       4   0 1  0 2  0 0  1 0  0
   113  0.6188422155909500       4   3 0  0 0  0 0  0 1  0
   114  0.5966133021031872E-01   4   2 1  0 0  0 0  0 1  0
   115  -.1233676679287141       4   1 2  0 0  0 0  0 1  0
   116  -.4568481826645765E-01   4   0 3  0 0  0 0  0 1  0
   117   1.491911808800453       4   1 0  2 0  0 0  0 1  0
   118   1.181655198375302       4   0 1  2 0  0 0  0 1  0
   119  0.5803461053990568       4   1 0  1 1  0 0  0 1  0
   120  0.8360110990394571       4   0 1  1 1  0 0  0 1  0
   121  -.1364628980315681       4   1 0  0 2  0 0  0 1  0
   122  0.1458063195225621       4   0 1  0 2  0 0  0 1  0
   123  0.1316176929721163       4   2 0  0 0  0 2  0 0  0
   124  0.1485709616601188       4   1 1  0 0  0 2  0 0  0
   125  -.6132173395108820E-01   4   0 2  0 0  0 2  0 0  0
   126  -.1356091591645419       4   0 0  2 0  0 2  0 0  0
   127  -.3713573118136760       4   0 0  1 1  0 2  0 0  0
   128  -.2825956596512537       4   0 0  0 2  0 2  0 0  0
   129  0.8506200788755214E-01   4   2 0  0 0  0 1  1 0  0
   130  0.1100989181067192       4   1 1  0 0  0 1  1 0  0
   131  -.1040391970670287       4   0 2  0 0  0 1  1 0  0
   132  -.1143423987189874       4   0 0  2 0  0 1  1 0  0
   133  -.3845057753646715       4   0 0  1 1  0 1  1 0  0
   134  -.3445861330176049       4   0 0  0 2  0 1  1 0  0
   135  0.1310361113663929       4   2 0  0 0  0 0  2 0  0
   136  0.1478909571964980       4   1 1  0 0  0 0  2 0  0
   137  -.6094322274021741E-01   4   0 2  0 0  0 0  2 0  0
   138  -.1349653558375697       4   0 0  2 0  0 0  2 0  0
   139  -.3694750966112092       4   0 0  1 1  0 0  2 0  0
   140  -.2810765273208331       4   0 0  0 2  0 0  2 0  0
   141  -.1698129770374479       4   2 0  0 0  0 1  0 1  0
   142  -.3264166107720165E-01   4   1 1  0 0  0 1  0 1  0
   143  0.1717321723824081       4   0 2  0 0  0 1  0 1  0
   144  0.2285435616414495       4   0 0  2 0  0 1  0 1  0
   145  0.4109875659508508       4   0 0  1 1  0 1  0 1  0
   146  0.2492197909657219       4   0 0  0 2  0 1  0 1  0
   147  -.1692458748678247       4   2 0  0 0  0 0  1 1  0
   148  -.3253265199473956E-01   4   1 1  0 0  0 0  1 1  0
   149  0.1711586609273281       4   0 2  0 0  0 0  1 1  0
   150  0.2277803246266968       4   0 0  2 0  0 0  1 1  0
   151  0.4096150445781914       4   0 0  1 1  0 0  1 1  0
   152  0.2483875042545681       4   0 0  0 2  0 0  1 1  0
   153  -.8656960320788706E-02   4   2 0  0 0  0 0  0 2  0
   154  0.4461640416535153E-01   4   1 1  0 0  0 0  0 2  0
   155  0.2516790640832877E-01   4   0 2  0 0  0 0  0 2  0
   156  -.7140697254704709E-01   4   0 0  2 0  0 0  0 2  0
   157  -.6388725028083117E-01   4   0 0  1 1  0 0  0 2  0
   158  -.2973425508570504E-01   4   0 0  0 2  0 0  0 2  0
   159  0.2721814994090687E-01   4   1 0  0 0  0 3  0 0  0
   160  -.1379057830090377       4   0 1  0 0  0 3  0 0  0
   161  0.1898104758643666E-01   4   1 0  0 0  0 2  1 0  0
   162  -.8827400220952131E-01   4   0 1  0 0  0 2  1 0  0
   163  0.1902185481041087E-01   4   1 0  0 0  0 1  2 0  0
   164  -.8852031831403573E-01   4   0 1  0 0  0 1  2 0  0
   165  0.2705021669457255E-01   4   1 0  0 0  0 0  3 0  0
   166  -.1370680604242471       4   0 1  0 0  0 0  3 0  0
   167  -.3795311914490691E-01   4   1 0  0 0  0 2  0 1  0
   168  0.1373517703254576E-01   4   0 1  0 0  0 2  0 1  0
   169  -.3268610110731227E-01   4   1 0  0 0  0 1  1 1  0
   170  0.3435867927381725E-01   4   0 1  0 0  0 1  1 1  0
   171  -.3777179333473927E-01   4   1 0  0 0  0 0  2 1  0
   172  0.1363193586816616E-01   4   0 1  0 0  0 0  2 1  0
   173  0.1104110248398205E-01   4   1 0  0 0  0 1  0 2  0
   174  -.4145489629878377E-01   4   0 1  0 0  0 1  0 2  0
   175  0.1100422995937917E-01   4   1 0  0 0  0 0  1 2  0
   176  -.4131645480837065E-01   4   0 1  0 0  0 0  1 2  0
   177  -.5905587888729377E-02   4   1 0  0 0  0 0  0 3  0
   178  -.5768618550561140E-02   4   0 1  0 0  0 0  0 3  0
   179  -.2490998766429553E-01   4   0 0  0 0  0 4  0 0  0
   180  -.1407560931429864E-01   4   0 0  0 0  0 3  1 0  0
   181  -.1298064177908730E-01   4   0 0  0 0  0 2  2 0  0
   182  -.1415099622518721E-01   4   0 0  0 0  0 1  3 0  0
   183  -.2472036129913537E-01   4   0 0  0 0  0 0  4 0  0
   184  0.2814380504797349E-01   4   0 0  0 0  0 3  0 1  0
   185  0.1932376034382782E-01   4   0 0  0 0  0 2  1 1  0
   186  0.1936747224682184E-01   4   0 0  0 0  0 1  2 1  0
   187  0.2797066453972237E-01   4   0 0  0 0  0 0  3 1  0
   188  -.3040363265265945E-02   4   0 0  0 0  0 2  0 2  0
   189  -.5835795302216215E-02   4   0 0  0 0  0 1  1 2  0
   190  -.3020465241264439E-02   4   0 0  0 0  0 0  2 2  0
   191  0.3746041876977749E-02   4   0 0  0 0  0 1  0 3  0
   192  0.3733531711306106E-02   4   0 0  0 0  0 0  1 3  0
   193  0.4489443241211323E-03   4   0 0  0 0  0 0  0 4  0
   -------------------------------------------------------
     I  COEFFICIENT            ORDER EXPONENTS
     1  -.7201794749658044E-01   1   1 0  0 0  0 0  0 0  0
     2  0.9689843712718560       1   0 1  0 0  0 0  0 0  0
     3  0.1962207689854505       1   0 0  0 0  0 1  0 0  0
     4  0.1955654761700359       1   0 0  0 0  0 0  1 0  0
     5  -.3917862451554863       1   0 0  0 0  0 0  0 1  0
     6  0.7914009975416206       2   2 0  0 0  0 0  0 0  0
     7  -.2898560911081327E-01   2   1 1  0 0  0 0  0 0  0
     8  -.1980597200390173       2   0 2  0 0  0 0  0 0  0
     9  -.8087819981976028       2   0 0  2 0  0 0  0 0  0
    10  0.5443063484966515E-01   2   0 0  1 1  0 0  0 0  0
    11  -.1860027300027236       2   0 0  0 2  0 0  0 0  0
    12  -.5602603046436252E-03   2   1 0  0 0  0 1  0 0  0
    13  -.2436189476310243E-01   2   0 1  0 0  0 1  0 0  0
    14  -.5583892766464711E-03   2   1 0  0 0  0 0  1 0  0
    15  -.2428053653231631E-01   2   0 1  0 0  0 0  1 0  0
    16  -.7089929791529048E-01   2   1 0  0 0  0 0  0 1  0
    17  0.4864243129541884E-01   2   0 1  0 0  0 0  0 1  0
    18  -.5109903491063669E-01   2   0 0  0 0  0 2  0 0  0
    19  0.9305559944427116E-01   2   0 0  0 0  0 1  1 0  0
    20  -.5108376895488655E-01   2   0 0  0 0  0 0  2 0  0
    21  0.9142470377002230E-02   2   0 0  0 0  0 1  0 1  0
    22  0.9111938465501896E-02   2   0 0  0 0  0 0  1 1  0
    23  -.9127204421252066E-02   2   0 0  0 0  0 0  0 2  0
    24   19.62827398965290       3   3 0  0 0  0 0  0 0  0
    25   39.01028841246485       3   2 1  0 0  0 0  0 0  0
    26   18.67073856339049       3   1 2  0 0  0 0  0 0  0
    27   3.013250593279218       3   0 3  0 0  0 0  0 0  0
    28  -.1730517427675933       3   1 0  2 0  0 0  0 0  0
    29  -.8974317195137362E-01   3   0 1  2 0  0 0  0 0  0
    30  -.3120668938579914       3   1 0  1 1  0 0  0 0  0
    31  0.4600262554158646E-01   3   0 1  1 1  0 0  0 0  0
    32  0.5927708759282113E-02   3   1 0  0 2  0 0  0 0  0
    33  -.2481742957717217E-01   3   0 1  0 2  0 0  0 0  0
    34   3.856167368585392       3   2 0  0 0  0 1  0 0  0
    35   3.736348195319375       3   1 1  0 0  0 1  0 0  0
    36   1.003067314927008       3   0 2  0 0  0 1  0 0  0
    37  0.2833783443704640E-01   3   0 0  2 0  0 1  0 0  0
    38  -.3966893140587940E-01   3   0 0  1 1  0 1  0 0  0
    39  0.8419842446241060E-01   3   0 0  0 2  0 1  0 0  0
    40   3.843289431225673       3   2 0  0 0  0 0  1 0  0
    41   3.723870402367386       3   1 1  0 0  0 0  1 0  0
    42  0.9997175023243585       3   0 2  0 0  0 0  1 0  0
    43  0.2824319828101134E-01   3   0 0  2 0  0 0  1 0  0
    44  -.3953645426862268E-01   3   0 0  1 1  0 0  1 0  0
    45  0.8391723800643552E-01   3   0 0  0 2  0 0  1 0  0
    46  -6.908055802269452       3   2 0  0 0  0 0  0 1  0
    47  -7.460218597686769       3   1 1  0 0  0 0  0 1  0
    48  -1.804725097212351       3   0 2  0 0  0 0  0 1  0
    49  -.8653630309156605       3   0 0  2 0  0 0  0 1  0
    50  0.7920538567450031E-01   3   0 0  1 1  0 0  0 1  0
    51  0.1788706753387975E-01   3   0 0  0 2  0 0  0 1  0
    52  0.1858711945923811       3   1 0  0 0  0 2  0 0  0
    53  0.1091152437460530       3   0 1  0 0  0 2  0 0  0
    54  0.3699444052943839       3   1 0  0 0  0 1  1 0  0
    55  0.1933022416980683       3   0 1  0 0  0 1  1 0  0
    56  0.1846327374447940       3   1 0  0 0  0 0  2 0  0
    57  0.1084280727545707       3   0 1  0 0  0 0  2 0  0
    58  -.7416867944791466       3   1 0  0 0  0 1  0 1  0
    59  -.3871708344270725       3   0 1  0 0  0 1  0 1  0
    60  -.7392098801839725       3   1 0  0 0  0 0  1 1  0
    61  -.3858778506748939       3   0 1  0 0  0 0  1 1  0
    62  0.7404483373315603       3   1 0  0 0  0 0  0 2  0
    63  0.3622031269032742       3   0 1  0 0  0 0  0 2  0
    64  0.2979485544740525E-01   3   0 0  0 0  0 3  0 0  0
    65  -.1308147750266232E-01   3   0 0  0 0  0 2  1 0  0
    66  -.1286719322877864E-01   3   0 0  0 0  0 1  2 0  0
    67  0.2966737333664878E-01   3   0 0  0 0  0 0  3 0  0
    68  -.2520405392891672E-01   3   0 0  0 0  0 2  0 1  0
    69  -.4115825798138937E-01   3   0 0  0 0  0 1  1 1  0
    70  -.2505115782628111E-01   3   0 0  0 0  0 0  2 1  0
    71  0.4121194773111033E-01   3   0 0  0 0  0 1  0 2  0
    72  0.4107431758422490E-01   3   0 0  0 0  0 0  1 2  0
    73  -.2438635363136095E-01   3   0 0  0 0  0 0  0 3  0
    74   78.05642126269623       4   4 0  0 0  0 0  0 0  0
    75   147.1350641545615       4   3 1  0 0  0 0  0 0  0
    76   99.15373444121742       4   2 2  0 0  0 0  0 0  0
    77   29.40383882436080       4   1 3  0 0  0 0  0 0  0
    78   3.046110901541892       4   0 4  0 0  0 0  0 0  0
    79  -32.78007154689156       4   2 0  2 0  0 0  0 0  0
    80  -31.93440765337889       4   1 1  2 0  0 0  0 0  0
    81  -7.350836273391069       4   0 2  2 0  0 0  0 0  0
    82  -.3514449468390364       4   0 0  4 0  0 0  0 0  0
    83  -35.72945294321679       4   2 0  1 1  0 0  0 0  0
    84  -30.66863848325177       4   1 1  1 1  0 0  0 0  0
    85  -6.817970397714985       4   0 2  1 1  0 0  0 0  0
    86   2.156589967493344       4   0 0  3 1  0 0  0 0  0
    87  -12.05840581576870       4   2 0  0 2  0 0  0 0  0
    88  -11.50298622320447       4   1 1  0 2  0 0  0 0  0
    89  -2.825933445052726       4   0 2  0 2  0 0  0 0  0
    90   1.246540030260133       4   0 0  2 2  0 0  0 0  0
    91  0.1382517839018962       4   0 0  1 3  0 0  0 0  0
    92  -.2430464596965959E-01   4   0 0  0 4  0 0  0 0  0
    93   14.57521924815209       4   3 0  0 0  0 1  0 0  0
    94   1.301574003849858       4   2 1  0 0  0 1  0 0  0
    95  -9.019642262826942       4   1 2  0 0  0 1  0 0  0
    96  -3.092602977379947       4   0 3  0 0  0 1  0 0  0
    97  -3.072535428002502       4   1 0  2 0  0 1  0 0  0
    98  -1.283557661754395       4   0 1  2 0  0 1  0 0  0
    99  -2.690020556389046       4   1 0  1 1  0 1  0 0  0
   100  -1.393894543294798       4   0 1  1 1  0 1  0 0  0
   101  -1.149206482862945       4   1 0  0 2  0 1  0 0  0
   102  -.5037320787445659       4   0 1  0 2  0 1  0 0  0
   103   14.52654429643424       4   3 0  0 0  0 0  1 0  0
   104   1.297227307534975       4   2 1  0 0  0 0  1 0  0
   105  -8.989520544300399       4   1 2  0 0  0 0  1 0  0
   106  -3.082275016061248       4   0 3  0 0  0 0  1 0  0
   107  -3.062274483651467       4   1 0  2 0  0 0  1 0  0
   108  -1.279271132258728       4   0 1  2 0  0 0  1 0  0
   109  -2.681037046880683       4   1 0  1 1  0 0  1 0  0
   110  -1.389239536159783       4   0 1  1 1  0 0  1 0  0
   111  -1.145368628411845       4   1 0  0 2  0 0  1 0  0
   112  -.5020498306634784       4   0 1  0 2  0 0  1 0  0
   113  -28.79390002261576       4   3 0  0 0  0 0  0 1  0
   114  -41.47545218672497       4   2 1  0 0  0 0  0 1  0
   115  -19.33375245280446       4   1 2  0 0  0 0  0 1  0
   116  -2.840994060006165       4   0 3  0 0  0 0  0 1  0
   117   5.961758168886386       4   1 0  2 0  0 0  0 1  0
   118   2.562828794013126       4   0 1  2 0  0 0  0 1  0
   119   5.371057603269739       4   1 0  1 1  0 0  0 1  0
   120   2.737131453913015       4   0 1  1 1  0 0  0 1  0
   121   2.288647402515520       4   1 0  0 2  0 0  0 1  0
   122   1.055416768562371       4   0 1  0 2  0 0  0 1  0
   123  -1.833306606234059       4   2 0  0 0  0 2  0 0  0
   124  -3.645246454652778       4   1 1  0 0  0 2  0 0  0
   125  -1.419251872433912       4   0 2  0 0  0 2  0 0  0
   126  -.8799916900412559E-01   4   0 0  2 0  0 2  0 0  0
   127  -.3243184021634950E-01   4   0 0  1 1  0 2  0 0  0
   128  -.8235437800572831E-01   4   0 0  0 2  0 2  0 0  0
   129  0.1760861963180126       4   2 0  0 0  0 1  1 0  0
   130  -3.554711524649303       4   1 1  0 0  0 1  1 0  0
   131  -1.832645488840113       4   0 2  0 0  0 1  1 0  0
   132  -.1472617012293455       4   0 0  2 0  0 1  1 0  0
   133  -.1040514832382168       4   0 0  1 1  0 1  1 0  0
   134  -.8052170914855360E-01   4   0 0  0 2  0 1  1 0  0
   135  -1.827478178164186       4   2 0  0 0  0 0  2 0  0
   136  -3.627137299887920       4   1 1  0 0  0 0  2 0  0
   137  -1.411452059630189       4   0 2  0 0  0 0  2 0  0
   138  -.8745939438618301E-01   4   0 0  2 0  0 0  2 0  0
   139  -.3214978828642269E-01   4   0 0  1 1  0 0  2 0  0
   140  -.8194489596473149E-01   4   0 0  0 2  0 0  2 0  0
   141  -.3845385268665070       4   2 0  0 0  0 1  0 1  0
   142   3.386523841130478       4   1 1  0 0  0 1  0 1  0
   143   1.771109821876408       4   0 2  0 0  0 1  0 1  0
   144  0.3232600392375972       4   0 0  2 0  0 1  0 1  0
   145  0.2085840950767933       4   0 0  1 1  0 1  0 1  0
   146  0.7683361623519232E-01   4   0 0  0 2  0 1  0 1  0
   147  -.3832543338873011       4   2 0  0 0  0 0  1 1  0
   148   3.375214310779549       4   1 1  0 0  0 0  1 1  0
   149   1.765195078255807       4   0 2  0 0  0 0  1 1  0
   150  0.3221804900017118       4   0 0  2 0  0 0  1 1  0
   151  0.2078875140796831       4   0 0  1 1  0 0  1 1  0
   152  0.7657702506514541E-01   4   0 0  0 2  0 0  1 1  0
   153   4.252491448834043       4   2 0  0 0  0 0  0 2  0
   154   4.065357127279986       4   1 1  0 0  0 0  0 2  0
   155  0.9289848007329855       4   0 2  0 0  0 0  0 2  0
   156  -.3227202646196550       4   0 0  2 0  0 0  0 2  0
   157  -.2478384974154895       4   0 0  1 1  0 0  0 2  0
   158  -.9459238818404839E-01   4   0 0  0 2  0 0  0 2  0
   159  -.2438204589091193       4   1 0  0 0  0 3  0 0  0
   160  -.1799023273557016       4   0 1  0 0  0 3  0 0  0
   161  -.3597531360316775       4   1 0  0 0  0 2  1 0  0
   162  -.3210484478016336       4   0 1  0 0  0 2  1 0  0
   163  -.3591683093610867       4   1 0  0 0  0 1  2 0  0
   164  -.3203383873686861       4   0 1  0 0  0 1  2 0  0
   165  -.2420003764329476       4   1 0  0 0  0 0  3 0  0
   166  -.1784668448730524       4   0 1  0 0  0 0  3 0  0
   167  0.7198298841586911       4   1 0  0 0  0 2  0 1  0
   168  0.5534241700265111       4   0 1  0 0  0 2  0 1  0
   169  0.6981106873361381       4   1 0  0 0  0 1  1 1  0
   170  0.7185627586151804       4   0 1  0 0  0 1  1 1  0
   171  0.7162602680883877       4   1 0  0 0  0 0  2 1  0
   172  0.5503761267833818       4   0 1  0 0  0 0  2 1  0
   173  -.3276344975017207       4   1 0  0 0  0 1  0 2  0
   174  -.3476307283922455       4   0 1  0 0  0 1  0 2  0
   175  -.3265403394602199       4   1 0  0 0  0 0  1 2  0
   176  -.3464697915560958       4   0 1  0 0  0 0  1 2  0
   177  -.2752837218864458       4   1 0  0 0  0 0  0 3  0
   178  -.1285065280776581       4   0 1  0 0  0 0  0 3  0
   179  -.2386497273297658E-01   4   0 0  0 0  0 4  0 0  0
   180  -.6011349125511585E-02   4   0 0  0 0  0 3  1 0  0
   181  -.1546283533619210E-01   4   0 0  0 0  0 2  2 0  0
   182  -.6098466213210363E-02   4   0 0  0 0  0 1  3 0  0
   183  -.2369574781118124E-01   4   0 0  0 0  0 0  4 0  0
   184  0.3892112898224157E-01   4   0 0  0 0  0 3  0 1  0
   185  0.6627113189597700E-01   4   0 0  0 0  0 2  1 1  0
   186  0.6613347494457927E-01   4   0 0  0 0  0 1  2 1  0
   187  0.3861587104780616E-01   4   0 0  0 0  0 0  3 1  0
   188  -.5744683464275254E-01   4   0 0  0 0  0 2  0 2  0
   189  -.7357282687590856E-01   4   0 0  0 0  0 1  1 2  0
   190  -.5713213619997427E-01   4   0 0  0 0  0 0  2 2  0
   191  0.2354544567219024E-01   4   0 0  0 0  0 1  0 3  0
   192  0.2346681402955373E-01   4   0 0  0 0  0 0  1 3  0
   193  0.6331302365358421E-02   4   0 0  0 0  0 0  0 4  0
   -------------------------------------------------------
     I  COEFFICIENT            ORDER EXPONENTS
     1  0.9376335282462694       1   0 0  1 0  0 0  0 0  0
     2  0.4929001723348223       1   0 0  0 1  0 0  0 0  0
     3  -.8446902061911092       2   1 0  1 0  0 0  0 0  0
     4  -.4143656089610805       2   0 1  1 0  0 0  0 0  0
     5  0.3810356707969587       2   1 0  0 1  0 0  0 0  0
     6  0.8908846287788758E-01   2   0 1  0 1  0 0  0 0  0
     7  0.2321979268467750E-01   2   0 0  1 0  0 1  0 0  0
     8  -.2420068195423708       2   0 0  0 1  0 1  0 0  0
     9  0.2314224858269294E-01   2   0 0  1 0  0 0  1 0  0
    10  -.2411986210476478       2   0 0  0 1  0 0  1 0  0
    11  -.4636204126737051E-01   2   0 0  1 0  0 0  0 1  0
    12  -.9694731744803772E-02   2   0 0  0 1  0 0  0 1  0
    13  -.5609229483368838       3   2 0  1 0  0 0  0 0  0
    14  -.5782184114654793       3   1 1  1 0  0 0  0 0  0
    15  -.1073084742494703       3   0 2  1 0  0 0  0 0  0
    16  -1.253460829867977       3   0 0  3 0  0 0  0 0  0
    17  -.1592566686149187       3   2 0  0 1  0 0  0 0  0
    18  0.3147511444046355E-01   3   1 1  0 1  0 0  0 0  0
    19  0.2622509492184241       3   0 2  0 1  0 0  0 0  0
    20  -.3402997574540310       3   0 0  2 1  0 0  0 0  0
    21  -.1968534308430891       3   0 0  1 2  0 0  0 0  0
    22  0.2094880621919792       3   0 0  0 3  0 0  0 0  0
    23  0.4183535863730368       3   1 0  1 0  0 1  0 0  0
    24  0.4110647935446723       3   0 1  1 0  0 1  0 0  0
    25  -.1759563466290381       3   1 0  0 1  0 1  0 0  0
    26  -.3124196393583537E-01   3   0 1  0 1  0 1  0 0  0
    27  0.4169564656662398       3   1 0  1 0  0 0  1 0  0
    28  0.4096920142651264       3   0 1  1 0  0 0  1 0  0
    29  -.1753687282522027       3   1 0  0 1  0 0  1 0  0
    30  -.3113762923868529E-01   3   0 1  0 1  0 0  1 0  0
    31  -.8353100520392766       3   1 0  1 0  0 0  0 1  0
    32  -.4063911988487178       3   0 1  1 0  0 0  0 1  0
    33  -.2971059591571802E-01   3   1 0  0 1  0 0  0 1  0
    34  -.1157973325812548       3   0 1  0 1  0 0  0 1  0
    35  -.1314532399003633E-01   3   0 0  1 0  0 2  0 0  0
    36  0.1831852908890503       3   0 0  0 1  0 2  0 0  0
    37  -.3137885100061300E-02   3   0 0  1 0  0 1  1 0  0
    38  0.1247539403191473       3   0 0  0 1  0 1  1 0  0
    39  -.1309618468027995E-01   3   0 0  1 0  0 0  2 0  0
    40  0.1823652187517626       3   0 0  0 1  0 0  2 0  0
    41  0.6208740395456464E-02   3   0 0  1 0  0 1  0 1  0
    42  -.7110883012506397E-02   3   0 0  0 1  0 1  0 1  0
    43  0.6188005877928310E-02   3   0 0  1 0  0 0  1 1  0
    44  -.7087135727377181E-02   3   0 0  0 1  0 0  1 1  0
    45  0.1698264749699288E-01   3   0 0  1 0  0 0  0 2  0
    46  0.1679374111474560E-01   3   0 0  0 1  0 0  0 2  0
    47   3.041808989273441       4   3 0  1 0  0 0  0 0  0
    48  -2.210145915418567       4   2 1  1 0  0 0  0 0  0
    49  -1.541390811538924       4   1 2  1 0  0 0  0 0  0
    50  -.4579524881558111       4   0 3  1 0  0 0  0 0  0
    51  -1.954094660231469       4   1 0  3 0  0 0  0 0  0
    52  -.9521392888609314       4   0 1  3 0  0 0  0 0  0
    53  -1.681340302685382       4   3 0  0 1  0 0  0 0  0
    54  -.2042508832431418       4   2 1  0 1  0 0  0 0  0
    55  0.1117189210227157       4   1 2  0 1  0 0  0 0  0
    56  0.2123247649390042E-01   4   0 3  0 1  0 0  0 0  0
    57  0.2404643625462670       4   1 0  2 1  0 0  0 0  0
    58  0.8441976767121917       4   0 1  2 1  0 0  0 0  0
    59  -.5255660445042232       4   1 0  1 2  0 0  0 0  0
    60  -.4729109487806193E-02   4   0 1  1 2  0 0  0 0  0
    61  0.1245326679090477       4   1 0  0 3  0 0  0 0  0
    62  0.1305081486256368       4   0 1  0 3  0 0  0 0  0
    63  0.2076926277019328       4   2 0  1 0  0 1  0 0  0
    64  0.3870106444976662       4   1 1  1 0  0 1  0 0  0
    65  0.8298296304453601E-01   4   0 2  1 0  0 1  0 0  0
    66   1.184523570821408       4   0 0  3 0  0 1  0 0  0
    67  0.1945418118686500       4   2 0  0 1  0 1  0 0  0
    68  0.2279651544230363E-01   4   1 1  0 1  0 1  0 0  0
    69  -.3949870423128302       4   0 2  0 1  0 1  0 0  0
    70  0.5503961015560224       4   0 0  2 1  0 1  0 0  0
    71  0.4004011785791100       4   0 0  1 2  0 1  0 0  0
    72  -.2768822823018869       4   0 0  0 3  0 1  0 0  0
    73  0.2069990238217149       4   2 0  1 0  0 0  1 0  0
    74  0.3857181957108247       4   1 1  1 0  0 0  1 0  0
    75  0.8270583570594658E-01   4   0 2  1 0  0 0  1 0  0
    76   1.180567772514928       4   0 0  3 0  0 0  1 0  0
    77  0.1938921260465302       4   2 0  0 1  0 0  1 0  0
    78  0.2272038490391467E-01   4   1 1  0 1  0 0  1 0  0
    79  -.3936679557943756       4   0 2  0 1  0 0  1 0  0
    80  0.5485580157466226       4   0 0  2 1  0 0  1 0  0
    81  0.3990640111785200       4   0 0  1 2  0 0  1 0  0
    82  -.2759576147896456       4   0 0  0 3  0 0  1 0  0
    83  -.4146916515236469       4   2 0  1 0  0 0  0 1  0
    84  -.1945104287430111       4   1 1  1 0  0 0  0 1  0
    85  0.4892814974845749E-01   4   0 2  1 0  0 0  0 1  0
    86  -2.365091343336338       4   0 0  3 0  0 0  0 1  0
    87  -.2291772693002618       4   2 0  0 1  0 0  0 1  0
    88  -.1084671292271450       4   1 1  0 1  0 0  0 1  0
    89  0.1902150451933315E-02   4   0 2  0 1  0 0  0 1  0
    90  -.7586543598486135       4   0 0  2 1  0 0  0 1  0
    91  -.4057583280714545       4   0 0  1 2  0 0  0 1  0
    92  -.7562428948440469E-01   4   0 0  0 3  0 0  0 1  0
    93  -.3197400425363551       4   1 0  1 0  0 2  0 0  0
    94  -.4137729536669633       4   0 1  1 0  0 2  0 0  0
    95  0.1248304572603211       4   1 0  0 1  0 2  0 0  0
    96  -.1422434823717533E-01   4   0 1  0 1  0 2  0 0  0
    97  -.2217804864047444       4   1 0  1 0  0 1  1 0  0
    98  -.4164584411223181       4   0 1  1 0  0 1  1 0  0
    99  0.7404408237936186E-01   4   1 0  0 1  0 1  1 0  0
   100  -.5938733306134769E-01   4   0 1  0 1  0 1  1 0  0
   101  -.3183019229437980       4   1 0  1 0  0 0  2 0  0
   102  -.4116957344304297       4   0 1  1 0  0 0  2 0  0
   103  0.1242899396589502       4   1 0  0 1  0 0  2 0  0
   104  -.1407768099245216E-01   4   0 1  0 1  0 0  2 0  0
   105  0.4429069851044176       4   1 0  1 0  0 1  0 1  0
   106  0.4218747613669007       4   0 1  1 0  0 1  0 1  0
   107  0.2820769635807147E-01   4   1 0  0 1  0 1  0 1  0
   108  0.1815619213432041       4   0 1  0 1  0 1  0 1  0
   109  0.4414278666261010       4   1 0  1 0  0 0  1 1  0
   110  0.4204658814529245       4   0 1  1 0  0 0  1 1  0
   111  0.2811349480714281E-01   4   1 0  0 1  0 0  1 1  0
   112  0.1809555827623073       4   0 1  0 1  0 0  1 1  0
   113  -.2451239984562117E-01   4   1 0  1 0  0 0  0 2  0
   114  -.1477912256119446E-01   4   0 1  1 0  0 0  0 2  0
   115  0.1550000333110813E-02   4   1 0  0 1  0 0  0 2  0
   116  -.7562753180873336E-02   4   0 1  0 1  0 0  0 2  0
   117  0.7883132290881320E-02   4   0 0  1 0  0 3  0 0  0
   118  -.1561373316978568       4   0 0  0 1  0 3  0 0  0
   119  -.2621951282768653E-02   4   0 0  1 0  0 2  1 0  0
   120  -.1021172633686644       4   0 0  0 1  0 2  1 0  0
   121  -.2569459481714387E-02   4   0 0  1 0  0 1  2 0  0
   122  -.1023852569601999       4   0 0  0 1  0 1  2 0  0
   123  0.7848006513046207E-02   4   0 0  1 0  0 0  3 0  0
   124  -.1551852431092873       4   0 0  0 1  0 0  3 0  0
   125  0.5263202390197452E-02   4   0 0  1 0  0 2  0 1  0
   126  0.2097338579508387E-01   4   0 0  0 1  0 2  0 1  0
   127  0.1665859172908896E-01   4   0 0  1 0  0 1  1 1  0
   128  0.3474321970028654E-01   4   0 0  0 1  0 1  1 1  0
   129  0.5217809303135756E-02   4   0 0  1 0  0 0  2 1  0
   130  0.2084533003277420E-01   4   0 0  0 1  0 0  2 1  0
   131  -.1980123865019837E-01   4   0 0  1 0  0 1  0 2  0
   132  -.2767867112646762E-01   4   0 0  0 1  0 1  0 2  0
   133  -.1973511104560849E-01   4   0 0  1 0  0 0  1 2  0
   134  -.2758623629185161E-01   4   0 0  0 1  0 0  1 2  0
   135  0.1857018233940324E-02   4   0 0  1 0  0 0  0 3  0
   136  0.1627894691360834E-02   4   0 0  0 1  0 0  0 3  0
   -------------------------------------------------------
     I  COEFFICIENT            ORDER EXPONENTS
     1  -.1924411987458537       1   0 0  1 0  0 0  0 0  0
     2  0.9653512515348970       1   0 0  0 1  0 0  0 0  0
     3  -1.598160391734232       2   1 0  1 0  0 0  0 0  0
     4  -.3402117291566442E-01   2   0 1  1 0  0 0  0 0  0
     5  -.4867332990050344E-01   2   1 0  0 1  0 0  0 0  0
     6  0.3904457504934820       2   0 1  0 1  0 0  0 0  0
     7  0.1233096959679979       2   0 0  1 0  0 1  0 0  0
     8  0.9058570791701978E-01   2   0 0  0 1  0 1  0 0  0
     9  0.1228978947185350       2   0 0  1 0  0 0  1 0  0
    10  0.9028319068663586E-01   2   0 0  0 1  0 0  1 0  0
    11  -.4386487894323864       2   0 0  1 0  0 0  0 1  0
    12  -.1808688986036558       2   0 0  0 1  0 0  0 1  0
    13  -.1181788936026881       3   2 0  1 0  0 0  0 0  0
    14  -1.382556184556729       3   1 1  1 0  0 0  0 0  0
    15  -.6007922040514957       3   0 2  1 0  0 0  0 0  0
    16  -4.883468934372331       3   0 0  3 0  0 0  0 0  0
    17  -.1452435100980162       3   2 0  0 1  0 0  0 0  0
    18  0.2662105215299060E-01   3   1 1  0 1  0 0  0 0  0
    19  -.8985568277362943E-01   3   0 2  0 1  0 0  0 0  0
    20  -3.084494027212388       3   0 0  2 1  0 0  0 0  0
    21  -1.113096093078704       3   0 0  1 2  0 0  0 0  0
    22  -.2249155084584915       3   0 0  0 3  0 0  0 0  0
    23  -.1443128067388441       3   1 0  1 0  0 1  0 0  0
    24  -.7276889759852273E-01   3   0 1  1 0  0 1  0 0  0
    25  0.7494339080233359E-01   3   1 0  0 1  0 1  0 0  0
    26  -.4041974853787246       3   0 1  0 1  0 1  0 0  0
    27  -.1438308641498041       3   1 0  1 0  0 0  1 0  0
    28  -.7252588083720596E-01   3   0 1  1 0  0 0  1 0  0
    29  0.7469311217072117E-01   3   1 0  0 1  0 0  1 0  0
    30  -.4028476399492786       3   0 1  0 1  0 0  1 0  0
    31  -1.310016720845584       3   1 0  1 0  0 0  0 1  0
    32  0.1452947784357292       3   0 1  1 0  0 0  0 1  0
    33  -.1496365029730543       3   1 0  0 1  0 0  0 1  0
    34  0.4165993748345208       3   0 1  0 1  0 0  0 1  0
    35  -.9116271282101063E-01   3   0 0  1 0  0 2  0 0  0
    36  -.1060561771412363       3   0 0  0 1  0 2  0 0  0
    37  -.5922906857796942E-01   3   0 0  1 0  0 1  1 0  0
    38  -.1214223066865243       3   0 0  0 1  0 1  1 0  0
    39  -.9075936885948226E-01   3   0 0  1 0  0 0  2 0  0
    40  -.1054992461187079       3   0 0  0 1  0 0  2 0  0
    41  0.2415544942199907       3   0 0  1 0  0 1  0 1  0
    42  0.2429489530519772       3   0 0  0 1  0 1  0 1  0
    43  0.2407478062969340       3   0 0  1 0  0 0  1 1  0
    44  0.2421376082373042       3   0 0  0 1  0 0  1 1  0
    45  -.2411511502584623       3   0 0  1 0  0 0  0 2  0
    46  -.1521088313428129       3   0 0  0 1  0 0  0 2  0
    47  -4.060387304021305       4   3 0  1 0  0 0  0 0  0
    48  -6.320974297438829       4   2 1  1 0  0 0  0 0  0
    49  -2.160773483582139       4   1 2  1 0  0 0  0 0  0
    50  -.9676295052798434E-02   4   0 3  1 0  0 0  0 0  0
    51   4.711605899358414       4   1 0  3 0  0 0  0 0  0
    52   2.009950366036468       4   0 1  3 0  0 0  0 0  0
    53  -4.857677194110097       4   3 0  0 1  0 0  0 0  0
    54  -1.463026711416394       4   2 1  0 1  0 0  0 0  0
    55  -.2294861048824546       4   1 2  0 1  0 0  0 0  0
    56  0.4004217427509420       4   0 3  0 1  0 0  0 0  0
    57   4.872933135408502       4   1 0  2 1  0 0  0 0  0
    58   4.633849717007168       4   0 1  2 1  0 0  0 0  0
    59   1.045406157188806       4   1 0  1 2  0 0  0 0  0
    60  0.7028076325051540       4   0 1  1 2  0 0  0 0  0
    61  -.3450176954626456       4   1 0  0 3  0 0  0 0  0
    62  -.5194882792279198E-02   4   0 1  0 3  0 0  0 0  0
    63  -.5649413664615318       4   2 0  1 0  0 1  0 0  0
    64  0.7940123357114897       4   1 1  1 0  0 1  0 0  0
    65  0.9148592408567957       4   0 2  1 0  0 1  0 0  0
    66   2.298977540956232       4   0 0  3 0  0 1  0 0  0
    67  -.1528985569615632       4   2 0  0 1  0 1  0 0  0
    68  -.3707461581924637E-01   4   1 1  0 1  0 1  0 0  0
    69  0.3231275983387460       4   0 2  0 1  0 1  0 0  0
    70   3.343040947373803       4   0 0  2 1  0 1  0 0  0
    71   1.674178925706180       4   0 0  1 2  0 1  0 0  0
    72  0.4300935913614703       4   0 0  0 3  0 1  0 0  0
    73  -.5630547057350100       4   2 0  1 0  0 0  1 0  0
    74  0.7913606766560659       4   1 1  1 0  0 0  1 0  0
    75  0.9118040052120227       4   0 2  1 0  0 0  1 0  0
    76   2.291299946616052       4   0 0  3 0  0 0  1 0  0
    77  -.1523879416664432       4   2 0  0 1  0 0  1 0  0
    78  -.3695080257813965E-01   4   1 1  0 1  0 0  1 0  0
    79  0.3220484913983924       4   0 2  0 1  0 0  1 0  0
    80   3.331876631150932       4   0 0  2 1  0 0  1 0  0
    81   1.668587889510517       4   0 0  1 2  0 0  1 0  0
    82  0.4286572640968744       4   0 0  0 3  0 0  1 0  0
    83   1.009817178593855       4   2 0  1 0  0 0  0 1  0
    84  -1.585373012367553       4   1 1  1 0  0 0  0 1  0
    85  -1.225871042017323       4   0 2  1 0  0 0  0 1  0
    86  -9.473746421944623       4   0 0  3 0  0 0  0 1  0
    87  0.3052864986280062       4   2 0  0 1  0 0  0 1  0
    88  0.4740436624439442E-01   4   1 1  0 1  0 0  0 1  0
    89  -.4654647241898797       4   0 2  0 1  0 0  0 1  0
    90  -6.674917578524717       4   0 0  2 1  0 0  0 1  0
    91  -2.229670722137998       4   0 0  1 2  0 0  0 1  0
    92  -.4089198385413750       4   0 0  0 3  0 0  0 1  0
    93  0.1683412155878222       4   1 0  1 0  0 2  0 0  0
    94  0.1647354360792607       4   0 1  1 0  0 2  0 0  0
    95  -.8160468308067720E-01   4   1 0  0 1  0 2  0 0  0
    96  0.4437889639849756       4   0 1  0 1  0 2  0 0  0
    97  0.1922075258931566       4   1 0  1 0  0 1  1 0  0
    98  0.2560869057698205       4   0 1  1 0  0 1  1 0  0
    99  -.8822064784462030E-01   4   1 0  0 1  0 1  1 0  0
   100  0.4831114977325896       4   0 1  0 1  0 1  1 0  0
   101  0.1674580833108361       4   1 0  1 0  0 0  2 0  0
   102  0.1637576807507329       4   0 1  1 0  0 0  2 0  0
   103  -.8118484912882384E-01   4   1 0  0 1  0 0  2 0  0
   104  0.4415002079642146       4   0 1  0 1  0 0  2 0  0
   105  -.5288899570688012       4   1 0  1 0  0 1  0 1  0
   106  -.5127888803298190       4   0 1  1 0  0 1  0 1  0
   107  0.1764866232036412       4   1 0  0 1  0 1  0 1  0
   108  -.5622944549450924       4   0 1  0 1  0 1  0 1  0
   109  -.5271236925148289       4   1 0  1 0  0 0  1 1  0
   110  -.5110763864340807       4   0 1  1 0  0 0  1 1  0
   111  0.1758972339315468       4   1 0  0 1  0 0  1 1  0
   112  -.5604166337624619       4   0 1  0 1  0 0  1 1  0
   113  0.5280068247918150       4   1 0  1 0  0 0  0 2  0
   114  0.4392852441640855       4   0 1  1 0  0 0  0 2  0
   115  -.1013736770810668       4   1 0  0 1  0 0  0 2  0
   116  0.1447561695192562       4   0 1  0 1  0 0  0 2  0
   117  0.7747651020944914E-01   4   0 0  1 0  0 3  0 0  0
   118  0.1161747604530896       4   0 0  0 1  0 3  0 0  0
   119  0.5013457843270740E-01   4   0 0  1 0  0 2  1 0  0
   120  0.1363618682038323       4   0 0  0 1  0 2  1 0  0
   121  0.5027024772720684E-01   4   0 0  1 0  0 1  2 0  0
   122  0.1362588003450026       4   0 0  0 1  0 1  2 0  0
   123  0.7700497003812939E-01   4   0 0  1 0  0 0  3 0  0
   124  0.1153658676203192       4   0 0  0 1  0 0  3 0  0
   125  -.1914013962400441       4   0 0  1 0  0 2  0 1  0
   126  -.2727737952806287       4   0 0  0 1  0 2  0 1  0
   127  -.1415805837418586       4   0 0  1 0  0 1  1 1  0
   128  -.3023967237246213       4   0 0  0 1  0 1  1 1  0
   129  -.1905257889821127       4   0 0  1 0  0 0  2 1  0
   130  -.2713579109685444       4   0 0  0 1  0 0  2 1  0
   131  0.1414144410009781       4   0 0  1 0  0 1  0 2  0
   132  0.1810232040909622       4   0 0  0 1  0 1  0 2  0
   133  0.1409421777045750       4   0 0  1 0  0 0  1 2  0
   134  0.1804186645935508       4   0 0  0 1  0 0  1 2  0
   135  -.1373515614903029E-01   4   0 0  1 0  0 0  0 3  0
   136  -.1907473533296248E-01   4   0 0  0 1  0 0  0 3  0
   -------------------------------------------------------
     I  COEFFICIENT            ORDER EXPONENTS
     1  -.1989574403436551       1   1 0  0 0  0 0  0 0  0
     2  -.4768420737630695E-01   1   0 1  0 0  0 0  0 0  0
     3   1.000000000000000       1   0 0  0 0  1 0  0 0  0
     4  0.1189819230255590       1   0 0  0 0  0 1  0 0  0
     5  -.1259719600976756       1   0 0  0 0  0 0  1 0  0
     6  0.6990037072116588E-02   1   0 0  0 0  0 0  0 1  0
     7  -.4025529358327915E-01   2   2 0  0 0  0 0  0 0  0
     8  -.3704354627078334E-01   2   1 1  0 0  0 0  0 0  0
     9  -.1192219614291004       2   0 2  0 0  0 0  0 0  0
    10  -.3154697025305700E-01   2   0 0  2 0  0 0  0 0  0
    11  0.3656385723787600E-01   2   0 0  1 1  0 0  0 0  0
    12  -.1192043092535392       2   0 0  0 2  0 0  0 0  0
    13  0.9873619400090985E-01   2   1 0  0 0  0 1  0 0  0
    14  0.2366043962229517E-01   2   0 1  0 0  0 1  0 0  0
    15  -.9922433736451307E-01   2   1 0  0 0  0 0  1 0  0
    16  -.2378482582527472E-01   2   0 1  0 0  0 0  1 0  0
    17  0.4881433636032221E-03   2   1 0  0 0  0 0  0 1  0
    18  0.4780859357928655E-01   2   0 1  0 0  0 0  0 1  0
    19  -.8913446718626185E-01   2   0 0  0 0  0 2  0 0  0
    20  0.6033694052550478E-01   2   0 0  0 0  0 1  1 0  0
    21  0.2986900741657264E-01   2   0 0  0 0  0 0  2 0  0
    22  -.1049929178540122E-02   2   0 0  0 0  0 1  0 1  0
    23  0.5897004739025515E-02   2   0 0  0 0  0 0  1 1  0
    24  -.5918556316300998E-02   2   0 0  0 0  0 0  0 2  0
    25  0.3619132371906808       3   3 0  0 0  0 0  0 0  0
    26  -.2178257053360591       3   2 1  0 0  0 0  0 0  0
    27  -.1006330383435117       3   1 2  0 0  0 0  0 0  0
    28  -.2356446900456950E-01   3   0 3  0 0  0 0  0 0  0
    29  -.1054152859976250       3   1 0  2 0  0 0  0 0  0
    30  0.1179506504342278       3   0 1  2 0  0 0  0 0  0
    31  0.4104968473116981       3   1 0  1 1  0 0  0 0  0
    32  0.3902767963584705       3   0 1  1 1  0 0  0 0  0
    33  -.9362901706156682E-01   3   1 0  0 2  0 0  0 0  0
    34  0.2682144238317610E-01   3   0 1  0 2  0 0  0 0  0
    35  0.2117970278227868E-01   3   2 0  0 0  0 1  0 0  0
    36  0.1667357142774034E-01   3   1 1  0 0  0 1  0 0  0
    37  0.1682937747155752       3   0 2  0 0  0 1  0 0  0
    38  0.7966209786469802E-01   3   0 0  2 0  0 1  0 0  0
    39  -.1717326500436561E-01   3   0 0  1 1  0 1  0 0  0
    40  0.1878128402446251       3   0 0  0 2  0 1  0 0  0
    41  -.1887790016936600E-01   3   2 0  0 0  0 0  1 0  0
    42  -.2017865155880159E-01   3   1 1  0 0  0 0  1 0  0
    43  0.4930475490368885E-01   3   0 2  0 0  0 0  1 0  0
    44  0.4805944527082578E-01   3   0 0  2 0  0 0  1 0  0
    45  0.1920413626999161E-01   3   0 0  1 1  0 0  1 0  0
    46  0.6877616963589389E-01   3   0 0  0 2  0 0  1 0  0
    47  -.2301802612912685E-02   3   2 0  0 0  0 0  0 1  0
    48  0.4054862640184459E-01   3   1 1  0 0  0 0  0 1  0
    49  0.2084539323893635E-01   3   0 2  0 0  0 0  0 1  0
    50  -.1277215431355238       3   0 0  2 0  0 0  0 1  0
    51  -.3859472850350205E-01   3   0 0  1 1  0 0  0 1  0
    52  -.1818039137344048E-01   3   0 0  0 2  0 0  0 1  0
    53  -.7597465328493098E-01   3   1 0  0 0  0 2  0 0  0
    54  -.7331518605556114E-02   3   0 1  0 0  0 2  0 0  0
    55  0.4603378701678825E-01   3   1 0  0 0  0 1  1 0  0
    56  0.3270764105198885E-01   3   0 1  0 0  0 1  1 0  0
    57  0.2277515610926474E-01   3   1 0  0 0  0 0  2 0  0
    58  0.1625969728235964E-01   3   0 1  0 0  0 0  2 0  0
    59  0.7179325552163806E-02   3   1 0  0 0  0 1  0 1  0
    60  -.6536548308546694E-01   3   0 1  0 0  0 1  0 1  0
    61  0.7640238129195350E-02   3   1 0  0 0  0 0  1 1  0
    62  -.1765738396615889E-01   3   0 1  0 0  0 0  1 1  0
    63  -.7653853522481185E-02   3   1 0  0 0  0 0  0 2  0
    64  -.6297160053473626E-02   3   0 1  0 0  0 0  0 2  0
    65  0.7479847366572019E-01   3   0 0  0 0  0 3  0 0  0
    66  -.4316660151158395E-01   3   0 0  0 0  0 2  1 0  0
    67  -.1315422231943779E-01   3   0 0  0 0  0 1  2 0  0
    68  -.1419428936765622E-01   3   0 0  0 0  0 0  3 0  0
    69  -.2959885113052972E-02   3   0 0  0 0  0 2  0 1  0
    70  -.8032233388966071E-02   3   0 0  0 0  0 1  1 1  0
    71  -.4000924410738727E-02   3   0 0  0 0  0 0  2 1  0
    72  0.8025930986076124E-02   3   0 0  0 0  0 1  0 2  0
    73  0.2120036366196253E-02   3   0 0  0 0  0 0  1 2  0
    74  0.5637150934432307E-03   3   0 0  0 0  0 0  0 3  0
    75  0.8732105499955098E-01   4   4 0  0 0  0 0  0 0  0
    76   1.636337961139167       4   3 1  0 0  0 0  0 0  0
    77  -.1795436703901470       4   2 2  0 0  0 0  0 0  0
    78  -.1785535972981433E-01   4   1 3  0 0  0 0  0 0  0
    79  -.7943085329938315E-01   4   0 4  0 0  0 0  0 0  0
    80  -.3109025151846496       4   2 0  2 0  0 0  0 0  0
    81  -.7553802240525640       4   1 1  2 0  0 0  0 0  0
    82  -.2899684410430695       4   0 2  2 0  0 0  0 0  0
    83  -.7901422184142755       4   0 0  4 0  0 0  0 0  0
    84  0.4736878337820123       4   2 0  1 1  0 0  0 0  0
    85  0.4215177931209940       4   1 1  1 1  0 0  0 0  0
    86  0.2041818716243962E-01   4   0 2  1 1  0 0  0 0  0
    87  0.2673804208809871E-01   4   0 0  3 1  0 0  0 0  0
    88  0.1344978818347377       4   2 0  0 2  0 0  0 0  0
    89  0.5472775938341457E-01   4   1 1  0 2  0 0  0 0  0
    90  -.1840906718614282       4   0 2  0 2  0 0  0 0  0
    91  -.1708972493894290       4   0 0  2 2  0 0  0 0  0
    92  -.1848667712760177E-01   4   0 0  1 3  0 0  0 0  0
    93  -.9292948600888853E-01   4   0 0  0 4  0 0  0 0  0
    94  -.1960942309792328       4   3 0  0 0  0 1  0 0  0
    95  0.2973240525219767       4   2 1  0 0  0 1  0 0  0
    96  0.1509422804766958       4   1 2  0 0  0 1  0 0  0
    97  0.1618555861493121E-01   4   0 3  0 0  0 1  0 0  0
    98  0.1036917109199570       4   1 0  2 0  0 1  0 0  0
    99  -.1739959300797022       4   0 1  2 0  0 1  0 0  0
   100  -.5999859570982159       4   1 0  1 1  0 1  0 0  0
   101  -.7799952715089903       4   0 1  1 1  0 1  0 0  0
   102  0.1498778222937857       4   1 0  0 2  0 1  0 0  0
   103  -.1151260443036077       4   0 1  0 2  0 1  0 0  0
   104  0.1640606442398775       4   3 0  0 0  0 0  1 0  0
   105  0.7995787160637018E-01   4   2 1  0 0  0 0  1 0  0
   106  0.5047617959535360E-01   4   1 2  0 0  0 0  1 0  0
   107  -.7275835644160428E-02   4   0 3  0 0  0 0  1 0  0
   108  -.1366953115963215E-02   4   1 0  2 0  0 0  1 0  0
   109  -.5625070143764029E-01   4   0 1  2 0  0 0  1 0  0
   110  -.1902226022388587       4   1 0  1 1  0 0  1 0  0
   111  -.3897159870542644       4   0 1  1 1  0 0  1 0  0
   112  0.5637259481394345E-01   4   1 0  0 2  0 0  1 0  0
   113  -.8809897552904719E-01   4   0 1  0 2  0 0  1 0  0
   114  -.3449583988066218       4   3 0  0 0  0 0  0 1  0
   115  -.1594562187922877       4   2 1  0 0  0 0  0 1  0
   116  -.1523833850259997E-03   4   1 2  0 0  0 0  0 1  0
   117  0.6178368404293769E-01   4   0 3  0 0  0 0  0 1  0
   118  -.1023247578039939       4   1 0  2 0  0 0  0 1  0
   119  0.1122959810831150       4   0 1  2 0  0 0  0 1  0
   120  0.3797117120253762       4   1 0  1 1  0 0  0 1  0
   121  0.3891576658463134       4   0 1  1 1  0 0  0 1  0
   122  -.1899238298459566E-01   4   1 0  0 2  0 0  0 1  0
   123  0.1227606926831265       4   0 1  0 2  0 0  0 1  0
   124  -.8348640087813219E-02   4   2 0  0 0  0 2  0 0  0
   125  -.1228093091805979E-02   4   1 1  0 0  0 2  0 0  0
   126  -.2057887742998568       4   0 2  0 0  0 2  0 0  0
   127  -.1131526296869299       4   0 0  2 0  0 2  0 0  0
   128  -.1501537029077668E-01   4   0 0  1 1  0 2  0 0  0
   129  -.2511263023183111       4   0 0  0 2  0 2  0 0  0
   130  0.2570251305200830E-01   4   2 0  0 0  0 1  1 0  0
   131  0.3092257018987790E-01   4   1 1  0 0  0 1  1 0  0
   132  -.7506887815627286E-01   4   0 2  0 0  0 1  1 0  0
   133  -.6707837143059277E-01   4   0 0  2 0  0 1  1 0  0
   134  -.6429054532703214E-01   4   0 0  1 1  0 1  1 0  0
   135  -.1266634103260444       4   0 0  0 2  0 1  1 0  0
   136  0.1277298616219159E-01   4   2 0  0 0  0 0  2 0  0
   137  0.1538179024761255E-01   4   1 1  0 0  0 0  2 0  0
   138  -.3768889116181369E-01   4   0 2  0 0  0 0  2 0  0
   139  -.3355948560581609E-01   4   0 0  2 0  0 0  2 0  0
   140  -.3200923432707412E-01   4   0 0  1 1  0 0  2 0  0
   141  -.6343238070320065E-01   4   0 0  0 2  0 0  2 0  0
   142  -.3018493565866054E-01   4   2 0  0 0  0 1  0 1  0
   143  -.6181352686174647E-01   4   1 1  0 0  0 1  0 1  0
   144  -.1823489739073977E-01   4   0 2  0 0  0 1  0 1  0
   145  0.2137215329397546       4   0 0  2 0  0 1  0 1  0
   146  0.1286678159173169       4   0 0  1 1  0 1  0 1  0
   147  0.6547749422879122E-01   4   0 0  0 2  0 1  0 1  0
   148  -.3237058520702546E-01   4   2 0  0 0  0 0  1 1  0
   149  -.2132884756749968E-01   4   1 1  0 0  0 0  1 1  0
   150  0.2532395768833587E-02   4   0 2  0 0  0 0  1 1  0
   151  0.8613789737139924E-01   4   0 0  2 0  0 0  1 1  0
   152  0.8990074144119720E-01   4   0 0  1 1  0 0  1 1  0
   153  0.4719966282476416E-01   4   0 0  0 2  0 0  1 1  0
   154  0.3242866173929940E-01   4   2 0  0 0  0 0  0 2  0
   155  0.1022560812778505E-02   4   1 1  0 0  0 0  0 2  0
   156  -.2341683904745147E-01   4   0 2  0 0  0 0  0 2  0
   157  -.8606894358781504E-01   4   0 0  2 0  0 0  0 2  0
   158  -.7068955017575487E-01   4   0 0  1 1  0 0  0 2  0
   159  -.2906799146661698E-01   4   0 0  0 2  0 0  0 2  0
   160  0.6551932083623083E-01   4   1 0  0 0  0 3  0 0  0
   161  -.5782403909368516E-02   4   0 1  0 0  0 3  0 0  0
   162  -.3149184794930674E-01   4   1 0  0 0  0 2  1 0  0
   163  -.3937422713455617E-01   4   0 1  0 0  0 2  1 0  0
   164  -.8598770159840886E-02   4   1 0  0 0  0 1  2 0  0
   165  -.2305212913515035E-01   4   0 1  0 0  0 1  2 0  0
   166  -.1033877182887293E-01   4   1 0  0 0  0 0  3 0  0
   167  -.1305196924082109E-01   4   0 1  0 0  0 0  3 0  0
   168  -.1311680798952386E-01   4   1 0  0 0  0 2  0 1  0
   169  0.7871599467933030E-01   4   0 1  0 0  0 2  0 1  0
   170  -.1188633781528123E-01   4   1 0  0 0  0 1  1 1  0
   171  0.2672978938344651E-01   4   0 1  0 0  0 1  1 1  0
   172  -.5935226572069693E-02   4   1 0  0 0  0 0  2 1  0
   173  0.1342894501053447E-01   4   0 1  0 0  0 0  2 1  0
   174  0.1188065134500064E-01   4   1 0  0 0  0 1  0 2  0
   175  0.5967335257146801E-02   4   0 1  0 0  0 1  0 2  0
   176  0.4238157350514945E-02   4   1 0  0 0  0 0  1 2  0
   177  -.3077637530195312E-03   4   0 1  0 0  0 0  1 2  0
   178  -.2703672168510789E-03   4   1 0  0 0  0 0  0 3  0
   179  0.4410636218764519E-02   4   0 1  0 0  0 0  0 3  0
   180  -.6623085838314079E-01   4   0 0  0 0  0 4  0 0  0
   181  0.3434822302185664E-01   4   0 0  0 0  0 3  1 0  0
   182  0.8393722624899316E-02   4   0 0  0 0  0 2  2 0  0
   183  0.5671933092291762E-02   4   0 0  0 0  0 1  3 0  0
   184  0.8424579276841985E-02   4   0 0  0 0  0 0  4 0  0
   185  0.6179789513545912E-02   4   0 0  0 0  0 3  0 1  0
   186  0.9667690219383088E-02   4   0 0  0 0  0 2  1 1  0
   187  0.5659422431639409E-02   4   0 0  0 0  0 1  2 1  0
   188  0.3212617903309036E-02   4   0 0  0 0  0 0  3 1  0
   189  -.9663701710430954E-02   4   0 0  0 0  0 2  0 2  0
   190  -.3278762567573406E-02   4   0 0  0 0  0 1  1 2  0
   191  -.1647251454675159E-02   4   0 0  0 0  0 0  2 2  0
   192  -.4905423232644144E-03   4   0 0  0 0  0 1  0 3  0
   193  0.7105212611163095E-04   4   0 0  0 0  0 0  1 3  0
   194  -.3179137707941993E-03   4   0 0  0 0  0 0  0 4  0
   -------------------------------------------------------
     I  COEFFICIENT            ORDER EXPONENTS
     1   1.000000000000000       1   0 0  0 0  0 1  0 0  0
     -----------------------------------------------------
     I  COEFFICIENT            ORDER EXPONENTS
     1   1.000000000000000       1   0 0  0 0  0 0  1 0  0
     -----------------------------------------------------
     I  COEFFICIENT            ORDER EXPONENTS
     1   1.000000000000000       1   0 0  0 0  0 0  0 1  0
     -----------------------------------------------------
