     I  COEFFICIENT            ORDER EXPONENTS
     1   1.000000000000000       1   1 0  0 0  0 0  0 0
     2  0.2701070000000000       1   0 1  0 0  0 0  0 0
     3  -.1352793874305592       2   0 1  0 0  0 1  0 0
     4  -.1348276125694408       2   0 1  0 0  0 0  1 0
     5  0.1350535000000000       3   0 3  0 0  0 0  0 0
     6  0.1350535000000000       3   0 1  0 2  0 0  0 0
     7  0.1014033520759364       3   0 1  0 0  0 2  0 0
     8  0.6775207070924556E-01   3   0 1  0 0  0 1  1 0
     9  0.1009515772148180       3   0 1  0 0  0 0  2 0
    10  -.2029190811458388       4   0 3  0 0  0 1  0 0
    11  -.2029190811458388       4   0 1  0 2  0 1  0 0
    12  -.2022414188541612       4   0 3  0 0  0 0  1 0
    13  -.2022414188541612       4   0 1  0 2  0 0  1 0
    14  -.8449328736174028E-01   4   0 1  0 0  0 3  0 0
    15  -.5073019414258832E-01   4   0 1  0 0  0 2  1 0
    16  -.5089791192128004E-01   4   0 1  0 0  0 1  2 0
    17  -.8398560657439133E-01   4   0 1  0 0  0 0  3 0
    ---------------------------------------------------
     I  COEFFICIENT            ORDER EXPONENTS
     1   1.000000000000000       1   0 1  0 0  0 0  0 0
     --------------------------------------------------
     I  COEFFICIENT            ORDER EXPONENTS
     1   1.000000000000000       1   0 0  1 0  0 0  0 0
     2  0.2701070000000000       1   0 0  0 1  0 0  0 0
     3  -.1352793874305592       2   0 0  0 1  0 1  0 0
     4  -.1348276125694408       2   0 0  0 1  0 0  1 0
     5  0.1350535000000000       3   0 2  0 1  0 0  0 0
     6  0.1350535000000000       3   0 0  0 3  0 0  0 0
     7  0.1014033520759364       3   0 0  0 1  0 2  0 0
     8  0.6775207070924556E-01   3   0 0  0 1  0 1  1 0
     9  0.1009515772148180       3   0 0  0 1  0 0  2 0
    10  -.2029190811458388       4   0 2  0 1  0 1  0 0
    11  -.2029190811458388       4   0 0  0 3  0 1  0 0
    12  -.2022414188541612       4   0 2  0 1  0 0  1 0
    13  -.2022414188541612       4   0 0  0 3  0 0  1 0
    14  -.8449328736174028E-01   4   0 0  0 1  0 3  0 0
    15  -.5073019414258832E-01   4   0 0  0 1  0 2  1 0
    16  -.5089791192128004E-01   4   0 0  0 1  0 1  2 0
    17  -.8398560657439133E-01   4   0 0  0 1  0 0  3 0
    ---------------------------------------------------
     I  COEFFICIENT            ORDER EXPONENTS
     1   1.000000000000000       1   0 0  0 1  0 0  0 0
     --------------------------------------------------
     I  COEFFICIENT            ORDER EXPONENTS
     1   1.000000000000000       1   0 0  0 0  1 0  0 0
     2  0.6730105147654535E-01   1   0 0  0 0  0 1  0 0
     3  -.6730105147654532E-01   1   0 0  0 0  0 0  1 0
     4  -.6763969371527960E-01   2   0 2  0 0  0 0  0 0
     5  -.6763969371527960E-01   2   0 0  0 2  0 0  0 0
     6  -.5056021327018322E-01   2   0 0  0 0  0 2  0 0
     7  0.3381937506382109E-01   2   0 0  0 0  0 1  1 0
     8  0.1674083820636212E-01   2   0 0  0 0  0 0  2 0
     9  0.1014033520759364       3   0 2  0 0  0 1  0 0
    10  0.1014033520759364       3   0 0  0 2  0 1  0 0
    11  0.3387603535462281E-01   3   0 2  0 0  0 0  1 0
    12  0.3387603535462281E-01   3   0 0  0 2  0 0  1 0
    13  0.4214769950793349E-01   3   0 0  0 0  0 3  0 0
    14  -.2532267198343402E-01   3   0 0  0 0  0 2  1 0
    15  -.8496703080387052E-02   3   0 0  0 0  0 1  2 0
    16  -.8328324444112396E-02   3   0 0  0 0  0 0  3 0
    17  -.5072977028645970E-01   4   0 4  0 0  0 0  0 0
    18  -.1014595405729194       4   0 2  0 2  0 0  0 0
    19  -.5072977028645970E-01   4   0 0  0 4  0 0  0 0
    20  -.1267399310426104       4   0 2  0 0  0 2  0 0
    21  -.1267399310426104       4   0 0  0 2  0 2  0 0
    22  -.5073019414258832E-01   4   0 2  0 0  0 1  1 0
    23  -.5073019414258832E-01   4   0 0  0 2  0 1  1 0
    24  -.2544895596064006E-01   4   0 2  0 0  0 0  2 0
    25  -.2544895596064006E-01   4   0 0  0 2  0 0  2 0
    26  -.3688454320115885E-01   4   0 0  0 0  0 4  0 0
    27  0.2109507428083493E-01   4   0 0  0 0  0 3  1 0
    28  0.6341396553898608E-02   4   0 0  0 0  0 2  2 0
    29  0.4269105377787957E-02   4   0 0  0 0  0 1  3 0
    30  0.5178966988637297E-02   4   0 0  0 0  0 0  4 0
    ---------------------------------------------------
     I  COEFFICIENT            ORDER EXPONENTS
     1   1.000000000000000       1   0 0  0 0  0 1  0 0
     --------------------------------------------------
     I  COEFFICIENT            ORDER EXPONENTS
     1   1.000000000000000       1   0 0  0 0  0 0  1 0
     --------------------------------------------------
     I  COEFFICIENT            ORDER EXPONENTS
     1   1.000000000000000       1   0 0  0 0  0 0  0 1
     --------------------------------------------------
