     I  COEFFICIENT            ORDER EXPONENTS
     1   1.000000000000000       1   1 0  0 0  0 0  0 0  0
     2   1.394631000000000       1   0 1  0 0  0 0  0 0  0
     3  -.6984818141390937       2   0 1  0 0  0 1  0 0  0
     4  -.6961491858609062       2   0 1  0 0  0 0  1 0  0
     5  0.6973155000000000       3   0 3  0 0  0 0  0 0  0
     6  0.6973155000000000       3   0 1  0 2  0 0  0 0  0
     7  0.5235712451325409       3   0 1  0 0  0 2  0 0  0
     8  0.3498211380131054       3   0 1  0 0  0 1  1 0  0
     9  0.5212386168543536       3   0 1  0 0  0 0  2 0  0
    10  -1.047722721208641       4   0 3  0 0  0 1  0 0  0
    11  -1.047722721208641       4   0 1  0 2  0 1  0 0  0
    12  -1.044223778791359       4   0 3  0 0  0 0  1 0  0
    13  -1.044223778791359       4   0 1  0 2  0 0  1 0  0
    14  -.4362602888728956       4   0 1  0 0  0 3  0 0  0
    15  -.2619328687789361       4   0 1  0 0  0 2  1 0  0
    16  -.2627988382407220       4   0 1  0 0  0 1  2 0  0
    17  -.4336390041074462       4   0 1  0 0  0 0  3 0  0
    ------------------------------------------------------
     I  COEFFICIENT            ORDER EXPONENTS
     1   1.000000000000000       1   0 1  0 0  0 0  0 0  0
     -----------------------------------------------------
     I  COEFFICIENT            ORDER EXPONENTS
     1   1.000000000000000       1   0 0  1 0  0 0  0 0  0
     2   1.394631000000000       1   0 0  0 1  0 0  0 0  0
     3  -.6984818141390937       2   0 0  0 1  0 1  0 0  0
     4  -.6961491858609062       2   0 0  0 1  0 0  1 0  0
     5  0.6973155000000000       3   0 2  0 1  0 0  0 0  0
     6  0.6973155000000000       3   0 0  0 3  0 0  0 0  0
     7  0.5235712451325409       3   0 0  0 1  0 2  0 0  0
     8  0.3498211380131054       3   0 0  0 1  0 1  1 0  0
     9  0.5212386168543536       3   0 0  0 1  0 0  2 0  0
    10  -1.047722721208641       4   0 2  0 1  0 1  0 0  0
    11  -1.047722721208641       4   0 0  0 3  0 1  0 0  0
    12  -1.044223778791359       4   0 2  0 1  0 0  1 0  0
    13  -1.044223778791359       4   0 0  0 3  0 0  1 0  0
    14  -.4362602888728956       4   0 0  0 1  0 3  0 0  0
    15  -.2619328687789361       4   0 0  0 1  0 2  1 0  0
    16  -.2627988382407220       4   0 0  0 1  0 1  2 0  0
    17  -.4336390041074462       4   0 0  0 1  0 0  3 0  0
    ------------------------------------------------------
     I  COEFFICIENT            ORDER EXPONENTS
     1   1.000000000000000       1   0 0  0 1  0 0  0 0  0
     -----------------------------------------------------
     I  COEFFICIENT            ORDER EXPONENTS
     1   1.000000000000000       1   0 0  0 0  1 0  0 0  0
     2  0.3474924112362357       1   0 0  0 0  0 1  0 0  0
     3  -.3474924112362356       1   0 0  0 0  0 0  1 0  0
     4  -.3492409070695469       2   0 2  0 0  0 0  0 0  0
     5  -.3492409070695469       2   0 0  0 2  0 0  0 0  0
     6  -.2610552143898858       2   0 0  0 0  0 2  0 0  0
     7  0.1746180175435360       2   0 0  0 0  0 1  1 0  0
     8  0.8643719684634976E-01   2   0 0  0 0  0 0  2 0  0
     9  0.5235712451325412       3   0 2  0 0  0 1  0 0  0
    10  0.5235712451325412       3   0 0  0 2  0 1  0 0  0
    11  0.1749105690065527       3   0 2  0 0  0 0  1 0  0
    12  0.1749105690065527       3   0 0  0 2  0 0  1 0  0
    13  0.2176192705574042       3   0 0  0 0  0 3  0 0  0
    14  -.1307473828924410       3   0 0  0 0  0 2  1 0  0
    15  -.4387063465109485E-01   3   0 0  0 0  0 1  2 0  0
    16  -.4300125301386826E-01   3   0 0  0 0  0 0  3 0  0
    17  -.2619306803021602       4   0 4  0 0  0 0  0 0  0
    18  -.5238613606043204       4   0 2  0 2  0 0  0 0  0
    19  -.2619306803021602       4   0 0  0 4  0 0  0 0  0
    20  -.6543904333093435       4   0 2  0 0  0 2  0 0  0
    21  -.6543904333093435       4   0 0  0 2  0 2  0 0  0
    22  -.2619328687789361       4   0 2  0 0  0 1  1 0  0
    23  -.2619328687789361       4   0 0  0 2  0 1  1 0  0
    24  -.1313994191203613       4   0 2  0 0  0 0  2 0  0
    25  -.1313994191203613       4   0 0  0 2  0 0  2 0  0
    26  -.1904442586425948       4   0 0  0 0  0 4  0 0  0
    27  0.1089192228981666       4   0 0  0 0  0 3  1 0  0
    28  0.3274223999141144E-01   4   0 0  0 0  0 2  2 0  0
    29  0.2204247465682044E-01   4   0 0  0 0  0 1  3 0  0
    30  0.2674032109619603E-01   4   0 0  0 0  0 0  4 0  0
    ------------------------------------------------------
     I  COEFFICIENT            ORDER EXPONENTS
     1   1.000000000000000       1   0 0  0 0  0 1  0 0  0
     -----------------------------------------------------
     I  COEFFICIENT            ORDER EXPONENTS
     1   1.000000000000000       1   0 0  0 0  0 0  1 0  0
     -----------------------------------------------------
     I  COEFFICIENT            ORDER EXPONENTS
     1   1.000000000000000       1   0 0  0 0  0 0  0 1  0
     -----------------------------------------------------
