     I  COEFFICIENT            ORDER EXPONENTS
     1  0.8728475893531939E-04   0   0 0  0 0  0 0  0 0
     2  0.8265515145887756       1   1 0  0 0  0 0  0 0
     3  0.3381799091829724       1   0 1  0 0  0 0  0 0
     4  -.2292257877683926E-04   1   0 0  1 0  0 0  0 0
     5  -.1476270080091552E-05   1   0 0  0 1  0 0  0 0
     6  0.1285557134951812E-05   1   0 0  0 0  0 1  0 0
     7  0.1281263928077212E-05   1   0 0  0 0  0 0  1 0
     8  -.2566821063028882E-05   1   0 0  0 0  0 0  0 1
     9  0.1361594792752463E-03   2   2 0  0 0  0 0  0 0
    10  -.2452281149022756E-04   2   1 1  0 0  0 0  0 0
    11  -.9532243321151250E-05   2   0 2  0 0  0 0  0 0
    12  0.1540795309342959E-04   2   1 0  1 0  0 0  0 0
    13  -.5040577798867716E-05   2   0 1  1 0  0 0  0 0
    14  -.1381438558982011E-03   2   0 0  2 0  0 0  0 0
    15  -.9742504556158969E-07   2   1 0  0 1  0 0  0 0
    16  -.2737044426179289E-06   2   0 1  0 1  0 0  0 0
    17  -.8026160397532425E-05   2   0 0  1 1  0 0  0 0
    18  -.6262622953370499E-05   2   0 0  0 2  0 0  0 0
    19  0.8481674360606634E-01   2   1 0  0 0  0 1  0 0
    20  -.1633704189471846       2   0 1  0 0  0 1  0 0
    21  0.1147983147992385E-04   2   0 0  1 0  0 1  0 0
    22  0.1478519322106543E-05   2   0 0  0 1  0 1  0 0
    23  0.8453349223059115E-01   2   1 0  0 0  0 0  1 0
    24  -.1628248321454365       2   0 1  0 0  0 0  1 0
    25  0.1144149378952615E-04   2   0 0  1 0  0 0  1 0
    26  0.1473581704675818E-05   2   0 0  0 1  0 0  1 0
    27  -.1693502358366576       2   1 0  0 0  0 0  0 1
    28  -.1198465809035073E-01   2   0 1  0 0  0 0  0 1
    29  -.2292132526933848E-04   2   0 0  1 0  0 0  0 1
    30  -.1475830946831154E-05   2   0 0  0 1  0 0  0 1
    31  -.9832945011998530E-06   2   0 0  0 0  0 2  0 0
    32  -.6830331641672012E-06   2   0 0  0 0  0 1  1 0
    33  -.9788702029609927E-06   2   0 0  0 0  0 0  2 0
    34  0.1364052142141084E-05   2   0 0  0 0  0 1  0 1
    35  0.1359496795766587E-05   2   0 0  0 0  0 0  1 1
    36  -.7836507561719428E-07   2   0 0  0 0  0 0  0 2
    37  0.6252458716596407E-01   3   3 0  0 0  0 0  0 0
    38  -.2414222141398437       3   2 1  0 0  0 0  0 0
    39  -.2807034305569035       3   1 2  0 0  0 0  0 0
    40  0.1360587730959403       3   0 3  0 0  0 0  0 0
    41  0.3456665876921702E-04   3   2 0  1 0  0 0  0 0
    42  0.5300749326950866E-04   3   1 1  1 0  0 0  0 0
    43  -.2811386246563605E-04   3   0 2  1 0  0 0  0 0
    44  -.1198834458090099       3   1 0  2 0  0 0  0 0
    45  -.5398442760986177       3   0 1  2 0  0 0  0 0
    46  -.2211532860452946E-04   3   0 0  3 0  0 0  0 0
    47  -.4068468638684876E-04   3   2 0  0 1  0 0  0 0
    48  -.1063079793747820E-04   3   1 1  0 1  0 0  0 0
    49  -.5288238606720359E-05   3   0 2  0 1  0 0  0 0
    50  -.9892973837200039E-01   3   1 0  1 1  0 0  0 0
    51  -.3243676402719350E-01   3   0 1  1 1  0 0  0 0
    52  -.9782605142879686E-04   3   0 0  2 1  0 0  0 0
    53  -.1659836137342109       3   1 0  0 2  0 0  0 0
    54  0.1427400482945446       3   0 1  0 2  0 0  0 0
    55  -.4136065240997770E-04   3   0 0  1 2  0 0  0 0
    56  -.5074178587932280E-05   3   0 0  0 3  0 0  0 0
    57  -.6814154318483951E-04   3   2 0  0 0  0 1  0 0
    58  0.1661270569837047E-04   3   1 1  0 0  0 1  0 0
    59  0.1347328277672050E-04   3   0 2  0 0  0 1  0 0
    60  -.7475263943642255E-05   3   1 0  1 0  0 1  0 0
    61  0.5154329737247995E-05   3   0 1  1 0  0 1  0 0
    62  0.7394688961624645E-04   3   0 0  2 0  0 1  0 0
    63  0.1211759324040189E-06   3   1 0  0 1  0 1  0 0
    64  0.4503087744881452E-06   3   0 1  0 1  0 1  0 0
    65  0.1205105576409818E-04   3   0 0  1 1  0 1  0 0
    66  0.9536833415406355E-05   3   0 0  0 2  0 1  0 0
    67  -.6791397979330293E-04   3   2 0  0 0  0 0  1 0
    68  0.1655722641987752E-04   3   1 1  0 0  0 0  1 0
    69  0.1342828781798404E-04   3   0 2  0 0  0 0  1 0
    70  -.7450299783217675E-05   3   1 0  1 0  0 0  1 0
    71  0.5137116496964824E-05   3   0 1  1 0  0 0  1 0
    72  0.7369993886919527E-04   3   0 0  2 0  0 0  1 0
    73  0.1207712570052898E-06   3   1 0  0 1  0 0  1 0
    74  0.4488049372226021E-06   3   0 1  0 1  0 0  1 0
    75  0.1201081043073653E-04   3   0 0  1 1  0 0  1 0
    76  0.9504984501290211E-05   3   0 0  0 2  0 0  1 0
    77  0.1360555229781427E-03   3   2 0  0 0  0 0  0 1
    78  -.8647120628143988E-05   3   1 1  0 0  0 0  0 1
    79  -.7837083952426594E-05   3   0 2  0 0  0 0  0 1
    80  0.1492556372685979E-04   3   1 0  1 0  0 0  0 1
    81  -.5250868435345171E-05   3   0 1  1 0  0 0  0 1
    82  -.1476468284854427E-03   3   0 0  2 0  0 0  0 1
    83  -.1445221438476649E-06   3   1 0  0 1  0 0  0 1
    84  -.3517048264750111E-06   3   0 1  0 1  0 0  0 1
    85  -.1603570579730276E-04   3   0 0  1 1  0 0  0 1
    86  -.6516572009980470E-05   3   0 0  0 2  0 0  0 1
    87  -.6254525340526990E-01   3   1 0  0 0  0 2  0 0
    88  0.1193891713048592       3   0 1  0 0  0 2  0 0
    89  -.8602135412473176E-05   3   0 0  1 0  0 2  0 0
    90  -.1479606367488549E-05   3   0 0  0 1  0 2  0 0
    91  -.4042159682994387E-01   3   1 0  0 0  0 1  1 0
    92  0.7569989572649971E-01   3   0 1  0 0  0 1  1 0
    93  -.5744356929252355E-05   3   0 0  1 0  0 1  1 0
    94  -.1479095730217120E-05   3   0 0  0 1  0 1  1 0
    95  -.6226888385239180E-01   3   1 0  0 0  0 0  2 0
    96  0.1188640604023502       3   0 1  0 0  0 0  2 0
    97  -.8563816148495692E-05   3   0 0  1 0  0 0  2 0
    98  -.1472195348601680E-05   3   0 0  0 1  0 0  2 0
    99  0.8069543634735783E-01   3   1 0  0 0  0 1  0 1
   100  0.1226245011247232E-01   3   0 1  0 0  0 1  0 1
   101  0.1147072298558439E-04   3   0 0  1 0  0 1  0 1
   102  0.1474923165646314E-05   3   0 0  0 1  0 1  0 1
   103  0.8042594836222472E-01   3   1 0  0 0  0 0  1 1
   104  0.1222149881307807E-01   3   0 1  0 0  0 0  1 1
   105  0.1143241571363267E-04   3   0 0  1 0  0 0  1 1
   106  0.1469997557828514E-05   3   0 0  0 1  0 0  1 1
   107  0.4114404564174066E-02   3   1 0  0 0  0 0  0 2
   108  -.2573298850059262E-03   3   0 1  0 0  0 0  0 2
   109  0.8116890528581002E-08   3   0 0  1 0  0 0  0 2
   110  0.2808075648557807E-08   3   0 0  0 1  0 0  0 2
   111  0.8321773052327562E-06   3   0 0  0 0  0 3  0 0
   112  0.5304589685792697E-06   3   0 0  0 0  0 2  1 0
   113  0.5319564608648884E-06   3   0 0  0 0  0 1  2 0
   114  0.8271258561612774E-06   3   0 0  0 0  0 0  3 0
   115  -.1060421135119685E-05   3   0 0  0 0  0 2  0 1
   116  -.7588029083716576E-06   3   0 0  0 0  0 1  1 1
   117  -.1055612748032718E-05   3   0 0  0 0  0 0  2 1
   118  0.7576870629441630E-07   3   0 0  0 0  0 1  0 2
   119  0.7551567146470117E-07   3   0 0  0 0  0 0  1 2
   120  0.1815257831456174E-08   3   0 0  0 0  0 0  0 3
   121  0.2020875607919899E-03   4   4 0  0 0  0 0  0 0
   122  -.7302013616999333E-04   4   3 1  0 0  0 0  0 0
   123  -.3327701052874913E-04   4   2 2  0 0  0 0  0 0
   124  0.1930989829405097E-03   4   1 3  0 0  0 0  0 0
   125  -.1155349028478779E-03   4   0 4  0 0  0 0  0 0
   126  0.1474313693446696E-04   4   3 0  1 0  0 0  0 0
   127  -.8645352119811761E-05   4   2 1  1 0  0 0  0 0
   128  0.8729228643233931E-05   4   1 2  1 0  0 0  0 0
   129  -.5089743359737745E-05   4   0 3  1 0  0 0  0 0
   130  0.5938103993257852E-03   4   2 0  2 0  0 0  0 0
   131  0.6483574340356609E-04   4   1 1  2 0  0 0  0 0
   132  0.1613099812650772E-03   4   0 2  2 0  0 0  0 0
   133  0.5783817640205388E-04   4   1 0  3 0  0 0  0 0
   134  -.9576153655651963E-05   4   0 1  3 0  0 0  0 0
   135  0.3532619866496808E-08   4   0 0  4 0  0 0  0 0
   136  0.1215665727531940E-04   4   3 0  0 1  0 0  0 0
   137  -.1023638018405561E-04   4   2 1  0 1  0 0  0 0
   138  0.9441615207541348E-05   4   1 2  0 1  0 0  0 0
   139  -.6430428167386647E-05   4   0 3  0 1  0 0  0 0
   140  0.4266950935701939E-03   4   2 0  1 1  0 0  0 0
   141  -.2315944737341431E-03   4   1 1  1 1  0 0  0 0
   142  -.5109228272211887E-04   4   0 2  1 1  0 0  0 0
   143  0.7065301194398100E-04   4   1 0  2 1  0 0  0 0
   144  -.4463148504466746E-04   4   0 1  2 1  0 0  0 0
   145  0.5966542744315390E-08   4   0 0  3 1  0 0  0 0
   146  0.2128778502537864E-03   4   2 0  0 2  0 0  0 0
   147  0.2189337670129086E-03   4   1 1  0 2  0 0  0 0
   148  -.1548940372926689E-03   4   0 2  0 2  0 0  0 0
   149  0.4104629986451151E-04   4   1 0  1 2  0 0  0 0
   150  -.1305539026360936E-04   4   0 1  1 2  0 0  0 0
   151  0.6925477944345852E-04   4   0 0  2 2  0 0  0 0
   152  0.1247631344742596E-04   4   1 0  0 3  0 0  0 0
   153  -.7223610536865807E-05   4   0 1  0 3  0 0  0 0
   154  0.4162743560465793E-05   4   0 0  1 3  0 0  0 0
   155  -.2915615126420398E-04   4   0 0  0 4  0 0  0 0
   156  -.3205838076370970E-01   4   3 0  0 0  0 1  0 0
   157  0.1311697552976761       4   2 1  0 0  0 1  0 0
   158  0.3875351364565253       4   1 2  0 0  0 1  0 0
   159  -.1867002125714436       4   0 3  0 0  0 1  0 0
   160  -.2822132537251196E-04   4   2 0  1 0  0 1  0 0
   161  -.7704499518350223E-04   4   1 1  1 0  0 1  0 0
   162  0.3926330018331264E-04   4   0 2  1 0  0 1  0 0
   163  0.1195930096456121       4   1 0  2 0  0 1  0 0
   164  0.5599936262455747       4   0 1  2 0  0 1  0 0
   165  0.2539352821096584E-04   4   0 0  3 0  0 1  0 0
   166  0.3043879884655940E-04   4   2 0  0 1  0 1  0 0
   167  0.1028422511469095E-04   4   1 1  0 1  0 1  0 0
   168  0.1013644884992908E-04   4   0 2  0 1  0 1  0 0
   169  0.1416269785673869       4   1 0  1 1  0 1  0 0
   170  0.6486871961606532E-01   4   0 1  1 1  0 1  0 0
   171  0.1157734933181878E-03   4   0 0  2 1  0 1  0 0
   172  0.2431508786166290       4   1 0  0 2  0 1  0 0
   173  -.1978473367251138       4   0 1  0 2  0 1  0 0
   174  0.6580938079657052E-04   4   0 0  1 2  0 1  0 0
   175  0.1032378309199714E-04   4   0 0  0 3  0 1  0 0
   176  -.3195131958615363E-01   4   3 0  0 0  0 0  1 0
   177  0.1307317048370095       4   2 1  0 0  0 0  1 0
   178  0.3862409360925498       4   1 2  0 0  0 0  1 0
   179  -.1860767143119735       4   0 3  0 0  0 0  1 0
   180  -.2812707830654651E-04   4   2 0  1 0  0 0  1 0
   181  -.7678769809885328E-04   4   1 1  1 0  0 0  1 0
   182  0.3913217767955019E-04   4   0 2  1 0  0 0  1 0
   183  0.1191936205269084       4   1 0  2 0  0 0  1 0
   184  0.5581234888393533       4   0 1  2 0  0 0  1 0
   185  0.2530872476900760E-04   4   0 0  3 0  0 0  1 0
   186  0.3033714637471778E-04   4   2 0  0 1  0 0  1 0
   187  0.1024988023435808E-04   4   1 1  0 1  0 0  1 0
   188  0.1010259747864252E-04   4   0 2  0 1  0 0  1 0
   189  0.1411540054870953       4   1 0  1 1  0 0  1 0
   190  0.6465208604496551E-01   4   0 1  1 1  0 0  1 0
   191  0.1153868597381894E-03   4   0 0  2 1  0 0  1 0
   192  0.2423388594575782       4   1 0  0 2  0 0  1 0
   193  -.1971866118743549       4   0 1  0 2  0 0  1 0
   194  0.6558960582246561E-04   4   0 0  1 2  0 0  1 0
   195  0.1028930610506532E-04   4   0 0  0 3  0 0  1 0
   196  0.6400970034986500E-01   4   3 0  0 0  0 0  0 1
   197  -.2047924599484031E-01   4   2 1  0 0  0 0  0 1
   198  -.2123692114352694       4   1 2  0 0  0 0  0 1
   199  -.3539939240440505E-01   4   0 3  0 0  0 0  0 1
   200  0.5634840367905917E-04   4   2 0  1 0  0 0  0 1
   201  0.1008252000128483E-03   4   1 1  1 0  0 0  0 1
   202  -.2216775293159096E-04   4   0 2  1 0  0 0  0 1
   203  -.2387866301725192       4   1 0  2 0  0 0  0 1
   204  -.5782728389863141       4   0 1  2 0  0 0  0 1
   205  -.5070225297995891E-04   4   0 0  3 0  0 0  0 1
   206  -.2009125883442740E-04   4   2 0  0 1  0 0  0 1
   207  0.7274905259069983E-06   4   1 1  0 1  0 0  0 1
   208  -.4374330508410144E-05   4   0 2  0 1  0 0  0 1
   209  -.1838512456824929       4   1 0  1 1  0 0  0 1
   210  -.6464727760664585E-01   4   0 1  1 1  0 0  0 1
   211  -.1333343016275652E-03   4   0 0  2 1  0 0  0 1
   212  -.1535225106057834       4   1 0  0 2  0 0  0 1
   213  -.3318619628416971E-01   4   0 1  0 2  0 0  0 1
   214  -.4867768179907967E-04   4   0 0  1 2  0 0  0 1
   215  -.5390553433264573E-05   4   0 0  0 3  0 0  0 1
   216  0.6478271830151357E-04   4   2 0  0 0  0 2  0 0
   217  0.2203122478983877E-03   4   1 1  0 0  0 2  0 0
   218  -.1840405925355182E-03   4   0 2  0 0  0 2  0 0
   219  0.8631752800518997E-05   4   1 0  1 0  0 2  0 0
   220  -.1388303164646862E-05   4   0 1  1 0  0 2  0 0
   221  0.8921452418607308E-04   4   0 0  2 0  0 2  0 0
   222  0.9563913679263941E-05   4   1 0  0 1  0 2  0 0
   223  -.7643359823559789E-05   4   0 1  0 1  0 2  0 0
   224  0.9374251460674505E-05   4   0 0  1 1  0 2  0 0
   225  -.7208277954647366E-04   4   0 0  0 2  0 2  0 0
   226  0.2772956816394513E-04   4   2 0  0 0  0 1  1 0
   227  0.2589079753150375E-03   4   1 1  0 0  0 1  1 0
   228  -.2095706892356592E-03   4   0 2  0 0  0 1  1 0
   229  0.7114924891781782E-05   4   1 0  1 0  0 1  1 0
   230  -.9045994502403307E-06   4   0 1  1 0  0 1  1 0
   231  0.1089255720681916E-03   4   0 0  2 0  0 1  1 0
   232  0.1131266195845329E-04   4   1 0  0 1  0 1  1 0
   233  -.8748242833625898E-05   4   0 1  0 1  0 1  1 0
   234  0.1454419069630862E-04   4   0 0  1 1  0 1  1 0
   235  -.8306493536606084E-04   4   0 0  0 2  0 1  1 0
   236  0.6452006953334955E-04   4   2 0  0 0  0 0  2 0
   237  0.2191441793885180E-03   4   1 1  0 0  0 0  2 0
   238  -.1830760383626828E-03   4   0 2  0 0  0 0  2 0
   239  0.8591046074019982E-05   4   1 0  1 0  0 0  2 0
   240  -.1382156344124562E-05   4   0 1  1 0  0 0  2 0
   241  0.8873470388156480E-04   4   0 0  2 0  0 0  2 0
   242  0.9513084620621596E-05   4   1 0  0 1  0 0  2 0
   243  -.7603226614639554E-05   4   0 1  0 1  0 0  2 0
   244  0.9318659835368527E-05   4   0 0  1 1  0 0  2 0
   245  -.7170335357838784E-04   4   0 0  0 2  0 0  2 0
   246  -.2155728180103427E-04   4   2 0  0 0  0 1  0 1
   247  -.1377676822044025E-03   4   1 1  0 0  0 1  0 1
   248  -.4106047482579368E-04   4   0 2  0 0  0 1  0 1
   249  -.1201485734877999E-04   4   1 0  1 0  0 1  0 1
   250  0.9698326320353681E-06   4   0 1  1 0  0 1  0 1
   251  -.7430876832286608E-04   4   0 0  2 0  0 1  0 1
   252  -.7192400279164450E-05   4   1 0  0 1  0 1  0 1
   253  -.1768318895304208E-05   4   0 1  0 1  0 1  0 1
   254  -.8308691365840494E-05   4   0 0  1 1  0 1  0 1
   255  -.6607693817537104E-05   4   0 0  0 2  0 1  0 1
   256  -.2148528976901273E-04   4   2 0  0 0  0 0  1 1
   257  -.1373075975109643E-03   4   1 1  0 0  0 0  1 1
   258  -.4092335053314118E-04   4   0 2  0 0  0 0  1 1
   259  -.1197473290252691E-04   4   1 0  1 0  0 0  1 1
   260  0.9665938089524665E-06   4   0 1  1 0  0 0  1 1
   261  -.7406060905687167E-04   4   0 0  2 0  0 0  1 1
   262  -.7168380761491135E-05   4   1 0  0 1  0 0  1 1
   263  -.1762413472175724E-05   4   0 1  0 1  0 0  1 1
   264  -.8280943916955827E-05   4   0 0  1 1  0 0  1 1
   265  -.6585626967491201E-05   4   0 0  0 2  0 0  1 1
   266  -.5204901553146621E-04   4   2 0  0 0  0 0  0 2
   267  -.1715067836963974E-04   4   1 1  0 0  0 0  0 2
   268  -.7901279912048822E-06   4   0 2  0 0  0 0  0 2
   269  0.1192253293903802E-05   4   1 0  1 0  0 0  0 2
   270  0.4292067917660081E-06   4   0 1  1 0  0 0  0 2
   271  0.4041661626847549E-09   4   0 0  2 0  0 0  0 2
   272  -.2769346360063791E-06   4   1 0  0 1  0 0  0 2
   273  0.9355785883731931E-08   4   0 1  0 1  0 0  0 2
   274  0.9465468624695680E-10   4   0 0  1 1  0 0  0 2
   275  0.3301441409229235E-07   4   0 0  0 2  0 0  0 2
   276  0.5142608250044263E-01   4   1 0  0 0  0 3  0 0
   277  -.9740349944658355E-01   4   0 1  0 0  0 3  0 0
   278  0.7166356579054836E-05   4   0 0  1 0  0 3  0 0
   279  0.1477073873910327E-05   4   0 0  0 1  0 3  0 0
   280  0.2922523158636410E-01   4   1 0  0 0  0 2  1 0
   281  -.5350648335809997E-01   4   0 1  0 0  0 2  1 0
   282  0.4299094511779090E-05   4   0 0  1 0  0 2  1 0
   283  0.1473613428815983E-05   4   0 0  0 1  0 2  1 0
   284  0.2933558318849331E-01   4   1 0  0 0  0 1  2 0
   285  -.5372474956418797E-01   4   0 1  0 0  0 1  2 0
   286  0.4313337754884638E-05   4   0 0  1 0  0 1  2 0
   287  0.1473606053318384E-05   4   0 0  0 1  0 1  2 0
   288  0.5111983515500400E-01   4   1 0  0 0  0 0  3 0
   289  -.9682652675853495E-01   4   0 1  0 0  0 0  3 0
   290  0.7123303309835308E-05   4   0 0  1 0  0 0  3 0
   291  0.1467222316501889E-05   4   0 0  0 1  0 0  3 0
   292  -.5841289563833176E-01   4   1 0  0 0  0 2  0 1
   293  -.1245068102595752E-01   4   0 1  0 0  0 2  0 1
   294  -.8592531034911025E-05   4   0 0  1 0  0 2  0 1
   295  -.1472387085714563E-05   4   0 0  0 1  0 2  0 1
   296  -.3627828312406908E-01   4   1 0  0 0  0 1  1 1
   297  -.1263751795946667E-01   4   0 1  0 0  0 1  1 1
   298  -.5733434996222378E-05   4   0 0  1 0  0 1  1 1
   299  -.1469851495174892E-05   4   0 0  0 1  0 1  1 1
   300  -.5815724482092808E-01   4   1 0  0 0  0 0  2 1
   301  -.1238799918423045E-01   4   0 1  0 0  0 0  2 1
   302  -.8554262082690544E-05   4   0 0  1 0  0 0  2 1
   303  -.1465015611998915E-05   4   0 0  0 1  0 0  2 1
   304  -.4143420194790332E-02   4   1 0  0 0  0 1  0 2
   305  0.3757510602350329E-03   4   0 1  0 0  0 1  0 2
   306  -.1216101668323393E-07   4   0 0  1 0  0 1  0 2
   307  -.5622419129178421E-08   4   0 0  0 1  0 1  0 2
   308  -.4129582956770025E-02   4   1 0  0 0  0 0  1 2
   309  0.3744962136078185E-03   4   0 1  0 0  0 0  1 2
   310  -.1212040412763126E-07   4   0 0  1 0  0 0  1 2
   311  -.5603642671992593E-08   4   0 0  0 1  0 0  1 2
   312  0.1473134107057587E-04   4   1 0  0 0  0 0  0 3
   313  0.7247460391499331E-05   4   0 1  0 0  0 0  0 3
   314  0.2682546586091782E-08   4   0 0  1 0  0 0  0 3
   315  0.9339449482570600E-09   4   0 0  0 1  0 0  0 3
   316  -.2233202740311113E-04   4   0 0  0 0  0 4  0 0
   317  -.1140815619550784E-04   4   0 0  0 0  0 3  1 0
   318  -.9954189546552621E-05   4   0 0  0 0  0 2  2 0
   319  -.1148541212113142E-04   4   0 0  0 0  0 1  3 0
   320  -.2216403591372667E-04   4   0 0  0 0  0 0  4 0
   321  -.2183685355579178E-05   4   0 0  0 0  0 3  0 1
   322  -.2632664647057552E-05   4   0 0  0 0  0 2  1 1
   323  -.2630379019957382E-05   4   0 0  0 0  0 1  2 1
   324  -.2168365242008180E-05   4   0 0  0 0  0 0  3 1
   325  0.5650754267431791E-07   4   0 0  0 0  0 2  0 2
   326  0.7979231299747324E-07   4   0 0  0 0  0 1  1 2
   327  0.5618559586015852E-07   4   0 0  0 0  0 0  2 2
   328  0.9312796364383136E-09   4   0 0  0 0  0 1  0 3
   329  0.9281695637479692E-09   4   0 0  0 0  0 0  1 3
   ----------------------------------------------------
     I  COEFFICIENT            ORDER EXPONENTS
     1  -.4168956360126027E-04   0   0 0  0 0  0 0  0 0
     2  -.9368166781142753       1   1 0  0 0  0 0  0 0
     3  0.8265515315207550       1   0 1  0 0  0 0  0 0
     4  -.1313411475782763E-03   1   0 0  1 0  0 0  0 0
     5  -.2292149149905843E-04   1   0 0  0 1  0 0  0 0
     6  -.4122151294514315E-06   1   0 0  0 0  0 1  0 0
     7  -.4108385085456019E-06   1   0 0  0 0  0 0  1 0
     8  -.4086650996326331E-04   1   0 0  0 0  0 0  0 1
     9  -.9426879650436673E-05   2   2 0  0 0  0 0  0 0
    10  -.2522386582193868E-03   2   1 1  0 0  0 0  0 0
    11  -.2853601461121705E-04   2   0 2  0 0  0 0  0 0
    12  -.2831250595231831E-04   2   1 0  1 0  0 0  0 0
    13  -.2127882807141403E-04   2   0 1  1 0  0 0  0 0
    14  0.1002158815172819E-03   2   0 0  2 0  0 0  0 0
    15  -.1850326393045914E-04   2   1 0  0 1  0 0  0 0
    16  -.7160336715678589E-05   2   0 1  0 1  0 0  0 0
    17  0.2450115843591011E-03   2   0 0  1 1  0 0  0 0
    18  0.2196303131024177E-04   2   0 0  0 2  0 0  0 0
    19  -.3796003442093013E-01   2   1 0  0 0  0 1  0 0
    20  0.8481673826111523E-01   2   0 1  0 0  0 1  0 0
    21  0.2835531305681496E-06   2   0 0  1 0  0 1  0 0
    22  0.1147930914253496E-04   2   0 0  0 1  0 1  0 0
    23  -.3783326426322683E-01   2   1 0  0 0  0 0  1 0
    24  0.8453348690348998E-01   2   0 1  0 0  0 0  1 0
    25  0.2826061852973441E-06   2   0 0  1 0  0 0  1 0
    26  0.1144097319651915E-04   2   0 0  0 1  0 0  1 0
    27  -.8610233794301178       2   1 0  0 0  0 0  0 1
    28  -.1693502251646060       2   0 1  0 0  0 0  0 1
    29  -.1319073068941417E-03   2   0 0  1 0  0 0  0 1
    30  -.2292028233921022E-04   2   0 0  0 1  0 0  0 1
    31  0.3118670821437243E-06   2   0 0  0 0  0 2  0 0
    32  0.2121842066810329E-06   2   0 0  0 0  0 1  1 0
    33  0.3104712785617871E-06   2   0 0  0 0  0 0  2 0
    34  -.8359170183592896E-06   2   0 0  0 0  0 1  0 1
    35  -.8331254157208551E-06   2   0 0  0 0  0 0  1 1
    36  0.8345205758981836E-06   2   0 0  0 0  0 0  0 2
    37  -.4710124391351104       3   3 0  0 0  0 0  0 0
    38  -.4920827267299961       3   2 1  0 0  0 0  0 0
    39  0.3582391574724516       3   1 2  0 0  0 0  0 0
    40  -.1178442341445937E-01   3   0 3  0 0  0 0  0 0
    41  0.3349159397532801E-03   3   2 0  1 0  0 0  0 0
    42  0.1291232240316151E-03   3   1 1  1 0  0 0  0 0
    43  0.1489062117248054E-04   3   0 2  1 0  0 0  0 0
    44  -2.372344164854570       3   1 0  2 0  0 0  0 0
    45  -.2388888597566756       3   0 1  2 0  0 0  0 0
    46  -.8612179750893716E-04   3   0 0  3 0  0 0  0 0
    47  0.4611460204093460E-04   3   2 0  0 1  0 0  0 0
    48  0.1549272074296428E-03   3   1 1  0 1  0 0  0 0
    49  0.1450387812194036E-04   3   0 2  0 1  0 0  0 0
    50  -1.200013863829978       3   1 0  1 1  0 0  0 0
    51  -.3552865984108813       3   0 1  1 1  0 0  0 0
    52  -.4082599644156561E-04   3   0 0  2 1  0 0  0 0
    53  -.5116812537753443       3   1 0  0 2  0 0  0 0
    54  -.2051506080567707       3   0 1  0 2  0 0  0 0
    55  -.1000099183467726E-04   3   0 0  1 2  0 0  0 0
    56  -.1231487727188386E-04   3   0 0  0 3  0 0  0 0
    57  -.1260488234102984E-05   3   2 0  0 0  0 1  0 0
    58  0.1192149463770274E-03   3   1 1  0 0  0 1  0 0
    59  0.3036339451093100E-04   3   0 2  0 0  0 1  0 0
    60  0.1397690181399863E-04   3   1 0  1 0  0 1  0 0
    61  0.1378186460600817E-04   3   0 1  1 0  0 1  0 0
    62  -.4613236536038211E-04   3   0 0  2 0  0 1  0 0
    63  0.1028793853696431E-04   3   1 0  0 1  0 1  0 0
    64  0.7988543009301957E-05   3   0 1  0 1  0 1  0 0
    65  -.1145223198195450E-03   3   0 0  1 1  0 1  0 0
    66  -.2089400410478225E-04   3   0 0  0 2  0 1  0 0
    67  -.1256278746554654E-05   3   2 0  0 0  0 0  1 0
    68  0.1188168198267410E-03   3   1 1  0 0  0 0  1 0
    69  0.3026199385707560E-04   3   0 2  0 0  0 0  1 0
    70  0.1393022498469137E-04   3   1 0  1 0  0 0  1 0
    71  0.1373583911683290E-04   3   0 1  1 0  0 0  1 0
    72  -.4597830313885877E-04   3   0 0  2 0  0 0  1 0
    73  0.1025358125540057E-04   3   1 0  0 1  0 0  1 0
    74  0.7961864717973689E-05   3   0 1  0 1  0 0  1 0
    75  -.1141398646198733E-03   3   0 0  1 1  0 0  1 0
    76  -.2082422713445633E-04   3   0 0  0 2  0 0  1 0
    77  -.6910112669779985E-05   3   2 0  0 0  0 0  0 1
    78  -.2380317662037664E-03   3   1 1  0 0  0 0  0 1
    79  -.3208937375666669E-04   3   0 2  0 0  0 0  0 1
    80  -.5621963275100834E-04   3   1 0  1 0  0 0  0 1
    81  -.2751770372305184E-04   3   0 1  1 0  0 0  0 1
    82  0.1923265500165202E-03   3   0 0  2 0  0 0  0 1
    83  -.2054151979236482E-04   3   1 0  0 1  0 0  0 1
    84  -.8790071011597212E-05   3   0 1  0 1  0 0  0 1
    85  0.2286621844398692E-03   3   0 0  1 1  0 0  0 1
    86  0.1975519992911794E-04   3   0 0  0 2  0 0  0 1
    87  0.2792696750199261E-01   3   1 0  0 0  0 2  0 0
    88  -.6254527332659528E-01   3   0 1  0 0  0 2  0 0
    89  -.2805563557089491E-06   3   0 0  1 0  0 2  0 0
    90  -.8599069908407556E-05   3   0 0  0 1  0 2  0 0
    91  0.1796050931928156E-01   3   1 0  0 0  0 1  1 0
    92  -.4042162171137390E-01   3   0 1  0 0  0 1  1 0
    93  -.2800010335015525E-06   3   0 0  1 0  0 1  1 0
    94  -.5740741654107028E-05   3   0 0  0 1  0 1  1 0
    95  0.2780371328357093E-01   3   1 0  0 0  0 0  2 0
    96  -.6226890366564214E-01   3   0 1  0 0  0 0  2 0
    97  -.2791518769895544E-06   3   0 0  1 0  0 0  2 0
    98  -.8560766918618808E-05   3   0 0  0 1  0 0  2 0
    99  -.7381448368828968E-01   3   1 0  0 0  0 1  0 1
   100  0.8069544491690368E-01   3   0 1  0 0  0 1  0 1
   101  0.8457704749724445E-06   3   0 0  1 0  0 1  0 1
   102  0.1146781471055650E-04   3   0 0  0 1  0 1  0 1
   103  -.7356797511998367E-01   3   1 0  0 0  0 0  1 1
   104  0.8042595690315195E-01   3   0 1  0 0  0 0  1 1
   105  0.8429459660345980E-06   3   0 0  1 0  0 0  1 1
   106  0.1142951715099036E-04   3   0 0  0 1  0 0  1 1
   107  0.7369124524803754E-01   3   1 0  0 0  0 0  0 2
   108  0.4114404579064891E-02   3   0 1  0 0  0 0  0 2
   109  -.8475763158197601E-06   3   0 0  1 0  0 0  0 2
   110  0.8338616693162520E-08   3   0 0  0 1  0 0  0 2
   111  -.2615900005578205E-06   3   0 0  0 0  0 3  0 0
   112  -.1612073240512008E-06   3   0 0  0 0  0 2  1 0
   113  -.1617058001121444E-06   3   0 0  0 0  0 1  2 0
   114  -.2600113259560336E-06   3   0 0  0 0  0 0  3 0
   115  0.6341122117672764E-06   3   0 0  0 0  0 2  0 1
   116  0.4336459645970784E-06   3   0 0  0 0  0 1  1 1
   117  0.6312704548071308E-06   3   0 0  0 0  0 0  2 1
   118  -.4329776210591465E-06   3   0 0  0 0  0 1  0 2
   119  -.4315316623780271E-06   3   0 0  0 0  0 0  1 2
   120  0.9996235846355674E-08   3   0 0  0 0  0 0  0 3
   121  0.1379101384633855E-03   4   4 0  0 0  0 0  0 0
   122  -.4313204648974675E-03   4   3 1  0 0  0 0  0 0
   123  -.2644587646105208E-03   4   2 2  0 0  0 0  0 0
   124  -.1092384464302822E-03   4   1 3  0 0  0 0  0 0
   125  -.9503127710811953E-05   4   0 4  0 0  0 0  0 0
   126  0.2065642266665646E-07   4   3 0  1 0  0 0  0 0
   127  -.2190854720363478E-04   4   2 1  1 0  0 0  0 0
   128  -.5986662793011221E-05   4   1 2  1 0  0 0  0 0
   129  0.1042107951527511E-05   4   0 3  1 0  0 0  0 0
   130  0.1159026553507862E-03   4   2 0  2 0  0 0  0 0
   131  -.1541528529619537E-02   4   1 1  2 0  0 0  0 0
   132  0.1686646859930568E-03   4   0 2  2 0  0 0  0 0
   133  0.7850599207582008E-07   4   1 0  3 0  0 0  0 0
   134  -.3730286084939881E-04   4   0 1  3 0  0 0  0 0
   135  -.2459810206711430E-03   4   0 0  4 0  0 0  0 0
   136  0.8985495340660720E-07   4   3 0  0 1  0 0  0 0
   137  0.7995762944577979E-07   4   2 1  0 1  0 0  0 0
   138  0.8069242164872536E-05   4   1 2  0 1  0 0  0 0
   139  0.3213827471804703E-05   4   0 3  0 1  0 0  0 0
   140  -.1346949779590607E-02   4   2 0  1 1  0 0  0 0
   141  -.1338679170703350E-02   4   1 1  1 1  0 0  0 0
   142  0.2725801445683625E-03   4   0 2  1 1  0 0  0 0
   143  -.7460643812979854E-04   4   1 0  2 1  0 0  0 0
   144  -.2637979479411104E-04   4   0 1  2 1  0 0  0 0
   145  -.3419281313145341E-03   4   0 0  3 1  0 0  0 0
   146  -.4505861871812486E-04   4   2 0  0 2  0 0  0 0
   147  -.7246263453801404E-03   4   1 1  0 2  0 0  0 0
   148  0.4110170962594751E-04   4   0 2  0 2  0 0  0 0
   149  -.9479553491920882E-05   4   1 0  1 2  0 0  0 0
   150  -.1818122767281595E-04   4   0 1  1 2  0 0  0 0
   151  -.9104807945116616E-04   4   0 0  2 2  0 0  0 0
   152  0.7978653595490989E-05   4   1 0  0 3  0 0  0 0
   153  0.3211931013660009E-05   4   0 1  0 3  0 0  0 0
   154  0.5780287894331953E-04   4   0 0  1 3  0 0  0 0
   155  0.5794951243542917E-04   4   0 0  0 4  0 0  0 0
   156  0.1313543490832474       4   3 0  0 0  0 1  0 0
   157  0.4303617209514811       4   2 1  0 0  0 1  0 0
   158  -.2961570854127558       4   1 2  0 0  0 1  0 0
   159  0.2299770665650052E-01   4   0 3  0 0  0 1  0 0
   160  -.1906834122858156E-03   4   2 0  1 0  0 1  0 0
   161  -.1441629471513209E-03   4   1 1  1 0  0 1  0 0
   162  -.2425758305052318E-04   4   0 2  1 0  0 1  0 0
   163   1.286859090475812       4   1 0  2 0  0 1  0 0
   164  0.3027298100405195       4   0 1  2 0  0 1  0 0
   165  0.3742904415110105E-04   4   0 0  3 0  0 1  0 0
   166  -.4435505781506310E-04   4   2 0  0 1  0 1  0 0
   167  -.1679762556045819E-03   4   1 1  0 1  0 1  0 0
   168  -.2342431266341487E-04   4   0 2  0 1  0 1  0 0
   169   1.164024017081289       4   1 0  1 1  0 1  0 0
   170  0.5463912918774796       4   0 1  1 1  0 1  0 0
   171  0.3625904674897159E-04   4   0 0  2 1  0 1  0 0
   172  0.5092684836626774       4   1 0  0 2  0 1  0 0
   173  0.3221188755594767       4   0 1  0 2  0 1  0 0
   174  0.1445627136898169E-04   4   0 0  1 2  0 1  0 0
   175  0.1888761671472607E-04   4   0 0  0 3  0 1  0 0
   176  0.1309156821588768       4   3 0  0 0  0 0  1 0
   177  0.4289244982495883       4   2 1  0 0  0 0  1 0
   178  -.2951680483637776       4   1 2  0 0  0 0  1 0
   179  0.2292090422614832E-01   4   0 3  0 0  0 0  1 0
   180  -.1900466118556908E-03   4   2 0  1 0  0 0  1 0
   181  -.1436815050287275E-03   4   1 1  1 0  0 0  1 0
   182  -.2417657317590813E-04   4   0 2  1 0  0 0  1 0
   183   1.282561535630828       4   1 0  2 0  0 0  1 0
   184  0.3017188229235283       4   0 1  2 0  0 0  1 0
   185  0.3730404727210169E-04   4   0 0  3 0  0 0  1 0
   186  -.4420693103488718E-04   4   2 0  0 1  0 0  1 0
   187  -.1674152872930865E-03   4   1 1  0 1  0 0  1 0
   188  -.2334608555283091E-04   4   0 2  0 1  0 0  1 0
   189   1.160136678450892       4   1 0  1 1  0 0  1 0
   190  0.5445665804066995       4   0 1  1 1  0 0  1 0
   191  0.3613795715715532E-04   4   0 0  2 1  0 0  1 0
   192  0.5075677463748437       4   1 0  0 2  0 0  1 0
   193  0.3210431373185367       4   0 1  0 2  0 0  1 0
   194  0.1440799365192971E-04   4   0 0  1 2  0 0  1 0
   195  0.1882454021371529E-04   4   0 0  0 3  0 0  1 0
   196  -.7332824703772388       4   3 0  0 0  0 0  0 1
   197  -.8592862192010730       4   2 1  0 0  0 0  0 1
   198  0.2330859763040851       4   1 2  0 0  0 0  0 1
   199  -.2234976405372966E-01   4   0 3  0 0  0 0  0 1
   200  0.7156459638947842E-03   4   2 0  1 0  0 0  0 1
   201  0.2878444521800494E-03   4   1 1  1 0  0 0  0 1
   202  0.3354353505394988E-04   4   0 2  1 0  0 0  0 1
   203  -4.941764790961197       4   1 0  2 0  0 0  0 1
   204  -.6044486329640583       4   0 1  2 0  0 0  0 1
   205  -.1608548889321185E-03   4   0 0  3 0  0 0  0 1
   206  0.8856198884995059E-04   4   2 0  0 1  0 0  0 1
   207  0.1804643354680250E-03   4   1 1  0 1  0 0  0 1
   208  0.1776264197236612E-04   4   0 2  0 1  0 0  0 1
   209  -2.324160695532185       4   1 0  1 1  0 0  0 1
   210  -.7356712738732825       4   0 1  1 1  0 0  0 1
   211  -.7239700390610050E-04   4   0 0  2 1  0 0  0 1
   212  -.5051549762621761       4   1 0  0 2  0 0  0 1
   213  -.2328607967644768       4   0 1  0 2  0 0  0 1
   214  -.1886327318623092E-04   4   0 0  1 2  0 0  0 1
   215  -.1308240238467296E-04   4   0 0  0 3  0 0  0 1
   216  0.1021967847871252E-03   4   2 0  0 0  0 2  0 0
   217  -.2174143482054325E-03   4   1 1  0 0  0 2  0 0
   218  -.4785288289699793E-05   4   0 2  0 0  0 2  0 0
   219  0.1147776876916748E-04   4   1 0  1 0  0 2  0 0
   220  0.1855453351468037E-06   4   0 1  1 0  0 2  0 0
   221  0.1197945986462361E-03   4   0 0  2 0  0 2  0 0
   222  0.9962400051511460E-05   4   1 0  0 1  0 2  0 0
   223  0.5852355905030752E-05   4   0 1  0 1  0 2  0 0
   224  0.2566500466692637E-03   4   0 0  1 1  0 2  0 0
   225  0.1254951911673390E-03   4   0 0  0 2  0 2  0 0
   226  0.9395550304824261E-04   4   2 0  0 0  0 1  1 0
   227  -.1614356864738244E-03   4   1 1  0 0  0 1  1 0
   228  0.2157071577188787E-05   4   0 2  0 0  0 1  1 0
   229  0.1352304606235220E-04   4   1 0  1 0  0 1  1 0
   230  0.4343558905785868E-05   4   0 1  1 0  0 1  1 0
   231  0.1196470229952730E-03   4   0 0  2 0  0 1  1 0
   232  0.1191538760920638E-04   4   1 0  0 1  0 1  1 0
   233  0.8474759316241669E-05   4   0 1  0 1  0 1  1 0
   234  0.2620462576310058E-03   4   0 0  1 1  0 1  1 0
   235  0.1488214176447140E-03   4   0 0  0 2  0 1  1 0
   236  0.1016986061162690E-03   4   2 0  0 0  0 0  2 0
   237  -.2164187151534054E-03   4   1 1  0 0  0 0  2 0
   238  -.4772909333614748E-05   4   0 2  0 0  0 0  2 0
   239  0.1141685739400158E-04   4   1 0  1 0  0 0  2 0
   240  0.1776728861436049E-06   4   0 1  1 0  0 0  2 0
   241  0.1191947515571432E-03   4   0 0  2 0  0 0  2 0
   242  0.9909233798119570E-05   4   1 0  0 1  0 0  2 0
   243  0.5818660535992258E-05   4   0 1  0 1  0 0  2 0
   244  0.2553553853144147E-03   4   0 0  1 1  0 0  2 0
   245  0.1248275916023198E-03   4   0 0  0 2  0 0  2 0
   246  -.1879346940686098E-03   4   2 0  0 0  0 1  0 1
   247  0.1705292192451787E-03   4   1 1  0 0  0 1  0 1
   248  0.1565848137440069E-05   4   0 2  0 0  0 1  0 1
   249  -.1823113008934540E-04   4   1 0  1 0  0 1  0 1
   250  -.1447843398032988E-06   4   0 1  1 0  0 1  0 1
   251  -.2815662557925349E-03   4   0 0  2 0  0 1  0 1
   252  -.7887957024523366E-05   4   1 0  0 1  0 1  0 1
   253  -.3647259257508816E-05   4   0 1  0 1  0 1  0 1
   254  -.3839471360446081E-03   4   0 0  1 1  0 1  0 1
   255  -.1131450437030852E-03   4   0 0  0 2  0 1  0 1
   256  -.1873070731728858E-03   4   2 0  0 0  0 0  1 1
   257  0.1699597251352156E-03   4   1 1  0 0  0 0  1 1
   258  0.1560618879396754E-05   4   0 2  0 0  0 0  1 1
   259  -.1817024597077726E-04   4   1 0  1 0  0 0  1 1
   260  -.1443008224969953E-06   4   0 1  1 0  0 0  1 1
   261  -.2806259458271923E-03   4   0 0  2 0  0 0  1 1
   262  -.7861614647041116E-05   4   1 0  0 1  0 0  1 1
   263  -.3635078983220028E-05   4   0 1  0 1  0 0  1 1
   264  -.3826649180559105E-03   4   0 0  1 1  0 0  1 1
   265  -.1127671880121624E-03   4   0 0  0 2  0 0  1 1
   266  0.7739087892736482E-04   4   2 0  0 0  0 0  0 2
   267  0.7095520420840062E-04   4   1 1  0 0  0 0  0 2
   268  0.4023747150297207E-05   4   0 2  0 0  0 0  0 2
   269  -.1629616256490880E-07   4   1 0  1 0  0 0  0 2
   270  0.1155495419234353E-05   4   0 1  1 0  0 0  0 2
   271  0.2035558195222675E-03   4   0 0  2 0  0 0  0 2
   272  -.2262183479811189E-08   4   1 0  0 1  0 0  0 2
   273  -.1387830184390433E-09   4   0 1  0 1  0 0  0 2
   274  0.8371423604601518E-04   4   0 0  1 1  0 0  0 2
   275  0.5100139185230452E-05   4   0 0  0 2  0 0  0 2
   276  -.2292248168686081E-01   4   1 0  0 0  0 3  0 0
   277  0.5142608181139197E-01   4   0 1  0 0  0 3  0 0
   278  0.2830199025545627E-06   4   0 0  1 0  0 3  0 0
   279  0.7165594703988011E-05   4   0 0  0 1  0 3  0 0
   280  -.1293034527537524E-01   4   1 0  0 0  0 2  1 0
   281  0.2922521040983116E-01   4   0 1  0 0  0 2  1 0
   282  0.2856037521647581E-06   4   0 0  1 0  0 2  1 0
   283  0.4300762808407880E-05   4   0 0  0 1  0 2  1 0
   284  -.1298001594817763E-01   4   1 0  0 0  0 1  2 0
   285  0.2933556211460081E-01   4   0 1  0 0  0 1  2 0
   286  0.2855860740987165E-06   4   0 0  1 0  0 1  2 0
   287  0.4314993890662828E-05   4   0 0  0 1  0 1  2 0
   288  -.2278613651024251E-01   4   1 0  0 0  0 0  3 0
   289  0.5111983450464737E-01   4   0 1  0 0  0 0  3 0
   290  0.2811268569577124E-06   4   0 0  1 0  0 0  3 0
   291  0.7122542474856551E-05   4   0 0  0 1  0 0  3 0
   292  0.5377078371663561E-01   4   1 0  0 0  0 2  0 1
   293  -.5841289483153508E-01   4   0 1  0 0  0 2  0 1
   294  -.8495707518547721E-06   4   0 0  1 0  0 2  0 1
   295  -.8591376799963494E-05   4   0 0  0 1  0 2  0 1
   296  0.3386013515443641E-01   4   1 0  0 0  0 1  1 1
   297  -.3627827300346026E-01   4   0 1  0 0  0 1  1 1
   298  -.8533362133915727E-06   4   0 0  1 0  0 1  1 1
   299  -.5734023118247349E-05   4   0 0  0 1  0 1  1 1
   300  0.5353467333883984E-01   4   1 0  0 0  0 0  2 1
   301  -.5815724403372508E-01   4   0 1  0 0  0 0  2 1
   302  -.8453086640210821E-06   4   0 0  1 0  0 0  2 1
   303  -.8553110720349368E-05   4   0 0  0 1  0 0  2 1
   304  -.3379359389231985E-01   4   1 0  0 0  0 1  0 2
   305  -.4143420492354635E-02   4   0 1  0 0  0 1  0 2
   306  0.8502580955694156E-06   4   0 0  1 0  0 1  0 2
   307  -.1240993579924861E-07   4   0 0  0 1  0 1  0 2
   308  -.3368073785063177E-01   4   1 0  0 0  0 0  1 2
   309  -.4129583253340746E-02   4   0 1  0 0  0 0  1 2
   310  0.8474185999129532E-06   4   0 0  1 0  0 0  1 2
   311  -.1236849196111005E-07   4   0 0  0 1  0 0  1 2
   312  -.2072304501695318E-02   4   1 0  0 0  0 0  0 3
   313  0.1473152918868395E-04   4   0 1  0 0  0 0  0 3
   314  -.2833667931185246E-06   4   0 0  1 0  0 0  0 3
   315  0.2700398166137762E-08   4   0 0  0 1  0 0  0 3
   316  0.1170101706278200E-04   4   0 0  0 0  0 4  0 0
   317  0.6235398348740444E-05   4   0 0  0 0  0 3  1 0
   318  0.5511428323424271E-05   4   0 0  0 0  0 2  2 0
   319  0.6274025952113035E-05   4   0 0  0 0  0 1  3 0
   320  0.1161256821482693E-04   4   0 0  0 0  0 0  4 0
   321  -.1279625590034438E-04   4   0 0  0 0  0 3  0 1
   322  -.6834490133187492E-05   4   0 0  0 0  0 2  1 1
   323  -.6864140656605060E-05   4   0 0  0 0  0 1  2 1
   324  -.1272078115316465E-04   4   0 0  0 0  0 0  3 1
   325  -.6639234789018327E-06   4   0 0  0 0  0 2  0 2
   326  -.7982524548751047E-06   4   0 0  0 0  0 1  1 2
   327  -.6603733509586890E-06   4   0 0  0 0  0 0  2 2
   328  0.1892985945205938E-08   4   0 0  0 0  0 1  0 3
   329  0.1886664187850750E-08   4   0 0  0 0  0 0  1 3
   ----------------------------------------------------
     I  COEFFICIENT            ORDER EXPONENTS
     1  0.6034145231095020E-05   0   0 0  0 0  0 0  0 0
     2  -.2293064158384763E-04   1   1 0  0 0  0 0  0 0
     3  -.1479068433722733E-05   1   0 1  0 0  0 0  0 0
     4   1.181568602580717       1   0 0  1 0  0 0  0 0
     5  0.3610619250122042       1   0 0  0 1  0 0  0 0
     6  -.2712244840001380E-06   1   0 0  0 0  0 1  0 0
     7  -.2703187110962588E-06   1   0 0  0 0  0 0  1 0
     8  0.5415431947192318E-06   1   0 0  0 0  0 0  0 1
     9  0.7462158127364143E-05   2   2 0  0 0  0 0  0 0
    10  -.7608108596273527E-06   2   1 1  0 0  0 0  0 0
    11  0.7499166793140955E-06   2   0 2  0 0  0 0  0 0
    12  -.2640426639795883E-03   2   1 0  1 0  0 0  0 0
    13  0.1187414294639879E-05   2   0 1  1 0  0 0  0 0
    14  -.5306815124877706E-05   2   0 0  2 0  0 0  0 0
    15  0.4137101175786247E-04   2   1 0  0 1  0 0  0 0
    16  0.2526905393829515E-05   2   0 1  0 1  0 0  0 0
    17  0.7767301936136052E-05   2   0 0  1 1  0 0  0 0
    18  0.1767291212109619E-05   2   0 0  0 2  0 0  0 0
    19  0.1147983594667208E-04   2   1 0  0 0  0 1  0 0
    20  0.1479901557255070E-05   2   0 1  0 0  0 1  0 0
    21  -.9294741860370143E-01   2   0 0  1 0  0 1  0 0
    22  -.1862761949841610       2   0 0  0 1  0 1  0 0
    23  0.1144149824135736E-04   2   1 0  0 0  0 0  1 0
    24  0.1474959323754563E-05   2   0 1  0 0  0 0  1 0
    25  -.9263701427730293E-01   2   0 0  1 0  0 0  1 0
    26  -.1856541127607207       2   0 0  0 1  0 0  1 0
    27  -.2292133418802954E-04   2   1 0  0 0  0 0  0 1
    28  -.1475792447286939E-05   2   0 1  0 0  0 0  0 1
    29  0.1855844328810056       2   0 0  1 0  0 0  0 1
    30  0.1086838273267851E-01   2   0 0  0 1  0 0  0 1
    31  0.2041220729626042E-06   2   0 0  0 0  0 2  0 0
    32  0.1374651933602079E-06   2   0 0  0 0  0 1  1 0
    33  0.2032108559829929E-06   2   0 0  0 0  0 0  2 0
    34  -.2744863061526700E-06   2   0 0  0 0  0 1  0 1
    35  -.2735696401683259E-06   2   0 0  0 0  0 0  1 1
    36  0.3256474419834355E-08   2   0 0  0 0  0 0  0 2
    37  0.1099838028042558E-04   3   3 0  0 0  0 0  0 0
    38  -.3900746787589225E-04   3   2 1  0 0  0 0  0 0
    39  -.2811996442608644E-04   3   1 2  0 0  0 0  0 0
    40  -.4424847231718145E-05   3   0 3  0 0  0 0  0 0
    41  -.1078116549161027       3   2 0  1 0  0 0  0 0
    42  -.1249114157822214       3   1 1  1 0  0 0  0 0
    43  0.1870854606834558       3   0 2  1 0  0 0  0 0
    44  -.6477548947152091E-04   3   1 0  2 0  0 0  0 0
    45  -.9950589453758935E-04   3   0 1  2 0  0 0  0 0
    46  0.2225532453894355       3   0 0  3 0  0 0  0 0
    47  0.4876517684766121       3   2 0  0 1  0 0  0 0
    48  -.3228877027845220E-01   3   1 1  0 1  0 0  0 0
    49  0.2045265678547468       3   0 2  0 1  0 0  0 0
    50  -.6460840472241250E-04   3   1 0  1 1  0 0  0 0
    51  -.3711926783011482E-04   3   0 1  1 1  0 0  0 0
    52  0.8759702787889768       3   0 0  2 1  0 0  0 0
    53  -.4134710358055027E-04   3   1 0  0 2  0 0  0 0
    54  -.7249201819964032E-05   3   0 1  0 2  0 0  0 0
    55  0.4420473555840155       3   0 0  1 2  0 0  0 0
    56  0.2213005441658405       3   0 0  0 3  0 0  0 0
    57  -.3539971548749608E-05   3   2 0  0 0  0 1  0 0
    58  0.1149466680254509E-05   3   1 1  0 0  0 1  0 0
    59  -.1123631799831610E-05   3   0 2  0 0  0 1  0 0
    60  0.1346345771504687E-03   3   1 0  1 0  0 1  0 0
    61  -.1590678043740673E-05   3   0 1  1 0  0 1  0 0
    62  0.7212572262706281E-06   3   0 0  2 0  0 1  0 0
    63  -.4088944116208156E-04   3   1 0  0 1  0 1  0 0
    64  -.3563345457796465E-05   3   0 1  0 1  0 1  0 0
    65  -.9477083805667859E-05   3   0 0  1 1  0 1  0 0
    66  -.2821555271862994E-05   3   0 0  0 2  0 1  0 0
    67  -.3528149569176959E-05   3   2 0  0 0  0 0  1 0
    68  0.1145627956856177E-05   3   1 1  0 0  0 0  1 0
    69  -.1119879353801499E-05   3   0 2  0 0  0 0  1 0
    70  0.1341849556778313E-03   3   1 0  1 0  0 0  1 0
    71  -.1585365864510731E-05   3   0 1  1 0  0 0  1 0
    72  0.7188485379245266E-06   3   0 0  2 0  0 0  1 0
    73  -.4075288804816692E-04   3   1 0  0 1  0 0  1 0
    74  -.3551445419439027E-05   3   0 1  0 1  0 0  1 0
    75  -.9445434429505136E-05   3   0 0  1 1  0 0  1 0
    76  -.2812132493084612E-05   3   0 0  0 2  0 0  1 0
    77  0.7068121117926507E-05   3   2 0  0 0  0 0  0 1
    78  -.1534283777483331E-05   3   1 1  0 0  0 0  0 1
    79  0.7436777951010642E-06   3   0 2  0 0  0 0  0 1
    80  -.2688195328282999E-03   3   1 0  1 0  0 0  0 1
    81  0.1988629613613409E-05   3   0 1  1 0  0 0  0 1
    82  -.1440105764200450E-05   3   0 0  2 0  0 0  0 1
    83  0.4027131745238673E-04   3   1 0  0 1  0 0  0 1
    84  0.2060980089576375E-05   3   0 1  0 1  0 0  0 1
    85  0.1115521629913842E-04   3   0 0  1 1  0 0  0 1
    86  0.2099105340823518E-05   3   0 0  0 2  0 0  0 1
    87  -.8602551194798801E-05   3   1 0  0 0  0 2  0 0
    88  -.1482513884020354E-05   3   0 1  0 0  0 2  0 0
    89  0.7067292754725894E-01   3   0 0  1 0  0 2  0 0
    90  0.1422804933710959       3   0 0  0 1  0 2  0 0
    91  -.5744759555817969E-05   3   1 0  0 0  0 1  1 0
    92  -.1482226433000588E-05   3   0 1  0 0  0 1  1 0
    93  0.4854619332803149E-01   3   0 0  1 0  0 1  1 0
    94  0.9857658901557201E-01   3   0 0  0 1  0 1  1 0
    95  -.8564229869995217E-05   3   1 0  0 0  0 0  2 0
    96  -.1475087927699613E-05   3   0 1  0 0  0 0  2 0
    97  0.7035584873934475E-01   3   0 0  1 0  0 0  2 0
    98  0.1416407361680016       3   0 0  0 1  0 0  2 0
    99  0.1147110192890736E-04   3   1 0  0 0  0 1  0 1
   100  0.1476209069006050E-05   3   0 1  0 0  0 1  0 1
   101  -.9694468713073497E-01   3   0 0  1 0  0 1  0 1
   102  -.1058527174559808E-01   3   0 0  0 1  0 1  0 1
   103  0.1143279339144823E-04   3   1 0  0 0  0 0  1 1
   104  0.1471279166825134E-05   3   0 1  0 0  0 0  1 1
   105  -.9662093364990602E-01   3   0 0  1 0  0 0  1 1
   106  -.1054992149924116E-01   3   0 0  0 1  0 0  1 1
   107  0.8151258257934120E-08   3   1 0  0 0  0 0  0 2
   108  0.2804326039212531E-08   3   0 1  0 0  0 0  0 2
   109  0.3990613743573001E-02   3   0 0  1 0  0 0  0 2
   110  -.3007822233811114E-03   3   0 0  0 1  0 0  0 2
   111  -.1706061190023095E-06   3   0 0  0 0  0 3  0 0
   112  -.1036868560853083E-06   3   0 0  0 0  0 2  1 0
   113  -.1040192243194444E-06   3   0 0  0 0  0 1  2 0
   114  -.1695789393452922E-06   3   0 0  0 0  0 0  3 0
   115  0.2072589467329623E-06   3   0 0  0 0  0 2  0 1
   116  0.1404775470032303E-06   3   0 0  0 0  0 1  1 1
   117  0.2063322239687621E-06   3   0 0  0 0  0 0  2 1
   118  -.3011286503352156E-08   3   0 0  0 0  0 1  0 2
   119  -.3001230104029177E-08   3   0 0  0 0  0 0  1 2
   120  -.1668107440912416E-09   3   0 0  0 0  0 0  0 3
   121  -.4620746863921058E-08   4   4 0  0 0  0 0  0 0
   122  -.3272217138324810E-07   4   3 1  0 0  0 0  0 0
   123  -.3865158034582584E-05   4   2 2  0 0  0 0  0 0
   124  0.2588175546367733E-06   4   1 3  0 0  0 0  0 0
   125  -.2311153082202575E-05   4   0 4  0 0  0 0  0 0
   126  0.2736353777325036E-03   4   3 0  1 0  0 0  0 0
   127  0.5889384814622745E-03   4   2 1  1 0  0 0  0 0
   128  0.6813758644078038E-04   4   1 2  1 0  0 0  0 0
   129  -.1607136995823564E-03   4   0 3  1 0  0 0  0 0
   130  0.2741653981277680E-04   4   2 0  2 0  0 0  0 0
   131  0.3882735259927710E-04   4   1 1  2 0  0 0  0 0
   132  -.2796473402395502E-04   4   0 2  2 0  0 0  0 0
   133  0.1140814954858040E-03   4   1 0  3 0  0 0  0 0
   134  0.1848181110319209E-03   4   0 1  3 0  0 0  0 0
   135  0.3203009534215532E-05   4   0 0  4 0  0 0  0 0
   136  -.1552528753598582E-03   4   3 0  0 1  0 0  0 0
   137  0.5054531539150279E-03   4   2 1  0 1  0 0  0 0
   138  0.2688209976080651E-03   4   1 2  0 1  0 0  0 0
   139  -.1417878852810685E-03   4   0 3  0 1  0 0  0 0
   140  -.9772013485261172E-05   4   2 0  1 1  0 0  0 0
   141  0.5109774808270158E-04   4   1 1  1 1  0 0  0 0
   142  -.1737022682370248E-04   4   0 2  1 1  0 0  0 0
   143  -.4575322494057189E-04   4   1 0  2 1  0 0  0 0
   144  0.5771172058960075E-04   4   0 1  2 1  0 0  0 0
   145  -.3120720252860520E-04   4   0 0  3 1  0 0  0 0
   146  -.1574924683974603E-04   4   2 0  0 2  0 0  0 0
   147  0.7801327913743153E-05   4   1 1  0 2  0 0  0 0
   148  -.1517325042830248E-04   4   0 2  0 2  0 0  0 0
   149  0.2060408162493941E-03   4   1 0  1 2  0 0  0 0
   150  -.2158891907246468E-03   4   0 1  1 2  0 0  0 0
   151  -.4018176572172086E-04   4   0 0  2 2  0 0  0 0
   152  0.1475976914884980E-03   4   1 0  0 3  0 0  0 0
   153  -.1660569664850562E-03   4   0 1  0 3  0 0  0 0
   154  -.2678387075370501E-04   4   0 0  1 3  0 0  0 0
   155  -.1463306322031062E-04   4   0 0  0 4  0 0  0 0
   156  -.8625919679040176E-05   4   3 0  0 0  0 1  0 0
   157  0.2708407021901207E-04   4   2 1  0 0  0 1  0 0
   158  0.3928170795269513E-04   4   1 2  0 0  0 1  0 0
   159  0.8697207103965682E-05   4   0 3  0 0  0 1  0 0
   160  0.1015410215134083       4   2 0  1 0  0 1  0 0
   161  0.1935962982016290       4   1 1  1 0  0 1  0 0
   162  -.2853487222964225       4   0 2  1 0  0 1  0 0
   163  0.7383863354012483E-04   4   1 0  2 0  0 1  0 0
   164  0.1191333436910861E-03   4   0 1  2 0  0 1  0 0
   165  -.2736129081970219       4   0 0  3 0  0 1  0 0
   166  -.4819409560448573       4   2 0  0 1  0 1  0 0
   167  0.6450729098114583E-01   4   1 1  0 1  0 1  0 0
   168  -.3212970595838256       4   0 2  0 1  0 1  0 0
   169  0.1003154071885380E-03   4   1 0  1 1  0 1  0 0
   170  0.6335144546125084E-04   4   0 1  1 1  0 1  0 0
   171  -1.091053063734235       4   0 0  2 1  0 1  0 0
   172  0.6577981479867023E-04   4   1 0  0 2  0 1  0 0
   173  0.1503944858890017E-04   4   0 1  0 2  0 1  0 0
   174  -.7110452692017909       4   0 0  1 2  0 1  0 0
   175  -.3576965778027061       4   0 0  0 3  0 1  0 0
   176  -.8597112824285480E-05   4   3 0  0 0  0 0  1 0
   177  0.2699362109520908E-04   4   2 1  0 0  0 0  1 0
   178  0.3915052397491533E-04   4   1 2  0 0  0 0  1 0
   179  0.8668162179929910E-05   4   0 3  0 0  0 0  1 0
   180  0.1012019182563404       4   2 0  1 0  0 0  1 0
   181  0.1929497699877235       4   1 1  1 0  0 0  1 0
   182  -.2843957805228534       4   0 2  1 0  0 0  1 0
   183  0.7359204432173715E-04   4   1 0  2 0  0 0  1 0
   184  0.1187354896586267E-03   4   0 1  2 0  0 0  1 0
   185  -.2726991589855821       4   0 0  3 0  0 0  1 0
   186  -.4803314809236270       4   2 0  0 1  0 0  1 0
   187  0.6429186442593898E-01   4   1 1  0 1  0 0  1 0
   188  -.3202240658541206       4   0 2  0 1  0 0  1 0
   189  0.9998039695522835E-04   4   1 0  1 1  0 0  1 0
   190  0.6313987893202428E-04   4   0 1  1 1  0 0  1 0
   191  -1.087409416644605       4   0 0  2 1  0 0  1 0
   192  0.6556013856225778E-04   4   1 0  0 2  0 0  1 0
   193  0.1498922331122532E-04   4   0 1  0 2  0 0  1 0
   194  -.7086706843974031       4   0 0  1 2  0 0  1 0
   195  -.3565020253669831       4   0 0  0 3  0 0  1 0
   196  0.1722303250332627E-04   4   3 0  0 0  0 0  0 1
   197  -.1507022343832857E-04   4   2 1  0 0  0 0  0 1
   198  -.2219230307543796E-04   4   1 2  0 0  0 0  0 1
   199  -.4090827588741248E-05   4   0 3  0 0  0 0  0 1
   200  -.2027429397697567       4   2 0  1 0  0 0  0 1
   201  -.2616346524071310       4   1 1  1 0  0 0  0 1
   202  0.1955735814523683       4   0 2  1 0  0 0  0 1
   203  -.1474306778618197E-03   4   1 0  2 0  0 0  0 1
   204  -.1383629388121076E-03   4   0 1  2 0  0 0  0 1
   205  0.5463120671823805       4   0 0  3 0  0 0  0 1
   206  0.4746206684918693       4   2 0  0 1  0 0  0 1
   207  -.6422161485017974E-01   4   1 1  0 1  0 0  0 1
   208  0.2794142187370567E-01   4   0 2  0 1  0 0  0 1
   209  -.1356873994213228E-03   4   1 0  1 1  0 0  0 1
   210  -.5225278873304290E-04   4   0 1  1 1  0 0  0 1
   211   1.302492201589615       4   0 0  2 1  0 0  0 1
   212  -.4864574619982623E-04   4   1 0  0 2  0 0  0 1
   213  -.8281066440229675E-05   4   0 1  0 2  0 0  0 1
   214  0.5356212424311464       4   0 0  1 2  0 0  0 1
   215  0.5029697067214675E-01   4   0 0  0 3  0 0  0 1
   216  -.4734059671970204E-05   4   2 0  0 0  0 2  0 0
   217  0.5917869496429921E-06   4   1 1  0 0  0 2  0 0
   218  -.5834939048181811E-05   4   0 2  0 0  0 2  0 0
   219  -.3933772738313828E-04   4   1 0  1 0  0 2  0 0
   220  -.1840792888346842E-03   4   0 1  1 0  0 2  0 0
   221  -.2100312152599418E-04   4   0 0  2 0  0 2  0 0
   222  0.6814059287974105E-04   4   1 0  0 1  0 2  0 0
   223  -.2091953151831296E-03   4   0 1  0 1  0 2  0 0
   224  -.2365421338686375E-04   4   0 0  1 1  0 2  0 0
   225  -.2048583466955000E-04   4   0 0  0 2  0 2  0 0
   226  -.5641723242000462E-05   4   2 0  0 0  0 1  1 0
   227  0.9104637808969840E-06   4   1 1  0 0  0 1  1 0
   228  -.7173467911311377E-05   4   0 2  0 0  0 1  1 0
   229  0.6588939506368945E-05   4   1 0  1 0  0 1  1 0
   230  -.2224898959910547E-03   4   0 1  1 0  0 1  1 0
   231  -.2252513458953237E-04   4   0 0  2 0  0 1  1 0
   232  0.7589466268365792E-04   4   1 0  0 1  0 1  1 0
   233  -.2565744935703965E-03   4   0 1  0 1  0 1  1 0
   234  -.3005628160506470E-04   4   0 0  1 1  0 1  1 0
   235  -.2548508604357986E-04   4   0 0  0 2  0 1  1 0
   236  -.4708829490323750E-05   4   2 0  0 0  0 0  2 0
   237  0.5882903578851631E-06   4   1 1  0 0  0 0  2 0
   238  -.5803474720218329E-05   4   0 2  0 0  0 0  2 0
   239  -.3921735843396417E-04   4   1 0  1 0  0 0  2 0
   240  -.1830930331410943E-03   4   0 1  1 0  0 0  2 0
   241  -.2089536802886192E-04   4   0 0  2 0  0 0  2 0
   242  0.6778630492692055E-04   4   1 0  0 1  0 0  2 0
   243  -.2080682688499149E-03   4   0 1  0 1  0 0  2 0
   244  -.2352503099238717E-04   4   0 0  1 1  0 0  2 0
   245  -.2037486620641751E-04   4   0 0  0 2  0 0  2 0
   246  0.3726230977230171E-05   4   2 0  0 0  0 1  0 1
   247  -.5186704187659011E-06   4   1 1  0 0  0 1  0 1
   248  0.3410361552358380E-06   4   0 2  0 0  0 1  0 1
   249  0.3618557638186248E-04   4   1 0  1 0  0 1  0 1
   250  0.1534118126509679E-03   4   0 1  1 0  0 1  0 1
   251  0.2795306377459661E-04   4   0 0  2 0  0 1  0 1
   252  -.7495613752910381E-04   4   1 0  0 1  0 1  0 1
   253  0.2561220386774842E-04   4   0 1  0 1  0 1  0 1
   254  0.2062500414958626E-04   4   0 0  1 1  0 1  0 1
   255  0.3246172037395565E-05   4   0 0  0 2  0 1  0 1
   256  0.3713786971427015E-05   4   2 0  0 0  0 0  1 1
   257  -.5169382830661848E-06   4   1 1  0 0  0 0  1 1
   258  0.3398972414323846E-06   4   0 2  0 0  0 0  1 1
   259  0.3606473214938149E-04   4   1 0  1 0  0 0  1 1
   260  0.1528994833030106E-03   4   0 1  1 0  0 0  1 1
   261  0.2785971258677355E-04   4   0 0  2 0  0 0  1 1
   262  -.7470581632891611E-04   4   1 0  0 1  0 0  1 1
   263  0.2552667014332036E-04   4   0 1  0 1  0 0  1 1
   264  0.2055612552319517E-04   4   0 0  1 1  0 0  1 1
   265  0.3235331221590491E-05   4   0 0  0 2  0 0  1 1
   266  -.5412933158051261E-08   4   2 0  0 0  0 0  0 2
   267  -.1311785998814690E-08   4   1 1  0 0  0 0  0 2
   268  0.2289331671541144E-08   4   0 2  0 0  0 0  0 2
   269  0.3176454169177737E-04   4   1 0  1 0  0 0  0 2
   270  -.3830014231594057E-05   4   0 1  1 0  0 0  0 2
   271  -.5123333179258840E-05   4   0 0  2 0  0 0  0 2
   272  0.6993855306001835E-05   4   1 0  0 1  0 0  0 2
   273  0.3024119839650950E-06   4   0 1  0 1  0 0  0 2
   274  -.1315455680239999E-05   4   0 0  1 1  0 0  0 2
   275  -.4635196116976432E-07   4   0 0  0 2  0 0  0 2
   276  0.7166553485034767E-05   4   1 0  0 0  0 3  0 0
   277  0.1478682219421854E-05   4   0 1  0 0  0 3  0 0
   278  -.5955072033520404E-01   4   0 0  1 0  0 3  0 0
   279  -.1202802733171103       4   0 0  0 1  0 3  0 0
   280  0.4299067860099299E-05   4   1 0  0 0  0 2  1 0
   281  0.1473778567379965E-05   4   0 1  0 0  0 2  1 0
   282  -.3734382332023937E-01   4   0 0  1 0  0 2  1 0
   283  -.7635427341202475E-01   4   0 0  0 1  0 2  1 0
   284  0.4313312219802574E-05   4   1 0  0 0  0 1  2 0
   285  0.1473778394538643E-05   4   0 1  0 0  0 1  2 0
   286  -.3745406929169051E-01   4   0 0  1 0  0 1  2 0
   287  -.7657230210086052E-01   4   0 0  0 1  0 1  2 0
   288  0.7123499273813527E-05   4   1 0  0 0  0 0  3 0
   289  0.1468822330475326E-05   4   0 1  0 0  0 0  3 0
   290  -.5919026293014833E-01   4   0 0  1 0  0 0  3 0
   291  -.1195506797254285       4   0 0  0 1  0 0  3 0
   292  -.8592691932592101E-05   4   1 0  0 0  0 2  0 1
   293  -.1473097461167818E-05   4   0 1  0 0  0 2  0 1
   294  0.7465007204376825E-01   4   0 0  1 0  0 2  0 1
   295  0.1035352730925547E-01   4   0 0  0 1  0 2  0 1
   296  -.5733379300370993E-05   4   1 0  0 0  0 1  1 1
   297  -.1469990172495594E-05   4   0 1  0 0  0 1  1 1
   298  0.5250328457462825E-01   4   0 0  1 0  0 1  1 1
   299  0.1012321267143506E-01   4   0 0  0 1  0 1  1 1
   300  -.8554422536052921E-05   4   1 0  0 0  0 0  2 1
   301  -.1465723383547024E-05   4   0 1  0 0  0 0  2 1
   302  0.7431310379720324E-01   4   0 0  1 0  0 0  2 1
   303  0.1030204740537735E-01   4   0 0  0 1  0 0  2 1
   304  -.1220106397247822E-07   4   1 0  0 0  0 1  0 2
   305  -.5618432883524821E-08   4   0 1  0 0  0 1  0 2
   306  -.3957007517625074E-02   4   0 0  1 0  0 1  0 2
   307  0.4627777949069269E-03   4   0 0  0 1  0 1  0 2
   308  -.1216031767618620E-07   4   1 0  0 0  0 0  1 2
   309  -.5599669738681777E-08   4   0 1  0 0  0 0  1 2
   310  -.3943792817622262E-02   4   0 0  1 0  0 0  1 2
   311  0.4612323164858090E-03   4   0 0  0 1  0 0  1 2
   312  0.2686288402781998E-08   4   1 0  0 0  0 0  0 3
   313  0.9350415150385428E-09   4   0 1  0 0  0 0  0 3
   314  -.2680905063319220E-04   4   0 0  1 0  0 0  0 3
   315  -.7221147082831166E-05   4   0 0  0 1  0 0  0 3
   316  -.1628234858383094E-05   4   0 0  0 0  0 4  0 0
   317  -.1001052397315643E-05   4   0 0  0 0  0 3  1 0
   318  -.9174368096756586E-06   4   0 0  0 0  0 2  2 0
   319  -.1005478774942990E-05   4   0 0  0 0  0 1  3 0
   320  -.1615705365760996E-05   4   0 0  0 0  0 0  4 0
   321  0.1125592634978759E-06   4   0 0  0 0  0 3  0 1
   322  0.1290429809829439E-06   4   0 0  0 0  0 2  1 1
   323  0.1289585251994992E-06   4   0 0  0 0  0 1  2 1
   324  0.1117806620528061E-06   4   0 0  0 0  0 0  3 1
   325  0.4228528343315792E-08   4   0 0  0 0  0 2  0 2
   326  0.6078658957855938E-08   4   0 0  0 0  0 1  1 2
   327  0.4204256829959538E-08   4   0 0  0 0  0 0  2 2
   328  -.5668995893680678E-10   4   0 0  0 0  0 1  0 3
   329  -.5650063890208508E-10   4   0 0  0 0  0 0  1 3
   ----------------------------------------------------
     I  COEFFICIENT            ORDER EXPONENTS
     1  0.5023910668010026E-05   0   0 0  0 0  0 0  0 0
     2  -.1313428807083996E-03   1   1 0  0 0  0 0  0 0
     3  -.2292957196115871E-04   1   0 1  0 0  0 0  0 0
     4   1.097053709932339       1   0 0  1 0  0 0  0 0
     5   1.181568569690499       1   0 0  0 1  0 0  0 0
     6  -.1245928177460767E-06   1   0 0  0 0  0 1  0 0
     7  -.1241767314228057E-06   1   0 0  0 0  0 0  1 0
     8  0.5272680217290258E-05   1   0 0  0 0  0 0  0 1
     9  0.3106558355568735E-05   2   2 0  0 0  0 0  0 0
    10  -.1959523784738901E-04   2   1 1  0 0  0 0  0 0
    11  -.5854981867495917E-06   2   0 2  0 0  0 0  0 0
    12  -.3240150412032041E-03   2   1 0  1 0  0 0  0 0
    13  0.2517409886179430E-03   2   0 1  1 0  0 0  0 0
    14  -.9455909638715829E-05   2   0 0  2 0  0 0  0 0
    15  0.2034424626617293E-03   2   1 0  0 1  0 0  0 0
    16  0.7808519077052395E-04   2   0 1  0 1  0 0  0 0
    17  0.1204634550366047E-04   2   0 0  1 1  0 0  0 0
    18  -.4013267263869530E-06   2   0 0  0 2  0 0  0 0
    19  0.2843864974106956E-06   2   1 0  0 0  0 1  0 0
    20  0.1147934029840609E-04   2   0 1  0 0  0 1  0 0
    21  -.4235418830865365E-01   2   0 0  1 0  0 1  0 0
    22  -.9294739741644392E-01   2   0 0  0 1  0 1  0 0
    23  0.2834367690537379E-06   2   1 0  0 0  0 0  1 0
    24  0.1144100424834308E-04   2   0 1  0 0  0 0  1 0
    25  -.4221274357044107E-01   2   0 0  1 0  0 0  1 0
    26  -.9263699316080298E-01   2   0 0  0 1  0 0  1 0
    27  -.1319107039748640E-03   2   1 0  0 0  0 0  0 1
    28  -.2292034454674920E-04   2   0 1  0 0  0 0  0 1
    29   1.181620641811434       2   0 0  1 0  0 0  0 1
    30  0.1855843905772463       2   0 0  0 1  0 0  0 1
    31  0.9028469252117131E-07   2   0 0  0 0  0 2  0 0
    32  0.5620461232284337E-07   2   0 0  0 0  0 1  1 0
    33  0.8988933096471023E-07   2   0 0  0 0  0 0  2 0
    34  -.2367747905314922E-06   2   0 0  0 0  0 1  0 1
    35  -.2359840647591373E-06   2   0 0  0 0  0 0  1 1
    36  0.2363796867934491E-06   2   0 0  0 0  0 0  0 2
    37  0.8935861703952101E-04   3   3 0  0 0  0 0  0 0
    38  0.5297909276206537E-04   3   2 1  0 0  0 0  0 0
    39  0.1159045610351608E-04   3   1 2  0 0  0 0  0 0
    40  -.1047582886486896E-04   3   0 3  0 0  0 0  0 0
    41  -1.854750340754997       3   2 0  1 0  0 0  0 0
    42  -1.306273697735202       3   1 1  1 0  0 0  0 0
    43  0.4829694686801961       3   0 2  1 0  0 0  0 0
    44  -.1914852948073744E-03   3   1 0  2 0  0 0  0 0
    45  -.4768202349033618E-04   3   0 1  2 0  0 0  0 0
    46  -1.038979908444255       3   0 0  3 0  0 0  0 0
    47  -.6188863136360493E-02   3   2 0  0 1  0 0  0 0
    48  -.3042368706859868       3   1 1  0 1  0 0  0 0
    49  0.1503968460940102       3   0 2  0 1  0 0  0 0
    50  -.5846397471026462E-04   3   1 0  1 1  0 0  0 0
    51  0.1117769584345010E-03   3   0 1  1 1  0 0  0 0
    52  -.8068151297836811       3   0 0  2 1  0 0  0 0
    53  -.6701499662027864E-05   3   1 0  0 2  0 0  0 0
    54  0.8968328185460696E-05   3   0 1  0 2  0 0  0 0
    55  -.7120868505139631       3   0 0  1 2  0 0  0 0
    56  -.1441049517221185E-01   3   0 0  0 3  0 0  0 0
    57  -.2141302548174831E-05   3   2 0  0 0  0 1  0 0
    58  0.1159881766191011E-04   3   1 1  0 0  0 1  0 0
    59  0.7048441888908248E-06   3   0 2  0 0  0 1  0 0
    60  0.1672097658807377E-03   3   1 0  1 0  0 1  0 0
    61  -.1194602552965019E-03   3   0 1  1 0  0 1  0 0
    62  0.6654834359836938E-05   3   0 0  2 0  0 1  0 0
    63  -.7667212268560107E-04   3   1 0  0 1  0 1  0 0
    64  -.7176400751646240E-04   3   0 1  0 1  0 1  0 0
    65  -.3358842720938461E-05   3   0 0  1 1  0 1  0 0
    66  0.8653334387826794E-06   3   0 0  0 2  0 1  0 0
    67  -.2134151520367092E-05   3   2 0  0 0  0 0  1 0
    68  0.1156008260893640E-04   3   1 1  0 0  0 0  1 0
    69  0.7024903130226084E-06   3   0 2  0 0  0 0  1 0
    70  0.1666513573146327E-03   3   1 0  1 0  0 0  1 0
    71  -.1190613095201292E-03   3   0 1  1 0  0 0  1 0
    72  0.6632610080684580E-05   3   0 0  2 0  0 0  1 0
    73  -.7641607083442571E-04   3   1 0  0 1  0 0  1 0
    74  -.7152434665500353E-04   3   0 1  0 1  0 0  1 0
    75  -.3347625633605444E-05   3   0 0  1 1  0 0  1 0
    76  0.8624435979746278E-06   3   0 0  0 2  0 0  1 0
    77  0.7382012424110561E-05   3   2 0  0 0  0 0  0 1
    78  -.2315890027084652E-04   3   1 1  0 0  0 0  0 1
    79  -.8218363151638930E-06   3   0 2  0 0  0 0  0 1
    80  -.6578761643985740E-03   3   1 0  1 0  0 0  0 1
    81  0.2385215648169826E-03   3   0 1  1 0  0 0  0 1
    82  -.2274335407924594E-04   3   0 0  2 0  0 0  0 1
    83  0.1530881935200269E-03   3   1 0  0 1  0 0  0 1
    84  0.6520316340093987E-04   3   0 1  0 1  0 0  0 1
    85  0.6706468354083065E-05   3   0 0  1 1  0 0  0 1
    86  -.1326450310371200E-05   3   0 0  0 2  0 0  0 1
    87  -.2813888733962297E-06   3   1 0  0 0  0 2  0 0
    88  -.8605294813163754E-05   3   0 1  0 0  0 2  0 0
    89  0.3232165052811906E-01   3   0 0  1 0  0 2  0 0
    90  0.7067291649518057E-01   3   0 0  0 1  0 2  0 0
    91  -.2808553446260642E-06   3   1 0  0 0  0 1  1 0
    92  -.5748113754030378E-05   3   0 1  0 0  0 1  1 0
    93  0.2235568035879707E-01   3   0 0  1 0  0 1  1 0
    94  0.4854618745647126E-01   3   0 0  0 1  0 1  1 0
    95  -.2799801878785422E-06   3   1 0  0 0  0 0  2 0
    96  -.8566958725055808E-05   3   0 1  0 0  0 0  2 0
    97  0.3217638097341125E-01   3   0 0  1 0  0 0  2 0
    98  0.7035583773397863E-01   3   0 0  0 1  0 0  2 0
    99  0.8478951637926072E-06   3   1 0  0 0  0 1  0 1
   100  0.1147322358936535E-04   3   0 1  0 0  0 1  0 1
   101  -.8699904344254306E-01   3   0 0  1 0  0 1  0 1
   102  -.9694466552110319E-01   3   0 0  0 1  0 1  0 1
   103  0.8450635593096272E-06   3   1 0  0 0  0 0  1 1
   104  0.1143490796647472E-04   3   0 1  0 0  0 0  1 1
   105  -.8670850412597915E-01   3   0 0  1 0  0 0  1 1
   106  -.9662091211244409E-01   3   0 0  0 1  0 0  1 1
   107  -.8495089766463798E-06   3   1 0  0 0  0 0  0 2
   108  0.8095334395793285E-08   3   0 1  0 0  0 0  0 2
   109  0.8685380409208215E-01   3   0 0  1 0  0 0  0 2
   110  0.3990606090680347E-02   3   0 0  0 1  0 0  0 2
   111  -.7524590022913103E-07   3   0 0  0 0  0 3  0 0
   112  -.4520477692583726E-07   3   0 0  0 0  0 2  1 0
   113  -.4535400474912215E-07   3   0 0  0 0  0 1  2 0
   114  -.7479373815429710E-07   3   0 0  0 0  0 0  3 0
   115  0.1806566614660971E-06   3   0 0  0 0  0 2  0 1
   116  0.1249107125869642E-06   3   0 0  0 0  0 1  1 1
   117  0.1798447721946912E-06   3   0 0  0 0  0 0  2 1
   118  -.1247242681451117E-06   3   0 0  0 0  0 1  0 2
   119  -.1243077428341523E-06   3   0 0  0 0  0 0  1 2
   120  0.4217441395274885E-08   3   0 0  0 0  0 0  0 3
   121  0.8452416946025674E-05   4   4 0  0 0  0 0  0 0
   122  -.4147116816941168E-05   4   3 1  0 0  0 0  0 0
   123  -.4532775824599297E-05   4   2 2  0 0  0 0  0 0
   124  0.3043079963871997E-05   4   1 3  0 0  0 0  0 0
   125  -.2732197710535203E-05   4   0 4  0 0  0 0  0 0
   126  0.1266017849979388E-08   4   3 0  1 0  0 0  0 0
   127  -.9517108360563090E-03   4   2 1  1 0  0 0  0 0
   128  -.1675669940808185E-03   4   1 2  1 0  0 0  0 0
   129  -.1239148824838424E-03   4   0 3  1 0  0 0  0 0
   130  0.7103593536282730E-05   4   2 0  2 0  0 0  0 0
   131  -.1154935443028445E-03   4   1 1  2 0  0 0  0 0
   132  -.5717089639230868E-05   4   0 2  2 0  0 0  0 0
   133  0.4811577924406532E-08   4   1 0  3 0  0 0  0 0
   134  -.5346927187289878E-08   4   0 1  3 0  0 0  0 0
   135  -.1507600652633285E-04   4   0 0  4 0  0 0  0 0
   136  -.4758608233657222E-03   4   3 0  0 1  0 0  0 0
   137  -.3383162591537510E-03   4   2 1  0 1  0 0  0 0
   138  0.2256178339274637E-03   4   1 2  0 1  0 0  0 0
   139  -.3858677388743494E-04   4   0 3  0 1  0 0  0 0
   140  -.3717825404876940E-04   4   2 0  1 1  0 0  0 0
   141  -.7641713514443588E-04   4   1 1  1 1  0 0  0 0
   142  0.3650763093433336E-04   4   0 2  1 1  0 0  0 0
   143  -.7996993462808678E-03   4   1 0  2 1  0 0  0 0
   144  -.3954935744158229E-08   4   0 1  2 1  0 0  0 0
   145  -.6991706613090868E-04   4   0 0  3 1  0 0  0 0
   146  0.1226605236949804E-04   4   2 0  0 2  0 0  0 0
   147  -.1538375137661023E-04   4   1 1  0 2  0 0  0 0
   148  -.1599870044625228E-05   4   0 2  0 2  0 0  0 0
   149  -.2464289816316178E-03   4   1 0  1 2  0 0  0 0
   150  -.1239120551358075E-03   4   0 1  1 2  0 0  0 0
   151  -.2646244811797544E-04   4   0 0  2 2  0 0  0 0
   152  -.2936562154032344E-05   4   1 0  0 3  0 0  0 0
   153  -.3858689012004213E-04   4   0 1  0 3  0 0  0 0
   154  0.9351294440057377E-05   4   0 0  1 3  0 0  0 0
   155  0.1582477719841879E-05   4   0 0  0 4  0 0  0 0
   156  -.4144405092510106E-04   4   3 0  0 0  0 1  0 0
   157  -.5468986323136969E-04   4   2 1  0 0  0 1  0 0
   158  -.1765669597068417E-04   4   1 2  0 0  0 1  0 0
   159  0.1521687129996386E-04   4   0 3  0 0  0 1  0 0
   160  0.7731196760908033       4   2 0  1 0  0 1  0 0
   161   1.324036587734614       4   1 1  1 0  0 1  0 0
   162  -.4669587994026471       4   0 2  1 0  0 1  0 0
   163  0.4591207953869940E-04   4   1 0  2 0  0 1  0 0
   164  0.4658521238433796E-04   4   0 1  2 0  0 1  0 0
   165  0.7074363696448430       4   0 0  3 0  0 1  0 0
   166  -.4680484400702967E-01   4   2 0  0 1  0 1  0 0
   167  0.4442287858646445       4   1 1  0 1  0 1  0 0
   168  -.2125837015678494       4   0 2  0 1  0 1  0 0
   169  0.3771043773106911E-04   4   1 0  1 1  0 1  0 0
   170  -.1037870289350757E-03   4   0 1  1 1  0 1  0 0
   171  0.9054021882439193       4   0 0  2 1  0 1  0 0
   172  0.7856927303891704E-05   4   1 0  0 2  0 1  0 0
   173  -.1238449325737196E-04   4   0 1  0 2  0 1  0 0
   174  0.8317805716425239       4   0 0  1 2  0 1  0 0
   175  0.2957387207692617E-01   4   0 0  0 3  0 1  0 0
   176  -.4130564565356352E-04   4   3 0  0 0  0 0  1 0
   177  -.5450722265444786E-04   4   2 1  0 0  0 0  1 0
   178  -.1759773021454351E-04   4   1 2  0 0  0 0  1 0
   179  0.1516605350688524E-04   4   0 3  0 0  0 0  1 0
   180  0.7705377895157186       4   2 0  1 0  0 0  1 0
   181   1.319614876068839       4   1 1  1 0  0 0  1 0
   182  -.4653993582286822       4   0 2  1 0  0 0  1 0
   183  0.4575875297693023E-04   4   1 0  2 0  0 0  1 0
   184  0.4642963784892102E-04   4   0 1  2 0  0 0  1 0
   185  0.7050738370096933       4   0 0  3 0  0 0  1 0
   186  -.4664853599659734E-01   4   2 0  0 1  0 0  1 0
   187  0.4427452531413519       4   1 1  0 1  0 0  1 0
   188  -.2118737636085167       4   0 2  0 1  0 0  1 0
   189  0.3758450111881831E-04   4   1 0  1 1  0 0  1 0
   190  -.1034404249810302E-03   4   0 1  1 1  0 0  1 0
   191  0.9023785350792844       4   0 0  2 1  0 0  1 0
   192  0.7830688552309893E-05   4   1 0  0 2  0 0  1 0
   193  -.1234313438645883E-04   4   0 1  0 2  0 0  1 0
   194  0.8290027829536287       4   0 0  1 2  0 0  1 0
   195  0.2947510808777045E-01   4   0 0  0 3  0 0  1 0
   196  0.1721083136181858E-03   4   3 0  0 0  0 0  0 1
   197  0.1091970858858175E-03   4   2 1  0 0  0 0  0 1
   198  0.2366397008171171E-04   4   1 2  0 0  0 0  0 1
   199  -.9431267077110893E-05   4   0 3  0 0  0 0  0 1
   200  -3.398407806361526       4   2 0  1 0  0 0  0 1
   201  -2.643651463803453       4   1 1  1 0  0 0  0 1
   202  0.4493886889511367       4   0 2  1 0  0 0  0 1
   203  -.2831561273229423E-03   4   1 0  2 0  0 0  0 1
   204  -.9301485023323205E-04   4   0 1  2 0  0 0  0 1
   205  -2.451490115099109       4   0 0  3 0  0 0  0 1
   206  0.9345338000362223E-01   4   2 0  0 1  0 0  0 1
   207  -.5827371683200099       4   1 1  0 1  0 0  0 1
   208  0.1236637729883406       4   0 2  0 1  0 0  0 1
   209  -.7529493884983333E-04   4   1 0  1 1  0 0  0 1
   210  0.9545049548161094E-04   4   0 1  1 1  0 0  0 1
   211  -1.807780723323630       4   0 0  2 1  0 0  0 1
   212  -.8986116194171657E-05   4   1 0  0 2  0 0  0 1
   213  0.6790971272911668E-05   4   0 1  0 2  0 0  0 1
   214  -.9486965040822248       4   0 0  1 2  0 0  0 1
   215  -.3022798982028875E-01   4   0 0  0 3  0 0  0 1
   216  0.1545484484103423E-05   4   2 0  0 0  0 2  0 0
   217  0.1607613703910202E-05   4   1 1  0 0  0 2  0 0
   218  -.5653429076811978E-05   4   0 2  0 0  0 2  0 0
   219  0.2118865518962235E-03   4   1 0  1 0  0 2  0 0
   220  -.1508821340253366E-03   4   0 1  1 0  0 2  0 0
   221  0.1319928705059881E-04   4   0 0  2 0  0 2  0 0
   222  0.1862072832225320E-03   4   1 0  0 1  0 2  0 0
   223  -.6424772739493046E-04   4   0 1  0 1  0 2  0 0
   224  0.3389870390699924E-04   4   0 0  1 1  0 2  0 0
   225  0.2745788492216094E-05   4   0 0  0 2  0 2  0 0
   226  0.1617162796150097E-06   4   2 0  0 0  0 1  1 0
   227  0.5173077829968600E-05   4   1 1  0 0  0 1  1 0
   228  -.6336047270270839E-05   4   0 2  0 0  0 1  1 0
   229  0.2556257084897628E-03   4   1 0  1 0  0 1  1 0
   230  -.1774615880922780E-03   4   0 1  1 0  0 1  1 0
   231  0.1456603999397047E-04   4   0 0  2 0  0 1  1 0
   232  0.1815177985886254E-03   4   1 0  0 1  0 1  1 0
   233  -.8967232721348391E-04   4   0 1  0 1  0 1  1 0
   234  0.3470708131433107E-04   4   0 0  1 1  0 1  1 0
   235  0.3299329476214833E-05   4   0 0  0 2  0 1  1 0
   236  0.1540053200542802E-05   4   2 0  0 0  0 0  2 0
   237  0.1593607041454727E-05   4   1 1  0 0  0 0  2 0
   238  -.5623969225983982E-05   4   0 2  0 0  0 0  2 0
   239  0.2107521022587256E-03   4   1 0  1 0  0 0  2 0
   240  -.1500819300965806E-03   4   0 1  1 0  0 0  2 0
   241  0.1313088497103527E-04   4   0 0  2 0  0 0  2 0
   242  0.1852823355197235E-03   4   1 0  0 1  0 0  2 0
   243  -.6388343420404860E-04   4   0 1  0 1  0 0  2 0
   244  0.3372754349512915E-04   4   0 0  1 1  0 0  2 0
   245  0.2731109572459979E-05   4   0 0  0 2  0 0  2 0
   246  -.4001925868981406E-05   4   2 0  0 0  0 1  0 1
   247  -.3401237497207242E-05   4   1 1  0 0  0 1  0 1
   248  0.4383028255523898E-05   4   0 2  0 0  0 1  0 1
   249  -.3396989059154855E-03   4   1 0  1 0  0 1  0 1
   250  0.1154925652789327E-03   4   0 1  1 0  0 1  0 1
   251  -.2673063834146184E-04   4   0 0  2 0  0 1  0 1
   252  -.2490330915177946E-03   4   1 0  0 1  0 1  0 1
   253  0.3178151398065030E-04   4   0 1  0 1  0 1  0 1
   254  -.4331543798546933E-04   4   0 0  1 1  0 1  0 1
   255  -.3023446741219285E-05   4   0 0  0 2  0 1  0 1
   256  -.3988561161038799E-05   4   2 0  0 0  0 0  1 1
   257  -.3389878829585232E-05   4   1 1  0 0  0 0  1 1
   258  0.4368390829830103E-05   4   0 2  0 0  0 0  1 1
   259  -.3385644579485266E-03   4   1 0  1 0  0 0  1 1
   260  0.1151068698775111E-03   4   0 1  1 0  0 0  1 1
   261  -.2664136952783327E-04   4   0 0  2 0  0 0  1 1
   262  -.2482014283023457E-03   4   1 0  0 1  0 0  1 1
   263  0.3167537741884694E-04   4   0 1  0 1  0 0  1 1
   264  -.4317078308754390E-04   4   0 0  1 1  0 0  1 1
   265  -.3013349731929419E-05   4   0 0  0 2  0 0  1 1
   266  0.4743233411277817E-05   4   2 0  0 0  0 0  0 2
   267  0.3189812526733511E-05   4   1 1  0 0  0 0  0 2
   268  0.2476181656824362E-06   4   0 2  0 0  0 0  0 2
   269  -.9987805258215627E-09   4   1 0  1 0  0 0  0 2
   270  -.1386189410468364E-09   4   0 1  1 0  0 0  0 2
   271  0.1247579530818145E-04   4   0 0  2 0  0 0  0 2
   272  0.2228338245362229E-04   4   1 0  0 1  0 0  0 2
   273  -.8505915153630747E-11   4   0 1  0 1  0 0  0 2
   274  0.6495084818377321E-05   4   0 0  1 1  0 0  0 2
   275  0.3135894885888551E-06   4   0 0  0 2  0 0  0 2
   276  0.2835568411188908E-06   4   1 0  0 0  0 3  0 0
   277  0.7166987346811014E-05   4   0 1  0 0  0 3  0 0
   278  -.2731770649207153E-01   4   0 0  1 0  0 3  0 0
   279  -.5955070563506307E-01   4   0 0  0 1  0 3  0 0
   280  0.2857489075270955E-06   4   1 0  0 0  0 2  1 0
   281  0.4297191329046603E-05   4   0 1  0 0  0 2  1 0
   282  -.1732663856606748E-01   4   0 0  1 0  0 2  1 0
   283  -.3734380630362311E-01   4   0 0  0 1  0 2  1 0
   284  0.2857331830236342E-06   4   1 0  0 0  0 1  2 0
   285  0.4311447255045094E-05   4   0 1  0 0  0 1  2 0
   286  -.1737623035837320E-01   4   0 0  1 0  0 1  2 0
   287  -.3745405228692122E-01   4   0 0  0 1  0 1  2 0
   288  0.2816608642127337E-06   4   1 0  0 0  0 0  3 0
   289  0.7123934085147931E-05   4   0 1  0 0  0 0  3 0
   290  -.2715202781465248E-01   4   0 0  1 0  0 0  3 0
   291  -.5919024833196343E-01   4   0 0  0 1  0 0  3 0
   292  -.8511038430979639E-06   4   1 0  0 0  0 2  0 1
   293  -.8593204628122675E-05   4   0 1  0 0  0 2  0 1
   294  0.6695804586482425E-01   4   0 0  1 0  0 2  0 1
   295  0.7465004794367401E-01   4   0 0  0 1  0 2  0 1
   296  -.8542816348076960E-06   4   1 0  0 0  0 1  1 1
   297  -.5732293753817972E-05   4   0 1  0 0  0 1  1 1
   298  0.4704993460316145E-01   4   0 0  1 0  0 1  1 1
   299  0.5250325800094612E-01   4   0 0  0 1  0 1  1 1
   300  -.8468350567115964E-06   4   1 0  0 0  0 0  2 1
   301  -.8554935332013755E-05   4   0 1  0 0  0 0  2 1
   302  0.6665587159065026E-01   4   0 0  1 0  0 0  2 1
   303  0.7431307982196789E-01   4   0 0  0 1  0 0  2 1
   304  0.8516043110480912E-06   4   1 0  0 0  0 1  0 2
   305  -.1213255698946492E-07   4   0 1  0 0  0 1  0 2
   306  -.4698346156771615E-01   4   0 0  1 0  0 1  0 2
   307  -.3956999031122154E-02   4   0 0  0 1  0 1  0 2
   308  0.8487603196120232E-06   4   1 0  0 0  0 0  1 2
   309  -.1209203947702655E-07   4   0 1  0 0  0 0  1 2
   310  -.4682655705160745E-01   4   0 0  1 0  0 0  1 2
   311  -.3943784359459977E-02   4   0 0  0 1  0 0  1 2
   312  -.2836185513389532E-06   4   1 0  0 0  0 0  0 3
   313  0.2677975895898960E-08   4   0 1  0 0  0 0  0 3
   314  0.2318738175745192E-02   4   0 0  1 0  0 0  0 3
   315  -.2680959692574779E-04   4   0 0  0 1  0 0  0 3
   316  -.8068970233031014E-06   4   0 0  0 0  0 4  0 0
   317  -.4889760462841068E-06   4   0 0  0 0  0 3  1 0
   318  -.4464310941799672E-06   4   0 0  0 0  0 2  2 0
   319  -.4912208413257998E-06   4   0 0  0 0  0 1  3 0
   320  -.8006996502271335E-06   4   0 0  0 0  0 0  4 0
   321  0.9570489601917749E-06   4   0 0  0 0  0 3  0 1
   322  0.6244206638148650E-06   4   0 0  0 0  0 2  1 1
   323  0.6260709060305903E-06   4   0 0  0 0  0 1  2 1
   324  0.9512156153434738E-06   4   0 0  0 0  0 0  3 1
   325  -.3894132244431583E-07   4   0 0  0 0  0 2  0 2
   326  -.4643630682073086E-07   4   0 0  0 0  0 1  1 2
   327  -.3873373657995426E-07   4   0 0  0 0  0 0  2 2
   328  -.2105690424892528E-09   4   0 0  0 0  0 1  0 3
   329  -.2098658326231139E-09   4   0 0  0 0  0 0  1 3
   ----------------------------------------------------
     I  COEFFICIENT            ORDER EXPONENTS
     1  0.5415040722865442E-08   0   0 0  0 0  0 0  0 0
     2  -.8635815627212526E-06   1   1 0  0 0  0 0  0 0
     3  0.1201988137685922E-05   1   0 1  0 0  0 0  0 0
     4  -.1505111604981048E-06   1   0 0  1 0  0 0  0 0
     5  -.2755146779004447E-06   1   0 0  0 1  0 0  0 0
     6   1.000000000000000       1   0 0  0 0  1 0  0 0
     7  0.8718262460946342E-01   1   0 0  0 0  0 1  0 0
     8  -.8718262459908545E-01   1   0 0  0 0  0 0  1 0
     9  -.1037884318467011E-10   1   0 0  0 0  0 0  0 1
    10  -.2404090884367174E-01   2   2 0  0 0  0 0  0 0
    11  0.8294272956899833E-01   2   1 1  0 0  0 0  0 0
    12  -.8185869344631767E-01   2   0 2  0 0  0 0  0 0
    13  0.2479290714472902E-06   2   1 0  1 0  0 0  0 0
    14  0.1146128253441535E-04   2   0 1  1 0  0 0  0 0
    15  -.2596196642571028E-01   2   0 0  2 0  0 0  0 0
    16  0.1146129281997140E-04   2   1 0  0 1  0 0  0 0
    17  0.1473728360578489E-05   2   0 1  0 1  0 0  0 0
    18  -.9453126378586219E-01   2   0 0  1 1  0 0  0 0
    19  -.9326916548385947E-01   2   0 0  0 2  0 0  0 0
    20  0.1312898531811854E-05   2   1 0  0 0  0 1  0 0
    21  -.1794741664866204E-05   2   0 1  0 0  0 1  0 0
    22  0.2346952982637450E-06   2   0 0  1 0  0 1  0 0
    23  0.4192341686312945E-06   2   0 0  0 1  0 1  0 0
    24  0.4506887870611237E-06   2   1 0  0 0  0 0  1 0
    25  -.5947714102850584E-06   2   0 1  0 0  0 0  1 0
    26  0.8440403033122927E-07   2   0 0  1 0  0 0  1 0
    27  0.1441568516421015E-06   2   0 0  0 1  0 0  1 0
    28  -.1763581207788036E-05   2   1 0  0 0  0 0  0 1
    29  0.1187511751302321E-05   2   0 1  0 0  0 0  0 1
    30  -.3190995829484400E-06   2   0 0  1 0  0 0  0 1
    31  -.2878775113829032E-06   2   0 0  0 1  0 0  0 1
    32  -.6549633322655336E-01   2   0 0  0 0  0 2  0 0
    33  0.4381004182598534E-01   2   0 0  0 0  0 1  1 0
    34  0.2168629138290534E-01   2   0 0  0 0  0 0  2 0
    35  0.1765472123527446E-10   2   0 0  0 0  0 1  0 1
    36  0.7286124864728090E-11   2   0 0  0 0  0 0  1 1
    37  -.7281146932033300E-11   2   0 0  0 0  0 0  0 2
    38  0.2395911603714608E-04   3   3 0  0 0  0 0  0 0
    39  -.7895344820116532E-04   3   2 1  0 0  0 0  0 0
    40  0.5914342252287811E-05   3   1 2  0 0  0 0  0 0
    41  0.3977254826346560E-05   3   0 3  0 0  0 0  0 0
    42  -.2674629362588769E-05   3   2 0  1 0  0 0  0 0
    43  -.1077636975923571E-04   3   1 1  1 0  0 0  0 0
    44  0.1730002315685192E-05   3   0 2  1 0  0 0  0 0
    45  -.1531069021395129E-04   3   1 0  2 0  0 0  0 0
    46  0.5284357321988155E-04   3   0 1  2 0  0 0  0 0
    47  -.1614594306807078E-05   3   0 0  3 0  0 0  0 0
    48  -.4916307153654674E-05   3   2 0  0 1  0 0  0 0
    49  -.3370336952390012E-06   3   1 1  0 1  0 0  0 0
    50  -.4046071815029377E-06   3   0 2  0 1  0 0  0 0
    51  0.1004426450024281E-03   3   1 0  1 1  0 0  0 0
    52  -.5714432701399245E-05   3   0 1  1 1  0 0  0 0
    53  -.2012363310772831E-05   3   0 0  2 1  0 0  0 0
    54  -.2644186911363508E-04   3   1 0  0 2  0 0  0 0
    55  0.4332982748895334E-06   3   0 1  0 2  0 0  0 0
    56  -.5392940941252083E-05   3   0 0  1 2  0 0  0 0
    57  -.1024635369208104E-05   3   0 0  0 3  0 0  0 0
    58  0.3551037637831901E-01   3   2 0  0 0  0 1  0 0
    59  -.1212901001010265       3   1 1  0 0  0 1  0 0
    60  0.1198328507931145       3   0 2  0 0  0 1  0 0
    61  -.4955259956673862E-06   3   1 0  1 0  0 1  0 0
    62  -.1716114351076326E-04   3   0 1  1 0  0 1  0 0
    63  0.3934176338166475E-01   3   0 0  2 0  0 1  0 0
    64  -.1715807055998086E-04   3   1 0  0 1  0 1  0 0
    65  -.2945874714812972E-05   3   0 1  0 1  0 1  0 0
    66  0.1444192441155239       3   0 0  1 1  0 1  0 0
    67  0.1425968635382338       3   0 0  0 2  0 1  0 0
    68  0.1151117904263179E-01   3   2 0  0 0  0 0  1 0
    69  -.3849539840125746E-01   3   1 1  0 0  0 0  1 0
    70  0.3811981888023204E-01   3   0 2  0 0  0 0  1 0
    71  -.2471660972629783E-06   3   1 0  1 0  0 0  1 0
    72  -.5718455432509126E-05   3   0 1  1 0  0 0  1 0
    73  0.1342151429467139E-01   3   0 0  2 0  0 0  1 0
    74  -.5716500688565188E-05   3   1 0  0 1  0 0  1 0
    75  -.1469860341035582E-05   3   0 1  0 1  0 0  1 0
    76  0.5003602300397093E-01   3   0 0  1 1  0 0  1 0
    77  0.4947341242869144E-01   3   0 0  0 2  0 0  1 0
    78  -.4702154850279083E-01   3   2 0  0 0  0 0  0 1
    79  0.7684284044924342E-01   3   1 1  0 0  0 0  0 1
    80  0.5764640827909319E-02   3   0 2  0 0  0 0  0 1
    81  0.7420477745839225E-06   3   1 0  1 0  0 0  0 1
    82  0.1141636111916542E-04   3   0 1  1 0  0 0  0 1
    83  -.5276325337311125E-01   3   0 0  2 0  0 0  0 1
    84  0.1141505230882054E-04   3   1 0  0 1  0 0  0 1
    85  0.1459239922957700E-05   3   0 1  0 1  0 0  0 1
    86  -.9992402631009867E-01   3   0 0  1 1  0 0  0 1
    87  -.5531981204235810E-02   3   0 0  0 2  0 0  0 1
    88  -.1658213377030866E-05   3   1 0  0 0  0 2  0 0
    89  0.2232832206507749E-05   3   0 1  0 0  0 2  0 0
    90  -.2955935813692798E-06   3   0 0  1 0  0 2  0 0
    91  -.5290871728561832E-06   3   0 0  0 1  0 2  0 0
    92  -.6913397793104390E-06   3   1 0  0 0  0 1  1 0
    93  0.8772372972892782E-06   3   0 1  0 0  0 1  1 0
    94  -.1219533935346316E-06   3   0 0  1 0  0 1  1 0
    95  -.2199343241577588E-06   3   0 0  0 1  0 1  1 0
    96  -.3466978187807387E-06   3   1 0  0 0  0 0  2 0
    97  0.4401374009049910E-06   3   0 1  0 0  0 0  2 0
    98  -.6116313103903967E-07   3   0 0  1 0  0 0  2 0
    99  -.1102967771018551E-06   3   0 0  0 1  0 0  2 0
   100  0.2694887019428460E-05   3   1 0  0 0  0 1  0 1
   101  -.1753457375207100E-05   3   0 1  0 0  0 1  0 1
   102  0.4784446220215587E-06   3   0 0  1 0  0 1  0 1
   103  0.4396371094023633E-06   3   0 0  0 1  0 1  0 1
   104  0.9340655840993679E-06   3   1 0  0 0  0 0  1 1
   105  -.5680081429445452E-06   3   0 1  0 0  0 0  1 1
   106  0.1598749915812380E-06   3   0 0  1 0  0 0  1 1
   107  0.1522109625780224E-06   3   0 0  0 1  0 0  1 1
   108  -.9326884006735286E-06   3   1 0  0 0  0 0  0 2
   109  -.2678072258223911E-07   3   0 1  0 0  0 0  0 2
   110  -.1596099849055937E-06   3   0 0  1 0  0 0  0 2
   111  -.8046566276556740E-08   3   0 0  0 1  0 0  0 2
   112  0.5459864630507850E-01   3   0 0  0 0  0 3  0 0
   113  -.3280331063420149E-01   3   0 0  0 0  0 2  1 0
   114  -.1100673806913867E-01   3   0 0  0 0  0 1  2 0
   115  -.1078861720103399E-01   3   0 0  0 0  0 0  3 0
   116  -.1045499367456801E-08   3   0 0  0 0  0 2  0 1
   117  -.7257272893865510E-09   3   0 0  0 0  0 1  1 1
   118  -.3627858609891328E-09   3   0 0  0 0  0 0  2 1
   119  0.1547195866944553E-10   3   0 0  0 0  0 1  0 2
   120  0.5443342362881522E-11   3   0 0  0 0  0 0  1 2
   121  0.2319386367144424E-12   3   0 0  0 0  0 0  0 3
   122  -.4781683880283162E-01   4   4 0  0 0  0 0  0 0
   123  -.1218204807734840       4   3 1  0 0  0 0  0 0
   124  0.5160282599256861E-01   4   2 2  0 0  0 0  0 0
   125  0.1211777724520686       4   1 3  0 0  0 0  0 0
   126  -.4773480325673879E-01   4   0 4  0 0  0 0  0 0
   127  0.5518656904117780E-04   4   3 0  1 0  0 0  0 0
   128  0.2582176997801082E-04   4   2 1  1 0  0 0  0 0
   129  -.1413734923013286E-04   4   1 2  1 0  0 0  0 0
   130  0.1512869114355913E-04   4   0 3  1 0  0 0  0 0
   131  -.5229041582526768       4   2 0  2 0  0 0  0 0
   132  -.2609717567640600       4   1 1  2 0  0 0  0 0
   133  0.1856836966714600       4   0 2  2 0  0 0  0 0
   134  -.1471488548989912E-04   4   1 0  3 0  0 0  0 0
   135  0.1328371939935501E-04   4   0 1  3 0  0 0  0 0
   136  -.2045157450538229       4   0 0  4 0  0 0  0 0
   137  0.7858567224832296E-05   4   3 0  0 1  0 0  0 0
   138  0.4894359257108376E-04   4   2 1  0 1  0 0  0 0
   139  0.2167704334018355E-04   4   1 2  0 1  0 0  0 0
   140  0.5048213964361015E-05   4   0 3  0 1  0 0  0 0
   141  -.2434752629040038       4   2 0  1 1  0 0  0 0
   142  -.4932763601446222E-01   4   1 1  1 1  0 0  0 0
   143  -.1130776345057688       4   0 2  1 1  0 0  0 0
   144  0.4209298311836902E-04   4   1 0  2 1  0 0  0 0
   145  0.9924181810572265E-04   4   0 1  2 1  0 0  0 0
   146  -.4666282520681408       4   0 0  3 1  0 0  0 0
   147  -.3027340850744115       4   2 0  0 2  0 0  0 0
   148  0.7043932101087136E-01   4   1 1  0 2  0 0  0 0
   149  -.1345332029870127       4   0 2  0 2  0 0  0 0
   150  0.3614473069663321E-04   4   1 0  1 2  0 0  0 0
   151  0.3908734628614197E-04   4   0 1  1 2  0 0  0 0
   152  -.6072661071984045       4   0 0  2 2  0 0  0 0
   153  0.2092610400304621E-04   4   1 0  0 3  0 0  0 0
   154  0.6106799083888404E-05   4   0 1  0 3  0 0  0 0
   155  -.2536239321176303       4   0 0  1 3  0 0  0 0
   156  -.9089002644883959E-01   4   0 0  0 4  0 0  0 0
   157  -.8507997412017300E-04   4   3 0  0 0  0 1  0 0
   158  0.1367775802327786E-03   4   2 1  0 0  0 1  0 0
   159  0.2085467632751258E-03   4   1 2  0 0  0 1  0 0
   160  -.1248638997037901E-03   4   0 3  0 0  0 1  0 0
   161  -.6801014664586277E-05   4   2 0  1 0  0 1  0 0
   162  0.1345847224608429E-04   4   1 1  1 0  0 1  0 0
   163  -.6370586790893581E-05   4   0 2  1 0  0 1  0 0
   164  -.1046931340204341E-03   4   1 0  2 0  0 1  0 0
   165  0.1003364077215960E-03   4   0 1  2 0  0 1  0 0
   166  -.1595536535101978E-04   4   0 0  3 0  0 1  0 0
   167  -.1284966908015600E-04   4   2 0  0 1  0 1  0 0
   168  0.5880917253256450E-05   4   1 1  0 1  0 1  0 0
   169  -.1017090003437243E-04   4   0 2  0 1  0 1  0 0
   170  -.1633635245204319E-03   4   1 0  1 1  0 1  0 0
   171  -.1369109573155674E-03   4   0 1  1 1  0 1  0 0
   172  -.4391923574202490E-04   4   0 0  2 1  0 1  0 0
   173  0.1021115378091470E-03   4   1 0  0 2  0 1  0 0
   174  -.1752854137365379E-03   4   0 1  0 2  0 1  0 0
   175  -.2502082709233989E-04   4   0 0  1 2  0 1  0 0
   176  -.1382670284556667E-04   4   0 0  0 3  0 1  0 0
   177  -.3052044875526485E-04   4   3 0  0 0  0 0  1 0
   178  0.3050163889092057E-04   4   2 1  0 0  0 0  1 0
   179  0.1213850147240703E-03   4   1 2  0 0  0 0  1 0
   180  -.7147378639623567E-04   4   0 3  0 0  0 0  1 0
   181  -.3564719791153587E-05   4   2 0  1 0  0 0  1 0
   182  0.4522866180055258E-05   4   1 1  1 0  0 0  1 0
   183  -.3615788520546409E-05   4   0 2  1 0  0 0  1 0
   184  -.5615997671460200E-04   4   1 0  2 0  0 0  1 0
   185  0.5706923334658573E-04   4   0 1  2 0  0 0  1 0
   186  -.8603374976492757E-05   4   0 0  3 0  0 0  1 0
   187  -.7771774484800859E-05   4   2 0  0 1  0 0  1 0
   188  0.3415557819265109E-05   4   1 1  0 1  0 0  1 0
   189  -.6119707103178621E-05   4   0 2  0 1  0 0  1 0
   190  -.5192626226605827E-04   4   1 0  1 1  0 0  1 0
   191  -.8464238107991081E-04   4   0 1  1 1  0 0  1 0
   192  -.2406522513004579E-04   4   0 0  2 1  0 0  1 0
   193  0.5574789632048222E-04   4   1 0  0 2  0 0  1 0
   194  -.1054877762785742E-03   4   0 1  0 2  0 0  1 0
   195  -.1601941423713443E-04   4   0 0  1 2  0 0  1 0
   196  -.8623297228936012E-05   4   0 0  0 3  0 0  1 0
   197  0.8434586979734458E-04   4   3 0  0 0  0 0  0 1
   198  -.3427014992616250E-04   4   2 1  0 0  0 0  0 1
   199  -.6257064183528263E-04   4   1 2  0 0  0 0  0 1
   200  -.1263640753782891E-04   4   0 3  0 0  0 0  0 1
   201  0.6547861279333532E-05   4   2 0  1 0  0 0  0 1
   202  -.9813084763349042E-05   4   1 1  1 0  0 0  0 1
   203  0.2718054422134847E-05   4   0 2  1 0  0 0  0 1
   204  0.9389797792389137E-04   4   1 0  2 0  0 0  0 1
   205  -.1890452387774764E-04   4   0 1  2 0  0 0  0 1
   206  0.1723236852877670E-04   4   0 0  3 0  0 0  0 1
   207  0.6054548813999639E-05   4   2 0  0 1  0 0  0 1
   208  -.2148157844899645E-05   4   1 1  0 1  0 0  0 1
   209  -.6457405536854542E-07   4   0 2  0 1  0 0  0 1
   210  0.9099917674855262E-04   4   1 0  1 1  0 0  0 1
   211  0.5921307228688709E-04   4   0 1  1 1  0 0  0 1
   212  0.2909246273750681E-04   4   0 0  2 1  0 0  0 1
   213  -.4712314480618685E-04   4   1 0  0 2  0 0  0 1
   214  0.2710281175724574E-05   4   0 1  0 2  0 0  0 1
   215  0.1114308593643503E-04   4   0 0  1 2  0 0  0 1
   216  0.1165227995969564E-05   4   0 0  0 3  0 0  0 1
   217  -.4384252915670851E-01   4   2 0  0 0  0 2  0 0
   218  0.1485169325121386       4   1 1  0 0  0 2  0 0
   219  -.1468963399399442       4   0 2  0 0  0 2  0 0
   220  0.7415465694092024E-06   4   1 0  1 0  0 2  0 0
   221  0.2141854851095426E-04   4   0 1  1 0  0 2  0 0
   222  -.4957342911636485E-01   4   0 0  2 0  0 2  0 0
   223  0.2141870942326113E-04   4   1 0  0 1  0 2  0 0
   224  0.4401076946174336E-05   4   0 1  0 1  0 2  0 0
   225  -.1831385294320752       4   0 0  1 1  0 2  0 0
   226  -.1809568055037372       4   0 0  0 2  0 2  0 0
   227  -.1668554642903736E-01   4   2 0  0 0  0 1  1 0
   228  0.5452888009201003E-01   4   1 1  0 0  0 1  1 0
   229  -.5420078758126645E-01   4   0 2  0 0  0 1  1 0
   230  0.4916430283302691E-06   4   1 0  1 0  0 1  1 0
   231  0.8526013105309600E-05   4   0 1  1 0  0 1  1 0
   232  -.2048466714566552E-01   4   0 0  2 0  0 1  1 0
   233  0.8529255934271783E-05   4   1 0  0 1  0 1  1 0
   234  0.2914787652398375E-05   4   0 1  0 1  0 1  1 0
   235  -.7751415093799392E-01   4   0 0  1 1  0 1  1 0
   236  -.7679409663700042E-01   4   0 0  0 2  0 1  1 0
   237  -.8373943993234630E-02   4   2 0  0 0  0 0  2 0
   238  0.2737502668997538E-01   4   1 1  0 0  0 0  2 0
   239  -.2720910422695416E-01   4   0 2  0 0  0 0  2 0
   240  0.2463467525330043E-06   4   1 0  1 0  0 0  2 0
   241  0.4277287435120531E-05   4   0 1  1 0  0 0  2 0
   242  -.1027352358575068E-01   4   0 0  2 0  0 0  2 0
   243  0.4279200381272400E-05   4   1 0  0 1  0 0  2 0
   244  0.1457492679656213E-05   4   0 1  0 1  0 0  2 0
   245  -.3886770348303319E-01   4   0 0  1 1  0 0  2 0
   246  -.3850585258912504E-01   4   0 0  0 2  0 0  2 0
   247  0.6886024372509346E-01   4   2 0  0 0  0 1  0 1
   248  -.1089823966293711       4   1 1  0 0  0 1  0 1
   249  -.1150523549441676E-01   4   0 2  0 0  0 1  0 1
   250  -.1478327223939529E-05   4   1 0  1 0  0 1  0 1
   251  -.1704566113410565E-04   4   0 1  1 0  0 1  0 1
   252  0.8028982285695882E-01   4   0 0  2 0  0 1  0 1
   253  -.1704533643596158E-04   4   1 0  0 1  0 1  0 1
   254  -.2896527295588517E-05   4   0 1  0 1  0 1  0 1
   255  0.1549527043135338       4   0 0  1 1  0 1  0 1
   256  0.1091705395649781E-01   4   0 0  0 2  0 1  0 1
   257  0.2192227068253432E-01   4   2 0  0 0  0 0  1 1
   258  -.3228798887979124E-01   4   1 1  0 0  0 0  1 1
   259  -.5740610678889568E-02   4   0 2  0 0  0 0  1 1
   260  -.7362904372229841E-06   4   1 0  1 0  0 0  1 1
   261  -.5648498981841210E-05   4   0 1  1 0  0 0  1 1
   262  0.2761026067947269E-01   4   0 0  2 0  0 0  1 1
   263  -.5649475451265551E-05   4   1 0  0 1  0 0  1 1
   264  -.1437344410192372E-05   4   0 1  0 1  0 0  1 1
   265  0.5517749469617014E-01   4   0 0  1 1  0 0  1 1
   266  0.5385501666539192E-02   4   0 0  0 2  0 0  1 1
   267  -.2188048360752453E-01   4   2 0  0 0  0 0  0 2
   268  -.6207668698743711E-02   4   1 1  0 0  0 0  0 2
   269  -.2404502308998715E-04   4   0 2  0 0  0 0  0 2
   270  0.7353319249641856E-06   4   1 0  1 0  0 0  0 2
   271  -.6858455022980620E-07   4   0 1  1 0  0 0  0 2
   272  -.2756843392626094E-01   4   0 0  2 0  0 0  0 2
   273  -.6884026262342945E-07   4   1 0  0 1  0 0  0 2
   274  -.2198936217971780E-07   4   0 1  0 1  0 0  0 2
   275  -.5141076081454535E-02   4   0 0  1 1  0 0  0 2
   276  0.1466919453617230E-03   4   0 0  0 2  0 0  0 2
   277  0.4591252450875484E-04   4   1 0  0 0  0 3  0 0
   278  -.8956516615164350E-04   4   0 1  0 0  0 3  0 0
   279  -.3277177561693481E-05   4   0 0  1 0  0 3  0 0
   280  -.6525976498970044E-05   4   0 0  0 1  0 3  0 0
   281  0.1767574469198392E-04   4   1 0  0 0  0 2  1 0
   282  -.3456048468705389E-04   4   0 1  0 0  0 2  1 0
   283  -.1510613105621064E-05   4   0 0  1 0  0 2  1 0
   284  -.3016568963588433E-05   4   0 0  0 1  0 2  1 0
   285  0.1030010816698307E-04   4   1 0  0 0  0 1  2 0
   286  -.2016366690525430E-04   4   0 1  0 0  0 1  2 0
   287  -.9237768863677872E-06   4   0 0  1 0  0 1  2 0
   288  -.1844816401698348E-05   4   0 0  0 1  0 1  2 0
   289  0.5931414656722431E-05   4   1 0  0 0  0 0  3 0
   290  -.1159701103198828E-04   4   0 1  0 0  0 0  3 0
   291  -.5057646822226490E-06   4   0 0  1 0  0 0  3 0
   292  -.1009939497181206E-05   4   0 0  0 1  0 0  3 0
   293  -.3725769825327352E-04   4   1 0  0 0  0 2  0 1
   294  -.6284636781310628E-05   4   0 1  0 0  0 2  0 1
   295  0.2923063279870082E-05   4   0 0  1 0  0 2  0 1
   296  0.3476515295648042E-06   4   0 0  0 1  0 2  0 1
   297  -.1239804492833569E-04   4   1 0  0 0  0 1  1 1
   298  -.4921451163006514E-05   4   0 1  0 0  0 1  1 1
   299  0.1302615522860803E-05   4   0 0  1 0  0 1  1 1
   300  0.2702165993567991E-06   4   0 0  0 1  0 1  1 1
   301  -.6229973934832325E-05   4   1 0  0 0  0 0  2 1
   302  -.2458857880831172E-05   4   0 1  0 0  0 0  2 1
   303  0.6529097163624784E-06   4   0 0  1 0  0 0  2 1
   304  0.1350100589469292E-06   4   0 0  0 1  0 0  2 1
   305  -.1593094942328908E-05   4   1 0  0 0  0 1  0 2
   306  0.5855243468186625E-07   4   0 1  0 0  0 1  0 2
   307  -.8725481469237316E-07   4   0 0  1 0  0 1  0 2
   308  0.7127350934566827E-08   4   0 0  0 1  0 1  0 2
   309  -.1062615474147793E-05   4   1 0  0 0  0 0  1 2
   310  0.2551177197916558E-07   4   0 1  0 0  0 0  1 2
   311  -.5574412539948475E-07   4   0 0  1 0  0 0  1 2
   312  0.4750930201338742E-08   4   0 0  0 1  0 0  1 2
   313  0.1892845104875199E-08   4   1 0  0 0  0 0  0 3
   314  0.9312673528662798E-09   4   0 1  0 0  0 0  0 3
   315  -.2107811845042746E-09   4   0 0  1 0  0 0  0 3
   316  -.5674928737054205E-10   4   0 0  0 1  0 0  0 3
   317  -.4778070054043756E-01   4   0 0  0 0  0 4  0 0
   318  0.2732681124143011E-01   4   0 0  0 0  0 3  1 0
   319  0.8214719384003089E-02   4   0 0  0 0  0 2  2 0
   320  0.5530249141355968E-02   4   0 0  0 0  0 1  3 0
   321  0.6708895685453675E-02   4   0 0  0 0  0 0  4 0
   322  -.6280325630808271E-10   4   0 0  0 0  0 3  0 1
   323  -.1127340026742288E-08   4   0 0  0 0  0 2  1 1
   324  -.7797589248424544E-09   4   0 0  0 0  0 1  2 1
   325  -.3929972928856255E-09   4   0 0  0 0  0 0  3 1
   326  -.1869193258337961E-11   4   0 0  0 0  0 2  0 2
   327  0.1243413857742579E-10   4   0 0  0 0  0 1  1 2
   328  0.1273617875575822E-10   4   0 0  0 0  0 0  2 2
   329  0.3831222265690472E-14   4   0 0  0 0  0 1  0 3
   330  0.2342105008906736E-12   4   0 0  0 0  0 0  1 3
   ----------------------------------------------------
     I  COEFFICIENT            ORDER EXPONENTS
     1   1.000000000000000       1   0 0  0 0  0 1  0 0
     --------------------------------------------------
     I  COEFFICIENT            ORDER EXPONENTS
     1   1.000000000000000       1   0 0  0 0  0 0  1 0
     --------------------------------------------------
     I  COEFFICIENT            ORDER EXPONENTS
     1   1.000000000000000       1   0 0  0 0  0 0  0 1
     --------------------------------------------------
