     I  COEFFICIENT            ORDER EXPONENTS
     1   1.000000000000000       1   1 0  0 0  0 0  0 0
     2  0.6596000000000000       1   0 1  0 0  0 0  0 0
     3  -.3303516160232680       2   0 1  0 0  0 1  0 0
     4  -.3292483839767320       2   0 1  0 0  0 0  1 0
     5  0.3298000000000000       3   0 3  0 0  0 0  0 0
     6  0.3298000000000000       3   0 1  0 2  0 0  0 0
     7  0.2476264999770004       3   0 1  0 0  0 2  0 0
     8  0.1654502320925351       3   0 1  0 0  0 1  1 0
     9  0.2465232679304645       3   0 1  0 0  0 0  2 0
    10  -.4955274240349019       4   0 3  0 0  0 1  0 0
    11  -.4955274240349019       4   0 1  0 2  0 1  0 0
    12  -.4938725759650980       4   0 3  0 0  0 0  1 0
    13  -.4938725759650980       4   0 1  0 2  0 0  1 0
    14  -.2063322029558800       4   0 1  0 0  0 3  0 0
    15  -.1238828910633610       4   0 1  0 0  0 2  1 0
    16  -.1242924570754416       4   0 1  0 0  0 1  2 0
    17  -.2050924489053172       4   0 1  0 0  0 0  3 0
    ---------------------------------------------------
     I  COEFFICIENT            ORDER EXPONENTS
     1   1.000000000000000       1   0 1  0 0  0 0  0 0
     --------------------------------------------------
     I  COEFFICIENT            ORDER EXPONENTS
     1   1.000000000000000       1   0 0  1 0  0 0  0 0
     2  0.6596000000000000       1   0 0  0 1  0 0  0 0
     3  -.3303516160232680       2   0 0  0 1  0 1  0 0
     4  -.3292483839767320       2   0 0  0 1  0 0  1 0
     5  0.3298000000000000       3   0 2  0 1  0 0  0 0
     6  0.3298000000000000       3   0 0  0 3  0 0  0 0
     7  0.2476264999770004       3   0 0  0 1  0 2  0 0
     8  0.1654502320925351       3   0 0  0 1  0 1  1 0
     9  0.2465232679304645       3   0 0  0 1  0 0  2 0
    10  -.4955274240349019       4   0 2  0 1  0 1  0 0
    11  -.4955274240349019       4   0 0  0 3  0 1  0 0
    12  -.4938725759650980       4   0 2  0 1  0 0  1 0
    13  -.4938725759650980       4   0 0  0 3  0 0  1 0
    14  -.2063322029558800       4   0 0  0 1  0 3  0 0
    15  -.1238828910633610       4   0 0  0 1  0 2  1 0
    16  -.1242924570754416       4   0 0  0 1  0 1  2 0
    17  -.2050924489053172       4   0 0  0 1  0 0  3 0
    ---------------------------------------------------
     I  COEFFICIENT            ORDER EXPONENTS
     1   1.000000000000000       1   0 0  0 1  0 0  0 0
     --------------------------------------------------
     I  COEFFICIENT            ORDER EXPONENTS
     1   1.000000000000000       1   0 0  0 0  1 0  0 0
     2  0.1643488452869763       1   0 0  0 0  0 1  0 0
     3  -.1643488452869763       1   0 0  0 0  0 0  1 0
     4  -.1651758080116340       2   0 2  0 0  0 0  0 0
     5  -.1651758080116340       2   0 0  0 2  0 0  0 0
     6  -.1234677985872741       2   0 0  0 0  0 2  0 0
     7  0.8258675188757195E-01   2   0 0  0 0  0 1  1 0
     8  0.4088104669970215E-01   2   0 0  0 0  0 0  2 0
     9  0.2476264999770004       3   0 2  0 0  0 1  0 0
    10  0.2476264999770004       3   0 0  0 2  0 1  0 0
    11  0.8272511604626762E-01   3   0 2  0 0  0 0  1 0
    12  0.8272511604626762E-01   3   0 0  0 2  0 0  1 0
    13  0.1029244802816400       3   0 0  0 0  0 3  0 0
    14  -.6183784367037167E-01   3   0 0  0 0  0 2  1 0
    15  -.2074890821720023E-01   3   0 0  0 0  0 1  2 0
    16  -.2033772839406804E-01   3   0 0  0 0  0 0  3 0
    17  -.1238818560087255       4   0 4  0 0  0 0  0 0
    18  -.2477637120174510       4   0 2  0 2  0 0  0 0
    19  -.1238818560087255       4   0 0  0 4  0 0  0 0
    20  -.3094983044338201       4   0 2  0 0  0 2  0 0
    21  -.3094983044338201       4   0 0  0 2  0 2  0 0
    22  -.1238828910633610       4   0 2  0 0  0 1  1 0
    23  -.1238828910633610       4   0 0  0 2  0 1  1 0
    24  -.6214622853772094E-01   4   0 2  0 0  0 0  2 0
    25  -.6214622853772094E-01   4   0 0  0 2  0 0  2 0
    26  -.9007187779466795E-01   4   0 0  0 0  0 4  0 0
    27  0.5151407033375189E-01   4   0 0  0 0  0 3  1 0
    28  0.1548566000492961E-01   4   0 0  0 0  0 2  2 0
    29  0.1042513488058043E-01   4   0 0  0 0  0 1  3 0
    30  0.1264701257540589E-01   4   0 0  0 0  0 0  4 0
    ---------------------------------------------------
     I  COEFFICIENT            ORDER EXPONENTS
     1   1.000000000000000       1   0 0  0 0  0 1  0 0
     --------------------------------------------------
     I  COEFFICIENT            ORDER EXPONENTS
     1   1.000000000000000       1   0 0  0 0  0 0  1 0
     --------------------------------------------------
     I  COEFFICIENT            ORDER EXPONENTS
     1   1.000000000000000       1   0 0  0 0  0 0  0 1
     --------------------------------------------------
