     I  COEFFICIENT            ORDER EXPONENTS
     1  0.8660261480083232       1   1 0  0 0  0 0  0 0
     2  0.8383133770246031       1   0 1  0 0  0 0  0 0
     3  0.1630712139405940       1   0 0  0 0  0 1  0 0
     4  0.1625266263546379       1   0 0  0 0  0 0  1 0
     5  -.3255978402952319       1   0 0  0 0  0 0  0 1
     6  -.4551430684249913E-01   2   2 0  0 0  0 0  0 0
     7  0.6781450573882992       2   1 1  0 0  0 0  0 0
     8  0.1896563014297259       2   0 2  0 0  0 0  0 0
     9  -.1001897036838872E-01   2   0 0  2 0  0 0  0 0
    10  -.7378127606281630       2   0 0  1 1  0 0  0 0
    11  -.5810837338337822       2   0 0  0 2  0 0  0 0
    12  0.2069301072253228       2   1 0  0 0  0 1  0 0
    13  -.2742167195509539       2   0 1  0 0  0 1  0 0
    14  0.2062390498349210       2   1 0  0 0  0 0  1 0
    15  -.2733009538696884       2   0 1  0 0  0 0  1 0
    16  -.4131691570602436       2   1 0  0 0  0 0  0 1
    17  -.2907957036039613       2   0 1  0 0  0 0  0 1
    18  -.1071095361878236       2   0 0  0 0  0 2  0 0
    19  -.5151981552596080E-01   2   0 0  0 0  0 1  1 0
    20  -.1066658094994649       2   0 0  0 0  0 0  2 0
    21  0.1026676739610144       2   0 0  0 0  0 1  0 1
    22  0.1023248081702530       2   0 0  0 0  0 0  1 1
    23  0.6030267908198231E-01   2   0 0  0 0  0 0  0 2
    24  -.4172142917060648E-01   3   3 0  0 0  0 0  0 0
    25  0.5219013091627120       3   2 1  0 0  0 0  0 0
    26  0.6720500530307083       3   1 2  0 0  0 0  0 0
    27  0.5827088892299312       3   0 3  0 0  0 0  0 0
    28  -1.375546827478670       3   1 0  2 0  0 0  0 0
    29  -.5966837627531238       3   0 1  2 0  0 0  0 0
    30  -3.717624436982586       3   1 0  1 1  0 0  0 0
    31  -3.384999364216490       3   0 1  1 1  0 0  0 0
    32  -2.896480929112448       3   1 0  0 2  0 0  0 0
    33  -2.365239370889244       3   0 1  0 2  0 0  0 0
    34  0.1695063053068107       3   2 0  0 0  0 1  0 0
    35  0.5560783536274205E-02   3   1 1  0 0  0 1  0 0
    36  0.1766356461729544       3   0 2  0 0  0 1  0 0
    37  -.3033762313137303       3   0 0  2 0  0 1  0 0
    38  -.2121439215650232       3   0 0  1 1  0 1  0 0
    39  0.2891043146433920       3   0 0  0 2  0 1  0 0
    40  0.1689402272886205       3   2 0  0 0  0 0  1 0
    41  0.5542212915446321E-02   3   1 1  0 0  0 0  1 0
    42  0.1760457592283578       3   0 2  0 0  0 0  1 0
    43  -.3023630854282290       3   0 0  2 0  0 0  1 0
    44  -.2114354522813986       3   0 0  1 1  0 0  1 0
    45  0.2881388308096947       3   0 0  0 2  0 0  1 0
    46  -.3384465325954311       3   2 0  0 0  0 0  0 1
    47  -.6892480538400201       3   1 1  0 0  0 0  0 1
    48  -.7319940082607650       3   0 2  0 0  0 0  0 1
    49  0.6057393167419571       3   0 0  2 0  0 0  0 1
    50   1.161392134474583       3   0 0  1 1  0 0  0 1
    51  0.5849243222144778       3   0 0  0 2  0 0  0 1
    52  -.1243633140948074       3   1 0  0 0  0 2  0 0
    53  0.2179212889882095       3   0 1  0 0  0 2  0 0
    54  -.4234568815120437E-01   3   1 0  0 0  0 1  1 0
    55  0.1619988051226156       3   0 1  0 0  0 1  1 0
    56  -.1238772860391371       3   1 0  0 0  0 0  2 0
    57  0.2169230226855957       3   0 1  0 0  0 0  2 0
    58  0.8414220911549619E-01   3   1 0  0 0  0 1  0 1
    59  -.4940794399712789E-01   3   0 1  0 0  0 1  0 1
    60  0.8386121039455763E-01   3   1 0  0 0  0 0  1 1
    61  -.4924294275442986E-01   3   0 1  0 0  0 0  1 1
    62  0.1225828687750950       3   1 0  0 0  0 0  0 2
    63  0.3401211469797403       3   0 1  0 0  0 0  0 2
    64  0.8609112883805584E-01   3   0 0  0 0  0 3  0 0
    65  0.4407924569621383E-01   3   0 0  0 0  0 2  1 0
    66  0.4428825785029833E-01   3   0 0  0 0  0 1  2 0
    67  0.8558651249029448E-01   3   0 0  0 0  0 0  3 0
    68  -.8813355983473398E-01   3   0 0  0 0  0 2  0 1
    69  -.7369537604110260E-01   3   0 0  0 0  0 1  1 1
    70  -.8771617632225159E-01   3   0 0  0 0  0 0  2 1
    71  0.2231357389427097E-01   3   0 0  0 0  0 1  0 2
    72  0.2223905617254990E-01   3   0 0  0 0  0 0  1 2
    73  -.5505266274359508E-01   3   0 0  0 0  0 0  0 3
    74   8.336362146193038       4   4 0  0 0  0 0  0 0
    75   34.12616372460664       4   3 1  0 0  0 0  0 0
    76   56.50015252083823       4   2 2  0 0  0 0  0 0
    77   41.85615676498716       4   1 3  0 0  0 0  0 0
    78   11.51548452946412       4   0 4  0 0  0 0  0 0
    79  -54.47619815709189       4   2 0  2 0  0 0  0 0
    80  -121.8547968775553       4   1 1  2 0  0 0  0 0
    81  -67.16049562232436       4   0 2  2 0  0 0  0 0
    82   8.878888044434042       4   0 0  4 0  0 0  0 0
    83  -135.3513686144651       4   2 0  1 1  0 0  0 0
    84  -304.0047983191105       4   1 1  1 1  0 0  0 0
    85  -170.6655397041895       4   0 2  1 1  0 0  0 0
    86   35.65337637872443       4   0 0  3 1  0 0  0 0
    87  -84.34082238870670       4   2 0  0 2  0 0  0 0
    88  -190.3964052914638       4   1 1  0 2  0 0  0 0
    89  -107.2829630626835       4   0 2  0 2  0 0  0 0
    90   62.39118712867088       4   0 0  2 2  0 0  0 0
    91   52.72134499153003       4   0 0  1 3  0 0  0 0
    92   16.20505283220547       4   0 0  0 4  0 0  0 0
    93   7.370862723143904       4   3 0  0 0  0 1  0 0
    94   23.92669749397756       4   2 1  0 0  0 1  0 0
    95   26.31573300365675       4   1 2  0 0  0 1  0 0
    96   9.120271637969037       4   0 3  0 0  0 1  0 0
    97  -26.95778219725651       4   1 0  2 0  0 1  0 0
    98  -30.39553520149727       4   0 1  2 0  0 1  0 0
    99  -64.32918185558296       4   1 0  1 1  0 1  0 0
   100  -71.61854070090200       4   0 1  1 1  0 1  0 0
   101  -37.41093927382904       4   1 0  0 2  0 1  0 0
   102  -42.19766135422107       4   0 1  0 2  0 1  0 0
   103   7.346247217808470       4   3 0  0 0  0 0  1 0
   104   23.84679263454059       4   2 1  0 0  0 0  1 0
   105   26.22784979507059       4   1 2  0 0  0 0  1 0
   106   9.089813860691496       4   0 3  0 0  0 0  1 0
   107  -26.86775482102763       4   1 0  2 0  0 0  1 0
   108  -30.29402721158769       4   0 1  2 0  0 0  1 0
   109  -64.11435010811081       4   1 0  1 1  0 0  1 0
   110  -71.37936563592575       4   0 1  1 1  0 0  1 0
   111  -37.28600285730798       4   1 0  0 2  0 0  1 0
   112  -42.05673934858585       4   0 1  0 2  0 0  1 0
   113  -14.56473704110464       4   3 0  0 0  0 0  0 1
   114  -48.29539143768085       4   2 1  0 0  0 0  0 1
   115  -53.88768290478873       4   1 2  0 0  0 0  0 1
   116  -19.95821216635032       4   0 3  0 0  0 0  0 1
   117   53.82553701828417       4   1 0  2 0  0 0  0 1
   118   61.28624617583806       4   0 1  2 0  0 0  0 1
   119   132.1611564006762       4   1 0  1 1  0 0  0 1
   120   149.7679050652605       4   0 1  1 1  0 0  0 1
   121   80.48990398936201       4   1 0  0 2  0 0  0 1
   122   91.35011881547450       4   0 1  0 2  0 0  0 1
   123   2.442216487407299       4   2 0  0 0  0 2  0 0
   124   5.630953357261719       4   1 1  0 0  0 2  0 0
   125   2.791741118742516       4   0 2  0 0  0 2  0 0
   126  -3.120561260935199       4   0 0  2 0  0 2  0 0
   127  -7.588361359340970       4   0 0  1 1  0 2  0 0
   128  -4.959027768283123       4   0 0  0 2  0 2  0 0
   129   5.036497113144490       4   2 0  0 0  0 1  1 0
   130   11.22982050324924       4   1 1  0 0  0 1  1 0
   131   5.740293655028058       4   0 2  0 0  0 1  1 0
   132  -6.521633185007126       4   0 0  2 0  0 1  1 0
   133  -15.33676835354475       4   0 0  1 1  0 1  1 0
   134  -9.597756933562440       4   0 0  0 2  0 1  1 0
   135   2.425650671661892       4   2 0  0 0  0 0  2 0
   136   5.593397018734757       4   1 1  0 0  0 0  2 0
   137   2.772832852751875       4   0 2  0 0  0 0  2 0
   138  -3.099250208688151       4   0 0  2 0  0 0  2 0
   139  -7.537410403496100       4   0 0  1 1  0 0  2 0
   140  -4.926440566212772       4   0 0  0 2  0 0  2 0
   141  -10.09043639326590       4   2 0  0 0  0 1  0 1
   142  -22.50284878484523       4   1 1  0 0  0 1  0 1
   143  -11.85368283103195       4   0 2  0 0  0 1  0 1
   144   13.06613193819125       4   0 0  2 0  0 1  0 1
   145   30.93777891535674       4   0 0  1 1  0 1  0 1
   146   18.64849952619849       4   0 0  0 2  0 1  0 1
   147  -10.05673868375690       4   2 0  0 0  0 0  1 1
   148  -22.42769896654963       4   1 1  0 0  0 0  1 1
   149  -11.81409663821691       4   0 2  0 0  0 0  1 1
   150   13.02249668781165       4   0 0  2 0  0 0  1 1
   151   30.83446006509970       4   0 0  1 1  0 0  1 1
   152   18.58622157355892       4   0 0  0 2  0 0  1 1
   153   10.24281080480911       4   2 0  0 0  0 0  0 2
   154   23.15452192953748       4   1 1  0 0  0 0  0 2
   155   12.93188074701555       4   0 2  0 0  0 0  0 2
   156  -13.34718397137242       4   0 0  2 0  0 0  0 2
   157  -32.04751162470279       4   0 0  1 1  0 0  0 2
   158  -19.49474703320042       4   0 0  0 2  0 0  0 2
   159  0.5016680541062328       4   1 0  0 0  0 3  0 0
   160  0.2359176913267125       4   0 1  0 0  0 3  0 0
   161   1.252223524855827       4   1 0  0 0  0 2  1 0
   162   1.139235529060332       4   0 1  0 0  0 2  1 0
   163   1.248455334631010       4   1 0  0 0  0 1  2 0
   164   1.134706543876361       4   0 1  0 0  0 1  2 0
   165  0.4970710701163048       4   1 0  0 0  0 0  3 0
   166  0.2328399754820629       4   0 1  0 0  0 0  3 0
   167  -2.508501058984909       4   1 0  0 0  0 2  0 1
   168  -2.500752470005092       4   0 1  0 0  0 2  0 1
   169  -4.916666342671267       4   1 0  0 0  0 1  1 1
   170  -5.033880561241229       4   0 1  0 0  0 1  1 1
   171  -2.491913972901652       4   1 0  0 0  0 0  2 1
   172  -2.483995538379335       4   0 1  0 0  0 0  2 1
   173   4.882692021205049       4   1 0  0 0  0 1  0 2
   174   5.091804666621403       4   0 1  0 0  0 1  0 2
   175   4.866385933842727       4   1 0  0 0  0 0  1 2
   176   5.074800233131590       4   0 1  0 0  0 0  1 2
   177  -3.331414564199321       4   1 0  0 0  0 0  0 3
   178  -3.728989446897398       4   0 1  0 0  0 0  0 3
   179  -.5192561758323516E-01   4   0 0  0 0  0 4  0 0
   180  0.5025482542601878E-01   4   0 0  0 0  0 3  1 0
   181  0.9694861025416823E-01   4   0 0  0 0  0 2  2 0
   182  0.4941728899161091E-01   4   0 0  0 0  0 1  3 0
   183  -.5166245367866917E-01   4   0 0  0 0  0 0  4 0
   184  -.1008257416072461       4   0 0  0 0  0 3  0 1
   185  -.4768994338750345       4   0 0  0 0  0 2  1 1
   186  -.4750138610340646       4   0 0  0 0  0 1  2 1
   187  -.9952701174781764E-01   4   0 0  0 0  0 0  3 1
   188  0.5218886691004871       4   0 0  0 0  0 2  0 2
   189   1.062456358970755       4   0 0  0 0  0 1  1 2
   190  0.5183717126221357       4   0 0  0 0  0 0  2 2
   191  -.7243914729515146       4   0 0  0 0  0 1  0 3
   192  -.7219723175775581       4   0 0  0 0  0 0  1 3
   193  0.4028804446899644       4   0 0  0 0  0 0  0 4
   ----------------------------------------------------
     I  COEFFICIENT            ORDER EXPONENTS
     1  -.2490200492118254       1   1 0  0 0  0 0  0 0
     2  0.9136481195376143       1   0 1  0 0  0 0  0 0
     3  0.3740166246029226       1   0 0  0 0  0 1  0 0
     4  0.3727675702433096       1   0 0  0 0  0 0  1 0
     5  -.7467841948462320       1   0 0  0 0  0 0  0 1
     6  -2.601914549901911       2   2 0  0 0  0 0  0 0
     7  -5.136268864670934       2   1 1  0 0  0 0  0 0
     8  -2.898206542805713       2   0 2  0 0  0 0  0 0
     9   2.522895527698588       2   0 0  2 0  0 0  0 0
    10   5.896930614503063       2   0 0  1 1  0 0  0 0
    11   2.838032621848907       2   0 0  0 2  0 0  0 0
    12  -.9940463571089081       2   1 0  0 0  0 1  0 0
    13  -1.101696759501474       2   0 1  0 0  0 1  0 0
    14  -.9907266706181728       2   1 0  0 0  0 0  1 0
    15  -1.098017567054111       2   0 1  0 0  0 0  1 0
    16   1.735752978515255       2   1 0  0 0  0 0  0 1
    17   2.199714326555586       2   0 1  0 0  0 0  0 1
    18  -.2126912771769863       2   0 0  0 0  0 2  0 0
    19  -.5243927273592369E-01   2   0 0  0 0  0 1  1 0
    20  -.2118934176742455       2   0 0  0 0  0 0  2 0
    21  0.4778218270898963       2   0 0  0 0  0 1  0 1
    22  0.4762261080844145       2   0 0  0 0  0 0  1 1
    23  -.4770239675871553       2   0 0  0 0  0 0  0 2
    24   28.08753990273154       3   3 0  0 0  0 0  0 0
    25   76.93344507919153       3   2 1  0 0  0 0  0 0
    26   72.28348647891460       3   1 2  0 0  0 0  0 0
    27   23.68267028744955       3   0 3  0 0  0 0  0 0
    28   12.95879153236449       3   1 0  2 0  0 0  0 0
    29   10.00414641636002       3   0 1  2 0  0 0  0 0
    30   39.04836889468773       3   1 0  1 1  0 0  0 0
    31   36.05397585543863       3   0 1  1 1  0 0  0 0
    32   26.25177386299422       3   1 0  0 2  0 0  0 0
    33   26.06998144905550       3   0 1  0 2  0 0  0 0
    34   14.44561906753196       3   2 0  0 0  0 1  0 0
    35   29.58827576409273       3   1 1  0 0  0 1  0 0
    36   15.98632690686235       3   0 2  0 0  0 1  0 0
    37   3.669689265417267       3   0 0  2 0  0 1  0 0
    38   6.109302500763814       3   0 0  1 1  0 1  0 0
    39   2.424041000370565       3   0 0  0 2  0 1  0 0
    40   14.39737692457168       3   2 0  0 0  0 0  1 0
    41   29.48946367284994       3   1 1  0 0  0 0  1 0
    42   15.93293946362123       3   0 2  0 0  0 0  1 0
    43   3.657434084567321       3   0 0  2 0  0 0  1 0
    44   6.088900062955387       3   0 0  1 1  0 0  1 0
    45   2.415945747966722       3   0 0  0 2  0 0  1 0
    46  -31.44491054200555       3   2 0  0 0  0 0  0 1
    47  -59.07773943694265       3   1 1  0 0  0 0  0 1
    48  -29.02105982767785       3   0 2  0 0  0 0  0 1
    49  -4.804227822285997       3   0 0  2 0  0 0  0 1
    50  -12.19820256371918       3   0 0  1 1  0 0  0 1
    51  -7.678019370186188       3   0 0  0 2  0 0  0 1
    52   3.292024546699743       3   1 0  0 0  0 2  0 0
    53   3.833214644106123       3   0 1  0 0  0 2  0 0
    54   5.574643136093683       3   1 0  0 0  0 1  1 0
    55   6.546476056387196       3   0 1  0 0  0 1  1 0
    56   3.271722150312191       3   1 0  0 0  0 0  2 0
    57   3.809482154404239       3   0 1  0 0  0 0  2 0
    58  -12.15869222949317       3   1 0  0 0  0 1  0 1
    59  -13.11120858509797       3   0 1  0 0  0 1  0 1
    60  -12.11808743671806       3   1 0  0 0  0 0  1 1
    61  -13.06742279814156       3   0 1  0 0  0 0  1 1
    62   12.13838983310561       3   1 0  0 0  0 0  0 2
    63   11.98945852834197       3   0 1  0 0  0 0  0 2
    64  0.3764698638926304       3   0 0  0 0  0 3  0 0
    65  0.7018510149642347       3   0 0  0 0  0 2  1 0
    66  0.7002147677156787       3   0 0  0 0  0 1  2 0
    67  0.3734159740168771       3   0 0  0 0  0 0  3 0
    68  -1.618569329465139       3   0 0  0 0  0 2  0 1
    69  -2.751692292623903       3   0 0  0 0  0 1  1 1
    70  -1.608569272092064       3   0 0  0 0  0 0  2 1
    71   2.755504562232142       3   0 0  0 0  0 1  0 2
    72   2.746302364361808       3   0 0  0 0  0 0  1 2
    73  -1.674927653002265       3   0 0  0 0  0 0  0 3
    74   7.239220691831967       4   4 0  0 0  0 0  0 0
    75   53.22876030256290       4   3 1  0 0  0 0  0 0
    76   60.30082540573540       4   2 2  0 0  0 0  0 0
    77  -9.274436127767046       4   1 3  0 0  0 0  0 0
    78  -24.05620709772931       4   0 4  0 0  0 0  0 0
    79   390.9924232767659       4   2 0  2 0  0 0  0 0
    80   889.4737506091667       4   1 1  2 0  0 0  0 0
    81   496.2714358752914       4   0 2  2 0  0 0  0 0
    82  -73.84725820535651       4   0 0  4 0  0 0  0 0
    83   947.0145515713758       4   2 0  1 1  0 0  0 0
    84   2189.796547960354       4   1 1  1 1  0 0  0 0
    85   1238.641495825802       4   0 2  1 1  0 0  0 0
    86  -308.4882684488063       4   0 0  3 1  0 0  0 0
    87   601.4479542239623       4   2 0  0 2  0 0  0 0
    88   1394.679365234236       4   1 1  0 2  0 0  0 0
    89   792.1916722758929       4   0 2  0 2  0 0  0 0
    90  -561.7929943998259       4   0 0  2 2  0 0  0 0
    91  -474.7863979853192       4   0 0  1 3  0 0  0 0
    92  -147.8895748826073       4   0 0  0 4  0 0  0 0
    93   9.698533713397865       4   3 0  0 0  0 1  0 0
    94  -20.15495722830485       4   2 1  0 0  0 1  0 0
    95  -85.97785487949363       4   1 2  0 0  0 1  0 0
    96  -58.00243988766627       4   0 3  0 0  0 1  0 0
    97   209.2118487850798       4   1 0  2 0  0 1  0 0
    98   228.9186788297502       4   0 1  2 0  0 1  0 0
    99   483.0117438906412       4   1 0  1 1  0 1  0 0
   100   531.8067873074782       4   0 1  1 1  0 1  0 0
   101   284.6775741901007       4   1 0  0 2  0 1  0 0
   102   312.9307387693895       4   0 1  0 2  0 1  0 0
   103   9.666144789965820       4   3 0  0 0  0 0  1 0
   104  -20.08764835608415       4   2 1  0 0  0 0  1 0
   105  -85.69072589269661       4   1 2  0 0  0 0  1 0
   106  -57.80873673212656       4   0 3  0 0  0 0  1 0
   107   208.5131713610878       4   1 0  2 0  0 0  1 0
   108   228.1541890852295       4   0 1  2 0  0 0  1 0
   109   481.3986927994192       4   1 0  1 1  0 0  1 0
   110   530.0307817973923       4   0 1  1 1  0 0  1 0
   111   283.7268737620012       4   1 0  0 2  0 0  1 0
   112   311.8856849460957       4   0 1  0 2  0 0  1 0
   113  -22.67725034380166       4   3 0  0 0  0 0  0 1
   114  -51.42558130109438       4   2 1  0 0  0 0  0 1
   115   10.65028242827225       4   1 2  0 0  0 0  0 1
   116   39.81406783740582       4   0 3  0 0  0 0  0 1
   117  -404.7662286138034       4   1 0  2 0  0 0  0 1
   118  -457.0728679149793       4   0 1  2 0  0 0  0 1
   119  -964.4104366900596       4   1 0  1 1  0 0  0 1
   120  -1097.891544960308       4   0 1  1 1  0 0  0 1
   121  -594.6562218150963       4   1 0  0 2  0 0  0 1
   122  -676.9563866135957       4   0 1  0 2  0 0  0 1
   123  -10.33565486084878       4   2 0  0 0  0 2  0 0
   124  -41.64135132716527       4   1 1  0 0  0 2  0 0
   125  -34.47314489414427       4   0 2  0 0  0 2  0 0
   126   24.03576189045856       4   0 0  2 0  0 2  0 0
   127   54.69898491956223       4   0 0  1 1  0 2  0 0
   128   32.38220733702863       4   0 0  0 2  0 2  0 0
   129  -6.252980565068036       4   2 0  0 0  0 1  1 0
   130  -53.61359274319147       4   1 1  0 0  0 1  1 0
   131  -52.83630857843197       4   0 2  0 0  0 1  1 0
   132   51.55620543660849       4   0 0  2 0  0 1  1 0
   133   115.1011935207628       4   0 0  1 1  0 1  1 0
   134   66.95600696673417       4   0 0  0 2  0 1  1 0
   135  -10.29069709700890       4   2 0  0 0  0 0  2 0
   136  -41.41276400867011       4   1 1  0 0  0 0  2 0
   137  -34.26979419338797       4   0 2  0 0  0 0  2 0
   138   23.86940504783207       4   0 0  2 0  0 0  2 0
   139   54.32411968593538       4   0 0  1 1  0 0  2 0
   140   32.16226261254586       4   0 0  0 2  0 0  2 0
   141   9.092721657615328       4   2 0  0 0  0 1  0 1
   142   72.78610005969068       4   1 1  0 0  0 1  0 1
   143   73.10133416877767       4   0 2  0 0  0 1  0 1
   144  -99.62772921752557       4   0 0  2 0  0 1  0 1
   145  -230.6084658606510       4   0 0  1 1  0 1  0 1
   146  -136.5685036415325       4   0 0  0 2  0 1  0 1
   147   9.062355885400635       4   2 0  0 0  0 0  1 1
   148   72.54302584956611       4   1 1  0 0  0 0  1 1
   149   72.85720721256546       4   0 2  0 0  0 0  1 1
   150  -99.29501553227261       4   0 0  2 0  0 0  1 1
   151  -229.8383329555889       4   0 0  1 1  0 0  1 1
   152  -136.1124236877594       4   0 0  0 2  0 0  1 1
   153   8.724254979909858       4   2 0  0 0  0 0  0 2
   154  -8.661417830229823       4   1 1  0 0  0 0  0 2
   155  -27.27750025818457       4   0 2  0 0  0 0  0 2
   156   99.46137237489909       4   0 0  2 0  0 0  0 2
   157   236.3225006899794       4   0 0  1 1  0 0  0 2
   158   144.0184830348321       4   0 0  0 2  0 0  0 2
   159  -5.146267101757983       4   1 0  0 0  0 3  0 0
   160  -7.945315610062808       4   0 1  0 0  0 3  0 0
   161  -8.843798060984895       4   1 0  0 0  0 2  1 0
   162  -16.13738073005485       4   0 1  0 0  0 2  1 0
   163  -8.825189728492422       4   1 0  0 0  0 1  2 0
   164  -16.09621086099587       4   0 1  0 0  0 1  2 0
   165  -5.105769804639626       4   1 0  0 0  0 0  3 0
   166  -7.878658901261171       4   0 1  0 0  0 0  3 0
   167   17.63292153217522       4   1 0  0 0  0 2  0 1
   168   29.05668963491550       4   0 1  0 0  0 2  0 1
   169   23.07045209837709       4   1 0  0 0  0 1  1 1
   170   44.89552238771351       4   0 1  0 0  0 1  1 1
   171   17.53551248802638       4   1 0  0 0  0 0  2 1
   172   28.88468696280040       4   0 1  0 0  0 0  2 1
   173  -16.38470800699135       4   1 0  0 0  0 1  0 2
   174  -31.90367926575194       4   0 1  0 0  0 1  0 2
   175  -16.32999014254119       4   1 0  0 0  0 0  1 2
   176  -31.79713472453832       4   0 1  0 0  0 0  1 2
   177   2.396836726828784       4   1 0  0 0  0 0  0 3
   178   8.921481107235554       4   0 1  0 0  0 0  0 3
   179  -.6862774654885890       4   0 0  0 0  0 4  0 0
   180  -1.612648407548201       4   0 0  0 0  0 3  1 0
   181  -2.063479133246712       4   0 0  0 0  0 2  2 0
   182  -1.604931167225414       4   0 0  0 0  0 1  3 0
   183  -.6790195413544777       4   0 0  0 0  0 0  4 0
   184   3.394071788160053       4   0 0  0 0  0 3  0 1
   185   6.931072608571411       4   0 0  0 0  0 2  1 1
   186   6.913297740934061       4   0 0  0 0  0 1  2 1
   187   3.365534997735547       4   0 0  0 0  0 0  3 1
   188  -6.306890101405711       4   0 0  0 0  0 2  0 2
   189  -9.834524714439187       4   0 0  0 0  0 1  1 2
   190  -6.269406268765131       4   0 0  0 0  0 0  2 2
   191   4.805591113011351       4   0 0  0 0  0 1  0 3
   192   4.789542509459038       4   0 0  0 0  0 0  1 3
   193  -1.141933958398049       4   0 0  0 0  0 0  0 4
   ----------------------------------------------------
     I  COEFFICIENT            ORDER EXPONENTS
     1  0.8751921994099149       1   0 0  1 0  0 0  0 0
     2  0.9349062553294782       1   0 0  0 1  0 0  0 0
     3  -.2037075767942429       2   1 0  1 0  0 0  0 0
     4  -.9168274962955100       2   0 1  1 0  0 0  0 0
     5  0.5841483267863075       2   1 0  0 1  0 0  0 0
     6  0.1929931557901368       2   0 1  0 1  0 0  0 0
     7  0.2482424803873551E-01   2   0 0  1 0  0 1  0 0
     8  -.4607753719001796       2   0 0  0 1  0 1  0 0
     9  0.2474134574724030E-01   2   0 0  1 0  0 0  1 0
    10  -.4592365807095862       2   0 0  0 1  0 0  1 0
    11  -.4956559378597569E-01   2   0 0  1 0  0 0  0 1
    12  -.1489430271971193E-01   2   0 0  0 1  0 0  0 1
    13  -.5156234791397822       3   2 0  1 0  0 0  0 0
    14  -1.747819399781395       3   1 1  1 0  0 0  0 0
    15  -1.146758548185652       3   0 2  1 0  0 0  0 0
    16  -2.697626944016966       3   0 0  3 0  0 0  0 0
    17  -.7973204178859845       3   2 0  0 1  0 0  0 0
    18  -2.001007144173288       3   1 1  0 1  0 0  0 0
    19  -.7055488162132812       3   0 2  0 1  0 0  0 0
    20  0.8663616483328775       3   0 0  2 1  0 0  0 0
    21   1.524858364947415       3   0 0  1 2  0 0  0 0
    22   1.137771692522215       3   0 0  0 3  0 0  0 0
    23  -.2445083879660728       3   1 0  1 0  0 1  0 0
    24  0.4785758309632319       3   0 1  1 0  0 1  0 0
    25  -.6900941777364888       3   1 0  0 1  0 1  0 0
    26  -.4862152848832741       3   0 1  0 1  0 1  0 0
    27  -.2436918353107589       3   1 0  1 0  0 0  1 0
    28  0.4769775939097193       3   0 1  1 0  0 0  1 0
    29  -.6877895605495901       3   1 0  0 1  0 0  1 0
    30  -.4845915353455661       3   0 1  0 1  0 0  1 0
    31  0.4882002232768312       3   1 0  1 0  0 0  0 1
    32  -.3872592857744017E-01   3   0 1  1 0  0 0  0 1
    33  0.7937354114997719       3   1 0  0 1  0 0  0 1
    34  0.5848205086485661       3   0 1  0 1  0 0  0 1
    35  -.4996646697109453E-01   3   0 0  1 0  0 2  0 0
    36  0.3185160455154386       3   0 0  0 1  0 2  0 0
    37  -.7494048069099504E-01   3   0 0  1 0  0 1  1 0
    38  0.1772017499302322       3   0 0  0 1  0 1  1 0
    39  -.4967446604578807E-01   3   0 0  1 0  0 0  2 0
    40  0.3171564504307589       3   0 0  0 1  0 0  2 0
    41  0.1500491665944485       3   0 0  1 0  0 1  0 1
    42  0.1073169028392499       3   0 0  0 1  0 1  0 1
    43  0.1495480670353310       3   0 0  1 0  0 0  1 1
    44  0.1069585106274230       3   0 0  0 1  0 0  1 1
    45  -.1250158199219018       3   0 0  1 0  0 0  0 2
    46  -.9224340401362474E-01   3   0 0  0 1  0 0  0 2
    47  -31.79821423269118       4   3 0  1 0  0 0  0 0
    48  -106.5152777958232       4   2 1  1 0  0 0  0 0
    49  -117.8230603329035       4   1 2  1 0  0 0  0 0
    50  -43.80453589079600       4   0 3  1 0  0 0  0 0
    51   34.57511313708554       4   1 0  3 0  0 0  0 0
    52   37.13156938281854       4   0 1  3 0  0 0  0 0
    53  -38.24823522639204       4   3 0  0 1  0 0  0 0
    54  -128.7309669113992       4   2 1  0 1  0 0  0 0
    55  -143.0008640716831       4   1 2  0 1  0 0  0 0
    56  -52.64100254235416       4   0 3  0 1  0 0  0 0
    57   133.4187930433779       4   1 0  2 1  0 0  0 0
    58   149.4839958397719       4   0 1  2 1  0 0  0 0
    59   168.7040347105475       4   1 0  1 2  0 0  0 0
    60   186.5582676260875       4   0 1  1 2  0 0  0 0
    61   70.20753375287373       4   1 0  0 3  0 0  0 0
    62   77.73215732699035       4   0 1  0 3  0 0  0 0
    63  -23.03133362809717       4   2 0  1 0  0 1  0 0
    64  -49.86154059146907       4   1 1  1 0  0 1  0 0
    65  -26.81621511941869       4   0 2  1 0  0 1  0 0
    66   11.84195139144349       4   0 0  3 0  0 1  0 0
    67  -27.21079728917691       4   2 0  0 1  0 1  0 0
    68  -59.11948386401110       4   1 1  0 1  0 1  0 0
    69  -32.74560786635914       4   0 2  0 1  0 1  0 0
    70   33.08165247044782       4   0 0  2 1  0 1  0 0
    71   39.21530876395785       4   0 0  1 2  0 1  0 0
    72   14.84948955921489       4   0 0  0 3  0 1  0 0
    73  -22.95441889815323       4   2 0  1 0  0 0  1 0
    74  -49.69502453160432       4   1 1  1 0  0 0  1 0
    75  -26.72666051622744       4   0 2  1 0  0 0  1 0
    76   11.80240437658148       4   0 0  3 0  0 0  1 0
    77  -27.11992495156714       4   2 0  0 1  0 0  1 0
    78  -58.92205026293293       4   1 1  0 1  0 0  1 0
    79  -32.63625164641287       4   0 2  0 1  0 0  1 0
    80   32.97117400632795       4   0 0  2 1  0 0  1 0
    81   39.08434653085605       4   0 0  1 2  0 0  1 0
    82   14.79989866284321       4   0 0  0 3  0 0  1 0
    83   45.98575252625038       4   2 0  1 0  0 0  0 1
    84   101.3043845228548       4   1 1  1 0  0 0  0 1
    85   55.83639273201739       4   0 2  1 0  0 0  0 1
    86  -23.64435576802497       4   0 0  3 0  0 0  0 1
    87   55.12804265863008       4   2 0  0 1  0 0  0 1
    88   122.0435484152905       4   1 1  0 1  0 0  0 1
    89   67.49850596141184       4   0 2  0 1  0 0  0 1
    90  -66.91918812510869       4   0 0  2 1  0 0  0 1
    91  -81.34937202470869       4   0 0  1 2  0 0  0 1
    92  -33.06270329962474       4   0 0  0 3  0 0  0 1
    93  -5.293094142835365       4   1 0  1 0  0 2  0 0
    94  -6.392622666983506       4   0 1  1 0  0 2  0 0
    95  -5.785911422519728       4   1 0  0 1  0 2  0 0
    96  -6.492614607310518       4   0 1  0 1  0 2  0 0
    97  -10.79371298805374       4   1 0  1 0  0 1  1 0
    98  -12.26716342953012       4   0 1  1 0  0 1  1 0
    99  -12.21867058291302       4   1 0  0 1  0 1  1 0
   100  -13.42483735290816       4   0 1  0 1  0 1  1 0
   101  -5.257394314087918       4   1 0  1 0  0 0  2 0
   102  -6.350790541983606       4   0 1  1 0  0 0  2 0
   103  -5.746186424245813       4   1 0  0 1  0 0  2 0
   104  -6.448515486290329       4   0 1  0 1  0 0  2 0
   105   21.62440966169054       4   1 0  1 0  0 1  0 1
   106   24.09525710157066       4   0 1  1 0  0 1  0 1
   107   25.17068178342549       4   1 0  0 1  0 1  0 1
   108   27.86871242217908       4   0 1  0 1  0 1  0 1
   109   21.55219345154035       4   1 0  1 0  0 0  1 1
   110   24.01478932567787       4   0 1  1 0  0 0  1 1
   111   25.08662255250384       4   1 0  0 1  0 0  1 1
   112   27.77564293152559       4   0 1  0 1  0 0  1 1
   113  -21.83240166825387       4   1 0  1 0  0 0  0 2
   114  -24.01629728504681       4   0 1  1 0  0 0  0 2
   115  -25.92238757946441       4   1 0  0 1  0 0  0 2
   116  -28.69940843982517       4   0 1  0 1  0 0  0 2
   117  -.3663949430331006       4   0 0  1 0  0 3  0 0
   118  -.7456813511125944       4   0 0  0 1  0 3  0 0
   119  -1.194862957508650       4   0 0  1 0  0 2  1 0
   120  -1.595260389297129       4   0 0  0 1  0 2  1 0
   121  -1.190706738794461       4   0 0  1 0  0 1  2 0
   122  -1.590992072885861       4   0 0  0 1  0 1  2 0
   123  -.3625710473009123       4   0 0  1 0  0 0  3 0
   124  -.7392911380118721       4   0 0  0 1  0 0  3 0
   125   2.393980720550140       4   0 0  1 0  0 2  0 1
   126   2.876756306088599       4   0 0  0 1  0 2  0 1
   127   4.921020353988206       4   0 0  1 0  0 1  1 1
   128   5.840899674575278       4   0 0  0 1  0 1  1 1
   129   2.377768812788774       4   0 0  1 0  0 0  2 1
   130   2.857396135629200       4   0 0  0 1  0 0  2 1
   131  -5.004540064138691       4   0 0  1 0  0 1  0 2
   132  -5.958181497635113       4   0 0  0 1  0 1  0 2
   133  -4.987827056818205       4   0 0  1 0  0 0  1 2
   134  -5.938283738857976       4   0 0  0 1  0 0  1 2
   135   3.414132920266900       4   0 0  1 0  0 0  0 3
   136   4.057731816177988       4   0 0  0 1  0 0  0 3
   ----------------------------------------------------
     I  COEFFICIENT            ORDER EXPONENTS
     1  -.2989010123805965       1   0 0  1 0  0 0  0 0
     2  0.8233112387046975       1   0 0  0 1  0 0  0 0
     3   4.879880562766299       2   1 0  1 0  0 0  0 0
     4   4.963738694840067       2   0 1  1 0  0 0  0 0
     5   5.204963067018334       2   1 0  0 1  0 0  0 0
     6   6.098979048440387       2   0 1  0 1  0 0  0 0
     7   1.220328734705732       2   0 0  1 0  0 1  0 0
     8   1.437605489636651       2   0 0  0 1  0 1  0 0
     9   1.216253362580592       2   0 0  1 0  0 0  1 0
    10   1.432804506776220       2   0 0  0 1  0 0  1 0
    11  -2.735483109666921       2   0 0  1 0  0 0  0 1
    12  -2.870409996412870       2   0 0  0 1  0 0  0 1
    13   10.21109362462298       3   2 0  1 0  0 0  0 0
    14   23.17154508553701       3   1 1  1 0  0 0  0 0
    15   9.001885210344300       3   0 2  1 0  0 0  0 0
    16  -7.374845335091098       3   0 0  3 0  0 0  0 0
    17   16.13373414232375       3   2 0  0 1  0 0  0 0
    18   38.34144041984528       3   1 1  0 1  0 0  0 0
    19   18.41952721767793       3   0 2  0 1  0 0  0 0
    20  -20.27313958483121       3   0 0  2 1  0 0  0 0
    21  -26.12696942656522       3   0 0  1 2  0 0  0 0
    22  -11.14429123115002       3   0 0  0 3  0 0  0 0
    23   6.764429010245477       3   1 0  1 0  0 1  0 0
    24   3.269273321644183       3   0 1  1 0  0 1  0 0
    25   6.123968421981177       3   1 0  0 1  0 1  0 0
    26   2.196954778033524       3   0 1  0 1  0 1  0 0
    27   6.741838732194305       3   1 0  1 0  0 0  1 0
    28   3.258355357504212       3   0 1  1 0  0 0  1 0
    29   6.103517006315549       3   1 0  0 1  0 0  1 0
    30   2.189617895759133       3   0 1  0 1  0 0  1 0
    31  -8.626387179673483       3   1 0  1 0  0 0  0 1
    32  -6.527628679148394       3   0 1  1 0  0 0  0 1
    33  -12.22748542829672       3   1 0  0 1  0 0  0 1
    34  -10.48555172223305       3   0 1  0 1  0 0  0 1
    35  -.1272921383191386       3   0 0  1 0  0 2  0 0
    36  -.8810155451805664       3   0 0  0 1  0 2  0 0
    37  0.9584575255856671       3   0 0  1 0  0 1  1 0
    38  -.3281271086619360       3   0 0  0 1  0 1  1 0
    39  -.1284674549927577       3   0 0  1 0  0 0  2 0
    40  -.8775254313205969       3   0 0  0 1  0 0  2 0
    41  -.7038732489473878       3   0 0  1 0  0 1  0 1
    42  0.6525527093864201       3   0 0  0 1  0 1  0 1
    43  -.7015226156001505       3   0 0  1 0  0 0  1 1
    44  0.6503734645269104       3   0 0  0 1  0 0  1 1
    45  0.7026979322737692       3   0 0  1 0  0 0  0 2
    46  0.7837419112497688       3   0 0  0 1  0 0  0 2
    47   212.1625523805166       4   3 0  1 0  0 0  0 0
    48   752.5087383891170       4   2 1  1 0  0 0  0 0
    49   859.8048664964664       4   1 2  1 0  0 0  0 0
    50   324.1542760741913       4   0 3  1 0  0 0  0 0
    51  -276.2925452522546       4   1 0  3 0  0 0  0 0
    52  -296.0582211273741       4   0 1  3 0  0 0  0 0
    53   278.8058337858699       4   3 0  0 1  0 0  0 0
    54   989.8699957691314       4   2 1  0 1  0 0  0 0
    55   1137.434099058714       4   1 2  0 1  0 0  0 0
    56   430.7280209889342       4   0 3  0 1  0 0  0 0
    57  -1015.004806824989       4   1 0  2 1  0 0  0 0
    58  -1092.370997060827       4   0 1  2 1  0 0  0 0
    59  -1304.229378758002       4   1 0  1 2  0 0  0 0
    60  -1418.713548407018       4   0 1  1 2  0 0  0 0
    61  -552.7881472212139       4   1 0  0 3  0 0  0 0
    62  -604.4395518655988       4   0 1  0 3  0 0  0 0
    63   174.2018722534635       4   2 0  1 0  0 1  0 0
    64   386.8054804615135       4   1 1  1 0  0 1  0 0
    65   216.1517449945977       4   0 2  1 0  0 1  0 0
    66  -68.08901703042011       4   0 0  3 0  0 1  0 0
    67   214.4951263254630       4   2 0  0 1  0 1  0 0
    68   469.9207421065396       4   1 1  0 1  0 1  0 0
    69   259.8775432392175       4   0 2  0 1  0 1  0 0
    70  -238.4637235272684       4   0 0  2 1  0 1  0 0
    71  -287.5534853818824       4   0 0  1 2  0 1  0 0
    72  -113.5103766898504       4   0 0  0 3  0 1  0 0
    73   173.6201130650263       4   2 0  1 0  0 0  1 0
    74   385.5137168341461       4   1 1  1 0  0 0  1 0
    75   215.4298913077190       4   0 2  1 0  0 0  1 0
    76  -67.86162905360514       4   0 0  3 0  0 0  1 0
    77   213.7788050310899       4   2 0  0 1  0 0  1 0
    78   468.3514093202656       4   1 1  0 1  0 0  1 0
    79   259.0096642279753       4   0 2  0 1  0 0  1 0
    80  -237.6673574464889       4   0 0  2 1  0 0  1 0
    81  -286.5931806496544       4   0 0  1 2  0 0  1 0
    82  -113.1313009441765       4   0 0  0 3  0 0  1 0
    83  -337.6108916938668       4   2 0  1 0  0 0  0 1
    84  -772.3191972956595       4   1 1  1 0  0 0  0 1
    85  -440.5835215126609       4   0 2  1 0  0 0  0 1
    86   128.5758007489341       4   0 0  3 0  0 0  0 1
    87  -428.2739313565529       4   2 0  0 1  0 0  0 1
    88  -976.6135918466500       4   1 1  0 1  0 0  0 1
    89  -555.7262619025491       4   0 2  0 1  0 0  0 1
    90   476.1310809737575       4   0 0  2 1  0 0  0 1
    91   600.2736354581014       4   0 0  1 2  0 0  0 1
    92   248.9302600963273       4   0 0  0 3  0 0  0 1
    93   40.10286131833114       4   1 0  1 0  0 2  0 0
    94   45.87595496405556       4   0 1  1 0  0 2  0 0
    95   47.28186692485164       4   1 0  0 1  0 2  0 0
    96   55.19321295331559       4   0 1  0 1  0 2  0 0
    97   86.65719398023894       4   1 0  1 0  0 1  1 0
    98   94.69297194019526       4   0 1  1 0  0 1  1 0
    99   100.3310656164309       4   1 0  0 1  0 1  1 0
   100   112.2000883259494       4   0 1  0 1  0 1  1 0
   101   39.82423619882021       4   1 0  1 0  0 0  2 0
   102   45.56463218158245       4   0 1  1 0  0 0  2 0
   103   46.95643460055644       4   1 0  0 1  0 0  2 0
   104   54.82154143164394       4   0 1  0 1  0 0  2 0
   105  -166.8629166169013       4   1 0  1 0  0 1  0 1
   106  -189.7141551899505       4   0 1  1 0  0 1  0 1
   107  -201.0187678881152       4   1 0  0 1  0 1  0 1
   108  -226.9804237886478       4   0 1  0 1  0 1  0 1
   109  -166.3056663778794       4   1 0  1 0  0 0  1 1
   110  -189.0805916608643       4   0 1  1 0  0 0  1 1
   111  -200.3474518238593       4   1 0  0 1  0 0  1 1
   112  -226.2224069807556       4   0 1  0 1  0 0  1 1
   113   166.5842914973903       4   1 0  1 0  0 0  0 2
   114   192.6611877649816       4   0 1  1 0  0 0  0 2
   115   206.7968525701357       4   1 0  0 1  0 0  0 2
   116   237.0869671069348       4   0 1  0 1  0 0  0 2
   117   3.389054291268223       4   0 0  1 0  0 3  0 0
   118   4.837840223609877       4   0 0  0 1  0 3  0 0
   119   9.876274020927159       4   0 0  1 0  0 2  1 0
   120   12.71000090313246       4   0 0  0 1  0 2  1 0
   121   9.843720547399686       4   0 0  1 0  0 1  2 0
   122   12.67048553375877       4   0 0  0 1  0 1  2 0
   123   3.355641206868502       4   0 0  1 0  0 0  3 0
   124   4.792453773635832       4   0 0  0 1  0 0  3 0
   125  -19.91614475641269       4   0 0  1 0  0 2  0 1
   126  -25.46149048360095       4   0 0  0 1  0 2  0 1
   127  -40.39844666223936       4   0 0  1 0  0 1  1 1
   128  -50.10471865645857       4   0 0  0 1  0 1  1 1
   129  -19.78217671301244       4   0 0  1 0  0 0  2 1
   130  -25.29279599202507       4   0 0  0 1  0 0  2 1
   131   40.46730471200606       4   0 0  1 0  0 1  0 2
   132   49.86129710244380       4   0 0  0 1  0 1  0 2
   133   40.33216135193218       4   0 0  1 0  0 0  1 2
   134   49.69478185572743       4   0 0  0 1  0 0  1 2
   135  -27.16738799873733       4   0 0  1 0  0 0  0 3
   136  -33.70785426022358       4   0 0  0 1  0 0  0 3
   ----------------------------------------------------
     I  COEFFICIENT            ORDER EXPONENTS
     1  -.3645161784172071       1   1 0  0 0  0 0  0 0
     2  -.1645534316669991       1   0 1  0 0  0 0  0 0
     3   1.000000000000000       1   0 0  0 0  1 0  0 0
     4  0.2098671248813292       1   0 0  0 0  0 1  0 0
     5  -.2521157664259087       1   0 0  0 0  0 0  1 0
     6  0.4224864154457951E-01   1   0 0  0 0  0 0  0 1
     7  -.2604060734589187E-02   2   2 0  0 0  0 0  0 0
     8  -.6883146232440204E-01   2   1 1  0 0  0 0  0 0
     9  -.2070338984880243       2   0 2  0 0  0 0  0 0
    10  -.1422721454553902       2   0 0  2 0  0 0  0 0
    11  0.6794864989930642E-01   2   0 0  1 1  0 0  0 0
    12  -.2122238114666425       2   0 0  0 2  0 0  0 0
    13  0.1822416125270057       2   1 0  0 0  0 1  0 0
    14  0.8378961692067990E-01   2   0 1  0 0  0 1  0 0
    15  -.1804525857679370       2   1 0  0 0  0 0  1 0
    16  -.7994639607096646E-01   2   0 1  0 0  0 0  1 0
    17  -.1789026759068738E-02   2   1 0  0 0  0 0  0 1
    18  0.1607102108172855       2   0 1  0 0  0 0  0 1
    19  -.1571956135526401       2   0 0  0 0  0 2  0 0
    20  0.1066751383973856       2   0 0  0 0  0 1  1 0
    21  0.5280877622556033E-01   2   0 0  0 0  0 0  2 0
    22  -.2151036173434637E-02   2   0 0  0 0  0 1  0 1
    23  0.3982307557740229E-01   2   0 0  0 0  0 0  1 1
    24  -.3996034047427359E-01   2   0 0  0 0  0 0  0 2
    25  0.2260377696409183E-01   3   3 0  0 0  0 0  0 0
    26  0.6602887870670204E-02   3   2 1  0 0  0 0  0 0
    27  -.1970039203195502       3   1 2  0 0  0 0  0 0
    28  -.1002503588549290       3   0 3  0 0  0 0  0 0
    29  -.8777073843989019E-01   3   1 0  2 0  0 0  0 0
    30  -.2008311438815195       3   0 1  2 0  0 0  0 0
    31  -.1177804148242569       3   1 0  1 1  0 0  0 0
    32  0.7304806734846496       3   0 1  1 1  0 0  0 0
    33  -.1950408302136100       3   1 0  0 2  0 0  0 0
    34  0.1351460934834712       3   0 1  0 2  0 0  0 0
    35  0.1027481218067142E-01   3   2 0  0 0  0 1  0 0
    36  -.3562935478186546E-01   3   1 1  0 0  0 1  0 0
    37  0.2280409292859979       3   0 2  0 0  0 1  0 0
    38  0.1965448862350277       3   0 0  2 0  0 1  0 0
    39  0.3773224358819138E-01   3   0 0  1 1  0 1  0 0
    40  0.4012412637037611       3   0 0  0 2  0 1  0 0
    41  0.7653801840015989E-02   3   2 0  0 0  0 0  1 0
    42  -.1038828632240531       3   1 1  0 0  0 0  1 0
    43  0.2162597138423256E-01   3   0 2  0 0  0 0  1 0
    44  0.5456503415000573E-01   3   0 0  2 0  0 0  1 0
    45  0.1051018034432384       3   0 0  1 1  0 0  1 0
    46  0.1890925846040390       3   0 0  0 2  0 0  1 0
    47  -.1792861402068735E-01   3   2 0  0 0  0 0  0 1
    48  0.2083436803303208       3   1 1  0 0  0 0  0 1
    49  0.1644008963058184       3   0 2  0 0  0 0  0 1
    50  -.2511099203850331       3   0 0  2 0  0 0  0 1
    51  -.2107826969307357       3   0 0  1 1  0 0  0 1
    52  -.1658862253745150       3   0 0  0 2  0 0  0 1
    53  -.1580969573007459       3   1 0  0 0  0 2  0 0
    54  -.4788994521512269E-01   3   0 1  0 0  0 2  0 0
    55  0.4933331272002567E-01   3   1 0  0 0  0 1  1 0
    56  0.7209353756974968E-01   3   0 1  0 0  0 1  1 0
    57  0.2427998610479260E-01   3   1 0  0 0  0 0  2 0
    58  0.3578649893367050E-01   3   0 1  0 0  0 0  2 0
    59  0.8461898935446054E-01   3   1 0  0 0  0 1  0 1
    60  -.1438928809808644       3   0 1  0 0  0 1  0 1
    61  0.8255930083832619E-01   3   1 0  0 0  0 0  1 1
    62  0.1622625670484212E-01   3   0 1  0 0  0 0  1 1
    63  -.8269463171685895E-01   3   1 0  0 0  0 0  0 2
    64  -.9687689867927440E-01   3   0 1  0 0  0 0  0 2
    65  0.1336329532141641       3   0 0  0 0  0 3  0 0
    66  -.7098628711151463E-01   3   0 0  0 0  0 2  1 0
    67  -.1794249591375104E-01   3   0 0  0 0  0 1  2 0
    68  -.2333058939500081E-01   3   0 0  0 0  0 0  3 0
    69  -.1552134542569761E-01   3   0 0  0 0  0 2  0 1
    70  -.3549271074423976E-01   3   0 0  0 0  0 1  1 1
    71  -.1768328835236735E-01   3   0 0  0 0  0 0  2 1
    72  0.3541873697125203E-01   3   0 0  0 0  0 1  0 2
    73  -.4393431852915131E-02   3   0 0  0 0  0 0  1 2
    74  0.1629845861007005E-01   3   0 0  0 0  0 0  0 3
    75  -.5986444153969060E-01   4   4 0  0 0  0 0  0 0
    76  0.2920753448772757       4   3 1  0 0  0 0  0 0
    77  0.1668379805461377       4   2 2  0 0  0 0  0 0
    78  -.3603475565511965E-01   4   1 3  0 0  0 0  0 0
    79  -.1517013221786095       4   0 4  0 0  0 0  0 0
    80  -.3359545424502463       4   2 0  2 0  0 0  0 0
    81  0.2023773248205640       4   1 1  2 0  0 0  0 0
    82  -.2193822758846942       4   0 2  2 0  0 0  0 0
    83  -.7793431260011453       4   0 0  4 0  0 0  0 0
    84  -.6017108070578591       4   2 0  1 1  0 0  0 0
    85   1.517826794226391       4   1 1  1 1  0 0  0 0
    86   2.003171133508800       4   0 2  1 1  0 0  0 0
    87   1.559404061365606       4   0 0  3 1  0 0  0 0
    88  -.1509696772167226       4   2 0  0 2  0 0  0 0
    89   1.722025608066602       4   1 1  0 2  0 0  0 0
    90   1.414127876327174       4   0 2  0 2  0 0  0 0
    91  0.5576615693294174       4   0 0  2 2  0 0  0 0
    92  -.1328977574882422       4   0 0  1 3  0 0  0 0
    93  -.3675223978294937       4   0 0  0 4  0 0  0 0
    94  0.3574929033810454E-01   4   3 0  0 0  0 1  0 0
    95  0.1271394187277852E-01   4   2 1  0 0  0 1  0 0
    96  0.2285671750068272       4   1 2  0 0  0 1  0 0
    97  0.6377271080780111E-01   4   0 3  0 0  0 1  0 0
    98  0.2958529648757831       4   1 0  2 0  0 1  0 0
    99  0.6178515281974948       4   0 1  2 0  0 1  0 0
   100  0.9506964501432948       4   1 0  1 1  0 1  0 0
   101  -.1801352482151639       4   0 1  1 1  0 1  0 0
   102   1.015030764896804       4   1 0  0 2  0 1  0 0
   103  0.5572626272319234       4   0 1  0 2  0 1  0 0
   104  0.5808295842089091E-01   4   3 0  0 0  0 0  1 0
   105  0.1923034269578872E-01   4   2 1  0 0  0 0  1 0
   106  0.3211355809096635E-01   4   1 2  0 0  0 0  1 0
   107  -.3602215348555043E-01   4   0 3  0 0  0 0  1 0
   108  0.2076794590264847       4   1 0  2 0  0 0  1 0
   109  0.4162961655966224       4   0 1  2 0  0 0  1 0
   110  0.8305264769316825       4   1 0  1 1  0 0  1 0
   111  0.5460761648648687       4   0 1  1 1  0 0  1 0
   112  0.8179006987334034       4   1 0  0 2  0 0  1 0
   113  0.6896465514823018       4   0 1  0 2  0 0  1 0
   114  -.1237416886536453       4   3 0  0 0  0 0  0 1
   115  -.3854717243923778E-01   4   2 1  0 0  0 0  0 1
   116  0.1333271075413065       4   1 2  0 0  0 0  0 1
   117  0.2730005192425365       4   0 3  0 0  0 0  0 1
   118  -.5035324239022665       4   1 0  2 0  0 0  0 1
   119  -.8333165499125958       4   0 1  2 0  0 0  0 1
   120  -1.663442512250718       4   1 0  1 1  0 0  0 1
   121  -1.826902263619004       4   0 1  1 1  0 0  0 1
   122  -1.442849803202991       4   1 0  0 2  0 0  0 1
   123  -1.652347459164632       4   0 1  0 2  0 0  0 1
   124  -.2288376552086813E-01   4   2 0  0 0  0 2  0 0
   125  0.8185843780179503E-01   4   1 1  0 0  0 2  0 0
   126  -.2580634808232807       4   0 2  0 0  0 2  0 0
   127  -.1717338247601931       4   0 0  2 0  0 2  0 0
   128  0.1724026273294771E-01   4   0 0  1 1  0 2  0 0
   129  -.4992166560504689       4   0 0  0 2  0 2  0 0
   130  -.2518481053879595E-01   4   2 0  0 0  0 1  1 0
   131  0.9284324360473212E-01   4   1 1  0 0  0 1  1 0
   132  -.5998902115544347E-01   4   0 2  0 0  0 1  1 0
   133  0.4909195903840197E-01   4   0 0  2 0  0 1  1 0
   134  0.1088758542074852       4   0 0  1 1  0 1  1 0
   135  -.1965593690115356       4   0 0  0 2  0 1  1 0
   136  -.1256740880813328E-01   4   2 0  0 0  0 0  2 0
   137  0.4632530896450590E-01   4   1 1  0 0  0 0  2 0
   138  -.3027372882415436E-01   4   0 2  0 0  0 0  2 0
   139  0.2413721919050316E-01   4   0 0  2 0  0 0  2 0
   140  0.5419391966187684E-01   4   0 0  1 1  0 0  2 0
   141  -.9861816725585741E-01   4   0 0  0 2  0 0  2 0
   142  0.6067752939986087E-01   4   2 0  0 0  0 1  0 1
   143  -.1853014096445909       4   1 1  0 0  0 1  0 1
   144  -.1080068050559870       4   0 2  0 0  0 1  0 1
   145  0.9783080424695600E-01   4   0 0  2 0  0 1  0 1
   146  -.2188208668497631       4   0 0  1 1  0 1  0 1
   147  -.8731109998809106E-02   4   0 0  0 2  0 1  0 1
   148  0.4266582631504657E-01   4   2 0  0 0  0 0  1 1
   149  0.2227186491436292E-01   4   1 1  0 0  0 0  1 1
   150  0.5565856465105357E-01   4   0 2  0 0  0 0  1 1
   151  -.1519314315694139       4   0 0  2 0  0 0  1 1
   152  -.4274673004177154       4   0 0  1 1  0 0  1 1
   153  -.1734820502888670       4   0 0  0 2  0 0  1 1
   154  -.4270737084711012E-01   4   2 0  0 0  0 0  0 2
   155  -.1268289079652066       4   1 1  0 0  0 0  0 2
   156  -.2204272242562610       4   0 2  0 0  0 0  0 2
   157  0.1526052738537456       4   0 0  2 0  0 0  0 2
   158  0.5339267805644754       4   0 0  1 1  0 0  0 2
   159  0.3399359182056112       4   0 0  0 2  0 0  0 2
   160  0.1536577881263588       4   1 0  0 0  0 3  0 0
   161  0.2432221657809380E-01   4   0 1  0 0  0 3  0 0
   162  -.1352016079623500E-01   4   1 0  0 0  0 2  1 0
   163  -.7082820976143267E-01   4   0 1  0 0  0 2  1 0
   164  0.1094710168937844E-01   4   1 0  0 0  0 1  2 0
   165  -.3490430892281599E-01   4   0 1  0 0  0 1  2 0
   166  -.4254205383083118E-02   4   1 0  0 0  0 0  3 0
   167  -.2343166645830561E-01   4   0 1  0 0  0 0  3 0
   168  -.1312592889813494       4   1 0  0 0  0 2  0 1
   169  0.1415313956725188       4   0 1  0 0  0 2  0 1
   170  -.9352050722633781E-01   4   1 0  0 0  0 1  1 1
   171  -.4815575340751499E-02   4   0 1  0 0  0 1  1 1
   172  -.4674445774971384E-01   4   1 0  0 0  0 0  2 1
   173  -.2160188503278704E-02   4   0 1  0 0  0 0  2 1
   174  0.9340055324005786E-01   4   1 0  0 0  0 1  0 2
   175  0.7671571346915340E-01   4   0 1  0 0  0 1  0 2
   176  0.1094541052455658E-01   4   1 0  0 0  0 0  1 2
   177  -.1977140888360851E-01   4   0 1  0 0  0 0  1 2
   178  0.2034776655636781E-01   4   1 0  0 0  0 0  0 3
   179  0.7789546381742624E-01   4   0 1  0 0  0 0  0 3
   180  -.1203393632016471       4   0 0  0 0  0 4  0 0
   181  0.5331286541463733E-01   4   0 0  0 0  0 3  1 0
   182  0.9042891931707445E-02   4   0 0  0 0  0 2  2 0
   183  0.6164289943378032E-02   4   0 0  0 0  0 1  3 0
   184  0.1305130762511198E-01   4   0 0  0 0  0 0  4 0
   185  0.2714572774945906E-01   4   0 0  0 0  0 3  0 1
   186  0.3493448122721687E-01   4   0 0  0 0  0 2  1 1
   187  0.1724883404770428E-01   4   0 0  0 0  0 1  2 1
   188  0.1162224774117646E-01   4   0 0  0 0  0 0  3 1
   189  -.3490381409925059E-01   4   0 0  0 0  0 2  0 2
   190  0.1055750841438496E-02   4   0 0  0 0  0 1  1 2
   191  0.4671438929340077E-03   4   0 0  0 0  0 0  2 2
   192  -.1250144451889793E-01   4   0 0  0 0  0 1  0 3
   193  0.3730085643812914E-02   4   0 0  0 0  0 0  1 3
   194  -.1003100423878130E-01   4   0 0  0 0  0 0  0 4
   ----------------------------------------------------
     I  COEFFICIENT            ORDER EXPONENTS
     1   1.000000000000000       1   0 0  0 0  0 1  0 0
     --------------------------------------------------
     I  COEFFICIENT            ORDER EXPONENTS
     1   1.000000000000000       1   0 0  0 0  0 0  1 0
     --------------------------------------------------
     I  COEFFICIENT            ORDER EXPONENTS
     1   1.000000000000000       1   0 0  0 0  0 0  0 1
     --------------------------------------------------
