     I  COEFFICIENT            ORDER EXPONENTS
     1   1.000000000000000       1   1 0  0 0  0 0  0 0  0
     2  0.4998840000000000       1   0 1  0 0  0 0  0 0  0
     3  -.2503600473380462       2   0 1  0 0  0 1  0 0  0
     4  -.2495239526619538       2   0 1  0 0  0 0  1 0  0
     5  0.2499420000000000       3   0 3  0 0  0 0  0 0  0
     6  0.2499420000000000       3   0 1  0 2  0 0  0 0  0
     7  0.1876660480814173       3   0 1  0 0  0 2  0 0  0
     8  0.1253879985132577       3   0 1  0 0  0 1  1 0  0
     9  0.1868299534053249       3   0 1  0 0  0 0  2 0  0
    10  -.3755400710070693       4   0 3  0 0  0 1  0 0  0
    11  -.3755400710070693       4   0 1  0 2  0 1  0 0  0
    12  -.3742859289929307       4   0 3  0 0  0 0  1 0  0
    13  -.3742859289929307       4   0 1  0 2  0 0  1 0  0
    14  -.1563707806888980       4   0 1  0 0  0 3  0 0  0
    15  -.9388580217755786E-01   4   0 1  0 0  0 2  1 0  0
    16  -.9419619559232879E-01   4   0 1  0 0  0 1  2 0  0
    17  -.1554312215412153       4   0 1  0 0  0 0  3 0  0
    ------------------------------------------------------
     I  COEFFICIENT            ORDER EXPONENTS
     1   1.000000000000000       1   0 1  0 0  0 0  0 0  0
     -----------------------------------------------------
     I  COEFFICIENT            ORDER EXPONENTS
     1   1.000000000000000       1   0 0  1 0  0 0  0 0  0
     2  0.4998840000000000       1   0 0  0 1  0 0  0 0  0
     3  -.2503600473380462       2   0 0  0 1  0 1  0 0  0
     4  -.2495239526619538       2   0 0  0 1  0 0  1 0  0
     5  0.2499420000000000       3   0 2  0 1  0 0  0 0  0
     6  0.2499420000000000       3   0 0  0 3  0 0  0 0  0
     7  0.1876660480814173       3   0 0  0 1  0 2  0 0  0
     8  0.1253879985132577       3   0 0  0 1  0 1  1 0  0
     9  0.1868299534053249       3   0 0  0 1  0 0  2 0  0
    10  -.3755400710070693       4   0 2  0 1  0 1  0 0  0
    11  -.3755400710070693       4   0 0  0 3  0 1  0 0  0
    12  -.3742859289929307       4   0 2  0 1  0 0  1 0  0
    13  -.3742859289929307       4   0 0  0 3  0 0  1 0  0
    14  -.1563707806888980       4   0 0  0 1  0 3  0 0  0
    15  -.9388580217755786E-01   4   0 0  0 1  0 2  1 0  0
    16  -.9419619559232879E-01   4   0 0  0 1  0 1  2 0  0
    17  -.1554312215412153       4   0 0  0 1  0 0  3 0  0
    ------------------------------------------------------
     I  COEFFICIENT            ORDER EXPONENTS
     1   1.000000000000000       1   0 0  0 1  0 0  0 0  0
     -----------------------------------------------------
     I  COEFFICIENT            ORDER EXPONENTS
     1   1.000000000000000       1   0 0  0 0  1 0  0 0  0
     2  0.1245533022702166       1   0 0  0 0  0 1  0 0  0
     3  -.1245533022702166       1   0 0  0 0  0 0  1 0  0
     4  -.1251800236690231       2   0 2  0 0  0 0  0 0  0
     5  -.1251800236690231       2   0 0  0 2  0 0  0 0  0
     6  -.9357122048059573E-01   2   0 0  0 0  0 2  0 0  0
     7  0.6258913869097486E-01   2   0 0  0 0  0 1  1 0  0
     8  0.3098208178962086E-01   2   0 0  0 0  0 0  2 0  0
     9  0.1876660480814173       3   0 2  0 0  0 1  0 0  0
    10  0.1876660480814173       3   0 0  0 2  0 1  0 0  0
    11  0.6269399925662891E-01   3   0 2  0 0  0 0  1 0  0
    12  0.6269399925662891E-01   3   0 0  0 2  0 0  1 0  0
    13  0.7800227547166057E-01   3   0 0  0 0  0 3  0 0  0
    14  -.4686438545379030E-01   3   0 0  0 0  0 2  1 0  0
    15  -.1572475323718452E-01   3   0 0  0 0  0 1  2 0  0
    16  -.1541313678068574E-01   3   0 0  0 0  0 0  3 0  0
    17  -.9388501775176734E-01   4   0 4  0 0  0 0  0 0  0
    18  -.1877700355035347       4   0 2  0 2  0 0  0 0  0
    19  -.9388501775176734E-01   4   0 0  0 4  0 0  0 0  0
    20  -.2345561710333471       4   0 2  0 0  0 2  0 0  0
    21  -.2345561710333471       4   0 0  0 2  0 2  0 0  0
    22  -.9388580217755786E-01   4   0 2  0 0  0 1  1 0  0
    23  -.9388580217755786E-01   4   0 0  0 2  0 1  1 0  0
    24  -.4709809779616446E-01   4   0 2  0 0  0 0  2 0  0
    25  -.4709809779616446E-01   4   0 0  0 2  0 0  2 0  0
    26  -.6826181103624893E-01   4   0 0  0 0  0 4  0 0  0
    27  0.3904041773001398E-01   4   0 0  0 0  0 3  1 0  0
    28  0.1173595158566438E-01   4   0 0  0 0  0 2  2 0  0
    29  0.7900785513408228E-02   4   0 0  0 0  0 1  3 0  0
    30  0.9584656207162218E-02   4   0 0  0 0  0 0  4 0  0
    ------------------------------------------------------
     I  COEFFICIENT            ORDER EXPONENTS
     1   1.000000000000000       1   0 0  0 0  0 1  0 0  0
     -----------------------------------------------------
     I  COEFFICIENT            ORDER EXPONENTS
     1   1.000000000000000       1   0 0  0 0  0 0  1 0  0
     -----------------------------------------------------
     I  COEFFICIENT            ORDER EXPONENTS
     1   1.000000000000000       1   0 0  0 0  0 0  0 1  0
     -----------------------------------------------------
