     I  COEFFICIENT            ORDER EXPONENTS
     1  0.8587141056606700       1   1 0  0 0  0 0  0 0  0
     2  0.2868727557036198       1   0 1  0 0  0 0  0 0  0
     3  0.6910195405217637E-01   2   1 0  0 0  0 1  0 0  0
     4  -.1374102575627421       2   0 1  0 0  0 1  0 0  0
     5  0.6887118330219089E-01   2   1 0  0 0  0 0  1 0  0
     6  -.1369513665135902       2   0 1  0 0  0 0  1 0  0
     7  -.1379731373543672       2   1 0  0 0  0 0  0 1  0
     8  -.1251113162728735E-01   2   0 1  0 0  0 0  0 1  0
     9  0.5081582715698035E-01   3   3 0  0 0  0 0  0 0  0
    10  -.2777909198887448       3   2 1  0 0  0 0  0 0  0
    11  -.2358093936203177       3   1 2  0 0  0 0  0 0  0
    12  0.1184454273610814       3   0 3  0 0  0 0  0 0  0
    13  -.1831730872099002       3   1 0  2 0  0 0  0 0  0
    14  -.4941384261048636       3   0 1  2 0  0 0  0 0  0
    15  -.1209285736606148       3   1 0  1 1  0 0  0 0  0
    16  -.2192471018428521E-01   3   0 1  1 1  0 0  0 0  0
    17  -.1445353013997103       3   1 0  0 2  0 0  0 0  0
    18  0.1269198000116904       3   0 1  0 2  0 0  0 0  0
    19  -.5097366727936875E-01   3   1 0  0 0  0 2  0 0  0
    20  0.9989148491001396E-01   3   0 1  0 0  0 2  0 0  0
    21  -.3296569116411066E-01   3   1 0  0 0  0 1  1 0  0
    22  0.6262177282600195E-01   3   0 1  0 0  0 1  1 0  0
    23  -.5074839159392749E-01   3   1 0  0 0  0 0  2 0  0
    24  0.9945332552587807E-01   3   0 1  0 0  0 0  2 0  0
    25  0.6581107167067196E-01   3   1 0  0 0  0 1  0 1  0
    26  0.1241577247945447E-01   3   0 1  0 0  0 1  0 1  0
    27  0.6559129104977487E-01   3   1 0  0 0  0 0  1 1  0
    28  0.1237430914942231E-01   3   0 1  0 0  0 0  1 1  0
    29  0.3285387316960195E-02   3   1 0  0 0  0 0  0 2  0
    30  0.1160908128489666E-03   3   0 1  0 0  0 0  0 2  0
    31  -.2870869279358412E-01   4   3 0  0 0  0 1  0 0  0
    32  0.1900723571254545       4   2 1  0 0  0 1  0 0  0
    33  0.3296876338959226       4   1 2  0 0  0 1  0 0  0
    34  -.1637558478657970       4   0 3  0 0  0 1  0 0  0
    35  0.1914377684748458       4   1 0  2 0  0 1  0 0  0
    36  0.5031766899654527       4   0 1  2 0  0 1  0 0  0
    37  0.1800618787226631       4   1 0  1 1  0 1  0 0  0
    38  0.4424660125669372E-01   4   0 1  1 1  0 1  0 0  0
    39  0.2169318961672264       4   1 0  0 2  0 1  0 0  0
    40  -.1786784028235785       4   0 1  0 2  0 1  0 0  0
    41  -.2861281813044403E-01   4   3 0  0 0  0 0  1 0  0
    42  0.1894375973562556       4   2 1  0 0  0 0  1 0  0
    43  0.3285866192635771       4   1 2  0 0  0 0  1 0  0
    44  -.1632089738975447       4   0 3  0 0  0 0  1 0  0
    45  0.1907984488201055       4   1 0  2 0  0 0  1 0  0
    46  0.5014962966435670       4   0 1  2 0  0 0  1 0  0
    47  0.1794605496377384       4   1 0  1 1  0 0  1 0  0
    48  0.4409883667468739E-01   4   0 1  1 1  0 0  1 0  0
    49  0.2162074371116042       4   1 0  0 2  0 0  1 0  0
    50  -.1780816939520078       4   0 1  0 2  0 0  1 0  0
    51  0.5732151092402848E-01   4   3 0  0 0  0 0  0 1  0
    52  -.1017190345929661       4   2 1  0 0  0 0  0 1  0
    53  -.1866554659188641       4   1 2  0 0  0 0  0 1  0
    54  -.2837146031990233E-01   4   0 3  0 0  0 0  0 1  0
    55  -.3822362172949503       4   1 0  2 0  0 0  0 1  0
    56  -.5105345605041569       4   0 1  2 0  0 0  0 1  0
    57  -.2385938546997879       4   1 0  1 1  0 0  0 1  0
    58  -.4449601756281152E-01   4   0 1  1 1  0 0  0 1  0
    59  -.1440687304794098       4   1 0  0 2  0 0  0 1  0
    60  -.2399930325948395E-01   4   0 1  0 2  0 0  0 1  0
    61  0.4192791562181092E-01   4   1 0  0 0  0 3  0 0  0
    62  -.8117765569074410E-01   4   0 1  0 0  0 3  0 0  0
    63  0.2386690016420449E-01   4   1 0  0 0  0 2  1 0  0
    64  -.4381302085063165E-01   4   0 1  0 0  0 2  1 0  0
    65  0.2395667276214409E-01   4   1 0  0 0  0 1  2 0  0
    66  -.4399883549242364E-01   4   0 1  0 0  0 1  2 0  0
    67  0.4167816515531944E-01   4   1 0  0 0  0 0  3 0  0
    68  -.8069809562963751E-01   4   0 1  0 0  0 0  3 0  0
    69  -.4770331247089983E-01   4   1 0  0 0  0 2  0 1  0
    70  -.1232846680717789E-01   4   0 1  0 0  0 2  0 1  0
    71  -.2971576352447582E-01   4   1 0  0 0  0 1  1 1  0
    72  -.1224160579189535E-01   4   0 1  0 0  0 1  1 1  0
    73  -.4749438504024757E-01   4   1 0  0 0  0 0  2 1  0
    74  -.1226685419629775E-01   4   0 1  0 0  0 0  2 1  0
    75  -.3249877437534118E-02   4   1 0  0 0  0 1  0 2  0
    76  -.1743890160561009E-03   4   0 1  0 0  0 1  0 2  0
    77  -.3239024247289248E-02   4   1 0  0 0  0 0  1 2  0
    78  -.1738066318880099E-03   4   0 1  0 0  0 0  1 2  0
    79  -.2729098303230472E-04   4   1 0  0 0  0 0  0 3  0
    80  -.2559686760914373E-07   4   0 1  0 0  0 0  0 3  0
    ------------------------------------------------------
     I  COEFFICIENT            ORDER EXPONENTS
     1  -.9154239770186058       1   1 0  0 0  0 0  0 0  0
     2  0.8587139727994967       1   0 1  0 0  0 0  0 0  0
     3  -.2478782386198800E-01   2   1 0  0 0  0 1  0 0  0
     4  0.6910202026912189E-01   2   0 1  0 0  0 1  0 0  0
     5  -.2470504321154765E-01   2   1 0  0 0  0 0  1 0  0
     6  0.6887124929800033E-01   2   0 1  0 0  0 0  1 0  0
     7  -.8659311099450702       2   1 0  0 0  0 0  0 1  0
     8  -.1379732695671222       2   0 1  0 0  0 0  0 1  0
     9  -.6645488956538209       3   3 0  0 0  0 0  0 0  0
    10  -.5223323332177735       3   2 1  0 0  0 0  0 0  0
    11  0.3546767898871491       3   1 2  0 0  0 0  0 0  0
    12  -.8168537909018777E-02   3   0 3  0 0  0 0  0 0  0
    13  -2.874844428396035       3   1 0  2 0  0 0  0 0  0
    14  -.2504596580361242       3   0 1  2 0  0 0  0 0  0
    15  -1.245101934395149       3   1 0  1 1  0 0  0 0  0
    16  -.2716519488483604       3   0 1  1 1  0 0  0 0  0
    17  -.5216248424575353       3   1 0  0 2  0 0  0 0  0
    18  -.1650267246793277       3   0 1  0 2  0 0  0 0  0
    19  0.1836491493263728E-01   3   1 0  0 0  0 2  0 0  0
    20  -.5097371672267326E-01   3   0 1  0 0  0 2  0 0  0
    21  0.1198462904787390E-01   3   1 0  0 0  0 1  1 0  0
    22  -.3296572394506912E-01   3   0 1  0 0  0 1  1 0  0
    23  0.1828357228196467E-01   3   1 0  0 0  0 0  2 0  0
    24  -.5074844081737558E-01   3   0 1  0 0  0 0  2 0  0
    25  -.4871445891314854E-01   3   1 0  0 0  0 1  0 1  0
    26  0.6581113712129383E-01   3   0 1  0 0  0 1  0 1  0
    27  -.4855177361180336E-01   3   1 0  0 0  0 0  1 1  0
    28  0.6559135628181995E-01   3   0 1  0 0  0 0  1 1  0
    29  0.4863311626247591E-01   3   1 0  0 0  0 0  0 2  0
    30  0.3285388082004174E-02   3   0 1  0 0  0 0  0 2  0
    31  0.2313521872537664       4   3 0  0 0  0 1  0 0  0
    32  0.4721698972683460       4   2 1  0 0  0 1  0 0  0
    33  -.2995915738343686       4   1 2  0 0  0 1  0 0  0
    34  0.1595792605756074E-01   4   0 3  0 0  0 1  0 0  0
    35   1.533682669364791       4   1 0  2 0  0 1  0 0  0
    36  0.2937019595750716       4   0 1  2 0  0 1  0 0  0
    37   1.233377124552968       4   1 0  1 1  0 1  0 0  0
    38  0.4162689280493448       4   0 1  1 1  0 1  0 0  0
    39  0.5391799394640190       4   1 0  0 2  0 1  0 0  0
    40  0.2583883411756397       4   0 1  0 2  0 1  0 0  0
    41  0.2305795706397263       4   3 0  0 0  0 0  1 0  0
    42  0.4705930532730092       4   2 1  0 0  0 0  1 0  0
    43  -.2985910670740122       4   1 2  0 0  0 0  1 0  0
    44  0.1590463346091817E-01   4   0 3  0 0  0 0  1 0  0
    45   1.528560830124444       4   1 0  2 0  0 0  1 0  0
    46  0.2927211215884610       4   0 1  2 0  0 0  1 0  0
    47   1.229258176428389       4   1 0  1 1  0 0  1 0  0
    48  0.4148787692030542       4   0 1  1 1  0 0  1 0  0
    49  0.5373793108028763       4   1 0  0 2  0 0  1 0  0
    50  0.2575254354575818       4   0 1  0 2  0 0  1 0  0
    51  -1.126480653547313       4   3 0  0 0  0 0  0 1  0
    52  -.9427629505413545       4   2 1  0 0  0 0  0 1  0
    53  0.2435058510212317       4   1 2  0 0  0 0  0 1  0
    54  -.1552548370044101E-01   4   0 3  0 0  0 0  0 1  0
    55  -5.937087927885268       4   1 0  2 0  0 0  0 1  0
    56  -.5864230811635325       4   0 1  2 0  0 0  0 1  0
    57  -2.462635300981353       4   1 0  1 1  0 0  0 1  0
    58  -.5594957484040407       4   0 1  1 1  0 0  0 1  0
    59  -.5549344078093601       4   1 0  0 2  0 0  0 1  0
    60  -.1858603272745656       4   0 1  0 2  0 0  0 1  0
    61  -.1515969717377970E-01   4   1 0  0 0  0 3  0 0  0
    62  0.4192795667770573E-01   4   0 1  0 0  0 3  0 0  0
    63  -.8760066389009176E-02   4   1 0  0 0  0 2  1 0  0
    64  0.2386692447366581E-01   4   0 1  0 0  0 2  1 0  0
    65  -.8791870794941717E-02   4   1 0  0 0  0 1  2 0  0
    66  0.2395669715480743E-01   4   0 1  0 0  0 1  2 0  0
    67  -.1506917859770379E-01   4   1 0  0 0  0 0  3 0  0
    68  0.4167820596509553E-01   4   0 1  0 0  0 0  3 0  0
    69  0.3587424297771104E-01   4   1 0  0 0  0 2  0 1  0
    70  -.4770336106143656E-01   4   0 1  0 0  0 2  0 1  0
    71  0.2311924532002785E-01   4   1 0  0 0  0 1  1 1  0
    72  -.2971579536680815E-01   4   0 1  0 0  0 1  1 1  0
    73  0.3571583430608854E-01   4   1 0  0 0  0 0  2 1  0
    74  -.4749443341534309E-01   4   0 1  0 0  0 0  2 1  0
    75  -.2307663618115081E-01   4   1 0  0 0  0 1  0 2  0
    76  -.3249878376453181E-02   4   0 1  0 0  0 1  0 2  0
    77  -.2299957016020090E-01   4   1 0  0 0  0 0  1 2  0
    78  -.3239025183072742E-02   4   0 1  0 0  0 0  1 2  0
    79  -.8523033070414513E-03   4   1 0  0 0  0 0  0 3  0
    80  -.2729086816075943E-04   4   0 1  0 0  0 0  0 3  0
    ------------------------------------------------------
     I  COEFFICIENT            ORDER EXPONENTS
     1   1.148021513511942       1   0 0  1 0  0 0  0 0  0
     2  0.3123595268750153       1   0 0  0 1  0 0  0 0  0
     3  -.7584899520710109E-01   2   0 0  1 0  0 1  0 0  0
     4  -.1629396783756257       2   0 0  0 1  0 1  0 0  0
     5  -.7559569224700868E-01   2   0 0  1 0  0 0  1 0  0
     6  -.1623955300617769       2   0 0  0 1  0 0  1 0  0
     7  0.1514446874541099       2   0 0  1 0  0 0  0 1  0
     8  0.1297568156238724E-01   2   0 0  0 1  0 0  0 1  0
     9  -.1460675730719661       3   2 0  1 0  0 0  0 0  0
    10  -.1259462656131205       3   1 1  1 0  0 0  0 0  0
    11  0.1440527703074177       3   0 2  1 0  0 0  0 0  0
    12  0.1606974519469248       3   0 0  3 0  0 0  0 0  0
    13  0.4819170456361437       3   2 0  0 1  0 0  0 0  0
    14  -.2047720759614013E-01   3   1 1  0 1  0 0  0 0  0
    15  0.1702456425496330       3   0 2  0 1  0 0  0 0  0
    16  0.7540776029478444       3   0 0  2 1  0 0  0 0  0
    17  0.3520984640002700       3   0 0  1 2  0 0  0 0  0
    18  0.1875989729821413       3   0 0  0 3  0 0  0 0  0
    19  0.5772088367226880E-01   3   0 0  1 0  0 2  0 0  0
    20  0.1254209980694590       3   0 0  0 1  0 2  0 0  0
    21  0.3971300637667481E-01   3   0 0  1 0  0 1  1 0  0
    22  0.8815109299268678E-01   3   0 0  0 1  0 1  1 0  0
    23  0.5746180862883055E-01   3   0 0  1 0  0 0  2 0  0
    24  0.1248549526479377       3   0 0  0 1  0 0  2 0  0
    25  -.7930577851411164E-01   3   0 0  1 0  0 1  0 1  0
    26  -.1311373238035346E-01   3   0 0  0 1  0 1  0 1  0
    27  -.7904093138732751E-01   3   0 0  1 0  0 0  1 1  0
    28  -.1306993816500840E-01   3   0 0  0 1  0 0  1 1  0
    29  0.3451011223664521E-02   3   0 0  1 0  0 0  0 2  0
    30  0.1161537102936743E-03   3   0 0  0 1  0 0  0 2  0
    31  0.1359597154027448       4   2 0  1 0  0 1  0 0  0
    32  0.1902853878836059       4   1 1  1 0  0 1  0 0  0
    33  -.2159820884707785       4   0 2  1 0  0 1  0 0  0
    34  -.1942829144014858       4   0 0  3 0  0 1  0 0  0
    35  -.4847128230548536       4   2 0  0 1  0 1  0 0  0
    36  0.4067525936005612E-01   4   1 1  0 1  0 1  0 0  0
    37  -.2654788447253918       4   0 2  0 1  0 1  0 0  0
    38  -.9097767045313895       4   0 0  2 1  0 1  0 0  0
    39  -.5630529295307470       4   0 0  1 2  0 1  0 0  0
    40  -.3026442745796685       4   0 0  0 3  0 1  0 0  0
    41  0.1355056685393580       4   2 0  1 0  0 0  1 0  0
    42  0.1896499166834711       4   1 1  1 0  0 0  1 0  0
    43  -.2152608013635828       4   0 2  1 0  0 0  1 0  0
    44  -.1936340931853457       4   0 0  3 0  0 0  1 0  0
    45  -.4830940910922303       4   2 0  0 1  0 0  1 0  0
    46  0.4053942152106749E-01   4   1 1  0 1  0 0  1 0  0
    47  -.2645922597808289       4   0 2  0 1  0 0  1 0  0
    48  -.9067384423678392       4   0 0  2 1  0 0  1 0  0
    49  -.5611725753698327       4   0 0  1 2  0 0  1 0  0
    50  -.3016335731142533       4   0 0  0 3  0 0  1 0  0
    51  -.2714653839421024       4   2 0  1 0  0 0  0 1  0
    52  -.2539890389539565       4   1 1  1 0  0 0  0 1  0
    53  0.1431373492195263       4   0 2  1 0  0 0  0 1  0
    54  0.3879170075868325       4   0 0  3 0  0 0  0 1  0
    55  0.4858898685109401       4   2 0  0 1  0 0  0 1  0
    56  -.4026026568884444E-01   4   1 1  0 1  0 0  0 1  0
    57  0.1933417685732241E-01   4   0 2  0 1  0 0  0 1  0
    58   1.062437543951384       4   0 0  2 1  0 0  0 1  0
    59  0.4200285769000409       4   0 0  1 2  0 0  0 1  0
    60  0.4148092874749756E-01   4   0 0  0 3  0 0  0 1  0
    61  -.4867528843705052E-01   4   0 0  1 0  0 3  0 0  0
    62  -.1067071899837793       4   0 0  0 1  0 3  0 0  0
    63  -.3061458458698847E-01   4   0 0  1 0  0 2  1 0  0
    64  -.6934259655460323E-01   4   0 0  0 1  0 2  1 0  0
    65  -.3070424274661872E-01   4   0 0  1 0  0 1  2 0  0
    66  -.6952798390326556E-01   4   0 0  0 1  0 1  2 0  0
    67  -.4838050856799991E-01   4   0 0  1 0  0 0  3 0  0
    68  -.1060572574037366       4   0 0  0 1  0 0  3 0  0
    69  0.6119868255360247E-01   4   0 0  1 0  0 2  0 1  0
    70  0.1320117229756422E-01   4   0 0  0 1  0 2  0 1  0
    71  0.4321164191386459E-01   4   0 0  1 0  0 1  1 1  0
    72  0.1328788193767708E-01   4   0 0  0 1  0 1  1 1  0
    73  0.6092215119295710E-01   4   0 0  1 0  0 0  2 1  0
    74  0.1313489817066217E-01   4   0 0  0 1  0 0  2 1  0
    75  -.3498724996423237E-02   4   0 0  1 0  0 1  0 2  0
    76  -.1745146958726622E-03   4   0 0  0 1  0 1  0 2  0
    77  -.3487040762561976E-02   4   0 0  1 0  0 0  1 2  0
    78  -.1739318919881305E-03   4   0 0  0 1  0 0  1 2  0
    79  0.2791443721867422E-04   4   0 0  1 0  0 0  0 3  0
    80  -.4847673396175914E-08   4   0 0  0 1  0 0  0 3  0
    ------------------------------------------------------
     I  COEFFICIENT            ORDER EXPONENTS
     1   1.017908920640749       1   0 0  1 0  0 0  0 0  0
     2   1.148021647189229       1   0 0  0 1  0 0  0 0  0
     3  -.2655558959290387E-01   2   0 0  1 0  0 1  0 0  0
     4  -.7584906223791776E-01   2   0 0  0 1  0 1  0 0  0
     5  -.2646690536666580E-01   2   0 0  1 0  0 0  1 0  0
     6  -.7559575905397116E-01   2   0 0  0 1  0 0  1 0  0
     7   1.070931415600319       2   0 0  1 0  0 0  0 1  0
     8  0.1514448212918887       2   0 0  0 1  0 0  0 1  0
     9  -2.421909085430272       3   2 0  1 0  0 0  0 0  0
    10  -1.272208795156587       3   1 1  1 0  0 0  0 0  0
    11  0.4350109466900850       3   0 2  1 0  0 0  0 0  0
    12  -1.161537728902136       3   0 0  3 0  0 0  0 0  0
    13  -.8559848916981849E-01   3   2 0  0 1  0 0  0 0  0
    14  -.2383585058508513       3   1 1  0 1  0 0  0 0  0
    15  0.1252579162736707       3   0 2  0 1  0 0  0 0  0
    16  -.7615888948189362       3   0 0  2 1  0 0  0 0  0
    17  -.6491013392657522       3   0 0  1 2  0 0  0 0  0
    18  -.9899210278862727E-02   3   0 0  0 3  0 0  0 0  0
    19  0.2013276496525980E-01   3   0 0  1 0  0 2  0 0  0
    20  0.5772093392583225E-01   3   0 0  0 1  0 2  0 0  0
    21  0.1375254310374092E-01   3   0 0  1 0  0 1  1 0  0
    22  0.3971303996429510E-01   3   0 0  0 1  0 1  1 0  0
    23  0.2004256642168840E-01   3   0 0  1 0  0 0  2 0  0
    24  0.5746185865848457E-01   3   0 0  0 1  0 0  2 0  0
    25  -.5401807303426068E-01   3   0 0  1 0  0 1  0 1  0
    26  -.7930584557804210E-01   3   0 0  0 1  0 1  0 1  0
    27  -.5383767594711789E-01   3   0 0  1 0  0 0  1 1  0
    28  -.7904099822729323E-01   3   0 0  0 1  0 0  1 1  0
    29  0.5392787449068927E-01   3   0 0  1 0  0 0  0 2  0
    30  0.3451011256723188E-02   3   0 0  0 1  0 0  0 2  0
    31   1.086787050729418       4   2 0  1 0  0 1  0 0  0
    32   1.276770726864364       4   1 1  1 0  0 1  0 0  0
    33  -.4096234432051176       4   0 2  1 0  0 1  0 0  0
    34  0.7337662925522997       4   0 0  3 0  0 1  0 0  0
    35  0.4725087880289383E-01   4   2 0  0 1  0 1  0 0  0
    36  0.3501392002657667       4   1 1  0 1  0 1  0 0  0
    37  -.1787472900584505       4   0 2  0 1  0 1  0 0  0
    38  0.8337866861642055       4   0 0  2 1  0 1  0 0  0
    39  0.7442826181176555       4   0 0  1 2  0 1  0 0  0
    40  0.2031329831245147E-01   4   0 0  0 3  0 1  0 0  0
    41   1.083157650284649       4   2 0  1 0  0 0  1 0  0
    42   1.272506862806691       4   1 1  1 0  0 0  1 0  0
    43  -.4082554774146155       4   0 2  1 0  0 0  1 0  0
    44  0.7313158293205575       4   0 0  3 0  0 0  1 0  0
    45  0.4709308122844863E-01   4   2 0  0 1  0 0  1 0  0
    46  0.3489698862144796       4   1 1  0 1  0 0  1 0  0
    47  -.1781503511331999       4   0 2  0 1  0 0  1 0  0
    48  0.8310021979173352       4   0 0  2 1  0 0  1 0  0
    49  0.7417970348900872       4   0 0  1 2  0 0  1 0  0
    50  0.2024546064923990E-01   4   0 0  0 3  0 0  1 0  0
    51  -4.591853786444341       4   2 0  1 0  0 0  0 1  0
    52  -2.549277589671056       4   1 1  1 0  0 0  0 1  0
    53  0.3828679739296484       4   0 2  1 0  0 0  0 1  0
    54  -2.626619850774995       4   0 0  3 0  0 0  0 1  0
    55  -.9434396003134435E-01   4   2 0  0 1  0 0  0 1  0
    56  -.4607505806293993       4   1 1  0 1  0 0  0 1  0
    57  0.1063818086443109       4   0 2  0 1  0 0  0 1  0
    58  -1.664788884081541       4   0 0  2 1  0 0  0 1  0
    59  -.8369783137419899       4   0 0  1 2  0 0  0 1  0
    60  -.2076033840396621E-01   4   0 0  0 3  0 0  0 1  0
    61  -.1692762658041060E-01   4   0 0  1 0  0 3  0 0  0
    62  -.4867533029958970E-01   4   0 0  0 1  0 3  0 0  0
    63  -.1052815396224177E-01   4   0 0  1 0  0 2  1 0  0
    64  -.3061460969588939E-01   4   0 0  0 1  0 2  1 0  0
    65  -.1055992800002485E-01   4   0 0  1 0  0 1  2 0  0
    66  -.3070426793874406E-01   4   0 0  0 1  0 1  2 0  0
    67  -.1682530938784009E-01   4   0 0  1 0  0 0  3 0  0
    68  -.4838055017904910E-01   4   0 0  0 1  0 0  3 0  0
    69  0.4117826873821370E-01   4   0 0  1 0  0 2  0 1  0
    70  0.6119873274299394E-01   4   0 0  0 1  0 2  0 1  0
    71  0.2842362082079219E-01   4   0 0  1 0  0 1  1 1  0
    72  0.4321167534067658E-01   4   0 0  0 1  0 1  1 1  0
    73  0.4099328974185670E-01   4   0 0  1 0  0 0  2 1  0
    74  0.6092220115892210E-01   4   0 0  0 1  0 0  2 1  0
    75  -.2838104263147967E-01   4   0 0  1 0  0 1  0 2  0
    76  -.3498724835290389E-02   4   0 0  0 1  0 1  0 2  0
    77  -.2828626217869409E-01   4   0 0  1 0  0 0  1 2  0
    78  -.3487040601967199E-02   4   0 0  0 1  0 0  1 2  0
    79  0.9131434398280748E-03   4   0 0  1 0  0 0  0 3  0
    80  0.2791430793702166E-04   4   0 0  0 1  0 0  0 3  0
    ------------------------------------------------------
     I  COEFFICIENT            ORDER EXPONENTS
     1   1.000000000000000       1   0 0  0 0  1 0  0 0  0
     2  0.7462474099977173E-01   1   0 0  0 0  0 1  0 0  0
     3  -.7462474099977179E-01   1   0 0  0 0  0 0  1 0  0
     4  -.2098596683045968E-01   2   2 0  0 0  0 0  0 0  0
     5  0.6644976423490020E-01   2   1 1  0 0  0 0  0 0  0
     6  -.6890979766699275E-01   2   0 2  0 0  0 0  0 0  0
     7  -.2336049208186648E-01   2   0 0  2 0  0 0  0 0  0
     8  -.7878139785518609E-01   2   0 0  1 1  0 0  0 0  0
     9  -.8168305048914967E-01   2   0 0  0 2  0 0  0 0  0
    10  -.5606216749073469E-01   2   0 0  0 0  0 2  0 0  0
    11  0.3749959398169768E-01   2   0 0  0 0  0 1  1 0  0
    12  0.1856257350903703E-01   2   0 0  0 0  0 0  2 0  0
    13  0.3089230711888684E-01   3   2 0  0 0  0 1  0 0  0
    14  -.9671140367888725E-01   3   1 1  0 0  0 1  0 0  0
    15  0.1004011846614015       3   0 2  0 0  0 1  0 0  0
    16  0.3564175790531215E-01   3   0 0  2 0  0 1  0 0  0
    17  0.1213784437031618       3   0 0  1 1  0 1  0 0  0
    18  0.1259563374527713       3   0 0  0 2  0 1  0 0  0
    19  0.9943107416135459E-02   3   2 0  0 0  0 0  1 0  0
    20  -.3038175109132588E-01   3   1 1  0 0  0 0  1 0  0
    21  0.3161557983038468E-01   3   0 2  0 0  0 0  1 0  0
    22  0.1231800513195989E-01   3   0 0  2 0  0 0  1 0  0
    23  0.4271700736456449E-01   3   0 0  1 1  0 0  1 0  0
    24  0.4439730846531857E-01   3   0 0  0 2  0 0  1 0  0
    25  -.4083541453502235E-01   3   2 0  0 0  0 0  0 1  0
    26  0.6064339053531312E-01   3   1 1  0 0  0 0  0 1  0
    27  0.5802830842199347E-02   3   0 2  0 0  0 0  0 1  0
    28  -.4795976303727209E-01   3   0 0  2 0  0 0  0 1  0
    29  -.8531405321254037E-01   3   0 0  1 1  0 0  0 1  0
    30  -.6987544939790487E-02   3   0 0  0 2  0 0  0 1  0
    31  0.4673420534316430E-01   3   0 0  0 0  0 3  0 0  0
    32  -.2807828104802354E-01   3   0 0  0 0  0 2  1 0  0
    33  -.9421312933674158E-02   3   0 0  0 0  0 1  2 0  0
    34  -.9234611361466610E-02   3   0 0  0 0  0 0  3 0  0
    35  -.7659354818422903E-01   4   4 0  0 0  0 0  0 0  0
    36  -.1340016804083110       4   3 1  0 0  0 0  0 0  0
    37  0.7803095535398463E-01   4   2 2  0 0  0 0  0 0  0
    38  0.1037613264281800       4   1 3  0 0  0 0  0 0  0
    39  -.4159611553877803E-01   4   0 4  0 0  0 0  0 0  0
    40  -.6676915016770373       4   2 0  2 0  0 0  0 0  0
    41  -.2118958468908643       4   1 1  2 0  0 0  0 0  0
    42  0.1790335688583541       4   0 2  2 0  0 0  0 0  0
    43  -.1907604165301979       4   0 0  4 0  0 0  0 0  0
    44  -.2530402014860491       4   2 0  1 1  0 0  0 0  0
    45  -.2947281049224815E-02   4   1 1  1 1  0 0  0 0  0
    46  -.8619452387434612E-01   4   0 2  1 1  0 0  0 0  0
    47  -.3744499111163636       4   0 0  3 1  0 0  0 0  0
    48  -.2999800687464691       4   2 0  0 2  0 0  0 0  0
    49  0.6068700147254447E-01   4   1 1  0 2  0 0  0 0  0
    50  -.1143180575699684       4   0 2  0 2  0 0  0 0  0
    51  -.5032140299189956       4   0 0  2 2  0 0  0 0  0
    52  -.1989138075694507       4   0 0  1 3  0 0  0 0  0
    53  -.7656517269822116E-01   4   0 0  0 4  0 0  0 0  0
    54  -.3804872441359725E-01   4   2 0  0 0  0 2  0 0  0
    55  0.1180149693618291       4   1 1  0 0  0 2  0 0  0
    56  -.1226553679861147       4   0 2  0 0  0 2  0 0  0
    57  -.4517348102787372E-01   4   0 0  2 0  0 2  0 0  0
    58  -.1550210844369750       4   0 0  1 1  0 2  0 0  0
    59  -.1610009591203397       4   0 0  0 2  0 2  0 0  0
    60  -.1433144727782056E-01   4   2 0  0 0  0 1  1 0  0
    61  0.4266776582069530E-01   4   1 1  0 0  0 1  1 0  0
    62  -.4457089271029284E-01   4   0 2  0 0  0 1  1 0  0
    63  -.1908205620768617E-01   4   0 0  2 0  0 1  1 0  0
    64  -.6734589041629449E-01   4   0 0  1 1  0 1  1 0  0
    65  -.7015171122266031E-01   4   0 0  0 2  0 1  1 0  0
    66  -.7193148993738303E-02   4   2 0  0 0  0 0  2 0  0
    67  0.2142341542437271E-01   4   1 1  0 0  0 0  2 0  0
    68  -.2237793474074084E-01   4   0 2  0 0  0 0  2 0  0
    69  -.9568411796882850E-02   4   0 0  2 0  0 0  2 0  0
    70  -.3376225287516962E-01   4   0 0  1 1  0 0  2 0  0
    71  -.3516808736041516E-01   4   0 0  0 2  0 0  2 0  0
    72  0.5953658898612813E-01   4   2 0  0 0  0 1  0 1  0
    73  -.8527489718657835E-01   4   1 1  0 0  0 1  0 1  0
    74  -.1132192530168225E-01   4   0 2  0 0  0 1  0 1  0
    75  0.7378726035812111E-01   4   0 0  2 0  0 1  0 1  0
    76  0.1346311718839207       4   0 0  1 1  0 1  0 1  0
    77  0.1428461710502554E-01   4   0 0  0 2  0 1  0 1  0
    78  0.1877463784916170E-01   4   2 0  0 0  0 0  1 1  0
    79  -.2475109448678874E-01   4   1 1  0 0  0 0  1 1  0
    80  -.5519977299379364E-02   4   0 2  0 0  0 0  1 1  0
    81  0.2590087466949209E-01   4   0 0  2 0  0 0  1 1  0
    82  0.4943638143750453E-01   4   0 0  1 1  0 0  1 1  0
    83  0.7295960547535348E-02   4   0 0  0 2  0 0  1 1  0
    84  -.1873790615013378E-01   4   2 0  0 0  0 0  0 2  0
    85  -.5630394698629491E-02   4   1 1  0 0  0 0  0 2  0
    86  -.2832949627682825E-03   4   0 2  0 0  0 0  0 2  0
    87  -.2586418599517062E-01   4   0 0  2 0  0 0  0 2  0
    88  -.6719723448172191E-02   4   0 0  1 1  0 0  0 2  0
    89  -.3089714165946736E-03   4   0 0  0 2  0 0  0 2  0
    90  -.4089831321938005E-01   4   0 0  0 0  0 4  0 0  0
    91  0.2339063684802711E-01   4   0 0  0 0  0 3  1 0  0
    92  0.7031466299994571E-02   4   0 0  0 0  0 2  2 0  0
    93  0.4733668733677760E-02   4   0 0  0 0  0 1  3 0  0
    94  0.5742541337680525E-02   4   0 0  0 0  0 0  4 0  0
    ------------------------------------------------------
     I  COEFFICIENT            ORDER EXPONENTS
     1   1.000000000000000       1   0 0  0 0  0 1  0 0  0
     -----------------------------------------------------
     I  COEFFICIENT            ORDER EXPONENTS
     1   1.000000000000000       1   0 0  0 0  0 0  1 0  0
     -----------------------------------------------------
     I  COEFFICIENT            ORDER EXPONENTS
     1   1.000000000000000       1   0 0  0 0  0 0  0 1  0
     -----------------------------------------------------
