     I  COEFFICIENT            ORDER EXPONENTS
     1   1.000000000000000       1   1 0  0 0  0 0  0 0  0
     2  0.2799010000000001       1   0 1  0 0  0 0  0 0  0
     3  -.1401845780420387       2   0 1  0 0  0 1  0 0  0
     4  -.1397164219579613       2   0 1  0 0  0 0  1 0  0
     5  0.1399505000000000       3   0 3  0 0  0 0  0 0  0
     6  0.1399505000000000       3   0 1  0 2  0 0  0 0  0
     7  0.1050802076562498       3   0 1  0 0  0 2  0 0  0
     8  0.7020874077157774E-01   3   0 1  0 0  0 1  1 0  0
     9  0.1046120515721725       3   0 1  0 0  0 0  2 0  0
    10  -.2102768670630581       4   0 3  0 0  0 1  0 0  0
    11  -.2102768670630581       4   0 1  0 2  0 1  0 0  0
    12  -.2095746329369420       4   0 3  0 0  0 0  1 0  0
    13  -.2095746329369420       4   0 1  0 2  0 0  1 0  0
    14  -.8755698899265281E-01   4   0 1  0 0  0 3  0 0  0
    15  -.5256965599079112E-01   4   0 1  0 0  0 2  1 0  0
    16  -.5274345516657550E-01   4   0 1  0 0  0 1  2 0  0
    17  -.8703089984998062E-01   4   0 1  0 0  0 0  3 0  0
    ------------------------------------------------------
     I  COEFFICIENT            ORDER EXPONENTS
     1   1.000000000000000       1   0 1  0 0  0 0  0 0  0
     -----------------------------------------------------
     I  COEFFICIENT            ORDER EXPONENTS
     1   1.000000000000000       1   0 0  1 0  0 0  0 0  0
     2  0.2799010000000001       1   0 0  0 1  0 0  0 0  0
     3  -.1401845780420387       2   0 0  0 1  0 1  0 0  0
     4  -.1397164219579613       2   0 0  0 1  0 0  1 0  0
     5  0.1399505000000000       3   0 2  0 1  0 0  0 0  0
     6  0.1399505000000000       3   0 0  0 3  0 0  0 0  0
     7  0.1050802076562498       3   0 0  0 1  0 2  0 0  0
     8  0.7020874077157774E-01   3   0 0  0 1  0 1  1 0  0
     9  0.1046120515721725       3   0 0  0 1  0 0  2 0  0
    10  -.2102768670630581       4   0 2  0 1  0 1  0 0  0
    11  -.2102768670630581       4   0 0  0 3  0 1  0 0  0
    12  -.2095746329369420       4   0 2  0 1  0 0  1 0  0
    13  -.2095746329369420       4   0 0  0 3  0 0  1 0  0
    14  -.8755698899265281E-01   4   0 0  0 1  0 3  0 0  0
    15  -.5256965599079112E-01   4   0 0  0 1  0 2  1 0  0
    16  -.5274345516657550E-01   4   0 0  0 1  0 1  2 0  0
    17  -.8703089984998062E-01   4   0 0  0 1  0 0  3 0  0
    ------------------------------------------------------
     I  COEFFICIENT            ORDER EXPONENTS
     1   1.000000000000000       1   0 0  0 1  0 0  0 0  0
     -----------------------------------------------------
     I  COEFFICIENT            ORDER EXPONENTS
     1   1.000000000000000       1   0 0  0 0  1 0  0 0  0
     2  0.6974136771478165E-01   1   0 0  0 0  0 1  0 0  0
     3  -.6974136771478162E-01   1   0 0  0 0  0 0  1 0  0
     4  -.7009228902101938E-01   2   0 2  0 0  0 0  0 0  0
     5  -.7009228902101938E-01   2   0 0  0 2  0 0  0 0  0
     6  -.5239351166218408E-01   2   0 0  0 0  0 2  0 0  0
     7  0.3504565560958654E-01   2   0 0  0 0  0 1  1 0  0
     8  0.1734785605259754E-01   2   0 0  0 0  0 0  2 0  0
     9  0.1050802076562499       3   0 2  0 0  0 1  0 0  0
    10  0.1050802076562499       3   0 0  0 2  0 1  0 0  0
    11  0.3510437038578890E-01   3   0 2  0 0  0 0  1 0  0
    12  0.3510437038578890E-01   3   0 0  0 2  0 0  1 0  0
    13  0.4367596263691831E-01   3   0 0  0 0  0 3  0 0  0
    14  -.2624086458638676E-01   3   0 0  0 0  0 2  1 0  0
    15  -.8804791023199757E-02   3   0 0  0 0  0 1  2 0  0
    16  -.8630307027331776E-02   3   0 0  0 0  0 0  3 0  0
    17  -.5256921676576454E-01   4   0 4  0 0  0 0  0 0  0
    18  -.1051384335315291       4   0 2  0 2  0 0  0 0  0
    19  -.5256921676576454E-01   4   0 0  0 4  0 0  0 0  0
    20  -.1313354834889792       4   0 2  0 0  0 2  0 0  0
    21  -.1313354834889792       4   0 0  0 2  0 2  0 0  0
    22  -.5256965599079112E-01   4   0 2  0 0  0 1  1 0  0
    23  -.5256965599079112E-01   4   0 0  0 2  0 1  1 0  0
    24  -.2637172758328778E-01   4   0 2  0 0  0 0  2 0  0
    25  -.2637172758328778E-01   4   0 0  0 2  0 0  2 0  0
    26  -.3822196583778860E-01   4   0 0  0 0  0 4  0 0  0
    27  0.2185997544039947E-01   4   0 0  0 0  0 3  1 0  0
    28  0.6571333718980899E-02   4   0 0  0 0  0 2  2 0  0
    29  0.4423901877212469E-02   4   0 0  0 0  0 1  3 0  0
    30  0.5366754801195706E-02   4   0 0  0 0  0 0  4 0  0
    ------------------------------------------------------
     I  COEFFICIENT            ORDER EXPONENTS
     1   1.000000000000000       1   0 0  0 0  0 1  0 0  0
     -----------------------------------------------------
     I  COEFFICIENT            ORDER EXPONENTS
     1   1.000000000000000       1   0 0  0 0  0 0  1 0  0
     -----------------------------------------------------
     I  COEFFICIENT            ORDER EXPONENTS
     1   1.000000000000000       1   0 0  0 0  0 0  0 1  0
     -----------------------------------------------------
