     I  COEFFICIENT            ORDER EXPONENTS
     1   1.000000000000000       1   1 0  0 0  0 0  0 0  0
     2  0.8299839999999999       1   0 1  0 0  0 0  0 0  0
     3  -.4156861062362887       2   0 1  0 0  0 1  0 0  0
     4  -.4142978937637112       2   0 1  0 0  0 0  1 0  0
     5  0.4149920000000000       3   0 3  0 0  0 0  0 0  0
     6  0.4149920000000000       3   0 1  0 2  0 0  0 0  0
     7  0.3115919238279422       3   0 1  0 0  0 2  0 0  0
     8  0.2081883648166929       3   0 1  0 0  0 1  1 0  0
     9  0.3102037113553648       3   0 1  0 0  0 0  2 0  0
    10  -.6235291593544330       4   0 3  0 0  0 1  0 0  0
    11  -.6235291593544330       4   0 1  0 2  0 1  0 0  0
    12  -.6214468406455669       4   0 3  0 0  0 0  1 0  0
    13  -.6214468406455669       4   0 1  0 2  0 0  1 0  0
    14  -.2596307264071151       4   0 1  0 0  0 3  0 0  0
    15  -.1558835922624812       4   0 1  0 0  0 2  1 0  0
    16  -.1563989549625582       4   0 1  0 0  0 1  2 0  0
    17  -.2580707263678454       4   0 1  0 0  0 0  3 0  0
    ------------------------------------------------------
     I  COEFFICIENT            ORDER EXPONENTS
     1   1.000000000000000       1   0 1  0 0  0 0  0 0  0
     -----------------------------------------------------
     I  COEFFICIENT            ORDER EXPONENTS
     1   1.000000000000000       1   0 0  1 0  0 0  0 0  0
     2  0.8299839999999999       1   0 0  0 1  0 0  0 0  0
     3  -.4156861062362887       2   0 0  0 1  0 1  0 0  0
     4  -.4142978937637112       2   0 0  0 1  0 0  1 0  0
     5  0.4149920000000000       3   0 2  0 1  0 0  0 0  0
     6  0.4149920000000000       3   0 0  0 3  0 0  0 0  0
     7  0.3115919238279422       3   0 0  0 1  0 2  0 0  0
     8  0.2081883648166929       3   0 0  0 1  0 1  1 0  0
     9  0.3102037113553648       3   0 0  0 1  0 0  2 0  0
    10  -.6235291593544330       4   0 2  0 1  0 1  0 0  0
    11  -.6235291593544330       4   0 0  0 3  0 1  0 0  0
    12  -.6214468406455669       4   0 2  0 1  0 0  1 0  0
    13  -.6214468406455669       4   0 0  0 3  0 0  1 0  0
    14  -.2596307264071151       4   0 0  0 1  0 3  0 0  0
    15  -.1558835922624812       4   0 0  0 1  0 2  1 0  0
    16  -.1563989549625582       4   0 0  0 1  0 1  2 0  0
    17  -.2580707263678454       4   0 0  0 1  0 0  3 0  0
    ------------------------------------------------------
     I  COEFFICIENT            ORDER EXPONENTS
     1   1.000000000000000       1   0 0  0 1  0 0  0 0  0
     -----------------------------------------------------
     I  COEFFICIENT            ORDER EXPONENTS
     1   1.000000000000000       1   0 0  0 0  1 0  0 0  0
     2  0.2068024742369099       1   0 0  0 0  0 1  0 0  0
     3  -.2068024742369098       1   0 0  0 0  0 0  1 0  0
     4  -.2078430531181444       2   0 2  0 0  0 0  0 0  0
     5  -.2078430531181444       2   0 0  0 2  0 0  0 0  0
     6  -.1553612755346575       2   0 0  0 0  0 2  0 0  0
     7  0.1039200768324053       2   0 0  0 0  0 1  1 0  0
     8  0.5144119870225228E-01   2   0 0  0 0  0 0  2 0  0
     9  0.3115919238279422       3   0 2  0 0  0 1  0 0  0
    10  0.3115919238279422       3   0 0  0 2  0 1  0 0  0
    11  0.1040941824083466       3   0 2  0 0  0 0  1 0  0
    12  0.1040941824083466       3   0 0  0 2  0 0  1 0  0
    13  0.1295113278381999       3   0 0  0 0  0 3  0 0  0
    14  -.7781143244528467E-01   3   0 0  0 0  0 2  1 0  0
    15  -.2610864438712053E-01   3   0 0  0 0  0 1  2 0  0
    16  -.2559125100579467E-01   3   0 0  0 0  0 0  3 0  0
    17  -.1558822898386083       4   0 4  0 0  0 0  0 0  0
    18  -.3117645796772165       4   0 2  0 2  0 0  0 0  0
    19  -.1558822898386083       4   0 0  0 4  0 0  0 0  0
    20  -.3894460896106727       4   0 2  0 0  0 2  0 0  0
    21  -.3894460896106727       4   0 0  0 2  0 2  0 0  0
    22  -.1558835922624813       4   0 2  0 0  0 1  1 0  0
    23  -.1558835922624813       4   0 0  0 2  0 1  1 0  0
    24  -.7819947748127916E-01   4   0 2  0 0  0 0  2 0  0
    25  -.7819947748127916E-01   4   0 0  0 2  0 0  2 0  0
    26  -.1133387165244537       4   0 0  0 0  0 4  0 0  0
    27  0.6482088258321517E-01   4   0 0  0 0  0 3  1 0  0
    28  0.1948582479310414E-01   4   0 0  0 0  0 2  2 0  0
    29  0.1311809452505103E-01   4   0 0  0 0  0 1  3 0  0
    30  0.1591391462308321E-01   4   0 0  0 0  0 0  4 0  0
    ------------------------------------------------------
     I  COEFFICIENT            ORDER EXPONENTS
     1   1.000000000000000       1   0 0  0 0  0 1  0 0  0
     -----------------------------------------------------
     I  COEFFICIENT            ORDER EXPONENTS
     1   1.000000000000000       1   0 0  0 0  0 0  1 0  0
     -----------------------------------------------------
     I  COEFFICIENT            ORDER EXPONENTS
     1   1.000000000000000       1   0 0  0 0  0 0  0 1  0
     -----------------------------------------------------
