     I  COEFFICIENT            ORDER EXPONENTS
     1   1.000000000000000       1   1 0  0 0  0 0  0 0  0
     2  0.3516429999999999       1   0 1  0 0  0 0  0 0  0
     3  -.1761155750656004       2   0 1  0 0  0 1  0 0  0
     4  -.1755274249343996       2   0 1  0 0  0 0  1 0  0
     5  0.1758215000000000       3   0 3  0 0  0 0  0 0  0
     6  0.1758215000000000       3   0 1  0 2  0 0  0 0  0
     7  0.1320135314302794       3   0 1  0 0  0 2  0 0  0
     8  0.8820408727064176E-01   3   0 1  0 0  0 1  1 0  0
     9  0.1314253812990787       3   0 1  0 0  0 0  2 0  0
    10  -.2641733625984005       4   0 3  0 0  0 1  0 0  0
    11  -.2641733625984005       4   0 1  0 2  0 1  0 0  0
    12  -.2632911374015994       4   0 3  0 0  0 0  1 0  0
    13  -.2632911374015994       4   0 1  0 2  0 0  1 0  0
    14  -.1099989006125144       4   0 1  0 0  0 3  0 0  0
    15  -.6604389245329512E-01   4   0 1  0 0  0 2  1 0  0
    16  -.6626223845266756E-01   4   0 1  0 0  0 1  2 0  0
    17  -.1093379684815228       4   0 1  0 0  0 0  3 0  0
    ------------------------------------------------------
     I  COEFFICIENT            ORDER EXPONENTS
     1   1.000000000000000       1   0 1  0 0  0 0  0 0  0
     -----------------------------------------------------
     I  COEFFICIENT            ORDER EXPONENTS
     1   1.000000000000000       1   0 0  1 0  0 0  0 0  0
     2  0.3516429999999999       1   0 0  0 1  0 0  0 0  0
     3  -.1761155750656004       2   0 0  0 1  0 1  0 0  0
     4  -.1755274249343996       2   0 0  0 1  0 0  1 0  0
     5  0.1758215000000000       3   0 2  0 1  0 0  0 0  0
     6  0.1758215000000000       3   0 0  0 3  0 0  0 0  0
     7  0.1320135314302794       3   0 0  0 1  0 2  0 0  0
     8  0.8820408727064176E-01   3   0 0  0 1  0 1  1 0  0
     9  0.1314253812990787       3   0 0  0 1  0 0  2 0  0
    10  -.2641733625984005       4   0 2  0 1  0 1  0 0  0
    11  -.2641733625984005       4   0 0  0 3  0 1  0 0  0
    12  -.2632911374015994       4   0 2  0 1  0 0  1 0  0
    13  -.2632911374015994       4   0 0  0 3  0 0  1 0  0
    14  -.1099989006125144       4   0 0  0 1  0 3  0 0  0
    15  -.6604389245329512E-01   4   0 0  0 1  0 2  1 0  0
    16  -.6626223845266756E-01   4   0 0  0 1  0 1  2 0  0
    17  -.1093379684815228       4   0 0  0 1  0 0  3 0  0
    ------------------------------------------------------
     I  COEFFICIENT            ORDER EXPONENTS
     1   1.000000000000000       1   0 0  0 1  0 0  0 0  0
     -----------------------------------------------------
     I  COEFFICIENT            ORDER EXPONENTS
     1   1.000000000000000       1   0 0  0 0  1 0  0 0  0
     2  0.8761692086605245E-01   1   0 0  0 0  0 1  0 0  0
     3  -.8761692086605244E-01   1   0 0  0 0  0 0  1 0  0
     4  -.8805778753280019E-01   2   0 2  0 0  0 0  0 0  0
     5  -.8805778753280019E-01   2   0 0  0 2  0 0  0 0  0
     6  -.6582260021016498E-01   2   0 0  0 0  0 2  0 0  0
     7  0.4402827955427752E-01   2   0 0  0 0  0 1  1 0  0
     8  0.2179432065588745E-01   2   0 0  0 0  0 0  2 0  0
     9  0.1320135314302794       3   0 2  0 0  0 1  0 0  0
    10  0.1320135314302794       3   0 0  0 2  0 1  0 0  0
    11  0.4410204363532091E-01   3   0 2  0 0  0 0  1 0  0
    12  0.4410204363532091E-01   3   0 0  0 2  0 0  1 0  0
    13  0.5487063829544681E-01   3   0 0  0 0  0 3  0 0  0
    14  -.3296671446601045E-01   3   0 0  0 0  0 2  1 0  0
    15  -.1106156508826703E-01   3   0 0  0 0  0 1  2 0  0
    16  -.1084235874116929E-01   3   0 0  0 0  0 0  3 0  0
    17  -.6604334064960014E-01   4   0 4  0 0  0 0  0 0  0
    18  -.1320866812992003       4   0 2  0 2  0 0  0 0  0
    19  -.6604334064960014E-01   4   0 0  0 4  0 0  0 0  0
    20  -.1649983509187716       4   0 2  0 0  0 2  0 0  0
    21  -.1649983509187716       4   0 0  0 2  0 2  0 0  0
    22  -.6604389245329513E-01   4   0 2  0 0  0 1  1 0  0
    23  -.6604389245329513E-01   4   0 0  0 2  0 1  1 0  0
    24  -.3313111922633382E-01   4   0 2  0 0  0 0  2 0  0
    25  -.3313111922633382E-01   4   0 0  0 2  0 0  2 0  0
    26  -.4801871637863920E-01   4   0 0  0 0  0 4  0 0  0
    27  0.2746295062821635E-01   4   0 0  0 0  0 3  1 0  0
    28  0.8255645756691118E-02   4   0 0  0 0  0 2  2 0  0
    29  0.5557801250472933E-02   4   0 0  0 0  0 1  3 0  0
    30  0.6742318743258726E-02   4   0 0  0 0  0 0  4 0  0
    ------------------------------------------------------
     I  COEFFICIENT            ORDER EXPONENTS
     1   1.000000000000000       1   0 0  0 0  0 1  0 0  0
     -----------------------------------------------------
     I  COEFFICIENT            ORDER EXPONENTS
     1   1.000000000000000       1   0 0  0 0  0 0  1 0  0
     -----------------------------------------------------
     I  COEFFICIENT            ORDER EXPONENTS
     1   1.000000000000000       1   0 0  0 0  0 0  0 1  0
     -----------------------------------------------------
