     I  COEFFICIENT            ORDER EXPONENTS
     1   1.000000000000000       1   1 0  0 0  0 0  0 0
     2  0.3500000000000000       1   0 1  0 0  0 0  0 0
     3  -.1752927010432744       2   0 1  0 0  0 1  0 0
     4  -.1747072989567256       2   0 1  0 0  0 0  1 0
     5  0.1750000000000000       3   0 3  0 0  0 0  0 0
     6  0.1750000000000000       3   0 1  0 2  0 0  0 0
     7  0.1313967176954975       3   0 1  0 0  0 2  0 0
     8  0.8779196669555379E-01   3   0 1  0 0  0 1  1 0
     9  0.1308113156089487       3   0 1  0 0  0 0  2 0
    10  -.2629390515649115       4   0 3  0 0  0 1  0 0
    11  -.2629390515649115       4   0 1  0 2  0 1  0 0
    12  -.2620609484350884       4   0 3  0 0  0 0  1 0
    13  -.2620609484350884       4   0 1  0 2  0 0  1 0
    14  -.1094849469899303       4   0 1  0 0  0 3  0 0
    15  -.6573531211670157E-01   4   0 1  0 0  0 2  1 0
    16  -.6595263792662913E-01   4   0 1  0 0  0 1  2 0
    17  -.1088271029667390       4   0 1  0 0  0 0  3 0
    ---------------------------------------------------
     I  COEFFICIENT            ORDER EXPONENTS
     1   1.000000000000000       1   0 1  0 0  0 0  0 0
     --------------------------------------------------
     I  COEFFICIENT            ORDER EXPONENTS
     1   1.000000000000000       1   0 0  1 0  0 0  0 0
     2  0.3500000000000000       1   0 0  0 1  0 0  0 0
     3  -.1752927010432744       2   0 0  0 1  0 1  0 0
     4  -.1747072989567256       2   0 0  0 1  0 0  1 0
     5  0.1750000000000000       3   0 2  0 1  0 0  0 0
     6  0.1750000000000000       3   0 0  0 3  0 0  0 0
     7  0.1313967176954975       3   0 0  0 1  0 2  0 0
     8  0.8779196669555379E-01   3   0 0  0 1  0 1  1 0
     9  0.1308113156089487       3   0 0  0 1  0 0  2 0
    10  -.2629390515649115       4   0 2  0 1  0 1  0 0
    11  -.2629390515649115       4   0 0  0 3  0 1  0 0
    12  -.2620609484350884       4   0 2  0 1  0 0  1 0
    13  -.2620609484350884       4   0 0  0 3  0 0  1 0
    14  -.1094849469899303       4   0 0  0 1  0 3  0 0
    15  -.6573531211670157E-01   4   0 0  0 1  0 2  1 0
    16  -.6595263792662913E-01   4   0 0  0 1  0 1  2 0
    17  -.1088271029667390       4   0 0  0 1  0 0  3 0
    ---------------------------------------------------
     I  COEFFICIENT            ORDER EXPONENTS
     1   1.000000000000000       1   0 0  0 1  0 0  0 0
     --------------------------------------------------
     I  COEFFICIENT            ORDER EXPONENTS
     1   1.000000000000000       1   0 0  0 0  1 0  0 0
     2  0.8720754373929913E-01   1   0 0  0 0  0 1  0 0
     3  -.8720754373929912E-01   1   0 0  0 0  0 0  1 0
     4  -.8764635052163722E-01   2   0 2  0 0  0 0  0 0
     5  -.8764635052163722E-01   2   0 0  0 2  0 0  0 0
     6  -.6551505382890531E-01   2   0 0  0 0  0 2  0 0
     7  0.4382256391851148E-01   2   0 0  0 0  0 1  1 0
     8  0.2169248991039380E-01   2   0 0  0 0  0 0  2 0
     9  0.1313967176954975       3   0 2  0 0  0 1  0 0
    10  0.1313967176954975       3   0 0  0 2  0 1  0 0
    11  0.4389598334777695E-01   3   0 2  0 0  0 0  1 0
    12  0.4389598334777695E-01   3   0 0  0 2  0 0  1 0
    13  0.5461426333925710E-01   3   0 0  0 0  0 3  0 0
    14  -.3281268235996072E-01   3   0 0  0 0  0 2  1 0
    15  -.1100988155855076E-01   3   0 0  0 0  0 1  2 0
    16  -.1079169942074563E-01   3   0 0  0 0  0 0  3 0
    17  -.6573476289122790E-01   4   0 4  0 0  0 0  0 0
    18  -.1314695257824558       4   0 2  0 2  0 0  0 0
    19  -.6573476289122790E-01   4   0 0  0 4  0 0  0 0
    20  -.1642274204848955       4   0 2  0 0  0 2  0 0
    21  -.1642274204848955       4   0 0  0 2  0 2  0 0
    22  -.6573531211670156E-01   4   0 2  0 0  0 1  1 0
    23  -.6573531211670156E-01   4   0 0  0 2  0 1  1 0
    24  -.3297631896331459E-01   4   0 2  0 0  0 0  2 0
    25  -.3297631896331459E-01   4   0 0  0 2  0 0  2 0
    26  -.4779435601596996E-01   4   0 0  0 0  0 4  0 0
    27  0.2733463404610849E-01   4   0 0  0 0  0 3  1 0
    28  0.8217072470778287E-02   4   0 0  0 0  0 2  2 0
    29  0.5531833244698530E-02   4   0 0  0 0  0 1  3 0
    30  0.6710816254384575E-02   4   0 0  0 0  0 0  4 0
    ---------------------------------------------------
     I  COEFFICIENT            ORDER EXPONENTS
     1   1.000000000000000       1   0 0  0 0  0 1  0 0
     --------------------------------------------------
     I  COEFFICIENT            ORDER EXPONENTS
     1   1.000000000000000       1   0 0  0 0  0 0  1 0
     --------------------------------------------------
     I  COEFFICIENT            ORDER EXPONENTS
     1   1.000000000000000       1   0 0  0 0  0 0  0 1
     --------------------------------------------------
