     I  COEFFICIENT            ORDER EXPONENTS
     1  -.5553024975483317E-04   0   0 0  0 0  0 0  0 0  0
     2  0.8255534664964567       1   1 0  0 0  0 0  0 0  0
     3  0.2841652515606652       1   0 1  0 0  0 0  0 0  0
     4  -.2376086803491142E-04   1   0 0  1 0  0 0  0 0  0
     5  -.1819447846269963E-05   1   0 0  0 1  0 0  0 0  0
     6  -.3123258467177742E-05   1   0 0  0 0  0 1  0 0  0
     7  -.3112828129732784E-05   1   0 0  0 0  0 0  1 0  0
     8  0.6236086596910563E-05   1   0 0  0 0  0 0  0 1  0
     9  -.1360068661984664E-03   2   2 0  0 0  0 0  0 0  0
    10  0.3172086111305872E-04   2   1 1  0 0  0 0  0 0  0
    11  0.1364119567157980E-04   2   0 2  0 0  0 0  0 0  0
    12  -.1440911463775951E-03   2   1 0  1 0  0 0  0 0  0
    13  0.2962470540316534E-04   2   0 1  1 0  0 0  0 0  0
    14  0.1352578412813594E-03   2   0 0  2 0  0 0  0 0  0
    15  0.8600478552885611E-06   2   1 0  0 1  0 0  0 0  0
    16  0.2164471058065037E-05   2   0 1  0 1  0 0  0 0  0
    17  0.1023397340773514E-04   2   0 0  1 1  0 0  0 0  0
    18  0.7933035856316883E-05   2   0 0  0 2  0 0  0 0  0
    19  0.8495240896388866E-01   2   1 0  0 0  0 1  0 0  0
    20  -.1354637279028176       2   0 1  0 0  0 1  0 0  0
    21  0.1191797640572929E-04   2   0 0  1 0  0 1  0 0  0
    22  0.1826113522621568E-05   2   0 0  0 1  0 1  0 0  0
    23  0.8466870452457746E-01   2   1 0  0 0  0 0  1 0  0
    24  -.1350113374239555       2   0 1  0 0  0 0  1 0  0
    25  0.1187817550007929E-04   2   0 0  1 0  0 0  1 0  0
    26  0.1820015090341999E-05   2   0 0  0 1  0 0  1 0  0
    27  -.1696211134884663       2   1 0  0 0  0 0  0 1  0
    28  -.1369018623389219E-01   2   0 1  0 0  0 0  0 1  0
    29  -.2379615190580854E-04   2   0 0  1 0  0 0  0 1  0
    30  -.1826680766693625E-05   2   0 0  0 1  0 0  0 1  0
    31  0.2314668595335026E-05   2   0 0  0 0  0 2  0 0  0
    32  0.1511443109324854E-05   2   0 0  0 0  0 1  1 0  0
    33  0.2304414815387507E-05   2   0 0  0 0  0 0  2 0  0
    34  -.3017515471659684E-05   2   0 0  0 0  0 1  0 1  0
    35  -.3007438270254329E-05   2   0 0  0 0  0 0  1 1  0
    36  -.1055652795920275E-06   2   0 0  0 0  0 0  0 2  0
    37  0.7343659552967666E-01   3   3 0  0 0  0 0  0 0  0
    38  -.2915192122937983       3   2 1  0 0  0 0  0 0  0
    39  -.2795342701696714       3   1 2  0 0  0 0  0 0  0
    40  0.1126389011065079       3   0 3  0 0  0 0  0 0  0
    41  0.5932231632403222E-04   3   2 0  1 0  0 0  0 0  0
    42  0.6731041660539430E-04   3   1 1  1 0  0 0  0 0  0
    43  -.2838242661884539E-04   3   0 2  1 0  0 0  0 0  0
    44  -.2419207900287109       3   1 0  2 0  0 0  0 0  0
    45  -.6279787492997808       3   0 1  2 0  0 0  0 0  0
    46  -.3534160080130759E-04   3   0 0  3 0  0 0  0 0  0
    47  -.4792631848248250E-04   3   2 0  0 1  0 0  0 0  0
    48  -.9496903477001777E-05   3   1 1  0 1  0 0  0 0  0
    49  -.5165136847151467E-05   3   0 2  0 1  0 0  0 0  0
    50  -.1615657891243816       3   1 0  1 1  0 0  0 0  0
    51  -.3369026592213145E-01   3   0 1  1 1  0 0  0 0  0
    52  -.1212956562453161E-03   3   0 0  2 1  0 0  0 0  0
    53  -.1748539525547000       3   1 0  0 2  0 0  0 0  0
    54  0.1207290728976586       3   0 1  0 2  0 0  0 0  0
    55  -.4394843344154704E-04   3   0 0  1 2  0 0  0 0  0
    56  -.4870224911109275E-05   3   0 0  0 3  0 0  0 0  0
    57  0.6773107463131054E-04   3   2 0  0 0  0 1  0 0  0
    58  -.1923396307523822E-04   3   1 1  0 0  0 1  0 0  0
    59  -.1894996583804035E-04   3   0 2  0 0  0 1  0 0  0
    60  0.6863623021538052E-04   3   1 0  1 0  0 1  0 0  0
    61  -.3030683885363726E-04   3   0 1  1 0  0 1  0 0  0
    62  -.7400066948387739E-04   3   0 0  2 0  0 1  0 0  0
    63  -.1188046172284166E-05   3   1 0  0 1  0 1  0 0  0
    64  -.3466647225070688E-05   3   0 1  0 1  0 1  0 0  0
    65  -.1534990682019119E-04   3   0 0  1 1  0 1  0 0  0
    66  -.1202068169836409E-04   3   0 0  0 2  0 1  0 0  0
    67  0.6750488202786840E-04   3   2 0  0 0  0 0  1 0  0
    68  -.1916972992662548E-04   3   1 1  0 0  0 0  1 0  0
    69  -.1888668111782339E-04   3   0 2  0 0  0 0  1 0  0
    70  0.6840701478232593E-04   3   1 0  1 0  0 0  1 0  0
    71  -.3020562707130957E-04   3   0 1  1 0  0 0  1 0  0
    72  -.7375353913524307E-04   3   0 0  2 0  0 0  1 0  0
    73  -.1184078610006844E-05   3   1 0  0 1  0 0  1 0  0
    74  -.3455070117143266E-05   3   0 1  0 1  0 0  1 0  0
    75  -.1529864474580131E-04   3   0 0  1 1  0 0  1 0  0
    76  -.1198053780129328E-04   3   0 0  0 2  0 0  1 0  0
    77  -.1352359566591792E-03   3   2 0  0 0  0 0  0 1  0
    78  0.6682831888804959E-05   3   1 1  0 0  0 0  0 1  0
    79  0.1055425561270460E-04   3   0 2  0 0  0 0  0 1  0
    80  -.1370432449977057E-03   3   1 0  1 0  0 0  0 1  0
    81  0.3088776052178129E-04   3   0 1  1 0  0 0  0 1  0
    82  0.1477542086191199E-03   3   0 0  2 0  0 0  0 1  0
    83  0.1512076927002158E-05   3   1 0  0 1  0 0  0 1  0
    84  0.2592775226084085E-05   3   0 1  0 1  0 0  0 1  0
    85  0.2041457815825713E-04   3   0 0  1 1  0 0  0 1  0
    86  0.8135147787023731E-05   3   0 0  0 2  0 0  0 1  0
    87  -.6247719564686838E-01   3   1 0  0 0  0 2  0 0  0
    88  0.9811927153047904E-01   3   0 1  0 0  0 2  0 0  0
    89  -.8932126892904043E-05   3   0 0  1 0  0 2  0 0  0
    90  -.1835124767926071E-05   3   0 0  0 1  0 2  0 0  0
    91  -.4015117194239971E-01   3   1 0  0 0  0 1  1 0  0
    92  0.6102275214241509E-01   3   0 1  0 0  0 1  1 0  0
    93  -.5969826966213837E-05   3   0 0  1 0  0 1  1 0  0
    94  -.1836813782068645E-05   3   0 0  0 1  0 1  1 0  0
    95  -.6220150492887500E-01   3   1 0  0 0  0 0  2 0  0
    96  0.9768970059539725E-01   3   0 1  0 0  0 0  2 0  0
    97  -.8892329113189979E-05   3   0 0  1 0  0 0  2 0  0
    98  -.1825929158702539E-05   3   0 0  0 1  0 0  2 0  0
    99  0.8015321929296086E-01   3   1 0  0 0  0 1  0 1  0
   100  0.1366608073907726E-01   3   0 1  0 0  0 1  0 1  0
   101  0.1192535755115959E-04   3   0 0  1 0  0 1  0 1  0
   102  0.1824249698778018E-05   3   0 0  0 1  0 1  0 1  0
   103  0.7988554207914393E-01   3   1 0  0 0  0 0  1 1  0
   104  0.1362044191822516E-01   3   0 1  0 0  0 0  1 1  0
   105  0.1188553199566444E-04   3   0 0  1 0  0 0  1 1  0
   106  0.1818157490866949E-05   3   0 0  0 1  0 0  1 1  0
   107  0.4791158128591255E-02   3   1 0  0 0  0 0  0 2  0
   108  0.4691290066051971E-04   3   0 1  0 0  0 0  0 2  0
   109  -.1225236503253256E-07   3   0 0  1 0  0 0  0 2  0
   110  0.9617306101278052E-09   3   0 0  0 1  0 0  0 2  0
   111  -.1911063062073200E-05   3   0 0  0 0  0 3  0 0  0
   112  -.1105215605083834E-05   3   0 0  0 0  0 2  1 0  0
   113  -.1109220409657786E-05   3   0 0  0 0  0 1  2 0  0
   114  -.1899650598116369E-05   3   0 0  0 0  0 0  3 0  0
   115  0.2209077832911976E-05   3   0 0  0 0  0 2  0 1  0
   116  0.1406006207432609E-05   3   0 0  0 0  0 1  1 1  0
   117  0.2199352737458871E-05   3   0 0  0 0  0 0  2 1  0
   118  0.1054360679075544E-06   3   0 0  0 0  0 1  0 2  0
   119  0.1050839568739320E-06   3   0 0  0 0  0 0  1 2  0
   120  0.2035114675227021E-09   3   0 0  0 0  0 0  0 3  0
   121  -.2898248757084993E-03   4   4 0  0 0  0 0  0 0  0
   122  0.8054146207503851E-04   4   3 1  0 0  0 0  0 0  0
   123  0.2890244333011899E-04   4   2 2  0 0  0 0  0 0  0
   124  -.1567585098605057E-03   4   1 3  0 0  0 0  0 0  0
   125  0.7767796281576416E-04   4   0 4  0 0  0 0  0 0  0
   126  -.2099824693389633E-03   4   3 0  1 0  0 0  0 0  0
   127  0.9930408403138107E-04   4   2 1  1 0  0 0  0 0  0
   128  -.8967270185888174E-04   4   1 2  1 0  0 0  0 0  0
   129  0.4008636532531569E-04   4   0 3  1 0  0 0  0 0  0
   130  -.8399963701909768E-03   4   2 0  2 0  0 0  0 0  0
   131  -.1013963597681396E-03   4   1 1  2 0  0 0  0 0  0
   132  -.1549934304595708E-03   4   0 2  2 0  0 0  0 0  0
   133  -.8190059835945416E-03   4   1 0  3 0  0 0  0 0  0
   134  0.1058513824882138E-03   4   0 1  3 0  0 0  0 0  0
   135  -.4992293032141195E-07   4   0 0  4 0  0 0  0 0  0
   136  -.1458796040085416E-03   4   3 0  0 1  0 0  0 0  0
   137  0.9804590390451683E-04   4   2 1  0 1  0 0  0 0  0
   138  -.7835892359074578E-04   4   1 2  0 1  0 0  0 0  0
   139  0.4377348518708664E-04   4   0 3  0 1  0 0  0 0  0
   140  -.4689127056553005E-03   4   2 0  1 1  0 0  0 0  0
   141  0.2097321544956780E-03   4   1 1  1 1  0 0  0 0  0
   142  0.4030744789667126E-04   4   0 2  1 1  0 0  0 0  0
   143  -.8171309887794840E-03   4   1 0  2 1  0 0  0 0  0
   144  0.4228280850496480E-03   4   0 1  2 1  0 0  0 0  0
   145  -.6940619744699516E-07   4   0 0  3 1  0 0  0 0  0
   146  -.2003562204041604E-03   4   2 0  0 2  0 0  0 0  0
   147  -.1792599863506468E-03   4   1 1  0 2  0 0  0 0  0
   148  0.1049057298339904E-03   4   0 2  0 2  0 0  0 0  0
   149  -.4045121406616721E-03   4   1 0  1 2  0 0  0 0  0
   150  0.1072524635674597E-03   4   0 1  1 2  0 0  0 0  0
   151  -.6524023181216273E-04   4   0 0  2 2  0 0  0 0  0
   152  -.1051255755390846E-03   4   1 0  0 3  0 0  0 0  0
   153  0.4979039513898126E-04   4   0 1  0 3  0 0  0 0  0
   154  -.3513134069125752E-05   4   0 0  1 3  0 0  0 0  0
   155  0.1991211676152867E-04   4   0 0  0 4  0 0  0 0  0
   156  -.3203335007097421E-01   4   3 0  0 0  0 1  0 0  0
   157  0.1637428214510850       4   2 1  0 0  0 1  0 0  0
   158  0.3841435362477659       4   1 2  0 0  0 1  0 0  0
   159  -.1530240063451619       4   0 3  0 0  0 1  0 0  0
   160  -.5131210106304512E-04   4   2 0  1 0  0 1  0 0  0
   161  -.9800838898185694E-04   4   1 1  1 0  0 1  0 0  0
   162  0.3918221270311849E-04   4   0 2  1 0  0 1  0 0  0
   163  0.2518637543403998       4   1 0  2 0  0 1  0 0  0
   164  0.6465710008865876       4   0 1  2 0  0 1  0 0  0
   165  0.4060791618483190E-04   4   0 0  3 0  0 1  0 0  0
   166  0.3449452116676831E-04   4   2 0  0 1  0 1  0 0  0
   167  0.7695604994779617E-05   4   1 1  0 1  0 1  0 0  0
   168  0.9788441575630060E-05   4   0 2  0 1  0 1  0 0  0
   169  0.2376041627207419       4   1 0  1 1  0 1  0 0  0
   170  0.6786914935658155E-01   4   0 1  1 1  0 1  0 0  0
   171  0.1445982415466978E-03   4   0 0  2 1  0 1  0 0  0
   172  0.2600694594879907       4   1 0  0 2  0 1  0 0  0
   173  -.1665314303136612       4   0 1  0 2  0 1  0 0  0
   174  0.7046493346648856E-04   4   0 0  1 2  0 1  0 0  0
   175  0.9965246448996009E-05   4   0 0  0 3  0 1  0 0  0
   176  -.3192637248514704E-01   4   3 0  0 0  0 0  1 0  0
   177  0.1631959909854452       4   2 1  0 0  0 0  1 0  0
   178  0.3828606623670206       4   1 2  0 0  0 0  1 0  0
   179  -.1525129721031575       4   0 3  0 0  0 0  1 0  0
   180  -.5114074075626233E-04   4   2 0  1 0  0 0  1 0  0
   181  -.9768108319520523E-04   4   1 1  1 0  0 0  1 0  0
   182  0.3905136099659857E-04   4   0 2  1 0  0 0  1 0  0
   183  0.2510226379308769       4   1 0  2 0  0 0  1 0  0
   184  0.6444117323559057       4   0 1  2 0  0 0  1 0  0
   185  0.4047230324302909E-04   4   0 0  3 0  0 0  1 0  0
   186  0.3437932433001844E-04   4   2 0  0 1  0 0  1 0  0
   187  0.7669904990190828E-05   4   1 1  0 1  0 0  1 0  0
   188  0.9755752398680074E-05   4   0 2  0 1  0 0  1 0  0
   189  0.2368106672026657       4   1 0  1 1  0 0  1 0  0
   190  0.6764249564305409E-01   4   0 1  1 1  0 0  1 0  0
   191  0.1441153457283944E-03   4   0 0  2 1  0 0  1 0  0
   192  0.2592009395591762       4   1 0  0 2  0 0  1 0  0
   193  -.1659752870960519       4   0 1  0 2  0 0  1 0  0
   194  0.7022961095257695E-04   4   0 0  1 2  0 0  1 0  0
   195  0.9931966819955514E-05   4   0 0  0 3  0 0  1 0  0
   196  0.6395972255611959E-01   4   3 0  0 0  0 0  0 1  0
   197  -.3541960014273067E-01   4   2 1  0 0  0 0  0 1  0
   198  -.2079356582754435       4   1 2  0 0  0 0  0 1  0
   199  -.3237972487120507E-01   4   0 3  0 0  0 0  0 1  0
   200  0.1024528418193071E-03   4   2 0  1 0  0 0  0 1  0
   201  0.1283790555716678E-03   4   1 1  1 0  0 0  0 1  0
   202  -.2146872046202630E-04   4   0 2  1 0  0 0  0 1  0
   203  -.5028863922712760       4   1 0  2 0  0 0  0 1  0
   204  -.6630039839427100       4   0 1  2 0  0 0  0 1  0
   205  -.8108021942786039E-04   4   0 0  3 0  0 0  0 1  0
   206  -.2094752701430373E-04   4   2 0  0 1  0 0  0 1  0
   207  0.3628296969032917E-05   4   1 1  0 1  0 0  0 1  0
   208  -.4048783432855674E-05   4   0 2  0 1  0 0  0 1  0
   209  -.3128490407990314       4   1 0  1 1  0 0  0 1  0
   210  -.6813111315537110E-01   4   0 1  1 1  0 0  0 1  0
   211  -.1674179310297753E-03   4   0 0  2 1  0 0  0 1  0
   212  -.1695624939377657       4   1 0  0 2  0 0  0 1  0
   213  -.2968050128326360E-01   4   0 1  0 2  0 0  0 1  0
   214  -.5279767753597049E-04   4   0 0  1 2  0 0  0 1  0
   215  -.5286538535623762E-05   4   0 0  0 3  0 0  0 1  0
   216  -.6435747703219022E-04   4   2 0  0 0  0 2  0 0  0
   217  -.1776666363878351E-03   4   1 1  0 0  0 2  0 0  0
   218  0.1229687471125103E-03   4   0 2  0 0  0 2  0 0  0
   219  -.8897350684228109E-04   4   1 0  1 0  0 2  0 0  0
   220  0.1133286734219906E-04   4   0 1  1 0  0 2  0 0  0
   221  -.8352817385966643E-04   4   0 0  2 0  0 2  0 0  0
   222  -.8108972403689921E-04   4   1 0  0 1  0 2  0 0  0
   223  0.5253518074999006E-04   4   0 1  0 1  0 2  0 0  0
   224  -.7949368070480129E-05   4   0 0  1 1  0 2  0 0  0
   225  0.4875592106757424E-04   4   0 0  0 2  0 2  0 0  0
   226  -.2912908293789812E-04   4   2 0  0 0  0 1  1 0  0
   227  -.2082411352994180E-03   4   1 1  0 0  0 1  1 0  0
   228  0.1392146652982924E-03   4   0 2  0 0  0 1  1 0  0
   229  -.7703477914900531E-04   4   1 0  1 0  0 1  1 0  0
   230  0.7395631630864985E-05   4   0 1  1 0  0 1  1 0  0
   231  -.1015898294042761E-03   4   0 0  2 0  0 1  1 0  0
   232  -.9670782094593834E-04   4   1 0  0 1  0 1  1 0  0
   233  0.6004245969129767E-04   4   0 1  0 1  0 1  1 0  0
   234  -.1235182229827181E-04   4   0 0  1 1  0 1  1 0  0
   235  0.5605938426793515E-04   4   0 0  0 2  0 1  1 0  0
   236  -.6409391149848444E-04   4   2 0  0 0  0 0  2 0  0
   237  -.1767255885505630E-03   4   1 1  0 0  0 0  2 0  0
   238  0.1223256259885792E-03   4   0 2  0 0  0 0  2 0  0
   239  -.8854774218502975E-04   4   1 0  1 0  0 0  2 0  0
   240  0.1128267133728640E-04   4   0 1  1 0  0 0  2 0  0
   241  -.8307959262469333E-04   4   0 0  2 0  0 0  2 0  0
   242  -.8065743807586645E-04   4   1 0  0 1  0 0  2 0  0
   243  0.5225947791277533E-04   4   0 1  0 1  0 0  2 0  0
   244  -.7902195724575009E-05   4   0 0  1 1  0 0  2 0  0
   245  0.4849949020697600E-04   4   0 0  0 2  0 0  2 0  0
   246  0.2400962544304025E-04   4   2 0  0 0  0 1  0 1  0
   247  0.1102348561039766E-03   4   1 1  0 0  0 1  0 1  0
   248  0.3003038815658177E-04   4   0 2  0 0  0 1  0 1  0
   249  0.1241525222995771E-03   4   1 0  1 0  0 1  0 1  0
   250  -.8013524531332144E-05   4   0 1  1 0  0 1  0 1  0
   251  0.6899463307105277E-04   4   0 0  2 0  0 1  0 1  0
   252  0.6279131488400239E-04   4   1 0  0 1  0 1  0 1  0
   253  0.1166778869114384E-04   4   0 1  0 1  0 1  0 1  0
   254  0.7102283417883335E-05   4   0 0  1 1  0 1  0 1  0
   255  0.5221282521296037E-05   4   0 0  0 2  0 1  0 1  0
   256  0.2392944363998764E-04   4   2 0  0 0  0 0  1 1  0
   257  0.1098667191856132E-03   4   1 1  0 0  0 0  1 1  0
   258  0.2993009960045762E-04   4   0 2  0 0  0 0  1 1  0
   259  0.1237379063733467E-03   4   1 0  1 0  0 0  1 1  0
   260  -.7986762812485093E-05   4   0 1  1 0  0 0  1 1  0
   261  0.6876422072689879E-04   4   0 0  2 0  0 0  1 1  0
   262  0.6258161894953700E-04   4   1 0  0 1  0 0  1 1  0
   263  0.1162882330465280E-04   4   0 1  0 1  0 0  1 1  0
   264  0.7078564851694642E-05   4   0 0  1 1  0 0  1 1  0
   265  0.5203845687564597E-05   4   0 0  0 2  0 0  1 1  0
   266  0.4908851319782450E-04   4   2 0  0 0  0 0  0 2  0
   267  0.1424291627299044E-04   4   1 1  0 0  0 0  0 2  0
   268  0.7780226696623755E-06   4   0 2  0 0  0 0  0 2  0
   269  -.1362339642751577E-04   4   1 0  1 0  0 0  0 2  0
   270  -.3402588348115812E-05   4   0 1  1 0  0 0  0 2  0
   271  -.4032529531164355E-08   4   0 0  2 0  0 0  0 2  0
   272  0.1289406992276087E-05   4   1 0  0 1  0 0  0 2  0
   273  -.1040339702464211E-06   4   0 1  0 1  0 0  0 2  0
   274  -.8940038605461304E-09   4   0 0  1 1  0 0  0 2  0
   275  0.4829690146945525E-08   4   0 0  0 2  0 0  0 2  0
   276  0.5126250658160558E-01   4   1 0  0 0  0 3  0 0  0
   277  -.7948409797083170E-01   4   0 1  0 0  0 3  0 0  0
   278  0.7447331171879941E-05   4   0 0  1 0  0 3  0 0  0
   279  0.1826668012301823E-05   4   0 0  0 1  0 3  0 0  0
   280  0.2887090451394719E-01   4   1 0  0 0  0 2  1 0  0
   281  -.4227654409997732E-01   4   0 1  0 0  0 2  1 0  0
   282  0.4479992147759454E-05   4   0 0  1 0  0 2  1 0  0
   283  0.1817807797500722E-05   4   0 0  0 1  0 2  1 0  0
   284  0.2898221439253683E-01   4   1 0  0 0  0 1  2 0  0
   285  -.4246160019931131E-01   4   0 1  0 0  0 1  2 0  0
   286  0.4494732011279200E-05   4   0 0  1 0  0 1  2 0  0
   287  0.1817821622969944E-05   4   0 0  0 1  0 1  2 0  0
   288  0.5095766831675905E-01   4   1 0  0 0  0 0  3 0  0
   289  -.7901557852489867E-01   4   0 1  0 0  0 0  3 0  0
   290  0.7402569355461016E-05   4   0 0  1 0  0 0  3 0  0
   291  0.1814492409648847E-05   4   0 0  0 1  0 0  3 0  0
   292  -.5770396931560204E-01   4   1 0  0 0  0 2  0 1  0
   293  -.1362906159854578E-01   4   0 1  0 0  0 2  0 1  0
   294  -.8950457069083456E-05   4   0 0  1 0  0 2  0 1  0
   295  -.1825193140660491E-05   4   0 0  0 1  0 2  0 1  0
   296  -.3540376705444229E-01   4   1 0  0 0  0 1  1 1  0
   297  -.1359213729997348E-01   4   0 1  0 0  0 1  1 1  0
   298  -.5995293358085399E-05   4   0 0  1 0  0 1  1 1  0
   299  -.1826109935554756E-05   4   0 0  0 1  0 1  1 1  0
   300  -.5745214626005300E-01   4   1 0  0 0  0 0  2 1  0
   301  -.1356085046485712E-01   4   0 1  0 0  0 0  2 1  0
   302  -.8910555551091988E-05   4   0 0  1 0  0 0  2 1  0
   303  -.1816048571909903E-05   4   0 0  0 1  0 0  2 1  0
   304  -.4747384196031934E-02   4   1 0  0 0  0 1  0 2  0
   305  -.7400152400201333E-04   4   0 1  0 0  0 1  0 2  0
   306  0.1898832401134359E-07   4   0 0  1 0  0 1  0 2  0
   307  -.1924576635621723E-08   4   0 0  0 1  0 1  0 2  0
   308  -.4731529978500540E-02   4   1 0  0 0  0 0  1 2  0
   309  -.7375439079965047E-04   4   0 1  0 0  0 0  1 2  0
   310  0.1892491119135500E-07   4   0 0  1 0  0 0  1 2  0
   311  -.1918149378975570E-08   4   0 0  0 1  0 0  1 2  0
   312  -.3446736088366257E-04   4   1 0  0 0  0 0  0 3  0
   313  0.2339070939964997E-05   4   0 1  0 0  0 0  0 3  0
   314  -.4469501622418713E-08   4   0 0  1 0  0 0  0 3  0
   315  0.3191780496881875E-09   4   0 0  0 1  0 0  0 3  0
   316  0.1486452143704414E-04   4   0 0  0 0  0 4  0 0  0
   317  0.7283027679347883E-05   4   0 0  0 0  0 3  1 0  0
   318  0.6280747404819533E-05   4   0 0  0 0  0 2  2 0  0
   319  0.7336640535597711E-05   4   0 0  0 0  0 1  3 0  0
   320  0.1475321948254968E-04   4   0 0  0 0  0 0  4 0  0
   321  0.1948887442782260E-05   4   0 0  0 0  0 3  0 1  0
   322  0.2294226730075346E-05   4   0 0  0 0  0 2  1 1  0
   323  0.2292464200360956E-05   4   0 0  0 0  0 1  2 1  0
   324  0.1935306741769271E-05   4   0 0  0 0  0 0  3 1  0
   325  0.8911865760674882E-08   4   0 0  0 0  0 2  0 2  0
   326  0.1291665010887922E-07   4   0 0  0 0  0 1  1 2  0
   327  0.8860535946481917E-08   4   0 0  0 0  0 0  2 2  0
   328  -.2433241878208564E-09   4   0 0  0 0  0 1  0 3  0
   329  -.2425115898837468E-09   4   0 0  0 0  0 0  1 3  0
   330  0.1180259378664084E-15   4   0 0  0 0  0 0  0 4  0
   -------------------------------------------------------
     I  COEFFICIENT            ORDER EXPONENTS
     1  0.5864877014730285E-04   0   0 0  0 0  0 0  0 0  0
     2  -1.120691168040013       1   1 0  0 0  0 0  0 0  0
     3  0.8255534494147688       1   0 1  0 0  0 0  0 0  0
     4  -.1599508584212669E-03   1   0 0  1 0  0 0  0 0  0
     5  -.2376506273594598E-04   1   0 0  0 1  0 0  0 0  0
     6  0.1314657714253918E-05   1   0 0  0 0  0 1  0 0  0
     7  0.1310267323984190E-05   1   0 0  0 0  0 0  1 0  0
     8  0.5602384510906466E-04   1   0 0  0 0  0 0  0 1  0
     9  0.7654472939051643E-04   2   2 0  0 0  0 0  0 0  0
    10  0.2816477158748477E-03   2   1 1  0 0  0 0  0 0  0
    11  0.1409562627644697E-04   2   0 2  0 0  0 0  0 0  0
    12  0.2725120055265943E-03   2   1 0  1 0  0 0  0 0  0
    13  0.1976776183906049E-03   2   0 1  1 0  0 0  0 0  0
    14  -.7474272553773946E-05   2   0 0  2 0  0 0  0 0  0
    15  0.1698312264692663E-03   2   1 0  0 1  0 0  0 0  0
    16  0.5465701519794614E-04   2   0 1  0 1  0 0  0 0  0
    17  -.1933743034410316E-03   2   0 0  1 1  0 0  0 0  0
    18  -.3690314894722087E-05   2   0 0  0 2  0 0  0 0  0
    19  -.4063651346203452E-01   2   1 0  0 0  0 1  0 0  0
    20  0.8495241960675040E-01   2   0 1  0 0  0 1  0 0  0
    21  0.2709169852740623E-06   2   0 0  1 0  0 1  0 0  0
    22  0.1192034225670727E-04   2   0 0  0 1  0 1  0 0  0
    23  -.4050080501764886E-01   2   1 0  0 0  0 0  1 0  0
    24  0.8466871513189649E-01   2   0 1  0 0  0 0  1 0  0
    25  0.2700122392834185E-06   2   0 0  1 0  0 0  1 0  0
    26  0.1188053345013450E-04   2   0 0  0 1  0 0  1 0  0
    27  -1.039553849560329       2   1 0  0 0  0 0  0 1  0
    28  -.1696211347386464       2   0 1  0 0  0 0  0 1  0
    29  -.1604917876458243E-03   2   0 0  1 0  0 0  0 1  0
    30  -.2380087570684165E-04   2   0 0  0 1  0 0  0 1  0
    31  -.9738933465604736E-06   2   0 0  0 0  0 2  0 0  0
    32  -.6353889684049975E-06   2   0 0  0 0  0 1  1 0  0
    33  -.9695799996688519E-06   2   0 0  0 0  0 0  2 0  0
    34  0.2583171718530365E-05   2   0 0  0 0  0 1  0 1  0
    35  0.2574545038098490E-05   2   0 0  0 0  0 0  1 1  0
    36  -.2578856719048881E-05   2   0 0  0 0  0 0  0 2  0
    37  -.8868668556497555       3   3 0  0 0  0 0  0 0  0
    38  -.7403815679745924       3   2 1  0 0  0 0  0 0  0
    39  0.4161397832940603       3   1 2  0 0  0 0  0 0  0
    40  -.1198279999063997E-01   3   0 3  0 0  0 0  0 0  0
    41  0.6204480239193006E-03   3   2 0  1 0  0 0  0 0  0
    42  0.2009294157177575E-03   3   1 1  1 0  0 0  0 0  0
    43  0.1947878011172861E-04   3   0 2  1 0  0 0  0 0  0
    44  -4.294243274994915       3   1 0  2 0  0 0  0 0  0
    45  -.3837251450301384       3   0 1  2 0  0 0  0 0  0
    46  -.1628705216896578E-03   3   0 0  3 0  0 0  0 0  0
    47  0.7646496701300929E-04   3   2 0  0 1  0 0  0 0  0
    48  0.1917563790031234E-03   3   1 1  0 1  0 0  0 0  0
    49  0.1536141320229244E-04   3   0 2  0 1  0 0  0 0  0
    50  -1.827250952641043       3   1 0  1 1  0 0  0 0  0
    51  -.4216607138916973       3   0 1  1 1  0 0  0 0  0
    52  -.6749651227562683E-04   3   0 0  2 1  0 0  0 0  0
    53  -.6392793433194103       3   1 0  0 2  0 0  0 0  0
    54  -.2090835686314754       3   0 1  0 2  0 0  0 0  0
    55  -.1345077277481865E-04   3   0 0  1 2  0 0  0 0  0
    56  -.1285046053301184E-04   3   0 0  0 3  0 0  0 0  0
    57  -.1799447502589350E-04   3   2 0  0 0  0 1  0 0  0
    58  -.1494127004143482E-03   3   1 1  0 0  0 1  0 0  0
    59  -.1723600985427008E-04   3   0 2  0 0  0 1  0 0  0
    60  -.1334536333746439E-03   3   1 0  1 0  0 1  0 0  0
    61  -.1251198483904316E-03   3   0 1  1 0  0 1  0 0  0
    62  -.5395146755030008E-05   3   0 0  2 0  0 1  0 0  0
    63  -.9270889244501565E-04   3   1 0  0 1  0 1  0 0  0
    64  -.5970049182478276E-04   3   0 1  0 1  0 1  0 0  0
    65  0.6866561147928947E-04   3   0 0  1 1  0 1  0 0  0
    66  0.2404245587761539E-05   3   0 0  0 2  0 1  0 0  0
    67  -.1793438123326102E-04   3   2 0  0 0  0 0  1 0  0
    68  -.1489137263780141E-03   3   1 1  0 0  0 0  1 0  0
    69  -.1717844900848272E-04   3   0 2  0 0  0 0  1 0  0
    70  -.1330079557453416E-03   3   1 0  1 0  0 0  1 0  0
    71  -.1247020020118857E-03   3   0 1  1 0  0 0  1 0  0
    72  -.5377129289677423E-05   3   0 0  2 0  0 0  1 0  0
    73  -.9239928469320436E-04   3   1 0  0 1  0 0  1 0  0
    74  -.5950111790747653E-04   3   0 1  0 1  0 0  1 0  0
    75  0.6843629792547424E-04   3   0 0  1 1  0 0  1 0  0
    76  0.2396216443505760E-05   3   0 0  0 2  0 0  1 0  0
    77  0.1124735856496702E-03   3   2 0  0 0  0 0  0 1  0
    78  0.2983264267923623E-03   3   1 1  0 0  0 0  0 1  0
    79  0.2031883258630544E-04   3   0 2  0 0  0 0  0 1  0
    80  0.5389735946465793E-03   3   1 0  1 0  0 0  0 1  0
    81  0.2498218504023168E-03   3   0 1  1 0  0 0  0 1  0
    82  0.3298003490932581E-05   3   0 0  2 0  0 0  0 1  0
    83  0.1851081771382199E-03   3   1 0  0 1  0 0  0 1  0
    84  0.6454459453431387E-04   3   0 1  0 1  0 0  0 1  0
    85  -.1371019094047646E-03   3   0 0  1 1  0 0  0 1  0
    86  -.1110147136544203E-05   3   0 0  0 2  0 0  0 1  0
    87  0.2997195337719720E-01   3   1 0  0 0  0 2  0 0  0
    88  -.6247722008068971E-01   3   0 1  0 0  0 2  0 0  0
    89  -.2428668163282861E-06   3   0 0  1 0  0 2  0 0  0
    90  -.8912186473087468E-05   3   0 0  0 1  0 2  0 0  0
    91  0.1937816757855469E-01   3   1 0  0 0  0 1  1 0  0
    92  -.4015119410605728E-01   3   0 1  0 0  0 1  1 0  0
    93  -.2377250443814520E-06   3   0 0  1 0  0 1  1 0  0
    94  -.5945175599272404E-05   3   0 0  0 1  0 1  1 0  0
    95  0.2983950260329862E-01   3   1 0  0 0  0 0  2 0  0
    96  -.6220152924408923E-01   3   0 1  0 0  0 0  2 0  0
    97  -.2416587962095268E-06   3   0 0  1 0  0 0  2 0  0
    98  -.8872496448254668E-05   3   0 0  0 1  0 0  2 0  0
    99  -.7932207642233451E-01   3   1 0  0 0  0 1  0 1  0
   100  0.8015323476348730E-01   3   0 1  0 0  0 1  0 1  0
   101  0.7628032903961884E-06   3   0 0  1 0  0 1  0 1  0
   102  0.1190887515736108E-04   3   0 0  0 1  0 1  0 1  0
   103  -.7905717486755987E-01   3   1 0  0 0  0 0  1 1  0
   104  0.7988555749800558E-01   3   0 1  0 0  0 0  1 1  0
   105  0.7602558561039092E-06   3   0 0  1 0  0 0  1 1  0
   106  0.1186910464595885E-04   3   0 0  0 1  0 0  1 1  0
   107  0.7918961986995883E-01   3   1 0  0 0  0 0  0 2  0
   108  0.4791162531538665E-02   3   0 1  0 0  0 0  0 2  0
   109  -.7898039327083582E-06   3   0 0  1 0  0 0  0 2  0
   110  -.1172889420608131E-07   3   0 0  0 1  0 0  0 2  0
   111  0.8038428571181371E-06   3   0 0  0 0  0 3  0 0  0
   112  0.4643170672697949E-06   3   0 0  0 0  0 2  1 0  0
   113  0.4660044244671042E-06   3   0 0  0 0  0 1  2 0  0
   114  0.7990434186825151E-06   3   0 0  0 0  0 0  3 0  0
   115  -.1901958138641222E-05   3   0 0  0 0  0 2  0 1  0
   116  -.1225265668990354E-05   3   0 0  0 0  0 1  1 1  0
   117  -.1893560488346994E-05   3   0 0  0 0  0 0  2 1  0
   118  0.1223007478264068E-05   3   0 0  0 0  0 1  0 2  0
   119  0.1218923160289729E-05   3   0 0  0 0  0 0  1 2  0
   120  0.4564202683168648E-07   3   0 0  0 0  0 0  0 3  0
   121  -.2473803362565013E-03   4   4 0  0 0  0 0  0 0  0
   122  0.6529933065813137E-03   4   3 1  0 0  0 0  0 0  0
   123  0.3211369971621165E-03   4   2 2  0 0  0 0  0 0  0
   124  0.1077321055106573E-03   4   1 3  0 0  0 0  0 0  0
   125  0.7695782986458564E-05   4   0 4  0 0  0 0  0 0  0
   126  -.4060357927477758E-07   4   3 0  1 0  0 0  0 0  0
   127  0.3339121631144957E-03   4   2 1  1 0  0 0  0 0  0
   128  0.7120677677509479E-04   4   1 2  1 0  0 0  0 0  0
   129  -.8354868626141547E-05   4   0 3  1 0  0 0  0 0  0
   130  -.1889306105381214E-03   4   2 0  2 0  0 0  0 0  0
   131  0.2213336329771203E-02   4   1 1  2 0  0 0  0 0  0
   132  -.1789779181114809E-03   4   0 2  2 0  0 0  0 0  0
   133  -.1368941333783741E-06   4   1 0  3 0  0 0  0 0  0
   134  0.5396844817612608E-03   4   0 1  3 0  0 0  0 0  0
   135  0.4215851496674509E-03   4   0 0  4 0  0 0  0 0  0
   136  -.1378691880744948E-06   4   3 0  0 1  0 0  0 0  0
   137  -.1032762382340075E-06   4   2 1  0 1  0 0  0 0  0
   138  -.8036705323193154E-04   4   1 2  0 1  0 0  0 0  0
   139  -.2626692996717428E-04   4   0 3  0 1  0 0  0 0  0
   140  0.2020002133133439E-02   4   2 0  1 1  0 0  0 0  0
   141  0.1616431120728924E-02   4   1 1  1 1  0 0  0 0  0
   142  -.2540218436741065E-03   4   0 2  1 1  0 0  0 0  0
   143  0.1079380454487638E-02   4   1 0  2 1  0 0  0 0  0
   144  0.3260915885314389E-03   4   0 1  2 1  0 0  0 0  0
   145  0.5086831784018287E-03   4   0 0  3 1  0 0  0 0  0
   146  0.7862553161083577E-04   4   2 0  0 2  0 0  0 0  0
   147  0.7075477558772590E-03   4   1 1  0 2  0 0  0 0  0
   148  -.3347355523147041E-04   4   0 2  0 2  0 0  0 0  0
   149  0.1148790931103535E-03   4   1 0  1 2  0 0  0 0  0
   150  0.1772395605009411E-03   4   0 1  1 2  0 0  0 0  0
   151  0.1200169504989939E-03   4   0 0  2 2  0 0  0 0  0
   152  -.8027551516251231E-04   4   1 0  0 3  0 0  0 0  0
   153  -.2626521545271615E-04   4   0 1  0 3  0 0  0 0  0
   154  -.5133360748426429E-04   4   0 0  1 3  0 0  0 0  0
   155  -.4764101368281769E-04   4   0 0  0 4  0 0  0 0  0
   156  0.2634794088771640       4   3 0  0 0  0 1  0 0  0
   157  0.6503371469375481       4   2 1  0 0  0 1  0 0  0
   158  -.3389414295391101       4   1 2  0 0  0 1  0 0  0
   159  0.2330919559397280E-01   4   0 3  0 0  0 1  0 0  0
   160  -.3525233776982657E-03   4   2 0  1 0  0 1  0 0  0
   161  -.2227836932206917E-03   4   1 1  1 0  0 1  0 0  0
   162  -.3157989523833711E-04   4   0 2  1 0  0 1  0 0  0
   163   2.321907931549984       4   1 0  2 0  0 1  0 0  0
   164  0.4695698477923570       4   0 1  2 0  0 1  0 0  0
   165  0.7256592242116810E-04   4   0 0  3 0  0 1  0 0  0
   166  -.7526877200770826E-04   4   2 0  0 1  0 1  0 0  0
   167  -.2094422411933722E-03   4   1 1  0 1  0 1  0 0  0
   168  -.2496096863183880E-04   4   0 2  0 1  0 1  0 0  0
   169   1.792592393625521       4   1 0  1 1  0 1  0 0  0
   170  0.6487994992528908       4   0 1  1 1  0 1  0 0  0
   171  0.6153632212598335E-04   4   0 0  2 1  0 1  0 0  0
   172  0.6533487044939175       4   1 0  0 2  0 1  0 0  0
   173  0.3293518717596673       4   0 1  0 2  0 1  0 0  0
   174  0.1949065799076295E-04   4   0 0  1 2  0 1  0 0  0
   175  0.1975878071884364E-04   4   0 0  0 3  0 1  0 0  0
   176  0.2625995011867615       4   3 0  0 0  0 0  1 0  0
   177  0.6481653011019171       4   2 1  0 0  0 0  1 0  0
   178  -.3378095112168457       4   1 2  0 0  0 0  1 0  0
   179  0.2323135292479621E-01   4   0 3  0 0  0 0  1 0  0
   180  -.3513461015217135E-03   4   2 0  1 0  0 0  1 0  0
   181  -.2220396916844936E-03   4   1 1  1 0  0 0  1 0  0
   182  -.3147443199625424E-04   4   0 2  1 0  0 0  1 0  0
   183   2.314153759586101       4   1 0  2 0  0 0  1 0  0
   184  0.4680016868418894       4   0 1  2 0  0 0  1 0  0
   185  0.7232358350947989E-04   4   0 0  3 0  0 0  1 0  0
   186  -.7501740674307924E-04   4   2 0  0 1  0 0  1 0  0
   187  -.2087427943580145E-03   4   1 1  0 1  0 0  1 0  0
   188  -.2487760975247636E-04   4   0 2  0 1  0 0  1 0  0
   189   1.786605907472278       4   1 0  1 1  0 0  1 0  0
   190  0.6466327884979426       4   0 1  1 1  0 0  1 0  0
   191  0.6133081732654246E-04   4   0 0  2 1  0 0  1 0  0
   192  0.6511668013537513       4   1 0  0 2  0 0  1 0  0
   193  0.3282519784281752       4   0 1  0 2  0 0  1 0  0
   194  0.1942556759174324E-04   4   0 0  1 2  0 0  1 0  0
   195  0.1969279490544909E-04   4   0 0  0 3  0 0  1 0  0
   196  -1.412945765713680       4   3 0  0 0  0 0  0 1  0
   197  -1.298502448039463       4   2 1  0 0  0 0  0 1  0
   198  0.2606111574618968       4   1 2  0 0  0 0  0 1  0
   199  -.2257494853748837E-01   4   0 3  0 0  0 0  0 1  0
   200  0.1324317503139278E-02   4   2 0  1 0  0 0  0 1  0
   201  0.4448233849051841E-03   4   1 1  1 0  0 0  0 1  0
   202  0.4357554712286262E-04   4   0 2  1 0  0 0  0 1  0
   203  -8.930304966130990       4   1 0  2 0  0 0  0 1  0
   204  -.9375715346342418       4   0 1  2 0  0 0  0 1  0
   205  -.3077600276203043E-03   4   0 0  3 0  0 0  0 1  0
   206  0.1502861787507874E-03   4   2 0  0 1  0 0  0 1  0
   207  0.2264286565482631E-03   4   1 1  0 1  0 0  0 1  0
   208  0.1911575197973091E-04   4   0 2  0 1  0 0  0 1  0
   209  -3.579198301097794       4   1 0  1 1  0 0  0 1  0
   210  -.8737715738591314       4   0 1  1 1  0 0  0 1  0
   211  -.1228671394525234E-03   4   0 0  2 1  0 0  0 1  0
   212  -.6652361625282582       4   1 0  0 2  0 0  0 1  0
   213  -.2394367129248951       4   0 1  0 2  0 0  0 1  0
   214  -.2546545280768596E-04   4   0 0  1 2  0 0  0 1  0
   215  -.1375065455826908E-04   4   0 0  0 3  0 0  0 1  0
   216  -.1242226466228381E-03   4   2 0  0 0  0 2  0 0  0
   217  0.2087782433084121E-03   4   1 1  0 0  0 2  0 0  0
   218  0.3762655779834414E-05   4   0 2  0 0  0 2  0 0  0
   219  -.1413926506385786E-03   4   1 0  1 0  0 2  0 0  0
   220  -.8670749799839402E-06   4   0 1  1 0  0 2  0 0  0
   221  -.1390800637903008E-03   4   0 0  2 0  0 2  0 0  0
   222  -.1022030034544896E-03   4   1 0  0 1  0 2  0 0  0
   223  -.4798736866899860E-04   4   0 1  0 1  0 2  0 0  0
   224  -.2444518530914263E-03   4   0 0  1 1  0 2  0 0  0
   225  -.1034533720686081E-03   4   0 0  0 2  0 2  0 0  0
   226  -.1156275523388810E-03   4   2 0  0 0  0 1  1 0  0
   227  0.1537043897833816E-03   4   1 1  0 0  0 1  1 0  0
   228  -.1930980486941833E-05   4   0 2  0 0  0 1  1 0  0
   229  -.1676325850572645E-03   4   1 0  1 0  0 1  1 0  0
   230  -.4037884529684956E-04   4   0 1  1 0  0 1  1 0  0
   231  -.1395772431595708E-03   4   0 0  2 0  0 1  1 0  0
   232  -.1238452224925602E-03   4   1 0  0 1  0 1  1 0  0
   233  -.6952465459342927E-04   4   0 1  0 1  0 1  1 0  0
   234  -.2495921799469640E-03   4   0 0  1 1  0 1  1 0  0
   235  -.1228920659118795E-03   4   0 0  0 2  0 1  1 0  0
   236  -.1236147234115678E-03   4   2 0  0 0  0 0  2 0  0
   237  0.2078243607251159E-03   4   1 1  0 0  0 0  2 0  0
   238  0.3753314452262309E-05   4   0 2  0 0  0 0  2 0  0
   239  -.1406405498126177E-03   4   1 0  1 0  0 0  2 0  0
   240  -.7967553513072493E-06   4   0 1  1 0  0 0  2 0  0
   241  -.1383825323842431E-03   4   0 0  2 0  0 0  2 0  0
   242  -.1016548946243436E-03   4   1 0  0 1  0 0  2 0  0
   243  -.4771102034193614E-04   4   0 1  0 1  0 0  2 0  0
   244  -.2432187240732895E-03   4   0 0  1 1  0 0  2 0  0
   245  -.1029026791122131E-03   4   0 0  0 2  0 0  2 0  0
   246  0.2290110675774913E-03   4   2 0  0 0  0 1  0 1  0
   247  -.1662227358408967E-03   4   1 1  0 0  0 1  0 1  0
   248  -.1125807183142277E-05   4   0 2  0 0  0 1  0 1  0
   249  0.2252004065356857E-03   4   1 0  1 0  0 1  0 1  0
   250  -.4944876151569123E-06   4   0 1  1 0  0 1  0 1  0
   251  0.3202027140283256E-03   4   0 0  2 0  0 1  0 1  0
   252  0.8367595467289671E-04   4   1 0  0 1  0 1  0 1  0
   253  0.3012465847532709E-04   4   0 1  0 1  0 1  0 1  0
   254  0.3644648151200088E-03   4   0 0  1 1  0 1  0 1  0
   255  0.9362082265778066E-04   4   0 0  0 2  0 1  0 1  0
   256  0.2282462692943638E-03   4   2 0  0 0  0 0  1 1  0
   257  -.1656676235298079E-03   4   1 1  0 0  0 0  1 1  0
   258  -.1122047472269281E-05   4   0 2  0 0  0 0  1 1  0
   259  0.2244483342183956E-03   4   1 0  1 0  0 0  1 1  0
   260  -.4928362396006786E-06   4   0 1  1 0  0 0  1 1  0
   261  0.3191333749412150E-03   4   0 0  2 0  0 0  1 1  0
   262  0.8339651304088399E-04   4   1 0  0 1  0 0  1 1  0
   263  0.3002405509696010E-04   4   0 1  0 1  0 0  1 1  0
   264  0.3632476596881224E-03   4   0 0  1 1  0 0  1 1  0
   265  0.9330816945201627E-04   4   0 0  0 2  0 0  1 1  0
   266  -.9379241632796377E-04   4   2 0  0 0  0 0  0 2  0
   267  -.6553286642498389E-04   4   1 1  0 0  0 0  0 2  0
   268  -.3311777348351718E-05   4   0 2  0 0  0 0  0 2  0
   269  0.1704479206667855E-07   4   1 0  1 0  0 0  0 2  0
   270  -.9949344288918378E-05   4   0 1  1 0  0 0  0 2  0
   271  -.2222962469728296E-03   4   0 0  2 0  0 0  0 2  0
   272  0.2078985649691035E-08   4   1 0  0 1  0 0  0 2  0
   273  0.1494342088465967E-09   4   0 1  0 1  0 0  0 2  0
   274  -.7802958968229818E-04   4   0 0  1 1  0 0  0 2  0
   275  -.4447510095287113E-05   4   0 0  0 2  0 0  0 2  0
   276  -.2465143988642531E-01   4   1 0  0 0  0 3  0 0  0
   277  0.5126251444747391E-01   4   0 1  0 0  0 3  0 0  0
   278  0.2629711212362255E-06   4   0 0  1 0  0 3  0 0  0
   279  0.7444166766926772E-05   4   0 0  0 1  0 3  0 0  0
   280  -.1402833785302342E-01   4   1 0  0 0  0 2  1 0  0
   281  0.2887089375103077E-01   4   0 1  0 0  0 2  1 0  0
   282  0.2833873242906021E-06   4   0 0  1 0  0 2  1 0  0
   283  0.4493852110489613E-05   4   0 0  0 1  0 2  1 0  0
   284  -.1408114033187570E-01   4   1 0  0 0  0 1  2 0  0
   285  0.2898220372280699E-01   4   0 1  0 0  0 1  2 0  0
   286  0.2832806530439333E-06   4   0 0  1 0  0 1  2 0  0
   287  0.4508506745868778E-05   4   0 0  0 1  0 1  2 0  0
   288  -.2450460649072111E-01   4   1 0  0 0  0 0  3 0  0
   289  0.5095767616113644E-01   4   0 1  0 0  0 0  3 0  0
   290  0.2611821952856825E-06   4   0 0  1 0  0 0  3 0  0
   291  0.7399397736208979E-05   4   0 0  0 1  0 0  3 0  0
   292  0.5801069877237811E-01   4   1 0  0 0  0 2  0 1  0
   293  -.5770397465529185E-01   4   0 1  0 0  0 2  0 1  0
   294  -.7927679740349541E-06   4   0 0  1 0  0 2  0 1  0
   295  -.8946354115540719E-05   4   0 0  0 1  0 2  0 1  0
   296  0.3684077810161435E-01   4   1 0  0 0  0 1  1 1  0
   297  -.3540376233078843E-01   4   0 1  0 0  0 1  1 1  0
   298  -.8225240116123425E-06   4   0 0  1 0  0 1  1 1  0
   299  -.6003487344459523E-05   4   0 0  0 1  0 1  1 1  0
   300  0.5775545187377588E-01   4   1 0  0 0  0 0  2 1  0
   301  -.5745215158979804E-01   4   0 1  0 0  0 0  2 1  0
   302  -.7887470327278517E-06   4   0 0  1 0  0 0  2 1  0
   303  -.8906452617454258E-05   4   0 0  0 1  0 0  2 1  0
   304  -.3677005213228200E-01   4   1 0  0 0  0 1  0 2  0
   305  -.4747388202189995E-02   4   0 1  0 0  0 1  0 2  0
   306  0.7970466234688817E-06   4   0 0  1 0  0 1  0 2  0
   307  0.1831510085195303E-07   4   0 0  0 1  0 1  0 2  0
   308  -.3664725600265053E-01   4   1 0  0 0  0 0  1 2  0
   309  -.4731533971279745E-02   4   0 1  0 0  0 0  1 2  0
   310  0.7943848311998478E-06   4   0 0  1 0  0 0  1 2  0
   311  0.1825393630721598E-07   4   0 0  0 1  0 0  1 2  0
   312  -.1924103911675261E-02   4   1 0  0 0  0 0  0 3  0
   313  -.3446762986908539E-04   4   0 1  0 0  0 0  0 3  0
   314  -.2672091737000943E-06   4   0 0  1 0  0 0  0 3  0
   315  -.4370416049919149E-08   4   0 0  0 1  0 0  0 3  0
   316  -.9464092340086852E-05   4   0 0  0 0  0 4  0 0  0
   317  -.4984321970515180E-05   4   0 0  0 0  0 3  1 0  0
   318  -.4392236715089764E-05   4   0 0  0 0  0 2  2 0  0
   319  -.5015981390315513E-05   4   0 0  0 0  0 1  3 0  0
   320  -.9392650631123679E-05   4   0 0  0 0  0 0  4 0  0
   321  0.1027545808809214E-04   4   0 0  0 0  0 3  0 1  0
   322  0.5379282974271099E-05   4   0 0  0 0  0 2  1 1  0
   323  0.5403637747906679E-05   4   0 0  0 0  0 1  2 1  0
   324  0.1021503262932721E-04   4   0 0  0 0  0 0  3 1  0
   325  0.6177965046846457E-06   4   0 0  0 0  0 2  0 2  0
   326  0.7364106219631152E-06   4   0 0  0 0  0 1  1 2  0
   327  0.6145036834958746E-06   4   0 0  0 0  0 0  2 2  0
   328  0.3585593535820156E-08   4   0 0  0 0  0 1  0 3  0
   329  0.3573619198469576E-08   4   0 0  0 0  0 0  1 3  0
   330  -.1437320406398555E-14   4   0 0  0 0  0 0  0 4  0
   -------------------------------------------------------
     I  COEFFICIENT            ORDER EXPONENTS
     1  -.4009171610340645E-04   0   0 0  0 0  0 0  0 0  0
     2  -.2381319936248320E-04   1   1 0  0 0  0 0  0 0  0
     3  -.1835051140814198E-05   1   0 1  0 0  0 0  0 0  0
     4   1.184232637279113       1   0 0  1 0  0 0  0 0  0
     5  0.3117142226921179       1   0 0  0 1  0 0  0 0  0
     6  0.1345088379266874E-05   1   0 0  0 0  0 1  0 0  0
     7  0.1340596363688784E-05   1   0 0  0 0  0 0  1 0  0
     8  -.2685684742955670E-05   1   0 0  0 0  0 0  0 1  0
     9  -.7368157477372098E-04   2   2 0  0 0  0 0  0 0  0
    10  0.4911366672755819E-05   2   1 1  0 0  0 0  0 0  0
    11  -.3195433112452890E-05   2   0 2  0 0  0 0  0 0  0
    12  0.2661382964036749E-03   2   1 0  1 0  0 0  0 0  0
    13  0.4142527474724121E-05   2   0 1  1 0  0 0  0 0  0
    14  0.5724548660382918E-04   2   0 0  2 0  0 0  0 0  0
    15  -.6002646227213601E-04   2   1 0  0 1  0 0  0 0  0
    16  -.1766710991762007E-05   2   0 1  0 1  0 0  0 0  0
    17  -.4653250628594883E-04   2   0 0  1 1  0 0  0 0  0
    18  -.9476439980554853E-05   2   0 0  0 2  0 0  0 0  0
    19  0.1191805237417038E-04   2   1 0  0 0  0 1  0 0  0
    20  0.1833983854483058E-05   2   0 1  0 0  0 1  0 0  0
    21  -.9475441837630506E-01   2   0 0  1 0  0 1  0 0  0
    22  -.1630539181572405       2   0 0  0 1  0 1  0 0  0
    23  0.1187825121481853E-04   2   1 0  0 0  0 0  1 0  0
    24  0.1827859138686459E-05   2   0 1  0 0  0 0  1 0  0
    25  -.9443797944931551E-01   2   0 0  1 0  0 0  1 0  0
    26  -.1625093883317482       2   0 0  0 1  0 0  1 0  0
    27  -.2379630358898888E-04   2   1 0  0 0  0 0  0 1  0
    28  -.1826791852355343E-05   2   0 1  0 0  0 0  0 1  0
    29  0.1891923978256199       2   0 0  1 0  0 0  0 1  0
    30  0.1384908379687097E-01   2   0 0  0 1  0 0  0 1  0
    31  -.1015538152577174E-05   2   0 0  0 0  0 2  0 0  0
    32  -.6881762431519517E-06   2   0 0  0 0  0 1  1 0  0
    33  -.1010997586792103E-05   2   0 0  0 0  0 0  2 0  0
    34  0.1374172916681023E-05   2   0 0  0 0  0 1  0 1  0
    35  0.1369583771280713E-05   2   0 0  0 0  0 0  1 1  0
    36  -.2903652884854503E-07   2   0 0  0 0  0 0  0 2  0
    37  0.1740233948497719E-04   3   3 0  0 0  0 0  0 0  0
    38  -.4676568002024635E-04   3   2 1  0 0  0 0  0 0  0
    39  -.2848027902412887E-04   3   1 2  0 0  0 0  0 0  0
    40  -.4090382864104916E-05   3   0 3  0 0  0 0  0 0  0
    41  -.1891750087049466       3   2 0  1 0  0 0  0 0  0
    42  -.1792944379494937       3   1 1  1 0  0 0  0 0  0
    43  0.1820942469968829       3   0 2  1 0  0 0  0 0  0
    44  -.9895609564475798E-04   3   1 0  2 0  0 0  0 0  0
    45  -.1224996271086517E-03   3   0 1  2 0  0 0  0 0  0
    46  0.2909840634890880       3   0 0  3 0  0 0  0 0  0
    47  0.5937191445287202       3   2 0  0 1  0 0  0 0  0
    48  -.3190674997715987E-01   3   1 1  0 1  0 0  0 0  0
    49  0.1740503771017411       3   0 2  0 1  0 0  0 0  0
    50  -.8162534615375344E-04   3   1 0  1 1  0 0  0 0  0
    51  -.4048747498463037E-04   3   0 1  1 1  0 0  0 0  0
    52   1.038662491565084       3   0 0  2 1  0 0  0 0  0
    53  -.4381902082340001E-04   3   1 0  0 2  0 0  0 0  0
    54  -.7579258310260407E-05   3   0 1  0 2  0 0  0 0  0
    55  0.4541142111249740       3   0 0  1 2  0 0  0 0  0
    56  0.1941170801209102       3   0 0  0 3  0 0  0 0  0
    57  0.3655697886651777E-04   3   2 0  0 0  0 1  0 0  0
    58  -.7330095339911077E-05   3   1 1  0 0  0 1  0 0  0
    59  0.4701485604529687E-05   3   0 2  0 0  0 1  0 0  0
    60  -.1407213963545616E-03   3   1 0  1 0  0 1  0 0  0
    61  -.6410735690789692E-05   3   0 1  1 0  0 1  0 0  0
    62  -.1540062658181273E-04   3   0 0  2 0  0 1  0 0  0
    63  0.5976548695659447E-04   3   1 0  0 1  0 1  0 0  0
    64  0.2113398548869052E-05   3   0 1  0 1  0 1  0 0  0
    65  0.5687296128266097E-04   3   0 0  1 1  0 1  0 0  0
    66  0.1517333555744465E-04   3   0 0  0 2  0 1  0 0  0
    67  0.3643489430977920E-04   3   2 0  0 0  0 0  1 0  0
    68  -.7305615980068544E-05   3   1 1  0 0  0 0  1 0  0
    69  0.4685784668515781E-05   3   0 2  0 0  0 0  1 0  0
    70  -.1402514475286395E-03   3   1 0  1 0  0 0  1 0  0
    71  -.6389326596016257E-05   3   0 1  1 0  0 0  1 0  0
    72  -.1534919512527670E-04   3   0 0  2 0  0 0  1 0  0
    73  0.5956589598355484E-04   3   1 0  0 1  0 0  1 0  0
    74  0.2106340708394786E-05   3   0 1  0 1  0 0  1 0  0
    75  0.5668303009895973E-04   3   0 0  1 1  0 0  1 0  0
    76  0.1512266315498597E-04   3   0 0  0 2  0 0  1 0  0
    77  -.7299187317629680E-04   3   2 0  0 0  0 0  0 1  0
    78  0.9724344647223848E-05   3   1 1  0 0  0 0  0 1  0
    79  -.2996404048139450E-05   3   0 2  0 0  0 0  0 1  0
    80  0.2809728438832002E-03   3   1 0  1 0  0 0  0 1  0
    81  0.8657534812082128E-05   3   0 1  1 0  0 0  0 1  0
    82  0.3074982170709123E-04   3   0 0  2 0  0 0  0 1  0
    83  -.5930492066801320E-04   3   1 0  0 1  0 0  0 1  0
    84  -.6863172737392066E-06   3   0 1  0 1  0 0  0 1  0
    85  -.6702348509566894E-04   3   0 0  1 1  0 0  0 1  0
    86  -.1134311875132092E-04   3   0 0  0 2  0 0  0 1  0
    87  -.8937137260093473E-05   3   1 0  0 0  0 2  0 0  0
    88  -.1851619377499996E-05   3   0 1  0 0  0 2  0 0  0
    89  0.7227876381930441E-01   3   0 0  1 0  0 2  0 0  0
    90  0.1257046578240042       3   0 0  0 1  0 2  0 0  0
    91  -.5974991279436736E-05   3   1 0  0 0  0 1  1 0  0
    92  -.1854568336163185E-05   3   0 1  0 0  0 1  1 0  0
    93  0.4995219423099893E-01   3   0 0  1 0  0 1  1 0  0
    94  0.8860306740487815E-01   3   0 0  0 1  0 1  1 0  0
    95  -.8897314124621603E-05   3   1 0  0 0  0 0  2 0  0
    96  -.1842339037108090E-05   3   0 1  0 0  0 0  2 0  0
    97  0.7195397449162906E-01   3   0 0  1 0  0 0  2 0  0
    98  0.1251369104012453       3   0 0  0 1  0 0  2 0  0
    99  0.1193080738511281E-04   3   1 0  0 0  0 1  0 1  0
   100  0.1831611498503819E-05   3   0 1  0 0  0 1  0 1  0
   101  -.9975537476927954E-01   3   0 0  1 0  0 1  0 1  0
   102  -.1390465643025828E-01   3   0 0  0 1  0 1  0 1  0
   103  0.1189096362952063E-04   3   1 0  0 0  0 0  1 1  0
   104  0.1825494705353920E-05   3   0 1  0 0  0 0  1 1  0
   105  -.9942223480288673E-01   3   0 0  1 0  0 0  1 1  0
   106  -.1385822086940181E-01   3   0 0  0 1  0 0  1 1  0
   107  -.1262194579694392E-07   3   1 0  0 0  0 0  0 2  0
   108  0.9859029483678783E-09   3   0 1  0 0  0 0  0 2  0
   109  0.4992631394860357E-02   3   0 0  1 0  0 0  0 2  0
   110  0.3236256184202570E-04   3   0 0  0 1  0 0  0 2  0
   111  0.8510208833960243E-06   3   0 0  0 0  0 3  0 0  0
   112  0.5225381012678784E-06   3   0 0  0 0  0 2  1 0  0
   113  0.5241693510294032E-06   3   0 0  0 0  0 1  2 0  0
   114  0.8458882226398136E-06   3   0 0  0 0  0 0  3 0  0
   115  -.1044511486002361E-05   3   0 0  0 0  0 2  0 1  0
   116  -.7170365839753412E-06   3   0 0  0 0  0 1  1 1  0
   117  -.1039825971204940E-05   3   0 0  0 0  0 0  2 1  0
   118  0.2885609045973962E-07   3   0 0  0 0  0 1  0 2  0
   119  0.2875972355190391E-07   3   0 0  0 0  0 0  1 2  0
   120  0.1524145618172727E-09   3   0 0  0 0  0 0  0 3  0
   121  0.9250892993833551E-08   4   4 0  0 0  0 0  0 0  0
   122  0.3945324877859298E-07   4   3 1  0 0  0 0  0 0  0
   123  0.3733958676375422E-04   4   2 2  0 0  0 0  0 0  0
   124  -.2008906156988883E-05   4   1 3  0 0  0 0  0 0  0
   125  0.1582931102424033E-04   4   0 4  0 0  0 0  0 0  0
   126  -.4291594600344824E-03   4   3 0  1 0  0 0  0 0  0
   127  -.6878659413352869E-03   4   2 1  1 0  0 0  0 0  0
   128  -.7133618224942272E-04   4   1 2  1 0  0 0  0 0  0
   129  0.1261026014260241E-03   4   0 3  1 0  0 0  0 0  0
   130  -.4203297317455770E-03   4   2 0  2 0  0 0  0 0  0
   131  -.4448498481766038E-03   4   1 1  2 0  0 0  0 0  0
   132  0.2637469638393034E-03   4   0 2  2 0  0 0  0 0  0
   133  -.1962323083649314E-03   4   1 0  3 0  0 0  0 0  0
   134  -.2136123461424102E-03   4   0 1  3 0  0 0  0 0  0
   135  -.6672988612865398E-04   4   0 0  4 0  0 0  0 0  0
   136  0.1735252974841908E-03   4   3 0  0 1  0 0  0 0  0
   137  -.4907789789897827E-03   4   2 1  0 1  0 0  0 0  0
   138  -.2171338519198666E-03   4   1 2  0 1  0 0  0 0  0
   139  0.9657361041529768E-04   4   0 3  0 1  0 0  0 0  0
   140  0.9017076189961714E-04   4   2 0  1 1  0 0  0 0  0
   141  -.4971719010270523E-03   4   1 1  1 1  0 0  0 0  0
   142  0.1401531463991024E-03   4   0 2  1 1  0 0  0 0  0
   143  0.1848215836502676E-04   4   1 0  2 1  0 0  0 0  0
   144  -.5930237835498014E-04   4   0 1  2 1  0 0  0 0  0
   145  0.3348240183988818E-03   4   0 0  3 1  0 0  0 0  0
   146  0.1521527300442457E-03   4   2 0  0 2  0 0  0 0  0
   147  -.6381524519635359E-04   4   1 1  0 2  0 0  0 0  0
   148  0.1049303361551539E-03   4   0 2  0 2  0 0  0 0  0
   149  -.2182846104348221E-03   4   1 0  1 2  0 0  0 0  0
   150  0.1715207721410993E-03   4   0 1  1 2  0 0  0 0  0
   151  0.3779869001820785E-03   4   0 0  2 2  0 0  0 0  0
   152  -.1238470033688097E-03   4   1 0  0 3  0 0  0 0  0
   153  0.1139589881568731E-03   4   0 1  0 3  0 0  0 0  0
   154  0.2187384680907223E-03   4   0 0  1 3  0 0  0 0  0
   155  0.1023095357902947E-03   4   0 0  0 4  0 0  0 0  0
   156  -.1357063425599557E-04   4   3 0  0 0  0 1  0 0  0
   157  0.3216502998624325E-04   4   2 1  0 0  0 1  0 0  0
   158  0.3945128596327399E-04   4   1 2  0 0  0 1  0 0  0
   159  0.8001087417198223E-05   4   0 3  0 0  0 1  0 0  0
   160  0.1728028612901125       4   2 0  1 0  0 1  0 0  0
   161  0.2731035848692701       4   1 1  1 0  0 1  0 0  0
   162  -.2745818537329081       4   0 2  1 0  0 1  0 0  0
   163  0.1112835326787727E-03   4   1 0  2 0  0 1  0 0  0
   164  0.1470017753651489E-03   4   0 1  2 0  0 1  0 0  0
   165  -.3605531608667369       4   0 0  3 0  0 1  0 0  0
   166  -.5950654753060108       4   2 0  0 1  0 1  0 0  0
   167  0.6341151640640651E-01   4   1 1  0 1  0 1  0 0  0
   168  -.2732585812836805       4   0 2  0 1  0 1  0 0  0
   169  0.1267774540585229E-03   4   1 0  1 1  0 1  0 0  0
   170  0.6981648113429203E-04   4   0 1  1 1  0 1  0 0  0
   171  -1.295611244097430       4   0 0  2 1  0 1  0 0  0
   172  0.7015559074545816E-04   4   1 0  0 2  0 1  0 0  0
   173  0.1581557305995014E-04   4   0 1  0 2  0 1  0 0  0
   174  -.7346356977148736       4   0 0  1 2  0 1  0 0  0
   175  -.3167629625571977       4   0 0  0 3  0 1  0 0  0
   176  -.1352531418526824E-04   4   3 0  0 0  0 0  1 0  0
   177  0.3205761264624118E-04   4   2 1  0 0  0 0  1 0  0
   178  0.3931953566801087E-04   4   1 2  0 0  0 0  1 0  0
   179  0.7974367232953152E-05   4   0 3  0 0  0 0  1 0  0
   180  0.1722257741954476       4   2 0  1 0  0 0  1 0  0
   181  0.2721915365781841       4   1 1  1 0  0 0  1 0  0
   182  -.2736648686608148       4   0 2  1 0  0 0  1 0  0
   183  0.1109118936325314E-03   4   1 0  2 0  0 0  1 0  0
   184  0.1465108527795926E-03   4   0 1  2 0  0 0  1 0  0
   185  -.3593490686744931       4   0 0  3 0  0 0  1 0  0
   186  -.5930782130366524       4   2 0  0 1  0 0  1 0  0
   187  0.6319974926610469E-01   4   1 1  0 1  0 0  1 0  0
   188  -.2723460153713586       4   0 2  0 1  0 0  1 0  0
   189  0.1263540719913183E-03   4   1 0  1 1  0 0  1 0  0
   190  0.6958332417174654E-04   4   0 1  1 1  0 0  1 0  0
   191  -1.291284460830702       4   0 0  2 1  0 0  1 0  0
   192  0.6992130130293664E-04   4   1 0  0 2  0 0  1 0  0
   193  0.1576275586097845E-04   4   0 1  0 2  0 0  1 0  0
   194  -.7321823310445167       4   0 0  1 2  0 0  1 0  0
   195  -.3157051107577846       4   0 0  0 3  0 0  1 0  0
   196  0.2709594844126373E-04   4   3 0  0 0  0 0  0 1  0
   197  -.1745696261223817E-04   4   2 1  0 0  0 0  0 1  0
   198  -.2181026358302699E-04   4   1 2  0 0  0 0  0 1  0
   199  -.3704306057836554E-05   4   0 3  0 0  0 0  0 1  0
   200  -.3450286354855606       4   2 0  1 0  0 0  0 1  0
   201  -.3660006834979564       4   1 1  1 0  0 0  0 1  0
   202  0.1840582283999562       4   0 2  1 0  0 0  0 1  0
   203  -.2221954263113023E-03   4   1 0  2 0  0 0  0 1  0
   204  -.1710130010360884E-03   4   0 1  2 0  0 0  0 1  0
   205  0.7199022295412214       4   0 0  3 0  0 0  0 1  0
   206  0.5944245438139419       4   2 0  0 1  0 0  0 1  0
   207  -.6279776571819200E-01   4   1 1  0 1  0 0  0 1  0
   208  0.2345346534981398E-01   4   0 2  0 1  0 0  0 1  0
   209  -.1715061798960861E-03   4   1 0  1 1  0 0  0 1  0
   210  -.5842485533677640E-04   4   0 1  1 1  0 0  0 1  0
   211   1.548233213363033       4   0 0  2 1  0 0  0 1  0
   212  -.5243885040159401E-04   4   1 0  0 2  0 0  0 1  0
   213  -.8840553990147693E-05   4   0 1  0 2  0 0  0 1  0
   214  0.5585896065094308       4   0 0  1 2  0 0  0 1  0
   215  0.5011683295225193E-01   4   0 0  0 3  0 0  0 1  0
   216  0.4673512804314842E-04   4   2 0  0 0  0 2  0 0  0
   217  -.4507635657787536E-05   4   1 1  0 0  0 2  0 0  0
   218  0.4029928961965756E-04   4   0 2  0 0  0 2  0 0  0
   219  0.3074867243714694E-04   4   1 0  1 0  0 2  0 0  0
   220  0.1442292891041126E-03   4   0 1  1 0  0 2  0 0  0
   221  0.1982490748432131E-03   4   0 0  2 0  0 2  0 0  0
   222  -.5539213043357336E-04   4   1 0  0 1  0 2  0 0  0
   223  0.1426437172049470E-03   4   0 1  0 1  0 2  0 0  0
   224  0.1944349364015190E-03   4   0 0  1 1  0 2  0 0  0
   225  0.1442103001840257E-03   4   0 0  0 2  0 2  0 0  0
   226  0.5605611366467333E-04   4   2 0  0 0  0 1  1 0  0
   227  -.6976637472612617E-05   4   1 1  0 0  0 1  1 0  0
   228  0.4953144179065661E-04   4   0 2  0 0  0 1  1 0  0
   229  -.1526443682301540E-04   4   1 0  1 0  0 1  1 0  0
   230  0.1732654078020150E-03   4   0 1  1 0  0 1  1 0  0
   231  0.2128092440345059E-03   4   0 0  2 0  0 1  1 0  0
   232  -.6159028823188908E-04   4   1 0  0 1  0 1  1 0  0
   233  0.1749464647848183E-03   4   0 1  0 1  0 1  1 0  0
   234  0.2478057373487986E-03   4   0 0  1 1  0 1  1 0  0
   235  0.1802639787770335E-03   4   0 0  0 2  0 1  1 0  0
   236  0.4648545122167976E-04   4   2 0  0 0  0 0  2 0  0
   237  -.4480932615627728E-05   4   1 1  0 0  0 0  2 0  0
   238  0.4008200052153709E-04   4   0 2  0 0  0 0  2 0  0
   239  0.3067147344175423E-04   4   1 0  1 0  0 0  2 0  0
   240  0.1434583095276348E-03   4   0 1  1 0  0 0  2 0  0
   241  0.1972316627732544E-03   4   0 0  2 0  0 0  2 0  0
   242  -.5510430207531914E-04   4   1 0  0 1  0 0  2 0  0
   243  0.1418752257524062E-03   4   0 1  0 1  0 0  2 0  0
   244  0.1933718253067058E-03   4   0 0  1 1  0 0  2 0  0
   245  0.1434276979166983E-03   4   0 0  0 2  0 0  2 0  0
   246  -.3740386611647090E-04   4   2 0  0 0  0 1  0 1  0
   247  0.3962951744912072E-05   4   1 1  0 0  0 1  0 1  0
   248  -.2782171072804719E-05   4   0 2  0 0  0 1  0 1  0
   249  -.2590057127997688E-04   4   1 0  1 0  0 1  0 1  0
   250  -.1176813584955725E-03   4   0 1  1 0  0 1  0 1  0
   251  -.2629376512119070E-03   4   0 0  2 0  0 1  0 1  0
   252  0.6088320760955754E-04   4   1 0  0 1  0 1  0 1  0
   253  -.1636182762805838E-04   4   0 1  0 1  0 1  0 1  0
   254  -.1706486137929320E-03   4   0 0  1 1  0 1  0 1  0
   255  -.2553206109837862E-04   4   0 0  0 2  0 1  0 1  0
   256  -.3727895332124750E-04   4   2 0  0 0  0 0  1 1  0
   257  0.3949717193749609E-05   4   1 1  0 0  0 0  1 1  0
   258  -.2772879820279882E-05   4   0 2  0 0  0 0  1 1  0
   259  -.2581407453265167E-04   4   1 0  1 0  0 0  1 1  0
   260  -.1172883534679748E-03   4   0 1  1 0  0 0  1 1  0
   261  -.2620595527586593E-03   4   0 0  2 0  0 0  1 1  0
   262  0.6067988393117099E-04   4   1 0  0 1  0 0  1 1  0
   263  -.1630718617421455E-04   4   0 1  0 1  0 0  1 1  0
   264  -.1700787209566275E-03   4   0 0  1 1  0 0  1 1  0
   265  -.2544679501626614E-04   4   0 0  0 2  0 0  1 1  0
   266  0.5361089917982457E-08   4   2 0  0 0  0 0  0 2  0
   267  0.1223273968344996E-08   4   1 1  0 0  0 0  0 2  0
   268  0.2100053864524715E-08   4   0 2  0 0  0 0  0 2  0
   269  -.3168973345099151E-04   4   1 0  1 0  0 0  0 2  0
   270  0.1476442377935745E-05   4   0 1  1 0  0 0  0 2  0
   271  0.4720397433638742E-04   4   0 0  2 0  0 0  0 2  0
   272  -.5668477126270249E-05   4   1 0  0 1  0 0  0 2  0
   273  -.2318295625025559E-06   4   0 1  0 1  0 0  0 2  0
   274  0.1133896201774230E-04   4   0 0  1 1  0 0  0 2  0
   275  0.5316005172000945E-06   4   0 0  0 2  0 0  0 2  0
   276  0.7449920125607228E-05   4   1 0  0 0  0 3  0 0  0
   277  0.1835848272267106E-05   4   0 1  0 0  0 3  0 0  0
   278  -.6106361346499690E-01   4   0 0  1 0  0 3  0 0  0
   279  -.1070646235303398       4   0 0  0 1  0 3  0 0  0
   280  0.4480190773461455E-05   4   1 0  0 0  0 2  1 0  0
   281  0.1818869443809808E-05   4   0 1  0 0  0 2  1 0  0
   282  -.3867108937128738E-01   4   0 0  1 0  0 2  1 0  0
   283  -.6984737367852890E-01   4   0 0  0 1  0 2  1 0  0
   284  0.4494942567668778E-05   4   1 0  0 0  0 1  2 0  0
   285  0.1818923784708569E-05   4   0 1  0 0  0 1  2 0  0
   286  -.3878223990510497E-01   4   0 0  1 0  0 1  2 0  0
   287  -.7003201695157062E-01   4   0 0  0 1  0 1  2 0  0
   288  0.7405145009697230E-05   4   1 0  0 0  0 0  3 0  0
   289  0.1823624915815955E-05   4   0 1  0 0  0 0  3 0  0
   290  -.6069336862438481E-01   4   0 0  1 0  0 0  3 0  0
   291  -.1064120603916951       4   0 0  0 1  0 0  3 0  0
   292  -.8953406391482568E-05   4   1 0  0 0  0 2  0 1  0
   293  -.1829319078528045E-05   4   0 1  0 0  0 2  0 1  0
   294  0.7730433118464612E-01   4   0 0  1 0  0 2  0 1  0
   295  0.1392716245498437E-01   4   0 0  0 1  0 2  0 1  0
   296  -.5995758809397143E-05   4   1 0  0 0  0 1  1 1  0
   297  -.1827021542653287E-05   4   0 1  0 0  0 1  1 1  0
   298  0.5500212867857709E-01   4   0 0  1 0  0 1  1 1  0
   299  0.1394936308409672E-01   4   0 0  0 1  0 1  1 1  0
   300  -.8913494246821763E-05   4   1 0  0 0  0 0  2 1  0
   301  -.1820159208735432E-05   4   0 1  0 0  0 0  2 1  0
   302  0.7695432632502505E-01   4   0 0  1 0  0 0  2 1  0
   303  0.1385735930279521E-01   4   0 0  0 1  0 0  2 1  0
   304  0.1931903001170755E-07   4   1 0  0 0  0 1  0 2  0
   305  -.1967501973300441E-08   4   0 1  0 0  0 1  0 2  0
   306  -.5049995361148111E-02   4   0 0  1 0  0 1  0 2  0
   307  -.4485223807143690E-04   4   0 0  0 1  0 1  0 2  0
   308  0.1925451277618141E-07   4   1 0  0 0  0 0  1 2  0
   309  -.1960931364523291E-08   4   0 1  0 0  0 0  1 2  0
   310  -.5033130552722621E-02   4   0 0  1 0  0 0  1 2  0
   311  -.4470245092340132E-04   4   0 0  0 1  0 0  1 2  0
   312  -.4443216989503603E-08   4   1 0  0 0  0 0  0 3  0
   313  0.3235748813675288E-09   4   0 1  0 0  0 0  0 3  0
   314  0.3262104138339694E-04   4   0 0  1 0  0 0  0 3  0
   315  -.2510998843767906E-05   4   0 0  0 1  0 0  0 3  0
   316  0.1151256032414105E-04   4   0 0  0 0  0 4  0 0  0
   317  0.7330024744244353E-05   4   0 0  0 0  0 3  1 0  0
   318  0.6776869746220440E-05   4   0 0  0 0  0 2  2 0  0
   319  0.7359510109053749E-05   4   0 0  0 0  0 1  3 0  0
   320  0.1142355099754091E-04   4   0 0  0 0  0 0  4 0  0
   321  -.1202544329013307E-05   4   0 0  0 0  0 3  0 1  0
   322  -.1423866441348281E-05   4   0 0  0 0  0 2  1 1  0
   323  -.1422737643156116E-05   4   0 0  0 0  0 1  2 1  0
   324  -.1194150771410918E-05   4   0 0  0 0  0 0  3 1  0
   325  0.3329717525901723E-08   4   0 0  0 0  0 2  0 2  0
   326  0.4613900600376527E-08   4   0 0  0 0  0 1  1 2  0
   327  0.3310893484242277E-08   4   0 0  0 0  0 0  2 2  0
   328  0.1580012134720313E-09   4   0 0  0 0  0 1  0 3  0
   329  0.1574735575029391E-09   4   0 0  0 0  0 0  1 3  0
   -------------------------------------------------------
     I  COEFFICIENT            ORDER EXPONENTS
     1  -.2959966767343628E-04   0   0 0  0 0  0 0  0 0  0
     2  -.1599501502127452E-03   1   1 0  0 0  0 0  0 0  0
     3  -.2381758804512161E-04   1   0 1  0 0  0 0  0 0  0
     4   1.290948299725817       1   0 0  1 0  0 0  0 0  0
     5   1.184232642529420       1   0 0  0 1  0 0  0 0  0
     6  0.5356219014080845E-06   1   0 0  0 0  0 1  0 0  0
     7  0.5338331550609601E-06   1   0 0  0 0  0 0  1 0  0
     8  -.3066912272990524E-04   1   0 0  0 0  0 0  0 1  0
     9  -.5348955653807209E-04   2   2 0  0 0  0 0  0 0  0
    10  0.1711950318245888E-03   2   1 1  0 0  0 0  0 0  0
    11  0.9905761694792677E-05   2   0 2  0 0  0 0  0 0  0
    12  0.5357034873605189E-03   2   1 0  1 0  0 0  0 0  0
    13  -.1876625915445280E-03   2   0 1  1 0  0 0  0 0  0
    14  0.7306581619737072E-04   2   0 0  2 0  0 0  0 0  0
    15  -.1905659092899769E-03   2   1 0  0 1  0 0  0 0  0
    16  -.5546397917304588E-04   2   0 1  0 1  0 0  0 0  0
    17  -.1267516958796355E-03   2   0 0  1 1  0 0  0 0  0
    18  -.3746860048571512E-05   2   0 0  0 2  0 0  0 0  0
    19  0.2701431971655156E-06   2   1 0  0 0  0 1  0 0  0
    20  0.1192070990455880E-04   2   0 1  0 0  0 1  0 0  0
    21  -.4468314252078167E-01   2   0 0  1 0  0 1  0 0  0
    22  -.9475441756868851E-01   2   0 0  0 1  0 1  0 0  0
    23  0.2692410352937022E-06   2   1 0  0 0  0 0  1 0  0
    24  0.1188089987020065E-04   2   0 1  0 0  0 0  1 0  0
    25  -.4453392007906257E-01   2   0 0  1 0  0 0  1 0  0
    26  -.9443797864439663E-01   2   0 0  0 1  0 0  1 0  0
    27  -.1604895344452043E-03   2   1 0  0 0  0 0  0 1  0
    28  -.2380160977475935E-04   2   0 1  0 0  0 0  0 1  0
    29   1.380165362325660       2   0 0  1 0  0 0  0 1  0
    30  0.1891923962130841       2   0 0  0 1  0 0  0 1  0
    31  -.4051534044542057E-06   2   0 0  0 0  0 2  0 0  0
    32  -.2755511468986799E-06   2   0 0  0 0  0 1  1 0  0
    33  -.4033402556200976E-06   2   0 0  0 0  0 0  2 0  0
    34  0.1085860700739208E-05   2   0 0  0 0  0 1  0 1  0
    35  0.1082234393904240E-05   2   0 0  0 0  0 0  1 1  0
    36  -.1084048062191618E-05   2   0 0  0 0  0 0  0 2  0
    37  0.1685962339487768E-03   3   3 0  0 0  0 0  0 0  0
    38  0.8256112473489372E-04   3   2 1  0 0  0 0  0 0  0
    39  0.1540636026654662E-04   3   1 2  0 0  0 0  0 0  0
    40  -.1081758952817101E-04   3   0 3  0 0  0 0  0 0  0
    41  -3.428593942507622       3   2 0  1 0  0 0  0 0  0
    42  -1.918890865521567       3   1 1  1 0  0 0  0 0  0
    43  0.5442236830048218       3   0 2  1 0  0 0  0 0  0
    44  -.3734626108649305E-03   3   1 0  2 0  0 0  0 0  0
    45  -.7353792114189292E-04   3   0 1  2 0  0 0  0 0  0
    46  -1.841288838209893       3   0 0  3 0  0 0  0 0  0
    47  -.6607938905576974E-01   3   2 0  0 1  0 0  0 0  0
    48  -.3605786867632202       3   1 1  0 1  0 0  0 0  0
    49  0.1508912504126756       3   0 2  0 1  0 0  0 0  0
    50  -.9894399147621458E-04   3   1 0  1 1  0 0  0 0  0
    51  0.1342638330536508E-03   3   0 1  1 1  0 0  0 0  0
    52  -1.194686183951384       3   0 0  2 1  0 0  0 0  0
    53  -.9366938133341355E-05   3   1 0  0 2  0 0  0 0  0
    54  0.9141750822962039E-05   3   0 1  0 2  0 0  0 0  0
    55  -.8580920704356237       3   0 0  1 2  0 0  0 0  0
    56  -.1505080697536618E-01   3   0 0  0 3  0 0  0 0  0
    57  0.3159883575481989E-04   3   2 0  0 0  0 1  0 0  0
    58  -.9518995365704678E-04   3   1 1  0 0  0 1  0 0  0
    59  -.1077592471226824E-04   3   0 2  0 0  0 1  0 0  0
    60  -.2599674792040291E-03   3   1 0  1 0  0 1  0 0  0
    61  0.6073420902677474E-04   3   0 1  1 0  0 1  0 0  0
    62  -.5144647322806548E-04   3   0 0  2 0  0 1  0 0  0
    63  0.7199596994806305E-04   3   1 0  0 1  0 1  0 0  0
    64  0.4649841791179693E-04   3   0 1  0 1  0 1  0 0  0
    65  0.4636968979007854E-04   3   0 0  1 1  0 1  0 0  0
    66  0.1130423554475416E-05   3   0 0  0 2  0 1  0 0  0
    67  0.3149330925957343E-04   3   2 0  0 0  0 0  1 0  0
    68  -.9487206022989520E-04   3   1 1  0 0  0 0  1 0  0
    69  -.1073993776715560E-04   3   0 2  0 0  0 0  1 0  0
    70  -.2590992998454176E-03   3   1 0  1 0  0 0  1 0  0
    71  0.6053138293944976E-04   3   0 1  1 0  0 0  1 0  0
    72  -.5127466417615729E-04   3   0 0  2 0  0 0  1 0  0
    73  0.7175553443203824E-04   3   1 0  0 1  0 0  1 0  0
    74  0.4634313323248805E-04   3   0 1  0 1  0 0  1 0  0
    75  0.4621483500722193E-04   3   0 0  1 1  0 0  1 0  0
    76  0.1126648426911401E-05   3   0 0  0 2  0 0  1 0  0
    77  -.1165817015524653E-03   3   2 0  0 0  0 0  0 1  0
    78  0.1900620138869426E-03   3   1 1  0 0  0 0  0 1  0
    79  0.1161010078463132E-04   3   0 2  0 0  0 0  0 1  0
    80  0.1054770266409963E-02   3   1 0  1 0  0 0  0 1  0
    81  -.1212655919662230E-03   3   0 1  1 0  0 0  0 1  0
    82  0.1757869536015971E-03   3   0 0  2 0  0 0  0 1  0
    83  -.1437515043801002E-03   3   1 0  0 1  0 0  0 1  0
    84  -.3737757197123819E-04   3   0 1  0 1  0 0  0 1  0
    85  -.9258452479729555E-04   3   0 0  1 1  0 0  0 1  0
    86  0.1489788067185861E-05   3   0 0  0 2  0 0  0 1  0
    87  -.2508763883357854E-06   3   1 0  0 0  0 2  0 0  0
    88  -.8951611881838670E-05   3   0 1  0 0  0 2  0 0  0
    89  0.3401895461339290E-01   3   0 0  1 0  0 2  0 0  0
    90  0.7227878753242131E-01   3   0 0  0 1  0 2  0 0  0
    91  -.2476309050405818E-06   3   1 0  0 0  0 1  1 0  0
    92  -.5991626046577024E-05   3   0 1  0 0  0 1  1 0  0
    93  0.2342549176124553E-01   3   0 0  1 0  0 1  1 0  0
    94  0.4995222276702712E-01   3   0 0  0 1  0 1  1 0  0
    95  -.2496250790448464E-06   3   1 0  0 0  0 0  2 0  0
    96  -.8911712630811436E-05   3   0 1  0 0  0 0  2 0  0
    97  0.3386623043987479E-01   3   0 0  1 0  0 0  2 0  0
    98  0.7195399807790530E-01   3   0 0  0 1  0 0  2 0  0
    99  0.7788358607568866E-06   3   1 0  0 0  0 1  0 1  0
   100  0.1194152296927160E-04   3   0 1  0 0  0 1  0 1  0
   101  -.9146340360543229E-01   3   0 0  1 0  0 1  0 1  0
   102  -.9975539646827217E-01   3   0 0  0 1  0 1  0 1  0
   103  0.7762348845881500E-06   3   1 0  0 0  0 0  1 1  0
   104  0.1190164342824578E-04   3   0 1  0 0  0 0  1 1  0
   105  -.9115795524965514E-01   3   0 0  1 0  0 0  1 1  0
   106  -.9942225642941448E-01   3   0 0  0 1  0 0  1 1  0
   107  -.7975279219700130E-06   3   1 0  0 0  0 0  0 2  0
   108  -.1206592013195917E-07   3   0 1  0 0  0 0  0 2  0
   109  0.9131067211141008E-01   3   0 0  1 0  0 0  0 2  0
   110  0.4992629707305609E-02   3   0 0  0 1  0 0  0 2  0
   111  0.3400408561763054E-06   3   0 0  0 0  0 3  0 0  0
   112  0.2100339217070529E-06   3   0 0  0 0  0 2  1 0  0
   113  0.2106794838457247E-06   3   0 0  0 0  0 1  2 0  0
   114  0.3379879374368496E-06   3   0 0  0 0  0 0  3 0  0
   115  -.8249986730436144E-06   3   0 0  0 0  0 2  0 1  0
   116  -.5658668683899558E-06   3   0 0  0 0  0 1  1 1  0
   117  -.8212986572219714E-06   3   0 0  0 0  0 0  2 1  0
   118  0.5650007645966898E-06   3   0 0  0 0  0 1  0 2  0
   119  0.5631139055059786E-06   3   0 0  0 0  0 0  1 2  0
   120  -.1468886930367759E-07   3   0 0  0 0  0 0  0 3  0
   121  -.1496754950208509E-03   4   4 0  0 0  0 0  0 0  0
   122  0.6064240415212878E-04   4   3 1  0 0  0 0  0 0  0
   123  0.5056222198790277E-04   4   2 2  0 0  0 0  0 0  0
   124  -.2787917097942688E-04   4   1 3  0 0  0 0  0 0  0
   125  0.2202553019375794E-04   4   0 4  0 0  0 0  0 0  0
   126  -.2456687107629047E-07   4   3 0  1 0  0 0  0 0  0
   127  0.1424030992364384E-02   4   2 1  1 0  0 0  0 0  0
   128  0.1992194908106743E-03   4   1 2  1 0  0 0  0 0  0
   129  0.1130567340184939E-03   4   0 3  1 0  0 0  0 0  0
   130  -.1143109556919839E-03   4   2 0  2 0  0 0  0 0  0
   131  0.1661402510534366E-02   4   1 1  2 0  0 0  0 0  0
   132  0.8190181261114280E-04   4   0 2  2 0  0 0  0 0  0
   133  -.8282670113919956E-07   4   1 0  3 0  0 0  0 0  0
   134  0.7956803252157168E-07   4   0 1  3 0  0 0  0 0  0
   135  0.2550767248714863E-03   4   0 0  4 0  0 0  0 0  0
   136  0.7120935722142276E-03   4   3 0  0 1  0 0  0 0  0
   137  0.4259730468427362E-03   4   2 1  0 1  0 0  0 0  0
   138  -.2096648875831519E-03   4   1 2  0 1  0 0  0 0  0
   139  0.3134286618578713E-04   4   0 3  0 1  0 0  0 0  0
   140  0.5739772356552568E-03   4   2 0  1 1  0 0  0 0  0
   141  0.9097694437657765E-03   4   1 1  1 1  0 0  0 0  0
   142  -.3391964430353517E-03   4   0 2  1 1  0 0  0 0  0
   143  0.1147379635977605E-02   4   1 0  2 1  0 0  0 0  0
   144  0.5015344518878593E-07   4   0 1  2 1  0 0  0 0  0
   145  0.1001887098008866E-02   4   0 0  3 1  0 0  0 0  0
   146  -.1396535074258863E-03   4   2 0  0 2  0 0  0 0  0
   147  0.1493964265706310E-03   4   1 1  0 2  0 0  0 0  0
   148  0.1305259385287307E-04   4   0 2  0 2  0 0  0 0  0
   149  0.2970062091183289E-03   4   1 0  1 2  0 0  0 0  0
   150  0.1130303279105828E-03   4   0 1  1 2  0 0  0 0  0
   151  0.3219031751030928E-03   4   0 0  2 2  0 0  0 0  0
   152  0.6724991905797282E-05   4   1 0  0 3  0 0  0 0  0
   153  0.3134390353905504E-04   4   0 1  0 3  0 0  0 0  0
   154  -.8567008505686971E-04   4   0 0  1 3  0 0  0 0  0
   155  -.1288857184967138E-04   4   0 0  0 4  0 0  0 0  0
   156  -.7949743037450111E-04   4   3 0  0 0  0 1  0 0  0
   157  -.8447380949632079E-04   4   2 1  0 0  0 1  0 0  0
   158  -.2345387134166061E-04   4   1 2  0 0  0 1  0 0  0
   159  0.1568530000772771E-04   4   0 3  0 0  0 1  0 0  0
   160   1.461831250558459       4   2 0  1 0  0 1  0 0  0
   161   1.931170358838949       4   1 1  1 0  0 1  0 0  0
   162  -.5117920248371595       4   0 2  1 0  0 1  0 0  0
   163  0.1033759751792287E-03   4   1 0  2 0  0 1  0 0  0
   164  0.7068295586167314E-04   4   0 1  2 0  0 1  0 0  0
   165   1.229574967439736       4   0 0  3 0  0 1  0 0  0
   166  -.7459825811207279E-02   4   2 0  0 1  0 1  0 0  0
   167  0.5265594117464797       4   1 1  0 1  0 1  0 0  0
   168  -.2128718863336737       4   0 2  0 1  0 1  0 0  0
   169  0.6897127504433202E-04   4   1 0  1 1  0 1  0 0  0
   170  -.1237926331530773E-03   4   0 1  1 1  0 1  0 0  0
   171   1.335876603715777       4   0 0  2 1  0 1  0 0  0
   172  0.1135081256449847E-04   4   1 0  0 2  0 1  0 0  0
   173  -.1256054271546242E-04   4   0 1  0 2  0 1  0 0  0
   174   1.008211411439630       4   0 0  1 2  0 1  0 0  0
   175  0.3099739961759770E-01   4   0 0  0 3  0 1  0 0  0
   176  -.7923194321308763E-04   4   3 0  0 0  0 0  1 0  0
   177  -.8419170337299905E-04   4   2 1  0 0  0 0  1 0  0
   178  -.2337554551782814E-04   4   1 2  0 0  0 0  1 0  0
   179  0.1563291786461510E-04   4   0 3  0 0  0 0  1 0  0
   180   1.456949364095612       4   2 0  1 0  0 0  1 0  0
   181   1.924721081996171       4   1 1  1 0  0 0  1 0  0
   182  -.5100828600092138       4   0 2  1 0  0 0  1 0  0
   183  0.1030307439676101E-03   4   1 0  2 0  0 0  1 0  0
   184  0.7044690524690742E-04   4   0 1  2 0  0 0  1 0  0
   185   1.225468716881540       4   0 0  3 0  0 0  1 0  0
   186  -.7434913207492332E-02   4   2 0  0 1  0 0  1 0  0
   187  0.5248009302096351       4   1 1  0 1  0 0  1 0  0
   188  -.2121609859614082       4   0 2  0 1  0 0  1 0  0
   189  0.6874094070591816E-04   4   1 0  1 1  0 0  1 0  0
   190  -.1233792191015193E-03   4   0 1  1 1  0 0  1 0  0
   191   1.331415351498612       4   0 0  2 1  0 0  1 0  0
   192  0.1131290574168188E-04   4   1 0  0 2  0 0  1 0  0
   193  -.1251859591522477E-04   4   0 1  0 2  0 0  1 0  0
   194   1.004844419771271       4   0 0  1 2  0 0  1 0  0
   195  0.3089388165988651E-01   4   0 0  0 3  0 0  1 0  0
   196  0.3273256075363656E-03   4   3 0  0 0  0 0  0 1  0
   197  0.1686655128693193E-03   4   2 1  0 0  0 0  0 1  0
   198  0.3142305659294277E-04   4   1 2  0 0  0 0  0 1  0
   199  -.9683038816000646E-05   4   0 3  0 0  0 0  0 1  0
   200  -6.347374557161692       4   2 0  1 0  0 0  0 1  0
   201  -3.855891440835102       4   1 1  1 0  0 0  0 1  0
   202  0.4776512018415477       4   0 2  1 0  0 0  0 1  0
   203  -.5798693300117657E-03   4   1 0  2 0  0 0  0 1  0
   204  -.1411298611085779E-03   4   0 1  2 0  0 0  0 1  0
   205  -4.296332522531184       4   0 0  3 0  0 0  0 1  0
   206  0.1489473901869834E-01   4   2 0  0 1  0 0  0 1  0
   207  -.6907816551929010       4   1 1  0 1  0 0  0 1  0
   208  0.1232503714697287       4   0 2  0 1  0 0  0 1  0
   209  -.1377122157502460E-03   4   1 0  1 1  0 0  0 1  0
   210  0.1129080192009473E-03   4   0 1  1 1  0 0  0 1  0
   211  -2.667291955214414       4   0 0  2 1  0 0  0 1  0
   212  -.1329678017283841E-04   4   1 0  0 2  0 0  0 1  0
   213  0.6795636984763246E-05   4   0 1  0 2  0 0  0 1  0
   214  -1.154963760775290       4   0 0  1 2  0 0  0 1  0
   215  -.3178966732675435E-01   4   0 0  0 3  0 0  0 1  0
   216  -.2319634252883019E-04   4   2 0  0 0  0 2  0 0  0
   217  -.1469706976287817E-04   4   1 1  0 0  0 2  0 0  0
   218  0.4557446058061758E-04   4   0 2  0 0  0 2  0 0  0
   219  -.2505355684551119E-03   4   1 0  1 0  0 2  0 0  0
   220  0.1346633410370778E-03   4   0 1  1 0  0 2  0 0  0
   221  -.1513742181354931E-03   4   0 0  2 0  0 2  0 0  0
   222  -.1764683957595940E-03   4   1 0  0 1  0 2  0 0  0
   223  0.5210277461054872E-04   4   0 1  0 1  0 2  0 0  0
   224  -.3222202297644085E-03   4   0 0  1 1  0 2  0 0  0
   225  -.2256616800165931E-04   4   0 0  0 2  0 2  0 0  0
   226  -.8540622472693151E-05   4   2 0  0 0  0 1  1 0  0
   227  -.4854203537975201E-04   4   1 1  0 0  0 1  1 0  0
   228  0.5103521238002710E-04   4   0 2  0 0  0 1  1 0  0
   229  -.3011214569798140E-03   4   1 0  1 0  0 1  1 0  0
   230  0.1559320671595550E-03   4   0 1  1 0  0 1  1 0  0
   231  -.1677468441425796E-03   4   0 0  2 0  0 1  1 0  0
   232  -.1719013508229256E-03   4   1 0  0 1  0 1  1 0  0
   233  0.7266805914606003E-04   4   0 1  0 1  0 1  1 0  0
   234  -.3312771863868629E-03   4   0 0  1 1  0 1  1 0  0
   235  -.2724449666696657E-04   4   0 0  0 2  0 1  1 0  0
   236  -.2310461574084093E-04   4   2 0  0 0  0 0  2 0  0
   237  -.1456693314242640E-04   4   1 1  0 0  0 0  2 0  0
   238  0.4533704371170701E-04   4   0 2  0 0  0 0  2 0  0
   239  -.2491960796587090E-03   4   1 0  1 0  0 0  2 0  0
   240  0.1339532505494448E-03   4   0 1  1 0  0 0  2 0  0
   241  -.1505885923871715E-03   4   0 0  2 0  0 0  2 0  0
   242  -.1755920291402231E-03   4   1 0  0 1  0 0  2 0  0
   243  0.5180743379265612E-04   4   0 1  0 1  0 0  2 0  0
   244  -.3205909915177462E-03   4   0 0  1 1  0 0  2 0  0
   245  -.2244531428495917E-04   4   0 0  0 2  0 0  2 0  0
   246  0.5588828710132526E-04   4   2 0  0 0  0 1  0 1  0
   247  0.3115176499346420E-04   4   1 1  0 0  0 1  0 1  0
   248  -.3529054589121538E-04   4   0 2  0 0  0 1  0 1  0
   249  0.4010911319243507E-03   4   1 0  1 0  0 1  0 1  0
   250  -.9940040536522876E-04   4   0 1  1 0  0 1  0 1  0
   251  0.3026094042995032E-03   4   0 0  2 0  0 1  0 1  0
   252  0.2344078367468036E-03   4   1 0  0 1  0 1  0 1  0
   253  -.2564822813128786E-04   4   0 1  0 1  0 1  0 1  0
   254  0.4092533082282600E-03   4   0 0  1 1  0 1  0 1  0
   255  0.2498133394226383E-04   4   0 0  0 2  0 1  0 1  0
   256  0.5570164430508756E-04   4   2 0  0 0  0 0  1 1  0
   257  0.3104773152191446E-04   4   1 1  0 0  0 0  1 1  0
   258  -.3517269067489885E-04   4   0 2  0 0  0 0  1 1  0
   259  0.3997516603768915E-03   4   1 0  1 0  0 0  1 1  0
   260  -.9906845084368687E-04   4   0 1  1 0  0 0  1 1  0
   261  0.3015988192857979E-03   4   0 0  2 0  0 0  1 1  0
   262  0.2336250155801591E-03   4   1 0  0 1  0 0  1 1  0
   263  -.2556257410134271E-04   4   0 1  0 1  0 0  1 1  0
   264  0.4078865785290885E-03   4   0 0  1 1  0 0  1 1  0
   265  0.2489790705154015E-04   4   0 0  0 2  0 0  1 1  0
   266  -.5674835177090903E-04   4   2 0  0 0  0 0  0 2  0
   267  -.2969871025773361E-04   4   1 1  0 0  0 0  0 2  0
   268  -.1991106653905871E-05   4   0 2  0 0  0 0  0 2  0
   269  0.1031281519272368E-07   4   1 0  1 0  0 0  0 2  0
   270  0.1260145777448194E-08   4   0 1  1 0  0 0  0 2  0
   271  -.1344985673090710E-03   4   0 0  2 0  0 0  0 2  0
   272  -.1896353690831409E-04   4   1 0  0 1  0 0  0 2  0
   273  0.9041397356451340E-10   4   0 1  0 1  0 0  0 2  0
   274  -.5868567733497598E-04   4   0 0  1 1  0 0  0 2  0
   275  -.2678272673975816E-05   4   0 0  0 2  0 0  0 2  0
   276  0.2661232781064123E-06   4   1 0  0 0  0 3  0 0  0
   277  0.7452210130035294E-05   4   0 1  0 0  0 3  0 0  0
   278  -.2869879909822136E-01   4   0 0  1 0  0 3  0 0  0
   279  -.6106361849867203E-01   4   0 0  0 1  0 3  0 0  0
   280  0.2818011024793099E-06   4   1 0  0 0  0 2  1 0  0
   281  0.4469468642505844E-05   4   0 1  0 0  0 2  1 0  0
   282  -.1807641024538488E-01   4   0 0  1 0  0 2  1 0  0
   283  -.3867107486355151E-01   4   0 0  0 1  0 2  1 0  0
   284  0.2817181147143581E-06   4   1 0  0 0  0 1  2 0  0
   285  0.4484285580791242E-05   4   0 1  0 0  0 1  2 0  0
   286  -.1812914144305679E-01   4   0 0  1 0  0 1  2 0  0
   287  -.3878222549517479E-01   4   0 0  0 1  0 1  2 0  0
   288  0.2643212017494076E-06   4   1 0  0 0  0 0  3 0  0
   289  0.7407441386584034E-05   4   0 1  0 0  0 0  3 0  0
   290  -.2852495428908473E-01   4   0 0  1 0  0 0  3 0  0
   291  -.6069337365698858E-01   4   0 0  0 1  0 0  3 0  0
   292  -.8007786745128748E-06   4   1 0  0 0  0 2  0 1  0
   293  -.8956000499433572E-05   4   0 1  0 0  0 2  0 1  0
   294  0.7015384544616364E-01   4   0 0  1 0  0 2  0 1  0
   295  0.7730433557181234E-01   4   0 0  0 1  0 2  0 1  0
   296  -.8225662429094102E-06   4   1 0  0 0  0 1  1 1  0
   297  -.5990285566131109E-05   4   0 1  0 0  0 1  1 1  0
   298  0.4898559670461491E-01   4   0 0  1 0  0 1  1 1  0
   299  0.5500211586930246E-01   4   0 0  0 1  0 1  1 1  0
   300  -.7967309104008899E-06   4   1 0  0 0  0 0  2 1  0
   301  -.8916088830707027E-05   4   0 1  0 0  0 0  2 1  0
   302  0.6983776643982378E-01   4   0 0  1 0  0 0  2 1  0
   303  0.7695433071892850E-01   4   0 0  0 1  0 0  2 1  0
   304  0.8036017974080803E-06   4   1 0  0 0  0 1  0 2  0
   305  0.1891275407439500E-07   4   0 1  0 0  0 1  0 2  0
   306  -.4891494447352474E-01   4   0 0  1 0  0 1  0 2  0
   307  -.5049993476309910E-02   4   0 0  0 1  0 1  0 2  0
   308  0.8009181136827624E-06   4   1 0  0 0  0 0  1 2  0
   309  0.1884959362542830E-07   4   0 1  0 0  0 0  1 2  0
   310  -.4875158963679849E-01   4   0 0  1 0  0 0  1 2  0
   311  -.5033128674178889E-02   4   0 0  0 1  0 0  1 2  0
   312  -.2689973295867041E-06   4   1 0  0 0  0 0  0 3  0
   313  -.4543502391801025E-08   4   0 1  0 0  0 0  0 3  0
   314  0.2118620666304469E-02   4   0 0  1 0  0 0  0 3  0
   315  0.3262091195919572E-04   4   0 0  0 1  0 0  0 3  0
   316  0.6619452940836619E-05   4   0 0  0 0  0 4  0 0  0
   317  0.4053850633523100E-05   4   0 0  0 0  0 3  1 0  0
   318  0.3714759606592890E-05   4   0 0  0 0  0 2  2 0  0
   319  0.4071948808208125E-05   4   0 0  0 0  0 1  3 0  0
   320  0.6568541660551887E-05   4   0 0  0 0  0 0  4 0  0
   321  -.7908890531253873E-05   4   0 0  0 0  0 3  0 1  0
   322  -.5254472290073774E-05   4   0 0  0 0  0 2  1 1  0
   323  -.5267636901266232E-05   4   0 0  0 0  0 1  2 1  0
   324  -.7860527713181744E-05   4   0 0  0 0  0 0  3 1  0
   325  0.3959904903213879E-06   4   0 0  0 0  0 2  0 2  0
   326  0.4772120199200697E-06   4   0 0  0 0  0 1  1 2  0
   327  0.3938712114628193E-06   4   0 0  0 0  0 0  2 2  0
   328  -.2052606960563921E-08   4   0 0  0 0  0 1  0 3  0
   329  -.2045752137799327E-08   4   0 0  0 0  0 0  1 3  0
   330  -.8696392226915335E-15   4   0 0  0 0  0 0  0 4  0
   -------------------------------------------------------
     I  COEFFICIENT            ORDER EXPONENTS
     1  0.4339831839962052E-08   0   0 0  0 0  0 0  0 0  0
     2  0.2414685553815437E-05   1   1 0  0 0  0 0  0 0  0
     3  -.2952027896149591E-05   1   0 1  0 0  0 0  0 0  0
     4  0.1102669422756543E-05   1   0 0  1 0  0 0  0 0  0
     5  0.1426013216265054E-05   1   0 0  0 1  0 0  0 0  0
     6   1.000000000000000       1   0 0  0 0  1 0  0 0  0
     7  0.7422607583926422E-01   1   0 0  0 0  0 1  0 0  0
     8  -.7422607572817308E-01   1   0 0  0 0  0 0  1 0  0
     9  -.1110918774169566E-09   1   0 0  0 0  0 0  0 1  0
    10  -.3082890103145117E-01   2   2 0  0 0  0 0  0 0  0
    11  0.8168023831383109E-01   2   1 1  0 0  0 0  0 0  0
    12  -.6798653681758392E-01   2   0 2  0 0  0 0  0 0  0
    13  0.5118239587660751E-06   2   1 0  1 0  0 0  0 0  0
    14  0.1193585623895150E-04   2   0 1  1 0  0 0  0 0  0
    15  -.3470391086846408E-01   2   0 0  2 0  0 0  0 0  0
    16  0.1193594813669876E-04   2   1 0  0 1  0 0  0 0  0
    17  0.1829631955810138E-05   2   0 1  0 1  0 0  0 0  0
    18  -.9828290409436466E-01   2   0 0  1 1  0 0  0 0  0
    19  -.8177873638196244E-01   2   0 0  0 2  0 0  0 0  0
    20  -.3564522430534046E-05   2   1 0  0 0  0 1  0 0  0
    21  0.4288081216959001E-05   2   0 1  0 0  0 1  0 0  0
    22  -.1672578295959188E-05   2   0 0  1 0  0 1  0 0  0
    23  -.2192954968248900E-05   2   0 0  0 1  0 1  0 0  0
    24  -.1154032890601313E-05   2   1 0  0 0  0 0  1 0  0
    25  0.1341415225871012E-05   2   0 1  0 0  0 0  1 0  0
    26  -.5716769663033052E-06   2   0 0  1 0  0 0  1 0  0
    27  -.7691287868327488E-06   2   0 0  0 1  0 0  1 0  0
    28  0.4718551724247345E-05   2   1 0  0 0  0 0  0 1  0
    29  -.2677460852710675E-05   2   0 1  0 0  0 0  0 1  0
    30  0.2244258760445702E-05   2   0 0  1 0  0 0  0 1  0
    31  0.1536078187283445E-05   2   0 0  0 1  0 0  0 1  0
    32  -.5576266856263331E-01   2   0 0  0 0  0 2  0 0  0
    33  0.3729926112141671E-01   2   0 0  0 0  0 1  1 0  0
    34  0.1846340727653564E-01   2   0 0  0 0  0 0  2 0  0
    35  0.1645836726828391E-09   2   0 0  0 0  0 1  0 1  0
    36  0.5368291574315805E-10   2   0 0  0 0  0 0  1 1  0
    37  -.5358743989594053E-10   2   0 0  0 0  0 0  0 2  0
    38  -.1702797165298569E-04   3   3 0  0 0  0 0  0 0  0
    39  0.8894174004547213E-04   3   2 1  0 0  0 0  0 0  0
    40  -.6314438146198739E-05   3   1 2  0 0  0 0  0 0  0
    41  -.5738319254595930E-05   3   0 3  0 0  0 0  0 0  0
    42  0.2254928416399676E-04   3   2 0  1 0  0 0  0 0  0
    43  0.9409854384394113E-04   3   1 1  1 0  0 0  0 0  0
    44  -.9826912278967159E-05   3   0 2  1 0  0 0  0 0  0
    45  0.6224919326558657E-04   3   1 0  2 0  0 0  0 0  0
    46  -.3956555717906357E-04   3   0 1  2 0  0 0  0 0  0
    47  0.8142652853745393E-05   3   0 0  3 0  0 0  0 0  0
    48  0.4749340047278120E-04   3   2 0  0 1  0 0  0 0  0
    49  0.2175496039421885E-05   3   1 1  0 1  0 0  0 0  0
    50  0.1448965863610609E-05   3   0 2  0 1  0 0  0 0  0
    51  -.8033136592578859E-04   3   1 0  1 1  0 0  0 0  0
    52  0.5342891422602266E-05   3   0 1  1 1  0 0  0 0  0
    53  0.5566263188268333E-05   3   0 0  2 1  0 0  0 0  0
    54  0.3909471039812834E-04   3   1 0  0 2  0 0  0 0  0
    55  -.1237038111483299E-05   3   0 1  0 2  0 0  0 0  0
    56  0.3311167266350391E-04   3   0 0  1 2  0 0  0 0  0
    57  0.5556657693769348E-05   3   0 0  0 3  0 0  0 0  0
    58  0.4527420948359662E-01   3   2 0  0 0  0 1  0 0  0
    59  -.1184783637516271       3   1 1  0 0  0 1  0 0  0
    60  0.9875655412846363E-01   3   0 2  0 0  0 1  0 0  0
    61  -.1031678216087211E-05   3   1 0  1 0  0 1  0 0  0
    62  -.1793096124251066E-04   3   0 1  1 0  0 1  0 0  0
    63  0.5302182320211091E-01   3   0 0  2 0  0 1  0 0  0
    64  -.1791637650011963E-04   3   1 0  0 1  0 1  0 0  0
    65  -.3688099373402781E-05   3   0 1  0 1  0 1  0 0  0
    66  0.1516740231191377       3   0 0  1 1  0 1  0 0  0
    67  0.1263332407518590       3   0 0  0 2  0 1  0 0  0
    68  0.1449968474404937E-01   3   2 0  0 0  0 0  1 0  0
    69  -.3694711869217302E-01   3   1 1  0 0  0 0  1 0  0
    70  0.3089355664864697E-01   3   0 2  0 0  0 0  1 0  0
    71  -.5162808377588572E-06   3   1 0  1 0  0 0  1 0  0
    72  -.6009740613744946E-05   3   0 1  1 0  0 0  1 0  0
    73  0.1837225293659785E-01   3   0 0  2 0  0 0  1 0  0
    74  -.6000034423416403E-05   3   1 0  0 1  0 0  1 0  0
    75  -.1846591914757921E-05   3   0 1  0 1  0 0  1 0  0
    76  0.5353996139170546E-01   3   0 0  1 1  0 0  1 0  0
    77  0.4467791806528669E-01   3   0 0  0 2  0 0  1 0  0
    78  -.5977390330565048E-01   3   2 0  0 0  0 0  0 1  0
    79  0.7374529578879921E-01   3   1 1  0 0  0 0  0 1  0
    80  0.6322919360074569E-02   3   0 2  0 0  0 0  0 1  0
    81  0.1544214283981169E-05   3   1 0  1 0  0 0  0 1  0
    82  0.1198885013437933E-04   3   0 1  1 0  0 0  0 1  0
    83  -.7139408365438145E-01   3   0 0  2 0  0 0  0 1  0
    84  0.1198399565699715E-04   3   1 0  0 1  0 0  0 1  0
    85  0.1827951856561716E-05   3   0 1  0 1  0 0  0 1  0
    86  -.1069311362976162       3   0 0  1 1  0 0  0 1  0
    87  -.7453737287269857E-02   3   0 0  0 2  0 0  0 1  0
    88  0.4399792693042437E-05   3   1 0  0 0  0 2  0 0  0
    89  -.5222860882327639E-05   3   0 1  0 0  0 2  0 0  0
    90  0.2109839311062080E-05   3   0 0  1 0  0 2  0 0  0
    91  0.2795883609000824E-05   3   0 0  0 1  0 2  0 0  0
    92  0.1672673599926498E-05   3   1 0  0 0  0 1  1 0  0
    93  -.1872281107750873E-05   3   0 1  0 0  0 1  1 0  0
    94  0.8754169677074194E-06   3   0 0  1 0  0 1  1 0  0
    95  0.1206962027393604E-05   3   0 0  0 1  0 1  1 0  0
    96  0.8394692463597440E-06   3   1 0  0 0  0 0  2 0  0
    97  -.9401430325568665E-06   3   0 1  0 0  0 0  2 0  0
    98  0.4390267419387665E-06   3   0 0  1 0  0 0  2 0  0
    99  0.6051107191005307E-06   3   0 0  0 1  0 0  2 0  0
   100  -.6907748889036603E-05   3   1 0  0 0  0 1  0 1  0
   101  0.3741864448205766E-05   3   0 1  0 0  0 1  0 1  0
   102  -.3422508589588035E-05   3   0 0  1 0  0 1  0 1  0
   103  -.2412797836093895E-05   3   0 0  0 1  0 1  0 1  0
   104  -.2197591494405734E-05   3   1 0  0 0  0 0  1 1  0
   105  0.1069760650679930E-05   3   0 1  0 0  0 0  1 1  0
   106  -.1181784810027932E-05   3   0 0  1 0  0 0  1 1  0
   107  -.8789044907537276E-06   3   0 0  0 1  0 0  1 1  0
   108  0.2193396187613178E-05   3   1 0  0 0  0 0  0 2  0
   109  0.2716493790963418E-06   3   0 1  0 0  0 0  0 2  0
   110  0.1180016221324443E-05   3   0 0  1 0  0 0  0 2  0
   111  0.1097729606665838E-06   3   0 0  0 1  0 0  0 2  0
   112  0.4648453043526074E-01   3   0 0  0 0  0 3  0 0  0
   113  -.2792828283469613E-01   3   0 0  0 0  0 2  1 0  0
   114  -.9370983820833127E-02   3   0 0  0 0  0 1  2 0  0
   115  -.9185278762104879E-02   3   0 0  0 0  0 0  3 0  0
   116  -.9404048776321641E-09   3   0 0  0 0  0 2  0 1  0
   117  -.3989124583304151E-09   3   0 0  0 0  0 1  1 1  0
   118  -.2000221118728074E-09   3   0 0  0 0  0 0  2 1  0
   119  -.5495765179842774E-10   3   0 0  0 0  0 1  0 2  0
   120  -.4205104683601889E-10   3   0 0  0 0  0 0  1 2  0
   121  -.3076417932946928E-13   3   0 0  0 0  0 0  0 3  0
   122  -.9967268351370251E-01   4   4 0  0 0  0 0  0 0  0
   123  -.1760606132078223       4   3 1  0 0  0 0  0 0  0
   124  0.6171041950224589E-01   4   2 2  0 0  0 0  0 0  0
   125  0.1196249270482725       4   1 3  0 0  0 0  0 0  0
   126  -.3919757380376968E-01   4   0 4  0 0  0 0  0 0  0
   127  0.1023173104283044E-03   4   3 0  1 0  0 0  0 0  0
   128  0.3471049551448088E-04   4   2 1  1 0  0 0  0 0  0
   129  -.1818962033130775E-04   4   1 2  1 0  0 0  0 0  0
   130  0.1538021689391367E-04   4   0 3  1 0  0 0  0 0  0
   131  -.9704435537613395       4   2 0  2 0  0 0  0 0  0
   132  -.3361745750791918       4   1 1  2 0  0 0  0 0  0
   133  0.2094066566869546       4   0 2  2 0  0 0  0 0  0
   134  -.3866312379749558E-04   4   1 0  3 0  0 0  0 0  0
   135  0.2086577295612471E-04   4   0 1  3 0  0 0  0 0  0
   136  -.3397859856435768       4   0 0  4 0  0 0  0 0  0
   137  0.1355596876554155E-04   4   3 0  0 1  0 0  0 0  0
   138  0.5986964422977549E-04   4   2 1  0 1  0 0  0 0  0
   139  0.2167623584929664E-04   4   1 2  0 1  0 0  0 0  0
   140  0.4818908764418040E-05   4   0 3  0 1  0 0  0 0  0
   141  -.3800300291199957       4   2 0  1 1  0 0  0 0  0
   142  -.2176995813187967E-01   4   1 1  1 1  0 0  0 0  0
   143  -.1121788556136514       4   0 2  1 1  0 0  0 0  0
   144  0.5666518660647096E-04   4   1 0  2 1  0 0  0 0  0
   145  0.1228742136139528E-03   4   0 1  2 1  0 0  0 0  0
   146  -.6506424833391317       4   0 0  3 1  0 0  0 0  0
   147  -.3790820017058232       4   2 0  0 2  0 0  0 0  0
   148  0.7196015065468865E-01   4   1 1  0 2  0 0  0 0  0
   149  -.1146126141238037       4   0 2  0 2  0 0  0 0  0
   150  0.4472183034658870E-04   4   1 0  1 2  0 0  0 0  0
   151  0.4220085611853949E-04   4   0 1  1 2  0 0  0 0  0
   152  -.7271511110352491       4   0 0  2 2  0 0  0 0  0
   153  0.2219427846525991E-04   4   1 0  0 3  0 0  0 0  0
   154  0.6192579888878441E-05   4   0 1  0 3  0 0  0 0  0
   155  -.2626881706940733       4   0 0  1 3  0 0  0 0  0
   156  -.8056018371046952E-01   4   0 0  0 4  0 0  0 0  0
   157  0.9683094087581079E-04   4   3 0  0 0  0 1  0 0  0
   158  -.1347286108502441E-03   4   2 1  0 0  0 1  0 0  0
   159  -.1685758019313700E-03   4   1 2  0 0  0 1  0 0  0
   160  0.8346766839372479E-04   4   0 3  0 0  0 1  0 0  0
   161  0.7763442874950100E-04   4   2 0  1 0  0 1  0 0  0
   162  -.1359894387428040E-03   4   1 1  1 0  0 1  0 0  0
   163  0.5037576461603709E-04   4   0 2  1 0  0 1  0 0  0
   164  0.1010965069667375E-03   4   1 0  2 0  0 1  0 0  0
   165  -.9298775915752678E-04   4   0 1  2 0  0 1  0 0  0
   166  0.1751153335889644E-03   4   0 0  3 0  0 1  0 0  0
   167  0.1277463261680152E-03   4   2 0  0 1  0 1  0 0  0
   168  -.4824022992095416E-04   4   1 1  0 1  0 1  0 0  0
   169  0.7023353385550316E-04   4   0 2  0 1  0 1  0 0  0
   170  0.1382572417716284E-03   4   1 0  1 1  0 1  0 0  0
   171  0.1089838992107561E-03   4   0 1  1 1  0 1  0 0  0
   172  0.4150444611492512E-03   4   0 0  2 1  0 1  0 0  0
   173  -.8614331331832717E-04   4   1 0  0 2  0 1  0 0  0
   174  0.1192633034048726E-03   4   0 1  0 2  0 1  0 0  0
   175  0.2052170566571637E-03   4   0 0  1 2  0 1  0 0  0
   176  0.9733506227083621E-04   4   0 0  0 3  0 1  0 0  0
   177  0.3535188447879124E-04   4   3 0  0 0  0 0  1 0  0
   178  -.3095250302578105E-04   4   2 1  0 0  0 0  1 0  0
   179  -.9779141691136756E-04   4   1 2  0 0  0 0  1 0  0
   180  0.4751875389334733E-04   4   0 3  0 0  0 0  1 0  0
   181  0.4270752981399711E-04   4   2 0  1 0  0 0  1 0  0
   182  -.4812795556142638E-04   4   1 1  1 0  0 0  1 0  0
   183  0.2853314238435365E-04   4   0 2  1 0  0 0  1 0  0
   184  0.5468533616697719E-04   4   1 0  2 0  0 0  1 0  0
   185  -.5223679041634107E-04   4   0 1  2 0  0 0  1 0  0
   186  0.9465326260051831E-04   4   0 0  3 0  0 0  1 0  0
   187  0.7798318242304726E-04   4   2 0  0 1  0 0  1 0  0
   188  -.2804997993280502E-04   4   1 1  0 1  0 0  1 0  0
   189  0.4227117210535077E-04   4   0 2  0 1  0 0  1 0  0
   190  0.3842061887624181E-04   4   1 0  1 1  0 0  1 0  0
   191  0.6721937071374771E-04   4   0 1  1 1  0 0  1 0  0
   192  0.2279824408017753E-03   4   0 0  2 1  0 0  1 0  0
   193  -.4722894066835249E-04   4   1 0  0 2  0 0  1 0  0
   194  0.7177703399148848E-04   4   0 1  0 2  0 0  1 0  0
   195  0.1318364629754711E-03   4   0 0  1 2  0 0  1 0  0
   196  0.6100233832325524E-04   4   0 0  0 3  0 0  1 0  0
   197  -.9561776522854165E-04   4   3 0  0 0  0 0  0 1  0
   198  0.3602001743366327E-04   4   2 1  0 0  0 0  0 1  0
   199  0.5044268716867822E-04   4   1 2  0 0  0 0  0 1  0
   200  0.9306247226959850E-05   4   0 3  0 0  0 0  0 1  0
   201  -.7259319981262935E-04   4   2 0  1 0  0 0  0 1  0
   202  0.9886653030613731E-04   4   1 1  1 0  0 0  0 1  0
   203  -.2118190940590429E-04   4   0 2  1 0  0 0  0 1  0
   204  -.8596749523252500E-04   4   1 0  2 0  0 0  0 1  0
   205  0.1751213575126132E-04   4   0 1  2 0  0 0  0 1  0
   206  -.1880107810952132E-03   4   0 0  3 0  0 0  0 1  0
   207  -.6080053194959492E-04   4   2 0  0 1  0 0  0 1  0
   208  0.1786842741552439E-04   4   1 1  0 1  0 0  0 1  0
   209  0.3941756351749633E-07   4   0 2  0 1  0 0  0 1  0
   210  -.7212564467347795E-04   4   1 0  1 1  0 0  0 1  0
   211  -.4625909771271359E-04   4   0 1  1 1  0 0  0 1  0
   212  -.2733770390107308E-03   4   0 0  2 1  0 0  0 1  0
   213  0.4064621053493617E-04   4   1 0  0 2  0 0  0 1  0
   214  -.1221700440564777E-05   4   0 1  0 2  0 0  0 1  0
   215  -.9166466792574567E-04   4   0 0  1 2  0 0  0 1  0
   216  -.9096580077964942E-05   4   0 0  0 3  0 0  0 1  0
   217  -.5565120277359403E-01   4   2 0  0 0  0 2  0 0  0
   218  0.1441597393707373       4   1 1  0 0  0 2  0 0  0
   219  -.1203420577453000       4   0 2  0 0  0 2  0 0  0
   220  0.1553034256799053E-05   4   1 0  1 0  0 2  0 0  0
   221  0.2242759876870333E-04   4   0 1  1 0  0 2  0 0  0
   222  -.6726897406104165E-01   4   0 0  2 0  0 2  0 0  0
   223  0.2243388166076504E-04   4   1 0  0 1  0 2  0 0  0
   224  0.5494341059644726E-05   4   0 1  0 1  0 2  0 0  0
   225  -.1939385779867960       4   0 0  1 1  0 2  0 0  0
   226  -.1616954041680222       4   0 0  0 2  0 2  0 0  0
   227  -.2078151678493043E-01   4   2 0  0 0  0 1  1 0  0
   228  0.5143796190525326E-01   4   1 1  0 0  0 1  1 0  0
   229  -.4323315452770610E-01   4   0 2  0 0  0 1  1 0  0
   230  0.1037218733539911E-05   4   1 0  1 0  0 1  1 0  0
   231  0.9014036836210823E-05   4   0 1  1 0  0 1  1 0  0
   232  -.2852185398909360E-01   4   0 0  2 0  0 1  1 0  0
   233  0.9036866489099424E-05   4   1 0  0 1  0 1  1 0  0
   234  0.3635899150469617E-05   4   0 1  0 1  0 1  1 0  0
   235  -.8460439118199779E-01   4   0 0  1 1  0 1  1 0  0
   236  -.7078652470281475E-01   4   0 0  0 2  0 1  1 0  0
   237  -.1043132099317933E-01   4   2 0  0 0  0 0  2 0  0
   238  0.2583005765488611E-01   4   1 1  0 0  0 0  2 0  0
   239  -.2170856647230680E-01   4   0 2  0 0  0 0  2 0  0
   240  0.5231811081691732E-06   4   1 0  1 0  0 0  2 0  0
   241  0.4521855480845718E-05   4   0 1  1 0  0 0  2 0  0
   242  -.1430143474039768E-01   4   0 0  2 0  0 0  2 0  0
   243  0.4535320169360064E-05   4   1 0  0 1  0 0  2 0  0
   244  0.1818253415816734E-05   4   0 1  0 1  0 0  2 0  0
   245  -.4241303923567430E-01   4   0 0  1 1  0 0  2 0  0
   246  -.3548505886053301E-01   4   0 0  0 2  0 0  2 0  0
   247  0.8680970249239202E-01   4   2 0  0 0  0 1  0 1  0
   248  -.1028006093538772       4   1 1  0 0  0 1  0 1  0
   249  -.1235248430839333E-01   4   0 2  0 0  0 1  0 1  0
   250  -.3100007468236072E-05   4   1 0  1 0  0 1  0 1  0
   251  -.1804091791490132E-04   4   0 1  1 0  0 1  0 1  0
   252  0.1100379803298294       4   0 0  2 0  0 1  0 1  0
   253  -.1804428330970486E-04   4   1 0  0 1  0 1  0 1  0
   254  -.3653669458153824E-05   4   0 1  0 1  0 1  0 1  0
   255  0.1691334159691798       4   0 0  1 1  0 1  0 1  0
   256  0.1517751657639617E-01   4   0 0  0 2  0 1  0 1  0
   257  0.2714446370569464E-01   4   2 0  0 0  0 0  1 1  0
   258  -.2920373638769526E-01   4   1 1  0 0  0 0  1 1  0
   259  -.6030474107885299E-02   4   0 2  0 0  0 0  1 1  0
   260  -.1555737293524873E-05   4   1 0  1 0  0 0  1 1  0
   261  -.6071760367070462E-05   4   0 1  1 0  0 0  1 1  0
   262  0.3875247194930640E-01   4   0 0  2 0  0 0  1 1  0
   263  -.6079936630703088E-05   4   1 0  0 1  0 0  1 1  0
   264  -.1825704676402509E-05   4   0 1  0 1  0 0  1 1  0
   265  0.6235046220548662E-01   4   0 0  1 1  0 0  1 1  0
   266  0.7722794335745033E-02   4   0 0  0 2  0 0  1 1  0
   267  -.2709012736533877E-01   4   2 0  0 0  0 0  0 2  0
   268  -.7743137403392148E-02   4   1 1  0 0  0 0  0 2  0
   269  -.2929042207111544E-03   4   0 2  0 0  0 0  0 2  0
   270  0.1546197197693526E-05   4   1 0  1 0  0 0  0 2  0
   271  0.7221849456601100E-07   4   0 1  1 0  0 0  0 2  0
   272  -.3869818657926743E-01   4   0 0  2 0  0 0  0 2  0
   273  0.7156602655056314E-07   4   1 0  0 1  0 0  0 2  0
   274  -.2738689314043274E-08   4   0 1  0 1  0 0  0 2  0
   275  -.8810791423933099E-02   4   0 0  1 1  0 0  0 2  0
   276  -.2695486955987899E-03   4   0 0  0 2  0 0  0 2  0
   277  -.3664491341152192E-04   4   1 0  0 0  0 3  0 0  0
   278  0.5972981949936577E-04   4   0 1  0 0  0 3  0 0  0
   279  0.2729331477788774E-04   4   0 0  1 0  0 3  0 0  0
   280  0.4621214335176305E-04   4   0 0  0 1  0 3  0 0  0
   281  -.1359387340876555E-04   4   1 0  0 0  0 2  1 0  0
   282  0.2222667436947278E-04   4   0 1  0 0  0 2  1 0  0
   283  0.1309836045765638E-04   4   0 0  1 0  0 2  1 0  0
   284  0.2221455801479916E-04   4   0 0  0 1  0 2  1 0  0
   285  -.7843412672028315E-05   4   1 0  0 0  0 1  2 0  0
   286  0.1284610718134739E-04   4   0 1  0 0  0 1  2 0  0
   287  0.8085153799904776E-05   4   0 0  1 0  0 1  2 0  0
   288  0.1372279155145154E-04   4   0 0  0 1  0 1  2 0  0
   289  -.4564021307485641E-05   4   1 0  0 0  0 0  3 0  0
   290  0.7462060259351095E-05   4   0 1  0 0  0 0  3 0  0
   291  0.4383436076063448E-05   4   0 0  1 0  0 0  3 0  0
   292  0.7434074846268034E-05   4   0 0  0 1  0 0  3 0  0
   293  0.2934915099291033E-04   4   1 0  0 0  0 2  0 1  0
   294  0.5554681775377002E-05   4   0 1  0 0  0 2  0 1  0
   295  -.2475314568682469E-04   4   0 0  1 0  0 2  0 1  0
   296  -.3780720877978099E-05   4   0 0  0 1  0 2  0 1  0
   297  0.9138208914915342E-05   4   1 0  0 0  0 1  1 1  0
   298  0.4217280426262614E-05   4   0 1  0 0  0 1  1 1  0
   299  -.1165782313764618E-04   4   0 0  1 0  0 1  1 1  0
   300  -.3067364146951055E-05   4   0 0  0 1  0 1  1 1  0
   301  0.4595059294734670E-05   4   1 0  0 0  0 0  2 1  0
   302  0.2107321435484653E-05   4   0 1  0 0  0 0  2 1  0
   303  -.5840906877111972E-05   4   0 0  1 0  0 0  2 1  0
   304  -.1532291224231834E-05   4   0 0  0 1  0 0  2 1  0
   305  0.1547211805459210E-05   4   1 0  0 0  0 1  0 2  0
   306  0.7106258565061818E-07   4   0 1  0 0  0 1  0 2  0
   307  0.1028670579249289E-05   4   0 0  1 0  0 1  0 2  0
   308  0.3776608593725081E-07   4   0 0  0 1  0 1  0 2  0
   309  0.1046987858241165E-05   4   1 0  0 0  0 0  1 2  0
   310  0.6597760946932664E-07   4   0 1  0 0  0 0  1 2  0
   311  0.7131102778398799E-06   4   0 0  1 0  0 0  1 2  0
   312  0.3561656144982492E-07   4   0 0  0 1  0 0  1 2  0
   313  0.3585753442583916E-08   4   1 0  0 0  0 0  0 3  0
   314  -.2433121726429073E-09   4   0 1  0 0  0 0  0 3  0
   315  -.2052638855468225E-08   4   0 0  1 0  0 0  0 3  0
   316  0.1580011886114828E-09   4   0 0  0 1  0 0  0 3  0
   317  -.4067982506377724E-01   4   0 0  0 0  0 4  0 0  0
   318  0.2326566839969834E-01   4   0 0  0 0  0 3  1 0  0
   319  0.6993898142348190E-02   4   0 0  0 0  0 2  2 0  0
   320  0.4708377419136305E-02   4   0 0  0 0  0 1  3 0  0
   321  0.5711860829257612E-02   4   0 0  0 0  0 0  4 0  0
   322  0.2434008741996233E-09   4   0 0  0 0  0 3  0 1  0
   323  -.6199437427862490E-09   4   0 0  0 0  0 2  1 1  0
   324  -.3662230326194703E-09   4   0 0  0 0  0 1  2 1  0
   325  -.2398842337774129E-09   4   0 0  0 0  0 0  3 1  0
   326  0.1467898900237225E-10   4   0 0  0 0  0 2  0 2  0
   327  -.3111435450181752E-10   4   0 0  0 0  0 1  1 2  0
   328  -.4356844791547935E-11   4   0 0  0 0  0 0  2 2  0
   329  0.3067478597648549E-13   4   0 0  0 0  0 1  0 3  0
   -------------------------------------------------------
     I  COEFFICIENT            ORDER EXPONENTS
     1   1.000000000000000       1   0 0  0 0  0 1  0 0  0
     -----------------------------------------------------
     I  COEFFICIENT            ORDER EXPONENTS
     1   1.000000000000000       1   0 0  0 0  0 0  1 0  0
     -----------------------------------------------------
     I  COEFFICIENT            ORDER EXPONENTS
     1   1.000000000000000       1   0 0  0 0  0 0  0 1  0
     -----------------------------------------------------
