     I  COEFFICIENT            ORDER EXPONENTS
     1   1.000000000000000       1   1 0  0 0  0 0  0 0  0
     2  0.1911040000000000       1   0 1  0 0  0 0  0 0  0
     3  -.9571181811478259E-01   2   0 1  0 0  0 1  0 0  0
     4  -.9539218188521741E-01   2   0 1  0 0  0 0  1 0  0
     5  0.9555200000000000E-01   3   0 3  0 0  0 0  0 0  0
     6  0.9555200000000000E-01   3   0 1  0 2  0 0  0 0  0
     7  0.7174410953851529E-01   3   0 1  0 0  0 2  0 0  0
     8  0.4793541715253460E-01   3   0 1  0 0  0 1  1 0  0
     9  0.7142447330895010E-01   3   0 1  0 0  0 0  2 0  0
    10  -.1435677271721739       4   0 3  0 0  0 1  0 0  0
    11  -.1435677271721739       4   0 1  0 2  0 1  0 0  0
    12  -.1430882728278261       4   0 3  0 0  0 0  1 0  0
    13  -.1430882728278261       4   0 1  0 2  0 0  1 0  0
    14  -.5978003231303896E-01   4   0 1  0 0  0 3  0 0  0
    15  -.3589223167642897E-01   4   0 1  0 0  0 2  1 0  0
    16  -.3601089405237295E-01   4   0 1  0 0  0 1  2 0  0
    17  -.5942084195815910E-01   4   0 1  0 0  0 0  3 0  0
    ------------------------------------------------------
     I  COEFFICIENT            ORDER EXPONENTS
     1   1.000000000000000       1   0 1  0 0  0 0  0 0  0
     -----------------------------------------------------
     I  COEFFICIENT            ORDER EXPONENTS
     1   1.000000000000000       1   0 0  1 0  0 0  0 0  0
     2  0.1911040000000000       1   0 0  0 1  0 0  0 0  0
     3  -.9571181811478259E-01   2   0 0  0 1  0 1  0 0  0
     4  -.9539218188521741E-01   2   0 0  0 1  0 0  1 0  0
     5  0.9555200000000000E-01   3   0 2  0 1  0 0  0 0  0
     6  0.9555200000000000E-01   3   0 0  0 3  0 0  0 0  0
     7  0.7174410953851529E-01   3   0 0  0 1  0 2  0 0  0
     8  0.4793541715253460E-01   3   0 0  0 1  0 1  1 0  0
     9  0.7142447330895010E-01   3   0 0  0 1  0 0  2 0  0
    10  -.1435677271721739       4   0 2  0 1  0 1  0 0  0
    11  -.1435677271721739       4   0 0  0 3  0 1  0 0  0
    12  -.1430882728278261       4   0 2  0 1  0 0  1 0  0
    13  -.1430882728278261       4   0 0  0 3  0 0  1 0  0
    14  -.5978003231303896E-01   4   0 0  0 1  0 3  0 0  0
    15  -.3589223167642897E-01   4   0 0  0 1  0 2  1 0  0
    16  -.3601089405237295E-01   4   0 0  0 1  0 1  2 0  0
    17  -.5942084195815910E-01   4   0 0  0 1  0 0  3 0  0
    ------------------------------------------------------
     I  COEFFICIENT            ORDER EXPONENTS
     1   1.000000000000000       1   0 0  0 1  0 0  0 0  0
     -----------------------------------------------------
     I  COEFFICIENT            ORDER EXPONENTS
     1   1.000000000000000       1   0 0  0 0  1 0  0 0  0
     2  0.4761631553930006E-01   1   0 0  0 0  0 1  0 0  0
     3  -.4761631553930005E-01   1   0 0  0 0  0 0  1 0  0
     4  -.4785590905739131E-01   2   0 2  0 0  0 0  0 0  0
     5  -.4785590905739131E-01   2   0 0  0 2  0 0  0 0  0
     6  -.3577196813405463E-01   2   0 0  0 0  0 2  0 0  0
     7  0.2392762072880920E-01   2   0 0  0 0  0 1  1 0  0
     8  0.1184434740524542E-01   2   0 0  0 0  0 0  2 0  0
     9  0.7174410953851530E-01   3   0 2  0 0  0 1  0 0  0
    10  0.7174410953851530E-01   3   0 0  0 2  0 1  0 0  0
    11  0.2396770857626732E-01   3   0 2  0 0  0 0  1 0  0
    12  0.2396770857626732E-01   3   0 0  0 2  0 0  1 0  0
    13  0.2982001194624397E-01   3   0 0  0 0  0 3  0 0  0
    14  -.1791609957062267E-01   3   0 0  0 0  0 2  1 0  0
    15  -.6011521158186522E-02   3   0 0  0 0  0 1  2 0  0
    16  -.5892391217434781E-02   3   0 0  0 0  0 0  3 0  0
    17  -.3589193179304349E-01   4   0 4  0 0  0 0  0 0  0
    18  -.7178386358608697E-01   4   0 2  0 2  0 0  0 0  0
    19  -.3589193179304349E-01   4   0 0  0 4  0 0  0 0  0
    20  -.8967004846955845E-01   4   0 2  0 0  0 2  0 0  0
    21  -.8967004846955845E-01   4   0 0  0 2  0 2  0 0  0
    22  -.3589223167642897E-01   4   0 2  0 0  0 1  1 0  0
    23  -.3589223167642897E-01   4   0 0  0 2  0 1  1 0  0
    24  -.1800544702618650E-01   4   0 2  0 0  0 0  2 0  0
    25  -.1800544702618650E-01   4   0 0  0 2  0 0  2 0  0
    26  -.2609626460593121E-01   4   0 0  0 0  0 4  0 0  0
    27  0.1492502258499290E-01   4   0 0  0 0  0 3  1 0  0
    28  0.4486615478444612E-02   4   0 0  0 0  0 2  2 0  0
    29  0.3020444172556766E-02   4   0 0  0 0  0 1  3 0  0
    30  0.3664182369936883E-02   4   0 0  0 0  0 0  4 0  0
    ------------------------------------------------------
     I  COEFFICIENT            ORDER EXPONENTS
     1   1.000000000000000       1   0 0  0 0  0 1  0 0  0
     -----------------------------------------------------
     I  COEFFICIENT            ORDER EXPONENTS
     1   1.000000000000000       1   0 0  0 0  0 0  1 0  0
     -----------------------------------------------------
     I  COEFFICIENT            ORDER EXPONENTS
     1   1.000000000000000       1   0 0  0 0  0 0  0 1  0
     -----------------------------------------------------
