     I  COEFFICIENT            ORDER EXPONENTS
     1  -.4330493964465524E-04   0   0 0  0 0  0 0  0 0  0
     2  0.9071366532149708       1   1 0  0 0  0 0  0 0  0
     3  0.3374981350765702       1   0 1  0 0  0 0  0 0  0
     4  -.5230807965275176E-05   1   0 0  1 0  0 0  0 0  0
     5  -.1180955895548140E-06   1   0 0  0 1  0 0  0 0  0
     6  0.1465206099447629E-05   1   0 0  0 0  0 1  0 0  0
     7  0.1460312942443808E-05   1   0 0  0 0  0 0  1 0  0
     8  -.2925519042072842E-05   1   0 0  0 0  0 0  0 1  0
     9  -.3064913626397347E-04   2   2 0  0 0  0 0  0 0  0
    10  -.4557487272444564E-05   2   1 1  0 0  0 0  0 0  0
    11  -.3746326730651485E-05   2   0 2  0 0  0 0  0 0  0
    12  0.2088780367000830E-04   2   1 0  1 0  0 0  0 0  0
    13  0.3471533380900577E-05   2   0 1  1 0  0 0  0 0  0
    14  0.3358258622814099E-04   2   0 0  2 0  0 0  0 0  0
    15  0.3354050780396064E-06   2   1 0  0 1  0 0  0 0  0
    16  0.2820184997554989E-07   2   0 1  0 1  0 0  0 0  0
    17  0.4599449010679076E-06   2   0 0  1 1  0 0  0 0  0
    18  -.1310954599351026E-05   2   0 0  0 2  0 0  0 0  0
    19  0.4613113880987768E-01   2   1 0  0 0  0 1  0 0  0
    20  -.1677727446717814       2   0 1  0 0  0 1  0 0  0
    21  0.2616447406256841E-05   2   0 0  1 0  0 1  0 0  0
    22  0.1174769409874116E-06   2   0 0  0 1  0 1  0 0  0
    23  0.4597708068450548E-01   2   1 0  0 0  0 0  1 0  0
    24  -.1672124559991086       2   0 1  0 0  0 0  1 0  0
    25  0.2607709599366655E-05   2   0 0  1 0  0 0  1 0  0
    26  0.1170846186261496E-06   2   0 0  0 1  0 0  1 0  0
    27  -.9210821949438330E-01   2   1 0  0 0  0 0  0 1  0
    28  -.2512934405679399E-02   2   0 1  0 0  0 0  0 1  0
    29  -.5224157005623439E-05   2   0 0  1 0  0 0  0 1  0
    30  -.1164659700587225E-06   2   0 0  0 1  0 0  0 1  0
    31  -.1085252536847345E-05   2   0 0  0 0  0 2  0 0  0
    32  -.7078208941702883E-06   2   0 0  0 0  0 1  1 0  0
    33  -.1080446352634740E-05   2   0 0  0 0  0 0  2 0  0
    34  0.1413121807439432E-05   2   0 0  0 0  0 1  0 1  0
    35  0.1408402589527337E-05   2   0 0  0 0  0 0  1 1  0
    36  0.5199729079405496E-07   2   0 0  0 0  0 0  0 2  0
    37  0.3100850555379146E-01   3   3 0  0 0  0 0  0 0  0
    38  -.1903526444552806       3   2 1  0 0  0 0  0 0  0
    39  -.1676049123073531       3   1 2  0 0  0 0  0 0  0
    40  0.1523490344544831       3   0 3  0 0  0 0  0 0  0
    41  0.4331514156707135E-05   3   2 0  1 0  0 0  0 0  0
    42  0.6603315753968214E-05   3   1 1  1 0  0 0  0 0  0
    43  -.7198368913680731E-05   3   0 2  1 0  0 0  0 0  0
    44  -.1938409004288336E-01   3   1 0  2 0  0 0  0 0  0
    45  -.2886731564727524       3   0 1  2 0  0 0  0 0  0
    46  -.2141710955936965E-05   3   0 0  3 0  0 0  0 0  0
    47  -.1221476228434101E-04   3   2 0  0 1  0 0  0 0  0
    48  -.3957337007842287E-05   3   1 1  0 1  0 0  0 0  0
    49  -.1009885692563891E-05   3   0 2  0 1  0 0  0 0  0
    50  -.1688136927620845E-01   3   1 0  1 1  0 0  0 0  0
    51  -.8851873818947578E-02   3   0 1  1 1  0 0  0 0  0
    52  -.1900567010305536E-04   3   0 0  2 1  0 0  0 0  0
    53  -.8782249821242084E-01   3   1 0  0 2  0 0  0 0  0
    54  0.1538959861239001       3   0 1  0 2  0 0  0 0  0
    55  -.8498727739288734E-05   3   0 0  1 2  0 0  0 0  0
    56  -.9587301860357107E-06   3   0 0  0 3  0 0  0 0  0
    57  0.1470518775196080E-04   3   2 0  0 0  0 1  0 0  0
    58  0.2953156891791360E-05   3   1 1  0 0  0 1  0 0  0
    59  0.5366390422118946E-05   3   0 2  0 0  0 1  0 0  0
    60  -.1080710726497356E-04   3   1 0  1 0  0 1  0 0  0
    61  -.3632996262004514E-05   3   0 1  1 0  0 1  0 0  0
    62  -.1735632271194768E-04   3   0 0  2 0  0 1  0 0  0
    63  -.4898224501088516E-06   3   1 0  0 1  0 1  0 0  0
    64  -.9384910190438743E-07   3   0 1  0 1  0 1  0 0  0
    65  -.7327173734112923E-06   3   0 0  1 1  0 1  0 0  0
    66  0.1869578702862357E-05   3   0 0  0 2  0 1  0 0  0
    67  0.1465607876144440E-04   3   2 0  0 0  0 0  1 0  0
    68  0.2943294620310508E-05   3   1 1  0 0  0 0  1 0  0
    69  0.5348468990526598E-05   3   0 2  0 0  0 0  1 0  0
    70  -.1077101618357182E-04   3   1 0  1 0  0 0  1 0  0
    71  -.3620863619974887E-05   3   0 1  1 0  0 0  1 0  0
    72  -.1729836007305902E-04   3   0 0  2 0  0 0  1 0  0
    73  -.4881866541937338E-06   3   1 0  0 1  0 0  1 0  0
    74  -.9353568634443701E-07   3   0 1  0 1  0 0  1 0  0
    75  -.7302704131169698E-06   3   0 0  1 1  0 0  1 0  0
    76  0.1863335115610366E-05   3   0 0  0 2  0 0  1 0  0
    77  -.2936126651340563E-04   3   2 0  0 0  0 0  0 1  0
    78  -.1338964239657104E-05   3   1 1  0 0  0 0  0 1  0
    79  -.3222205951473097E-05   3   0 2  0 0  0 0  0 1  0
    80  0.2157812344854537E-04   3   1 0  1 0  0 0  0 1  0
    81  0.3782326500786590E-05   3   0 1  1 0  0 0  0 1  0
    82  0.3465468278500610E-04   3   0 0  2 0  0 0  0 1  0
    83  0.6426040262631383E-06   3   1 0  0 1  0 0  0 1  0
    84  0.1309810882975231E-06   3   0 1  0 1  0 0  0 1  0
    85  0.1003042885460335E-05   3   0 0  1 1  0 0  0 1  0
    86  -.1111004619900147E-05   3   0 0  0 2  0 0  0 1  0
    87  -.3438485473492723E-01   3   1 0  0 0  0 2  0 0  0
    88  0.1250769369453054       3   0 1  0 0  0 2  0 0  0
    89  -.1959615236022763E-05   3   0 0  1 0  0 2  0 0  0
    90  -.1144263642110696E-06   3   0 0  0 1  0 2  0 0  0
    91  -.2271651343762323E-01   3   1 0  0 0  0 1  1 0  0
    92  0.8266444062284257E-01   3   0 1  0 0  0 1  1 0  0
    93  -.1307918083942337E-05   3   0 0  1 0  0 1  1 0  0
    94  -.1136674066324028E-06   3   0 0  0 1  0 1  1 0  0
    95  -.3423209245372060E-01   3   1 0  0 0  0 0  2 0  0
    96  0.1245212020670183       3   0 1  0 0  0 0  2 0  0
    97  -.1950887024148441E-05   3   0 0  1 0  0 0  2 0  0
    98  -.1138544293827831E-06   3   0 0  0 1  0 0  2 0  0
    99  0.4535509222532147E-01   3   1 0  0 0  0 1  0 1  0
   100  0.2727130781737710E-02   3   0 1  0 0  0 1  0 1  0
   101  0.2612204490219516E-05   3   0 0  1 0  0 1  0 1  0
   102  0.1163814076235370E-06   3   0 0  0 1  0 1  0 1  0
   103  0.4520362576113744E-01   3   1 0  0 0  0 0  1 1  0
   104  0.2718023340067812E-02   3   0 1  0 0  0 0  1 1  0
   105  0.2603480852840598E-05   3   0 0  1 0  0 0  1 1  0
   106  0.1159927438717187E-06   3   0 0  0 1  0 0  1 1  0
   107  0.7747484872718904E-03   3   1 0  0 0  0 0  0 2  0
   108  -.2096424614942876E-03   3   0 1  0 0  0 0  0 2  0
   109  0.3463674071755608E-08   3   0 0  1 0  0 0  0 2  0
   110  0.2184634189001641E-09   3   0 0  0 1  0 0  0 2  0
   111  0.8955273317345393E-06   3   0 0  0 0  0 3  0 0  0
   112  0.5167165489443092E-06   3   0 0  0 0  0 2  1 0  0
   113  0.5185991647784533E-06   3   0 0  0 0  0 1  2 0  0
   114  0.8901814114150708E-06   3   0 0  0 0  0 0  3 0  0
   115  -.1032790690405327E-05   3   0 0  0 0  0 2  0 1  0
   116  -.6549840974366102E-06   3   0 0  0 0  0 1  1 1  0
   117  -.1028247932220416E-05   3   0 0  0 0  0 0  2 1  0
   118  -.5283908087374153E-07   3   0 0  0 0  0 1  0 2  0
   119  -.5266262111236909E-07   3   0 0  0 0  0 0  1 2  0
   120  0.5023734388040971E-09   3   0 0  0 0  0 0  0 3  0
   121  -.2590615827351889E-04   4   4 0  0 0  0 0  0 0  0
   122  0.1933518324095835E-04   4   3 1  0 0  0 0  0 0  0
   123  -.1204523280954047E-04   4   2 2  0 0  0 0  0 0  0
   124  -.5825013314656779E-04   4   1 3  0 0  0 0  0 0  0
   125  0.6333738478953501E-04   4   0 4  0 0  0 0  0 0  0
   126  0.8486075883251242E-05   4   3 0  1 0  0 0  0 0  0
   127  -.5232987096667011E-05   4   2 1  1 0  0 0  0 0  0
   128  0.5733365272506281E-05   4   1 2  1 0  0 0  0 0  0
   129  -.7479611987879793E-05   4   0 3  1 0  0 0  0 0  0
   130  -.7427678242262480E-04   4   2 0  2 0  0 0  0 0  0
   131  0.1912342959890623E-05   4   1 1  2 0  0 0  0 0  0
   132  -.4381445308781337E-04   4   0 2  2 0  0 0  0 0  0
   133  0.2921953074979043E-04   4   1 0  3 0  0 0  0 0  0
   134  -.7014890315579026E-05   4   0 1  3 0  0 0  0 0  0
   135  0.6884170369888425E-09   4   0 0  4 0  0 0  0 0  0
   136  0.7864826592728854E-05   4   3 0  0 1  0 0  0 0  0
   137  -.1174811423876144E-04   4   2 1  0 1  0 0  0 0  0
   138  0.1231079807380696E-04   4   1 2  0 1  0 0  0 0  0
   139  -.1644035517514081E-04   4   0 3  0 1  0 0  0 0  0
   140  -.6597169550524606E-04   4   2 0  1 1  0 0  0 0  0
   141  0.9339363352471694E-04   4   1 1  1 1  0 0  0 0  0
   142  0.1741695317551253E-04   4   0 2  1 1  0 0  0 0  0
   143  0.4125446519626832E-04   4   1 0  2 1  0 0  0 0  0
   144  -.5454857089889831E-04   4   0 1  2 1  0 0  0 0  0
   145  0.1406759518078802E-08   4   0 0  3 1  0 0  0 0  0
   146  -.6656170449071928E-04   4   2 0  0 2  0 0  0 0  0
   147  -.5704103864441093E-04   4   1 1  0 2  0 0  0 0  0
   148  0.8054226770977918E-04   4   0 2  0 2  0 0  0 0  0
   149  0.3539032234663577E-04   4   1 0  1 2  0 0  0 0  0
   150  -.1730094167282121E-04   4   0 1  1 2  0 0  0 0  0
   151  -.1712971219811425E-04   4   0 0  2 2  0 0  0 0  0
   152  0.1413751299902415E-04   4   1 0  0 3  0 0  0 0  0
   153  -.1743586357688292E-04   4   0 1  0 3  0 0  0 0  0
   154  -.5246021837380703E-06   4   0 0  1 3  0 0  0 0  0
   155  0.1413942034732663E-04   4   0 0  0 4  0 0  0 0  0
   156  -.2530055632094562E-01   4   3 0  0 0  0 1  0 0  0
   157  0.1515762406168429       4   2 1  0 0  0 1  0 0  0
   158  0.2422757153415648       4   1 2  0 0  0 1  0 0  0
   159  -.2203455148793268       4   0 3  0 0  0 1  0 0  0
   160  -.3794138486073787E-05   4   2 0  1 0  0 1  0 0  0
   161  -.9744380492872859E-05   4   1 1  1 0  0 1  0 0  0
   162  0.1050299081481101E-04   4   0 2  1 0  0 1  0 0  0
   163  0.1801731546627744E-01   4   1 0  2 0  0 1  0 0  0
   164  0.2961303516966244       4   0 1  2 0  0 1  0 0  0
   165  0.2314887204193645E-05   4   0 0  3 0  0 1  0 0  0
   166  0.1080042866046871E-04   4   2 0  0 1  0 1  0 0  0
   167  0.5325836129685163E-05   4   1 1  0 1  0 1  0 0  0
   168  0.2001917029344770E-05   4   0 2  0 1  0 1  0 0  0
   169  0.2378864018817465E-01   4   1 0  1 1  0 1  0 0  0
   170  0.1762029209619176E-01   4   0 1  1 1  0 1  0 0  0
   171  0.2092650105173347E-04   4   0 0  2 1  0 1  0 0  0
   172  0.1290007917978425       4   1 0  0 2  0 1  0 0  0
   173  -.2231890344160532       4   0 1  0 2  0 1  0 0  0
   174  0.1310118762858520E-04   4   0 0  1 2  0 1  0 0  0
   175  0.1927369970807361E-05   4   0 0  0 3  0 1  0 0  0
   176  -.2521606336503322E-01   4   3 0  0 0  0 0  1 0  0
   177  0.1510700412885193       4   2 1  0 0  0 0  1 0  0
   178  0.2414666188507406       4   1 2  0 0  0 0  1 0  0
   179  -.2196096558081596       4   0 3  0 0  0 0  1 0  0
   180  -.3781467698452823E-05   4   2 0  1 0  0 0  1 0  0
   181  -.9711838460952921E-05   4   1 1  1 0  0 0  1 0  0
   182  0.1046791535130690E-04   4   0 2  1 0  0 0  1 0  0
   183  0.1795714539641124E-01   4   1 0  2 0  0 0  1 0  0
   184  0.2951414039267392       4   0 1  2 0  0 0  1 0  0
   185  0.2307156478434933E-05   4   0 0  3 0  0 0  1 0  0
   186  0.1076435988272832E-04   4   2 0  0 1  0 0  1 0  0
   187  0.5308050131954812E-05   4   1 1  0 1  0 0  1 0  0
   188  0.1995231489107898E-05   4   0 2  0 1  0 0  1 0  0
   189  0.2370919638064665E-01   4   1 0  1 1  0 0  1 0  0
   190  0.1756144791330097E-01   4   0 1  1 1  0 0  1 0  0
   191  0.2085661555560697E-04   4   0 0  2 1  0 0  1 0  0
   192  0.1285699847406416       4   1 0  0 2  0 0  1 0  0
   193  -.2224436792149294       4   0 1  0 2  0 0  1 0  0
   194  0.1305743530731053E-04   4   0 0  1 2  0 0  1 0  0
   195  0.1920933385623456E-05   4   0 0  0 3  0 0  1 0  0
   196  0.5051661968597831E-01   4   3 0  0 0  0 0  0 1  0
   197  -.1122936374500785       4   2 1  0 0  0 0  0 1  0
   198  -.1485325095775998       4   1 2  0 0  0 0  0 1  0
   199  -.1709193267596115E-01   4   0 3  0 0  0 0  0 1  0
   200  0.7575606184526771E-05   4   2 0  1 0  0 0  0 1  0
   201  0.1285290319985769E-04   4   1 1  1 0  0 0  0 1  0
   202  -.6574168338756565E-05   4   0 2  1 0  0 0  0 1  0
   203  -.3597446086269167E-01   4   1 0  2 0  0 0  0 1  0
   204  -.3025985991506071       4   0 1  2 0  0 0  0 1  0
   205  -.4622043682626508E-05   4   0 0  3 0  0 0  0 1  0
   206  -.9350026258855930E-05   4   2 0  0 1  0 0  0 1  0
   207  -.2719212245955585E-05   4   1 1  0 1  0 0  0 1  0
   208  -.9674914407606404E-06   4   0 2  0 1  0 0  0 1  0
   209  -.3061646729261419E-01   4   1 0  1 1  0 0  0 1  0
   210  -.1747799237159780E-01   4   0 1  1 1  0 0  0 1  0
   211  -.2277744650427658E-04   4   0 0  2 1  0 0  0 1  0
   212  -.8192578011364048E-01   4   1 0  0 2  0 0  0 1  0
   213  -.1605524474072075E-01   4   0 1  0 2  0 0  0 1  0
   214  -.9161167457313343E-05   4   0 0  1 2  0 0  0 1  0
   215  -.9721127983230480E-06   4   0 0  0 3  0 0  0 1  0
   216  -.2780278987170371E-04   4   2 0  0 0  0 2  0 0  0
   217  -.6283152212088438E-04   4   1 1  0 0  0 2  0 0  0
   218  0.9890967969257770E-04   4   0 2  0 0  0 2  0 0  0
   219  0.8897670345849208E-05   4   1 0  1 0  0 2  0 0  0
   220  -.2518764983692103E-05   4   0 1  1 0  0 2  0 0  0
   221  -.2186935585007325E-04   4   0 0  2 0  0 2  0 0  0
   222  0.1186531734871357E-04   4   1 0  0 1  0 2  0 0  0
   223  -.2001413019680684E-04   4   0 1  0 1  0 2  0 0  0
   224  -.1177257543950281E-05   4   0 0  1 1  0 2  0 0  0
   225  0.3546934824742615E-04   4   0 0  0 2  0 2  0 0  0
   226  -.2030483722730839E-04   4   2 0  0 0  0 1  1 0  0
   227  -.7572565359822908E-04   4   1 1  0 0  0 1  1 0  0
   228  0.1161359237457567E-03   4   0 2  0 0  0 1  1 0  0
   229  0.6563392719166608E-05   4   1 0  1 0  0 1  1 0  0
   230  -.2209010249538748E-05   4   0 1  1 0  0 1  1 0  0
   231  -.2654921193594065E-04   4   0 0  2 0  0 1  1 0  0
   232  0.1405504383905720E-04   4   1 0  0 1  0 1  1 0  0
   233  -.2352598262554795E-04   4   0 1  0 1  0 1  1 0  0
   234  -.1824723368212349E-05   4   0 0  1 1  0 1  1 0  0
   235  0.4176190183420621E-04   4   0 0  0 2  0 1  1 0  0
   236  -.2767603583054584E-04   4   2 0  0 0  0 0  2 0  0
   237  -.6249524638543960E-04   4   1 1  0 0  0 0  2 0  0
   238  0.9838544201258875E-04   4   0 2  0 0  0 0  2 0  0
   239  0.8856996509233180E-05   4   1 0  1 0  0 0  2 0  0
   240  -.2506664822823781E-05   4   0 1  1 0  0 0  2 0  0
   241  -.2175199016139685E-04   4   0 0  2 0  0 0  2 0  0
   242  0.1180222340662329E-04   4   1 0  0 1  0 0  2 0  0
   243  -.1990800830396419E-04   4   0 1  0 1  0 0  2 0  0
   244  -.1170279116160818E-05   4   0 0  1 1  0 0  2 0  0
   245  0.3528116252998206E-04   4   0 0  0 2  0 0  2 0  0
   246  0.2257061874792222E-04   4   2 0  0 0  0 1  0 1  0
   247  0.4418090915471352E-04   4   1 1  0 0  0 1  0 1  0
   248  0.9198260694486857E-05   4   0 2  0 0  0 1  0 1  0
   249  -.1223816005567947E-04   4   1 0  1 0  0 1  0 1  0
   250  0.2228722693971401E-05   4   0 1  1 0  0 1  0 1  0
   251  0.1798539335662623E-04   4   0 0  2 0  0 1  0 1  0
   252  -.9008541162558266E-05   4   1 0  0 1  0 1  0 1  0
   253  -.2242281547308093E-05   4   0 1  0 1  0 1  0 1  0
   254  0.1038116892575967E-05   4   0 0  1 1  0 1  0 1  0
   255  0.1190691220665278E-05   4   0 0  0 2  0 1  0 1  0
   256  0.2249524260715249E-04   4   2 0  0 0  0 0  1 1  0
   257  0.4403336395602096E-04   4   1 1  0 0  0 0  1 1  0
   258  0.9167542467366620E-05   4   0 2  0 0  0 0  1 1  0
   259  -.1219728987460811E-04   4   1 0  1 0  0 0  1 1  0
   260  0.2221279720546764E-05   4   0 1  1 0  0 0  1 1  0
   261  0.1792532989285558E-04   4   0 0  2 0  0 0  1 1  0
   262  -.8978456516923059E-05   4   1 0  0 1  0 0  1 1  0
   263  -.2234793293155942E-05   4   0 1  0 1  0 0  1 1  0
   264  0.1034650029487096E-05   4   0 0  1 1  0 0  1 1  0
   265  0.1186714825066010E-05   4   0 0  0 2  0 0  1 1  0
   266  0.8126740870237402E-05   4   2 0  0 0  0 0  0 2  0
   267  0.2255476461233377E-05   4   1 1  0 0  0 0  0 2  0
   268  0.2349205685146387E-07   4   0 2  0 0  0 0  0 2  0
   269  0.7369086772636837E-06   4   1 0  1 0  0 0  0 2  0
   270  0.2963356362916103E-06   4   0 1  1 0  0 0  0 2  0
   271  0.1111790988184836E-09   4   0 0  2 0  0 0  0 2  0
   272  -.2901188495595410E-06   4   1 0  0 1  0 0  0 2  0
   273  0.3138711626451801E-08   4   0 1  0 1  0 0  0 2  0
   274  0.2091527328002906E-10   4   0 0  1 1  0 0  0 2  0
   275  -.1244020496641421E-07   4   0 0  0 2  0 0  0 2  0
   276  0.2851899198528151E-01   4   1 0  0 0  0 3  0 0  0
   277  -.1037381299624221       4   0 1  0 0  0 3  0 0  0
   278  0.1632331858043282E-05   4   0 0  1 0  0 3  0 0  0
   279  0.1164478585639131E-06   4   0 0  0 1  0 3  0 0  0
   280  0.1680706467963757E-01   4   1 0  0 0  0 2  1 0  0
   281  -.6113265322765976E-01   4   0 1  0 0  0 2  1 0  0
   282  0.9785089766402567E-06   4   0 0  1 0  0 2  1 0  0
   283  0.1183589046323433E-06   4   0 0  0 1  0 2  1 0  0
   284  0.1686525676873104E-01   4   1 0  0 0  0 1  2 0  0
   285  -.6134434368382972E-01   4   0 1  0 0  0 1  2 0  0
   286  0.9817568992639639E-06   4   0 0  1 0  0 1  2 0  0
   287  0.1183473834609979E-06   4   0 0  0 1  0 1  2 0  0
   288  0.2834816034549226E-01   4   1 0  0 0  0 0  3 0  0
   289  -.1031167334535958       4   0 1  0 0  0 0  3 0  0
   290  0.1622526518268428E-05   4   0 0  1 0  0 0  3 0  0
   291  0.1156675583705217E-06   4   0 0  0 1  0 0  3 0  0
   292  -.3359432166193278E-01   4   1 0  0 0  0 2  0 1  0
   293  -.2883809264626281E-02   4   0 1  0 0  0 2  0 1  0
   294  -.1955628484195290E-05   4   0 0  1 0  0 2  0 1  0
   295  -.1161084468344115E-06   4   0 0  0 1  0 2  0 1  0
   296  -.2191159707757692E-01   4   1 0  0 0  0 1  1 1  0
   297  -.3039410855346334E-02   4   0 1  0 0  0 1  1 1  0
   298  -.1303408707058902E-05   4   0 0  1 0  0 1  1 1  0
   299  -.1158360112830967E-06   4   0 0  0 1  0 1  1 1  0
   300  -.3344554345744236E-01   4   1 0  0 0  0 0  2 1  0
   301  -.2869103423061361E-02   4   0 1  0 0  0 0  2 1  0
   302  -.1946921116139112E-05   4   0 0  1 0  0 0  2 1  0
   303  -.1155272735061777E-06   4   0 0  0 1  0 0  2 1  0
   304  -.8049748594460058E-03   4   1 0  0 0  0 1  0 2  0
   305  0.3128179623886663E-03   4   0 1  0 0  0 1  0 2  0
   306  -.5208907638257935E-08   4   0 0  1 0  0 1  0 2  0
   307  -.4424626307773708E-09   4   0 0  0 1  0 1  0 2  0
   308  -.8022865902850159E-03   4   1 0  0 0  0 0  1 2  0
   309  0.3117732851898470E-03   4   0 1  0 0  0 0  1 2  0
   310  -.5191512131370867E-08   4   0 0  1 0  0 0  1 2  0
   311  -.4409849962563334E-09   4   0 0  0 1  0 0  1 2  0
   312  0.1925482506236211E-04   4   1 0  0 0  0 0  0 3  0
   313  0.1445378968023718E-05   4   0 1  0 0  0 0  0 3  0
   314  0.1157690542412274E-08   4   0 0  1 0  0 0  0 3  0
   315  0.7601912345836322E-10   4   0 0  0 1  0 0  0 3  0
   316  0.1082054675011783E-04   4   0 0  0 0  0 4  0 0  0
   317  0.6042926463869540E-05   4   0 0  0 0  0 3  1 0  0
   318  0.5407457040223398E-05   4   0 0  0 0  0 2  2 0  0
   319  0.6076683989371011E-05   4   0 0  0 0  0 1  3 0  0
   320  0.1073829378133143E-04   4   0 0  0 0  0 0  4 0  0
   321  0.2303433533102017E-06   4   0 0  0 0  0 3  0 1  0
   322  0.2923746754042330E-06   4   0 0  0 0  0 2  1 1  0
   323  0.2920600851421966E-06   4   0 0  0 0  0 1  2 1  0
   324  0.2287029139567163E-06   4   0 0  0 0  0 0  3 1  0
   325  -.2169376868667344E-07   4   0 0  0 0  0 2  0 2  0
   326  -.3086448433962154E-07   4   0 0  0 0  0 1  1 2  0
   327  -.2156978380828609E-07   4   0 0  0 0  0 0  2 2  0
   328  -.8591223040870124E-10   4   0 0  0 0  0 1  0 3  0
   329  -.8562532057935870E-10   4   0 0  0 0  0 0  1 3  0
   -------------------------------------------------------
     I  COEFFICIENT            ORDER EXPONENTS
     1  -.7344079335359261E-05   0   0 0  0 0  0 0  0 0  0
     2  -.5247527396876733       1   1 0  0 0  0 0  0 0  0
     3  0.9071366770086642       1   0 1  0 0  0 0  0 0  0
     4  -.3079323129227579E-04   1   0 0  1 0  0 0  0 0  0
     5  -.5230488901936685E-05   1   0 0  0 1  0 0  0 0  0
     6  -.4051734054731122E-06   1   0 0  0 0  0 1  0 0  0
     7  -.4038203008911306E-06   1   0 0  0 0  0 0  1 0  0
     8  -.6535085628994989E-05   1   0 0  0 0  0 0  0 1  0
     9  -.1423712537086414E-04   2   2 0  0 0  0 0  0 0  0
    10  0.5334089564213493E-04   2   1 1  0 0  0 0  0 0  0
    11  0.1436856083550939E-04   2   0 2  0 0  0 0  0 0  0
    12  0.2504271541405619E-05   2   1 0  1 0  0 0  0 0  0
    13  -.2196433127988199E-04   2   0 1  1 0  0 0  0 0  0
    14  -.3632533948582286E-04   2   0 0  2 0  0 0  0 0  0
    15  -.1568175533855163E-04   2   1 0  0 1  0 0  0 0  0
    16  -.6186148211919355E-05   2   0 1  0 1  0 0  0 0  0
    17  -.7462289259694771E-04   2   0 0  1 1  0 0  0 0  0
    18  -.1462857831520518E-04   2   0 0  0 2  0 0  0 0  0
    19  -.1287332165154561E-01   2   1 0  0 0  0 1  0 0  0
    20  0.4613112813556410E-01   2   0 1  0 0  0 1  0 0  0
    21  0.2521961398327691E-07   2   0 0  1 0  0 1  0 0  0
    22  0.2616206544655046E-05   2   0 0  0 1  0 1  0 0  0
    23  -.1283033030444017E-01   2   1 0  0 0  0 0  1 0  0
    24  0.4597707004583974E-01   2   0 1  0 0  0 0  1 0  0
    25  0.2513539133981197E-07   2   0 0  1 0  0 0  1 0  0
    26  0.2607469542138828E-05   2   0 0  0 1  0 0  1 0  0
    27  -.4990490877316878       2   1 0  0 0  0 0  0 1  0
    28  -.9210819818140439E-01   2   0 1  0 0  0 0  0 1  0
    29  -.3084358629759888E-04   2   0 0  1 0  0 0  0 1  0
    30  -.5223676086793955E-05   2   0 0  0 1  0 0  0 1  0
    31  0.2994953857480593E-06   2   0 0  0 0  0 2  0 0  0
    32  0.1945188267333442E-06   2   0 0  0 0  0 1  1 0  0
    33  0.2981703956540022E-06   2   0 0  0 0  0 0  2 0  0
    34  -.7935099016598738E-06   2   0 0  0 0  0 1  0 1  0
    35  -.7908599205177424E-06   2   0 0  0 0  0 0  1 1  0
    36  0.7921850518605083E-06   2   0 0  0 0  0 0  0 2  0
    37  -.1504376871697923       3   3 0  0 0  0 0  0 0  0
    38  -.1508217447869141       3   2 1  0 0  0 0  0 0  0
    39  0.2311944615761156       3   1 2  0 0  0 0  0 0  0
    40  -.3589486725855702E-02   3   0 3  0 0  0 0  0 0  0
    41  0.3646635210830856E-04   3   2 0  1 0  0 0  0 0  0
    42  0.1323517207847608E-04   3   1 1  1 0  0 0  0 0  0
    43  0.1521819913328058E-05   3   0 2  1 0  0 0  0 0  0
    44  -.6134600793302206       3   1 0  2 0  0 0  0 0  0
    45  -.4186293847286774E-01   3   0 1  2 0  0 0  0 0  0
    46  -.1041140526917799E-04   3   0 0  3 0  0 0  0 0  0
    47  0.5175617044018123E-05   3   2 0  0 1  0 0  0 0  0
    48  0.3338208753346487E-04   3   1 1  0 1  0 0  0 0  0
    49  0.2945934422251225E-05   3   0 2  0 1  0 0  0 0  0
    50  -.3333726892867841       3   1 0  1 1  0 0  0 0  0
    51  -.1020285855964305       3   0 1  1 1  0 0  0 0  0
    52  -.4917390409094247E-05   3   0 0  2 1  0 0  0 0  0
    53  -.2685484711837846       3   1 0  0 2  0 0  0 0  0
    54  -.1011147953451054       3   0 1  0 2  0 0  0 0  0
    55  -.1197489021230699E-05   3   0 0  1 2  0 0  0 0  0
    56  -.2715251025261905E-05   3   0 0  0 3  0 0  0 0  0
    57  0.5617226458817585E-05   3   2 0  0 0  0 1  0 0  0
    58  -.2120339453525735E-04   3   1 1  0 0  0 1  0 0  0
    59  -.1401949254220694E-04   3   0 2  0 0  0 1  0 0  0
    60  -.1953586959989087E-05   3   1 0  1 0  0 1  0 0  0
    61  0.1172426208274392E-04   3   0 1  1 0  0 1  0 0  0
    62  0.1853272096322063E-04   3   0 0  2 0  0 1  0 0  0
    63  0.5617950243224536E-05   3   1 0  0 1  0 1  0 0  0
    64  0.5831793742605392E-05   3   0 1  0 1  0 1  0 0  0
    65  0.4170511358862894E-04   3   0 0  1 1  0 1  0 0  0
    66  0.1434304539112032E-04   3   0 0  0 2  0 1  0 0  0
    67  0.5598467342950230E-05   3   2 0  0 0  0 0  1 0  0
    68  -.2113258433421163E-04   3   1 1  0 0  0 0  1 0  0
    69  -.1397267347822004E-04   3   0 2  0 0  0 0  1 0  0
    70  -.1947062821357905E-05   3   1 0  1 0  0 0  1 0  0
    71  0.1168510809946005E-04   3   0 1  1 0  0 0  1 0  0
    72  0.1847082966109049E-04   3   0 0  2 0  0 0  1 0  0
    73  0.5599188710229075E-05   3   1 0  0 1  0 0  1 0  0
    74  0.5812318064468447E-05   3   0 1  0 1  0 0  1 0  0
    75  0.4156583648028633E-04   3   0 0  1 1  0 0  1 0  0
    76  0.1429514580003943E-04   3   0 0  0 2  0 0  1 0  0
    77  -.2545281917263136E-04   3   2 0  0 0  0 0  0 1  0
    78  0.4233597886946846E-04   3   1 1  0 0  0 0  0 1  0
    79  0.1362360518491847E-04   3   0 2  0 0  0 0  0 1  0
    80  0.6404921322752606E-05   3   1 0  1 0  0 0  0 1  0
    81  -.2340937018220396E-04   3   0 1  1 0  0 0  0 1  0
    82  -.7332889011013322E-04   3   0 0  2 0  0 0  0 1  0
    83  -.1121713895345367E-04   3   1 0  0 1  0 0  0 1  0
    84  -.5457963595154053E-05   3   0 1  0 1  0 0  0 1  0
    85  -.8327095006891495E-04   3   0 0  1 1  0 0  0 1  0
    86  -.1400961287595556E-04   3   0 0  0 2  0 0  0 1  0
    87  0.9538530199402128E-02   3   1 0  0 0  0 2  0 0  0
    88  -.3438484812824375E-01   3   0 1  0 0  0 2  0 0  0
    89  -.2575116697895253E-07   3   0 0  1 0  0 2  0 0  0
    90  -.1961072064523814E-05   3   0 0  0 1  0 2  0 0  0
    91  0.6225872359231768E-02   3   1 0  0 0  0 1  1 0  0
    92  -.2271651102091075E-01   3   0 1  0 0  0 1  1 0  0
    93  -.2590051922988116E-07   3   0 0  1 0  0 1  1 0  0
    94  -.1309697031437188E-05   3   0 0  0 1  0 1  1 0  0
    95  0.9496279753307796E-02   3   1 0  0 0  0 0  2 0  0
    96  -.3423208587313614E-01   3   0 1  0 0  0 0  2 0  0
    97  -.2562192090765845E-07   3   0 0  1 0  0 0  2 0  0
    98  -.1952336017012602E-05   3   0 0  0 1  0 0  2 0  0
    99  -.2530293930919179E-01   3   1 0  0 0  0 1  0 1  0
   100  0.4535508422416282E-01   3   0 1  0 0  0 1  0 1  0
   101  0.7661928337658958E-07   3   0 0  1 0  0 1  0 1  0
   102  0.2613235483323501E-05   3   0 0  0 1  0 1  0 1  0
   103  -.2521843839512550E-01   3   1 0  0 0  0 0  1 1  0
   104  0.4520361778669942E-01   3   0 1  0 0  0 0  1 1  0
   105  0.7636340798581533E-07   3   0 0  1 0  0 0  1 1  0
   106  0.2604508402871983E-05   3   0 0  0 1  0 0  1 1  0
   107  0.2526069249678623E-01   3   1 0  0 0  0 0  0 2  0
   108  0.7747457498546160E-03   3   0 1  0 0  0 0  0 2  0
   109  -.7615292200018424E-07   3   0 0  1 0  0 0  0 2  0
   110  0.3556514613229527E-08   3   0 0  0 1  0 0  0 2  0
   111  -.2466379905297627E-06   3   0 0  0 0  0 3  0 0  0
   112  -.1411020353078870E-06   3   0 0  0 0  0 2  1 0  0
   113  -.1416265761676219E-06   3   0 0  0 0  0 1  2 0  0
   114  -.2451676750111941E-06   3   0 0  0 0  0 0  3 0  0
   115  0.5815202749443801E-06   3   0 0  0 0  0 2  0 1  0
   116  0.3709377063674370E-06   3   0 0  0 0  0 1  1 1  0
   117  0.5789588617193227E-06   3   0 0  0 0  0 0  2 1  0
   118  -.3702340276033777E-06   3   0 0  0 0  0 1  0 2  0
   119  -.3689976054877800E-06   3   0 0  0 0  0 0  1 2  0
   120  -.1765113958978585E-07   3   0 0  0 0  0 0  0 3  0
   121  -.1049408876098444E-04   4   4 0  0 0  0 0  0 0  0
   122  0.6814477038728377E-04   4   3 1  0 0  0 0  0 0  0
   123  0.3731616599974279E-04   4   2 2  0 0  0 0  0 0  0
   124  0.2926959675984691E-04   4   1 3  0 0  0 0  0 0  0
   125  0.3159103413854557E-05   4   0 4  0 0  0 0  0 0  0
   126  -.9166541876206175E-09   4   3 0  1 0  0 0  0 0  0
   127  -.1655542507039619E-04   4   2 1  1 0  0 0  0 0  0
   128  -.4948669288295616E-05   4   1 2  1 0  0 0  0 0  0
   129  0.7287543431437001E-06   4   0 3  1 0  0 0  0 0  0
   130  -.4571498558557702E-05   4   2 0  2 0  0 0  0 0  0
   131  0.1702743403833847E-03   4   1 1  2 0  0 0  0 0  0
   132  -.2525170832782754E-04   4   0 2  2 0  0 0  0 0  0
   133  -.1913408531527507E-08   4   1 0  3 0  0 0  0 0  0
   134  -.2248266852958355E-04   4   0 1  3 0  0 0  0 0  0
   135  0.1484276393056383E-04   4   0 0  4 0  0 0  0 0  0
   136  -.4980834601988544E-08   4   3 0  0 1  0 0  0 0  0
   137  -.4056873891598139E-08   4   2 1  0 1  0 0  0 0  0
   138  0.9840223873637184E-05   4   1 2  0 1  0 0  0 0  0
   139  0.3706969803669006E-05   4   0 3  0 1  0 0  0 0  0
   140  0.1835652797005585E-03   4   2 0  1 1  0 0  0 0  0
   141  0.1677552653287738E-03   4   1 1  1 1  0 0  0 0  0
   142  -.6804947133415836E-04   4   0 2  1 1  0 0  0 0  0
   143  -.4496313707414251E-04   4   1 0  2 1  0 0  0 0  0
   144  -.1528614172648617E-04   4   0 1  2 1  0 0  0 0  0
   145  0.3236255142386505E-04   4   0 0  3 1  0 0  0 0  0
   146  0.4481008548078667E-05   4   2 0  0 2  0 0  0 0  0
   147  0.1711675471145037E-03   4   1 1  0 2  0 0  0 0  0
   148  -.9239502990033777E-05   4   0 2  0 2  0 0  0 0  0
   149  -.6106291169230002E-05   4   1 0  1 2  0 0  0 0  0
   150  -.2133037175003880E-04   4   0 1  1 2  0 0  0 0  0
   151  0.1026072310749793E-04   4   0 0  2 2  0 0  0 0  0
   152  0.9848739999013493E-05   4   1 0  0 3  0 0  0 0  0
   153  0.3707071669548633E-05   4   0 1  0 3  0 0  0 0  0
   154  -.8166077942564767E-05   4   0 0  1 3  0 0  0 0  0
   155  -.1330741571636865E-04   4   0 0  0 4  0 0  0 0  0
   156  0.5652667445330330E-01   4   3 0  0 0  0 1  0 0  0
   157  0.1404205435775231       4   2 1  0 0  0 1  0 0  0
   158  -.2112870763706354       4   1 2  0 0  0 1  0 0  0
   159  0.7110757980504789E-02   4   0 3  0 0  0 1  0 0  0
   160  -.2018106323141133E-04   4   2 0  1 0  0 1  0 0  0
   161  -.1437148192573883E-04   4   1 1  1 0  0 1  0 0  0
   162  -.2420848753975679E-05   4   0 2  1 0  0 1  0 0  0
   163  0.3251353849275849       4   1 0  2 0  0 1  0 0  0
   164  0.5231459371039267E-01   4   0 1  2 0  0 1  0 0  0
   165  0.4968012658858767E-05   4   0 0  3 0  0 1  0 0  0
   166  -.5020908458395830E-05   4   2 0  0 1  0 1  0 0  0
   167  -.3479437065408724E-04   4   1 1  0 1  0 1  0 0  0
   168  -.4597722200824822E-05   4   0 2  0 1  0 1  0 0  0
   169  0.3265670436707018       4   1 0  1 1  0 1  0 0  0
   170  0.1553460830256062       4   0 1  1 1  0 1  0 0  0
   171  0.4628242066260230E-05   4   0 0  2 1  0 1  0 0  0
   172  0.2646194118835701       4   1 0  0 2  0 1  0 0  0
   173  0.1556503253016207       4   0 1  0 2  0 1  0 0  0
   174  0.1770744452277181E-05   4   0 0  1 2  0 1  0 0  0
   175  0.4126687317021668E-05   4   0 0  0 3  0 1  0 0  0
   176  0.5633789971839671E-01   4   3 0  0 0  0 0  1 0  0
   177  0.1399515994702353       4   2 1  0 0  0 0  1 0  0
   178  -.2105814685807356       4   1 2  0 0  0 0  1 0  0
   179  0.7087011112928764E-02   4   0 3  0 0  0 0  1 0  0
   180  -.2011366717638964E-04   4   2 0  1 0  0 0  1 0  0
   181  -.1432348736888653E-04   4   1 1  1 0  0 0  1 0  0
   182  -.2412764162299573E-05   4   0 2  1 0  0 0  1 0  0
   183  0.3240495728451998       4   1 0  2 0  0 0  1 0  0
   184  0.5213988551015811E-01   4   0 1  2 0  0 0  1 0  0
   185  0.4951421637332863E-05   4   0 0  3 0  0 0  1 0  0
   186  -.5004140787691957E-05   4   2 0  0 1  0 0  1 0  0
   187  -.3467817244925742E-04   4   1 1  0 1  0 0  1 0  0
   188  -.4582367789867033E-05   4   0 2  0 1  0 0  1 0  0
   189  0.3254764504650273       4   1 0  1 1  0 0  1 0  0
   190  0.1548272940481032       4   0 1  1 1  0 0  1 0  0
   191  0.4612785732103089E-05   4   0 0  2 1  0 0  1 0  0
   192  0.2637356970743647       4   1 0  0 2  0 0  1 0  0
   193  0.1551305202860026       4   0 1  0 2  0 0  1 0  0
   194  0.1764830928838264E-05   4   0 0  1 2  0 0  1 0  0
   195  0.4112905959603593E-05   4   0 0  0 3  0 0  1 0  0
   196  -.2633022613414919       4   3 0  0 0  0 0  0 1  0
   197  -.2803721430477633       4   2 1  0 0  0 0  0 1  0
   198  0.1906740833752562       4   1 2  0 0  0 0  0 1  0
   199  -.7018795641724267E-02   4   0 3  0 0  0 0  0 1  0
   200  0.7676108251610932E-04   4   2 0  1 0  0 0  0 1  0
   201  0.2869496929462541E-04   4   1 1  1 0  0 0  0 1  0
   202  0.3311793002947240E-05   4   0 2  1 0  0 0  0 1  0
   203  -1.262645037103001       4   1 0  2 0  0 0  0 1  0
   204  -.1044544792205557       4   0 1  2 0  0 0  0 1  0
   205  -.2033083956536778E-04   4   0 0  3 0  0 0  0 1  0
   206  0.1002504924608756E-04   4   2 0  0 1  0 0  0 1  0
   207  0.3609045556988001E-04   4   1 1  0 1  0 0  0 1  0
   208  0.3288221146188887E-05   4   0 2  0 1  0 0  0 1  0
   209  -.6520434941357264       4   1 0  1 1  0 0  0 1  0
   210  -.2081447914772809       4   0 1  1 1  0 0  0 1  0
   211  -.9241027798354352E-05   4   0 0  2 1  0 0  0 1  0
   212  -.2598066377741509       4   1 0  0 2  0 0  0 1  0
   213  -.1085512548974060       4   0 1  0 2  0 0  0 1  0
   214  -.2338086359880646E-05   4   0 0  1 2  0 0  0 1  0
   215  -.2809091226101085E-05   4   0 0  0 3  0 0  0 1  0
   216  -.1572561655177273E-04   4   2 0  0 0  0 2  0 0  0
   217  0.6941609253900524E-04   4   1 1  0 0  0 2  0 0  0
   218  0.3100933266742440E-05   4   0 2  0 0  0 2  0 0  0
   219  0.7518147200940561E-05   4   1 0  1 0  0 2  0 0  0
   220  -.3315340762861064E-05   4   0 1  1 0  0 2  0 0  0
   221  -.1237191563838728E-04   4   0 0  2 0  0 2  0 0  0
   222  0.1217285969454782E-04   4   1 0  0 1  0 2  0 0  0
   223  0.6639718715512188E-05   4   0 1  0 1  0 2  0 0  0
   224  -.4534498412322924E-04   4   0 0  1 1  0 2  0 0  0
   225  -.2850572839833663E-04   4   0 0  0 2  0 2  0 0  0
   226  -.1510794552049140E-04   4   2 0  0 0  0 1  1 0  0
   227  0.5772594142139157E-04   4   1 1  0 0  0 1  1 0  0
   228  0.2115974428132427E-05   4   0 2  0 0  0 1  1 0  0
   229  0.8906317718896481E-05   4   1 0  1 0  0 1  1 0  0
   230  0.6287870932796755E-06   4   0 1  1 0  0 1  1 0  0
   231  -.1138858826720733E-04   4   0 0  2 0  0 1  1 0  0
   232  0.1446523681867092E-04   4   1 0  0 1  0 1  1 0  0
   233  0.9546009890288861E-05   4   0 1  0 1  0 1  1 0  0
   234  -.4199992836604702E-04   4   0 0  1 1  0 1  1 0  0
   235  -.3342432135005637E-04   4   0 0  0 2  0 1  1 0  0
   236  -.1564787275481961E-04   4   2 0  0 0  0 0  2 0  0
   237  0.6908788281693401E-04   4   1 1  0 0  0 0  2 0  0
   238  0.3087044264446701E-05   4   0 2  0 0  0 0  2 0  0
   239  0.7478168197224252E-05   4   1 0  1 0  0 0  2 0  0
   240  -.3305318892289224E-05   4   0 1  1 0  0 0  2 0  0
   241  -.1231158228261415E-04   4   0 0  2 0  0 0  2 0  0
   242  0.1210805375964658E-04   4   1 0  0 1  0 0  2 0  0
   243  0.6601605136313531E-05   4   0 1  0 1  0 0  2 0  0
   244  -.4512342058442133E-04   4   0 0  1 1  0 0  2 0  0
   245  -.2835472013355787E-04   4   0 0  0 2  0 0  2 0  0
   246  0.2989354795671623E-04   4   2 0  0 0  0 1  0 1  0
   247  -.6522335140746677E-04   4   1 1  0 0  0 1  0 1  0
   248  -.2664836539184757E-05   4   0 2  0 0  0 1  0 1  0
   249  -.1197159891774333E-04   4   1 0  1 0  0 1  0 1  0
   250  0.4410293084472369E-05   4   0 1  1 0  0 1  0 1  0
   251  0.2992376743770522E-04   4   0 0  2 0  0 1  0 1  0
   252  -.9544253515516409E-05   4   1 0  0 1  0 1  0 1  0
   253  -.3986903238777138E-05   4   0 1  0 1  0 1  0 1  0
   254  0.6554119471379632E-04   4   0 0  1 1  0 1  0 1  0
   255  0.2485568205894808E-04   4   0 0  0 2  0 1  0 1  0
   256  0.2979371638789410E-04   4   2 0  0 0  0 0  1 1  0
   257  -.6500553351899551E-04   4   1 1  0 0  0 0  1 1  0
   258  -.2655937133441876E-05   4   0 2  0 0  0 0  1 1  0
   259  -.1193161893600957E-04   4   1 0  1 0  0 0  1 1  0
   260  0.4395564605998478E-05   4   0 1  1 0  0 0  1 1  0
   261  0.2982383494883799E-04   4   0 0  2 0  0 0  1 1  0
   262  -.9512379821464795E-05   4   1 0  0 1  0 0  1 1  0
   263  -.3973588699946044E-05   4   0 1  0 1  0 0  1 1  0
   264  0.6532231536564276E-04   4   0 0  1 1  0 0  1 1  0
   265  0.2477267479137075E-04   4   0 0  0 2  0 0  1 1  0
   266  -.1320582969786310E-04   4   2 0  0 0  0 0  0 2  0
   267  -.1112482984327405E-04   4   1 1  0 0  0 0  0 2  0
   268  -.5408867509400422E-06   4   0 2  0 0  0 0  0 2  0
   269  0.5847369824075198E-09   4   1 0  1 0  0 0  0 2  0
   270  0.9259190299861323E-06   4   0 1  1 0  0 0  0 2  0
   271  -.2367551595924011E-04   4   0 0  2 0  0 0  0 2  0
   272  0.7544866841668783E-10   4   1 0  0 1  0 0  0 2  0
   273  0.1794728624628226E-11   4   0 1  0 1  0 0  0 2  0
   274  -.1050408735314940E-04   4   0 0  1 1  0 0  0 2  0
   275  -.5736358880528892E-06   4   0 0  0 2  0 0  0 2  0
   276  -.7874385156277929E-02   4   1 0  0 0  0 3  0 0  0
   277  0.2851898536450186E-01   4   0 1  0 0  0 3  0 0  0
   278  0.2532082681096490E-07   4   0 0  1 0  0 3  0 0  0
   279  0.1632469330496722E-05   4   0 0  0 1  0 3  0 0  0
   280  -.4551701543168142E-02   4   1 0  0 0  0 2  1 0  0
   281  0.1680705963469238E-01   4   0 1  0 0  0 2  1 0  0
   282  0.2485478012602957E-07   4   0 0  1 0  0 2  1 0  0
   283  0.9772802402623456E-06   4   0 0  0 1  0 2  1 0  0
   284  -.4568214309176285E-02   4   1 0  0 0  0 1  2 0  0
   285  0.1686525171600268E-01   4   0 1  0 0  0 1  2 0  0
   286  0.2485669114105403E-07   4   0 0  1 0  0 1  2 0  0
   287  0.9805350044154045E-06   4   0 0  0 1  0 1  2 0  0
   288  -.7827364744018394E-02   4   1 0  0 0  0 0  3 0  0
   289  0.2834815376627415E-01   4   0 1  0 0  0 0  3 0  0
   290  0.2515262279451819E-07   4   0 0  1 0  0 0  3 0  0
   291  0.1622665346955287E-05   4   0 0  0 1  0 0  3 0  0
   292  0.1863632090670436E-01   4   1 0  0 0  0 2  0 1  0
   293  -.3359431625052901E-01   4   0 1  0 0  0 2  0 1  0
   294  -.7613544153306867E-07   4   0 0  1 0  0 2  0 1  0
   295  -.1955711660756218E-05   4   0 0  0 1  0 2  0 1  0
   296  0.1201394757311323E-01   4   1 0  0 0  0 1  1 1  0
   297  -.2191159423872036E-01   4   0 1  0 0  0 1  1 1  0
   298  -.7565397685467227E-07   4   0 0  1 0  0 1  1 1  0
   299  -.1302550385997908E-05   4   0 0  0 1  0 1  1 1  0
   300  0.1855402292140906E-01   4   1 0  0 0  0 0  2 1  0
   301  -.3344553806885083E-01   4   0 1  0 0  0 0  2 1  0
   302  -.7575485614064655E-07   4   0 0  1 0  0 0  2 1  0
   303  -.1947005448048711E-05   4   0 0  0 1  0 0  2 1  0
   304  -.1199182204306416E-01   4   1 0  0 0  0 1  0 2  0
   305  -.8049722665430406E-03   4   0 1  0 0  0 1  0 2  0
   306  0.7627577050785692E-07   4   0 0  1 0  0 1  0 2  0
   307  -.5312007904537823E-08   4   0 0  0 1  0 1  0 2  0
   308  -.1195177452480638E-01   4   1 0  0 0  0 0  1 2  0
   309  -.8022840060415474E-03   4   0 1  0 0  0 0  1 2  0
   310  0.7602104230204320E-07   4   0 0  1 0  0 0  1 2  0
   311  -.5294268087086604E-08   4   0 0  0 1  0 0  1 2  0
   312  -.4390319763052659E-03   4   1 0  0 0  0 0  0 3  0
   313  0.1925492429179236E-04   4   0 1  0 0  0 0  0 3  0
   314  -.2538129693621536E-07   4   0 0  1 0  0 0  0 3  0
   315  0.1164415589272570E-08   4   0 0  0 1  0 0  0 3  0
   316  -.2975125299197631E-05   4   0 0  0 0  0 4  0 0  0
   317  -.1660850761746970E-05   4   0 0  0 0  0 3  1 0  0
   318  -.1486625076439154E-05   4   0 0  0 0  0 2  2 0  0
   319  -.1670135198717393E-05   4   0 0  0 0  0 1  3 0  0
   320  -.2952510823262321E-05   4   0 0  0 0  0 0  4 0  0
   321  0.3349490390751208E-05   4   0 0  0 0  0 3  0 1  0
   322  0.1935385365417646E-05   4   0 0  0 0  0 2  1 1  0
   323  0.1942413083670557E-05   4   0 0  0 0  0 1  2 1  0
   324  0.3329490787083583E-05   4   0 0  0 0  0 0  3 1  0
   325  0.5930297924758878E-07   4   0 0  0 0  0 2  0 2  0
   326  0.7246575557958037E-07   4   0 0  0 0  0 1  1 2  0
   327  0.5898393065221031E-07   4   0 0  0 0  0 0  2 2  0
   328  -.1144499720995905E-08   4   0 0  0 0  0 1  0 3  0
   329  -.1140677585101270E-08   4   0 0  0 0  0 0  1 3  0
   -------------------------------------------------------
     I  COEFFICIENT            ORDER EXPONENTS
     1  0.1139240819408109E-04   0   0 0  0 0  0 0  0 0  0
     2  -.5222092025699227E-05   1   1 0  0 0  0 0  0 0  0
     3  -.1151372867034269E-06   1   0 1  0 0  0 0  0 0  0
     4   1.094292144619398       1   0 0  1 0  0 0  0 0  0
     5  0.3416742016463136       1   0 0  0 1  0 0  0 0  0
     6  0.5403475143815937E-06   1   0 0  0 0  0 1  0 0  0
     7  0.5385429865233792E-06   1   0 0  0 0  0 0  1 0  0
     8  -.1078890500904955E-05   1   0 0  0 0  0 0  0 1  0
     9  0.9947770472970393E-05   2   2 0  0 0  0 0  0 0  0
    10  -.6051226846941571E-07   2   1 1  0 0  0 0  0 0  0
    11  -.6480167072411256E-06   2   0 2  0 0  0 0  0 0  0
    12  0.6333736026984735E-04   2   1 0  1 0  0 0  0 0  0
    13  -.1179019230695076E-05   2   0 1  1 0  0 0  0 0  0
    14  -.1148816600981436E-04   2   0 0  2 0  0 0  0 0  0
    15  0.7501704468630584E-05   2   1 0  0 1  0 0  0 0  0
    16  -.5450501508048932E-06   2   0 1  0 1  0 0  0 0  0
    17  -.4791408567278703E-05   2   0 0  1 1  0 0  0 0  0
    18  -.1753543007568487E-05   2   0 0  0 2  0 0  0 0  0
    19  0.2616429161295575E-05   2   1 0  0 0  0 1  0 0  0
    20  0.1159923666465384E-06   2   0 1  0 0  0 1  0 0  0
    21  -.4756157070608579E-01   2   0 0  1 0  0 1  0 0  0
    22  -.1719530685774086       2   0 0  0 1  0 1  0 0  0
    23  0.2607691415335699E-05   2   1 0  0 0  0 0  1 0  0
    24  0.1156050021238586E-06   2   0 1  0 0  0 0  1 0  0
    25  -.4740273555456239E-01   2   0 0  1 0  0 0  1 0  0
    26  -.1713788194242218       2   0 0  0 1  0 0  1 0  0
    27  -.5224120576631204E-05   2   1 0  0 0  0 0  0 1  0
    28  -.1164600820669427E-06   2   0 1  0 0  0 0  0 1  0
    29  0.9496430626064603E-01   2   0 0  1 0  0 0  0 1  0
    30  0.1657686355316599E-02   2   0 0  0 1  0 0  0 1  0
    31  -.4089960243521625E-06   2   0 0  0 0  0 2  0 0  0
    32  -.2785156770892229E-06   2   0 0  0 0  0 1  1 0  0
    33  -.4071650927278934E-06   2   0 0  0 0  0 0  2 0  0
    34  0.5561596216376940E-06   2   0 0  0 0  0 1  0 1  0
    35  0.5543022881547167E-06   2   0 0  0 0  0 0  1 1  0
    36  -.1578570271821741E-07   2   0 0  0 0  0 0  0 2  0
    37  0.1517652368605164E-05   3   3 0  0 0  0 0  0 0  0
    38  -.1204127563539091E-04   3   2 1  0 0  0 0  0 0  0
    39  -.7192910260975452E-05   3   1 2  0 0  0 0  0 0  0
    40  -.9259610663469101E-06   3   0 3  0 0  0 0  0 0  0
    41  -.2329231561878043E-01   3   2 0  1 0  0 0  0 0  0
    42  -.2310232327929861E-01   3   1 1  1 0  0 0  0 0  0
    43  0.9909326726595698E-01   3   0 2  1 0  0 0  0 0  0
    44  -.6647824517568745E-05   3   1 0  2 0  0 0  0 0  0
    45  -.1917825044962122E-04   3   0 1  2 0  0 0  0 0  0
    46  0.5736779058082808E-01   3   0 0  3 0  0 0  0 0  0
    47  0.2638337667703932       3   2 0  0 1  0 0  0 0  0
    48  -.9205681617328912E-02   3   1 1  0 1  0 0  0 0  0
    49  0.1856014850874669       3   0 2  0 1  0 0  0 0  0
    50  -.7339034476427034E-05   3   1 0  1 1  0 0  0 0  0
    51  -.6565409080551289E-05   3   0 1  1 1  0 0  0 0  0
    52  0.3752609920329303       3   0 0  2 1  0 0  0 0  0
    53  -.8513216789985636E-05   3   1 0  0 2  0 0  0 0  0
    54  -.1102506654488837E-05   3   0 1  0 2  0 0  0 0  0
    55  0.2077567866450949       3   0 0  1 2  0 0  0 0  0
    56  0.1882905391267146       3   0 0  0 3  0 0  0 0  0
    57  -.4932080415286339E-05   3   2 0  0 0  0 1  0 0  0
    58  0.7473035491481937E-07   3   1 1  0 0  0 1  0 0  0
    59  0.1008296453653944E-05   3   0 2  0 0  0 1  0 0  0
    60  -.3074003022878267E-04   3   1 0  1 0  0 1  0 0  0
    61  0.1807777027146292E-05   3   0 1  1 0  0 1  0 0  0
    62  0.6644761762316353E-05   3   0 0  2 0  0 1  0 0  0
    63  -.7217522788207421E-05   3   1 0  0 1  0 1  0 0  0
    64  0.9662104657446668E-06   3   0 1  0 1  0 1  0 0  0
    65  0.5689770726837006E-05   3   0 0  1 1  0 1  0 0  0
    66  0.2741979546754140E-05   3   0 0  0 2  0 1  0 0  0
    67  -.4915609391969650E-05   3   2 0  0 0  0 0  1 0  0
    68  0.7448078773129161E-07   3   1 1  0 0  0 0  1 0  0
    69  0.1004929177981201E-05   3   0 2  0 0  0 0  1 0  0
    70  -.3063737177392710E-04   3   1 0  1 0  0 0  1 0  0
    71  0.1801739830859974E-05   3   0 1  1 0  0 0  1 0  0
    72  0.6622571121308390E-05   3   0 0  2 0  0 0  1 0  0
    73  -.7193419372179470E-05   3   1 0  0 1  0 0  1 0  0
    74  0.9629837391362386E-06   3   0 1  0 1  0 0  1 0  0
    75  0.5670769344360648E-05   3   0 0  1 1  0 0  1 0  0
    76  0.2732822516607610E-05   3   0 0  0 2  0 0  1 0  0
    77  0.9847689807256043E-05   3   2 0  0 0  0 0  0 1  0
    78  -.8869887417656470E-07   3   1 1  0 0  0 0  0 1  0
    79  -.7171922171529561E-06   3   0 2  0 0  0 0  0 1  0
    80  0.6137740200271018E-04   3   1 0  1 0  0 0  0 1  0
    81  -.2430497627311977E-05   3   0 1  1 0  0 0  0 1  0
    82  -.1326733288363297E-04   3   0 0  2 0  0 0  0 1  0
    83  0.6909237691756490E-05   3   1 0  0 1  0 0  0 1  0
    84  -.8390939032707181E-06   3   0 1  0 1  0 0  0 1  0
    85  -.6569131503924537E-05   3   0 0  1 1  0 0  0 1  0
    86  -.1967716048225551E-05   3   0 0  0 2  0 0  0 1  0
    87  -.1961090841582865E-05   3   1 0  0 0  0 2  0 0  0
    88  -.1134468547263684E-06   3   0 1  0 0  0 2  0 0  0
    89  0.3581453381235655E-01   3   0 0  1 0  0 2  0 0  0
    90  0.1292545482384641       3   0 0  0 1  0 2  0 0  0
    91  -.1309392039456393E-05   3   1 0  0 0  0 1  1 0  0
    92  -.1129735497385883E-06   3   0 1  0 0  0 1  1 0  0
    93  0.2414542888434889E-01   3   0 0  1 0  0 1  1 0  0
    94  0.8683930482360647E-01   3   0 0  0 1  0 1  1 0  0
    95  -.1952355240706166E-05   3   1 0  0 0  0 0  2 0  0
    96  -.1128793496645289E-06   3   0 1  0 0  0 0  2 0  0
    97  0.3565461103815923E-01   3   0 0  1 0  0 0  2 0  0
    98  0.1286778908148971       3   0 0  0 1  0 0  2 0  0
    99  0.2613657991218949E-05   3   1 0  0 0  0 1  0 1  0
   100  0.1166021633335150E-06   3   0 1  0 0  0 1  0 1  0
   101  -.4821293305171990E-01   3   0 0  1 0  0 1  0 1  0
   102  -.1442285142991968E-02   3   0 0  0 1  0 1  0 1  0
   103  0.2604929499773018E-05   3   1 0  0 0  0 0  1 1  0
   104  0.1162127623527506E-06   3   0 1  0 0  0 0  1 1  0
   105  -.4805192263063922E-01   3   0 0  1 0  0 0  1 1  0
   106  -.1437468532106682E-02   3   0 0  0 1  0 0  1 1  0
   107  0.3486725353042835E-08   3   1 0  0 0  0 0  0 2  0
   108  0.2149022186674514E-09   3   0 1  0 0  0 0  0 2  0
   109  0.6502771569622283E-03   3   0 0  1 0  0 0  0 2  0
   110  -.2178087379746356E-03   3   0 0  0 1  0 0  0 2  0
   111  0.3434005819219915E-06   3   0 0  0 0  0 3  0 0  0
   112  0.2124313506760170E-06   3   0 0  0 0  0 2  1 0  0
   113  0.2130816771410572E-06   3   0 0  0 0  0 1  2 0  0
   114  0.3413268434163329E-06   3   0 0  0 0  0 0  3 0  0
   115  -.4246419514258949E-06   3   0 0  0 0  0 2  0 1  0
   116  -.2939965032753868E-06   3   0 0  0 0  0 1  1 1  0
   117  -.4227329195024744E-06   3   0 0  0 0  0 0  2 1  0
   118  0.1548058612501528E-07   3   0 0  0 0  0 1  0 2  0
   119  0.1542888763803303E-07   3   0 0  0 0  0 0  1 2  0
   120  0.2206437977912139E-09   3   0 0  0 0  0 0  0 3  0
   121  0.5718098229650466E-09   4   4 0  0 0  0 0  0 0  0
   122  0.2524647203549685E-08   4   3 1  0 0  0 0  0 0  0
   123  -.4832296280157545E-05   4   2 2  0 0  0 0  0 0  0
   124  0.1677034034538332E-06   4   1 3  0 0  0 0  0 0  0
   125  -.4967149036234745E-05   4   0 4  0 0  0 0  0 0  0
   126  -.4638034307856256E-04   4   3 0  1 0  0 0  0 0  0
   127  -.9379050654045519E-04   4   2 1  1 0  0 0  0 0  0
   128  0.2010550472070129E-04   4   1 2  1 0  0 0  0 0  0
   129  0.4290072747114115E-04   4   0 3  1 0  0 0  0 0  0
   130  0.1855940973695282E-04   4   2 0  2 0  0 0  0 0  0
   131  0.2419075625830041E-04   4   1 1  2 0  0 0  0 0  0
   132  -.3054046741128145E-04   4   0 2  2 0  0 0  0 0  0
   133  -.1682982736860021E-04   4   1 0  3 0  0 0  0 0  0
   134  -.2556765885757635E-04   4   0 1  3 0  0 0  0 0  0
   135  0.4559197391952610E-05   4   0 0  4 0  0 0  0 0  0
   136  0.2270233934161121E-04   4   3 0  0 1  0 0  0 0  0
   137  -.1448539055825379E-03   4   2 1  0 1  0 0  0 0  0
   138  -.6480625779291815E-04   4   1 2  0 1  0 0  0 0  0
   139  0.6329202594071394E-04   4   0 3  0 1  0 0  0 0  0
   140  -.5796826120271656E-05   4   2 0  1 1  0 0  0 0  0
   141  0.5219948580422415E-04   4   1 1  1 1  0 0  0 0  0
   142  -.2014599180115176E-04   4   0 2  1 1  0 0  0 0  0
   143  0.1348786343402524E-04   4   1 0  2 1  0 0  0 0  0
   144  -.2411434440914046E-04   4   0 1  2 1  0 0  0 0  0
   145  -.1614115204842838E-04   4   0 0  3 1  0 0  0 0  0
   146  -.1727322715275396E-04   4   2 0  0 2  0 0  0 0  0
   147  0.8230560459081804E-05   4   1 1  0 2  0 0  0 0  0
   148  -.3104258279339828E-04   4   0 2  0 2  0 0  0 0  0
   149  -.2217271694800979E-04   4   1 0  1 2  0 0  0 0  0
   150  0.4962403796796106E-04   4   0 1  1 2  0 0  0 0  0
   151  -.3168613301241740E-04   4   0 0  2 2  0 0  0 0  0
   152  -.3142598095640054E-04   4   1 0  0 3  0 0  0 0  0
   153  0.6810236128215898E-04   4   0 1  0 3  0 0  0 0  0
   154  -.2728314865007456E-04   4   0 0  1 3  0 0  0 0  0
   155  -.2762390257292486E-04   4   0 0  0 4  0 0  0 0  0
   156  -.1375045834356500E-05   4   3 0  0 0  0 1  0 0  0
   157  0.1045302498832359E-04   4   2 1  0 0  0 1  0 0  0
   158  0.1048448483314100E-04   4   1 2  0 0  0 1  0 0  0
   159  0.1846584138825129E-05   4   0 3  0 0  0 1  0 0  0
   160  0.2389831935828821E-01   4   2 0  1 0  0 1  0 0  0
   161  0.3624212565886017E-01   4   1 1  1 0  0 1  0 0  0
   162  -.1515599072884197       4   0 2  1 0  0 1  0 0  0
   163  0.7278069884277223E-05   4   1 0  2 0  0 1  0 0  0
   164  0.2127250683148762E-04   4   0 1  2 0  0 1  0 0  0
   165  -.6493988067594958E-01   4   0 0  3 0  0 1  0 0  0
   166  -.2589016919165373       4   2 0  0 1  0 1  0 0  0
   167  0.1850766660989949E-01   4   1 1  0 1  0 1  0 0  0
   168  -.2866065916652452       4   0 2  0 1  0 1  0 0  0
   169  0.1121617704909407E-04   4   1 0  1 1  0 1  0 0  0
   170  0.1055374260532567E-04   4   0 1  1 1  0 1  0 0  0
   171  -.4297096955129717       4   0 0  2 1  0 1  0 0  0
   172  0.1313309054792570E-04   4   1 0  0 2  0 1  0 0  0
   173  0.2235844551345255E-05   4   0 1  0 2  0 1  0 0  0
   174  -.3226749786388544       4   0 0  1 2  0 1  0 0  0
   175  -.2923065999355298       4   0 0  0 3  0 1  0 0  0
   176  -.1370453773787391E-05   4   3 0  0 0  0 0  1 0  0
   177  0.1041811638914921E-04   4   2 1  0 0  0 0  1 0  0
   178  0.1044947117164113E-04   4   1 2  0 0  0 0  1 0  0
   179  0.1840417343508360E-05   4   0 3  0 0  0 0  1 0  0
   180  0.2381850926959930E-01   4   2 0  1 0  0 0  1 0  0
   181  0.3612109257616408E-01   4   1 1  1 0  0 0  1 0  0
   182  -.1510537625063721       4   0 2  1 0  0 0  1 0  0
   183  0.7253764267042188E-05   4   1 0  2 0  0 0  1 0  0
   184  0.2120146582515334E-04   4   0 1  2 0  0 0  1 0  0
   185  -.6472300945761586E-01   4   0 0  3 0  0 0  1 0  0
   186  -.2580370718282112       4   2 0  0 1  0 0  1 0  0
   187  0.1844585897851539E-01   4   1 1  0 1  0 0  1 0  0
   188  -.2856494491500062       4   0 2  0 1  0 0  1 0  0
   189  0.1117871985088586E-04   4   1 0  1 1  0 0  1 0  0
   190  0.1051849765272104E-04   4   0 1  1 1  0 0  1 0  0
   191  -.4282746502951014       4   0 0  2 1  0 0  1 0  0
   192  0.1308923168464781E-04   4   1 0  0 2  0 0  1 0  0
   193  0.2228377793987429E-05   4   0 1  0 2  0 0  1 0  0
   194  -.3215973832534511       4   0 0  1 2  0 0  1 0  0
   195  -.2913304218488634       4   0 0  0 3  0 0  1 0  0
   196  0.2745499608143923E-05   4   3 0  0 0  0 0  0 1  0
   197  -.8829865742081712E-05   4   2 1  0 0  0 0  0 1  0
   198  -.6548135482831380E-05   4   1 2  0 0  0 0  0 1  0
   199  -.9091182832926819E-06   4   0 3  0 0  0 0  0 1  0
   200  -.4771682862788906E-01   4   2 0  1 0  0 0  0 1  0
   201  -.4926089495573008E-01   4   1 1  1 0  0 0  0 1  0
   202  0.1044271352628806       4   0 2  1 0  0 0  0 1  0
   203  -.1453183415131311E-04   4   1 0  2 0  0 0  0 1  0
   204  -.2329572220701134E-04   4   0 1  2 0  0 0  0 1  0
   205  0.1296628901334883       4   0 0  3 0  0 0  0 1  0
   206  0.2531049969743565       4   2 0  0 1  0 0  0 1  0
   207  -.1854216235375494E-01   4   1 1  0 1  0 0  0 1  0
   208  0.1545158555285000E-01   4   0 2  0 1  0 0  0 1  0
   209  -.1505586242353613E-04   4   1 0  1 1  0 0  0 1  0
   210  -.7941422096934208E-05   4   0 1  1 1  0 0  0 1  0
   211  0.4827233537748410       4   0 0  2 1  0 0  0 1  0
   212  -.9195888652597229E-05   4   1 0  0 2  0 0  0 1  0
   213  -.1156702381864117E-05   4   0 1  0 2  0 0  0 1  0
   214  0.2287587886019413       4   0 0  1 2  0 0  0 1  0
   215  0.1876540440422359E-01   4   0 0  0 3  0 0  0 1  0
   216  -.5959106333546740E-05   4   2 0  0 0  0 2  0 0  0
   217  0.3791925294592207E-06   4   1 1  0 0  0 2  0 0  0
   218  -.1240702995386957E-04   4   0 2  0 0  0 2  0 0  0
   219  0.1871485939091275E-04   4   1 0  1 0  0 2  0 0  0
   220  0.4495233511684620E-04   4   0 1  1 0  0 2  0 0  0
   221  -.2028836737246368E-04   4   0 0  2 0  0 2  0 0  0
   222  -.1414633542246479E-04   4   1 0  0 1  0 2  0 0  0
   223  0.8650921610677322E-04   4   0 1  0 1  0 2  0 0  0
   224  -.2542704302721800E-04   4   0 0  1 1  0 2  0 0  0
   225  -.3980255026049340E-04   4   0 0  0 2  0 2  0 0  0
   226  -.7065415955960710E-05   4   2 0  0 0  0 1  1 0  0
   227  0.5899811270935073E-06   4   1 1  0 0  0 1  1 0  0
   228  -.1510113833503190E-04   4   0 2  0 0  0 1  1 0  0
   229  0.9380304949033437E-05   4   1 0  1 0  0 1  1 0  0
   230  0.5440513994761512E-04   4   0 1  1 0  0 1  1 0  0
   231  -.2051590943378566E-04   4   0 0  2 0  0 1  1 0  0
   232  -.1518407066922999E-04   4   1 0  0 1  0 1  1 0  0
   233  0.1051802128604262E-03   4   0 1  0 1  0 1  1 0  0
   234  -.3177940837213453E-04   4   0 0  1 1  0 1  1 0  0
   235  -.4853524183197089E-04   4   0 0  0 2  0 1  1 0  0
   236  -.5927407763840004E-05   4   2 0  0 0  0 0  2 0  0
   237  0.3769410484391368E-06   4   1 1  0 0  0 0  2 0  0
   238  -.1234038017268284E-04   4   0 2  0 0  0 0  2 0  0
   239  0.1863669673667666E-04   4   1 0  1 0  0 0  2 0  0
   240  0.4471136882593134E-04   4   0 1  1 0  0 0  2 0  0
   241  -.2018635581932419E-04   4   0 0  2 0  0 0  2 0  0
   242  -.1407373863136269E-04   4   1 0  0 1  0 0  2 0  0
   243  0.8604468430843788E-04   4   0 1  0 1  0 0  2 0  0
   244  -.2528906289522783E-04   4   0 0  1 1  0 0  2 0  0
   245  -.3958858349708081E-04   4   0 0  0 2  0 0  2 0  0
   246  0.4647842107580554E-05   4   2 0  0 0  0 1  0 1  0
   247  -.3385432546002659E-06   4   1 1  0 0  0 1  0 1  0
   248  0.3257673331445667E-06   4   0 2  0 0  0 1  0 1  0
   249  -.2299904907144413E-04   4   1 0  1 0  0 1  0 1  0
   250  -.3746329512051745E-04   4   0 1  1 0  0 1  0 1  0
   251  0.2528136581826381E-04   4   0 0  2 0  0 1  0 1  0
   252  0.1507821970468429E-04   4   1 0  0 1  0 1  0 1  0
   253  -.7032424484627004E-05   4   0 1  0 1  0 1  0 1  0
   254  0.2091542875520758E-04   4   0 0  1 1  0 1  0 1  0
   255  0.2966911961127883E-05   4   0 0  0 2  0 1  0 1  0
   256  0.4632320317731157E-05   4   2 0  0 0  0 0  1 1  0
   257  -.3374126660107211E-06   4   1 1  0 0  0 0  1 1  0
   258  0.3246794106274595E-06   4   0 2  0 0  0 0  1 1  0
   259  -.2292224215800737E-04   4   1 0  1 0  0 0  1 1  0
   260  -.3733818385802885E-04   4   0 1  1 0  0 0  1 1  0
   261  0.2519693695036018E-04   4   0 0  2 0  0 0  1 1  0
   262  0.1502786494818788E-04   4   1 0  0 1  0 0  1 1  0
   263  -.7008939217172737E-05   4   0 1  0 1  0 0  1 1  0
   264  0.2084558023577985E-04   4   0 0  1 1  0 0  1 1  0
   265  0.2957003753642338E-05   4   0 0  0 2  0 0  1 1  0
   266  0.3261192750259702E-09   4   2 0  0 0  0 0  0 2  0
   267  0.6348935393164803E-10   4   1 1  0 0  0 0  0 2  0
   268  0.3993399185549067E-08   4   0 2  0 0  0 0  0 2  0
   269  -.3552138152839818E-05   4   1 0  1 0  0 0  0 2  0
   270  0.9262232934407850E-06   4   0 1  1 0  0 0  0 2  0
   271  -.3243980506098723E-05   4   0 0  2 0  0 0  0 2  0
   272  -.9446485566401566E-06   4   1 0  0 1  0 0  0 2  0
   273  -.2950199819075028E-07   4   0 1  0 1  0 0  0 2  0
   274  -.7415590860294866E-06   4   0 0  1 1  0 0  0 2  0
   275  -.1186585006684524E-08   4   0 0  0 2  0 0  0 2  0
   276  0.1633056932704772E-05   4   1 0  0 0  0 3  0 0  0
   277  0.1158886244818938E-06   4   0 1  0 0  0 3  0 0  0
   278  -.2994791354480175E-01   4   0 0  1 0  0 3  0 0  0
   279  -.1079130048624036       4   0 0  0 1  0 3  0 0  0
   280  0.9784839702399970E-06   4   1 0  0 0  0 2  1 0  0
   281  0.1184680673580028E-06   4   0 1  0 0  0 2  1 0  0
   282  -.1823447673642451E-01   4   0 0  1 0  0 2  1 0  0
   283  -.6530207906429628E-01   4   0 0  0 1  0 2  1 0  0
   284  0.9817356382666646E-06   4   1 0  0 0  0 1  2 0  0
   285  0.1184532073609927E-06   4   0 1  0 0  0 1  2 0  0
   286  -.1829265248260524E-01   4   0 0  1 0  0 1  2 0  0
   287  -.6551372697492720E-01   4   0 0  0 1  0 1  2 0  0
   288  0.1623248002515009E-05   4   1 0  0 0  0 0  3 0  0
   289  0.1151109440645302E-06   4   0 1  0 0  0 0  3 0  0
   290  -.2976754844737931E-01   4   0 0  1 0  0 0  3 0  0
   291  -.1072637562139460       4   0 0  0 1  0 0  3 0  0
   292  -.1956328272829516E-05   4   1 0  0 0  0 2  0 1  0
   293  -.1164156497924334E-06   4   0 1  0 0  0 2  0 1  0
   294  0.3644914225615775E-01   4   0 0  1 0  0 2  0 1  0
   295  0.1277428352055850E-02   4   0 0  0 1  0 2  0 1  0
   296  -.1303359801226912E-05   4   1 0  0 0  0 1  1 1  0
   297  -.1162290815819679E-06   4   0 1  0 0  0 1  1 1  0
   298  0.2476338573947143E-01   4   0 0  1 0  0 1  1 1  0
   299  0.1113656577003999E-02   4   0 0  0 1  0 1  1 1  0
   300  -.1947618649423331E-05   4   1 0  0 0  0 0  2 1  0
   301  -.1158327941658863E-06   4   0 1  0 0  0 0  2 1  0
   302  0.3628606830841312E-01   4   0 0  1 0  0 0  2 1  0
   303  0.1271302725275487E-02   4   0 0  0 1  0 0  2 1  0
   304  -.5238647160539946E-08   4   1 0  0 0  0 1  0 2  0
   305  -.4368231565192055E-09   4   0 1  0 0  0 1  0 2  0
   306  -.6178995125480489E-03   4   0 0  1 0  0 1  0 2  0
   307  0.3291715681468008E-03   4   0 0  0 1  0 1  0 2  0
   308  -.5221152336463450E-08   4   1 0  0 0  0 0  1 2  0
   309  -.4353643554121002E-09   4   0 1  0 0  0 0  1 2  0
   310  -.6158359944311166E-03   4   0 0  1 0  0 0  1 2  0
   311  0.3280722769518302E-03   4   0 0  0 1  0 0  1 2  0
   312  0.1162116264101427E-08   4   1 0  0 0  0 0  0 3  0
   313  0.7582695197564303E-10   4   0 1  0 0  0 0  0 3  0
   314  -.2227293564775514E-04   4   0 0  1 0  0 0  0 3  0
   315  -.1272543724468826E-05   4   0 0  0 1  0 0  0 3  0
   316  -.3452891628757678E-05   4   0 0  0 0  0 4  0 0  0
   317  -.1995190343761476E-05   4   0 0  0 0  0 3  1 0  0
   318  -.1801243623686545E-05   4   0 0  0 0  0 2  2 0  0
   319  -.2005486086368172E-05   4   0 0  0 0  0 1  3 0  0
   320  -.3426533226682546E-05   4   0 0  0 0  0 0  4 0  0
   321  0.3383545255681561E-07   4   0 0  0 0  0 3  0 1  0
   322  0.3341373824082464E-07   4   0 0  0 0  0 2  1 1  0
   323  0.3341528472099289E-07   4   0 0  0 0  0 1  2 1  0
   324  0.3361035203035013E-07   4   0 0  0 0  0 0  3 1  0
   325  0.7037058151048819E-08   4   0 0  0 0  0 2  0 2  0
   326  0.1005553069546216E-07   4   0 0  0 0  0 1  1 2  0
   327  0.6996766839388303E-08   4   0 0  0 0  0 0  2 2  0
   328  -.2336421764539878E-10   4   0 0  0 0  0 1  0 3  0
   329  -.2328619122627924E-10   4   0 0  0 0  0 0  1 3  0
   -------------------------------------------------------
     I  COEFFICIENT            ORDER EXPONENTS
     1  -.3476155802765715E-05   0   0 0  0 0  0 0  0 0  0
     2  -.3079317448399215E-04   1   1 0  0 0  0 0  0 0  0
     3  -.5221773332168159E-05   1   0 1  0 0  0 0  0 0  0
     4  0.5779636428214757       1   0 0  1 0  0 0  0 0  0
     5   1.094292116004088       1   0 0  0 1  0 0  0 0  0
     6  0.1547247925750685E-06   1   0 0  0 0  0 1  0 0  0
     7  0.1542080784399684E-06   1   0 0  0 0  0 0  1 0  0
     8  -.3785088673651261E-05   1   0 0  0 0  0 0  0 1  0
     9  0.1130160497655227E-04   2   2 0  0 0  0 0  0 0  0
    10  -.1657427208816264E-04   2   1 1  0 0  0 0  0 0  0
    11  -.5168086761202924E-05   2   0 2  0 0  0 0  0 0  0
    12  0.5436046067256556E-05   2   1 0  1 0  0 0  0 0  0
    13  -.7870768981910337E-04   2   0 1  1 0  0 0  0 0  0
    14  0.7477788488991425E-05   2   0 0  2 0  0 0  0 0  0
    15  -.5767790799463040E-04   2   1 0  0 1  0 0  0 0  0
    16  -.2368400952324223E-04   2   0 1  0 1  0 0  0 0  0
    17  0.2511527348846759E-04   2   0 0  1 1  0 0  0 0  0
    18  0.5390430724072915E-05   2   0 0  0 2  0 0  0 0  0
    19  0.2523537935427889E-07   2   1 0  0 0  0 1  0 0  0
    20  0.2616188867702577E-05   2   0 1  0 0  0 1  0 0  0
    21  -.1378466957366567E-01   2   0 0  1 0  0 1  0 0  0
    22  -.4756155521292332E-01   2   0 0  0 1  0 1  0 0  0
    23  0.2515110406127232E-07   2   1 0  0 0  0 0  1 0  0
    24  0.2607451924219765E-05   2   0 1  0 0  0 0  1 0  0
    25  -.1373863471720413E-01   2   0 0  1 0  0 0  1 0  0
    26  -.4740272011314019E-01   2   0 0  0 1  0 0  1 0  0
    27  -.3084356096740771E-04   2   1 0  0 0  0 0  0 1  0
    28  -.5223640791922412E-05   2   0 1  0 0  0 0  0 1  0
    29  0.6054869471123453       2   0 0  1 0  0 0  0 1  0
    30  0.9496427532606512E-01   2   0 0  0 1  0 0  0 1  0
    31  -.1167552543972793E-06   2   0 0  0 0  0 2  0 0  0
    32  -.7903756617280421E-07   2   0 0  0 0  0 1  1 0  0
    33  -.1162333664983850E-06   2   0 0  0 0  0 0  2 0  0
    34  0.3125479421849499E-06   2   0 0  0 0  0 1  0 1  0
    35  0.3115041667371744E-06   2   0 0  0 0  0 0  1 1  0
    36  -.3120260266727074E-06   2   0 0  0 0  0 0  0 2  0
    37  0.1060317280348817E-04   3   3 0  0 0  0 0  0 0  0
    38  0.5876248305765863E-05   3   2 1  0 0  0 0  0 0  0
    39  0.1289867094190562E-05   3   1 2  0 0  0 0  0 0  0
    40  -.2499585689275503E-05   3   0 3  0 0  0 0  0 0  0
    41  -.5301238872381059       3   2 0  1 0  0 0  0 0  0
    42  -.3584761107732949       3   1 1  1 0  0 0  0 0  0
    43  0.2787263456349622       3   0 2  1 0  0 0  0 0  0
    44  -.2658365734389198E-04   3   1 0  2 0  0 0  0 0  0
    45  -.5618979028625709E-05   3   0 1  2 0  0 0  0 0  0
    46  -.2405165617503371       3   0 0  3 0  0 0  0 0  0
    47  -.2882741323140600E-02   3   2 0  0 1  0 0  0 0  0
    48  -.9368782571821592E-01   3   1 1  0 1  0 0  0 0  0
    49  0.8596198716391593E-01   3   0 2  0 1  0 0  0 0  0
    50  -.8355335841793679E-05   3   1 0  1 1  0 0  0 0  0
    51  0.2839162215641328E-04   3   0 1  1 1  0 0  0 0  0
    52  -.1991962489750397       3   0 0  2 1  0 0  0 0  0
    53  -.9659252133427038E-06   3   1 0  0 2  0 0  0 0  0
    54  0.2304021628505868E-05   3   0 1  0 2  0 0  0 0  0
    55  -.3277273602368045       3   0 0  1 2  0 0  0 0  0
    56  -.3913439451706942E-02   3   0 0  0 3  0 0  0 0  0
    57  -.5465104597316101E-05   3   2 0  0 0  0 1  0 0  0
    58  0.6410996465090628E-05   3   1 1  0 0  0 1  0 0  0
    59  0.5240225049192521E-05   3   0 2  0 0  0 1  0 0  0
    60  -.4988930695676316E-05   3   1 0  1 0  0 1  0 0  0
    61  0.4606353036675478E-04   3   0 1  1 0  0 1  0 0  0
    62  -.4497923707576470E-05   3   0 0  2 0  0 1  0 0  0
    63  0.2466754866980585E-04   3   1 0  0 1  0 1  0 0  0
    64  0.2437918521730305E-04   3   0 1  0 1  0 1  0 0  0
    65  -.1528988235582977E-04   3   0 0  1 1  0 1  0 0  0
    66  -.5604647712059358E-05   3   0 0  0 2  0 1  0 0  0
    67  -.5446853502915476E-05   3   2 0  0 0  0 0  1 0  0
    68  0.6389586499443540E-05   3   1 1  0 0  0 0  1 0  0
    69  0.5222724955580454E-05   3   0 2  0 0  0 0  1 0  0
    70  -.4972269816920368E-05   3   1 0  1 0  0 0  1 0  0
    71  0.4590969802444908E-04   3   0 1  1 0  0 0  1 0  0
    72  -.4482902580580710E-05   3   0 0  2 0  0 0  1 0  0
    73  0.2458516968667955E-04   3   1 0  0 1  0 0  1 0  0
    74  0.2429776924384978E-04   3   0 1  0 1  0 0  1 0  0
    75  -.1523882073729705E-04   3   0 0  1 1  0 0  1 0  0
    76  -.5585930603785296E-05   3   0 0  0 2  0 0  1 0  0
    77  0.2221356307678387E-04   3   2 0  0 0  0 0  0 1  0
    78  -.1280058296453428E-04   3   1 1  0 0  0 0  0 1  0
    79  -.5294863243570169E-05   3   0 2  0 0  0 0  0 1  0
    80  0.1539724657985373E-04   3   1 0  1 0  0 0  0 1  0
    81  -.9197322839120450E-04   3   0 1  1 0  0 0  0 1  0
    82  0.1645861477713898E-04   3   0 0  2 0  0 0  0 1  0
    83  -.4925271835648487E-04   3   1 0  0 1  0 0  0 1  0
    84  -.2499294493791051E-04   3   0 1  0 1  0 0  0 1  0
    85  0.3052870309312355E-04   3   0 0  1 1  0 0  0 1  0
    86  0.5800147591772741E-05   3   0 0  0 2  0 0  0 1  0
    87  -.2569876738000953E-07   3   1 0  0 0  0 2  0 0  0
    88  -.1959543911517218E-05   3   0 1  0 0  0 2  0 0  0
    89  0.1044992258623511E-01   3   0 0  1 0  0 2  0 0  0
    90  0.3581452150865113E-01   3   0 0  0 1  0 2  0 0  0
    91  -.2585720974065933E-07   3   1 0  0 0  0 1  1 0  0
    92  -.1307571430071867E-05   3   0 1  0 0  0 1  1 0  0
    93  0.7137299870818867E-02   3   0 0  1 0  0 1  1 0  0
    94  0.2414542000737447E-01   3   0 0  0 1  0 1  1 0  0
    95  -.2556976858101980E-07   3   1 0  0 0  0 0  2 0  0
    96  -.1950816516667077E-05   3   0 1  0 0  0 0  2 0  0
    97  0.1040310659472082E-01   3   0 0  1 0  0 0  2 0  0
    98  0.3565459879036589E-01   3   0 0  0 1  0 0  2 0  0
    99  0.7655128101555250E-07   3   1 0  0 0  0 1  0 1  0
   100  0.2612349653867807E-05   3   0 1  0 0  0 1  0 1  0
   101  -.2803715367189763E-01   3   0 0  1 0  0 1  0 1  0
   102  -.4821291476744526E-01   3   0 0  0 1  0 1  0 1  0
   103  0.7629563272335909E-07   3   1 0  0 0  0 0  1 1  0
   104  0.2603625531704960E-05   3   0 1  0 0  0 0  1 1  0
   105  -.2794352166004913E-01   3   0 0  1 0  0 0  1 1  0
   106  -.4805190440742970E-01   3   0 0  0 1  0 0  1 1  0
   107  -.7612872109616312E-07   3   1 0  0 0  0 0  0 2  0
   108  0.3526911223178293E-08   3   0 1  0 0  0 0  0 2  0
   109  0.2799034279454695E-01   3   0 0  1 0  0 0  0 2  0
   110  0.6502746059310568E-03   3   0 0  0 1  0 0  0 2  0
   111  0.9822601182693834E-07   3   0 0  0 0  0 3  0 0  0
   112  0.6122727083931609E-07   3   0 0  0 0  0 2  1 0  0
   113  0.6141096742015735E-07   3   0 0  0 0  0 1  2 0  0
   114  0.9763206993497368E-07   3   0 0  0 0  0 0  3 0  0
   115  -.2391502912103739E-06   3   0 0  0 0  0 2  0 1  0
   116  -.1662393877125744E-06   3   0 0  0 0  0 1  1 1  0
   117  -.2380740483506909E-06   3   0 0  0 0  0 0  2 1  0
   118  0.1659960814724296E-06   3   0 0  0 0  0 1  0 2  0
   119  0.1654417260891655E-06   3   0 0  0 0  0 0  1 2  0
   120  -.6470593629618186E-08   3   0 0  0 0  0 0  0 3  0
   121  0.3240500516933291E-05   4   4 0  0 0  0 0  0 0  0
   122  -.4506549948424268E-05   4   3 1  0 0  0 0  0 0  0
   123  -.3180177809361777E-05   4   2 2  0 0  0 0  0 0  0
   124  0.2295956849384039E-05   4   1 3  0 0  0 0  0 0  0
   125  -.3606561506704026E-05   4   0 4  0 0  0 0  0 0  0
   126  0.2830563411918162E-09   4   3 0  1 0  0 0  0 0  0
   127  0.1258355363016416E-03   4   2 1  1 0  0 0  0 0  0
   128  0.2127343126372335E-04   4   1 2  1 0  0 0  0 0  0
   129  0.3307835342596328E-04   4   0 3  1 0  0 0  0 0  0
   130  0.1411646478276641E-05   4   2 0  2 0  0 0  0 0  0
   131  -.6895338529621296E-04   4   1 1  2 0  0 0  0 0  0
   132  -.2458082864862957E-05   4   0 2  2 0  0 0  0 0  0
   133  0.5908470451079905E-09   4   1 0  3 0  0 0  0 0  0
   134  -.1535692898419091E-08   4   0 1  3 0  0 0  0 0  0
   135  -.4583340705915543E-05   4   0 0  4 0  0 0  0 0  0
   136  0.6291657138800301E-04   4   3 0  0 1  0 0  0 0  0
   137  0.4322945097781582E-04   4   2 1  0 1  0 0  0 0  0
   138  -.6181668298378870E-04   4   1 2  0 1  0 0  0 0  0
   139  0.1020191403454343E-04   4   0 3  0 1  0 0  0 0  0
   140  -.3114247659706686E-04   4   2 0  1 1  0 0  0 0  0
   141  -.4986325418948846E-04   4   1 1  1 1  0 0  0 0  0
   142  0.4853111755392157E-04   4   0 2  1 1  0 0  0 0  0
   143  0.8563263488247542E-04   4   1 0  2 1  0 0  0 0  0
   144  -.1125527155563793E-08   4   0 1  2 1  0 0  0 0  0
   145  -.3643985831064087E-04   4   0 0  3 1  0 0  0 0  0
   146  0.8124294299837705E-05   4   2 0  0 2  0 0  0 0  0
   147  -.1947033672359863E-04   4   1 1  0 2  0 0  0 0  0
   148  -.2273398354320221E-05   4   0 2  0 2  0 0  0 0  0
   149  0.2600927093591411E-04   4   1 0  1 2  0 0  0 0  0
   150  0.3308025249757243E-04   4   0 1  1 2  0 0  0 0  0
   151  -.1488734406069442E-04   4   0 0  2 2  0 0  0 0  0
   152  -.9617096393979102E-06   4   1 0  0 3  0 0  0 0  0
   153  0.1020188257907905E-04   4   0 1  0 3  0 0  0 0  0
   154  0.1124528865304266E-04   4   0 0  1 3  0 0  0 0  0
   155  0.1613797051480661E-05   4   0 0  0 4  0 0  0 0  0
   156  -.5178385799891842E-05   4   3 0  0 0  0 1  0 0  0
   157  -.6073861647227714E-05   4   2 1  0 0  0 1  0 0  0
   158  -.1954692808873745E-05   4   1 2  0 0  0 1  0 0  0
   159  0.3696309017579418E-05   4   0 3  0 0  0 1  0 0  0
   160  0.2419532671914223       4   2 0  1 0  0 1  0 0  0
   161  0.3642808379471968       4   1 1  1 0  0 1  0 0  0
   162  -.2799416654431127       4   0 2  1 0  0 1  0 0  0
   163  0.1025939540525112E-04   4   1 0  2 0  0 1  0 0  0
   164  0.5681872384982274E-05   4   0 1  2 0  0 1  0 0  0
   165  0.1471804537180192       4   0 0  3 0  0 1  0 0  0
   166  -.6254133010488625E-02   4   2 0  0 1  0 1  0 0  0
   167  0.1386428855035409       4   1 1  0 1  0 1  0 0  0
   168  -.1253148049238991       4   0 2  0 1  0 1  0 0  0
   169  0.7034563740261313E-05   4   1 0  1 1  0 1  0 0  0
   170  -.2732708706545871E-04   4   0 1  1 1  0 1  0 0  0
   171  0.2132039291317571       4   0 0  2 1  0 1  0 0  0
   172  0.1305138626237714E-05   4   1 0  0 2  0 1  0 0  0
   173  -.3314108419470758E-05   4   0 1  0 2  0 1  0 0  0
   174  0.3566041283559843       4   0 0  1 2  0 1  0 0  0
   175  0.7921514987380168E-02   4   0 0  0 3  0 1  0 0  0
   176  -.5161092222725300E-05   4   3 0  0 0  0 0  1 0  0
   177  -.6053577566598399E-05   4   2 1  0 0  0 0  1 0  0
   178  -.1948164977183815E-05   4   1 2  0 0  0 0  1 0  0
   179  0.3683964938227809E-05   4   0 3  0 0  0 0  1 0  0
   180  0.2411452475384734       4   2 0  1 0  0 0  1 0  0
   181  0.3630642969197896       4   1 1  1 0  0 0  1 0  0
   182  -.2790067809094880       4   0 2  1 0  0 0  1 0  0
   183  0.1022513344545002E-04   4   1 0  2 0  0 0  1 0  0
   184  0.5662897379577627E-05   4   0 1  2 0  0 0  1 0  0
   185  0.1466889344237326       4   0 0  3 0  0 0  1 0  0
   186  -.6233246901186228E-02   4   2 0  0 1  0 0  1 0  0
   187  0.1381798780082153       4   1 1  0 1  0 0  1 0  0
   188  -.1248963074745367       4   0 2  0 1  0 0  1 0  0
   189  0.7011071328614488E-05   4   1 0  1 1  0 0  1 0  0
   190  -.2723582637009736E-04   4   0 1  1 1  0 0  1 0  0
   191  0.2124919198796358       4   0 0  2 1  0 0  1 0  0
   192  0.1300780025624356E-05   4   1 0  0 2  0 0  1 0  0
   193  -.3303040725422561E-05   4   0 1  0 2  0 0  1 0  0
   194  0.3554132242305098       4   0 0  1 2  0 0  1 0  0
   195  0.7895060540749448E-02   4   0 0  0 3  0 0  1 0  0
   196  0.2094265082610535E-04   4   3 0  0 0  0 0  0 1  0
   197  0.1212743921382609E-04   4   2 1  0 0  0 0  0 1  0
   198  0.2612990691867085E-05   4   1 2  0 0  0 0  0 1  0
   199  -.2381102577256271E-05   4   0 3  0 0  0 0  0 1  0
   200  -1.013222401968002       4   2 0  1 0  0 0  0 1  0
   201  -.7273451348669908       4   1 1  1 0  0 0  0 1  0
   202  0.2802221007176409       4   0 2  1 0  0 0  0 1  0
   203  -.4706818619458789E-04   4   1 0  2 0  0 0  0 1  0
   204  -.1134476976455113E-04   4   0 1  2 0  0 0  0 1  0
   205  -.5343859498921506       4   0 0  3 0  0 0  0 1  0
   206  0.1248737991167542E-01   4   2 0  0 1  0 0  0 1  0
   207  -.1831349377935447       4   1 1  0 1  0 0  0 1  0
   208  0.7828713807060395E-01   4   0 2  0 1  0 0  0 1  0
   209  -.1404563506885779E-04   4   1 0  1 1  0 0  0 1  0
   210  0.2617129127915115E-04   4   0 1  1 1  0 0  0 1  0
   211  -.4256958490117163       4   0 0  2 1  0 0  0 1  0
   212  -.1639993438515316E-05   4   1 0  0 2  0 0  0 1  0
   213  0.2009105887882337E-05   4   0 1  0 2  0 0  0 1  0
   214  -.3842899923498392       4   0 0  1 2  0 0  0 1  0
   215  -.7989696624723139E-02   4   0 0  0 3  0 0  0 1  0
   216  0.1488729925349220E-05   4   2 0  0 0  0 2  0 0  0
   217  -.1959650715056708E-05   4   1 1  0 0  0 2  0 0  0
   218  -.7526753435886275E-05   4   0 2  0 0  0 2  0 0  0
   219  -.2695323421052644E-04   4   1 0  1 0  0 2  0 0  0
   220  0.4152055981738529E-04   4   0 1  1 0  0 2  0 0  0
   221  0.7491880826878936E-05   4   0 0  2 0  0 2  0 0  0
   222  -.3743774997022922E-04   4   1 0  0 1  0 2  0 0  0
   223  0.1743902819307926E-04   4   0 1  0 1  0 2  0 0  0
   224  0.3536070731276742E-04   4   0 0  1 1  0 2  0 0  0
   225  0.2539114663266907E-05   4   0 0  0 2  0 2  0 0  0
   226  0.6502183640909870E-06   4   2 0  0 0  0 1  1 0  0
   227  0.1756221318097831E-05   4   1 1  0 0  0 1  1 0  0
   228  -.8570802966804800E-05   4   0 2  0 0  0 1  1 0  0
   229  -.3256063742842633E-04   4   1 0  1 0  0 1  1 0  0
   230  0.4985115670995812E-04   4   0 1  1 0  0 1  1 0  0
   231  0.7966614604319877E-05   4   0 0  2 0  0 1  1 0  0
   232  -.3334276682816793E-04   4   1 0  0 1  0 1  1 0  0
   233  0.2461094785290574E-04   4   0 1  0 1  0 1  1 0  0
   234  0.3441005595143011E-04   4   0 0  1 1  0 1  1 0  0
   235  0.2878719443537393E-05   4   0 0  0 2  0 1  1 0  0
   236  0.1482672484327356E-05   4   2 0  0 0  0 0  2 0  0
   237  -.1956038837313329E-05   4   1 1  0 0  0 0  2 0  0
   238  -.7487305928401685E-05   4   0 2  0 0  0 0  2 0  0
   239  -.2680885277341904E-04   4   1 0  1 0  0 0  2 0  0
   240  0.4129865834802722E-04   4   0 1  1 0  0 0  2 0  0
   241  0.7453558643272501E-05   4   0 0  2 0  0 0  2 0  0
   242  -.3725704878075567E-04   4   1 0  0 1  0 0  2 0  0
   243  0.1733969437312806E-04   4   0 1  0 1  0 0  2 0  0
   244  0.3518516040786663E-04   4   0 0  1 1  0 0  2 0  0
   245  0.2525828273174482E-05   4   0 0  0 2  0 0  2 0  0
   246  -.3856182839687192E-05   4   2 0  0 0  0 1  0 1  0
   247  0.1544627091448505E-05   4   1 1  0 0  0 1  0 1  0
   248  0.6078743928579649E-05   4   0 2  0 0  0 1  0 1  0
   249  0.4323364335702325E-04   4   1 0  1 0  0 1  0 1  0
   250  -.3331140981203813E-04   4   0 1  1 0  0 1  0 1  0
   251  -.1513671821694472E-04   4   0 0  2 0  0 1  0 1  0
   252  0.5020409055528451E-04   4   1 0  0 1  0 1  0 1  0
   253  -.9306386628403059E-05   4   0 1  0 1  0 1  0 1  0
   254  -.4267043529769133E-04   4   0 0  1 1  0 1  0 1  0
   255  -.2691135972006522E-05   4   0 0  0 2  0 1  0 1  0
   256  -.3843304850660644E-05   4   2 0  0 0  0 0  1 1  0
   257  0.1539468702554393E-05   4   1 1  0 0  0 0  1 1  0
   258  0.6058443543234461E-05   4   0 2  0 0  0 0  1 1  0
   259  0.4308926161791102E-04   4   1 0  1 0  0 0  1 1  0
   260  -.3320016405740153E-04   4   0 1  1 0  0 0  1 1  0
   261  -.1508616810062508E-04   4   0 0  2 0  0 0  1 1  0
   262  0.5003643052614749E-04   4   1 0  0 1  0 0  1 1  0
   263  -.9275307307255779E-05   4   0 1  0 1  0 0  1 1  0
   264  -.4252793443080647E-04   4   0 0  1 1  0 0  1 1  0
   265  -.2682148737490675E-05   4   0 0  0 2  0 0  1 1  0
   266  0.4077866972267150E-05   4   2 0  0 0  0 0  0 2  0
   267  0.2509516912540274E-05   4   1 1  0 0  0 0  0 2  0
   268  0.1693018454593392E-06   4   0 2  0 0  0 0  0 2  0
   269  -.1805626516918495E-09   4   1 0  1 0  0 0  0 2  0
   270  -.2325912994439413E-10   4   0 1  1 0  0 0  0 2  0
   271  0.7310832169613047E-05   4   0 0  2 0  0 0  0 2  0
   272  -.3321981278320626E-05   4   1 0  0 1  0 0  0 2  0
   273  -.5542544259919493E-12   4   0 1  0 1  0 0  0 2  0
   274  0.4269486802502759E-05   4   0 0  1 1  0 0  0 2  0
   275  0.1794145477777972E-06   4   0 0  0 2  0 0  0 2  0
   276  0.2532685560639661E-07   4   1 0  0 0  0 3  0 0  0
   277  0.1632736804376473E-05   4   0 1  0 0  0 3  0 0  0
   278  -.8785821961640277E-02   4   0 0  1 0  0 3  0 0  0
   279  -.2994790252517545E-01   4   0 0  0 1  0 3  0 0  0
   280  0.2493725801744080E-07   4   1 0  0 0  0 2  1 0  0
   281  0.9794427168994067E-06   4   0 1  0 0  0 2  1 0  0
   282  -.5463225824347593E-02   4   0 0  1 0  0 2  1 0  0
   283  -.1823446855874345E-01   4   0 0  0 1  0 2  1 0  0
   284  0.2493878593220830E-07   4   1 0  0 0  0 1  2 0  0
   285  0.9826879838234470E-06   4   0 1  0 0  0 1  2 0  0
   286  -.5479722904657907E-02   4   0 0  1 0  0 1  2 0  0
   287  -.1829264429087381E-01   4   0 0  0 1  0 1  2 0  0
   288  0.2515848409059182E-07   4   1 0  0 0  0 0  3 0  0
   289  0.1622927882142031E-05   4   0 1  0 0  0 0  3 0  0
   290  -.8732718890905865E-02   4   0 0  1 0  0 0  3 0  0
   291  -.2976753749656198E-01   4   0 0  0 1  0 0  3 0  0
   292  -.7617549981553779E-07   4   1 0  0 0  0 2  0 1  0
   293  -.1955909178638582E-05   4   0 1  0 0  0 2  0 1  0
   294  0.2137076133176637E-01   4   0 0  1 0  0 2  0 1  0
   295  0.3644912701766619E-01   4   0 0  0 1  0 2  0 1  0
   296  -.7580137471044236E-07   4   1 0  0 0  0 1  1 1  0
   297  -.1303824025241747E-05   4   0 1  0 0  0 1  1 1  0
   298  0.1474858205669996E-01   4   0 0  1 0  0 1  1 1  0
   299  0.2476337352662321E-01   4   0 0  0 1  0 1  1 1  0
   300  -.7579453448277442E-07   4   1 0  0 0  0 0  2 1  0
   301  -.1947200179588032E-05   4   0 1  0 0  0 0  2 1  0
   302  0.2127476524334691E-01   4   0 0  1 0  0 0  2 1  0
   303  0.3628605314120392E-01   4   0 0  0 1  0 0  2 1  0
   304  0.7634715728986704E-07   4   1 0  0 0  0 1  0 2  0
   305  -.5269905321976258E-08   4   0 1  0 0  0 1  0 2  0
   306  -.1472647123736794E-01   4   0 0  1 0  0 1  0 2  0
   307  -.6178968547938460E-03   4   0 0  0 1  0 1  0 2  0
   308  0.7609219068296271E-07   4   1 0  0 0  0 0  1 2  0
   309  -.5252306109008513E-08   4   0 1  0 0  0 0  1 2  0
   310  -.1467729116917777E-01   4   0 0  1 0  0 0  1 2  0
   311  -.6158333455566172E-03   4   0 0  0 1  0 0  1 2  0
   312  -.2543687562790418E-07   4   1 0  0 0  0 0  0 3  0
   313  0.1156129661611609E-08   4   0 1  0 0  0 0  0 3  0
   314  0.4711398706670400E-03   4   0 0  1 0  0 0  0 3  0
   315  -.2227300383665462E-04   4   0 0  0 1  0 0  0 3  0
   316  -.9571637588478761E-06   4   0 0  0 0  0 4  0 0  0
   317  -.5570769656048756E-06   4   0 0  0 0  0 3  1 0  0
   318  -.5041000310677425E-06   4   0 0  0 0  0 2  2 0  0
   319  -.5599016642916329E-06   4   0 0  0 0  0 1  3 0  0
   320  -.9498504012211925E-06   4   0 0  0 0  0 0  4 0  0
   321  0.1106599056648330E-05   4   0 0  0 0  0 3  0 1  0
   322  0.6827516596422988E-06   4   0 0  0 0  0 2  1 1  0
   323  0.6848563487559246E-06   4   0 0  0 0  0 1  2 1  0
   324  0.1099919490344166E-05   4   0 0  0 0  0 0  3 1  0
   325  -.1431139778700720E-07   4   0 0  0 0  0 2  0 2  0
   326  -.1667017104630551E-07   4   0 0  0 0  0 1  1 2  0
   327  -.1423576829131611E-07   4   0 0  0 0  0 0  2 2  0
   328  -.4089256092324461E-09   4   0 0  0 0  0 1  0 3  0
   329  -.4075599739067134E-09   4   0 0  0 0  0 0  1 3  0
   -------------------------------------------------------
     I  COEFFICIENT            ORDER EXPONENTS
     1  -.9940990853700658E-09   0   0 0  0 0  0 0  0 0  0
     2  -.4013390942556574E-06   1   1 0  0 0  0 0  0 0  0
     3  0.1465884655561147E-05   1   0 1  0 0  0 0  0 0  0
     4  0.1429398545747609E-06   1   0 0  1 0  0 0  0 0  0
     5  0.5384248437244472E-06   1   0 0  0 1  0 0  0 0  0
     6   1.000000000000000       1   0 0  0 0  1 0  0 0  0
     7  0.8466606725104396E-01   1   0 0  0 0  0 1  0 0  0
     8  -.8466606723874942E-01   1   0 0  0 0  0 0  1 0  0
     9  -.1229470847870423E-10   1   0 0  0 0  0 0  0 1  0
    10  -.6264789967189663E-02   2   2 0  0 0  0 0  0 0  0
    11  0.4619197007500022E-01   2   1 1  0 0  0 0  0 0  0
    12  -.8388098987995189E-01   2   0 2  0 0  0 0  0 0  0
    13  -.3273377164307624E-08   2   1 0  1 0  0 0  0 0  0
    14  0.2611659321908730E-05   2   0 1  1 0  0 0  0 0  0
    15  -.6202201734402165E-02   2   0 0  2 0  0 0  0 0  0
    16  0.2611651664859828E-05   2   1 0  0 1  0 0  0 0  0
    17  0.1160048856535906E-06   2   0 1  0 1  0 0  0 0  0
    18  -.4733638596599832E-01   2   0 0  1 1  0 0  0 0  0
    19  -.8595816544061564E-01   2   0 0  0 2  0 0  0 0  0
    20  0.5954647863528725E-06   2   1 0  0 0  0 1  0 0  0
    21  -.2171482823693587E-05   2   0 1  0 0  0 1  0 0  0
    22  -.2172594880320086E-06   2   0 0  1 0  0 1  0 0  0
    23  -.8144168193166551E-06   2   0 0  0 1  0 1  0 0  0
    24  0.1948132799342478E-06   2   1 0  0 0  0 0  1 0  0
    25  -.7081213416909075E-06   2   0 1  0 0  0 0  1 0  0
    26  -.7454712958210820E-07   2   0 0  1 0  0 0  1 0  0
    27  -.2768622235545630E-06   2   0 0  0 1  0 0  1 0  0
    28  -.7902783431017794E-06   2   1 0  0 0  0 0  0 1  0
    29  0.1413721439397115E-05   2   0 1  0 0  0 0  0 1  0
    30  0.2918064439068177E-06   2   0 0  1 0  0 0  0 1  0
    31  0.5528535839624542E-06   2   0 0  0 1  0 0  0 1  0
    32  -.6360575835512437E-01   2   0 0  0 0  0 2  0 0  0
    33  0.4254544944117544E-01   2   0 0  0 0  0 1  1 0  0
    34  0.2106030889590886E-01   2   0 0  0 0  0 0  2 0  0
    35  0.1802897894314566E-10   2   0 0  0 0  0 1  0 1  0
    36  0.5756042381008976E-11   2   0 0  0 0  0 0  1 1  0
    37  -.5745154503272523E-11   2   0 0  0 0  0 0  0 2  0
    38  -.5179416906290336E-05   3   3 0  0 0  0 0  0 0  0
    39  0.1354769445323313E-04   3   2 1  0 0  0 0  0 0  0
    40  0.1433494890626717E-05   3   1 2  0 0  0 0  0 0  0
    41  0.1764446810599209E-05   3   0 3  0 0  0 0  0 0  0
    42  0.3231082414455420E-05   3   2 0  1 0  0 0  0 0  0
    43  -.9515280937344051E-05   3   1 1  1 0  0 0  0 0  0
    44  -.1491655719167554E-05   3   0 2  1 0  0 0  0 0  0
    45  -.7996339864163909E-05   3   1 0  2 0  0 0  0 0  0
    46  -.1845049393473063E-04   3   0 1  2 0  0 0  0 0  0
    47  0.2439442477598562E-05   3   0 0  3 0  0 0  0 0  0
    48  -.4291554386829946E-05   3   2 0  0 1  0 0  0 0  0
    49  0.1725521878205832E-06   3   1 1  0 1  0 0  0 0  0
    50  0.3671973914757860E-06   3   0 2  0 1  0 0  0 0  0
    51  -.3301907512044894E-04   3   1 0  1 1  0 0  0 0  0
    52  -.2962163045083492E-06   3   0 1  1 1  0 0  0 0  0
    53  0.7381749618799311E-05   3   0 0  2 1  0 0  0 0  0
    54  -.4146585818679558E-05   3   1 0  0 2  0 0  0 0  0
    55  0.8160418285746250E-06   3   0 1  0 2  0 0  0 0  0
    56  0.2962121804773637E-05   3   0 0  1 2  0 0  0 0  0
    57  0.9337080267766015E-06   3   0 0  0 3  0 0  0 0  0
    58  0.9390797386738666E-02   3   2 0  0 0  0 1  0 0  0
    59  -.6885371151749982E-01   3   1 1  0 0  0 1  0 0  0
    60  0.1250666985270963       3   0 2  0 0  0 1  0 0  0
    61  0.6583480391012159E-08   3   1 0  1 0  0 1  0 0  0
    62  -.3906360666387245E-05   3   0 1  1 0  0 1  0 0  0
    63  0.9264230348571250E-02   3   0 0  2 0  0 1  0 0  0
    64  -.3911354844319619E-05   3   1 0  0 1  0 1  0 0  0
    65  -.2256386336403203E-06   3   0 1  0 1  0 1  0 0  0
    66  0.7113397338815174E-01   3   0 0  1 1  0 1  0 0  0
    67  0.1292053349150088       3   0 0  0 2  0 1  0 0  0
    68  0.3136418399257256E-02   3   2 0  0 0  0 0  1 0  0
    69  -.2273980908157873E-01   3   1 1  0 0  0 0  1 0  0
    70  0.4132736264860309E-01   3   0 2  0 0  0 0  1 0  0
    71  0.3357214447405553E-08   3   1 0  1 0  0 0  1 0  0
    72  -.1300271443478378E-05   3   0 1  1 0  0 0  1 0  0
    73  0.3072444566741368E-02   3   0 0  2 0  0 0  1 0  0
    74  -.1302967977304041E-05   3   1 0  0 1  0 0  1 0  0
    75  -.1118373281323566E-06   3   0 1  0 1  0 0  1 0  0
    76  0.2387566975524262E-01   3   0 0  1 1  0 0  1 0  0
    77  0.4338884974899401E-01   3   0 0  0 2  0 0  1 0  0
    78  -.1252721352257819E-01   3   2 0  0 0  0 0  0 1  0
    79  0.4540155806924440E-01   3   1 1  0 0  0 0  0 1  0
    80  0.1367896528442693E-02   3   0 2  0 0  0 0  0 1  0
    81  -.1010181889740866E-07   3   1 0  1 0  0 0  0 1  0
    82  0.2597793829671267E-05   3   0 1  1 0  0 0  0 1  0
    83  -.1233667155615017E-01   3   0 0  2 0  0 0  0 1  0
    84  0.2600070327125255E-05   3   1 0  0 1  0 0  0 1  0
    85  0.1142851763678796E-06   3   0 1  0 1  0 0  0 1  0
    86  -.4767325990807448E-01   3   0 0  1 1  0 0  0 1  0
    87  -.6778638843046734E-03   3   0 0  0 2  0 0  0 1  0
    88  -.7382638463933781E-06   3   1 0  0 0  0 2  0 0  0
    89  0.2687471623757497E-05   3   0 1  0 0  0 2  0 0  0
    90  0.2731410315203623E-06   3   0 0  1 0  0 2  0 0  0
    91  0.1024740500178784E-05   3   0 0  0 1  0 2  0 0  0
    92  -.2859452481592973E-06   3   1 0  0 0  0 1  1 0  0
    93  0.1033259455674834E-05   3   0 1  0 0  0 1  1 0  0
    94  0.1118879321738472E-06   3   0 0  1 0  0 1  1 0  0
    95  0.4210922411588626E-06   3   0 0  0 1  0 1  1 0  0
    96  -.1434850517287399E-06   3   1 0  0 0  0 0  2 0  0
    97  0.5185142581335853E-06   3   0 1  0 0  0 0  2 0  0
    98  0.5611828530361634E-07   3   0 0  1 0  0 0  2 0  0
    99  0.2111967984884911E-06   3   0 0  0 1  0 0  2 0  0
   100  0.1167007148002416E-05   3   1 0  0 0  0 1  0 1  0
   101  -.2065231493461502E-05   3   0 1  0 0  0 1  0 1  0
   102  -.4409109472884608E-06   3   0 0  1 0  0 1  0 1  0
   103  -.8417414074110285E-06   3   0 0  0 1  0 1  0 1  0
   104  0.3781010684021790E-06   3   1 0  0 0  0 0  1 1  0
   105  -.6540397448069647E-06   3   0 1  0 0  0 0  1 1  0
   106  -.1495778119357831E-06   3   0 0  1 0  0 0  1 1  0
   107  -.2897631895213676E-06   3   0 0  0 1  0 0  1 1  0
   108  -.3774147886982647E-06   3   1 0  0 0  0 0  0 2  0
   109  -.5408582879965343E-07   3   0 1  0 0  0 0  0 2  0
   110  0.1493412484547823E-06   3   0 0  1 0  0 0  0 2  0
   111  0.1289873240866851E-07   3   0 0  0 1  0 0  0 2  0
   112  0.5302264479964890E-01   3   0 0  0 0  0 3  0 0  0
   113  -.3185642855985336E-01   3   0 0  0 0  0 2  1 0  0
   114  -.1068902300837385E-01   3   0 0  0 0  0 1  2 0  0
   115  -.1047719897264409E-01   3   0 0  0 0  0 0  3 0  0
   116  0.2536199986268921E-09   3   0 0  0 0  0 2  0 1  0
   117  0.7537753448709699E-10   3   0 0  0 0  0 1  1 1  0
   118  0.3792204735443011E-10   3   0 0  0 0  0 0  2 1  0
   119  0.9372504992945220E-11   3   0 0  0 0  0 1  0 2  0
   120  0.5983231493390531E-11   3   0 0  0 0  0 0  1 2  0
   121  -.2581167149697758E-13   3   0 0  0 0  0 0  0 3  0
   122  -.1440577634670255E-01   4   4 0  0 0  0 0  0 0  0
   123  -.5143669495639638E-01   4   3 1  0 0  0 0  0 0  0
   124  0.7060448641805808E-01   4   2 2  0 0  0 0  0 0  0
   125  0.7812016618321103E-01   4   1 3  0 0  0 0  0 0  0
   126  -.5539020230060613E-01   4   0 4  0 0  0 0  0 0  0
   127  0.6298394577456109E-05   4   3 0  1 0  0 0  0 0  0
   128  0.2194592404097796E-05   4   2 1  1 0  0 0  0 0  0
   129  -.2168618187898164E-05   4   1 2  1 0  0 0  0 0  0
   130  0.3694021094130762E-05   4   0 3  1 0  0 0  0 0  0
   131  -.1415816339235081       4   2 0  2 0  0 0  0 0  0
   132  -.8230502017560294E-01   4   1 1  2 0  0 0  0 0  0
   133  0.1237666625829127       4   0 2  2 0  0 0  0 0  0
   134  -.3384691237290135E-05   4   1 0  3 0  0 0  0 0  0
   135  0.6790456356244049E-06   4   0 1  3 0  0 0  0 0  0
   136  -.4047525161973118E-01   4   0 0  4 0  0 0  0 0  0
   137  0.4708121723737454E-06   4   3 0  0 1  0 0  0 0  0
   138  0.1298534982267368E-04   4   2 1  0 1  0 0  0 0  0
   139  0.5788485140740202E-05   4   1 2  0 1  0 0  0 0  0
   140  0.9878779122095210E-06   4   0 3  0 1  0 0  0 0  0
   141  -.6834010620634676E-01   4   2 0  1 1  0 0  0 0  0
   142  -.2858685175896710E-01   4   1 1  1 1  0 0  0 0  0
   143  -.5420494635155586E-01   4   0 2  1 1  0 0  0 0  0
   144  0.2824403077471027E-05   4   1 0  2 1  0 0  0 0  0
   145  0.1878468000500762E-04   4   0 1  2 1  0 0  0 0  0
   146  -.1067039399210417       4   0 0  3 1  0 0  0 0  0
   147  -.1475856619427139       4   2 0  0 2  0 0  0 0  0
   148  0.4070058337715639E-01   4   1 1  0 2  0 0  0 0  0
   149  -.1285190556774558       4   0 2  0 2  0 0  0 0  0
   150  0.3638899161398382E-05   4   1 0  1 2  0 0  0 0  0
   151  0.7433872044686639E-05   4   0 1  1 2  0 0  0 0  0
   152  -.2270357878569911       4   0 0  2 2  0 0  0 0  0
   153  0.4247631974046002E-05   4   1 0  0 3  0 0  0 0  0
   154  0.1019597381266877E-05   4   0 1  0 3  0 0  0 0  0
   155  -.1113760741079187       4   0 0  1 3  0 0  0 0  0
   156  -.7342260705158964E-01   4   0 0  0 4  0 0  0 0  0
   157  0.1586632141695846E-04   4   3 0  0 0  0 1  0 0  0
   158  -.5586728142728065E-04   4   2 1  0 0  0 1  0 0  0
   159  -.6085257463029801E-04   4   1 2  0 0  0 1  0 0  0
   160  0.6623971892001118E-04   4   0 3  0 0  0 1  0 0  0
   161  -.4733567741959093E-05   4   2 0  1 0  0 1  0 0  0
   162  0.1529730274419614E-04   4   1 1  1 0  0 1  0 0  0
   163  -.7942966872233619E-05   4   0 2  1 0  0 1  0 0  0
   164  0.1672145914173799E-04   4   1 0  2 0  0 1  0 0  0
   165  -.3400180096804456E-04   4   0 1  2 0  0 1  0 0  0
   166  -.9010032494253404E-05   4   0 0  3 0  0 1  0 0  0
   167  -.1427055031676196E-04   4   2 0  0 1  0 1  0 0  0
   168  0.7668687042589588E-05   4   1 1  0 1  0 1  0 0  0
   169  -.2289278920552224E-04   4   0 2  0 1  0 1  0 0  0
   170  0.4853866233187674E-04   4   1 0  1 1  0 1  0 0  0
   171  0.3131846984797503E-04   4   0 1  1 1  0 1  0 0  0
   172  -.4134498213718233E-04   4   0 0  2 1  0 1  0 0  0
   173  -.2438883641440730E-04   4   1 0  0 2  0 1  0 0  0
   174  0.7794760681718608E-04   4   0 1  0 2  0 1  0 0  0
   175  -.2626422835281770E-04   4   0 0  1 2  0 1  0 0  0
   176  -.2663497795654519E-04   4   0 0  0 3  0 1  0 0  0
   177  0.6607967076244262E-05   4   3 0  0 0  0 0  1 0  0
   178  -.2021163450458801E-04   4   2 1  0 0  0 0  1 0  0
   179  -.3650606022914428E-04   4   1 2  0 0  0 0  1 0  0
   180  0.3893516547920048E-04   4   0 3  0 0  0 0  1 0  0
   181  -.2395553046802929E-05   4   2 0  1 0  0 0  1 0  0
   182  0.4872505815403959E-05   4   1 1  1 0  0 0  1 0  0
   183  -.4472947243448970E-05   4   0 2  1 0  0 0  1 0  0
   184  0.8864073168640082E-05   4   1 0  2 0  0 0  1 0  0
   185  -.2017292528564480E-04   4   0 1  2 0  0 0  1 0  0
   186  -.4601442980345506E-05   4   0 0  3 0  0 0  1 0  0
   187  -.8552440436812959E-05   4   2 0  0 1  0 0  1 0  0
   188  0.4510598004279249E-05   4   1 1  0 1  0 0  1 0  0
   189  -.1373938838749720E-04   4   0 2  0 1  0 0  1 0  0
   190  0.1695928212279276E-04   4   1 0  1 1  0 0  1 0  0
   191  0.1913286913163199E-04   4   0 1  1 1  0 0  1 0  0
   192  -.2115605941690980E-04   4   0 0  2 1  0 0  1 0  0
   193  -.1336630441443636E-04   4   1 0  0 2  0 0  1 0  0
   194  0.4678035208383331E-04   4   0 1  0 2  0 0  1 0  0
   195  -.1648070142813042E-04   4   0 0  1 2  0 0  1 0  0
   196  -.1625352637895219E-04   4   0 0  0 3  0 0  1 0  0
   197  -.1636964098110986E-04   4   3 0  0 0  0 0  0 1  0
   198  0.2361320344599389E-04   4   2 1  0 0  0 0  0 1  0
   199  0.2093365963235404E-04   4   1 2  0 0  0 0  0 1  0
   200  0.2915954371752517E-05   4   0 3  0 0  0 0  0 1  0
   201  0.4624064443616075E-05   4   2 0  1 0  0 0  0 1  0
   202  -.1077370976327995E-04   4   1 1  1 0  0 0  0 1  0
   203  0.3494665861120449E-05   4   0 2  1 0  0 0  0 1  0
   204  -.1581727169580043E-04   4   1 0  2 0  0 0  0 1  0
   205  0.1099017666692440E-04   4   0 1  2 0  0 0  0 1  0
   206  0.9700490961230999E-05   4   0 0  3 0  0 0  0 1  0
   207  0.6294338957952505E-05   4   2 0  0 1  0 0  0 1  0
   208  -.2890136722379582E-05   4   1 1  0 1  0 0  0 1  0
   209  -.2027540443028098E-06   4   0 2  0 1  0 0  0 1  0
   210  -.3047674225789063E-04   4   1 0  1 1  0 0  0 1  0
   211  -.1326023261311917E-04   4   0 1  1 1  0 0  0 1  0
   212  0.2567077427998696E-04   4   0 0  2 1  0 0  0 1  0
   213  0.1089610852490681E-04   4   1 0  0 2  0 0  0 1  0
   214  -.8787067103592756E-06   4   0 1  0 2  0 0  0 1  0
   215  0.1097580524334319E-04   4   0 0  1 2  0 0  0 1  0
   216  0.1039286935195303E-05   4   0 0  0 3  0 0  0 1  0
   217  -.1173210195251202E-01   4   2 0  0 0  0 2  0 0  0
   218  0.8563677340678927E-01   4   1 1  0 0  0 2  0 0  0
   219  -.1555941002948272       4   0 2  0 0  0 2  0 0  0
   220  -.1027093564363725E-07   4   1 0  1 0  0 2  0 0  0
   221  0.4876646819357352E-05   4   0 1  1 0  0 2  0 0  0
   222  -.1154016192491175E-01   4   0 0  2 0  0 2  0 0  0
   223  0.4878808404515847E-05   4   1 0  0 1  0 2  0 0  0
   224  0.3441255782575769E-06   4   0 1  0 1  0 2  0 0  0
   225  -.8904429053108112E-01   4   0 0  1 1  0 2  0 0  0
   226  -.1617784518424041       4   0 0  0 2  0 2  0 0  0
   227  -.4687921973498952E-02   4   2 0  0 0  0 1  1 0  0
   228  0.3360590418124324E-01   4   1 1  0 0  0 1  1 0  0
   229  -.6112692737326848E-01   4   0 2  0 0  0 1  1 0  0
   230  -.7218623854176566E-08   4   1 0  1 0  0 1  1 0  0
   231  0.1940913765467329E-05   4   0 1  1 0  0 1  1 0  0
   232  -.4557186637476331E-02   4   0 0  2 0  0 1  1 0  0
   233  0.1938809315275249E-05   4   1 0  0 1  0 1  1 0  0
   234  0.2324986237867844E-06   4   0 1  0 1  0 1  1 0  0
   235  -.3586047658275465E-01   4   0 0  1 1  0 1  1 0  0
   236  -.6521846888182987E-01   4   0 0  0 2  0 1  1 0  0
   237  -.2351743959931227E-02   4   2 0  0 0  0 0  2 0  0
   238  0.1686129758662634E-01   4   1 1  0 0  0 0  2 0  0
   239  -.3066930145857084E-01   4   0 2  0 0  0 0  2 0  0
   240  -.3605211459488429E-08   4   1 0  1 0  0 0  2 0  0
   241  0.9738404619425669E-06   4   0 1  1 0  0 0  2 0  0
   242  -.2286384209981637E-02   4   0 0  2 0  0 0  2 0  0
   243  0.9725867177255799E-06   4   1 0  0 1  0 0  2 0  0
   244  0.1162549077707261E-06   4   0 1  0 1  0 0  2 0  0
   245  -.1798860723497320E-01   4   0 0  1 1  0 0  2 0  0
   246  -.3271511625002504E-01   4   0 0  0 2  0 0  2 0  0
   247  0.1876133236571749E-01   4   2 0  0 0  0 1  0 1  0
   248  -.6717201002354660E-01   4   1 1  0 0  0 1  0 1  0
   249  -.2885009329775868E-02   4   0 2  0 0  0 1  0 1  0
   250  0.2101559493612046E-07   4   1 0  1 0  0 1  0 1  0
   251  -.3876641331956384E-05   4   0 1  1 0  0 1  0 1  0
   252  0.1837328686699259E-01   4   0 0  2 0  0 1  0 1  0
   253  -.3878018168265788E-05   4   1 0  0 1  0 1  0 1  0
   254  -.2259908941891859E-06   4   0 1  0 1  0 1  0 1  0
   255  0.7168110709416128E-01   4   0 0  1 1  0 1  0 1  0
   256  0.1159348914300484E-02   4   0 0  0 2  0 1  0 1  0
   257  0.6254995355100576E-02   4   2 0  0 0  0 0  1 1  0
   258  -.2184886331496276E-01   4   1 1  0 0  0 0  1 1  0
   259  -.1516599227510974E-02   4   0 2  0 0  0 0  1 1  0
   260  0.1091095178850931E-07   4   1 0  1 0  0 0  1 1  0
   261  -.1283223242203059E-05   4   0 1  1 0  0 0  1 1  0
   262  0.6057517196503559E-02   4   0 0  2 0  0 0  1 1  0
   263  -.1282334162670420E-05   4   1 0  0 1  0 0  1 1  0
   264  -.1117130575108412E-06   4   0 1  0 1  0 0  1 1  0
   265  0.2408634778037303E-01   4   0 0  1 1  0 0  1 1  0
   266  0.4821332907254157E-03   4   0 0  0 2  0 0  1 1  0
   267  -.6244557873377762E-02   4   2 0  0 0  0 0  0 2  0
   268  -.8911240840688773E-03   4   1 1  0 0  0 0  0 2  0
   269  0.1489592123358818E-03   4   0 2  0 0  0 0  0 2  0
   270  -.1079459661876185E-07   4   1 0  1 0  0 0  0 2  0
   271  -.1895033793879440E-07   4   0 1  1 0  0 0  0 2  0
   272  -.6047068068959023E-02   4   0 0  2 0  0 0  0 2  0
   273  -.1899475395485598E-07   4   1 0  0 1  0 0  0 2  0
   274  -.2607100971382595E-08   4   0 1  0 1  0 0  0 2  0
   275  -.2104674013426631E-03   4   0 0  1 1  0 0  0 2  0
   276  0.1960547532513019E-03   4   0 0  0 2  0 0  0 2  0
   277  -.1190666758550830E-04   4   1 0  0 0  0 3  0 0  0
   278  0.4328041879006653E-04   4   0 1  0 0  0 3  0 0  0
   279  -.3810012304192493E-05   4   0 0  1 0  0 3  0 0  0
   280  -.1380712082164536E-04   4   0 0  0 1  0 3  0 0  0
   281  -.4984392231163862E-05   4   1 0  0 0  0 2  1 0  0
   282  0.1812708757270938E-04   4   0 1  0 0  0 2  1 0  0
   283  -.1649860588038336E-05   4   0 0  1 0  0 2  1 0  0
   284  -.5979868952516667E-05   4   0 0  0 1  0 2  1 0  0
   285  -.2972698500416606E-05   4   1 0  0 0  0 1  2 0  0
   286  0.1081395720630435E-04   4   0 1  0 0  0 1  2 0  0
   287  -.9924078369951971E-06   4   0 0  1 0  0 1  2 0  0
   288  -.3598090274388392E-05   4   0 0  0 1  0 1  2 0  0
   289  -.1670757645917741E-05   4   1 0  0 0  0 0  3 0  0
   290  0.6076120591370845E-05   4   0 1  0 0  0 0  3 0  0
   291  -.5527974011446853E-06   4   0 0  1 0  0 0  3 0  0
   292  -.2003591693571423E-05   4   0 0  0 1  0 0  3 0  0
   293  0.1004821842702708E-04   4   1 0  0 0  0 2  0 1  0
   294  0.6913035983440548E-06   4   0 1  0 0  0 2  0 1  0
   295  0.3294829490626231E-05   4   0 0  1 0  0 2  0 1  0
   296  0.9677129225976313E-07   4   0 0  0 1  0 2  0 1  0
   297  0.3864682997810963E-05   4   1 0  0 0  0 1  1 1  0
   298  0.5842675274501755E-06   4   0 1  0 0  0 1  1 1  0
   299  0.1335731310194521E-05   4   0 0  1 0  0 1  1 1  0
   300  0.6055331617099474E-07   4   0 0  0 1  0 1  1 1  0
   301  0.1939384044341507E-05   4   1 0  0 0  0 0  2 1  0
   302  0.2918208354997242E-06   4   0 1  0 0  0 0  2 1  0
   303  0.6700033620555778E-06   4   0 0  1 0  0 0  2 1  0
   304  0.3028603917497101E-07   4   0 0  0 1  0 0  2 1  0
   305  0.1237273988781247E-06   4   1 0  0 0  0 1  0 2  0
   306  -.4250215566510385E-07   4   0 1  0 0  0 1  0 2  0
   307  -.2114146688448635E-07   4   0 0  1 0  0 1  0 2  0
   308  0.1522884556783120E-07   4   0 0  0 1  0 1  0 2  0
   309  0.7756956283835279E-07   4   1 0  0 0  0 0  1 2  0
   310  -.2998195216326168E-07   4   0 1  0 0  0 0  1 2  0
   311  -.9214850302336402E-08   4   0 0  1 0  0 0  1 2  0
   312  0.1120676328213391E-07   4   0 0  0 1  0 0  1 2  0
   313  -.1144504850213552E-08   4   1 0  0 0  0 0  0 3  0
   314  -.8591316001076868E-10   4   0 1  0 0  0 0  0 3  0
   315  -.4088880423646487E-09   4   0 0  1 0  0 0  0 3  0
   316  -.2336214042587652E-10   4   0 0  0 1  0 0  0 3  0
   317  -.4640149237469753E-01   4   0 0  0 0  0 4  0 0  0
   318  0.2653802175305761E-01   4   0 0  0 0  0 3  1 0  0
   319  0.7977602155011797E-02   4   0 0  0 0  0 2  2 0  0
   320  0.5370618917106106E-02   4   0 0  0 0  0 1  3 0  0
   321  0.6515243159943561E-02   4   0 0  0 0  0 0  4 0  0
   322  -.1566793996312399E-09   4   0 0  0 0  0 3  0 1  0
   323  0.3614421125169561E-10   4   0 0  0 0  0 2  1 1  0
   324  -.1056426023747617E-10   4   0 0  0 0  0 1  2 1  0
   325  0.1174622833600781E-10   4   0 0  0 0  0 0  3 1  0
   326  -.2017430662789423E-11   4   0 0  0 0  0 2  0 2  0
   327  0.6172963894512026E-11   4   0 0  0 0  0 1  1 2  0
   328  0.3054418560858426E-11   4   0 0  0 0  0 0  2 2  0
   329  0.1751910528462400E-13   4   0 0  0 0  0 1  0 3  0
   330  -.8178960624564924E-14   4   0 0  0 0  0 0  1 3  0
   -------------------------------------------------------
     I  COEFFICIENT            ORDER EXPONENTS
     1   1.000000000000000       1   0 0  0 0  0 1  0 0  0
     -----------------------------------------------------
     I  COEFFICIENT            ORDER EXPONENTS
     1   1.000000000000000       1   0 0  0 0  0 0  1 0  0
     -----------------------------------------------------
     I  COEFFICIENT            ORDER EXPONENTS
     1   1.000000000000000       1   0 0  0 0  0 0  0 1  0
     -----------------------------------------------------
