     I  COEFFICIENT            ORDER EXPONENTS
     1  0.4544030147626211E-04   0   0 0  0 0  0 0  0 0
     2   1.015753303082100       1   1 0  0 0  0 0  0 0
     3  0.2606106034675529       1   0 1  0 0  0 0  0 0
     4  0.1263990459634663E-05   1   0 0  1 0  0 0  0 0
     5  0.4969455700099969E-07   1   0 0  0 1  0 0  0 0
     6  -.2581293478096897E-06   1   0 0  0 0  0 1  0 0
     7  -.2572673070179033E-06   1   0 0  0 0  0 0  1 0
     8  0.5153966547889664E-06   1   0 0  0 0  0 0  0 1
     9  -.1053490555595135E-04   2   2 0  0 0  0 0  0 0
    10  0.6090237390160153E-05   2   1 1  0 0  0 0  0 0
    11  0.1349411239600800E-05   2   0 2  0 0  0 0  0 0
    12  -.1421021861597409E-05   2   1 0  1 0  0 0  0 0
    13  -.1177814355010785E-05   2   0 1  1 0  0 0  0 0
    14  0.1069523265891168E-04   2   0 0  2 0  0 0  0 0
    15  0.4732020875223899E-09   2   1 0  0 1  0 0  0 0
    16  0.5737301409371894E-08   2   0 1  0 1  0 0  0 0
    17  -.1087128981969024E-07   2   0 0  1 1  0 0  0 0
    18  0.7145350315749563E-06   2   0 0  0 2  0 0  0 0
    19  -.7904181322946971E-02   2   1 0  0 0  0 1  0 0
    20  -.1308278054346137       2   0 1  0 0  0 1  0 0
    21  -.6321445260006325E-06   2   0 0  1 0  0 1  0 0
    22  -.4954217317584457E-07   2   0 0  0 1  0 1  0 0
    23  -.7877784763299237E-02   2   1 0  0 0  0 0  1 0
    24  -.1303908969391420       2   0 1  0 0  0 0  1 0
    25  -.6300334356795980E-06   2   0 0  1 0  0 0  1 0
    26  -.4937672366553015E-07   2   0 0  0 1  0 0  1 0
    27  0.1578196608624645E-01   2   1 0  0 0  0 0  0 1
    28  0.6080989062025463E-03   2   0 1  0 0  0 0  0 1
    29  0.1262177961469894E-05   2   0 0  1 0  0 0  0 1
    30  0.4922433984035497E-07   2   0 0  0 1  0 0  0 1
    31  0.1935660317668641E-06   2   0 0  0 0  0 2  0 0
    32  0.1294321425162277E-06   2   0 0  0 0  0 1  1 0
    33  0.1927034808798479E-06   2   0 0  0 0  0 0  2 0
    34  -.2584391450290250E-06   2   0 0  0 0  0 1  0 1
    35  -.2575760696479912E-06   2   0 0  0 0  0 0  1 1
    36  0.3093547291504890E-09   2   0 0  0 0  0 0  0 2
    37  -.9659712219381413E-03   3   3 0  0 0  0 0  0 0
    38  0.6323213179988592E-01   3   2 1  0 0  0 0  0 0
    39  0.3198534357841228E-01   3   1 2  0 0  0 0  0 0
    40  0.1326724660749573       3   0 3  0 0  0 0  0 0
    41  -.1018076812267470E-05   3   2 0  1 0  0 0  0 0
    42  0.1803633116963638E-06   3   1 1  1 0  0 0  0 0
    43  0.1911755935815129E-05   3   0 2  1 0  0 0  0 0
    44  0.7477182327393958E-02   3   1 0  2 0  0 0  0 0
    45  0.6077336567271714E-01   3   0 1  2 0  0 0  0 0
    46  0.3445210910462142E-06   3   0 0  3 0  0 0  0 0
    47  0.4945807918115296E-05   3   2 0  0 1  0 0  0 0
    48  0.1296965560127595E-05   3   1 1  0 1  0 0  0 0
    49  0.2375102145059504E-06   3   0 2  0 1  0 0  0 0
    50  0.1911373195648946E-03   3   1 0  1 1  0 0  0 0
    51  -.9114548978037893E-04   3   0 1  1 1  0 0  0 0
    52  0.4768221454558503E-05   3   0 0  2 1  0 0  0 0
    53  0.1591333231777715E-01   3   1 0  0 2  0 0  0 0
    54  0.1320461536152795       3   0 1  0 2  0 0  0 0
    55  0.1876599977571680E-05   3   0 0  1 2  0 0  0 0
    56  0.1877010985218099E-06   3   0 0  0 3  0 0  0 0
    57  0.5140834272091634E-05   3   2 0  0 0  0 1  0 0
    58  -.6246623500596156E-05   3   1 1  0 0  0 1  0 0
    59  -.2039103770538924E-05   3   0 2  0 0  0 1  0 0
    60  0.6956191031034423E-06   3   1 0  1 0  0 1  0 0
    61  0.1172883605189265E-05   3   0 1  1 0  0 1  0 0
    62  -.5308868546468383E-05   3   0 0  2 0  0 1  0 0
    63  -.6713217980241445E-08   3   1 0  0 1  0 1  0 0
    64  -.1089377226630915E-07   3   0 1  0 1  0 1  0 0
    65  0.4714585178702710E-07   3   0 0  1 1  0 1  0 0
    66  -.1074499365791537E-05   3   0 0  0 2  0 1  0 0
    67  0.5123666100846776E-05   3   2 0  0 0  0 0  1 0
    68  -.6225762469820873E-05   3   1 1  0 0  0 0  1 0
    69  -.2032294042610465E-05   3   0 2  0 0  0 0  1 0
    70  0.6932960350465490E-06   3   1 0  1 0  0 0  1 0
    71  0.1168966679352256E-05   3   0 1  1 0  0 0  1 0
    72  -.5291139213154358E-05   3   0 0  2 0  0 0  1 0
    73  -.6690798724961889E-08   3   1 0  0 1  0 0  1 0
    74  -.1085739176115580E-07   3   0 1  0 1  0 0  1 0
    75  0.4698840495758697E-07   3   0 0  1 1  0 0  1 0
    76  -.1070911000919661E-05   3   0 0  0 2  0 0  1 0
    77  -.1026450037293847E-04   3   2 0  0 0  0 0  0 1
    78  0.6382148580538804E-05   3   1 1  0 0  0 0  0 1
    79  0.1372575333948290E-05   3   0 2  0 0  0 0  0 1
    80  -.1388915138149993E-05   3   1 0  1 0  0 0  0 1
    81  -.1164035929530693E-05   3   0 1  1 0  0 0  0 1
    82  0.1060000775976850E-04   3   0 0  2 0  0 0  0 1
    83  0.1293081461766845E-07   3   1 0  0 1  0 0  0 1
    84  0.1027656120872822E-07   3   0 1  0 1  0 0  0 1
    85  -.8326296692495949E-07   3   0 0  1 1  0 0  0 1
    86  0.7163403035613610E-06   3   0 0  0 2  0 0  0 1
    87  0.5932031231828817E-02   3   1 0  0 0  0 2  0 0
    88  0.9821839359941298E-01   3   0 1  0 0  0 2  0 0
    89  0.4740764863923629E-06   3   0 0  1 0  0 2  0 0
    90  0.4855969485824042E-07   3   0 0  0 1  0 2  0 0
    91  0.3972967269862709E-02   3   1 0  0 0  0 1  1 0
    92  0.6582534380552088E-01   3   0 1  0 0  0 1  1 0
    93  0.3168257433950709E-06   3   0 0  1 0  0 1  1 0
    94  0.4831368203787116E-07   3   0 0  0 1  0 1  1 0
    95  0.5905586804321150E-02   3   1 0  0 0  0 0  2 0
    96  0.9778047234599260E-01   3   0 1  0 0  0 0  2 0
    97  0.4719642445446442E-06   3   0 0  1 0  0 0  2 0
    98  0.4831685296250870E-07   3   0 0  0 1  0 0  2 0
    99  -.7932853921483071E-02   3   1 0  0 0  0 1  0 1
   100  -.6065935293634803E-03   3   0 1  0 0  0 1  0 1
   101  -.6323695846236477E-06   3   0 0  1 0  0 1  0 1
   102  -.4927639326868647E-07   3   0 0  0 1  0 1  0 1
   103  -.7906361607711365E-02   3   1 0  0 0  0 0  1 1
   104  -.6045677683611158E-03   3   0 1  0 0  0 0  1 1
   105  -.6302577427037867E-06   3   0 0  1 0  0 0  1 1
   106  -.4911183134873545E-07   3   0 0  0 1  0 0  1 1
   107  0.2862678499046135E-04   3   1 0  0 0  0 0  0 2
   108  -.2517283014646578E-05   3   0 1  0 0  0 0  0 2
   109  -.7878535348153460E-11   3   0 0  1 0  0 0  0 2
   110  -.1109205480513363E-11   3   0 0  0 1  0 0  0 2
   111  -.1613398945963761E-06   3   0 0  0 0  0 3  0 0
   112  -.9699471200512111E-07   3   0 0  0 0  0 2  1 0
   113  -.9731434077306898E-07   3   0 0  0 0  0 1  2 0
   114  -.1603702696814081E-06   3   0 0  0 0  0 0  3 0
   115  0.1938759657546672E-06   3   0 0  0 0  0 2  0 1
   116  0.1297411306608741E-06   3   0 0  0 0  0 1  1 1
   117  0.1930118638788593E-06   3   0 0  0 0  0 0  2 1
   118  -.3073018333617080E-09   3   0 0  0 0  0 1  0 2
   119  -.3062755776566105E-09   3   0 0  0 0  0 0  1 2
   120  -.1710696080622567E-11   3   0 0  0 0  0 0  0 3
   121  0.6394953253305945E-05   4   4 0  0 0  0 0  0 0
   122  -.8082365980863506E-06   4   3 1  0 0  0 0  0 0
   123  -.1743724874662143E-04   4   2 2  0 0  0 0  0 0
   124  -.1818731019140206E-04   4   1 3  0 0  0 0  0 0
   125  -.8688612713049237E-04   4   0 4  0 0  0 0  0 0
   126  0.3664660121585683E-06   4   3 0  1 0  0 0  0 0
   127  -.1565090461244689E-06   4   2 1  1 0  0 0  0 0
   128  0.5364948448301793E-07   4   1 2  1 0  0 0  0 0
   129  0.4151181220301913E-06   4   0 3  1 0  0 0  0 0
   130  -.5566439146084263E-05   4   2 0  2 0  0 0  0 0
   131  -.5288294559672038E-05   4   1 1  2 0  0 0  0 0
   132  -.1658417886078640E-04   4   0 2  2 0  0 0  0 0
   133  -.3169699919412302E-06   4   1 0  3 0  0 0  0 0
   134  -.6304891232314328E-07   4   0 1  3 0  0 0  0 0
   135  -.2752667807721160E-10   4   0 0  4 0  0 0  0 0
   136  0.1752520163438291E-06   4   3 0  0 1  0 0  0 0
   137  0.6293296473421456E-06   4   2 1  0 1  0 0  0 0
   138  -.6676400783615205E-06   4   1 2  0 1  0 0  0 0
   139  -.4168668208554255E-05   4   0 3  0 1  0 0  0 0
   140  0.5053680821509470E-05   4   2 0  1 1  0 0  0 0
   141  0.4272969984286561E-04   4   1 1  1 1  0 0  0 0
   142  0.5435283677351056E-05   4   0 2  1 1  0 0  0 0
   143  0.2921232226261251E-06   4   1 0  2 1  0 0  0 0
   144  0.3088571055054225E-05   4   0 1  2 1  0 0  0 0
   145  0.1089230424499523E-10   4   0 0  3 1  0 0  0 0
   146  -.2703069033821100E-04   4   2 0  0 2  0 0  0 0
   147  -.1521327197152630E-04   4   1 1  0 2  0 0  0 0
   148  -.1030992142685696E-03   4   0 2  0 2  0 0  0 0
   149  -.1170263568356940E-05   4   1 0  1 2  0 0  0 0
   150  0.9002123938623948E-06   4   0 1  1 2  0 0  0 0
   151  -.5250412034605258E-05   4   0 0  2 2  0 0  0 0
   152  -.6585042100705839E-06   4   1 0  0 3  0 0  0 0
   153  -.4119127566767976E-05   4   0 1  0 3  0 0  0 0
   154  0.7842908734078602E-08   4   0 0  1 3  0 0  0 0
   155  -.1703676331585666E-04   4   0 0  0 4  0 0  0 0
   156  -.5807641653120455E-03   4   3 0  0 0  0 1  0 0
   157  -.6505768203396735E-01   4   2 1  0 0  0 1  0 0
   158  -.4836942699607996E-01   4   1 2  0 0  0 1  0 0
   159  -.2006891325529847       4   0 3  0 0  0 1  0 0
   160  0.2930884830412639E-06   4   2 0  1 0  0 1  0 0
   161  -.3741947109634261E-06   4   1 1  1 0  0 1  0 0
   162  -.2887923903029760E-05   4   0 2  1 0  0 1  0 0
   163  -.3003534946339904E-02   4   1 0  2 0  0 1  0 0
   164  -.6071053617864143E-01   4   0 1  2 0  0 1  0 0
   165  -.1069888467353162E-06   4   0 0  3 0  0 1  0 0
   166  -.5051549452878759E-05   4   2 0  0 1  0 1  0 0
   167  -.1979706100639655E-05   4   1 1  0 1  0 1  0 0
   168  -.4782439992739813E-06   4   0 2  0 1  0 1  0 0
   169  0.3489553951498612E-03   4   1 0  1 1  0 1  0 0
   170  0.2654705151286806E-03   4   0 1  1 1  0 1  0 0
   171  -.4682486995227970E-05   4   0 0  2 1  0 1  0 0
   172  -.2396269311108751E-01   4   1 0  0 2  0 1  0 0
   173  -.1994219742907085       4   0 1  0 2  0 1  0 0
   174  -.2804384099647179E-05   4   0 0  1 2  0 1  0 0
   175  -.3757694779791752E-06   4   0 0  0 3  0 1  0 0
   176  -.5788246632555284E-03   4   3 0  0 0  0 0  1 0
   177  -.6484041740981565E-01   4   2 1  0 0  0 0  1 0
   178  -.4820789395266074E-01   4   1 2  0 0  0 0  1 0
   179  -.2000189173287060       4   0 3  0 0  0 0  1 0
   180  0.2921096938019243E-06   4   2 0  1 0  0 0  1 0
   181  -.3729450618721052E-06   4   1 1  1 0  0 0  1 0
   182  -.2878279481621646E-05   4   0 2  1 0  0 0  1 0
   183  -.2993504433864772E-02   4   1 0  2 0  0 0  1 0
   184  -.6050778914842895E-01   4   0 1  2 0  0 0  1 0
   185  -.1066315500895127E-06   4   0 0  3 0  0 0  1 0
   186  -.5034679454456573E-05   4   2 0  0 1  0 0  1 0
   187  -.1973094735333688E-05   4   1 1  0 1  0 0  1 0
   188  -.4766468703953007E-06   4   0 2  0 1  0 0  1 0
   189  0.3477900344974409E-03   4   1 0  1 1  0 0  1 0
   190  0.2645839580015620E-03   4   0 1  1 1  0 0  1 0
   191  -.4666849506382586E-05   4   0 0  2 1  0 0  1 0
   192  -.2388266804180015E-01   4   1 0  0 2  0 0  1 0
   193  -.1987559908289980       4   0 1  0 2  0 0  1 0
   194  -.2795018665184418E-05   4   0 0  1 2  0 0  1 0
   195  -.3745145698446327E-06   4   0 0  0 3  0 0  1 0
   196  0.1159588828567605E-02   4   3 0  0 0  0 0  0 1
   197  0.6666596764389712E-01   4   2 1  0 0  0 0  0 1
   198  0.3260663379191665E-01   4   1 2  0 0  0 0  0 1
   199  0.2690651656819824E-02   4   0 3  0 0  0 0  0 1
   200  -.5851981768570442E-06   4   2 0  1 0  0 0  0 1
   201  0.5667764610236746E-06   4   1 1  1 0  0 0  0 1
   202  0.1942691513021163E-05   4   0 2  1 0  0 0  0 1
   203  0.5997039380204815E-02   4   1 0  2 0  0 0  0 1
   204  0.6044495965435314E-01   4   0 1  2 0  0 0  0 1
   205  0.2136203968248356E-06   4   0 0  3 0  0 0  0 1
   206  0.5140420989216381E-05   4   2 0  0 1  0 0  0 1
   207  0.1358869715687842E-05   4   1 1  0 1  0 0  0 1
   208  0.2423602261514958E-06   4   0 2  0 1  0 0  0 1
   209  -.8878827492120006E-03   4   1 0  1 1  0 0  0 1
   210  -.3477634935697206E-03   4   0 1  1 1  0 0  0 1
   211  0.4581115047052060E-05   4   0 0  2 1  0 0  0 1
   212  0.1601869651733293E-01   4   1 0  0 2  0 0  0 1
   213  0.2039504273868535E-02   4   0 1  0 2  0 0  0 1
   214  0.1846202809688226E-05   4   0 0  1 2  0 0  0 1
   215  0.1871807522583811E-06   4   0 0  0 3  0 0  0 1
   216  -.1532655841977495E-04   4   2 0  0 0  0 2  0 0
   217  -.1810261026322213E-04   4   1 1  0 0  0 2  0 0
   218  -.1298023450943142E-03   4   0 2  0 0  0 2  0 0
   219  -.4641696746256413E-06   4   1 0  1 0  0 2  0 0
   220  0.1669057761375030E-06   4   0 1  1 0  0 2  0 0
   221  -.6562077468048240E-05   4   0 0  2 0  0 2  0 0
   222  -.6262625486505283E-06   4   1 0  0 1  0 2  0 0
   223  -.5233943465433418E-05   4   0 1  0 1  0 2  0 0
   224  0.2487570325416653E-07   4   0 0  1 1  0 2  0 0
   225  -.4269899958756826E-04   4   0 0  0 2  0 2  0 0
   226  -.1423293323977338E-04   4   2 0  0 0  0 1  1 0
   227  -.2232494563698678E-04   4   1 1  0 0  0 1  1 0
   228  -.1561778882248408E-03   4   0 2  0 0  0 1  1 0
   229  -.3034701228684717E-06   4   1 0  1 0  0 1  1 0
   230  0.1693989933363768E-06   4   0 1  1 0  0 1  1 0
   231  -.7856096543223430E-05   4   0 0  2 0  0 1  1 0
   232  -.7520700948630841E-06   4   1 0  0 1  0 1  1 0
   233  -.6291798781732394E-05   4   0 1  0 1  0 1  1 0
   234  0.4179529721695141E-07   4   0 0  1 1  0 1  1 0
   235  -.5133338986627692E-04   4   0 0  0 2  0 1  1 0
   236  -.1525160838700981E-04   4   2 0  0 0  0 0  2 0
   237  -.1800487749627216E-04   4   1 1  0 0  0 0  2 0
   238  -.1291080777702750E-03   4   0 2  0 0  0 0  2 0
   239  -.4621128182051599E-06   4   1 0  1 0  0 0  2 0
   240  0.1660655229447001E-06   4   0 1  1 0  0 0  2 0
   241  -.6527044968351417E-05   4   0 0  2 0  0 0  2 0
   242  -.6229153065771443E-06   4   1 0  0 1  0 0  2 0
   243  -.5205958401230339E-05   4   0 1  0 1  0 0  2 0
   244  0.2472283998304058E-07   4   0 0  1 1  0 0  2 0
   245  -.4247068762715819E-04   4   0 0  0 2  0 0  2 0
   246  0.1721748250970992E-04   4   2 0  0 0  0 1  0 1
   247  0.1411141208542254E-04   4   1 1  0 0  0 1  0 1
   248  0.2007900449599916E-05   4   0 2  0 0  0 1  0 1
   249  0.6094563120696692E-06   4   1 0  1 0  0 1  0 1
   250  -.1726404188739703E-06   4   0 1  1 0  0 1  0 1
   251  0.5230876063751421E-05   4   0 0  2 0  0 1  0 1
   252  0.5031725095155883E-06   4   1 0  0 1  0 1  0 1
   253  0.7605028419361579E-07   4   0 1  0 1  0 1  0 1
   254  -.3005028048513034E-07   4   0 0  1 1  0 1  0 1
   255  0.2552216836819594E-06   4   0 0  0 2  0 1  0 1
   256  0.1715998353726946E-04   4   2 0  0 0  0 0  1 1
   257  0.1406428604977022E-04   4   1 1  0 0  0 0  1 1
   258  0.2001194927317580E-05   4   0 2  0 0  0 0  1 1
   259  0.6074209906066392E-06   4   1 0  1 0  0 0  1 1
   260  -.1720638742669783E-06   4   0 1  1 0  0 0  1 1
   261  0.5213407191722104E-05   4   0 0  2 0  0 0  1 1
   262  0.5014921301546040E-06   4   1 0  0 1  0 0  1 1
   263  0.7579630901504563E-07   4   0 1  0 1  0 0  1 1
   264  -.2994992549720059E-07   4   0 0  1 1  0 0  1 1
   265  0.2543693532353956E-06   4   0 0  0 2  0 0  1 1
   266  -.4921472063578034E-06   4   2 0  0 0  0 0  0 2
   267  -.1012230967737490E-06   4   1 1  0 0  0 0  0 2
   268  -.2288016408370467E-08   4   0 2  0 0  0 0  0 2
   269  0.1084255907261153E-07   4   1 0  1 0  0 0  0 2
   270  0.2284021098314903E-08   4   0 1  1 0  0 0  0 2
   271  0.1556384844938758E-11   4   0 0  2 0  0 0  0 2
   272  -.1635320155737252E-08   4   1 0  0 1  0 0  0 2
   273  0.5065791709623631E-10   4   0 1  0 1  0 0  0 2
   274  0.2728029386726739E-12   4   0 0  1 1  0 0  0 2
   275  0.2174851651706393E-09   4   0 0  0 2  0 0  0 2
   276  -.4947581917194807E-02   4   1 0  0 0  0 3  0 0
   277  -.8194030838201967E-01   4   0 1  0 0  0 3  0 0
   278  -.3949401485175824E-06   4   0 0  1 0  0 3  0 0
   279  -.4928829607589288E-07   4   0 0  0 1  0 3  0 0
   280  -.2982002037664495E-02   4   1 0  0 0  0 2  1 0
   281  -.4943902636710908E-01   4   0 1  0 0  0 2  1 0
   282  -.2370504074664876E-06   4   0 0  1 0  0 2  1 0
   283  -.5001254979496291E-07   4   0 0  0 1  0 2  1 0
   284  -.2991765553879844E-02   4   1 0  0 0  0 1  2 0
   285  -.4960046599624952E-01   4   0 1  0 0  0 1  2 0
   286  -.2378347261258057E-06   4   0 0  1 0  0 1  2 0
   287  -.5000809720398204E-07   4   0 0  0 1  0 1  2 0
   288  -.4917835149651864E-02   4   1 0  0 0  0 0  3 0
   289  -.8144756509364981E-01   4   0 1  0 0  0 0  3 0
   290  -.3925672598703700E-06   4   0 0  1 0  0 0  3 0
   291  -.4895816319372177E-07   4   0 0  0 1  0 0  3 0
   292  0.5960680392578403E-02   4   1 0  0 0  0 2  0 1
   293  0.6046979537763290E-03   4   0 1  0 0  0 2  0 1
   294  0.4739503031939480E-06   4   0 0  1 0  0 2  0 1
   295  0.4928637331120050E-07   4   0 0  0 1  0 2  0 1
   296  0.4001590810286126E-02   4   1 0  0 0  0 1  1 1
   297  0.6028082738318328E-03   4   0 1  0 0  0 1  1 1
   298  0.3165820735246609E-06   4   0 0  1 0  0 1  1 1
   299  0.4929573716087481E-07   4   0 0  0 1  0 1  1 1
   300  0.5934092494073573E-02   4   1 0  0 0  0 0  2 1
   301  0.6016719632396286E-03   4   0 1  0 0  0 0  2 1
   302  0.4718388896211665E-06   4   0 0  1 0  0 0  2 1
   303  0.4903946481822979E-07   4   0 0  0 1  0 0  2 1
   304  -.2862011086558102E-04   4   1 0  0 0  0 1  0 2
   305  0.3788906717640583E-05   4   0 1  0 0  0 1  0 2
   306  0.1219935890112061E-10   4   0 0  1 0  0 1  0 2
   307  0.2202654932627422E-11   4   0 0  0 1  0 1  0 2
   308  -.2852453202790127E-04   4   1 0  0 0  0 0  1 2
   309  0.3776253401872517E-05   4   0 1  0 0  0 0  1 2
   310  0.1215861829965761E-10   4   0 0  1 0  0 0  1 2
   311  0.2195299014294957E-11   4   0 0  0 1  0 0  1 2
   312  -.3630902925611008E-07   4   1 0  0 0  0 0  0 3
   313  -.4437025179265916E-08   4   0 1  0 0  0 0  0 3
   314  -.2866968656611940E-11   4   0 0  1 0  0 0  0 3
   315  -.3567791878935566E-12   4   0 0  0 1  0 0  0 3
   316  -.1237236233502015E-04   4   0 0  0 0  0 4  0 0
   317  -.7117462352081617E-05   4   0 0  0 0  0 3  1 0
   318  -.6421833993716061E-05   4   0 0  0 0  0 2  2 0
   319  -.7154567993615212E-05   4   0 0  0 0  0 1  3 0
   320  -.1227796783973554E-04   4   0 0  0 0  0 0  4 0
   321  0.7194365660269307E-07   4   0 0  0 0  0 3  0 1
   322  0.8464207942530576E-07   4   0 0  0 0  0 2  1 1
   323  0.8457726498336219E-07   4   0 0  0 0  0 1  2 1
   324  0.7144240468307958E-07   4   0 0  0 0  0 0  3 1
   325  0.3820719634116968E-09   4   0 0  0 0  0 2  0 2
   326  0.5452041740065049E-09   4   0 0  0 0  0 1  1 2
   327  0.3798856341873082E-09   4   0 0  0 0  0 0  2 2
   328  -.3839684542770852E-12   4   0 0  0 0  0 1  0 3
   329  -.3826861650946780E-12   4   0 0  0 0  0 0  1 3
   ----------------------------------------------------
     I  COEFFICIENT            ORDER EXPONENTS
     1  0.5890386557162834E-05   0   0 0  0 0  0 0  0 0
     2  0.1218474904204624       1   1 0  0 0  0 0  0 0
     3   1.015753278776221       1   0 1  0 0  0 0  0 0
     4  0.9711279358031715E-05   1   0 0  1 0  0 0  0 0
     5  0.1264515870361335E-05   1   0 0  0 1  0 0  0 0
     6  -.1387710761897945E-07   1   0 0  0 0  0 1  0 0
     7  -.1383076405928670E-07   1   0 0  0 0  0 0  1 0
     8  0.5918094428813744E-05   1   0 0  0 0  0 0  0 1
     9  -.4760315657622931E-05   2   2 0  0 0  0 0  0 0
    10  0.1935768316353333E-04   2   1 1  0 0  0 0  0 0
    11  -.3999567833778909E-06   2   0 2  0 0  0 0  0 0
    12  -.6562105321484061E-06   2   1 0  1 0  0 0  0 0
    13  0.1111369678842119E-05   2   0 1  1 0  0 0  0 0
    14  0.3319047828410535E-05   2   0 0  2 0  0 0  0 0
    15  0.1299641311368864E-05   2   1 0  0 1  0 0  0 0
    16  0.3336744848225004E-06   2   0 1  0 1  0 0  0 0
    17  -.2043487065854186E-04   2   0 0  1 1  0 0  0 0
    18  0.3058392521721298E-06   2   0 0  0 2  0 0  0 0
    19  -.4464281084774830E-03   2   1 0  0 0  0 1  0 0
    20  -.7904168830161882E-02   2   0 1  0 0  0 1  0 0
    21  -.1806421427989603E-09   2   0 0  1 0  0 1  0 0
    22  -.6324097563515425E-06   2   0 0  0 1  0 1  0 0
    23  -.4449372309644139E-03   2   1 0  0 0  0 0  1 0
    24  -.7877772312234646E-02   2   0 1  0 0  0 0  1 0
    25  -.1800388758843034E-09   2   0 0  1 0  0 0  1 0
    26  -.6302977802754286E-06   2   0 0  0 1  0 0  1 0
    27  0.1227388557599046       2   1 0  0 0  0 0  0 1
    28  0.1578194114239647E-01   2   0 1  0 0  0 0  0 1
    29  0.9711640039050419E-05   2   0 0  1 0  0 0  0 1
    30  0.1262707536626942E-05   2   0 0  0 1  0 0  0 1
    31  0.1052092828490546E-07   2   0 0  0 0  0 2  0 0
    32  0.7186957078268502E-08   2   0 0  0 0  0 1  1 0
    33  0.1047379216550941E-07   2   0 0  0 0  0 0  2 0
    34  -.2822870642025756E-07   2   0 0  0 0  0 1  0 1
    35  -.2813443470477925E-07   2   0 0  0 0  0 0  1 1
    36  0.2818151580818830E-07   2   0 0  0 0  0 0  0 2
    37  -.3722522327018119E-01   3   3 0  0 0  0 0  0 0
    38  -.1816939650853783E-01   3   2 1  0 0  0 0  0 0
    39  -.6405694457087797E-01   3   1 2  0 0  0 0  0 0
    40  -.2250252835273819E-03   3   0 3  0 0  0 0  0 0
    41  -.8054822055164542E-05   3   2 0  1 0  0 0  0 0
    42  -.2089616941601680E-05   3   1 1  1 0  0 0  0 0
    43  -.2045837310183100E-06   3   0 2  1 0  0 0  0 0
    44  0.2994107532281399E-01   3   1 0  2 0  0 0  0 0
    45  0.7494997000129480E-02   3   0 1  2 0  0 0  0 0
    46  0.2608015805616329E-05   3   0 0  3 0  0 0  0 0
    47  -.1042603526548861E-05   3   2 0  0 1  0 0  0 0
    48  -.1012162468922495E-04   3   1 1  0 1  0 0  0 0
    49  -.6757332845342549E-06   3   0 2  0 1  0 0  0 0
    50  0.3062950256706027E-03   3   1 0  1 1  0 0  0 0
    51  -.1234977078117148E-03   3   0 1  1 1  0 0  0 0
    52  0.1008774661508425E-05   3   0 0  2 1  0 0  0 0
    53  0.6214000229519318E-01   3   1 0  0 2  0 0  0 0
    54  0.1586981398883038E-01   3   0 1  0 2  0 0  0 0
    55  0.2008834999620342E-06   3   0 0  1 2  0 0  0 0
    56  0.6458170748975034E-06   3   0 0  0 3  0 0  0 0
    57  0.7381856822232098E-06   3   2 0  0 0  0 1  0 0
    58  -.9441960216140315E-05   3   1 1  0 0  0 1  0 0
    59  0.4408154800226644E-06   3   0 2  0 0  0 1  0 0
    60  -.3317686056963307E-06   3   1 0  1 0  0 1  0 0
    61  -.5574159549577628E-06   3   0 1  1 0  0 1  0 0
    62  0.5061391064851422E-09   3   0 0  2 0  0 1  0 0
    63  -.7478138456860134E-06   3   1 0  0 1  0 1  0 0
    64  -.3512720047559158E-06   3   0 1  0 1  0 1  0 0
    65  0.1052977335471147E-04   3   0 0  1 1  0 1  0 0
    66  -.2991309046865420E-06   3   0 0  0 2  0 1  0 0
    67  0.7357204601343769E-06   3   2 0  0 0  0 0  1 0
    68  -.9410428137629661E-05   3   1 1  0 0  0 0  1 0
    69  0.4393433462700599E-06   3   0 2  0 0  0 0  1 0
    70  -.3306606415148823E-06   3   1 0  1 0  0 0  1 0
    71  -.5555544258628988E-06   3   0 1  1 0  0 0  1 0
    72  0.5044488199717245E-09   3   0 0  2 0  0 0  1 0
    73  -.7453164696799971E-06   3   1 0  0 1  0 0  1 0
    74  -.3500989076257803E-06   3   0 1  0 1  0 0  1 0
    75  0.1049460844906495E-04   3   0 0  1 1  0 0  1 0
    76  -.2981319363627257E-06   3   0 0  0 2  0 0  1 0
    77  -.6234221799980477E-05   3   2 0  0 0  0 0  0 1
    78  0.1885238835376998E-04   3   1 1  0 0  0 0  0 1
    79  -.4802020429147432E-06   3   0 2  0 0  0 0  0 1
    80  0.6218715062799375E-08   3   1 0  1 0  0 0  0 1
    81  0.1112970380820684E-05   3   0 1  1 0  0 0  0 1
    82  0.3318037240484030E-05   3   0 0  2 0  0 0  0 1
    83  0.1493130315366053E-05   3   1 0  0 1  0 0  0 1
    84  0.3676964275591939E-06   3   0 1  0 1  0 0  0 1
    85  -.2102438180400707E-04   3   0 0  1 1  0 0  0 1
    86  0.2914235888771237E-06   3   0 0  0 2  0 0  0 1
    87  0.3352105221137205E-03   3   1 0  0 0  0 2  0 0
    88  0.5932024768468485E-02   3   0 1  0 0  0 2  0 0
    89  0.1893712370127177E-09   3   0 0  1 0  0 2  0 0
    90  0.4738940404438156E-06   3   0 0  0 1  0 2  0 0
    91  0.2247287305859041E-03   3   1 0  0 0  0 1  1 0
    92  0.3972964154383244E-02   3   0 1  0 0  0 1  1 0
    93  0.1915754098613590E-09   3   0 0  1 0  0 1  1 0
    94  0.3165549446640208E-06   3   0 0  0 1  0 1  1 0
    95  0.3337158148531262E-03   3   1 0  0 0  0 0  2 0
    96  0.5905580367747710E-02   3   0 1  0 0  0 0  2 0
    97  0.1884189294771975E-09   3   0 0  1 0  0 0  2 0
    98  0.4717828599972312E-06   3   0 0  0 1  0 0  2 0
    99  -.8951457770068156E-03   3   1 0  0 0  0 1  0 1
   100  -.7932843585125974E-02   3   0 1  0 0  0 1  0 1
   101  -.5493741416703903E-09   3   0 0  1 0  0 1  0 1
   102  -.6322681791278450E-06   3   0 0  0 1  0 1  0 1
   103  -.8921563758366485E-03   3   1 0  0 0  0 0  1 1
   104  -.7906351305873307E-02   3   0 1  0 0  0 0  1 1
   105  -.5475394687669403E-09   3   0 0  1 0  0 0  1 1
   106  -.6301566758586462E-06   3   0 0  0 1  0 0  1 1
   107  0.8936489909503148E-03   3   1 0  0 0  0 0  0 2
   108  0.2862623119668947E-04   3   0 1  0 0  0 0  0 2
   109  0.5277775718783458E-09   3   0 0  1 0  0 0  0 2
   110  -.1324951445299967E-10   3   0 0  0 1  0 0  0 2
   111  -.8792703347202009E-08   3   0 0  0 0  0 3  0 0
   112  -.5342487126285182E-08   3   0 0  0 0  0 2  1 0
   113  -.5359623231951359E-08   3   0 0  0 0  0 1  2 0
   114  -.8739766656758918E-08   3   0 0  0 0  0 0  3 0
   115  0.2119977734505531E-07   3   0 0  0 0  0 2  0 1
   116  0.1421748046142937E-07   3   0 0  0 0  0 1  1 1
   117  0.2110523900965267E-07   3   0 0  0 0  0 0  2 1
   118  -.1419421937927854E-07   3   0 0  0 0  0 1  0 2
   119  -.1414681680294766E-07   3   0 0  0 0  0 0  1 2
   120  0.5317345800495128E-10   3   0 0  0 0  0 0  0 3
   121  -.7789672007224937E-06   4   4 0  0 0  0 0  0 0
   122  -.2605331828435770E-04   4   3 1  0 0  0 0  0 0
   123  -.7261593689898192E-05   4   2 2  0 0  0 0  0 0
   124  0.1031182106370318E-04   4   1 3  0 0  0 0  0 0
   125  0.1072012775337966E-05   4   0 4  0 0  0 0  0 0
   126  -.1279716934190006E-09   4   3 0  1 0  0 0  0 0
   127  -.1173695047221115E-05   4   2 1  1 0  0 0  0 0
   128  -.3826869072407902E-06   4   1 2  1 0  0 0  0 0
   129  -.3132496986861516E-07   4   0 3  1 0  0 0  0 0
   130  0.3600323034452061E-07   4   2 0  2 0  0 0  0 0
   131  0.1073168245125544E-04   4   1 1  2 0  0 0  0 0
   132  0.2531211822733831E-05   4   0 2  2 0  0 0  0 0
   133  -.1145280870689992E-09   4   1 0  3 0  0 0  0 0
   134  0.3139959694783466E-06   4   0 1  3 0  0 0  0 0
   135  0.7312380024813375E-06   4   0 0  4 0  0 0  0 0
   136  -.1849599593989735E-08   4   3 0  0 1  0 0  0 0
   137  -.1086999460348890E-08   4   2 1  0 1  0 0  0 0
   138  -.6517452936753915E-06   4   1 2  0 1  0 0  0 0
   139  -.1658636103225010E-06   4   0 3  0 1  0 0  0 0
   140  0.1499428478525148E-04   4   2 0  1 1  0 0  0 0
   141  0.2385151141014762E-06   4   1 1  1 1  0 0  0 0
   142  -.2022991514051374E-04   4   0 2  1 1  0 0  0 0
   143  0.6297245063953507E-06   4   1 0  2 1  0 0  0 0
   144  0.1605272900928248E-06   4   0 1  2 1  0 0  0 0
   145  -.5745236369868116E-05   4   0 0  3 1  0 0  0 0
   146  0.4826899134314693E-05   4   2 0  0 2  0 0  0 0
   147  0.5389173722714369E-04   4   1 1  0 2  0 0  0 0
   148  -.1873925870428621E-05   4   0 2  0 2  0 0  0 0
   149  0.2479760813285379E-08   4   1 0  1 2  0 0  0 0
   150  0.1287373560880792E-05   4   0 1  1 2  0 0  0 0
   151  -.2966430357140628E-05   4   0 0  2 2  0 0  0 0
   152  -.6481063344340692E-06   4   1 0  0 3  0 0  0 0
   153  -.1658432083842680E-06   4   0 1  0 3  0 0  0 0
   154  -.1808301752491582E-06   4   0 0  1 3  0 0  0 0
   155  -.3073339574120077E-05   4   0 0  0 4  0 0  0 0
   156  0.7381850510336873E-02   4   3 0  0 0  0 1  0 0
   157  0.1381194337058599E-01   4   2 1  0 0  0 1  0 0
   158  0.6511883230089179E-01   4   1 2  0 0  0 1  0 0
   159  0.3911310750675055E-03   4   0 3  0 0  0 1  0 0
   160  -.1469714999450668E-05   4   2 0  1 0  0 1  0 0
   161  0.6658456823302736E-06   4   1 1  1 0  0 1  0 0
   162  0.1719514570414201E-06   4   0 2  1 0  0 1  0 0
   163  0.1929119978981046E-01   4   1 0  2 0  0 1  0 0
   164  -.3096219602512065E-02   4   0 1  2 0  0 1  0 0
   165  0.5411396041563072E-06   4   0 0  3 0  0 1  0 0
   166  0.3231393396592414E-06   4   2 0  0 1  0 1  0 0
   167  0.1007176280910142E-04   4   1 1  0 1  0 1  0 0
   168  0.1008766374674953E-05   4   0 2  0 1  0 1  0 0
   169  0.8702872079469782E-02   4   1 0  1 1  0 1  0 0
   170  0.1876909861978351E-02   4   0 1  1 1  0 1  0 0
   171  -.2877079970027197E-06   4   0 0  2 1  0 1  0 0
   172  -.6221883811514466E-01   4   1 0  0 2  0 1  0 0
   173  -.2373720161223392E-01   4   0 1  0 2  0 1  0 0
   174  -.1648197849217462E-06   4   0 0  1 2  0 1  0 0
   175  -.9680481903921549E-06   4   0 0  0 3  0 1  0 0
   176  0.7357198310526946E-02   4   3 0  0 0  0 0  1 0
   177  0.1376581743139829E-01   4   2 1  0 0  0 0  1 0
   178  0.6490136346119864E-01   4   1 2  0 0  0 0  1 0
   179  0.3898248658179949E-03   4   0 3  0 0  0 0  1 0
   180  -.1464806784663683E-05   4   2 0  1 0  0 0  1 0
   181  0.6636220446692151E-06   4   1 1  1 0  0 0  1 0
   182  0.1713772132700400E-06   4   0 2  1 0  0 0  1 0
   183  0.1922677549523471E-01   4   1 0  2 0  0 0  1 0
   184  -.3085879563223830E-02   4   0 1  2 0  0 0  1 0
   185  0.5393324310595268E-06   4   0 0  3 0  0 0  1 0
   186  0.3220601935079752E-06   4   2 0  0 1  0 0  1 0
   187  0.1003812746131688E-04   4   1 1  0 1  0 0  1 0
   188  0.1005397529668579E-05   4   0 2  0 1  0 0  1 0
   189  0.8673808236856506E-02   4   1 0  1 1  0 0  1 0
   190  0.1870641791814571E-02   4   0 1  1 1  0 0  1 0
   191  -.2867471762682843E-06   4   0 0  2 1  0 0  1 0
   192  -.6201105400640283E-01   4   1 0  0 2  0 0  1 0
   193  -.2365792958738699E-01   4   0 1  0 2  0 0  1 0
   194  -.1642693578621389E-06   4   0 0  1 2  0 0  1 0
   195  -.9648153265754674E-06   4   0 0  0 3  0 0  1 0
   196  -.5196427209104518E-01   4   3 0  0 0  0 0  0 1
   197  -.2757776080198401E-01   4   2 1  0 0  0 0  0 1
   198  -.6596325119121318E-01   4   1 2  0 0  0 0  0 1
   199  -.3309053738306666E-03   4   0 3  0 0  0 0  0 1
   200  -.5120300271050217E-05   4   2 0  1 0  0 0  0 1
   201  -.1329467726999455E-05   4   1 1  1 0  0 0  0 1
   202  -.1387449392931502E-06   4   0 2  1 0  0 0  0 1
   203  -.8576899962231037E-02   4   1 0  2 0  0 0  0 1
   204  0.6182099165735562E-02   4   0 1  2 0  0 0  0 1
   205  0.1527543770400503E-05   4   0 0  3 0  0 0  0 1
   206  -.6451995331672193E-06   4   2 0  0 1  0 0  0 1
   207  -.9988265581193371E-05   4   1 1  0 1  0 0  0 1
   208  -.6626973352750075E-06   4   0 2  0 1  0 0  0 1
   209  -.1737668031632609E-01   4   1 0  1 1  0 0  0 1
   210  -.3624053945981013E-02   4   0 1  1 1  0 0  0 1
   211  0.5744551732709801E-06   4   0 0  2 1  0 0  0 1
   212  0.6208988982635386E-01   4   1 0  0 2  0 0  0 1
   213  0.1565550322196083E-01   4   0 1  0 2  0 0  0 1
   214  0.1282056428257595E-06   4   0 0  1 2  0 0  0 1
   215  0.6412293671725558E-06   4   0 0  0 3  0 0  0 1
   216  0.2079704737469028E-05   4   2 0  0 0  0 2  0 0
   217  0.3036434585828545E-04   4   1 1  0 0  0 2  0 0
   218  0.1521795338407591E-05   4   0 2  0 0  0 2  0 0
   219  0.4535031623291001E-07   4   1 0  1 0  0 2  0 0
   220  0.4955546289069416E-06   4   0 1  1 0  0 2  0 0
   221  0.2690375673893986E-07   4   0 0  2 0  0 2  0 0
   222  -.8124323113504608E-06   4   1 0  0 1  0 2  0 0
   223  -.2897585299037829E-06   4   0 1  0 1  0 2  0 0
   224  -.7204847184709552E-05   4   0 0  1 1  0 2  0 0
   225  -.6433647094158839E-05   4   0 0  0 2  0 2  0 0
   226  0.1936189264033683E-05   4   2 0  0 0  0 1  1 0
   227  0.2807993817718781E-04   4   1 1  0 0  0 1  1 0
   228  0.1588068556390567E-05   4   0 2  0 0  0 1  1 0
   229  0.9181089863943809E-07   4   1 0  1 0  0 1  1 0
   230  0.3468439580779618E-06   4   0 1  1 0  0 1  1 0
   231  0.8733709285967712E-07   4   0 0  2 0  0 1  1 0
   232  -.9745077634059904E-06   4   1 0  0 1  0 1  1 0
   233  -.4127758223742409E-06   4   0 1  0 1  0 1  1 0
   234  -.4448927097640546E-05   4   0 0  1 1  0 1  1 0
   235  -.7440355217290703E-05   4   0 0  0 2  0 1  1 0
   236  0.2069526400894518E-05   4   2 0  0 0  0 0  2 0
   237  0.3021605458051430E-04   4   1 1  0 0  0 0  2 0
   238  0.1514061465396574E-05   4   0 2  0 0  0 0  2 0
   239  0.4504556129875354E-07   4   1 0  1 0  0 0  2 0
   240  0.4933205353034297E-06   4   0 1  1 0  0 0  2 0
   241  0.2666807565649170E-07   4   0 0  2 0  0 0  2 0
   242  -.8080919195101633E-06   4   1 0  0 1  0 0  2 0
   243  -.2881016145837577E-06   4   0 1  0 1  0 0  2 0
   244  -.7173357350020019E-05   4   0 0  1 1  0 0  2 0
   245  -.6399737695010521E-05   4   0 0  0 2  0 0  2 0
   246  -.3709063041340438E-05   4   2 0  0 0  0 1  0 1
   247  -.3364132145951948E-04   4   1 1  0 0  0 1  0 1
   248  -.1518779942004247E-05   4   0 2  0 0  0 1  0 1
   249  -.9126023546648230E-07   4   1 0  1 0  0 1  0 1
   250  -.6729808484733628E-06   4   0 1  1 0  0 1  0 1
   251  -.6761359107875018E-06   4   0 0  2 0  0 1  0 1
   252  0.6487447150777570E-06   4   1 0  0 1  0 1  0 1
   253  0.1636663985318082E-06   4   0 1  0 1  0 1  0 1
   254  0.9203737621146832E-05   4   0 0  1 1  0 1  0 1
   255  0.5365907129826434E-05   4   0 0  0 2  0 1  0 1
   256  -.3696676369045359E-05   4   2 0  0 0  0 0  1 1
   257  -.3352897394214167E-04   4   1 1  0 0  0 0  1 1
   258  -.1513707871451595E-05   4   0 2  0 0  0 0  1 1
   259  -.9095546560474229E-07   4   1 0  1 0  0 0  1 1
   260  -.6707333824319416E-06   4   0 1  1 0  0 0  1 1
   261  -.6738779081974900E-06   4   0 0  2 0  0 0  1 1
   262  0.6465781872783471E-06   4   1 0  0 1  0 0  1 1
   263  0.1631198232857864E-06   4   0 1  0 1  0 0  1 1
   264  0.9173001103451562E-05   4   0 0  1 1  0 0  1 1
   265  0.5347987312222325E-05   4   0 0  0 2  0 0  1 1
   266  0.1320319048109770E-05   4   2 0  0 0  0 0  0 2
   267  0.6465564010509544E-06   4   1 1  0 0  0 0  0 2
   268  0.2406906544327636E-07   4   0 2  0 0  0 0  0 2
   269  0.8924928486910035E-11   4   1 0  1 0  0 0  0 2
   270  0.9359076034145502E-08   4   0 1  1 0  0 0  0 2
   271  0.1209104857413239E-05   4   0 0  2 0  0 0  0 2
   272  0.9197540875288487E-12   4   1 0  0 1  0 0  0 2
   273  0.3449622791945414E-13   4   0 1  0 1  0 0  0 2
   274  0.4717266234304852E-06   4   0 0  1 1  0 0  0 2
   275  0.2363769411716646E-07   4   0 0  0 2  0 0  0 2
   276  -.2796908268547991E-03   4   1 0  0 0  0 3  0 0
   277  -.4947574813499589E-02   4   0 1  0 0  0 3  0 0
   278  -.1801951755088877E-09   4   0 0  1 0  0 3  0 0
   279  -.3949487993595657E-06   4   0 0  0 1  0 3  0 0
   280  -.1688406992308805E-03   4   1 0  0 0  0 2  1 0
   281  -.2981995724462479E-02   4   0 1  0 0  0 2  1 0
   282  -.1723617889573582E-09   4   0 0  1 0  0 2  1 0
   283  -.2372197519754032E-06   4   0 0  0 1  0 2  1 0
   284  -.1693913077501337E-03   4   1 0  0 0  0 1  2 0
   285  -.2991759236836995E-02   4   0 1  0 0  0 1  2 0
   286  -.1723980151178822E-09   4   0 0  1 0  0 1  2 0
   287  -.2380032654194421E-06   4   0 0  0 1  0 1  2 0
   288  -.2780087757284866E-03   4   1 0  0 0  0 0  3 0
   289  -.4917828092047821E-02   4   0 1  0 0  0 0  3 0
   290  -.1790056720608148E-09   4   0 0  1 0  0 0  3 0
   291  -.3925755854540439E-06   4   0 0  0 1  0 0  3 0
   292  0.6727066005223135E-03   4   1 0  0 0  0 2  0 1
   293  0.5960671311350219E-02   4   0 1  0 0  0 2  0 1
   294  0.5374723934753930E-09   4   0 0  1 0  0 2  0 1
   295  0.4739825575464217E-06   4   0 0  0 1  0 2  0 1
   296  0.4517431427235789E-03   4   1 0  0 0  0 1  1 1
   297  0.4001582975918881E-02   4   0 1  0 0  0 1  1 1
   298  0.5256440119743558E-09   4   0 0  1 0  0 1  1 1
   299  0.3167470959891834E-06   4   0 0  0 1  0 1  1 1
   300  0.6697057366322913E-03   4   1 0  0 0  0 0  2 1
   301  0.5934083456254467E-02   4   0 1  0 0  0 0  2 1
   302  0.5347997554880152E-09   4   0 0  1 0  0 0  2 1
   303  0.4718707606389159E-06   4   0 0  0 1  0 0  2 1
   304  -.4510073107911570E-03   4   1 0  0 0  0 1  0 2
   305  -.2861955277056484E-04   4   0 1  0 0  0 1  0 2
   306  -.5392505169893116E-09   4   0 0  1 0  0 1  0 2
   307  0.1752965569929896E-10   4   0 0  0 1  0 1  0 2
   308  -.4495011407155340E-03   4   1 0  0 0  0 0  1 2
   309  -.2852397579669464E-04   4   0 1  0 0  0 0  1 2
   310  -.5374496526292651E-09   4   0 0  1 0  0 0  1 2
   311  0.1747111420301070E-10   4   0 0  0 1  0 0  1 2
   312  0.2286486852128303E-05   4   1 0  0 0  0 0  0 3
   313  -.3631127547507985E-07   4   0 1  0 0  0 0  0 3
   314  0.1829741988292629E-09   4   0 0  1 0  0 0  0 3
   315  -.2833913700556088E-11   4   0 0  0 1  0 0  0 3
   316  -.7472694754575735E-06   4   0 0  0 0  0 4  0 0
   317  -.4292738001815076E-06   4   0 0  0 0  0 3  1 0
   318  -.3871913656132670E-06   4   0 0  0 0  0 2  2 0
   319  -.4315192123752840E-06   4   0 0  0 0  0 1  3 0
   320  -.7415692210160454E-06   4   0 0  0 0  0 0  4 0
   321  0.8567420714423084E-06   4   0 0  0 0  0 3  0 1
   322  0.5183462110697969E-06   4   0 0  0 0  0 2  1 1
   323  0.5200270230948692E-06   4   0 0  0 0  0 1  2 1
   324  0.8515877273757181E-06   4   0 0  0 0  0 0  3 1
   325  -.3092899509188708E-08   4   0 0  0 0  0 2  0 2
   326  -.3704397584940941E-08   4   0 0  0 0  0 1  1 2
   327  -.3076385011741377E-08   4   0 0  0 0  0 0  2 2
   328  -.3142360930391050E-11   4   0 0  0 0  0 1  0 3
   329  -.3131866798950373E-11   4   0 0  0 0  0 0  1 3
   ----------------------------------------------------
     I  COEFFICIENT            ORDER EXPONENTS
     1  0.2889989584383827E-05   0   0 0  0 0  0 0  0 0
     2  0.1260371321562702E-05   1   1 0  0 0  0 0  0 0
     3  0.4875330123138756E-07   1   0 1  0 0  0 0  0 0
     4  0.9843041664284067       1   0 0  1 0  0 0  0 0
     5  0.2593843720887117       1   0 0  0 1  0 0  0 0
     6  -.8308343120754899E-07   1   0 0  0 0  0 1  0 0
     7  -.8280596834858993E-07   1   0 0  0 0  0 0  1 0
     8  0.1658893995591497E-06   1   0 0  0 0  0 0  0 1
     9  -.7136882771146205E-06   2   2 0  0 0  0 0  0 0
    10  -.3024716936539637E-08   2   1 1  0 0  0 0  0 0
    11  0.1528127670869431E-06   2   0 2  0 0  0 0  0 0
    12  0.2150452462942602E-04   2   1 0  1 0  0 0  0 0
    13  0.4388007149972130E-07   2   0 1  1 0  0 0  0 0
    14  0.6705076030907016E-06   2   0 0  2 0  0 0  0 0
    15  -.5823976790639598E-05   2   1 0  0 1  0 0  0 0
    16  -.1065794257698705E-06   2   0 1  0 1  0 0  0 0
    17  0.1105429939096097E-05   2   0 0  1 1  0 0  0 0
    18  0.3077145727630279E-06   2   0 0  0 2  0 0  0 0
    19  -.6321430335481193E-06   2   1 0  0 0  0 1  0 0
    20  -.4907007938932141E-07   2   0 1  0 0  0 1  0 0
    21  0.7846615976147225E-02   2   0 0  1 0  0 1  0 0
    22  -.1295995319934388       2   0 0  0 1  0 1  0 0
    23  -.6300319482112330E-06   2   1 0  0 0  0 0  1 0
    24  -.4890620646882546E-07   2   0 1  0 0  0 0  1 0
    25  0.7820411659952427E-02   2   0 0  1 0  0 0  1 0
    26  -.1291667254019885       2   0 0  0 1  0 0  1 0
    27  0.1262174981759412E-05   2   1 0  0 0  0 0  0 1
    28  0.4922298459213607E-07   2   0 1  0 0  0 0  0 1
    29  -.1566702763609979E-01   2   0 0  1 0  0 0  0 1
    30  -.6181146932840880E-03   2   0 0  0 1  0 0  0 1
    31  0.6219186689662756E-07   2   0 0  0 0  0 2  0 0
    32  0.4143898064022434E-07   2   0 0  0 0  0 1  1 0
    33  0.6191497869952513E-07   2   0 0  0 0  0 0  2 0
    34  -.8273954558489530E-07   2   0 0  0 0  0 1  0 1
    35  -.8246323115573097E-07   2   0 0  0 0  0 0  1 1
    36  -.3433055265598912E-09   2   0 0  0 0  0 0  0 2
    37  -.3403506688843989E-06   3   3 0  0 0  0 0  0 0
    38  0.4944188476580928E-05   3   2 1  0 0  0 0  0 0
    39  0.1910986790035523E-05   3   1 2  0 0  0 0  0 0
    40  0.1881899664360318E-06   3   0 3  0 0  0 0  0 0
    41  0.7513302507991973E-02   3   2 0  1 0  0 0  0 0
    42  0.2308524672309240E-03   3   1 1  1 0  0 0  0 0
    43  -.1553634716774557E-01   3   0 2  1 0  0 0  0 0
    44  0.1036331585431356E-05   3   1 0  2 0  0 0  0 0
    45  0.4769721203308605E-05   3   0 1  2 0  0 0  0 0
    46  -.1105778871222270E-02   3   0 0  3 0  0 0  0 0
    47  -.6017710441911225E-01   3   2 0  0 1  0 0  0 0
    48  -.9191099404402196E-04   3   1 1  0 1  0 0  0 0
    49  0.1279582699559032       3   0 2  0 1  0 0  0 0
    50  -.1731002295935025E-06   3   1 0  1 1  0 0  0 0
    51  0.1228387333448305E-05   3   0 1  1 1  0 0  0 0
    52  -.5780678220714735E-01   3   0 0  2 1  0 0  0 0
    53  0.1876378917919706E-05   3   1 0  0 2  0 0  0 0
    54  0.2339829796578049E-06   3   0 1  0 2  0 0  0 0
    55  -.3092192501607256E-01   3   0 0  1 2  0 0  0 0
    56  0.1273578787803141       3   0 0  0 3  0 0  0 0
    57  0.3512168492979847E-06   3   2 0  0 0  0 1  0 0
    58  -.1271303773968130E-08   3   1 1  0 0  0 1  0 0
    59  -.2289843129878133E-06   3   0 2  0 0  0 1  0 0
    60  -.1073056449526651E-04   3   1 0  1 0  0 1  0 0
    61  -.3570426886363964E-07   3   0 1  1 0  0 1  0 0
    62  -.3090139453910223E-06   3   0 0  2 0  0 1  0 0
    63  0.5845782706028365E-05   3   1 0  0 1  0 1  0 0
    64  0.1641811998785587E-06   3   0 1  0 1  0 1  0 0
    65  -.1078224146740279E-05   3   0 0  1 1  0 1  0 0
    66  -.4601206306876817E-06   3   0 0  0 2  0 1  0 0
    67  0.3500439363632958E-06   3   2 0  0 0  0 0  1 0
    68  -.1267058167176217E-08   3   1 1  0 0  0 0  1 0
    69  -.2282196040534914E-06   3   0 2  0 0  0 0  1 0
    70  -.1069472903373278E-04   3   1 0  1 0  0 0  1 0
    71  -.3558503199089061E-07   3   0 1  1 0  0 0  1 0
    72  -.3079819719698346E-06   3   0 0  2 0  0 0  1 0
    73  0.5826260310781768E-05   3   1 0  0 1  0 0  1 0
    74  0.1636329054176850E-06   3   0 1  0 1  0 0  1 0
    75  -.1074623342705026E-05   3   0 0  1 1  0 0  1 0
    76  -.4585840260505887E-06   3   0 0  0 2  0 0  1 0
    77  -.7012607856613360E-06   3   2 0  0 0  0 0  0 1
    78  0.5563078877686984E-08   3   1 1  0 0  0 0  0 1
    79  0.1515783828674217E-06   3   0 2  0 0  0 0  0 1
    80  0.2142529352899930E-04   3   1 0  1 0  0 0  0 1
    81  0.2740922935488805E-07   3   0 1  1 0  0 0  0 1
    82  0.6169959173608582E-06   3   0 0  2 0  0 0  0 1
    83  -.5848066226170635E-05   3   1 0  0 1  0 0  0 1
    84  -.1146552537562188E-06   3   0 1  0 1  0 0  0 1
    85  0.1047417550349241E-05   3   0 0  1 1  0 0  0 1
    86  0.3032755112122252E-06   3   0 0  0 2  0 0  0 1
    87  0.4738761951411551E-06   3   1 0  0 0  0 2  0 0
    88  0.4815662002048845E-07   3   0 1  0 0  0 2  0 0
    89  -.5874467564789935E-02   3   0 0  1 0  0 2  0 0
    90  0.9699014172198757E-01   3   0 0  0 1  0 2  0 0
    91  0.3166251535483636E-06   3   1 0  0 0  0 1  1 0
    92  0.4802414769117405E-07   3   0 1  0 0  0 1  1 0
    93  -.3915404576011709E-02   3   0 0  1 0  0 1  1 0
    94  0.6459711438219266E-01   3   0 0  0 1  0 1  1 0
    95  0.4717649570888666E-06   3   1 0  0 0  0 0  2 0
    96  0.4791560767820443E-07   3   0 1  0 0  0 0  2 0
    97  -.5848311492422144E-02   3   0 0  1 0  0 0  2 0
    98  0.9655837317908522E-01   3   0 0  0 1  0 0  2 0
    99  -.6321669156813861E-06   3   1 0  0 0  0 1  0 1
   100  -.4923113757438267E-07   3   0 1  0 0  0 1  0 1
   101  0.7817725805043110E-02   3   0 0  1 0  0 1  0 1
   102  0.6216431402013123E-03   3   0 0  0 1  0 1  0 1
   103  -.6300557505884608E-06   3   1 0  0 0  0 0  1 1
   104  -.4906672678894960E-07   3   0 1  0 0  0 0  1 1
   105  0.7791617969570783E-02   3   0 0  1 0  0 0  1 1
   106  0.6195671199836970E-03   3   0 0  0 1  0 0  1 1
   107  -.1014875426349094E-10   3   1 0  0 0  0 0  0 2
   108  -.7597880989278669E-12   3   0 1  0 0  0 0  0 2
   109  0.2884124597974883E-04   3   0 0  1 0  0 0  0 2
   110  -.2490600183959516E-05   3   0 0  0 1  0 0  0 2
   111  -.5176343096952459E-07   3   0 0  0 0  0 3  0 0
   112  -.3094163618175283E-07   3   0 0  0 0  0 2  1 0
   113  -.3104507397391986E-07   3   0 0  0 0  0 1  2 0
   114  -.5145263729135716E-07   3   0 0  0 0  0 0  3 0
   115  0.6184781238030041E-07   3   0 0  0 0  0 2  0 1
   116  0.4109469530078223E-07   3   0 0  0 0  0 1  1 1
   117  0.6157264805875826E-07   3   0 0  0 0  0 0  2 1
   118  0.3443909855037590E-09   3   0 0  0 0  0 1  0 2
   119  0.3432408680128689E-09   3   0 0  0 0  0 0  1 2
   120  -.3401981278800729E-12   3   0 0  0 0  0 0  0 3
   121  0.4562133992384126E-09   4   4 0  0 0  0 0  0 0
   122  -.1945690971688230E-09   4   3 1  0 0  0 0  0 0
   123  0.3154224622701660E-06   4   2 2  0 0  0 0  0 0
   124  -.8528807971479500E-10   4   1 3  0 0  0 0  0 0
   125  -.1009657321774051E-05   4   0 4  0 0  0 0  0 0
   126  -.4969783166585349E-05   4   3 0  1 0  0 0  0 0
   127  0.5174800135474066E-05   4   2 1  1 0  0 0  0 0
   128  0.2253277569257631E-04   4   1 2  1 0  0 0  0 0
   129  0.1087592761516490E-04   4   0 3  1 0  0 0  0 0
   130  -.2828506356494288E-06   4   2 0  2 0  0 0  0 0
   131  0.3064683883514520E-06   4   1 1  2 0  0 0  0 0
   132  0.1530992544413995E-05   4   0 2  2 0  0 0  0 0
   133  0.6454829297028617E-05   4   1 0  3 0  0 0  0 0
   134  0.2877223528124380E-05   4   0 1  3 0  0 0  0 0
   135  0.3688530808666149E-06   4   0 0  4 0  0 0  0 0
   136  -.1135251300066118E-05   4   3 0  0 1  0 0  0 0
   137  -.5353826304073736E-04   4   2 1  0 1  0 0  0 0
   138  -.1496131098043467E-04   4   1 2  0 1  0 0  0 0
   139  -.6683784292975810E-04   4   0 3  0 1  0 0  0 0
   140  -.3031779905251743E-06   4   2 0  1 1  0 0  0 0
   141  -.2474904041935373E-05   4   1 1  1 1  0 0  0 0
   142  0.8861963710749183E-06   4   0 2  1 1  0 0  0 0
   143  -.2536616377313833E-05   4   1 0  2 1  0 0  0 0
   144  -.1051637226461180E-04   4   0 1  2 1  0 0  0 0
   145  -.3935122893524058E-07   4   0 0  3 1  0 0  0 0
   146  0.8916845067108967E-06   4   2 0  0 2  0 0  0 0
   147  -.3306171688444687E-06   4   1 1  0 2  0 0  0 0
   148  -.6007500671406239E-05   4   0 2  0 2  0 0  0 0
   149  0.9210792804838596E-06   4   1 0  1 2  0 0  0 0
   150  0.1073005319912472E-04   4   0 1  1 2  0 0  0 0
   151  0.8491933408837860E-06   4   0 0  2 2  0 0  0 0
   152  -.6651972151683597E-05   4   1 0  0 3  0 0  0 0
   153  -.6602890821725359E-04   4   0 1  0 3  0 0  0 0
   154  0.1035915708311439E-05   4   0 0  1 3  0 0  0 0
   155  -.4949187361873195E-05   4   0 0  0 4  0 0  0 0
   156  0.9864914927995366E-07   4   3 0  0 0  0 1  0 0
   157  -.5048746252070331E-05   4   2 1  0 0  0 1  0 0
   158  -.2886701251083569E-05   4   1 2  0 0  0 1  0 0
   159  -.3779698529358663E-06   4   0 3  0 0  0 1  0 0
   160  -.3037408747754638E-02   4   2 0  1 0  0 1  0 0
   161  0.2803433052846523E-03   4   1 1  1 0  0 1  0 0
   162  0.2328959171656383E-01   4   0 2  1 0  0 1  0 0
   163  -.3236104213085271E-06   4   1 0  2 0  0 1  0 0
   164  -.4685109942055842E-05   4   0 1  2 0  0 1  0 0
   165  -.3380130151074334E-03   4   0 0  3 0  0 1  0 0
   166  0.6044628544288362E-01   4   2 0  0 1  0 1  0 0
   167  0.2654741079417525E-03   4   1 1  0 1  0 1  0 0
   168  -.1912327680000335       4   0 2  0 1  0 1  0 0
   169  0.3599672934934821E-06   4   1 0  1 1  0 1  0 0
   170  -.1815349151954006E-05   4   0 1  1 1  0 1  0 0
   171  0.5627382641633196E-01   4   0 0  2 1  0 1  0 0
   172  -.2804089771846749E-05   4   1 0  0 2  0 1  0 0
   173  -.4684576822002219E-06   4   0 1  0 2  0 1  0 0
   174  0.4615689563153593E-01   4   0 0  1 2  0 1  0 0
   175  -.1900421002217607       4   0 0  0 3  0 1  0 0
   176  0.9831970363001607E-07   4   3 0  0 0  0 0  1 0
   177  -.5031885615130938E-05   4   2 1  0 0  0 0  1 0
   178  -.2877060912806111E-05   4   1 2  0 0  0 0  1 0
   179  -.3767075964970848E-06   4   0 3  0 0  0 0  1 0
   180  -.3027265111379318E-02   4   2 0  1 0  0 0  1 0
   181  0.2794070794472049E-03   4   1 1  1 0  0 0  1 0
   182  0.2321181451588969E-01   4   0 2  1 0  0 0  1 0
   183  -.3225297019475070E-06   4   1 0  2 0  0 0  1 0
   184  -.4669463693698287E-05   4   0 1  2 0  0 0  1 0
   185  -.3368841972893277E-03   4   0 0  3 0  0 0  1 0
   186  0.6024442089626073E-01   4   2 0  0 1  0 0  1 0
   187  0.2645875388163021E-03   4   1 1  0 1  0 0  1 0
   188  -.1905941329585438       4   0 2  0 1  0 0  1 0
   189  0.3587651578458024E-06   4   1 0  1 1  0 0  1 0
   190  -.1809286668033966E-05   4   0 1  1 1  0 0  1 0
   191  0.5608589608491413E-01   4   0 0  2 1  0 0  1 0
   192  -.2794725320312010E-05   4   1 0  0 2  0 0  1 0
   193  -.4668932354036881E-06   4   0 1  0 2  0 0  1 0
   194  0.4600275148947780E-01   4   0 0  1 2  0 0  1 0
   195  -.1894074414975819       4   0 0  0 3  0 0  1 0
   196  -.1969688529099631E-06   4   3 0  0 0  0 0  0 1
   197  0.5136443390620341E-05   4   2 1  0 0  0 0  0 1
   198  0.1941788583818662E-05   4   1 2  0 0  0 0  0 1
   199  0.1901075502677787E-06   4   0 3  0 0  0 0  0 1
   200  0.6064673859133827E-02   4   2 0  1 0  0 0  0 1
   201  -.7906028519626200E-03   4   1 1  1 0  0 0  0 1
   202  -.1542871189696212E-01   4   0 2  1 0  0 0  0 1
   203  0.6461401232560557E-06   4   1 0  2 0  0 0  0 1
   204  0.4584852432445540E-05   4   0 1  2 0  0 0  0 1
   205  0.6748972123967370E-03   4   0 0  3 0  0 0  0 1
   206  -.6051360192003202E-01   4   2 0  0 1  0 0  0 1
   207  -.3462396586698164E-03   4   1 1  0 1  0 0  0 1
   208  -.2047908909131856E-02   4   0 2  0 1  0 0  0 1
   209  -.5456322217457436E-06   4   1 0  1 1  0 0  0 1
   210  0.1167861153091413E-05   4   0 1  1 1  0 0  0 1
   211  -.5455294029409875E-01   4   0 0  2 1  0 0  0 1
   212  0.1846057256319419E-05   4   1 0  0 2  0 0  0 1
   213  0.2334019787734421E-06   4   0 1  0 2  0 0  0 1
   214  -.3031579708886896E-01   4   0 0  1 2  0 0  0 1
   215  -.2624094621599227E-02   4   0 0  0 3  0 0  0 1
   216  0.3943338301233678E-06   4   2 0  0 0  0 2  0 0
   217  0.4847292749279692E-09   4   1 1  0 0  0 2  0 0
   218  -.2527696734477757E-05   4   0 2  0 0  0 2  0 0
   219  0.8038594473253984E-05   4   1 0  1 0  0 2  0 0
   220  0.1009196720904732E-04   4   0 1  1 0  0 2  0 0
   221  0.8170373335225707E-06   4   0 0  2 0  0 2  0 0
   222  -.2625579500769867E-05   4   1 0  0 1  0 2  0 0
   223  -.8247624152544007E-04   4   0 1  0 1  0 2  0 0
   224  0.1045734879182741E-05   4   0 0  1 1  0 2  0 0
   225  -.7483247974533721E-05   4   0 0  0 2  0 2  0 0
   226  0.4738109620978352E-06   4   2 0  0 0  0 1  1 0
   227  0.1256841505229593E-08   4   1 1  0 0  0 1  1 0
   228  -.3022013395534801E-05   4   0 2  0 0  0 1  1 0
   229  0.5473250795581484E-05   4   1 0  1 0  0 1  1 0
   230  0.1207909790648946E-04   4   0 1  1 0  0 1  1 0
   231  0.7260288906090486E-06   4   0 0  2 0  0 1  1 0
   232  -.2594621838975128E-05   4   1 0  0 1  0 1  1 0
   233  -.9860074104476861E-04   4   0 1  0 1  0 1  1 0
   234  0.1283143295393657E-05   4   0 0  1 1  0 1  1 0
   235  -.8938582384868744E-05   4   0 0  0 2  0 1  1 0
   236  0.3922257628297921E-06   4   2 0  0 0  0 0  2 0
   237  0.4810118335021902E-09   4   1 1  0 0  0 0  2 0
   238  -.2514209205321575E-05   4   0 2  0 0  0 0  2 0
   239  0.8002609882007539E-05   4   1 0  1 0  0 0  2 0
   240  0.1003809489625621E-04   4   0 1  1 0  0 0  2 0
   241  0.8130964690744266E-06   4   0 0  2 0  0 0  2 0
   242  -.2612478737168968E-05   4   1 0  0 1  0 0  2 0
   243  -.8203616442472808E-04   4   0 1  0 1  0 0  2 0
   244  0.1040100002455950E-05   4   0 0  1 1  0 0  2 0
   245  -.7443331644154558E-05   4   0 0  0 2  0 0  2 0
   246  -.3160402753709927E-06   4   2 0  0 0  0 1  0 1
   247  -.1029225930885070E-08   4   1 1  0 0  0 1  0 1
   248  -.1547503793600701E-07   4   0 2  0 0  0 1  0 1
   249  -.1088092663748053E-04   4   1 0  1 0  0 1  0 1
   250  -.8031976654254560E-05   4   0 1  1 0  0 1  0 1
   251  -.8629674023454107E-06   4   0 0  2 0  0 1  0 1
   252  0.2578160682527883E-05   4   1 0  0 1  0 1  0 1
   253  -.1259822181826438E-05   4   0 1  0 1  0 1  0 1
   254  -.7947767213840965E-06   4   0 0  1 1  0 1  0 1
   255  -.1195326927338191E-06   4   0 0  0 2  0 1  0 1
   256  -.3149848370353717E-06   4   2 0  0 0  0 0  1 1
   257  -.1025788759777065E-08   4   1 1  0 0  0 0  1 1
   258  -.1542335797761021E-07   4   0 2  0 0  0 0  1 1
   259  -.1084458903118400E-04   4   1 0  1 0  0 0  1 1
   260  -.8005153313268157E-05   4   0 1  1 0  0 0  1 1
   261  -.8600854630806840E-06   4   0 0  2 0  0 0  1 1
   262  0.2569550736796952E-05   4   1 0  0 1  0 0  1 1
   263  -.1255614918605934E-05   4   0 1  0 1  0 0  1 1
   264  -.7921225096099066E-06   4   0 0  1 1  0 0  1 1
   265  -.1191335050476191E-06   4   0 0  0 2  0 0  1 1
   266  -.2663293094869027E-10   4   2 0  0 0  0 0  0 2
   267  -.4497862959627943E-11   4   1 1  0 0  0 0  0 2
   268  0.1290806628539740E-10   4   0 2  0 0  0 0  0 2
   269  0.1711748591701918E-06   4   1 0  1 0  0 0  0 2
   270  -.2715491494268075E-07   4   0 1  1 0  0 0  0 2
   271  -.2858272849873737E-07   4   0 0  2 0  0 0  0 2
   272  0.3777585585678456E-07   4   1 0  0 1  0 0  0 2
   273  0.7756028911705255E-09   4   0 1  0 1  0 0  0 2
   274  -.6027675900362282E-08   4   0 0  1 1  0 0  0 2
   275  -.1410048870659005E-09   4   0 0  0 2  0 0  0 2
   276  -.3948391830491729E-06   4   1 0  0 0  0 3  0 0
   277  -.4894583481777696E-07   4   0 1  0 0  0 3  0 0
   278  0.4890017463864411E-02   4   0 0  1 0  0 3  0 0
   279  -.8071205250873201E-01   4   0 0  0 1  0 3  0 0
   280  -.2370483368768118E-06   4   1 0  0 0  0 2  1 0
   281  -.4978328564745141E-07   4   0 1  0 0  0 2  1 0
   282  0.2924437062133967E-02   4   0 0  1 0  0 2  1 0
   283  -.4821077499248731E-01   4   0 0  0 1  0 2  1 0
   284  -.2378321617755940E-06   4   1 0  0 0  0 1  2 0
   285  -.4977827173681447E-07   4   0 1  0 0  0 1  2 0
   286  0.2934201543965717E-02   4   0 0  1 0  0 1  2 0
   287  -.4837223514668637E-01   4   0 0  0 1  0 1  2 0
   288  -.3924668035677027E-06   4   1 0  0 0  0 0  3 0
   289  -.4861779897770496E-07   4   0 1  0 0  0 0  3 0
   290  0.4860654856056630E-02   4   0 0  1 0  0 0  3 0
   291  -.8022750603150865E-01   4   0 0  0 1  0 0  3 0
   292  0.4738470714730702E-06   4   1 0  0 0  0 2  0 1
   293  0.4924505229912392E-07   4   0 1  0 0  0 2  0 1
   294  -.5845552231191787E-02   4   0 0  1 0  0 2  0 1
   295  -.6235157876113980E-03   4   0 0  0 1  0 2  0 1
   296  0.3165776171868261E-06   4   1 0  0 0  0 1  1 1
   297  0.4925832516005906E-07   4   0 1  0 0  0 1  1 1
   298  -.3886463888244645E-02   4   0 0  1 0  0 1  1 1
   299  -.6253689943377358E-03   4   0 0  0 1  0 1  1 1
   300  0.4717360100565609E-06   4   1 0  0 0  0 0  2 1
   301  0.4899834425438048E-07   4   0 1  0 0  0 0  2 1
   302  -.5819541048291574E-02   4   0 0  1 0  0 0  2 1
   303  -.6203892820759590E-03   4   0 0  0 1  0 0  2 1
   304  0.1445336139273678E-10   4   1 0  0 0  0 1  0 2
   305  0.1677417829504825E-11   4   0 1  0 0  0 1  0 2
   306  -.2894232231960078E-04   4   0 0  1 0  0 1  0 2
   307  0.3735454340067288E-05   4   0 0  0 1  0 1  0 2
   308  0.1440509339421777E-10   4   1 0  0 0  0 0  1 2
   309  0.1671815976768187E-11   4   0 1  0 0  0 0  1 2
   310  -.2884566743451968E-04   4   0 0  1 0  0 0  1 2
   311  0.3722979532207236E-05   4   0 0  0 1  0 0  1 2
   312  -.2853649052210430E-11   4   1 0  0 0  0 0  0 3
   313  -.3566233068119386E-12   4   0 1  0 0  0 0  0 3
   314  0.3516593164496489E-07   4   0 0  1 0  0 0  0 3
   315  0.4455559857668679E-08   4   0 0  0 1  0 0  0 3
   316  -.7404984745093668E-06   4   0 0  0 0  0 4  0 0
   317  -.4205153968439349E-06   4   0 0  0 0  0 3  1 0
   318  -.3781570274270379E-06   4   0 0  0 0  0 2  2 0
   319  -.4227752046380896E-06   4   0 0  0 0  0 1  3 0
   320  -.7348579571115460E-06   4   0 0  0 0  0 0  4 0
   321  -.4479205109961740E-08   4   0 0  0 0  0 3  0 1
   322  -.5313294282627509E-08   4   0 0  0 0  0 2  1 1
   323  -.5309041101806700E-08   4   0 0  0 0  0 1  2 1
   324  -.4447924843723418E-08   4   0 0  0 0  0 0  3 1
   325  0.2284101362997274E-10   4   0 0  0 0  0 2  0 2
   326  0.3255391126214182E-10   4   0 0  0 0  0 1  1 2
   327  0.2271037646886930E-10   4   0 0  0 0  0 0  2 2
   328  0.2335277774876747E-13   4   0 0  0 0  0 1  0 3
   329  0.2327478953397316E-13   4   0 0  0 0  0 0  1 3
   ----------------------------------------------------
     I  COEFFICIENT            ORDER EXPONENTS
     1  0.1149855450717753E-05   0   0 0  0 0  0 0  0 0
     2  0.9711339874877652E-05   1   1 0  0 0  0 0  0 0
     3  0.1260896756558467E-05   1   0 1  0 0  0 0  0 0
     4  -.1200738696971825       1   0 0  1 0  0 0  0 0
     5  0.9843041894699148       1   0 0  0 1  0 0  0 0
     6  0.1235100632658131E-08   1   0 0  0 0  0 1  0 0
     7  0.1230975928758784E-08   1   0 0  0 0  0 0  1 0
     8  0.1147389373901834E-05   1   0 0  0 0  0 0  0 1
     9  -.1641183537963707E-06   2   2 0  0 0  0 0  0 0
    10  0.1292824614120548E-05   2   1 1  0 0  0 0  0 0
    11  0.7362636759011905E-06   2   0 2  0 0  0 0  0 0
    12  0.1583448109823850E-05   2   1 0  1 0  0 0  0 0
    13  -.2032252557059117E-04   2   0 1  1 0  0 0  0 0
    14  0.1050346542190918E-05   2   0 0  2 0  0 0  0 0
    15  -.2037679768036793E-04   2   1 0  0 1  0 0  0 0
    16  -.5386280612182384E-05   2   0 1  0 1  0 0  0 0
    17  -.9222903242240587E-06   2   0 0  1 1  0 0  0 0
    18  -.7117676592832337E-06   2   0 0  0 2  0 0  0 0
    19  -.2112275210102477E-09   2   1 0  0 0  0 1  0 0
    20  -.6324082342568670E-06   2   0 1  0 0  0 1  0 0
    21  -.4418715206956757E-03   2   0 0  1 0  0 1  0 0
    22  0.7846604750383629E-02   2   0 0  0 1  0 1  0 0
    23  -.2105221121113958E-09   2   1 0  0 0  0 0  1 0
    24  -.6302962632638902E-06   2   0 1  0 0  0 0  1 0
    25  -.4403958602222988E-03   2   0 0  1 0  0 0  1 0
    26  0.7820400471677980E-02   2   0 0  0 1  0 0  1 0
    27  0.9711761624839997E-05   2   1 0  0 0  0 0  0 1
    28  0.1262704497485182E-05   2   0 1  0 0  0 0  0 1
    29  -.1191916023162645       2   0 0  1 0  0 0  0 1
    30  -.1566700522206160E-01   2   0 0  0 1  0 0  0 1
    31  -.2659356356877145E-08   2   0 0  0 0  0 2  0 0
    32  -.4074072938835932E-08   2   0 0  0 0  0 1  1 0
    33  -.2643672396339662E-08   2   0 0  0 0  0 0  2 0
    34  0.9392768312173712E-08   2   0 0  0 0  0 1  0 1
    35  0.9361400513425206E-08   2   0 0  0 0  0 0  1 1
    36  -.9377072227770592E-08   2   0 0  0 0  0 0  0 2
    37  -.2662220086096360E-05   3   3 0  0 0  0 0  0 0
    38  -.1046758680303229E-05   3   2 1  0 0  0 0  0 0
    39  -.2047677764672121E-06   3   1 2  0 0  0 0  0 0
    40  0.6163225123110461E-06   3   0 3  0 0  0 0  0 0
    41  0.2909368820086220E-01   3   2 0  1 0  0 0  0 0
    42  0.4091727220845124E-03   3   1 1  1 0  0 0  0 0
    43  -.5883885069865320E-01   3   0 2  1 0  0 0  0 0
    44  0.7756238701153205E-05   3   1 0  2 0  0 0  0 0
    45  0.1012803768756375E-05   3   0 1  2 0  0 0  0 0
    46  -.3502869972471111E-01   3   0 0  3 0  0 0  0 0
    47  0.7494397444287971E-02   3   2 0  0 1  0 0  0 0
    48  -.1118276699422162E-03   3   1 1  0 1  0 0  0 0
    49  -.1557834505760875E-01   3   0 2  0 1  0 0  0 0
    50  0.2021604310918865E-05   3   1 0  1 1  0 0  0 0
    51  -.9311758985901429E-05   3   0 1  1 1  0 0  0 0
    52  -.1732324519310667E-01   3   0 0  2 1  0 0  0 0
    53  0.2011383945282468E-06   3   1 0  0 2  0 0  0 0
    54  -.5871405802432556E-06   3   0 1  0 2  0 0  0 0
    55  0.5701386897441628E-01   3   0 0  1 2  0 0  0 0
    56  -.2207896622184911E-03   3   0 0  0 3  0 0  0 0
    57  -.2530420843702268E-06   3   2 0  0 0  0 1  0 0
    58  -.7399185423110176E-06   3   1 1  0 0  0 1  0 0
    59  -.7356253895618326E-06   3   0 2  0 0  0 1  0 0
    60  0.2558547789839144E-05   3   1 0  1 0  0 1  0 0
    61  0.1041347369475905E-04   3   0 1  1 0  0 1  0 0
    62  -.1861046173689949E-06   3   0 0  2 0  0 1  0 0
    63  0.1047681658453047E-04   3   1 0  0 1  0 1  0 0
    64  0.5478263449281757E-05   3   0 1  0 1  0 1  0 0
    65  0.3710507090552835E-06   3   0 0  1 1  0 1  0 0
    66  0.7059689215137130E-06   3   0 0  0 2  0 1  0 0
    67  -.2521970328461577E-06   3   2 0  0 0  0 0  1 0
    68  -.7374475332161247E-06   3   1 1  0 0  0 0  1 0
    69  -.7331687177471797E-06   3   0 2  0 0  0 0  1 0
    70  0.2550003342718485E-05   3   1 0  1 0  0 0  1 0
    71  0.1037869717986223E-04   3   0 1  1 0  0 0  1 0
    72  -.1854831081408511E-06   3   0 0  2 0  0 0  1 0
    73  0.1044182853167689E-04   3   1 0  0 1  0 0  1 0
    74  0.5459968409985722E-05   3   0 1  0 1  0 0  1 0
    75  0.3698115595755498E-06   3   0 0  1 1  0 0  1 0
    76  0.7036112895231520E-06   3   0 0  0 2  0 0  1 0
    77  0.3411207634200164E-06   3   2 0  0 0  0 0  0 1
    78  0.1477366075527153E-05   3   1 1  0 0  0 0  0 1
    79  0.7325304314078145E-06   3   0 2  0 0  0 0  0 1
    80  -.3525103022733748E-05   3   1 0  1 0  0 0  0 1
    81  -.2079217087486256E-04   3   0 1  1 0  0 0  0 1
    82  0.1421934267574370E-05   3   0 0  2 0  0 0  0 1
    83  -.2091864511620719E-04   3   1 0  0 1  0 0  0 1
    84  -.5551951247085330E-05   3   0 1  0 1  0 0  0 1
    85  -.7408622688081248E-06   3   0 0  1 1  0 0  0 1
    86  -.6978125517535939E-06   3   0 0  0 2  0 0  0 1
    87  0.1798748650832460E-09   3   1 0  0 0  0 2  0 0
    88  0.4739228184262575E-06   3   0 1  0 0  0 2  0 0
    89  0.3306536550819193E-03   3   0 0  1 0  0 2  0 0
    90  -.5874459261185662E-02   3   0 0  0 1  0 2  0 0
    91  0.1745009849091449E-09   3   1 0  0 0  0 1  1 0
    92  0.3166289800630330E-06   3   0 1  0 0  0 1  1 0
    93  0.2201719076437044E-03   3   0 0  1 0  0 1  1 0
    94  -.3915399211493794E-02   3   0 0  0 1  0 1  1 0
    95  0.1789827810758982E-09   3   1 0  0 0  0 0  2 0
    96  0.4718114182520135E-06   3   0 1  0 0  0 0  2 0
    97  0.3291817747061795E-03   3   0 0  1 0  0 0  2 0
    98  -.5848303225506135E-02   3   0 0  0 1  0 0  2 0
    99  -.5452467061538335E-09   3   1 0  0 0  0 1  0 1
   100  -.6322609838188221E-06   3   0 1  0 0  0 1  0 1
   101  -.8814756741170981E-03   3   0 0  1 0  0 1  0 1
   102  0.7817715132233977E-02   3   0 0  0 1  0 1  0 1
   103  -.5434258171071939E-09   3   1 0  0 0  0 0  1 1
   104  -.6301495045788547E-06   3   0 1  0 0  0 0  1 1
   105  -.8785319252000032E-03   3   0 0  1 0  0 0  1 1
   106  0.7791607332404238E-02   3   0 0  0 1  0 0  1 1
   107  0.5555220862002286E-09   3   1 0  0 0  0 0  0 2
   108  -.7379590023073648E-11   3   0 1  0 0  0 0  0 2
   109  0.8800020123164255E-03   3   0 0  1 0  0 0  0 2
   110  0.2884064269045419E-04   3   0 0  0 1  0 0  0 2
   111  0.2498897244985044E-08   3   0 0  0 0  0 3  0 0
   112  0.2184319771702568E-08   3   0 0  0 0  0 2  1 0
   113  0.2185853764804117E-08   3   0 0  0 0  0 1  2 0
   114  0.2482744236326002E-08   3   0 0  0 0  0 0  3 0
   115  -.7021661178191133E-08   3   0 0  0 0  0 2  0 1
   116  -.4666286216323573E-08   3   0 0  0 0  0 1  1 1
   117  -.6990420131046105E-08   3   0 0  0 0  0 0  2 1
   118  0.4658428366702058E-08   3   0 0  0 0  0 1  0 2
   119  0.4642871223308891E-08   3   0 0  0 0  0 0  1 2
   120  0.2525754592023734E-10   3   0 0  0 0  0 0  0 3
   121  -.4724151758710053E-07   4   4 0  0 0  0 0  0 0
   122  -.4111763337869799E-06   4   3 1  0 0  0 0  0 0
   123  -.1943074112210082E-06   4   2 2  0 0  0 0  0 0
   124  -.1162052673362425E-07   4   1 3  0 0  0 0  0 0
   125  0.1849082019094083E-06   4   0 4  0 0  0 0  0 0
   126  -.7761016124607585E-11   4   3 0  1 0  0 0  0 0
   127  0.1005388561566628E-04   4   2 1  1 0  0 0  0 0
   128  0.3529544822355257E-07   4   1 2  1 0  0 0  0 0
   129  0.1016677017166210E-04   4   0 3  1 0  0 0  0 0
   130  0.2183464512928867E-08   4   2 0  2 0  0 0  0 0
   131  0.9477739277514599E-06   4   1 1  2 0  0 0  0 0
   132  0.2876818565351382E-06   4   0 2  2 0  0 0  0 0
   133  -.6945710466947628E-11   4   1 0  3 0  0 0  0 0
   134  0.1087418612201381E-09   4   0 1  3 0  0 0  0 0
   135  0.4434691591961507E-07   4   0 0  4 0  0 0  0 0
   136  0.5027000726009411E-05   4   3 0  0 1  0 0  0 0
   137  0.2660555609111269E-05   4   2 1  0 1  0 0  0 0
   138  -.2054998270489196E-04   4   1 2  0 1  0 0  0 0
   139  0.2691763658849504E-05   4   0 3  0 1  0 0  0 0
   140  0.5892012263616315E-06   4   2 0  1 1  0 0  0 0
   141  0.1612531555247548E-07   4   1 1  1 1  0 0  0 0
   142  -.3069792756518654E-05   4   0 2  1 1  0 0  0 0
   143  -.1815733405458260E-04   4   1 0  2 1  0 0  0 0
   144  0.6330048293186846E-10   4   0 1  2 1  0 0  0 0
   145  -.1448891659028706E-05   4   0 0  3 1  0 0  0 0
   146  0.1555250031229054E-06   4   2 0  0 2  0 0  0 0
   147  0.1308687756863933E-05   4   1 1  0 2  0 0  0 0
   148  0.1349401885005013E-06   4   0 2  0 2  0 0  0 0
   149  -.6021802182984365E-05   4   1 0  1 2  0 0  0 0
   150  0.1016658354096205E-04   4   0 1  1 2  0 0  0 0
   151  -.4128347355478747E-06   4   0 0  2 2  0 0  0 0
   152  -.5126367780863785E-06   4   1 0  0 3  0 0  0 0
   153  0.2691764896152592E-05   4   0 1  0 3  0 0  0 0
   154  -.6395176975654520E-06   4   0 0  1 3  0 0  0 0
   155  -.5769441472094984E-07   4   0 0  0 4  0 0  0 0
   156  -.5136470966601658E-06   4   3 0  0 0  0 1  0 0
   157  0.3301189445384046E-06   4   2 1  0 0  0 1  0 0
   158  0.1714932155581473E-06   4   1 2  0 0  0 1  0 0
   159  -.9281999430791179E-06   4   0 3  0 0  0 1  0 0
   160  0.2017755783112197E-01   4   2 0  1 0  0 1  0 0
   161  0.8530246288395748E-02   4   1 1  1 0  0 1  0 0
   162  0.5896070514819739E-01   4   0 2  1 0  0 1  0 0
   163  0.1694454013197825E-05   4   1 0  2 0  0 1  0 0
   164  -.2945627933611083E-06   4   0 1  2 0  0 1  0 0
   165  0.5812377509779436E-02   4   0 0  3 0  0 1  0 0
   166  -.2942419179795385E-02   4   2 0  0 1  0 1  0 0
   167  0.1880404150044298E-02   4   1 1  0 1  0 1  0 0
   168  0.2351365677241235E-01   4   0 2  0 1  0 1  0 0
   169  -.5699714383177983E-06   4   1 0  1 1  0 1  0 0
   170  0.9400638195560448E-05   4   0 1  1 1  0 1  0 0
   171  0.1277109358154475E-01   4   0 0  2 1  0 1  0 0
   172  -.1644680300904052E-06   4   1 0  0 2  0 1  0 0
   173  0.8890490461193473E-06   4   0 1  0 2  0 1  0 0
   174  -.5623790196951714E-01   4   0 0  1 2  0 1  0 0
   175  0.3818748122028485E-03   4   0 0  0 3  0 1  0 0
   176  -.5119317366916956E-06   4   3 0  0 0  0 0  1 0
   177  0.3290164895143800E-06   4   2 1  0 0  0 0  1 0
   178  0.1709205021158622E-06   4   1 2  0 0  0 0  1 0
   179  -.9251001552375366E-06   4   0 3  0 0  0 0  1 0
   180  0.2011017348262659E-01   4   2 0  1 0  0 0  1 0
   181  0.8501758941539587E-02   4   1 1  1 0  0 0  1 0
   182  0.5876380179961107E-01   4   0 2  1 0  0 0  1 0
   183  0.1688795266946651E-05   4   1 0  2 0  0 0  1 0
   184  -.2935790805605921E-06   4   0 1  2 0  0 0  1 0
   185  0.5792966673493678E-02   4   0 0  3 0  0 0  1 0
   186  -.2932592767645376E-02   4   2 0  0 1  0 0  1 0
   187  0.1874124410464113E-02   4   1 1  0 1  0 0  1 0
   188  0.2343513129100281E-01   4   0 2  0 1  0 0  1 0
   189  -.5680679793188070E-06   4   1 0  1 1  0 0  1 0
   190  0.9369244114792668E-05   4   0 1  1 1  0 0  1 0
   191  0.1272844363214229E-01   4   0 0  2 1  0 0  1 0
   192  -.1639187777403577E-06   4   1 0  0 2  0 0  1 0
   193  0.8860800054031040E-06   4   0 1  0 2  0 0  1 0
   194  -.5605009161027185E-01   4   0 0  1 2  0 0  1 0
   195  0.3805995148831242E-03   4   0 0  0 3  0 0  1 0
   196  -.1636641252744500E-05   4   3 0  0 0  0 0  0 1
   197  -.6591354340527852E-06   4   2 1  0 0  0 0  0 1
   198  -.1376459410888769E-06   4   1 2  0 0  0 0  0 1
   199  0.6206550736945715E-06   4   0 3  0 0  0 0  0 1
   200  -.1119404311288649E-01   4   2 0  1 0  0 0  0 1
   201  -.1703200522993512E-01   4   1 1  1 0  0 0  0 1
   202  -.5888565624915539E-01   4   0 2  1 0  0 0  0 1
   203  0.4372989421008722E-05   4   1 0  2 0  0 0  0 1
   204  0.5881418739216943E-06   4   0 1  2 0  0 0  0 1
   205  -.4663404390798417E-01   4   0 0  3 0  0 0  0 1
   206  0.5875011947440845E-02   4   2 0  0 1  0 0  0 1
   207  -.3642700890565396E-02   4   1 1  0 1  0 0  0 1
   208  -.1579209794819832E-01   4   0 2  0 1  0 0  0 1
   209  0.1138039417636624E-05   4   1 0  1 1  0 0  0 1
   210  -.9458123324451589E-05   4   0 1  1 1  0 0  0 1
   211  -.2549953721368699E-01   4   0 0  2 1  0 0  0 1
   212  0.1272484133025538E-06   4   1 0  0 2  0 0  0 1
   213  -.6008478910360755E-06   4   0 1  0 2  0 0  0 1
   214  0.5527412460537206E-01   4   0 0  1 2  0 0  0 1
   215  -.3208950026479678E-03   4   0 0  0 3  0 0  0 1
   216  0.4759601434056324E-08   4   2 0  0 0  0 2  0 0
   217  0.5161876288106913E-06   4   1 1  0 0  0 2  0 0
   218  0.3948127250158257E-06   4   0 2  0 0  0 2  0 0
   219  0.7293795814583638E-06   4   1 0  1 0  0 2  0 0
   220  0.1273801732085152E-04   4   0 1  1 0  0 2  0 0
   221  0.1172002260921039E-06   4   0 0  2 0  0 2  0 0
   222  -.7528384341444813E-05   4   1 0  0 1  0 2  0 0
   223  0.4740388252810913E-05   4   0 1  0 1  0 2  0 0
   224  -.1650893630373554E-05   4   0 0  1 1  0 2  0 0
   225  -.7172257708319449E-07   4   0 0  0 2  0 2  0 0
   226  0.9175462585327377E-08   4   2 0  0 0  0 1  1 0
   227  0.3675047919492648E-06   4   1 1  0 0  0 1  1 0
   228  0.4563311440703757E-06   4   0 2  0 0  0 1  1 0
   229  0.1489070868077540E-05   4   1 0  1 0  0 1  1 0
   230  0.1527508176404523E-04   4   0 1  1 0  0 1  1 0
   231  0.1064253625486729E-06   4   0 0  2 0  0 1  1 0
   232  -.4770285996819272E-05   4   1 0  0 1  0 1  1 0
   233  0.6770813831832483E-05   4   0 1  0 1  0 1  1 0
   234  -.1474728706458931E-05   4   0 0  1 1  0 1  1 0
   235  -.6820356167100689E-07   4   0 0  0 2  0 1  1 0
   236  0.4728385370584281E-08   4   2 0  0 0  0 0  2 0
   237  0.5138501307394242E-06   4   1 1  0 0  0 0  2 0
   238  0.3927322459496835E-06   4   0 2  0 0  0 0  2 0
   239  0.7244573404276183E-06   4   1 0  1 0  0 0  2 0
   240  0.1266997173643432E-04   4   0 1  1 0  0 0  2 0
   241  0.1166311204136969E-06   4   0 0  2 0  0 0  2 0
   242  -.7495277431945203E-05   4   1 0  0 1  0 0  2 0
   243  0.4713251598413196E-05   4   0 1  0 1  0 0  2 0
   244  -.1642917877826553E-05   4   0 0  1 1  0 0  2 0
   245  -.7136916932824418E-07   4   0 0  0 2  0 0  2 0
   246  -.4945056089172330E-07   4   2 0  0 0  0 1  0 1
   247  -.7142664712117628E-06   4   1 1  0 0  0 1  0 1
   248  -.3344494895944688E-06   4   0 2  0 0  0 1  0 1
   249  -.1473915286581082E-05   4   1 0  1 0  0 1  0 1
   250  -.1019188096610926E-04   4   0 1  1 0  0 1  0 1
   251  -.2071381299340825E-06   4   0 0  2 0  0 1  0 1
   252  0.9847048247404499E-05   4   1 0  0 1  0 1  0 1
   253  -.2733275491871360E-05   4   0 1  0 1  0 1  0 1
   254  0.1772073751355662E-05   4   0 0  1 1  0 1  0 1
   255  0.7327046316941244E-07   4   0 0  0 2  0 1  0 1
   256  -.4928541732696145E-07   4   2 0  0 0  0 0  1 1
   257  -.7118811289806783E-06   4   1 1  0 0  0 0  1 1
   258  -.3333325724160090E-06   4   0 2  0 0  0 0  1 1
   259  -.1468993044645021E-05   4   1 0  1 0  0 0  1 1
   260  -.1015784447544018E-04   4   0 1  1 0  0 0  1 1
   261  -.2064463778374718E-06   4   0 0  2 0  0 0  1 1
   262  0.9814163349424905E-05   4   1 0  0 1  0 0  1 1
   263  -.2724147529517356E-05   4   0 1  0 1  0 0  1 1
   264  0.1766155788625966E-05   4   0 0  1 1  0 0  1 1
   265  0.7302577139521771E-07   4   0 0  0 2  0 0  1 1
   266  0.8007253126191901E-07   4   2 0  0 0  0 0  0 2
   267  0.2984689025242568E-07   4   1 1  0 0  0 0  0 2
   268  0.1458678587716073E-08   4   0 2  0 0  0 0  0 2
   269  0.5412630209795238E-12   4   1 0  1 0  0 0  0 2
   270  0.5467153420399261E-13   4   0 1  1 0  0 0  0 2
   271  0.7332779651461228E-07   4   0 0  2 0  0 0  0 2
   272  0.1520534838994680E-06   4   1 0  0 1  0 0  0 2
   273  0.2090680496478505E-14   4   0 1  0 1  0 0  0 2
   274  0.3782385729171985E-07   4   0 0  1 1  0 0  0 2
   275  0.1432517491241052E-08   4   0 0  0 2  0 0  0 2
   276  -.1828977049300456E-09   4   1 0  0 0  0 3  0 0
   277  -.3948933607391244E-06   4   0 1  0 0  0 3  0 0
   278  -.2751341914399610E-03   4   0 0  1 0  0 3  0 0
   279  0.4890010657731780E-02   4   0 0  0 1  0 3  0 0
   280  -.1834247419416293E-09   4   1 0  0 0  0 2  1 0
   281  -.2370742705836118E-06   4   0 1  0 0  0 2  1 0
   282  -.1642842989558496E-03   4   0 0  1 0  0 2  1 0
   283  0.2924433227553468E-02   4   0 0  0 1  0 2  1 0
   284  -.1834190417056014E-09   4   1 0  0 0  0 1  2 0
   285  -.2378582360137215E-06   4   0 1  0 0  0 1  2 0
   286  -.1648349825254910E-03   4   0 0  1 0  0 1  2 0
   287  0.2934197694613306E-02   4   0 0  0 1  0 1  2 0
   288  -.1816762516861132E-09   4   1 0  0 0  0 0  3 0
   289  -.3925206666580886E-06   4   0 1  0 0  0 0  3 0
   290  -.2734825488255797E-03   4   0 0  1 0  0 0  3 0
   291  0.4860648090399580E-02   4   0 0  0 1  0 0  3 0
   292  0.5501491083172129E-09   4   1 0  0 0  0 2  0 1
   293  0.4739402016146166E-06   4   0 1  0 0  0 2  0 1
   294  0.6590367500909350E-03   4   0 0  1 0  0 2  0 1
   295  -.5845544547006963E-02   4   0 0  0 1  0 2  0 1
   296  0.5550128019129923E-09   4   1 0  0 0  0 1  1 1
   297  0.3166698142346001E-06   4   0 1  0 0  0 1  1 1
   298  0.4380736955231742E-03   4   0 0  1 0  0 1  1 1
   299  -.3886459172841749E-02   4   0 0  0 1  0 1  1 1
   300  0.5473850951546177E-09   4   1 0  0 0  0 0  2 1
   301  0.4718286752037410E-06   4   0 1  0 0  0 0  2 1
   302  0.6561043626426055E-03   4   0 0  1 0  0 0  2 1
   303  -.5819533397642363E-02   4   0 0  0 1  0 0  2 1
   304  -.5527330506766306E-09   4   1 0  0 0  0 1  0 2
   305  0.1169279291085417E-10   4   0 1  0 0  0 1  0 2
   306  -.4373375334347475E-03   4   0 0  1 0  0 1  0 2
   307  -.2894172193798888E-04   4   0 0  0 1  0 1  0 2
   308  -.5508871604637941E-09   4   1 0  0 0  0 0  1 2
   309  0.1165374402113172E-10   4   0 1  0 0  0 0  1 2
   310  -.4358770145250952E-03   4   0 0  1 0  0 0  1 2
   311  -.2884506905792678E-04   4   0 0  0 1  0 0  1 2
   312  0.1826993748472129E-09   4   1 0  0 0  0 0  0 3
   313  -.2862452329947813E-11   4   0 1  0 0  0 0  0 3
   314  -.2262488118861506E-05   4   0 0  1 0  0 0  0 3
   315  0.3516853842662730E-07   4   0 0  0 1  0 0  0 3
   316  0.4506063163495703E-07   4   0 0  0 0  0 4  0 0
   317  0.2525773547559464E-07   4   0 0  0 0  0 3  1 0
   318  0.2280861703858391E-07   4   0 0  0 0  0 2  2 0
   319  0.2539703481572289E-07   4   0 0  0 0  0 1  3 0
   320  0.4471794714505488E-07   4   0 0  0 0  0 0  4 0
   321  -.5102617103566922E-07   4   0 0  0 0  0 3  0 1
   322  -.3039426779291271E-07   4   0 0  0 0  0 2  1 1
   323  -.3049676667146802E-07   4   0 0  0 0  0 1  2 1
   324  -.5071998146111085E-07   4   0 0  0 0  0 0  3 1
   325  -.1894167129735223E-09   4   0 0  0 0  0 2  0 2
   326  -.2273159082548923E-09   4   0 0  0 0  0 1  1 2
   327  -.1884045741825806E-09   4   0 0  0 0  0 0  2 2
   328  0.1842000477863612E-12   4   0 0  0 0  0 1  0 3
   329  0.1835848989999314E-12   4   0 0  0 0  0 0  1 3
   ----------------------------------------------------
     I  COEFFICIENT            ORDER EXPONENTS
     1  0.4143002320512687E-08   0   0 0  0 0  0 0  0 0
     2  -.1735749947783109E-07   1   1 0  0 0  0 0  0 0
     3  -.2585793142782052E-06   1   0 1  0 0  0 0  0 0
     4  0.8757943801064717E-08   1   0 0  1 0  0 0  0 0
     5  -.8210006123220110E-07   1   0 0  0 1  0 0  0 0
     6   1.000000000000000       1   0 0  0 0  1 0  0 0
     7  0.6478274471693324E-01   1   0 0  0 0  0 1  0 0
     8  -.6478274471633799E-01   1   0 0  0 0  0 0  1 0
     9  -.5952760217002296E-12   1   0 0  0 0  0 0  0 1
    10  -.2548218476160110E-03   2   2 0  0 0  0 0  0 0
    11  -.7912354185595440E-02   2   1 1  0 0  0 0  0 0
    12  -.6541443105800605E-01   2   0 2  0 0  0 0  0 0
    13  -.8366826617391162E-10   2   1 0  1 0  0 0  0 0
    14  -.6321390971992622E-06   2   0 1  1 0  0 0  0 0
    15  -.2536187168737407E-03   2   0 0  2 0  0 0  0 0
    16  -.6321376600261683E-06   2   1 0  0 1  0 0  0 0
    17  -.4930375246736724E-07   2   0 1  0 1  0 0  0 0
    18  0.7838071566163677E-02   2   0 0  1 1  0 0  0 0
    19  -.6480032447013663E-01   2   0 0  0 2  0 0  0 0
    20  0.2580461922802081E-07   2   1 0  0 0  0 1  0 0
    21  0.3879719965415702E-06   2   0 1  0 0  0 1  0 0
    22  -.9669250814236823E-08   2   0 0  1 0  0 1  0 0
    23  0.1233198176504980E-06   2   0 0  0 1  0 1  0 0
    24  0.8476817895644777E-08   2   1 0  0 0  0 0  1 0
    25  0.1298223050346791E-06   2   0 1  0 0  0 0  1 0
    26  -.9374373408858957E-09   2   0 0  1 0  0 0  1 0
    27  0.4135542705915887E-07   2   0 0  0 1  0 0  1 0
    28  -.3428179115632999E-07   2   1 0  0 0  0 0  0 1
    29  -.2592192760367588E-06   2   0 1  0 0  0 0  0 1
    30  0.1060673697960780E-07   2   0 0  1 0  0 0  0 1
    31  -.8257543747118209E-07   2   0 0  0 1  0 0  0 1
    32  -.4866832415348563E-01   2   0 0  0 0  0 2  0 0
    33  0.3255390358914677E-01   2   0 0  0 0  0 1  1 0
    34  0.1611442056344708E-01   2   0 0  0 0  0 0  2 0
    35  0.8907936099546982E-12   2   0 0  0 0  0 1  0 1
    36  0.2965120133066496E-12   2   0 0  0 0  0 0  1 1
    37  -.2960082988273358E-12   2   0 0  0 0  0 0  0 2
    38  -.9590902493100867E-08   3   3 0  0 0  0 0  0 0
    39  0.4884718518320217E-05   3   2 1  0 0  0 0  0 0
    40  -.3163627380623093E-05   3   1 2  0 0  0 0  0 0
    41  -.6848091408221295E-06   3   0 3  0 0  0 0  0 0
    42  0.2090710466057415E-06   3   2 0  1 0  0 0  0 0
    43  0.7938244950488484E-06   3   1 1  1 0  0 0  0 0
    44  0.6017134767268723E-06   3   0 2  1 0  0 0  0 0
    45  -.6330671762102250E-06   3   1 0  2 0  0 0  0 0
    46  -.5553165250563730E-05   3   0 1  2 0  0 0  0 0
    47  0.8201269405075187E-07   3   0 0  3 0  0 0  0 0
    48  0.4005377933965614E-06   3   2 0  0 1  0 0  0 0
    49  0.1797529492985610E-07   3   1 1  0 1  0 0  0 0
    50  -.7704866278895061E-07   3   0 2  0 1  0 0  0 0
    51  -.1122680426263365E-04   3   1 0  1 1  0 0  0 0
    52  -.1051341705842374E-06   3   0 1  1 1  0 0  0 0
    53  -.2611228108794591E-06   3   0 0  2 1  0 0  0 0
    54  0.2843597128453338E-05   3   1 0  0 2  0 0  0 0
    55  -.3168569731349692E-06   3   0 1  0 2  0 0  0 0
    56  -.5334929991647151E-06   3   0 0  1 2  0 0  0 0
    57  -.1522577697599038E-06   3   0 0  0 3  0 0  0 0
    58  0.3823121466703723E-03   3   2 0  0 0  0 1  0 0
    59  0.1188031338518620E-01   3   1 1  0 0  0 1  0 0
    60  0.9821970730254163E-01   3   0 2  0 0  0 1  0 0
    61  0.2283834144753113E-09   3   1 0  1 0  0 1  0 0
    62  0.9482134560175005E-06   3   0 1  1 0  0 1  0 0
    63  0.3799061365444580E-03   3   0 0  2 0  0 1  0 0
    64  0.9476654839195739E-06   3   1 0  0 1  0 1  0 0
    65  0.9675427162877140E-07   3   0 1  0 1  0 1  0 0
    66  -.1173175617911718E-01   3   0 0  1 1  0 1  0 0
    67  0.9699154560201788E-01   3   0 0  0 2  0 1  0 0
    68  0.1279136999110116E-03   3   2 0  0 0  0 0  1 0
    69  0.3981045571076243E-02   3   1 1  0 0  0 0  1 0
    70  0.3291345640448020E-01   3   0 2  0 0  0 0  1 0
    71  0.1106618368131902E-09   3   1 0  1 0  0 0  1 0
    72  0.3168563816726009E-06   3   0 1  1 0  0 0  1 0
    73  0.1267107868211686E-03   3   0 0  2 0  0 0  1 0
    74  0.3165674163667769E-06   3   1 0  0 1  0 0  1 0
    75  0.4819101464648504E-07   3   0 1  0 1  0 0  1 0
    76  -.3906769951928855E-02   3   0 0  1 1  0 0  1 0
    77  0.3229940173239246E-01   3   0 0  0 2  0 0  1 0
    78  -.5102278341941462E-03   3   2 0  0 0  0 0  0 1
    79  -.7949010318096906E-02   3   1 1  0 0  0 0  0 1
    80  -.3043382995243711E-03   3   0 2  0 0  0 0  0 1
    81  -.3198250154893113E-09   3   1 0  1 0  0 0  0 1
    82  -.6323715615366099E-06   3   0 1  1 0  0 0  0 1
    83  -.5066188129299184E-03   3   0 0  2 0  0 0  0 1
    84  -.6321080243565474E-06   3   1 0  0 1  0 0  0 1
    85  -.4926478108468629E-07   3   0 1  0 1  0 0  0 1
    86  0.7800455209285729E-02   3   0 0  1 1  0 0  0 1
    87  0.3096897348579099E-03   3   0 0  0 2  0 0  0 1
    88  -.3219510911873193E-07   3   1 0  0 0  0 2  0 0
    89  -.4852458328979953E-06   3   0 1  0 0  0 2  0 0
    90  0.1122918996267105E-07   3   0 0  1 0  0 2  0 0
    91  -.1541434194940176E-06   3   0 0  0 1  0 2  0 0
    92  -.1279456424354607E-07   3   1 0  0 0  0 1  1 0
    93  -.1947618824262630E-06   3   0 1  0 0  0 1  1 0
    94  0.3115672495578345E-08   3   0 0  1 0  0 1  1 0
    95  -.6171735990950965E-07   3   0 0  0 1  0 1  1 0
    96  -.6418814399702109E-08   3   1 0  0 0  0 0  2 0
    97  -.9770067553923168E-07   3   0 1  0 0  0 0  2 0
    98  0.1568719962687612E-08   3   0 0  1 0  0 0  2 0
    99  -.3096062383964114E-07   3   0 0  0 1  0 0  2 0
   100  0.5137920684315555E-07   3   1 0  0 0  0 1  0 1
   101  0.3892968192735566E-06   3   0 1  0 0  0 1  0 1
   102  -.1590469831298106E-07   3   0 0  1 0  0 1  0 1
   103  0.1233638121389190E-06   3   0 0  0 1  0 1  0 1
   104  0.1715442176073892E-07   3   1 0  0 0  0 0  1 1
   105  0.1305059299757672E-06   3   0 1  0 0  0 0  1 1
   106  -.5315572062452623E-08   3   0 0  1 0  0 0  1 1
   107  0.4092700451026287E-07   3   0 0  0 1  0 0  1 1
   108  -.1712574032940574E-07   3   1 0  0 0  0 0  0 2
   109  -.6820138869921933E-09   3   0 1  0 0  0 0  0 2
   110  0.5306742978699524E-08   3   0 0  1 0  0 0  0 2
   111  0.4300308090082322E-09   3   0 0  0 1  0 0  0 2
   112  0.4057058995177590E-01   3   0 0  0 0  0 3  0 0
   113  -.2437513658181303E-01   3   0 0  0 0  0 2  1 0
   114  -.8178770034377848E-02   3   0 0  0 0  0 1  2 0
   115  -.8016691376471928E-02   3   0 0  0 0  0 0  3 0
   116  0.9564554669641767E-10   3   0 0  0 0  0 2  0 1
   117  0.4567433785337975E-10   3   0 0  0 0  0 1  1 1
   118  0.2288184618366844E-10   3   0 0  0 0  0 0  2 1
   119  -.7505320703484143E-13   3   0 0  0 0  0 1  0 2
   120  -.4999964320428324E-13   3   0 0  0 0  0 0  1 2
   121  -.1480396138373899E-15   3   0 0  0 0  0 0  0 3
   122  -.1671850289805410E-02   4   4 0  0 0  0 0  0 0
   123  -.2341861088757446E-02   4   3 1  0 0  0 0  0 0
   124  -.3288202271269165E-01   4   2 2  0 0  0 0  0 0
   125  -.1621751574985136E-01   4   1 3  0 0  0 0  0 0
   126  -.5017956550027035E-01   4   0 4  0 0  0 0  0 0
   127  0.5235772847850802E-06   4   3 0  1 0  0 0  0 0
   128  0.6977302192699384E-06   4   2 1  1 0  0 0  0 0
   129  -.5998118968389650E-07   4   1 2  1 0  0 0  0 0
   130  -.9555391890628229E-06   4   0 3  1 0  0 0  0 0
   131  -.9865406109307646E-02   4   2 0  2 0  0 0  0 0
   132  -.8107079930851900E-02   4   1 1  2 0  0 0  0 0
   133  -.3114865021299760E-01   4   0 2  2 0  0 0  0 0
   134  -.5309064281445924E-06   4   1 0  3 0  0 0  0 0
   135  -.2450731860225440E-06   4   0 1  3 0  0 0  0 0
   136  -.1626625909587080E-02   4   0 0  4 0  0 0  0 0
   137  0.2349388679821542E-06   4   3 0  0 1  0 0  0 0
   138  -.4920468629866758E-05   4   2 1  0 1  0 0  0 0
   139  -.1600370780369410E-05   4   1 2  0 1  0 0  0 0
   140  -.2131070605235025E-06   4   0 3  0 1  0 0  0 0
   141  -.8193537688796437E-02   4   2 0  1 1  0 0  0 0
   142  -.1971811801153881E-02   4   1 1  1 1  0 0  0 0
   143  0.7579881595412457E-02   4   0 2  1 1  0 0  0 0
   144  -.7420958198100805E-06   4   1 0  2 1  0 0  0 0
   145  -.4814121034466598E-05   4   0 1  2 1  0 0  0 0
   146  -.2001821125198406E-02   4   0 0  3 1  0 0  0 0
   147  0.2939677653905008E-01   4   2 0  0 2  0 0  0 0
   148  -.8176162563960834E-02   4   1 1  0 2  0 0  0 0
   149  -.9769010417376993E-01   4   0 2  0 2  0 0  0 0
   150  0.4715677057334928E-07   4   1 0  1 2  0 0  0 0
   151  -.1562196633981114E-05   4   0 1  1 2  0 0  0 0
   152  0.2782200581593954E-01   4   0 0  2 2  0 0  0 0
   153  -.9422687050924510E-06   4   1 0  0 3  0 0  0 0
   154  -.2120453403764009E-06   4   0 1  0 3  0 0  0 0
   155  0.1529687014914440E-01   4   0 0  1 3  0 0  0 0
   156  -.4751760649188014E-01   4   0 0  0 4  0 0  0 0
   157  -.1199436996056231E-05   4   3 0  0 0  0 1  0 0
   158  -.3072254516531707E-04   4   2 1  0 0  0 1  0 0
   159  -.1819487008416139E-04   4   1 2  0 0  0 1  0 0
   160  -.8654458728646271E-04   4   0 3  0 0  0 1  0 0
   161  -.1358717797344343E-06   4   2 0  1 0  0 1  0 0
   162  -.9608896193152196E-06   4   1 1  1 0  0 1  0 0
   163  0.3651479796745328E-06   4   0 2  1 0  0 1  0 0
   164  -.2233657070241987E-05   4   1 0  2 0  0 1  0 0
   165  -.1358560787012067E-04   4   0 1  2 0  0 1  0 0
   166  -.6469065548085475E-07   4   0 0  3 0  0 1  0 0
   167  0.7600774220177393E-06   4   2 0  0 1  0 1  0 0
   168  -.4237812555996319E-06   4   1 1  0 1  0 1  0 0
   169  -.5132896437901631E-05   4   0 2  0 1  0 1  0 0
   170  0.1556109471997100E-04   4   1 0  1 1  0 1  0 0
   171  0.6641798547622402E-05   4   0 1  1 1  0 1  0 0
   172  0.1631512836559167E-05   4   0 0  2 1  0 1  0 0
   173  -.6162589898172333E-05   4   1 0  0 2  0 1  0 0
   174  -.8417137404552532E-04   4   0 1  0 2  0 1  0 0
   175  0.1040318922737812E-05   4   0 0  1 2  0 1  0 0
   176  -.4990021302233635E-05   4   0 0  0 3  0 1  0 0
   177  -.6302927992529335E-06   4   3 0  0 0  0 0  1 0
   178  -.1429884575009818E-04   4   2 1  0 0  0 0  1 0
   179  -.1122762669822902E-04   4   1 2  0 0  0 0  1 0
   180  -.5206659038522453E-04   4   0 3  0 0  0 0  1 0
   181  -.5824226439456526E-07   4   2 0  1 0  0 0  1 0
   182  -.3258034596382789E-06   4   1 1  1 0  0 0  1 0
   183  0.2026398458595286E-06   4   0 2  1 0  0 0  1 0
   184  -.9540016453949097E-06   4   1 0  2 0  0 0  1 0
   185  -.8154524631772643E-05   4   0 1  2 0  0 0  1 0
   186  -.3321732415789498E-07   4   0 0  3 0  0 0  1 0
   187  0.4551337859191733E-06   4   2 0  0 1  0 0  1 0
   188  -.2551506653717304E-06   4   1 1  0 1  0 0  1 0
   189  -.3076949101567209E-05   4   0 2  0 1  0 0  1 0
   190  0.5118827982338379E-05   4   1 0  1 1  0 0  1 0
   191  0.3964084009165673E-05   4   0 1  1 1  0 0  1 0
   192  0.7230973992697934E-06   4   0 0  2 1  0 0  1 0
   193  -.3432488916582690E-05   4   1 0  0 2  0 0  1 0
   194  -.5045969243780980E-04   4   0 1  0 2  0 0  1 0
   195  0.6377599768052140E-06   4   0 0  1 2  0 0  1 0
   196  -.2980269816236756E-05   4   0 0  0 3  0 0  1 0
   197  0.1425087796991823E-05   4   3 0  0 0  0 0  0 1
   198  0.1722746785323102E-04   4   2 1  0 0  0 0  0 1
   199  0.7110237716745728E-05   4   1 2  0 0  0 0  0 1
   200  0.6741119191485912E-06   4   0 3  0 0  0 0  0 1
   201  0.1084320849938459E-06   4   2 0  1 0  0 0  0 1
   202  0.6299047625870483E-06   4   1 1  1 0  0 0  0 1
   203  -.1641639105123700E-06   4   0 2  1 0  0 0  0 1
   204  0.1786847945688301E-05   4   1 0  2 0  0 0  0 1
   205  0.5554014665533663E-05   4   0 1  2 0  0 0  0 1
   206  0.7690261213037994E-07   4   0 0  3 0  0 0  0 1
   207  -.2959415553342957E-06   4   2 0  0 1  0 0  0 1
   208  0.1704618264555948E-06   4   1 1  0 1  0 0  0 1
   209  0.6242682939753132E-08   4   0 2  0 1  0 0  0 1
   210  -.1056057844626724E-04   4   1 0  1 1  0 0  0 1
   211  -.2639775701722083E-05   4   0 1  1 1  0 0  0 1
   212  -.8637110171185043E-06   4   0 0  2 1  0 0  0 1
   213  0.2726891336260870E-05   4   1 0  0 2  0 0  0 1
   214  -.9320983613117715E-07   4   0 1  0 2  0 0  0 1
   215  -.3942560293272407E-06   4   0 0  1 2  0 0  0 1
   216  -.3955674464240303E-07   4   0 0  0 3  0 0  0 1
   217  -.4781296245043024E-03   4   2 0  0 0  0 2  0 0
   218  -.1486700323310141E-01   4   1 1  0 0  0 2  0 0
   219  -.1229127505043981       4   0 2  0 0  0 2  0 0
   220  -.3176283358946662E-09   4   1 0  1 0  0 2  0 0
   221  -.1184789565840015E-05   4   0 1  1 0  0 2  0 0
   222  -.4745206071475938E-03   4   0 0  2 0  0 2  0 0
   223  -.1184481040331438E-05   4   1 0  0 1  0 2  0 0
   224  -.1473623606590538E-06   4   0 1  0 1  0 2  0 0
   225  0.1464416857934933E-01   4   0 0  1 1  0 2  0 0
   226  -.1210705475978742       4   0 0  0 2  0 2  0 0
   227  -.1918473752080634E-03   4   2 0  0 0  0 1  1 0
   228  -.5980017667394488E-02   4   1 1  0 0  0 1  1 0
   229  -.4944097355337446E-01   4   0 2  0 0  0 1  1 0
   230  -.1936134948889982E-09   4   1 0  1 0  0 1  1 0
   231  -.4739901161751894E-06   4   0 1  1 0  0 1  1 0
   232  -.1894414715607452E-03   4   0 0  2 0  0 1  1 0
   233  -.4741251707453712E-06   4   1 0  0 1  0 1  1 0
   234  -.9977616344036853E-07   4   0 1  0 1  0 1  1 0
   235  0.5831466029250465E-02   4   0 0  1 1  0 1  1 0
   236  -.4821290317414201E-01   4   0 0  0 2  0 1  1 0
   237  -.9623886813400081E-04   4   2 0  0 0  0 0  2 0
   238  -.2999772604375077E-02   4   1 1  0 0  0 0  2 0
   239  -.2480120552114486E-01   4   0 2  0 0  0 0  2 0
   240  -.9891862178972927E-10   4   1 0  1 0  0 0  2 0
   241  -.2377735093785493E-06   4   0 1  1 0  0 0  2 0
   242  -.9503592986183109E-04   4   0 0  2 0  0 0  2 0
   243  -.2378538555252533E-06   4   1 0  0 1  0 0  2 0
   244  -.4987527794276761E-07   4   0 1  0 1  0 0  2 0
   245  0.2925497914195285E-02   4   0 0  1 1  0 0  2 0
   246  -.2418718049000877E-01   4   0 0  0 2  0 0  2 0
   247  0.7657905592482086E-03   4   2 0  0 0  0 1  0 1
   248  0.1195338747885423E-01   4   1 1  0 0  0 1  0 1
   249  0.6072798836982208E-03   4   0 2  0 0  0 1  0 1
   250  0.6125571278699727E-09   4   1 0  1 0  0 1  0 1
   251  0.9478195568304685E-06   4   0 1  1 0  0 1  0 1
   252  0.7585728583762179E-03   4   0 0  2 0  0 1  0 1
   253  0.9476056271412615E-06   4   1 0  0 1  0 1  0 1
   254  0.9852124194223410E-07   4   0 1  0 1  0 1  0 1
   255  -.1165629014055950E-01   4   0 0  1 1  0 1  0 1
   256  -.6206625331240226E-03   4   0 0  0 2  0 1  0 1
   257  0.2564075063524425E-03   4   2 0  0 0  0 0  1 1
   258  0.4017461882630711E-02   4   1 1  0 0  0 0  1 1
   259  0.3029428544009289E-03   4   0 2  0 0  0 0  1 1
   260  0.2928190240829861E-09   4   1 0  1 0  0 0  1 1
   261  0.3164993307763140E-06   4   0 1  1 0  0 0  1 1
   262  0.2527988658541054E-03   4   0 0  2 0  0 0  1 1
   263  0.3165478953455769E-06   4   1 0  0 1  0 0  1 1
   264  0.4925593920713721E-07   4   0 1  0 1  0 0  1 1
   265  -.3868921266929488E-02   4   0 0  1 1  0 0  1 1
   266  -.3109650595038767E-03   4   0 0  0 2  0 0  1 1
   267  -.2559841184439901E-03   4   2 0  0 0  0 0  0 2
   268  -.3641259994692943E-04   4   1 1  0 0  0 0  0 2
   269  0.1396432790987708E-05   4   0 2  0 0  0 0  0 2
   270  -.2991706728155230E-09   4   1 0  1 0  0 0  0 2
   271  0.5458505274748011E-10   4   0 1  1 0  0 0  0 2
   272  -.2523755481361217E-03   4   0 0  2 0  0 0  0 2
   273  0.5872591609286186E-10   4   1 0  0 1  0 0  0 2
   274  0.8990349876019988E-11   4   0 1  0 1  0 0  0 2
   275  -.3784951404165080E-04   4   0 0  1 1  0 0  0 2
   276  0.1279310842067471E-05   4   0 0  0 2  0 0  0 2
   277  -.2991485539705218E-05   4   1 0  0 0  0 3  0 0
   278  -.4948985841760292E-04   4   0 1  0 0  0 3  0 0
   279  0.1779686795799548E-06   4   0 0  1 0  0 3  0 0
   280  -.2962921310307605E-05   4   0 0  0 1  0 3  0 0
   281  -.1290766529799884E-05   4   1 0  0 0  0 2  1 0
   282  -.2135302788158166E-04   4   0 1  0 0  0 2  1 0
   283  0.7688634698347881E-07   4   0 0  1 0  0 2  1 0
   284  -.1261586486967375E-05   4   0 0  0 1  0 2  1 0
   285  -.7763993563973655E-06   4   1 0  0 0  0 1  2 0
   286  -.1284414983940811E-04   4   0 1  0 0  0 1  2 0
   287  0.4592265269415733E-07   4   0 0  1 0  0 1  2 0
   288  -.7563447985057019E-06   4   0 0  0 1  0 1  2 0
   289  -.4324982776407332E-06   4   1 0  0 0  0 0  3 0
   290  -.7154780763567744E-05   4   0 1  0 0  0 0  3 0
   291  0.2576254632300756E-07   4   0 0  1 0  0 0  3 0
   292  -.4227900840987218E-06   4   0 0  0 1  0 0  3 0
   293  0.2573346747457418E-05   4   1 0  0 0  0 2  0 1
   294  0.2163224817720365E-06   4   0 1  0 0  0 2  0 1
   295  -.1529277784254167E-06   4   0 0  1 0  0 2  0 1
   296  -.1340877961436526E-07   4   0 0  0 1  0 2  0 1
   297  0.1040134634016731E-05   4   1 0  0 0  0 1  1 1
   298  0.1699060956724289E-06   4   0 1  0 0  0 1  1 1
   299  -.6055954993713863E-07   4   0 0  1 0  0 1  1 1
   300  -.1058626553044096E-07   4   0 0  0 1  0 1  1 1
   301  0.5217447006224862E-06   4   1 0  0 0  0 0  2 1
   302  0.8488749362175591E-07   4   0 1  0 0  0 0  2 1
   303  -.3038259652827893E-07   4   0 0  1 0  0 0  2 1
   304  -.5288932592133590E-08   4   0 0  0 1  0 0  2 1
   305  -.6860286023769535E-08   4   1 0  0 0  0 1  0 2
   306  0.6779453723485341E-09   4   0 1  0 0  0 1  0 2
   307  -.4257028655150764E-09   4   0 0  1 0  0 1  0 2
   308  0.3952792722881648E-10   4   0 0  0 1  0 1  0 2
   309  -.4376577151485984E-08   4   1 0  0 0  0 0  1 2
   310  0.4592947742181001E-09   4   0 1  0 0  0 0  1 2
   311  -.2739268031691656E-09   4   0 0  1 0  0 0  1 2
   312  0.2641167471335203E-10   4   0 0  0 1  0 0  1 2
   313  -.3141989635285798E-11   4   1 0  0 0  0 0  0 3
   314  -.3839614526234511E-12   4   0 1  0 0  0 0  0 3
   315  0.1843159271901036E-12   4   0 0  1 0  0 0  0 3
   316  0.2336818579302334E-13   4   0 0  0 1  0 0  0 3
   317  -.3550437812749174E-01   4   0 0  0 0  0 4  0 0
   318  0.2030572287669248E-01   4   0 0  0 0  0 3  1 0
   319  0.6104108646625432E-02   4   0 0  0 0  0 2  2 0
   320  0.4109360277346929E-02   4   0 0  0 0  0 1  3 0
   321  0.4985176481287413E-02   4   0 0  0 0  0 0  4 0
   322  -.3410562130880673E-10   4   0 0  0 0  0 3  0 1
   323  0.4758127223739116E-10   4   0 0  0 0  0 2  1 1
   324  0.2488704929287337E-10   4   0 0  0 0  0 1  2 1
   325  0.1566035565832771E-10   4   0 0  0 0  0 0  3 1
   326  0.7468382629817076E-13   4   0 0  0 0  0 2  0 2
   327  0.4315644548264342E-13   4   0 0  0 0  0 1  1 2
   328  0.3745094331748285E-13   4   0 0  0 0  0 0  2 2
   329  -.1475452253185497E-15   4   0 0  0 0  0 0  1 3
   ----------------------------------------------------
     I  COEFFICIENT            ORDER EXPONENTS
     1   1.000000000000000       1   0 0  0 0  0 1  0 0
     --------------------------------------------------
     I  COEFFICIENT            ORDER EXPONENTS
     1   1.000000000000000       1   0 0  0 0  0 0  1 0
     --------------------------------------------------
     I  COEFFICIENT            ORDER EXPONENTS
     1   1.000000000000000       1   0 0  0 0  0 0  0 1
     --------------------------------------------------
