     I  COEFFICIENT            ORDER EXPONENTS
     1  0.2114872141688882E-03   0   0 0  0 0  0 0  0 0
     2  0.8643366074533546       1   1 0  0 0  0 0  0 0
     3  0.3327176716926334       1   0 1  0 0  0 0  0 0
     4  -.1079940615592658E-03   1   0 0  1 0  0 0  0 0
     5  -.1089163575340775E-04   1   0 0  0 1  0 0  0 0
     6  0.5213656183174949E-05   1   0 0  0 0  0 1  0 0
     7  0.5196244818126446E-05   1   0 0  0 0  0 0  1 0
     8  -.1040990100118311E-04   1   0 0  0 0  0 0  0 1
     9  0.2709628628518198E-03   2   2 0  0 0  0 0  0 0
    10  -.6088634705382216E-04   2   1 1  0 0  0 0  0 0
    11  -.2729169268736724E-04   2   0 2  0 0  0 0  0 0
    12  0.1559805946057225E-04   2   1 0  1 0  0 0  0 0
    13  -.7310409065058426E-05   2   0 1  1 0  0 0  0 0
    14  -.2636759893237662E-03   2   0 0  2 0  0 0  0 0
    15  -.5187953498240437E-06   2   1 0  0 1  0 0  0 0
    16  -.5177140761590733E-06   2   0 1  0 1  0 0  0 0
    17  -.1405529255524008E-04   2   0 0  1 1  0 0  0 0
    18  -.1340554232192101E-04   2   0 0  0 2  0 0  0 0
    19  0.6642323859111962E-01   2   1 0  0 0  0 1  0 0
    20  -.1597423535936935       2   0 1  0 0  0 1  0 0
    21  0.5411258816687116E-04   2   0 0  1 0  0 1  0 0
    22  0.1091213230478577E-04   2   0 0  0 1  0 1  0 0
    23  0.6620141359649553E-01   2   1 0  0 0  0 0  1 0
    24  -.1592088829668654       2   0 1  0 0  0 0  1 0
    25  0.5393187543991272E-04   2   0 0  1 0  0 0  1 0
    26  0.1087569048500710E-04   2   0 0  0 1  0 0  1 0
    27  -.1326246521876149       2   1 0  0 0  0 0  0 1
    28  -.1376643513207459E-01   2   0 1  0 0  0 0  0 1
    29  -.1080444636067838E-03   2   0 0  1 0  0 0  0 1
    30  -.1089618703638515E-04   2   0 0  0 1  0 0  0 1
    31  -.3880437347838179E-05   2   0 0  0 0  0 2  0 0
    32  -.2556016453571608E-05   2   0 0  0 0  0 1  1 0
    33  -.3863210362435195E-05   2   0 0  0 0  0 0  2 0
    34  0.5103037373682656E-05   2   0 0  0 0  0 1  0 1
    35  0.5085995427791552E-05   2   0 0  0 0  0 0  1 1
    36  0.1104160757422849E-06   2   0 0  0 0  0 0  0 2
    37  0.3665041411866364E-01   3   3 0  0 0  0 0  0 0
    38  -.2360613502663326       3   2 1  0 0  0 0  0 0
    39  -.2282008382494215       3   1 2  0 0  0 0  0 0
    40  0.1385342985745827       3   0 3  0 0  0 0  0 0
    41  0.1775987416796429E-03   3   2 0  1 0  0 0  0 0
    42  0.2106068799530941E-03   3   1 1  1 0  0 0  0 0
    43  -.1348477099855179E-03   3   0 2  1 0  0 0  0 0
    44  -.1234262860446420       3   1 0  2 0  0 0  0 0
    45  -.4093440927342555       3   0 1  2 0  0 0  0 0
    46  -.9055041611347311E-04   3   0 0  3 0  0 0  0 0
    47  -.2100685958344096E-03   3   2 0  0 1  0 0  0 0
    48  -.5466248754113974E-04   3   1 1  0 1  0 0  0 0
    49  -.2981324247190884E-04   3   0 2  0 1  0 0  0 0
    50  -.9520236756150514E-01   3   1 0  1 1  0 0  0 0
    51  -.2014844551175725E-01   3   0 1  1 1  0 0  0 0
    52  -.4356949743257905E-03   3   0 0  2 1  0 0  0 0
    53  -.1384375404948187       3   1 0  0 2  0 0  0 0
    54  0.1480257487909289       3   0 1  0 2  0 0  0 0
    55  -.1920912295447402E-03   3   0 0  1 2  0 0  0 0
    56  -.2605658680247493E-04   3   0 0  0 3  0 0  0 0
    57  -.1380322241476946E-03   3   2 0  0 0  0 1  0 0
    58  0.4431185032439127E-04   3   1 1  0 0  0 1  0 0
    59  0.3872022876135776E-04   3   0 2  0 0  0 1  0 0
    60  -.6873570714206566E-05   3   1 0  1 0  0 1  0 0
    61  0.7298740333481604E-05   3   0 1  1 0  0 1  0 0
    62  0.1370267189813630E-03   3   0 0  2 0  0 1  0 0
    63  0.7654862281612598E-06   3   1 0  0 1  0 1  0 0
    64  0.8019377542635595E-06   3   0 1  0 1  0 1  0 0
    65  0.2127484601336405E-04   3   0 0  1 1  0 1  0 0
    66  0.2055021264864900E-04   3   0 0  0 2  0 1  0 0
    67  -.1375712559981587E-03   3   2 0  0 0  0 0  1 0
    68  0.4416386783861500E-04   3   1 1  0 0  0 0  1 0
    69  0.3859091988213057E-04   3   0 2  0 0  0 0  1 0
    70  -.6850615949894122E-05   3   1 0  1 0  0 0  1 0
    71  0.7274365685849578E-05   3   0 1  1 0  0 0  1 0
    72  0.1365691087858034E-03   3   0 0  2 0  0 0  1 0
    73  0.7629298340129316E-06   3   1 0  0 1  0 0  1 0
    74  0.7992596277252922E-06   3   0 1  0 1  0 0  1 0
    75  0.2120379719516986E-04   3   0 0  1 1  0 0  1 0
    76  0.2048158379364287E-04   3   0 0  0 2  0 0  1 0
    77  0.2756034801458533E-03   3   2 0  0 0  0 0  0 1
    78  -.2758937110918448E-04   3   1 1  0 0  0 0  0 1
    79  -.2272776326863765E-04   3   0 2  0 0  0 0  0 1
    80  0.1372418666410070E-04   3   1 0  1 0  0 0  0 1
    81  -.7262696954407098E-05   3   0 1  1 0  0 0  0 1
    82  -.2735958277671662E-03   3   0 0  2 0  0 0  0 1
    83  -.1009620712350126E-05   3   1 0  0 1  0 0  0 1
    84  -.5657692296707153E-06   3   0 1  0 1  0 0  0 1
    85  -.2842335065329385E-04   3   0 0  1 1  0 0  0 1
    86  -.1422071179833330E-04   3   0 0  0 2  0 0  0 1
    87  -.4903336492412172E-01   3   1 0  0 0  0 2  0 0
    88  0.1163160868216205       3   0 1  0 0  0 2  0 0
    89  -.4057222457920436E-04   3   0 0  1 0  0 2  0 0
    90  -.1091897532670790E-04   3   0 0  0 1  0 2  0 0
    91  -.3175903290646809E-01   3   1 0  0 0  0 1  1 0
    92  0.7317831879704530E-01   3   0 1  0 0  0 1  1 0
    93  -.2712501554847299E-04   3   0 0  1 0  0 1  1 0
    94  -.1092034247583918E-04   3   0 0  0 1  0 1  1 0
    95  -.4881658387176733E-01   3   1 0  0 0  0 0  2 0
    96  0.1158054491872593       3   0 1  0 0  0 0  2 0
    97  -.4039143790024334E-04   3   0 0  1 0  0 0  2 0
    98  -.1086427603507883E-04   3   0 0  0 1  0 0  2 0
    99  0.6340292354029101E-01   3   1 0  0 0  0 1  0 1
   100  0.1367328247855713E-01   3   0 1  0 0  0 1  0 1
   101  0.5416416895259752E-04   3   0 0  1 0  0 1  0 1
   102  0.1091239987003697E-04   3   0 0  0 1  0 1  0 1
   103  0.6319118509646035E-01   3   1 0  0 0  0 0  1 1
   104  0.1362761960699846E-01   3   0 1  0 0  0 0  1 1
   105  0.5398328396804137E-04   3   0 0  1 0  0 0  1 1
   106  0.1087595715670578E-04   3   0 0  0 1  0 0  1 1
   107  0.3015157771199151E-02   3   1 0  0 0  0 0  0 2
   108  0.1159018933344224E-03   3   0 1  0 0  0 0  0 2
   109  -.5515092622416027E-07   3   0 0  1 0  0 0  0 2
   110  0.2544065952057314E-09   3   0 0  0 1  0 0  0 2
   111  0.3214846589261089E-05   3   0 0  0 0  0 3  0 0
   112  0.1885984364161003E-05   3   0 0  0 0  0 2  1 0
   113  0.1892587323555915E-05   3   0 0  0 0  0 1  2 0
   114  0.3195603675059921E-05   3   0 0  0 0  0 0  3 0
   115  -.3769948738495460E-05   3   0 0  0 0  0 2  0 1
   116  -.2445707073652229E-05   3   0 0  0 0  0 1  1 1
   117  -.3753274930337413E-05   3   0 0  0 0  0 0  2 1
   118  -.1102614855278751E-06   3   0 0  0 0  0 1  0 2
   119  -.1098932596787120E-06   3   0 0  0 0  0 0  1 2
   120  -.2258020843961983E-09   3   0 0  0 0  0 0  0 3
   121  0.3589587790751905E-03   4   4 0  0 0  0 0  0 0
   122  -.1488470171806618E-03   4   3 1  0 0  0 0  0 0
   123  0.1645647271028943E-04   4   2 2  0 0  0 0  0 0
   124  0.4140488178517344E-03   4   1 3  0 0  0 0  0 0
   125  -.3036441932238834E-03   4   0 4  0 0  0 0  0 0
   126  0.1266280105068104E-04   4   3 0  1 0  0 0  0 0
   127  -.7750449986141944E-05   4   2 1  1 0  0 0  0 0
   128  0.8421021312794062E-05   4   1 2  1 0  0 0  0 0
   129  -.5292221515354229E-05   4   0 3  1 0  0 0  0 0
   130  0.1026009522259930E-02   4   2 0  2 0  0 0  0 0
   131  0.1313281279190610E-03   4   1 1  2 0  0 0  0 0
   132  0.3282350761893814E-03   4   0 2  2 0  0 0  0 0
   133  0.4934681278655936E-04   4   1 0  3 0  0 0  0 0
   134  -.7911041168679755E-05   4   0 1  3 0  0 0  0 0
   135  0.1631231464127452E-07   4   0 0  4 0  0 0  0 0
   136  0.1078029198535119E-04   4   3 0  0 1  0 0  0 0
   137  -.1101516389983372E-04   4   2 1  0 1  0 0  0 0
   138  0.1049664335560573E-04   4   1 2  0 1  0 0  0 0
   139  -.9021712363384356E-05   4   0 3  0 1  0 0  0 0
   140  0.6720282391920495E-03   4   2 0  1 1  0 0  0 0
   141  -.5461620374648304E-03   4   1 1  1 1  0 0  0 0
   142  -.1136684343747987E-03   4   0 2  1 1  0 0  0 0
   143  0.5795171638110445E-04   4   1 0  2 1  0 0  0 0
   144  -.4594421845833530E-04   4   0 1  2 1  0 0  0 0
   145  0.2743218072576398E-07   4   0 0  3 1  0 0  0 0
   146  0.4597562412492587E-03   4   2 0  0 2  0 0  0 0
   147  0.4426058080745000E-03   4   1 1  0 2  0 0  0 0
   148  -.4022839264348911E-03   4   0 2  0 2  0 0  0 0
   149  0.3835712090238398E-04   4   1 0  1 2  0 0  0 0
   150  -.1433032090041529E-04   4   0 1  1 2  0 0  0 0
   151  0.1311115919743984E-03   4   0 0  2 2  0 0  0 0
   152  0.1334212469789778E-04   4   1 0  0 3  0 0  0 0
   153  -.1006855032265410E-04   4   0 1  0 3  0 0  0 0
   154  0.6462593276263531E-05   4   0 0  1 3  0 0  0 0
   155  -.7404535380271633E-04   4   0 0  0 4  0 0  0 0
   156  -.2193329880797993E-01   4   3 0  0 0  0 1  0 0
   157  0.1653726079839951       4   2 1  0 0  0 1  0 0
   158  0.3200977845943452       4   1 2  0 0  0 1  0 0
   159  -.1922948420741218       4   0 3  0 0  0 1  0 0
   160  -.1620278271471204E-03   4   2 0  1 0  0 1  0 0
   161  -.3091025497605209E-03   4   1 1  1 0  0 1  0 0
   162  0.1895886489466173E-03   4   0 2  1 0  0 1  0 0
   163  0.1287478200715772       4   1 0  2 0  0 1  0 0
   164  0.4165293487262267       4   0 1  2 0  0 1  0 0
   165  0.1011896425547473E-03   4   0 0  3 0  0 1  0 0
   166  0.1651804185223704E-03   4   2 0  0 1  0 1  0 0
   167  0.5704407248531863E-04   4   1 1  0 1  0 1  0 0
   168  0.5718071562408411E-04   4   0 2  0 1  0 1  0 0
   169  0.1417287993724584       4   1 0  1 1  0 1  0 0
   170  0.4063738938528538E-01   4   0 1  1 1  0 1  0 0
   171  0.5043258771023566E-03   4   0 0  2 1  0 1  0 0
   172  0.2076885928256189       4   1 0  0 2  0 1  0 0
   173  -.2091377779871274       4   0 1  0 2  0 1  0 0
   174  0.3046021095418010E-03   4   0 0  1 2  0 1  0 0
   175  0.5317949311609216E-04   4   0 0  0 3  0 1  0 0
   176  -.2186005104118368E-01   4   3 0  0 0  0 0  1 0
   177  0.1648203347336224       4   2 1  0 0  0 0  1 0
   178  0.3190287959263290       4   1 2  0 0  0 0  1 0
   179  -.1916526601628800       4   0 3  0 0  0 0  1 0
   180  -.1614867240234515E-03   4   2 0  1 0  0 0  1 0
   181  -.3080702804389212E-03   4   1 1  1 0  0 0  1 0
   182  0.1889555045543023E-03   4   0 2  1 0  0 0  1 0
   183  0.1283178578309369       4   1 0  2 0  0 0  1 0
   184  0.4151383201870927       4   0 1  2 0  0 0  1 0
   185  0.1008517127519883E-03   4   0 0  3 0  0 0  1 0
   186  0.1646287871019832E-03   4   2 0  0 1  0 0  1 0
   187  0.5685356986393502E-04   4   1 1  0 1  0 0  1 0
   188  0.5698975667349713E-04   4   0 2  0 1  0 0  1 0
   189  0.1412554862545543       4   1 0  1 1  0 0  1 0
   190  0.4050167801569379E-01   4   0 1  1 1  0 0  1 0
   191  0.5026416459906271E-03   4   0 0  2 1  0 0  1 0
   192  0.2069950024201488       4   1 0  0 2  0 0  1 0
   193  -.2084393479276829       4   0 1  0 2  0 0  1 0
   194  0.3035848697512585E-03   4   0 0  1 2  0 0  1 0
   195  0.5300189652452557E-04   4   0 0  0 3  0 0  1 0
   196  0.4379334984916412E-01   4   3 0  0 0  0 0  0 1
   197  -.9413159245128541E-01   4   2 1  0 0  0 0  0 1
   198  -.1827249040218314       4   1 2  0 0  0 0  0 1
   199  -.3165539348674667E-01   4   0 3  0 0  0 0  0 1
   200  0.3235145511705716E-03   4   2 0  1 0  0 0  0 1
   201  0.4065659502463472E-03   4   1 1  1 0  0 0  0 1
   202  -.1088487335298835E-03   4   0 2  1 0  0 0  0 1
   203  -.2570656779025129       4   1 0  2 0  0 0  0 1
   204  -.4223235761790639       4   0 1  2 0  0 0  0 1
   205  -.2020413553067349E-03   4   0 0  3 0  0 0  0 1
   206  -.1197406097899438E-03   4   2 0  0 1  0 0  0 1
   207  -.4572667266974994E-05   4   1 1  0 1  0 0  0 1
   208  -.2473074488185463E-04   4   0 2  0 1  0 0  0 1
   209  -.1877819180655076       4   1 0  1 1  0 0  0 1
   210  -.4084217637746467E-01   4   0 1  1 1  0 0  0 1
   211  -.5712725487671928E-03   4   0 0  2 1  0 0  0 1
   212  -.1378085142561300       4   1 0  0 2  0 0  0 1
   213  -.2650012045797651E-01   4   0 1  0 2  0 0  0 1
   214  -.2240045202035787E-03   4   0 0  1 2  0 0  0 1
   215  -.2801162923319270E-04   4   0 0  0 3  0 0  0 1
   216  0.1770041175601318E-03   4   2 0  0 0  0 2  0 0
   217  0.4547076018898904E-03   4   1 1  0 0  0 2  0 0
   218  -.4746169600114805E-03   4   0 2  0 0  0 2  0 0
   219  0.9419998801695532E-05   4   1 0  1 0  0 2  0 0
   220  -.1561270264951528E-05   4   0 1  1 0  0 2  0 0
   221  0.1663028154532320E-03   4   0 0  2 0  0 2  0 0
   222  0.1083009570246482E-04   4   1 0  0 1  0 2  0 0
   223  -.1102034752723142E-04   4   0 1  0 1  0 2  0 0
   224  0.1465726872824046E-04   4   0 0  1 1  0 2  0 0
   225  -.1817805011668977E-03   4   0 0  0 2  0 2  0 0
   226  0.1112748347944724E-03   4   2 0  0 0  0 1  1 0
   227  0.5391184428868107E-03   4   1 1  0 0  0 1  1 0
   228  -.5443671504222937E-03   4   0 2  0 0  0 1  1 0
   229  0.7921202953634627E-05   4   1 0  1 0  0 1  1 0
   230  -.1086435145876863E-05   4   0 1  1 0  0 1  1 0
   231  0.2010384586829714E-03   4   0 0  2 0  0 1  1 0
   232  0.1296178184180112E-04   4   1 0  0 1  0 1  1 0
   233  -.1274400421196255E-04   4   0 1  0 1  0 1  1 0
   234  0.2278682808946404E-04   4   0 0  1 1  0 1  1 0
   235  -.2113466193771926E-03   4   0 0  0 2  0 1  1 0
   236  0.1762271950803515E-03   4   2 0  0 0  0 0  2 0
   237  0.4522888627919474E-03   4   1 1  0 0  0 0  2 0
   238  -.4721229680257725E-03   4   0 2  0 0  0 0  2 0
   239  0.9375313362566006E-05   4   1 0  1 0  0 0  2 0
   240  -.1554242182412640E-05   4   0 1  1 0  0 0  2 0
   241  0.1654117447992322E-03   4   0 0  2 0  0 0  2 0
   242  0.1077228446657637E-04   4   1 0  0 1  0 0  2 0
   243  -.1096226457395002E-04   4   0 1  0 1  0 0  2 0
   244  0.1457027067321297E-04   4   0 0  1 1  0 0  2 0
   245  -.1808205293046371E-03   4   0 0  0 2  0 0  2 0
   246  -.1161796450779415E-03   4   2 0  0 0  0 1  0 1
   247  -.2990136498303403E-03   4   1 1  0 0  0 1  0 1
   248  -.8909309788763463E-04   4   0 2  0 0  0 1  0 1
   249  -.1306206108902432E-04   4   1 0  1 0  0 1  0 1
   250  0.1224417939206151E-05   4   0 1  1 0  0 1  0 1
   251  -.1354993263759582E-03   4   0 0  2 0  0 1  0 1
   252  -.8517823488671406E-05   4   1 0  0 1  0 1  0 1
   253  -.1757405748379834E-05   4   0 1  0 1  0 1  0 1
   254  -.1311308199318903E-04   4   0 0  1 1  0 1  0 1
   255  -.1509101512171777E-04   4   0 0  0 2  0 1  0 1
   256  -.1157916551260589E-03   4   2 0  0 0  0 0  1 1
   257  -.2980150730871248E-03   4   1 1  0 0  0 0  1 1
   258  -.8879556533157213E-04   4   0 2  0 0  0 0  1 1
   259  -.1301843943352678E-04   4   1 0  1 0  0 0  1 1
   260  0.1220328910900052E-05   4   0 1  1 0  0 0  1 1
   261  -.1350468170135355E-03   4   0 0  2 0  0 0  1 1
   262  -.8489377628613078E-05   4   1 0  0 1  0 0  1 1
   263  -.1751536770459524E-05   4   0 1  0 1  0 0  1 1
   264  -.1306928994985687E-04   4   0 0  1 1  0 0  1 1
   265  -.1504061763404251E-04   4   0 0  0 2  0 0  1 1
   266  -.8132434989572880E-04   4   2 0  0 0  0 0  0 2
   267  -.2727932147822486E-04   4   1 1  0 0  0 0  0 2
   268  -.1913373151259571E-05   4   0 2  0 0  0 0  0 2
   269  0.1223011278812682E-05   4   1 0  1 0  0 0  0 2
   270  0.3257537993058605E-06   4   0 1  1 0  0 0  0 2
   271  0.1917374864573760E-08   4   0 0  2 0  0 0  0 2
   272  -.9261848655291547E-07   4   1 0  0 1  0 0  0 2
   273  0.1299428539008534E-07   4   0 1  0 1  0 0  0 2
   274  0.5302268211909089E-09   4   0 0  1 1  0 0  0 2
   275  -.3708811856732713E-07   4   0 0  0 2  0 0  0 2
   276  0.4035595303338622E-01   4   1 0  0 0  0 3  0 0
   277  -.9465376073193132E-01   4   0 1  0 0  0 3  0 0
   278  0.3381933842834738E-04   4   0 0  1 0  0 3  0 0
   279  0.1091338573156531E-04   4   0 0  0 1  0 3  0 0
   280  0.2303024483896230E-01   4   1 0  0 0  0 2  1 0
   281  -.5140184235728113E-01   4   0 1  0 0  0 2  1 0
   282  0.2033434830792814E-04   4   0 0  1 0  0 2  1 0
   283  0.1090770994332618E-04   4   0 0  0 1  0 2  1 0
   284  0.2311636032027941E-01   4   1 0  0 0  0 1  2 0
   285  -.5161692304139522E-01   4   0 1  0 0  0 1  2 0
   286  0.2040133362580896E-04   4   0 0  1 0  0 1  2 0
   287  0.1090755580442543E-04   4   0 0  0 1  0 1  2 0
   288  0.4011546942277362E-01   4   1 0  0 0  0 0  3 0
   289  -.9409406496709184E-01   4   0 1  0 0  0 0  3 0
   290  0.3361608544329426E-04   4   0 0  1 0  0 0  3 0
   291  0.1084056422610387E-04   4   0 0  0 1  0 0  3 0
   292  -.4603097660000398E-01   4   1 0  0 0  0 2  0 1
   293  -.1358607720876865E-01   4   0 1  0 0  0 2  0 1
   294  -.4064333367606430E-04   4   0 0  1 0  0 2  0 1
   295  -.1091297641825817E-04   4   0 0  0 1  0 2  0 1
   296  -.2877435217869672E-01   4   1 0  0 0  0 1  1 1
   297  -.1349930190069517E-01   4   0 1  0 0  0 1  1 1
   298  -.2721220184893741E-04   4   0 0  1 0  0 1  1 1
   299  -.1091342741215694E-04   4   0 0  0 1  0 1  1 1
   300  -.4582920600465536E-01   4   1 0  0 0  0 0  2 1
   301  -.1351816463953457E-01   4   0 1  0 0  0 0  2 1
   302  -.4046216394102384E-04   4   0 0  1 0  0 0  2 1
   303  -.1085830870706478E-04   4   0 0  0 1  0 0  2 1
   304  -.2984884318280442E-02   4   1 0  0 0  0 1  0 2
   305  -.1742757543732722E-03   4   0 1  0 0  0 1  0 2
   306  0.8299693187645641E-07   4   0 0  1 0  0 1  0 2
   307  -.5049549210985757E-09   4   0 0  0 1  0 1  0 2
   308  -.2974916090866352E-02   4   1 0  0 0  0 0  1 2
   309  -.1736937484503935E-03   4   0 1  0 0  0 0  1 2
   310  0.8271975788798874E-07   4   0 0  1 0  0 0  1 2
   311  -.5032685892497532E-09   4   0 0  0 1  0 0  1 2
   312  -.2350504442712834E-04   4   1 0  0 0  0 0  0 3
   313  0.8794093568852093E-07   4   0 1  0 0  0 0  0 3
   314  -.1847161250196615E-07   4   0 0  1 0  0 0  0 3
   315  0.8166782276741028E-10   4   0 0  0 1  0 0  0 3
   316  -.5434516165617188E-04   4   0 0  0 0  0 4  0 0
   317  -.2732658238854553E-04   4   0 0  0 0  0 3  1 0
   318  -.2375945603221896E-04   4   0 0  0 0  0 2  2 0
   319  -.2751759130215176E-04   4   0 0  0 0  0 1  3 0
   320  -.5393707612284841E-04   4   0 0  0 0  0 0  4 0
   321  -.5999953419972031E-05   4   0 0  0 0  0 3  0 1
   322  -.7027932075267233E-05   4   0 0  0 0  0 2  1 1
   323  -.7022682192933466E-05   4   0 0  0 0  0 1  2 1
   324  -.5958201701124076E-05   4   0 0  0 0  0 0  3 1
   325  -.6515929739800276E-07   4   0 0  0 0  0 2  0 2
   326  -.9294808014816240E-07   4   0 0  0 0  0 1  1 2
   327  -.6478649015448662E-07   4   0 0  0 0  0 0  2 2
   328  0.2815759093340022E-10   4   0 0  0 0  0 1  0 3
   329  0.2806355671299915E-10   4   0 0  0 0  0 0  1 3
   330  -.3365689819778100E-15   4   0 0  0 0  0 0  0 4
   ----------------------------------------------------
     I  COEFFICIENT            ORDER EXPONENTS
     1  -.9601516231539247E-04   0   0 0  0 0  0 0  0 0
     2  -.7601713700987403       1   1 0  0 0  0 0  0 0
     3  0.8643363482671960       1   0 1  0 0  0 0  0 0
     4  -.6236516452396313E-03   1   0 0  1 0  0 0  0 0
     5  -.1079898489635255E-03   1   0 0  0 1  0 0  0 0
     6  -.1208996948959644E-05   1   0 0  0 0  0 1  0 0
     7  -.1204959420116002E-05   1   0 0  0 0  0 0  1 0
     8  -.9360120594631680E-04   1   0 0  0 0  0 0  0 1
     9  -.5992965792890138E-04   2   2 0  0 0  0 0  0 0
    10  -.5345149368422008E-03   2   1 1  0 0  0 0  0 0
    11  -.4843284022890372E-04   2   0 2  0 0  0 0  0 0
    12  -.3445247484599261E-04   2   1 0  1 0  0 0  0 0
    13  -.2243051883243998E-04   2   0 1  1 0  0 0  0 0
    14  0.9924484992203981E-04   2   0 0  2 0  0 0  0 0
    15  -.2262071038046792E-04   2   1 0  0 1  0 0  0 0
    16  -.7713094633876936E-05   2   0 1  0 1  0 0  0 0
    17  0.4679183418696540E-03   2   0 0  1 1  0 0  0 0
    18  0.3477421005922379E-04   2   0 0  0 2  0 0  0 0
    19  -.1985887866400420E-01   2   1 0  0 0  0 1  0 0
    20  0.6642336867809173E-01   2   0 1  0 0  0 1  0 0
    21  0.5333949369796716E-06   2   0 0  1 0  0 1  0 0
    22  0.5411060974180561E-04   2   0 0  0 1  0 1  0 0
    23  -.1979255856660574E-01   2   1 0  0 0  0 0  1 0
    24  0.6620154324903316E-01   2   0 1  0 0  0 0  1 0
    25  0.5316136277340037E-06   2   0 0  1 0  0 0  1 0
    26  0.5392990362193439E-04   2   0 0  0 1  0 0  1 0
    27  -.7205199328681308       2   1 0  0 0  0 0  0 1
    28  -.1326249119271247       2   0 1  0 0  0 0  0 1
    29  -.6247166538043449E-03   2   0 0  1 0  0 0  0 1
    30  -.1080405133637400E-03   2   0 0  0 1  0 0  0 1
    31  0.9025123976434799E-06   2   0 0  0 0  0 2  0 0
    32  0.5980586901644512E-06   2   0 0  0 0  0 1  1 0
    33  0.8984997659487684E-06   2   0 0  0 0  0 0  2 0
    34  -.2403074099242767E-05   2   0 0  0 0  0 1  0 1
    35  -.2395048867253826E-05   2   0 0  0 0  0 0  1 1
    36  0.2399056723376710E-05   2   0 0  0 0  0 0  0 2
    37  -.3965022825020011       3   3 0  0 0  0 0  0 0
    38  -.3602256898317510       3   2 1  0 0  0 0  0 0
    39  0.2980960861319981       3   1 2  0 0  0 0  0 0
    40  -.7522311520104191E-02   3   0 3  0 0  0 0  0 0
    41  0.1412347154830399E-02   3   2 0  1 0  0 0  0 0
    42  0.5209533380934708E-03   3   1 1  1 0  0 0  0 0
    43  0.5838470284126205E-04   3   0 2  1 0  0 0  0 0
    44  -1.692272555262115       3   1 0  2 0  0 0  0 0
    45  -.1679819164364579       3   0 1  2 0  0 0  0 0
    46  -.3945562856423207E-03   3   0 0  3 0  0 0  0 0
    47  0.2145376503058773E-03   3   2 0  0 1  0 0  0 0
    48  0.7244984411041302E-03   3   1 1  0 1  0 0  0 0
    49  0.6663591749474386E-04   3   0 2  0 1  0 0  0 0
    50  -.8522176248642525       3   1 0  1 1  0 0  0 0
    51  -.2151282130366898       3   0 1  1 1  0 0  0 0
    52  -.1957489689900377E-03   3   0 0  2 1  0 0  0 0
    53  -.4302404905997528       3   1 0  0 2  0 0  0 0
    54  -.1573654289367860       3   0 1  0 2  0 0  0 0
    55  -.4443129454100340E-04   3   0 0  1 2  0 0  0 0
    56  -.5772447760774357E-04   3   0 0  0 3  0 0  0 0
    57  0.1594813504158783E-04   3   2 0  0 0  0 1  0 0
    58  0.2723515091126527E-03   3   1 1  0 0  0 1  0 0
    59  0.5229230324245175E-04   3   0 2  0 0  0 1  0 0
    60  0.1758381965710060E-04   3   1 0  1 0  0 1  0 0
    61  0.1428325271072800E-04   3   0 1  1 0  0 1  0 0
    62  -.4248767970243071E-04   3   0 0  2 0  0 1  0 0
    63  0.1392820571065084E-04   3   1 0  0 1  0 1  0 0
    64  0.8685832004542895E-05   3   0 1  0 1  0 1  0 0
    65  -.2110847114155103E-03   3   0 0  1 1  0 1  0 0
    66  -.3246807310478723E-04   3   0 0  0 2  0 1  0 0
    67  0.1589487514272028E-04   3   2 0  0 0  0 0  1 0
    68  0.2714419724305187E-03   3   1 1  0 0  0 0  1 0
    69  0.5211766948276546E-04   3   0 2  0 0  0 0  1 0
    70  0.1752509727644528E-04   3   1 0  1 0  0 0  1 0
    71  0.1423555280143454E-04   3   0 1  1 0  0 0  1 0
    72  -.4234578916048384E-04   3   0 0  2 0  0 0  1 0
    73  0.1388169150534528E-04   3   1 0  0 1  0 0  1 0
    74  0.8656825068437658E-05   3   0 1  0 1  0 0  1 0
    75  -.2103797794373634E-03   3   0 0  1 1  0 0  1 0
    76  -.3235964373135311E-04   3   0 0  0 2  0 0  1 0
    77  -.9177266811320947E-04   3   2 0  0 0  0 0  0 1
    78  -.5437934815431715E-03   3   1 1  0 0  0 0  0 1
    79  -.5597713249631302E-04   3   0 2  0 0  0 0  0 1
    80  -.6956139177953845E-04   3   1 0  1 0  0 0  0 1
    81  -.2851880551216253E-04   3   0 1  1 0  0 0  0 1
    82  0.1840783187849527E-03   3   0 0  2 0  0 0  0 1
    83  -.2780989721599614E-04   3   1 0  0 1  0 0  0 1
    84  -.9629562439103636E-05   3   0 1  0 1  0 0  0 1
    85  0.4214644908528746E-03   3   0 0  1 1  0 0  0 1
    86  0.3005350677691597E-04   3   0 0  0 2  0 0  0 1
    87  0.1471843988251427E-01   3   1 0  0 0  0 2  0 0
    88  -.4903359586819896E-01   3   0 1  0 0  0 2  0 0
    89  -.5262739675720171E-06   3   0 0  1 0  0 2  0 0
    90  -.4056441568968870E-04   3   0 0  0 1  0 2  0 0
    91  0.9612211475741867E-02   3   1 0  0 0  0 1  1 0
    92  -.3175924525253405E-01   3   0 1  0 0  0 1  1 0
    93  -.5251105408566713E-06   3   0 0  1 0  0 1  1 0
    94  -.2711592179508868E-04   3   0 0  0 1  0 1  1 0
    95  0.1465323631341502E-01   3   1 0  0 0  0 0  2 0
    96  -.4881681369001864E-01   3   0 1  0 0  0 0  2 0
    97  -.5236396178295658E-06   3   0 0  1 0  0 0  2 0
    98  -.4038367027362425E-04   3   0 0  0 1  0 0  2 0
    99  -.3904929414671083E-01   3   1 0  0 0  0 1  0 1
   100  0.6340311526443913E-01   3   0 1  0 0  0 1  0 1
   101  0.1587886408668715E-05   3   0 0  1 0  0 1  0 1
   102  0.5415640693172749E-04   3   0 0  0 1  0 1  0 1
   103  -.3891888633089379E-01   3   1 0  0 0  0 0  1 1
   104  0.6319137618033248E-01   3   0 1  0 0  0 0  1 1
   105  0.1582583552295896E-05   3   0 0  1 0  0 0  1 1
   106  0.5397554786897637E-04   3   0 0  0 1  0 0  1 1
   107  0.3898417068003605E-01   3   1 0  0 0  0 0  0 2
   108  0.3015186784408598E-02   3   0 1  0 0  0 0  0 2
   109  -.1592583745840058E-05   3   0 0  1 0  0 0  0 2
   110  -.5446184530619060E-07   3   0 0  0 1  0 0  0 2
   111  -.7484977948842727E-06   3   0 0  0 0  0 3  0 0
   112  -.4409995422145321E-06   3   0 0  0 0  0 2  1 0
   113  -.4425273879838383E-06   3   0 0  0 0  0 1  2 0
   114  -.7440144035828780E-06   3   0 0  0 0  0 0  3 0
   115  0.1783995825691646E-05   3   0 0  0 0  0 2  0 1
   116  0.1169025660554862E-05   3   0 0  0 0  0 1  1 1
   117  0.1776086027336104E-05   3   0 0  0 0  0 0  2 1
   118  -.1166979223000730E-05   3   0 0  0 0  0 1  0 2
   119  -.1163082015255989E-05   3   0 0  0 0  0 0  1 2
   120  -.2299849503979464E-07   3   0 0  0 0  0 0  0 3
   121  0.2197969773457902E-03   4   4 0  0 0  0 0  0 0
   122  -.9276380768152553E-03   4   3 1  0 0  0 0  0 0
   123  -.4832971114915819E-03   4   2 2  0 0  0 0  0 0
   124  -.2319736449644631E-03   4   1 3  0 0  0 0  0 0
   125  -.2145559753986252E-04   4   0 4  0 0  0 0  0 0
   126  0.2517802269604234E-06   4   3 0  1 0  0 0  0 0
   127  -.2195979009959683E-04   4   2 1  1 0  0 0  0 0
   128  -.5662718255818038E-05   4   1 2  1 0  0 0  0 0
   129  0.3307167666177694E-06   4   0 3  1 0  0 0  0 0
   130  0.1161670785338056E-03   4   2 0  2 0  0 0  0 0
   131  -.2558082134107262E-02   4   1 1  2 0  0 0  0 0
   132  0.2416048184627074E-03   4   0 2  2 0  0 0  0 0
   133  0.5976511621822501E-06   4   1 0  3 0  0 0  0 0
   134  -.3579988773402847E-04   4   0 1  3 0  0 0  0 0
   135  -.3258078279659572E-03   4   0 0  4 0  0 0  0 0
   136  0.1029964766378524E-05   4   3 0  0 1  0 0  0 0
   137  0.8666727356904248E-06   4   2 1  0 1  0 0  0 0
   138  0.9369418032734897E-05   4   1 2  0 1  0 0  0 0
   139  0.3193791058471574E-05   4   0 3  0 1  0 0  0 0
   140  -.2655577012755529E-02   4   2 0  1 1  0 0  0 0
   141  -.2272197061184439E-02   4   1 1  1 1  0 0  0 0
   142  0.5108081035436398E-03   4   0 2  1 1  0 0  0 0
   143  -.7194707249112035E-04   4   1 0  2 1  0 0  0 0
   144  -.2515541067356523E-04   4   0 1  2 1  0 0  0 0
   145  -.5569877782529856E-03   4   0 0  3 1  0 0  0 0
   146  -.1437136392507988E-03   4   2 0  0 2  0 0  0 0
   147  -.1422521103143627E-02   4   1 1  0 2  0 0  0 0
   148  0.7655028553974120E-04   4   0 2  0 2  0 0  0 0
   149  -.9535212832740416E-05   4   1 0  1 2  0 0  0 0
   150  -.1915085408256518E-04   4   0 1  1 2  0 0  0 0
   151  -.1668766059709789E-03   4   0 0  2 2  0 0  0 0
   152  0.8323818060231494E-05   4   1 0  0 3  0 0  0 0
   153  0.3174048919152951E-05   4   0 1  0 3  0 0  0 0
   154  0.7704095931546269E-04   4   0 0  1 3  0 0  0 0
   155  0.1106893423355321E-03   4   0 0  0 4  0 0  0 0
   156  0.1404440591444374       4   3 0  0 0  0 1  0 0
   157  0.3270388702183018       4   2 1  0 0  0 1  0 0
   158  -.2539536660397730       4   1 2  0 0  0 1  0 0
   159  0.1471222597739175E-01   4   0 3  0 0  0 1  0 0
   160  -.7892300988102726E-03   4   2 0  1 0  0 1  0 0
   161  -.5672237219881342E-03   4   1 1  1 0  0 1  0 0
   162  -.9329979930663352E-04   4   0 2  1 0  0 1  0 0
   163  0.9012597733899055       4   1 0  2 0  0 1  0 0
   164  0.1964051384499881       4   0 1  2 0  0 1  0 0
   165  0.1851192769732044E-03   4   0 0  3 0  0 1  0 0
   166  -.2145616976197182E-03   4   2 0  0 1  0 1  0 0
   167  -.7799814794856311E-03   4   1 1  0 1  0 1  0 0
   168  -.1069282902938533E-03   4   0 2  0 1  0 1  0 0
   169  0.8443701501093359       4   1 0  1 1  0 1  0 0
   170  0.3293743478794836       4   0 1  1 1  0 1  0 0
   171  0.1853823300551971E-03   4   0 0  2 1  0 1  0 0
   172  0.4438950160083016       4   1 0  0 2  0 1  0 0
   173  0.2459634353521346       4   0 1  0 2  0 1  0 0
   174  0.6514383863248484E-04   4   0 0  1 2  0 1  0 0
   175  0.8851153815576264E-04   4   0 0  0 3  0 1  0 0
   176  0.1399750365052903       4   3 0  0 0  0 0  1 0
   177  0.3259467013152688       4   2 1  0 0  0 0  1 0
   178  -.2531055702257339       4   1 2  0 0  0 0  1 0
   179  0.1466309348223494E-01   4   0 3  0 0  0 0  1 0
   180  -.7865944103653975E-03   4   2 0  1 0  0 0  1 0
   181  -.5653294391776374E-03   4   1 1  1 0  0 0  1 0
   182  -.9298821818053000E-04   4   0 2  1 0  0 0  1 0
   183  0.8982499541063595       4   1 0  2 0  0 0  1 0
   184  0.1957492299200077       4   0 1  2 0  0 0  1 0
   185  0.1845010583573949E-03   4   0 0  3 0  0 0  1 0
   186  -.2138451540059081E-03   4   2 0  0 1  0 0  1 0
   187  -.7773766774440010E-03   4   1 1  0 1  0 0  1 0
   188  -.1065711958804722E-03   4   0 2  0 1  0 0  1 0
   189  0.8415503176533828       4   1 0  1 1  0 0  1 0
   190  0.3282743794874352       4   0 1  1 1  0 0  1 0
   191  0.1847632329554451E-03   4   0 0  2 1  0 0  1 0
   192  0.4424125979325159       4   1 0  0 2  0 0  1 0
   193  0.2451420234655416       4   0 1  0 2  0 0  1 0
   194  0.6492628628242009E-04   4   0 0  1 2  0 0  1 0
   195  0.8821594775860580E-04   4   0 0  0 3  0 0  1 0
   196  -.6769213781517296       4   3 0  0 0  0 0  0 1
   197  -.6529855715335705       4   2 1  0 0  0 0  0 1
   198  0.2089631501335084       4   1 2  0 0  0 0  0 1
   199  -.1433069641941759E-01   4   0 3  0 0  0 0  0 1
   200  0.2988171664006067E-02   4   2 0  1 0  0 0  0 1
   201  0.1132553161165773E-02   4   1 1  1 0  0 0  0 1
   202  0.1279033146459013E-03   4   0 2  1 0  0 0  0 1
   203  -3.491782282758380       4   1 0  2 0  0 0  0 1
   204  -.3921543683699985       4   0 1  2 0  0 0  0 1
   205  -.7641766209729191E-03   4   0 0  3 0  0 0  0 1
   206  0.4284068516256271E-03   4   2 0  0 1  0 0  0 1
   207  0.8328597158255000E-03   4   1 1  0 1  0 0  0 1
   208  0.8022765118483835E-04   4   0 2  0 1  0 0  0 1
   209  -1.685920467762719       4   1 0  1 1  0 0  0 1
   210  -.4425205143302270       4   0 1  1 1  0 0  0 1
   211  -.3701455630107988E-03   4   0 0  2 1  0 0  0 1
   212  -.4560671233410654       4   1 0  0 2  0 0  0 1
   213  -.1763746009441046       4   0 1  0 2  0 0  0 1
   214  -.8563883037390101E-04   4   0 0  1 2  0 0  0 1
   215  -.6127853069888159E-04   4   0 0  0 3  0 0  0 1
   216  0.1912531567293911E-03   4   2 0  0 0  0 2  0 0
   217  -.4826378095725796E-03   4   1 1  0 0  0 2  0 0
   218  -.1593292130203382E-04   4   0 2  0 0  0 2  0 0
   219  0.1082420421248301E-04   4   1 0  1 0  0 2  0 0
   220  -.1671494502576940E-05   4   0 1  1 0  0 2  0 0
   221  0.1762536517105711E-03   4   0 0  2 0  0 2  0 0
   222  0.1094100065727677E-04   4   1 0  0 1  0 2  0 0
   223  0.5762114818525010E-05   4   0 1  0 1  0 2  0 0
   224  0.4240046282641415E-03   4   0 0  1 1  0 2  0 0
   225  0.2393296839692472E-03   4   0 0  0 2  0 2  0 0
   226  0.1839743122955720E-03   4   2 0  0 0  0 1  1 0
   227  -.3761286310191894E-03   4   1 1  0 0  0 1  1 0
   228  -.4869004830125655E-05   4   0 2  0 0  0 1  1 0
   229  0.1289505457135970E-04   4   1 0  1 0  0 1  1 0
   230  0.2176491983630708E-05   4   0 1  1 0  0 1  1 0
   231  0.1734120609736970E-03   4   0 0  2 0  0 1  1 0
   232  0.1347821407439409E-04   4   1 0  0 1  0 1  1 0
   233  0.8387397351569021E-05   4   0 1  0 1  0 1  1 0
   234  0.4158627097914836E-03   4   0 0  1 1  0 1  1 0
   235  0.2830151316614306E-03   4   0 0  0 2  0 1  1 0
   236  0.1903072561347506E-03   4   2 0  0 0  0 0  2 0
   237  -.4803979534853668E-03   4   1 1  0 0  0 0  2 0
   238  -.1587158202147925E-04   4   0 2  0 0  0 0  2 0
   239  0.1076652407179738E-04   4   1 0  1 0  0 0  2 0
   240  -.1669546703877135E-05   4   0 1  1 0  0 0  2 0
   241  0.1753754796833252E-03   4   0 0  2 0  0 0  2 0
   242  0.1088195671606783E-04   4   1 0  0 1  0 0  2 0
   243  0.5728866691488486E-05   4   0 1  0 1  0 0  2 0
   244  0.4218942343863289E-03   4   0 0  1 1  0 0  2 0
   245  0.2380578516605342E-03   4   0 0  0 2  0 0  2 0
   246  -.3570049420230623E-03   4   2 0  0 0  0 1  0 1
   247  0.4261978512194541E-03   4   1 1  0 0  0 1  0 1
   248  0.1086178762427809E-04   4   0 2  0 0  0 1  0 1
   249  -.1722238678157654E-04   4   1 0  1 0  0 1  0 1
   250  0.2400078456859696E-05   4   0 1  1 0  0 1  0 1
   251  -.4001109176683967E-03   4   0 0  2 0  0 1  0 1
   252  -.8879393001637692E-05   4   1 0  0 1  0 1  0 1
   253  -.3507414019176689E-05   4   0 1  0 1  0 1  0 1
   254  -.6206964841387674E-03   4   0 0  1 1  0 1  0 1
   255  -.2134238779285705E-03   4   0 0  0 2  0 1  0 1
   256  -.3558126993528043E-03   4   2 0  0 0  0 0  1 1
   257  0.4247745340482224E-03   4   1 1  0 0  0 0  1 1
   258  0.1082551393403851E-04   4   0 2  0 0  0 0  1 1
   259  -.1716487143098131E-04   4   1 0  1 0  0 0  1 1
   260  0.2392063229025519E-05   4   0 1  1 0  0 0  1 1
   261  -.3987747196141711E-03   4   0 0  2 0  0 0  1 1
   262  -.8849739655209061E-05   4   1 0  0 1  0 0  1 1
   263  -.3495700767723565E-05   4   0 1  0 1  0 0  1 1
   264  -.6186236253445004E-03   4   0 0  1 1  0 0  1 1
   265  -.2127111341422341E-03   4   0 0  0 2  0 0  1 1
   266  0.1472829756795635E-03   4   2 0  0 0  0 0  0 2
   267  0.1062936452313280E-03   4   1 1  0 0  0 0  0 2
   268  0.6336884247770956E-05   4   0 2  0 0  0 0  0 2
   269  -.9852456569752666E-07   4   1 0  1 0  0 0  0 2
   270  0.8032414140373104E-06   4   0 1  1 0  0 0  0 2
   271  0.2738443646439665E-03   4   0 0  2 0  0 0  0 2
   272  -.1426578905544103E-07   4   1 0  0 1  0 0  0 2
   273  -.1351047812939699E-08   4   0 1  0 1  0 0  0 2
   274  0.1153579575271994E-03   4   0 0  1 1  0 0  0 2
   275  0.8074421825064434E-05   4   0 0  0 2  0 0  0 2
   276  -.1215330969313191E-01   4   1 0  0 0  0 3  0 0
   277  0.4035604397222458E-01   4   0 1  0 0  0 3  0 0
   278  0.5316053117488267E-06   4   0 0  1 0  0 3  0 0
   279  0.3381717583144387E-04   4   0 0  0 1  0 3  0 0
   280  -.7031595055254487E-02   4   1 0  0 0  0 2  1 0
   281  0.2303017294788037E-01   4   0 1  0 0  0 2  1 0
   282  0.5371223375482382E-06   4   0 0  1 0  0 2  1 0
   283  0.2033822645670592E-04   4   0 0  0 1  0 2  1 0
   284  -.7057048221390902E-02   4   1 0  0 0  0 1  2 0
   285  0.2311628924334878E-01   4   0 1  0 0  0 1  2 0
   286  0.5370858075459146E-06   4   0 0  1 0  0 1  2 0
   287  0.2040518155047601E-04   4   0 0  0 1  0 1  2 0
   288  -.1208072765527669E-01   4   1 0  0 0  0 0  3 0
   289  0.4011556002571056E-01   4   0 1  0 0  0 0  3 0
   290  0.5280484392553067E-06   4   0 0  1 0  0 0  3 0
   291  0.3361392722545879E-04   4   0 0  0 1  0 0  3 0
   292  0.2877287844589444E-01   4   1 0  0 0  0 2  0 1
   293  -.4603106227196287E-01   4   0 1  0 0  0 2  0 1
   294  -.1596154031160954E-05   4   0 0  1 0  0 2  0 1
   295  -.4063994769862102E-04   4   0 0  0 1  0 2  0 1
   296  0.1856466483967477E-01   4   1 0  0 0  0 1  1 1
   297  -.2877433250467918E-01   4   0 1  0 0  0 1  1 1
   298  -.1604348721642550E-05   4   0 0  1 0  0 1  1 1
   299  -.2721316277218354E-04   4   0 0  0 1  0 1  1 1
   300  0.2864579043987780E-01   4   1 0  0 0  0 0  2 1
   301  -.4582929142335819E-01   4   0 1  0 0  0 0  2 1
   302  -.1588144647789519E-05   4   0 0  1 0  0 0  2 1
   303  -.4045878766671320E-04   4   0 0  0 1  0 0  2 1
   304  -.1853048065994981E-01   4   1 0  0 0  0 1  0 2
   305  -.2984911770070777E-02   4   0 1  0 0  0 1  0 2
   306  0.1597757667738940E-05   4   0 0  1 0  0 1  0 2
   307  0.8223915201956389E-07   4   0 0  0 1  0 1  0 2
   308  -.1846859683946826E-01   4   1 0  0 0  0 0  1 2
   309  -.2974943450979554E-02   4   0 1  0 0  0 0  1 2
   310  0.1592421845614432E-05   4   0 0  1 0  0 0  1 2
   311  0.8196450868929002E-07   4   0 0  0 1  0 0  1 2
   312  -.6616977268744618E-03   4   1 0  0 0  0 0  0 3
   313  -.2350611592105132E-04   4   0 1  0 0  0 0  0 3
   314  -.5325319211014325E-06   4   0 0  1 0  0 0  0 3
   315  -.1842665604075025E-07   4   0 0  0 1  0 0  0 3
   316  0.2290409881858817E-04   4   0 0  0 0  0 4  0 0
   317  0.1226727441449357E-04   4   0 0  0 0  0 3  1 0
   318  0.1086097896631926E-04   4   0 0  0 0  0 2  2 0
   319  0.1234243636252176E-04   4   0 0  0 0  0 1  3 0
   320  0.2273086236661831E-04   4   0 0  0 0  0 0  4 0
   321  -.2512770951050301E-04   4   0 0  0 0  0 3  0 1
   322  -.1355428097538002E-04   4   0 0  0 0  0 2  1 1
   323  -.1361183600819802E-04   4   0 0  0 0  0 1  2 1
   324  -.2497927925003022E-04   4   0 0  0 0  0 0  3 1
   325  -.1198175229071396E-05   4   0 0  0 0  0 2  0 2
   326  -.1427519354956132E-05   4   0 0  0 0  0 1  1 2
   327  -.1191790190350573E-05   4   0 0  0 0  0 0  2 2
   328  -.7540777508696591E-08   4   0 0  0 0  0 1  0 3
   329  -.7515594561194960E-08   4   0 0  0 0  0 0  1 3
   330  0.3266631182900319E-14   4   0 0  0 0  0 0  0 4
   ----------------------------------------------------
     I  COEFFICIENT            ORDER EXPONENTS
     1  0.8260997261516994E-05   0   0 0  0 0  0 0  0 0
     2  -.1080208436106262E-03   1   1 0  0 0  0 0  0 0
     3  -.1090084142979178E-04   1   0 1  0 0  0 0  0 0
     4   1.141835572718269       1   0 0  1 0  0 0  0 0
     5  0.3607133937910328       1   0 0  0 1  0 0  0 0
     6  -.5084771463336579E-06   1   0 0  0 0  0 1  0 0
     7  -.5067790517715072E-06   1   0 0  0 0  0 0  1 0
     8  0.1015256197971593E-05   1   0 0  0 0  0 0  0 1
     9  0.8071238340074955E-05   2   2 0  0 0  0 0  0 0
    10  -.9474934242316367E-06   2   1 1  0 0  0 0  0 0
    11  0.1004597599366194E-05   2   0 2  0 0  0 0  0 0
    12  -.5322339452631764E-03   2   1 0  1 0  0 0  0 0
    13  -.3359105665768055E-05   2   0 1  1 0  0 0  0 0
    14  -.6088192181063920E-05   2   0 0  2 0  0 0  0 0
    15  0.9669782717486632E-04   2   1 0  0 1  0 0  0 0
    16  0.7667712540431717E-05   2   0 1  0 1  0 0  0 0
    17  0.1000353647888309E-04   2   0 0  1 1  0 0  0 0
    18  0.2659691793225459E-05   2   0 0  0 2  0 0  0 0
    19  0.5411266378320108E-04   2   1 0  0 0  0 1  0 0
    20  0.1091669980107747E-04   2   0 1  0 0  0 1  0 0
    21  -.7260585345560427E-01   2   0 0  1 0  0 1  0 0
    22  -.1877846890580119       2   0 0  0 1  0 1  0 0
    23  0.5393195080371670E-04   2   1 0  0 0  0 0  1 0
    24  0.1088024272782931E-04   2   0 1  0 0  0 0  1 0
    25  -.7236338119146775E-01   2   0 0  1 0  0 0  1 0
    26  -.1871575691143849       2   0 0  0 1  0 0  1 0
    27  -.1080446145869176E-03   2   1 0  0 0  0 0  0 1
    28  -.1089610109911508E-04   2   0 1  0 0  0 0  0 1
    29  0.1449692346470720       2   0 0  1 0  0 0  0 1
    30  0.1422886438136414E-01   2   0 0  0 1  0 0  0 1
    31  0.3857121103093995E-06   2   0 0  0 0  0 2  0 0
    32  0.2637643805462764E-06   2   0 0  0 0  0 1  1 0
    33  0.3839835683768958E-06   2   0 0  0 0  0 0  2 0
    34  -.5267231743139049E-06   2   0 0  0 0  0 1  0 1
    35  -.5249641458806524E-06   2   0 0  0 0  0 0  1 1
    36  0.1821633179971064E-07   2   0 0  0 0  0 0  0 2
    37  0.5296810143061320E-04   3   3 0  0 0  0 0  0 0
    38  -.2084802958026249E-03   3   2 1  0 0  0 0  0 0
    39  -.1353282550609466E-03   3   1 2  0 0  0 0  0 0
    40  -.2242237049037618E-04   3   0 3  0 0  0 0  0 0
    41  -.9944247425645070E-01   3   2 0  1 0  0 0  0 0
    42  -.9928401021549089E-01   3   1 1  1 0  0 0  0 0
    43  0.1384170114253074       3   0 2  1 0  0 0  0 0
    44  -.2529543867670681E-03   3   1 0  2 0  0 0  0 0
    45  -.4372849438046957E-03   3   0 1  2 0  0 0  0 0
    46  0.1092186499583382       3   0 0  3 0  0 0  0 0
    47  0.3989354937754499       3   2 0  0 1  0 0  0 0
    48  -.1889579414092728E-01   3   1 1  0 1  0 0  0 0
    49  0.1961153287617079       3   0 2  0 1  0 0  0 0
    50  -.2437601181826005E-03   3   1 0  1 1  0 0  0 0
    51  -.1682050334328708E-03   3   0 1  1 1  0 0  0 0
    52  0.6148392899011580       3   0 0  2 1  0 0  0 0
    53  -.1915943058660488E-03   3   1 0  0 2  0 0  0 0
    54  -.4075668050631977E-04   3   0 1  0 2  0 0  0 0
    55  0.3349519607102203       3   0 0  1 2  0 0  0 0
    56  0.2149651450324671       3   0 0  0 3  0 0  0 0
    57  -.3856429412522776E-05   3   2 0  0 0  0 1  0 0
    58  0.1384404556835852E-05   3   1 1  0 0  0 1  0 0
    59  -.1495676146621006E-05   3   0 2  0 0  0 1  0 0
    60  0.2759380568474718E-03   3   1 0  1 0  0 1  0 0
    61  0.5177586504418548E-05   3   0 1  1 0  0 1  0 0
    62  0.1178730859597701E-05   3   0 0  2 0  0 1  0 0
    63  -.9620718697134097E-04   3   1 0  0 1  0 1  0 0
    64  -.1087608598233284E-04   3   0 1  0 1  0 1  0 0
    65  -.1210155598299332E-04   3   0 0  1 1  0 1  0 0
    66  -.4277804155507221E-05   3   0 0  0 2  0 1  0 0
    67  -.3843550600049219E-05   3   2 0  0 0  0 0  1 0
    68  0.1379781242166295E-05   3   1 1  0 0  0 0  1 0
    69  -.1490681232789325E-05   3   0 2  0 0  0 0  1 0
    70  0.2750165426413734E-03   3   1 0  1 0  0 0  1 0
    71  0.5160295596553446E-05   3   0 1  1 0  0 0  1 0
    72  0.1174794406450575E-05   3   0 0  2 0  0 0  1 0
    73  -.9588589642325305E-04   3   1 0  0 1  0 0  1 0
    74  -.1083976454173783E-04   3   0 1  0 1  0 0  1 0
    75  -.1206114200066112E-04   3   0 0  1 1  0 0  1 0
    76  -.4263518132965618E-05   3   0 0  0 2  0 0  1 0
    77  0.7699980012571969E-05   3   2 0  0 0  0 0  0 1
    78  -.1816692374770483E-05   3   1 1  0 0  0 0  0 1
    79  0.9771621806399088E-06   3   0 2  0 0  0 0  0 1
    80  -.5509545994888441E-03   3   1 0  1 0  0 0  0 1
    81  -.6978776435205049E-05   3   0 1  1 0  0 0  0 1
    82  -.2353525266048281E-05   3   0 0  2 0  0 0  0 1
    83  0.9539525621972822E-04   3   1 0  0 1  0 0  0 1
    84  0.6380425443206246E-05   3   0 1  0 1  0 0  0 1
    85  0.1415916150481801E-04   3   0 0  1 1  0 0  0 1
    86  0.3221938701983849E-05   3   0 0  0 2  0 0  0 1
    87  -.4057470098487652E-04   3   1 0  0 0  0 2  0 0
    88  -.1092816996069542E-04   3   0 1  0 0  0 2  0 0
    89  0.5521616039819436E-01   3   0 0  1 0  0 2  0 0
    90  0.1443583990175063       3   0 0  0 1  0 2  0 0
    91  -.2712742633316845E-04   3   1 0  0 0  0 1  1 0
    92  -.1093005293595719E-04   3   0 1  0 0  0 1  1 0
    93  0.3794188961348124E-01   3   0 0  1 0  0 1  1 0
    94  0.1012201897048957       3   0 0  0 1  0 1  1 0
    95  -.4039390201035121E-04   3   1 0  0 0  0 0  2 0
    96  -.1087342374857462E-04   3   0 1  0 0  0 0  2 0
    97  0.5496840743458837E-01   3   0 0  1 0  0 0  2 0
    98  0.1437072882613628       3   0 0  0 1  0 0  2 0
    99  0.5416648678746890E-04   3   1 0  0 0  0 1  0 1
   100  0.1091648675843754E-04   3   0 1  0 0  0 1  0 1
   101  -.7576861124013470E-01   3   0 0  1 0  0 1  0 1
   102  -.1436811238648088E-01   3   0 0  0 1  0 1  0 1
   103  0.5398559406234307E-04   3   1 0  0 0  0 0  1 1
   104  0.1088003039666017E-04   3   0 1  0 0  0 0  1 1
   105  -.7551557672785401E-01   3   0 0  1 0  0 0  1 1
   106  -.1432012908243713E-01   3   0 0  0 1  0 0  1 1
   107  -.5500318810456476E-07   3   1 0  0 0  0 0  0 2
   108  0.2464058647799032E-09   3   0 1  0 0  0 0  0 2
   109  0.3157560352647617E-02   3   0 0  1 0  0 0  0 2
   110  0.1152739584621457E-03   3   0 0  0 1  0 0  0 2
   111  -.3244523577009614E-06   3   0 0  0 0  0 3  0 0
   112  -.2021350214632367E-06   3   0 0  0 0  0 2  1 0
   113  -.2027423244582586E-06   3   0 0  0 0  0 1  2 0
   114  -.3224906723791545E-06   3   0 0  0 0  0 0  3 0
   115  0.4040508888169509E-06   3   0 0  0 0  0 2  0 1
   116  0.2821920739420568E-06   3   0 0  0 0  0 1  1 1
   117  0.4022303329844391E-06   3   0 0  0 0  0 0  2 1
   118  -.1842279556359366E-07   3   0 0  0 0  0 1  0 2
   119  -.1836127136493172E-07   3   0 0  0 0  0 0  1 2
   120  0.1171344431039201E-09   3   0 0  0 0  0 0  0 3
   121  -.1091135607308850E-06   4   4 0  0 0  0 0  0 0
   122  -.3700162005634572E-06   4   3 1  0 0  0 0  0 0
   123  -.4550589655656276E-05   4   2 2  0 0  0 0  0 0
   124  0.2770539904979394E-06   4   1 3  0 0  0 0  0 0
   125  -.2946808784139412E-05   4   0 4  0 0  0 0  0 0
   126  0.6392929269945594E-03   4   3 0  1 0  0 0  0 0
   127  0.1042174998400881E-02   4   2 1  1 0  0 0  0 0
   128  0.1958470631460395E-04   4   1 2  1 0  0 0  0 0
   129  -.3078448399501997E-03   4   0 3  1 0  0 0  0 0
   130  0.3104576180159073E-04   4   2 0  2 0  0 0  0 0
   131  0.3222027817642118E-04   4   1 1  2 0  0 0  0 0
   132  -.2699530726094605E-04   4   0 2  2 0  0 0  0 0
   133  0.2769761457783504E-03   4   1 0  3 0  0 0  0 0
   134  0.3018157587464025E-03   4   0 1  3 0  0 0  0 0
   135  0.7267951163661298E-05   4   0 0  4 0  0 0  0 0
   136  -.2403428045720011E-03   4   3 0  0 1  0 0  0 0
   137  0.1082865382463395E-02   4   2 1  0 1  0 0  0 0
   138  0.5124369002149999E-03   4   1 2  0 1  0 0  0 0
   139  -.3436173401283079E-03   4   0 3  0 1  0 0  0 0
   140  -.3781945152425866E-05   4   2 0  1 1  0 0  0 0
   141  0.5065563002567137E-04   4   1 1  1 1  0 0  0 0
   142  -.1752610896765834E-04   4   0 2  1 1  0 0  0 0
   143  -.3460124262835269E-04   4   1 0  2 1  0 0  0 0
   144  0.1616143034210183E-03   4   0 1  2 1  0 0  0 0
   145  -.2038215128581532E-04   4   0 0  3 1  0 0  0 0
   146  -.1524729412460119E-04   4   2 0  0 2  0 0  0 0
   147  0.8145182267048355E-05   4   1 1  0 2  0 0  0 0
   148  -.1949638212705080E-04   4   0 2  0 2  0 0  0 0
   149  0.3460468106800445E-03   4   1 0  1 2  0 0  0 0
   150  -.3915708709013081E-03   4   0 1  1 2  0 0  0 0
   151  -.3323167884669693E-04   4   0 0  2 2  0 0  0 0
   152  0.2804694165741762E-03   4   1 0  0 3  0 0  0 0
   153  -.3905851190684510E-03   4   0 1  0 3  0 0  0 0
   154  -.2604255955520331E-04   4   0 0  1 3  0 0  0 0
   155  -.1848286828763872E-04   4   0 0  0 4  0 0  0 0
   156  -.4471147019549961E-04   4   3 0  0 0  0 1  0 0
   157  0.1619396250807950E-03   4   2 1  0 0  0 1  0 0
   158  0.1907761171323477E-03   4   1 2  0 0  0 1  0 0
   159  0.4406935753976890E-04   4   0 3  0 0  0 1  0 0
   160  0.9294745972583403E-01   4   2 0  1 0  0 1  0 0
   161  0.1500584970872438       4   1 1  1 0  0 1  0 0
   162  -.2076609765868763       4   0 2  1 0  0 1  0 0
   163  0.2756750409496622E-03   4   1 0  2 0  0 1  0 0
   164  0.5075710407753422E-03   4   0 1  2 0  0 1  0 0
   165  -.1312341748459199       4   0 0  3 0  0 1  0 0
   166  -.4008215866675315       4   2 0  0 1  0 1  0 0
   167  0.3755931520583648E-01   4   1 1  0 1  0 1  0 0
   168  -.3054769376230651       4   0 2  0 1  0 1  0 0
   169  0.3756106046358689E-03   4   1 0  1 1  0 1  0 0
   170  0.2847229126577106E-03   4   0 1  1 1  0 1  0 0
   171  -.7374650999945708       4   0 0  2 1  0 1  0 0
   172  0.3033890277834069E-03   4   1 0  0 2  0 1  0 0
   173  0.8458378878741504E-04   4   0 1  0 2  0 1  0 0
   174  -.5342884761965715       4   0 0  1 2  0 1  0 0
   175  -.3457625323049285       4   0 0  0 3  0 1  0 0
   176  -.4456215315155344E-04   4   3 0  0 0  0 0  1 0
   177  0.1613988165140207E-03   4   2 1  0 0  0 0  1 0
   178  0.1901390071079814E-03   4   1 2  0 0  0 0  1 0
   179  0.4392218487540149E-04   4   0 3  0 0  0 0  1 0
   180  0.9263705526210510E-01   4   2 0  1 0  0 0  1 0
   181  0.1495573663683009       4   1 1  1 0  0 0  1 0
   182  -.2069674784077447       4   0 2  1 0  0 0  1 0
   183  0.2747544051033271E-03   4   1 0  2 0  0 0  1 0
   184  0.5058759722153099E-03   4   0 1  2 0  0 0  1 0
   185  -.1307959092517219       4   0 0  3 0  0 0  1 0
   186  -.3994830152850809       4   2 0  0 1  0 0  1 0
   187  0.3743388327763870E-01   4   1 1  0 1  0 0  1 0
   188  -.3044567762837003       4   0 2  0 1  0 0  1 0
   189  0.3743562270698043E-03   4   1 0  1 1  0 0  1 0
   190  0.2837720608186661E-03   4   0 1  1 1  0 0  1 0
   191  -.7350022843398158       4   0 0  2 1  0 0  1 0
   192  0.3023758391632113E-03   4   1 0  0 2  0 0  1 0
   193  0.8430131538065224E-04   4   0 1  0 2  0 0  1 0
   194  -.5325041829149754       4   0 0  1 2  0 0  1 0
   195  -.3446078344386906       4   0 0  0 3  0 0  1 0
   196  0.8927362334705343E-04   4   3 0  0 0  0 0  0 1
   197  -.1148581457921911E-03   4   2 1  0 0  0 0  0 1
   198  -.1102586141184363E-03   4   1 2  0 0  0 0  0 1
   199  -.2072443094404170E-04   4   0 3  0 0  0 0  0 1
   200  -.1855845149879396       4   2 0  1 0  0 0  0 1
   201  -.2003318532400526       4   1 1  1 0  0 0  0 1
   202  0.1377944321440052       4   0 2  1 0  0 0  0 1
   203  -.5504294460529886E-03   4   1 0  2 0  0 0  0 1
   204  -.5761620691859555E-03   4   0 1  2 0  0 0  0 1
   205  0.2620300840976414       4   0 0  3 0  0 0  0 1
   206  0.4013691081771614       4   2 0  0 1  0 0  0 1
   207  -.3720161020161963E-01   4   1 1  0 1  0 0  0 1
   208  0.2158772762164124E-01   4   0 2  0 1  0 0  0 1
   209  -.5062067135230722E-03   4   1 0  1 1  0 0  0 1
   210  -.2320849066106347E-03   4   0 1  1 1  0 0  0 1
   211  0.8576280944332280       4   0 0  2 1  0 0  0 1
   212  -.2225762552145198E-03   4   1 0  0 2  0 0  0 1
   213  -.4661506264910772E-04   4   0 1  0 2  0 0  0 1
   214  0.3968887376911056       4   0 0  1 2  0 0  0 1
   215  0.4547493164621703E-01   4   0 0  0 3  0 0  0 1
   216  -.5079579046106639E-05   4   2 0  0 0  0 2  0 0
   217  0.6984463243368330E-06   4   1 1  0 0  0 2  0 0
   218  -.7534204617493990E-05   4   0 2  0 0  0 2  0 0
   219  -.8846248571723924E-04   4   1 0  1 0  0 2  0 0
   220  -.3364767149384765E-03   4   0 1  1 0  0 2  0 0
   221  -.1904628354645845E-04   4   0 0  2 0  0 2  0 0
   222  0.1220659818922077E-03   4   1 0  0 1  0 2  0 0
   223  -.4891782843133550E-03   4   0 1  0 1  0 2  0 0
   224  -.2373518108561331E-04   4   0 0  1 1  0 2  0 0
   225  -.2646034019534611E-04   4   0 0  0 2  0 2  0 0
   226  -.6180648713926297E-05   4   2 0  0 0  0 1  1 0
   227  0.9933669894661734E-06   4   1 1  0 0  0 1  1 0
   228  -.9202579871173533E-05   4   0 2  0 0  0 1  1 0
   229  0.6093929042689265E-07   4   1 0  1 0  0 1  1 0
   230  -.4031072648831461E-03   4   0 1  1 0  0 1  1 0
   231  -.1982105240908292E-04   4   0 0  2 0  0 1  1 0
   232  0.1333926184540172E-03   4   1 0  0 1  0 1  1 0
   233  -.5976166229639163E-03   4   0 1  0 1  0 1  1 0
   234  -.2995498931075487E-04   4   0 0  1 1  0 1  1 0
   235  -.3281448181335281E-04   4   0 0  0 2  0 1  1 0
   236  -.5052295089212855E-05   4   2 0  0 0  0 0  2 0
   237  0.6944551057315110E-06   4   1 1  0 0  0 0  2 0
   238  -.7493677294962051E-05   4   0 2  0 0  0 0  2 0
   239  -.8816716088957576E-04   4   1 0  1 0  0 0  2 0
   240  -.3346799254195279E-03   4   0 1  1 0  0 0  2 0
   241  -.1894958027959597E-04   4   0 0  2 0  0 0  2 0
   242  0.1214355971789524E-03   4   1 0  0 1  0 0  2 0
   243  -.4865467486327154E-03   4   0 1  0 1  0 0  2 0
   244  -.2360589743021975E-04   4   0 0  1 1  0 0  2 0
   245  -.2631718094642661E-04   4   0 0  0 2  0 0  2 0
   246  0.4077693546331239E-05   4   2 0  0 0  0 1  0 1
   247  -.5561188182169883E-06   4   1 1  0 0  0 1  0 1
   248  0.3941159924772990E-06   4   0 2  0 0  0 1  0 1
   249  0.9541065429570732E-04   4   1 0  1 0  0 1  0 1
   250  0.2712474904968884E-03   4   0 1  1 0  0 1  0 1
   251  0.2452719587120242E-04   4   0 0  2 0  0 1  0 1
   252  -.1321296321088804E-03   4   1 0  0 1  0 1  0 1
   253  0.4461885627897376E-04   4   0 1  0 1  0 1  0 1
   254  0.2028077592687951E-04   4   0 0  1 1  0 1  0 1
   255  0.3874666267740483E-05   4   0 0  0 2  0 1  0 1
   256  0.4064075806995137E-05   4   2 0  0 0  0 0  1 1
   257  -.5542616209999012E-06   4   1 1  0 0  0 0  1 1
   258  0.3927998148899535E-06   4   0 2  0 0  0 0  1 1
   259  0.9509202382352405E-04   4   1 0  1 0  0 0  1 1
   260  0.2703416407612009E-03   4   0 1  1 0  0 0  1 1
   261  0.2444528560594473E-04   4   0 0  2 0  0 0  1 1
   262  -.1316883760732834E-03   4   1 0  0 1  0 0  1 1
   263  0.4446984852560083E-04   4   0 1  0 1  0 0  1 1
   264  0.2021304687442174E-04   4   0 0  1 1  0 0  1 1
   265  0.3861726552028900E-05   4   0 0  0 2  0 0  1 1
   266  -.5098506536857753E-07   4   2 0  0 0  0 0  0 2
   267  -.1409575734325370E-07   4   1 1  0 0  0 0  0 2
   268  -.2139746757935258E-08   4   0 2  0 0  0 0  0 2
   269  0.4966599010215729E-04   4   1 0  1 0  0 0  0 2
   270  -.1445169068071058E-05   4   0 1  1 0  0 0  0 2
   271  -.3752640959700692E-05   4   0 0  2 0  0 0  0 2
   272  0.1038483195148440E-04   4   1 0  0 1  0 0  0 2
   273  0.5206849998613599E-06   4   0 1  0 1  0 0  0 2
   274  -.1113548750160204E-05   4   0 0  1 1  0 0  0 2
   275  -.7081863085769249E-07   4   0 0  0 2  0 0  0 2
   276  0.3382052850383757E-04   4   1 0  0 0  0 3  0 0
   277  0.1091879565251636E-04   4   0 1  0 0  0 3  0 0
   278  -.4653880916255647E-01   4   0 0  1 0  0 3  0 0
   279  -.1226957448467570       4   0 0  0 1  0 3  0 0
   280  0.2033422378503216E-04   4   1 0  0 0  0 2  1 0
   281  0.1090890457963452E-04   4   0 1  0 0  0 2  1 0
   282  -.2921326940750576E-01   4   0 0  1 0  0 2  1 0
   283  -.7944328019802448E-01   4   0 0  0 1  0 2  1 0
   284  0.2040121566823455E-04   4   1 0  0 0  0 1  2 0
   285  0.1090877146608218E-04   4   0 1  0 0  0 1  2 0
   286  -.2929928061153969E-01   4   0 0  1 0  0 1  2 0
   287  -.7965789450195042E-01   4   0 0  0 1  0 1  2 0
   288  0.3361726976447207E-04   4   1 0  0 0  0 0  3 0
   289  0.1084594505882492E-04   4   0 1  0 0  0 0  3 0
   290  -.4625706371413875E-01   4   0 0  1 0  0 0  3 0
   291  -.1219489105985841       4   0 0  0 1  0 0  3 0
   292  -.4064437493882074E-04   4   1 0  0 0  0 2  0 1
   293  -.1091538554856638E-04   4   0 1  0 0  0 2  0 1
   294  0.5839712038037281E-01   4   0 0  1 0  0 2  0 1
   295  0.1445481396778244E-01   4   0 0  0 1  0 2  0 1
   296  -.2721197503922702E-04   4   1 0  0 0  0 1  1 1
   297  -.1091416994639032E-04   4   0 1  0 0  0 1  1 1
   298  0.4114081108228008E-01   4   0 0  1 0  0 1  1 1
   299  0.1454077621367833E-01   4   0 0  0 1  0 1  1 1
   300  -.4046320210509635E-04   4   1 0  0 0  0 0  2 1
   301  -.1086070855208157E-04   4   0 1  0 0  0 0  2 1
   302  0.5813340287149232E-01   4   0 0  1 0  0 0  2 1
   303  0.1438226115440522E-01   4   0 0  0 1  0 0  2 1
   304  0.8283615811686721E-07   4   1 0  0 0  0 1  0 2
   305  -.4950080915382233E-09   4   0 1  0 0  0 1  0 2
   306  -.3198830162640560E-02   4   0 0  1 0  0 1  0 2
   307  -.1730157865127513E-03   4   0 0  0 1  0 1  0 2
   308  0.8255952104347807E-07   4   1 0  0 0  0 0  1 2
   309  -.4933549778139378E-09   4   0 1  0 0  0 0  1 2
   310  -.3188147448297176E-02   4   0 0  1 0  0 0  1 2
   311  -.1724379883396002E-03   4   0 0  0 1  0 0  1 2
   312  -.1846310055605541E-07   4   1 0  0 0  0 0  0 3
   313  0.8304878756865863E-10   4   0 1  0 0  0 0  0 3
   314  0.2395230188813931E-04   4   0 0  1 0  0 0  0 3
   315  -.1227001766018552E-06   4   0 0  0 1  0 0  0 3
   316  -.2198711677042351E-05   4   0 0  0 0  0 4  0 0
   317  -.1383187427547289E-05   4   0 0  0 0  0 3  1 0
   318  -.1275539431686845E-05   4   0 0  0 0  0 2  2 0
   319  -.1388937168231065E-05   4   0 0  0 0  0 1  3 0
   320  -.2181740130713044E-05   4   0 0  0 0  0 0  4 0
   321  0.2029006937023720E-06   4   0 0  0 0  0 3  0 1
   322  0.2416916438372928E-06   4   0 0  0 0  0 2  1 1
   323  0.2414939319074969E-06   4   0 0  0 0  0 1  2 1
   324  0.2014820709409707E-06   4   0 0  0 0  0 0  3 1
   325  -.2115760324272672E-08   4   0 0  0 0  0 2  0 2
   326  -.3016249305592997E-08   4   0 0  0 0  0 1  1 2
   327  -.2103658110008453E-08   4   0 0  0 0  0 0  2 2
   328  -.1262631520763093E-11   4   0 0  0 0  0 1  0 3
   329  -.1258414875561109E-11   4   0 0  0 0  0 0  1 3
   ----------------------------------------------------
     I  COEFFICIENT            ORDER EXPONENTS
     1  0.6859510506280612E-05   0   0 0  0 0  0 0  0 0
     2  -.6236562295052048E-03   1   1 0  0 0  0 0  0 0
     3  -.1080166850469183E-03   1   0 1  0 0  0 0  0 0
     4  0.8421887566339266       1   0 0  1 0  0 0  0 0
     5   1.141835822143222       1   0 0  0 1  0 0  0 0
     6  -.2639615524130712E-06   1   0 0  0 0  0 1  0 0
     7  -.2630800345710208E-06   1   0 0  0 0  0 0  1 0
     8  0.7386552093170128E-05   1   0 0  0 0  0 0  0 1
     9  -.2136681744792653E-05   2   2 0  0 0  0 0  0 0
    10  -.2259057051182050E-04   2   1 1  0 0  0 0  0 0
    11  0.2498709107584612E-06   2   0 2  0 0  0 0  0 0
    12  -.5922912475627300E-03   2   1 0  1 0  0 0  0 0
    13  0.4548516000915287E-03   2   0 1  1 0  0 0  0 0
    14  -.1364967111935460E-04   2   0 0  2 0  0 0  0 0
    15  0.4164476301747519E-03   2   1 0  0 1  0 0  0 0
    16  0.1527044237761514E-03   2   0 1  0 1  0 0  0 0
    17  0.1093090716578318E-04   2   0 0  1 1  0 0  0 0
    18  -.1305755602293103E-05   2   0 0  0 2  0 0  0 0
    19  0.5355614376657071E-06   2   1 0  0 0  0 1  0 0
    20  0.5411077180694586E-04   2   0 1  0 0  0 1  0 0
    21  -.2122987444935553E-01   2   0 0  1 0  0 1  0 0
    22  -.7260597477129731E-01   2   0 0  0 1  0 1  0 0
    23  0.5337728932413710E-06   2   1 0  0 0  0 0  1 0
    24  0.5393006514584704E-04   2   0 1  0 0  0 0  1 0
    25  -.2115897581680625E-01   2   0 0  1 0  0 0  1 0
    26  -.7236350210201863E-01   2   0 0  0 1  0 0  1 0
    27  -.6247255638361117E-03   2   1 0  0 0  0 0  0 1
    28  -.1080408369527928E-03   2   0 1  0 0  0 0  0 1
    29  0.8845776069000880       2   0 0  1 0  0 0  0 1
    30  0.1449694768733157       2   0 0  0 1  0 0  0 1
    31  0.1363261587563792E-06   2   0 0  0 0  0 2  0 0
    32  0.9542394928523478E-08   2   0 0  0 0  0 1  1 0
    33  0.1358549543339782E-06   2   0 0  0 0  0 0  2 0
    34  -.2822004020044606E-06   2   0 0  0 0  0 1  0 1
    35  -.2812579742640337E-06   2   0 0  0 0  0 0  1 1
    36  0.2817310747156534E-06   2   0 0  0 0  0 0  0 2
    37  0.4037238894576122E-03   3   3 0  0 0  0 0  0 0
    38  0.2218341292880608E-03   3   2 1  0 0  0 0  0 0
    39  0.4851140050061051E-04   3   1 2  0 0  0 0  0 0
    40  -.5002088781009486E-04   3   0 3  0 0  0 0  0 0
    41  -1.433790363396095       3   2 0  1 0  0 0  0 0
    42  -.8709404066033066       3   1 1  1 0  0 0  0 0
    43  0.3632256545448088       3   0 2  1 0  0 0  0 0
    44  -.9823862544919349E-03   3   1 0  2 0  0 0  0 0
    45  -.2030187079148073E-03   3   0 1  2 0  0 0  0 0
    46  -.6786373649898233       3   0 0  3 0  0 0  0 0
    47  -.5925550228282419E-01   3   2 0  0 1  0 0  0 0
    48  -.1897877966630974       3   1 1  0 1  0 0  0 0
    49  0.1209780131150719       3   0 2  0 1  0 0  0 0
    50  -.3141526629751955E-03   3   1 0  1 1  0 0  0 0
    51  0.5386994859317545E-03   3   0 1  1 1  0 0  0 0
    52  -.5173223345326567       3   0 0  2 1  0 0  0 0
    53  -.3455895232994216E-04   3   1 0  0 2  0 0  0 0
    54  0.4347314494377176E-04   3   0 1  0 2  0 0  0 0
    55  -.5312123671536648       3   0 0  1 2  0 0  0 0
    56  -.9035665724418229E-02   3   0 0  0 3  0 0  0 0
    57  0.4982441382687512E-06   3   2 0  0 0  0 1  0 0
    58  0.1390273797055586E-04   3   1 1  0 0  0 1  0 0
    59  -.1835491627655052E-07   3   0 2  0 0  0 1  0 0
    60  0.2962407133787819E-03   3   1 0  1 0  0 1  0 0
    61  -.1966604227161501E-03   3   0 1  1 0  0 1  0 0
    62  0.8710931714378382E-05   3   0 0  2 0  0 1  0 0
    63  -.1650670909231110E-03   3   1 0  0 1  0 1  0 0
    64  -.1407750035380286E-03   3   0 1  0 1  0 1  0 0
    65  -.1555356067566609E-05   3   0 0  1 1  0 1  0 0
    66  0.1925256580062538E-05   3   0 0  0 2  0 1  0 0
    67  0.4965802175440533E-06   3   2 0  0 0  0 0  1 0
    68  0.1385630881652796E-04   3   1 1  0 0  0 0  1 0
    69  -.1829361876544395E-07   3   0 2  0 0  0 0  1 0
    70  0.2952513970484357E-03   3   1 0  1 0  0 0  1 0
    71  -.1960036616467262E-03   3   0 1  1 0  0 0  1 0
    72  0.8681840956057980E-05   3   0 0  2 0  0 0  1 0
    73  -.1645158379680720E-03   3   1 0  0 1  0 0  1 0
    74  -.1403048756872123E-03   3   0 1  0 1  0 0  1 0
    75  -.1550161848515538E-05   3   0 0  1 1  0 0  1 0
    76  0.1918827052692594E-05   3   0 0  0 2  0 0  1 0
    77  -.3131506100605486E-05   3   2 0  0 0  0 0  0 1
    78  -.2775904678708381E-04   3   1 1  0 0  0 0  0 1
    79  -.2132223754815774E-06   3   0 2  0 0  0 0  0 1
    80  -.1183783357989947E-02   3   1 0  1 0  0 0  0 1
    81  0.3926640843628751E-03   3   0 1  1 0  0 0  0 1
    82  -.3104244378979099E-04   3   0 0  2 0  0 0  0 1
    83  0.3295829288911843E-03   3   1 0  0 1  0 0  0 1
    84  0.1283754554490897E-03   3   0 1  0 1  0 0  0 1
    85  0.3105517915989960E-05   3   0 0  1 1  0 0  0 1
    86  -.2538328030227129E-05   3   0 0  0 2  0 0  0 1
    87  -.5276498698893094E-06   3   1 0  0 0  0 2  0 0
    88  -.4058207576388727E-04   3   0 1  0 0  0 2  0 0
    89  0.1608946138003127E-01   3   0 0  1 0  0 2  0 0
    90  0.5521627250971174E-01   3   0 0  0 1  0 2  0 0
    91  -.5263494144800951E-06   3   1 0  0 0  0 1  1 0
    92  -.2713654457340137E-04   3   0 1  0 0  0 1  1 0
    93  0.1098327793843496E-01   3   0 0  1 0  0 1  1 0
    94  0.3794197696571069E-01   3   0 0  0 1  0 1  1 0
    95  -.5250088565738868E-06   3   1 0  0 0  0 0  2 0
    96  -.4040123693518066E-04   3   0 1  0 0  0 0  2 0
    97  0.1601738980432241E-01   3   0 0  1 0  0 0  2 0
    98  0.5496851902584241E-01   3   0 0  0 1  0 0  2 0
    99  0.1591893784243206E-05   3   1 0  0 0  0 1  0 1
   100  0.5417204566716444E-04   3   0 1  0 0  0 1  0 1
   101  -.4316247531134791E-01   3   0 0  1 0  0 1  0 1
   102  -.7576875563886318E-01   3   0 0  0 1  0 1  0 1
   103  0.1586577544962750E-05   3   1 0  0 0  0 0  1 1
   104  0.5399113437777575E-04   3   0 1  0 0  0 0  1 1
   105  -.4301833124284155E-01   3   0 0  1 0  0 0  1 1
   106  -.7551572064435291E-01   3   0 0  0 1  0 0  1 1
   107  -.1596937002098903E-05   3   1 0  0 0  0 0  0 2
   108  -.5515780355765520E-07   3   0 1  0 0  0 0  0 2
   109  0.4309052863063152E-01   3   0 0  1 0  0 0  0 2
   110  0.3157560475418970E-02   3   0 0  0 1  0 0  0 2
   111  -.1039418816372310E-06   3   0 0  0 0  0 3  0 0
   112  -.3907154225586379E-07   3   0 0  0 0  0 2  1 0
   113  -.3939476179737136E-07   3   0 0  0 0  0 1  2 0
   114  -.1033561786729205E-06   3   0 0  0 0  0 0  3 0
   115  0.2145631062818892E-06   3   0 0  0 0  0 2  0 1
   116  0.1473744220204404E-06   3   0 0  0 0  0 1  1 1
   117  0.2136004743305955E-06   3   0 0  0 0  0 0  2 1
   118  -.1471475495169641E-06   3   0 0  0 0  0 1  0 2
   119  -.1466561401085576E-06   3   0 0  0 0  0 0  1 2
   120  0.4024204969962375E-08   3   0 0  0 0  0 0  0 3
   121  0.7272460553927358E-05   4   4 0  0 0  0 0  0 0
   122  -.4707281908790269E-05   4   3 1  0 0  0 0  0 0
   123  -.3705526231929123E-05   4   2 2  0 0  0 0  0 0
   124  0.2167978923703256E-05   4   1 3  0 0  0 0  0 0
   125  -.2858730171758446E-05   4   0 4  0 0  0 0  0 0
   126  0.8330695858274385E-08   4   3 0  1 0  0 0  0 0
   127  -.1836725253701256E-02   4   2 1  1 0  0 0  0 0
   128  -.2789107596461417E-03   4   1 2  1 0  0 0  0 0
   129  -.2326758718123370E-03   4   0 3  1 0  0 0  0 0
   130  0.3843640192435378E-05   4   2 0  2 0  0 0  0 0
   131  -.1094641823227488E-03   4   1 1  2 0  0 0  0 0
   132  -.6545005374018196E-05   4   0 2  2 0  0 0  0 0
   133  0.1977458723261273E-07   4   1 0  3 0  0 0  0 0
   134  -.3238740415968596E-07   4   0 1  3 0  0 0  0 0
   135  -.1078005987914718E-04   4   0 0  4 0  0 0  0 0
   136  -.9183900879147190E-03   4   3 0  0 1  0 0  0 0
   137  -.6337703891605871E-03   4   2 1  0 1  0 0  0 0
   138  0.4416126635074519E-03   4   1 2  0 1  0 0  0 0
   139  -.7749367002253902E-04   4   0 3  0 1  0 0  0 0
   140  -.4742382900670079E-04   4   2 0  1 1  0 0  0 0
   141  -.7118380215820301E-04   4   1 1  1 1  0 0  0 0
   142  0.3802619569098971E-04   4   0 2  1 1  0 0  0 0
   143  -.1304126012839061E-02   4   1 0  2 1  0 0  0 0
   144  -.2402323595396191E-07   4   0 1  2 1  0 0  0 0
   145  -.6106838253009901E-04   4   0 0  3 1  0 0  0 0
   146  0.9837517041558689E-05   4   2 0  0 2  0 0  0 0
   147  -.1693668117428858E-04   4   1 1  0 2  0 0  0 0
   148  -.1704566773524613E-05   4   0 2  0 2  0 0  0 0
   149  -.3838025727914994E-03   4   1 0  1 2  0 0  0 0
   150  -.2326571205273897E-03   4   0 1  1 2  0 0  0 0
   151  -.2348848326401778E-04   4   0 0  2 2  0 0  0 0
   152  -.9758181075654390E-05   4   1 0  0 3  0 0  0 0
   153  -.7749432323411259E-04   4   0 1  0 3  0 0  0 0
   154  0.8916477744912275E-05   4   0 0  1 3  0 0  0 0
   155  0.1573823205388389E-05   4   0 0  0 4  0 0  0 0
   156  -.1970032341805210E-03   4   3 0  0 0  0 1  0 0
   157  -.2262784397450026E-03   4   2 1  0 0  0 1  0 0
   158  -.7371872826062116E-04   4   1 2  0 0  0 1  0 0
   159  0.7310595555054955E-04   4   0 3  0 0  0 1  0 0
   160  0.6466022333044750       4   2 0  1 0  0 1  0 0
   161  0.8744537239866319       4   1 1  1 0  0 1  0 0
   162  -.3436269304801068       4   0 2  1 0  0 1  0 0
   163  0.3570703926301827E-03   4   1 0  2 0  0 1  0 0
   164  0.1970706845389743E-03   4   0 1  2 0  0 1  0 0
   165  0.4257007818588837       4   0 0  3 0  0 1  0 0
   166  0.3397235831199517E-01   4   2 0  0 1  0 1  0 0
   167  0.2790922217363355       4   1 1  0 1  0 1  0 0
   168  -.1730928368281396       4   0 2  0 1  0 1  0 0
   169  0.2560303182748329E-03   4   1 0  1 1  0 1  0 0
   170  -.5023548582697773E-03   4   0 1  1 1  0 1  0 0
   171  0.5645414641182424       4   0 0  2 1  0 1  0 0
   172  0.4556480214940292E-04   4   1 0  0 2  0 1  0 0
   173  -.6063360176451767E-04   4   0 1  0 2  0 1  0 0
   174  0.6058972590314010       4   0 0  1 2  0 1  0 0
   175  0.1852181118672015E-01   4   0 0  0 3  0 1  0 0
   176  -.1963453282685248E-03   4   3 0  0 0  0 0  1 0
   177  -.2255227672613258E-03   4   2 1  0 0  0 0  1 0
   178  -.7347253947418131E-04   4   1 2  0 0  0 0  1 0
   179  0.7286181316091308E-04   4   0 3  0 0  0 0  1 0
   180  0.6444428604709750       4   2 0  1 0  0 0  1 0
   181  0.8715334253571666       4   1 1  1 0  0 0  1 0
   182  -.3424793646037180       4   0 2  1 0  0 0  1 0
   183  0.3558779313831004E-03   4   1 0  2 0  0 0  1 0
   184  0.1964125533718458E-03   4   0 1  2 0  0 0  1 0
   185  0.4242791246851248       4   0 0  3 0  0 0  1 0
   186  0.3385890527417640E-01   4   2 0  0 1  0 0  1 0
   187  0.2781601739786608       4   1 1  0 1  0 0  1 0
   188  -.1725147813401309       4   0 2  0 1  0 0  1 0
   189  0.2551752873371734E-03   4   1 0  1 1  0 0  1 0
   190  -.5006772095116221E-03   4   0 1  1 1  0 0  1 0
   191  0.5626561388932250       4   0 0  2 1  0 0  1 0
   192  0.4541263534443751E-04   4   1 0  0 2  0 0  1 0
   193  -.6043111166209654E-04   4   0 1  0 2  0 0  1 0
   194  0.6038738232718946       4   0 0  1 2  0 0  1 0
   195  0.1845995631854353E-01   4   0 0  0 3  0 0  1 0
   196  0.7970724519066577E-03   4   3 0  0 0  0 0  0 1
   197  0.4518012070063287E-03   4   2 1  0 0  0 0  0 1
   198  0.9867986723419169E-04   4   1 2  0 0  0 0  0 1
   199  -.4592599309127293E-04   4   0 3  0 0  0 0  0 1
   200  -2.724835457171545       4   2 0  1 0  0 0  0 1
   201  -1.745987149343798       4   1 1  1 0  0 0  0 1
   202  0.3228806405390155       4   0 2  1 0  0 0  0 1
   203  -.1695334578505216E-02   4   1 0  2 0  0 0  0 1
   204  -.3934832379108210E-03   4   0 1  2 0  0 0  0 1
   205  -1.528617271533834       4   0 0  3 0  0 0  0 1
   206  -.6783126358617311E-01   4   2 0  0 1  0 0  0 1
   207  -.3674645990518979       4   1 1  0 1  0 0  0 1
   208  0.1036515919381268       4   0 2  0 1  0 0  0 1
   209  -.5112056056120075E-03   4   1 0  1 1  0 0  0 1
   210  0.4643325818496476E-03   4   0 1  1 1  0 0  0 1
   211  -1.127197603011467       4   0 0  2 1  0 0  0 1
   212  -.5641848516389731E-04   4   1 0  0 2  0 0  0 1
   213  0.3411842353907008E-04   4   0 1  0 2  0 0  0 1
   214  -.6785587151496302       4   0 0  1 2  0 0  0 1
   215  -.1891043605642704E-01   4   0 0  0 3  0 0  0 1
   216  0.2326319877525034E-05   4   2 0  0 0  0 2  0 0
   217  -.2606947097168935E-06   4   1 1  0 0  0 2  0 0
   218  -.5951182300378252E-05   4   0 2  0 0  0 2  0 0
   219  0.3500306994670232E-03   4   1 0  1 0  0 2  0 0
   220  -.2784608366785167E-03   4   0 1  1 0  0 2  0 0
   221  0.1065437637215841E-04   4   0 0  2 0  0 2  0 0
   222  0.3243120504052133E-03   4   1 0  0 1  0 2  0 0
   223  -.1303717437635285E-03   4   0 1  0 1  0 2  0 0
   224  0.3242576593478457E-04   4   0 0  1 1  0 2  0 0
   225  0.2676034261614113E-05   4   0 0  0 2  0 2  0 0
   226  0.1361824688352625E-05   4   2 0  0 0  0 1  1 0
   227  0.3236099423258968E-05   4   1 1  0 0  0 1  1 0
   228  -.6710151183543688E-05   4   0 2  0 0  0 1  1 0
   229  0.4201836166536620E-03   4   1 0  1 0  0 1  1 0
   230  -.3235485341569785E-03   4   0 1  1 0  0 1  1 0
   231  0.1166704984628792E-04   4   0 0  2 0  0 1  1 0
   232  0.3041018147853577E-03   4   1 0  0 1  0 1  1 0
   233  -.1827643944471652E-03   4   0 1  0 1  0 1  1 0
   234  0.3258299296530144E-04   4   0 0  1 1  0 1  1 0
   235  0.3116558072042812E-05   4   0 0  0 2  0 1  1 0
   236  0.2316277017743397E-05   4   2 0  0 0  0 0  2 0
   237  -.2652276905288715E-06   4   1 1  0 0  0 0  2 0
   238  -.5920103409154570E-05   4   0 2  0 0  0 0  2 0
   239  0.3481601316519691E-03   4   1 0  1 0  0 0  2 0
   240  -.2769906411325673E-03   4   0 1  1 0  0 0  2 0
   241  0.1059931388659207E-04   4   0 0  2 0  0 0  2 0
   242  0.3227212033945288E-03   4   1 0  0 1  0 0  2 0
   243  -.1296311811560626E-03   4   0 1  0 1  0 0  2 0
   244  0.3226307127094300E-04   4   0 0  1 1  0 0  2 0
   245  0.2661893479797278E-05   4   0 0  0 2  0 0  2 0
   246  -.5447895247265036E-05   4   2 0  0 0  0 1  0 1
   247  -.7448129742294795E-06   4   1 1  0 0  0 1  0 1
   248  0.4753629501021227E-05   4   0 2  0 0  0 1  0 1
   249  -.5601208751166932E-03   4   1 0  1 0  0 1  0 1
   250  0.2071813757292672E-03   4   0 1  1 0  0 1  0 1
   251  -.2102584791281159E-04   4   0 0  2 0  0 1  0 1
   252  -.4293008654283510E-03   4   1 0  0 1  0 1  0 1
   253  0.6650903140148217E-04   4   0 1  0 1  0 1  0 1
   254  -.4010940245176477E-04   4   0 0  1 1  0 1  0 1
   255  -.2878662857203494E-05   4   0 0  0 2  0 1  0 1
   256  -.5429701624677975E-05   4   2 0  0 0  0 0  1 1
   257  -.7423256198410294E-06   4   1 1  0 0  0 0  1 1
   258  0.4737754426862319E-05   4   0 2  0 0  0 0  1 1
   259  -.5582503127540778E-03   4   1 0  1 0  0 0  1 1
   260  0.2064894792103355E-03   4   0 1  1 0  0 0  1 1
   261  -.2095563064097786E-04   4   0 0  2 0  0 0  1 1
   262  -.4278671855267738E-03   4   1 0  0 1  0 0  1 1
   263  0.6628691989584020E-04   4   0 1  0 1  0 0  1 1
   264  -.3997545433101733E-04   4   0 0  1 1  0 0  1 1
   265  -.2869049363697792E-05   4   0 0  0 2  0 0  1 1
   266  0.4873177255798073E-05   4   2 0  0 0  0 0  0 2
   267  0.2689721396673644E-05   4   1 1  0 0  0 0  0 2
   268  0.2085725421044931E-06   4   0 2  0 0  0 0  0 2
   269  -.3259899322935055E-08   4   1 0  1 0  0 0  0 2
   270  -.4715638540622374E-09   4   0 1  1 0  0 0  0 2
   271  0.9060735792810454E-05   4   0 0  2 0  0 0  0 2
   272  0.2760059327038622E-04   4   1 0  0 1  0 0  0 2
   273  -.4470235234155522E-10   4   0 1  0 1  0 0  0 2
   274  0.4719355876062911E-05   4   0 0  1 1  0 0  0 2
   275  0.2660627480410093E-06   4   0 0  0 2  0 0  0 2
   276  0.5327332769619143E-06   4   1 0  0 0  0 3  0 0
   277  0.3382160426652474E-04   4   0 1  0 0  0 3  0 0
   278  -.1352442948229981E-01   4   0 0  1 0  0 3  0 0
   279  -.4653889009342193E-01   4   0 0  0 1  0 3  0 0
   280  0.5377481492454952E-06   4   1 0  0 0  0 2  1 0
   281  0.2032908337442428E-04   4   0 1  0 0  0 2  1 0
   282  -.8402874919183383E-02   4   0 0  1 0  0 2  1 0
   283  -.2921330320172770E-01   4   0 0  0 1  0 2  1 0
   284  0.5377141158378287E-06   4   1 0  0 0  0 1  2 0
   285  0.2039610637862514E-04   4   0 1  0 0  0 1  2 0
   286  -.8428304345872654E-02   4   0 0  1 0  0 1  2 0
   287  -.2929931464053180E-01   4   0 0  0 1  0 1  2 0
   288  0.5291697126317555E-06   4   1 0  0 0  0 0  3 0
   289  0.3361834869300173E-04   4   0 1  0 0  0 0  3 0
   290  -.1344269695089954E-01   4   0 0  1 0  0 0  3 0
   291  -.4625714418335383E-01   4   0 0  0 1  0 0  3 0
   292  -.1599447117192931E-05   4   1 0  0 0  0 2  0 1
   293  -.4064556801057480E-04   4   0 1  0 0  0 2  0 1
   294  0.3288642348816528E-01   4   0 0  1 0  0 2  0 1
   295  0.5839721739575395E-01   4   0 0  0 1  0 2  0 1
   296  -.1606932246593955E-05   4   1 0  0 0  0 1  1 1
   297  -.2720883140159130E-04   4   0 1  0 0  0 1  1 1
   298  0.2267852545603042E-01   4   0 0  1 0  0 1  1 1
   299  0.4114086102921022E-01   4   0 0  0 1  0 1  1 1
   300  -.1591422422403071E-05   4   1 0  0 0  0 0  2 1
   301  -.4046439644168675E-04   4   0 1  0 0  0 0  2 1
   302  0.3273872875338221E-01   4   0 0  1 0  0 0  2 1
   303  0.5813349947948337E-01   4   0 0  0 1  0 0  2 1
   304  0.1600660545971514E-05   4   1 0  0 0  0 1  0 2
   305  0.8302300706097262E-07   4   0 1  0 0  0 1  0 2
   306  -.2264431957730196E-01   4   0 0  1 0  0 1  0 2
   307  -.3198829895445886E-02   4   0 0  0 1  0 1  0 2
   308  0.1595315029484573E-05   4   1 0  0 0  0 0  1 2
   309  0.8274574599262912E-07   4   0 1  0 0  0 0  1 2
   310  -.2256869730752043E-01   4   0 0  1 0  0 0  1 2
   311  -.3188147181994846E-02   4   0 0  0 1  0 0  1 2
   312  -.5330128578444764E-06   4   1 0  0 0  0 0  0 3
   313  -.1848438193885844E-07   4   0 1  0 0  0 0  0 3
   314  0.7074960847303081E-03   4   0 0  1 0  0 0  0 3
   315  0.2395204220094665E-04   4   0 0  0 1  0 0  0 3
   316  -.8143329950340257E-06   4   0 0  0 0  0 4  0 0
   317  -.5073019901791134E-06   4   0 0  0 0  0 3  1 0
   318  -.4605343451666617E-06   4   0 0  0 0  0 2  2 0
   319  -.5094878835119198E-06   4   0 0  0 0  0 1  3 0
   320  -.8080555389013794E-06   4   0 0  0 0  0 0  4 0
   321  0.9780232708721440E-06   4   0 0  0 0  0 3  0 1
   322  0.6405637307674194E-06   4   0 0  0 0  0 2  1 1
   323  0.6422378235105149E-06   4   0 0  0 0  0 1  2 1
   324  0.9720579932507514E-06   4   0 0  0 0  0 0  3 1
   325  -.4176177025897319E-07   4   0 0  0 0  0 2  0 2
   326  -.5036196599005801E-07   4   0 0  0 0  0 1  1 2
   327  -.4153821030923803E-07   4   0 0  0 0  0 0  2 2
   328  0.2453236270908731E-09   4   0 0  0 0  0 1  0 3
   329  0.2445043518881746E-09   4   0 0  0 0  0 0  1 3
   330  0.1068108142531970E-15   4   0 0  0 0  0 0  0 4
   ----------------------------------------------------
     I  COEFFICIENT            ORDER EXPONENTS
     1  0.3941759481527028E-07   0   0 0  0 0  0 0  0 0
     2  -.2918003818946590E-05   1   1 0  0 0  0 0  0 0
     3  0.4908659056914422E-05   1   0 1  0 0  0 0  0 0
     4  -.1302151584993227E-06   1   0 0  1 0  0 0  0 0
     5  -.4859591550357916E-06   1   0 0  0 1  0 0  0 0
     6   1.000000000000000       1   0 0  0 0  1 0  0 0
     7  0.8636036526507633E-01   1   0 0  0 0  0 1  0 0
     8  -.8636036500105819E-01   1   0 0  0 0  0 0  1 0
     9  -.2640501113291306E-09   1   0 0  0 0  0 0  0 1
    10  -.1666416218595571E-01   2   2 0  0 0  0 0  0 0
    11  0.6401940989449226E-01   2   1 1  0 0  0 0  0 0
    12  -.8008567628875773E-01   2   0 2  0 0  0 0  0 0
    13  0.1391951920443821E-05   2   1 0  1 0  0 0  0 0
    14  0.5420486929017072E-04   2   0 1  1 0  0 0  0 0
    15  -.1845342234344211E-01   2   0 0  2 0  0 0  0 0
    16  0.5420495796867881E-04   2   1 0  0 1  0 0  0 0
    17  0.1092049376238219E-04   2   0 1  0 1  0 0  0 0
    18  -.7524606881515407E-01   2   0 0  1 1  0 0  0 0
    19  -.9411466891364532E-01   2   0 0  0 2  0 0  0 0
    20  0.4315760841557883E-05   2   1 0  0 0  0 1  0 0
    21  -.7155509060019089E-05   2   0 1  0 0  0 1  0 0
    22  0.3350941540828044E-06   2   0 0  1 0  0 1  0 0
    23  0.7709951502707544E-06   2   0 0  0 1  0 1  0 0
    24  0.1402774422539369E-05   2   1 0  0 0  0 0  1 0
    25  -.2255635037146671E-05   2   0 1  0 0  0 0  1 0
    26  0.2046282819575522E-06   2   0 0  1 0  0 0  1 0
    27  0.2857039754922107E-06   2   0 0  0 1  0 0  1 0
    28  -.5718454259570754E-05   2   1 0  0 0  0 0  0 1
    29  0.4502284129578205E-05   2   0 1  0 0  0 0  0 1
    30  -.5397232799245248E-06   2   0 0  1 0  0 0  0 1
    31  -.5707494932673351E-06   2   0 0  0 1  0 0  0 1
    32  -.6487860734227817E-01   2   0 0  0 0  0 2  0 0
    33  0.4339684902755683E-01   2   0 0  0 0  0 1  1 0
    34  0.2148175792258834E-01   2   0 0  0 0  0 0  2 0
    35  0.3917951108982672E-09   2   0 0  0 0  0 1  0 1
    36  0.1281972550301738E-09   2   0 0  0 0  0 0  1 1
    37  -.1279769012458491E-09   2   0 0  0 0  0 0  0 2
    38  0.2929193695592353E-04   3   3 0  0 0  0 0  0 0
    39  -.1634905605327396E-03   3   2 1  0 0  0 0  0 0
    40  0.1607559001971119E-04   3   1 2  0 0  0 0  0 0
    41  0.1185093471127566E-04   3   0 3  0 0  0 0  0 0
    42  -.5026426768760594E-05   3   2 0  1 0  0 0  0 0
    43  -.1141687778674651E-04   3   1 1  1 0  0 0  0 0
    44  0.2666323186609994E-05   3   0 2  1 0  0 0  0 0
    45  -.4466778984685387E-04   3   1 0  2 0  0 0  0 0
    46  0.9811262418287899E-04   3   0 1  2 0  0 0  0 0
    47  -.2064696355499980E-05   3   0 0  3 0  0 0  0 0
    48  -.5921585354170110E-05   3   2 0  0 1  0 0  0 0
    49  -.2099520621873625E-06   3   1 1  0 1  0 0  0 0
    50  -.4469496481917420E-06   3   0 2  0 1  0 0  0 0
    51  0.2062873859098094E-03   3   1 0  1 1  0 0  0 0
    52  -.9071161232836955E-05   3   0 1  1 1  0 0  0 0
    53  -.1943663699681590E-05   3   0 0  2 1  0 0  0 0
    54  -.6111303329471671E-04   3   1 0  0 2  0 0  0 0
    55  -.1886443425501382E-06   3   0 1  0 2  0 0  0 0
    56  -.6779796926492356E-05   3   0 0  1 2  0 0  0 0
    57  -.1506581852061176E-05   3   0 0  0 3  0 0  0 0
    58  0.2455217663218604E-01   3   2 0  0 0  0 1  0 0
    59  -.9331707536548775E-01   3   1 1  0 0  0 1  0 0
    60  0.1168505319852604       3   0 2  0 0  0 1  0 0
    61  -.2786850301196471E-05   3   1 0  1 0  0 1  0 0
    62  -.8138391844104666E-04   3   0 1  1 0  0 1  0 0
    63  0.2813099194567090E-01   3   0 0  2 0  0 1  0 0
    64  -.8137878577658081E-04   3   1 0  0 1  0 1  0 0
    65  -.2186595399633847E-04   3   0 1  0 1  0 1  0 0
    66  0.1157732547109897       3   0 0  1 1  0 1  0 0
    67  0.1449163613828044       3   0 0  0 2  0 1  0 0
    68  0.7917111379493613E-02   3   2 0  0 0  0 0  1 0
    69  -.2941303272172043E-01   3   1 1  0 0  0 0  1 0
    70  0.3690875240624474E-01   3   0 2  0 0  0 0  1 0
    71  -.1393692324993799E-05   3   1 0  1 0  0 0  1 0
    72  -.2726850060556644E-04   3   0 1  1 0  0 0  1 0
    73  0.9706611297697322E-02   3   0 0  2 0  0 0  1 0
    74  -.2726482799301645E-04   3   1 0  0 1  0 0  1 0
    75  -.1093775308890718E-04   3   0 1  0 1  0 0  1 0
    76  0.4064232675447940E-01   3   0 0  1 1  0 0  1 0
    77  0.5094534324153837E-01   3   0 0  0 2  0 0  1 0
    78  -.3246923384022755E-01   3   2 0  0 0  0 0  0 1
    79  0.5871107542225734E-01   3   1 1  0 0  0 0  0 1
    80  0.6411594658107346E-02   3   0 2  0 0  0 0  0 1
    81  0.4179380492666747E-05   3   1 0  1 0  0 0  0 1
    82  0.5444505160248411E-04   3   0 1  1 0  0 0  0 1
    83  -.3783748095356226E-01   3   0 0  2 0  0 0  0 1
    84  0.5444297508726547E-04   3   1 0  0 1  0 0  0 1
    85  0.1093300599291888E-04   3   0 1  0 1  0 0  0 1
    86  -.8116961490085482E-01   3   0 0  1 1  0 0  0 1
    87  -.7632583459120760E-02   3   0 0  0 2  0 0  0 1
    88  -.5338422858522126E-05   3   1 0  0 0  0 2  0 0
    89  0.8741215848192831E-05   3   0 1  0 0  0 2  0 0
    90  -.4602948559896387E-06   3   0 0  1 0  0 2  0 0
    91  -.9954450009417782E-06   3   0 0  0 1  0 2  0 0
    92  -.2047945857833420E-05   3   1 0  0 0  0 1  1 0
    93  0.3176037243594617E-05   3   0 1  0 0  0 1  1 0
    94  -.2509316663822913E-06   3   0 0  1 0  0 1  1 0
    95  -.4493022640283488E-06   3   0 0  0 1  0 1  1 0
    96  -.1027726534602961E-05   3   1 0  0 0  0 0  2 0
    97  0.1594611467790218E-05   3   0 1  0 0  0 0  2 0
    98  -.1256030602074731E-06   3   0 0  1 0  0 0  2 0
    99  -.2251821504006595E-06   3   0 0  0 1  0 0  2 0
   100  0.8409279939634918E-05   3   1 0  0 0  0 1  0 1
   101  -.6348054409389413E-05   3   0 1  0 0  0 1  0 1
   102  0.8364249904770189E-06   3   0 0  1 0  0 1  0 1
   103  0.8981756127880772E-06   3   0 0  0 1  0 1  0 1
   104  0.2700872878562879E-05   3   1 0  0 0  0 0  1 1
   105  -.1854591678635548E-05   3   0 1  0 0  0 0  1 1
   106  0.2975072784908339E-06   3   0 0  1 0  0 0  1 1
   107  0.3282323493289159E-06   3   0 0  0 1  0 0  1 1
   108  -.2695885865291165E-05   3   1 0  0 0  0 0  0 2
   109  -.4009874284787304E-06   3   0 1  0 0  0 0  0 2
   110  -.2971047791130624E-06   3   0 0  1 0  0 0  0 2
   111  -.4245486364159737E-07   3   0 0  0 1  0 0  0 2
   112  0.5408364648373365E-01   3   0 0  0 0  0 3  0 0
   113  -.3249394829142086E-01   3   0 0  0 0  0 2  1 0
   114  -.1090294054555682E-01   3   0 0  0 0  0 1  2 0
   115  -.1068687176053747E-01   3   0 0  0 0  0 0  3 0
   116  -.8766521192787784E-08   3   0 0  0 0  0 2  0 1
   117  -.5252101493873568E-08   3   0 0  0 0  0 1  1 1
   118  -.2627485246416548E-08   3   0 0  0 0  0 0  2 1
   119  -.1943115108634941E-09   3   0 0  0 0  0 1  0 2
   120  -.1582847193845672E-09   3   0 0  0 0  0 0  1 2
   121  -.7123162327255038E-13   3   0 0  0 0  0 0  0 3
   122  -.4538692285497770E-01   4   4 0  0 0  0 0  0 0
   123  -.9430165170582458E-01   4   3 1  0 0  0 0  0 0
   124  0.6894312155278931E-01   4   2 2  0 0  0 0  0 0
   125  0.1009999877505706       4   1 3  0 0  0 0  0 0
   126  -.4877582330231674E-01   4   0 4  0 0  0 0  0 0
   127  0.2358400973746962E-03   4   3 0  1 0  0 0  0 0
   128  0.7129308277281959E-04   4   2 1  1 0  0 0  0 0
   129  -.6259755903407097E-04   4   1 2  1 0  0 0  0 0
   130  0.7127903678458152E-04   4   0 3  1 0  0 0  0 0
   131  -.3937421730830057       4   2 0  2 0  0 0  0 0
   132  -.1466823688458467       4   1 1  2 0  0 0  0 0
   133  0.1509202654428887       4   0 2  2 0  0 0  0 0
   134  -.1345478999580488E-03   4   1 0  3 0  0 0  0 0
   135  0.4130189044711822E-04   4   0 1  3 0  0 0  0 0
   136  -.1104586396420194       4   0 0  4 0  0 0  0 0
   137  0.3054444883791222E-04   4   3 0  0 1  0 0  0 0
   138  0.2465520786416249E-03   4   2 1  0 1  0 0  0 0
   139  0.1042527832148517E-03   4   1 2  0 1  0 0  0 0
   140  0.2692060849884951E-04   4   0 3  0 1  0 0  0 0
   141  -.1727728300113691       4   2 0  1 1  0 0  0 0
   142  -.3158510023044130E-02   4   1 1  1 1  0 0  0 0
   143  -.8213281805796971E-01   4   0 2  1 1  0 0  0 0
   144  0.1035619690261747E-03   4   1 0  2 1  0 0  0 0
   145  0.4325343494927587E-03   4   0 1  2 1  0 0  0 0
   146  -.2527910747831681       4   0 0  3 1  0 0  0 0
   147  -.2462388090664576       4   2 0  0 2  0 0  0 0
   148  0.5862584543919439E-01   4   1 1  0 2  0 0  0 0
   149  -.1321223202960932       4   0 2  0 2  0 0  0 0
   150  0.1233443285795093E-03   4   1 0  1 2  0 0  0 0
   151  0.1787346421797927E-03   4   0 1  1 2  0 0  0 0
   152  -.4062779290788209       4   0 0  2 2  0 0  0 0
   153  0.9609283031034110E-04   4   1 0  0 3  0 0  0 0
   154  0.3322441300245015E-04   4   0 1  0 3  0 0  0 0
   155  -.1882732645230849       4   0 0  1 3  0 0  0 0
   156  -.8739289324888239E-01   4   0 0  0 4  0 0  0 0
   157  -.1528998510860757E-03   4   3 0  0 0  0 1  0 0
   158  0.3580456785418163E-03   4   2 1  0 0  0 1  0 0
   159  0.4368198810887609E-03   4   1 2  0 0  0 1  0 0
   160  -.3197112021323863E-03   4   0 3  0 0  0 1  0 0
   161  -.5600725013498680E-05   4   2 0  1 0  0 1  0 0
   162  0.1513220463387953E-04   4   1 1  1 0  0 1  0 0
   163  -.6202572148715530E-05   4   0 2  1 0  0 1  0 0
   164  -.1308686487651081E-03   4   1 0  2 0  0 1  0 0
   165  0.2189781605872377E-03   4   0 1  2 0  0 1  0 0
   166  -.1146972086457985E-04   4   0 0  3 0  0 1  0 0
   167  -.1328722185543915E-04   4   2 0  0 1  0 1  0 0
   168  0.6749309223287908E-05   4   1 1  0 1  0 1  0 0
   169  -.1362275022512144E-04   4   0 2  0 1  0 1  0 0
   170  -.2953803980764236E-03   4   1 0  1 1  0 1  0 0
   171  -.2487021771026008E-03   4   0 1  1 1  0 1  0 0
   172  -.3964910386534949E-04   4   0 0  2 1  0 1  0 0
   173  0.2063828414246366E-03   4   1 0  0 2  0 1  0 0
   174  -.4225888143697832E-03   4   0 1  0 2  0 1  0 0
   175  -.2473290090937154E-04   4   0 0  1 2  0 1  0 0
   176  -.1780636548997529E-04   4   0 0  0 3  0 1  0 0
   177  -.6112991821913823E-04   4   3 0  0 0  0 0  1 0
   178  0.1100834435496992E-03   4   2 1  0 0  0 0  1 0
   179  0.2568956934735028E-03   4   1 2  0 0  0 0  1 0
   180  -.1839387290640429E-03   4   0 3  0 0  0 0  1 0
   181  -.3119508527539125E-05   4   2 0  1 0  0 0  1 0
   182  0.5342969691777331E-05   4   1 1  1 0  0 0  1 0
   183  -.3460446441477956E-05   4   0 2  1 0  0 0  1 0
   184  -.7208767908315430E-04   4   1 0  2 0  0 0  1 0
   185  0.1253933902723080E-03   4   0 1  2 0  0 0  1 0
   186  -.6051389841032375E-05   4   0 0  3 0  0 0  1 0
   187  -.8178366079836978E-05   4   2 0  0 1  0 0  1 0
   188  0.3956015778443203E-05   4   1 1  0 1  0 0  1 0
   189  -.8168103805001142E-05   4   0 2  0 1  0 0  1 0
   190  -.8336042701481178E-04   4   1 0  1 1  0 0  1 0
   191  -.1523395901006559E-03   4   0 1  1 1  0 0  1 0
   192  -.2104907141523083E-04   4   0 0  2 1  0 0  1 0
   193  0.1135491604289114E-03   4   1 0  0 2  0 0  1 0
   194  -.2539368739685909E-03   4   0 1  0 2  0 0  1 0
   195  -.1570993240611134E-04   4   0 0  1 2  0 0  1 0
   196  -.1105715625984156E-04   4   0 0  0 3  0 0  1 0
   197  0.1536268333321037E-03   4   3 0  0 0  0 0  0 1
   198  -.1313797344725288E-03   4   2 1  0 0  0 0  0 1
   199  -.1403038689852299E-03   4   1 2  0 0  0 0  0 1
   200  -.2814735182654385E-04   4   0 3  0 0  0 0  0 1
   201  0.5147373742552369E-05   4   2 0  1 0  0 0  0 1
   202  -.1081742351322186E-04   4   1 1  1 0  0 0  0 1
   203  0.2600441703920238E-05   4   0 2  1 0  0 0  0 1
   204  0.1090032596147948E-03   4   1 0  2 0  0 0  0 1
   205  -.5754608707207072E-04   4   0 1  2 0  0 0  0 1
   206  0.1225312178085609E-04   4   0 0  3 0  0 0  0 1
   207  0.6210615760649853E-05   4   2 0  0 1  0 0  0 1
   208  -.2537328396193327E-05   4   1 1  0 1  0 0  0 1
   209  -.2814793780950680E-07   4   0 2  0 1  0 0  0 1
   210  0.1642727571906062E-03   4   1 0  1 1  0 0  0 1
   211  0.1034842399062883E-03   4   0 1  1 1  0 0  0 1
   212  0.2536549527029493E-04   4   0 0  2 1  0 0  0 1
   213  -.9684789570918190E-04   4   1 0  0 2  0 0  0 1
   214  0.2179471641907791E-05   4   0 1  0 2  0 0  0 1
   215  0.1072697398459844E-04   4   0 0  1 2  0 0  0 1
   216  0.1359432204049694E-05   4   0 0  0 3  0 0  0 1
   217  -.3026132071320922E-01   4   2 0  0 0  0 2  0 0
   218  0.1140155274581566       4   1 1  0 0  0 2  0 0
   219  -.1429130870738707       4   0 2  0 0  0 2  0 0
   220  0.4182450826555161E-05   4   1 0  1 0  0 2  0 0
   221  0.1018652192938502E-03   4   0 1  1 0  0 2  0 0
   222  -.3562972404882136E-01   4   0 0  2 0  0 2  0 0
   223  0.1018677554517414E-03   4   1 0  0 1  0 2  0 0
   224  0.3278581862464234E-04   4   0 1  0 1  0 2  0 0
   225  -.1477033286304951       4   0 0  1 1  0 2  0 0
   226  -.1850230440946496       4   0 0  0 2  0 2  0 0
   227  -.1143309585239526E-01   4   2 0  0 0  0 1  1 0
   228  0.4145485334054397E-01   4   1 1  0 0  0 1  1 0
   229  -.5219731845146097E-01   4   0 2  0 0  0 1  1 0
   230  0.2789437181958614E-05   4   1 0  1 0  0 1  1 0
   231  0.4101018752001019E-04   4   0 1  1 0  0 1  1 0
   232  -.1501235711048972E-01   4   0 0  2 0  0 1  1 0
   233  0.4101855114444121E-04   4   1 0  0 1  0 1  1 0
   234  0.2185394113444815E-04   4   0 1  0 1  0 1  1 0
   235  -.6391831284335950E-01   4   0 0  1 1  0 1  1 0
   236  -.8028566221704433E-01   4   0 0  0 2  0 1  1 0
   237  -.5738269623369477E-02   4   2 0  0 0  0 0  2 0
   238  0.2081334481763881E-01   4   1 1  0 0  0 0  2 0
   239  -.2620575805779133E-01   4   0 2  0 0  0 0  2 0
   240  0.1396143713261080E-05   4   1 0  1 0  0 0  2 0
   241  0.2057191816679838E-04   4   0 1  1 0  0 0  2 0
   242  -.7527860503044320E-02   4   0 0  2 0  0 0  2 0
   243  0.2057690613509922E-04   4   1 0  0 1  0 0  2 0
   244  0.1092701724603563E-04   4   0 1  0 1  0 0  2 0
   245  -.3204484963067581E-01   4   0 0  1 1  0 0  2 0
   246  -.4024965243565990E-01   4   0 0  0 2  0 0  2 0
   247  0.4740368354690038E-01   4   2 0  0 0  0 1  0 1
   248  -.8285098449829910E-01   4   1 1  0 0  0 1  0 1
   249  -.1252905195527884E-01   4   0 2  0 0  0 1  0 1
   250  -.8363884712528799E-05   4   1 0  1 0  0 1  0 1
   251  -.8198191794126997E-04   4   0 1  1 0  0 1  0 1
   252  0.5814110770184055E-01   4   0 0  2 0  0 1  0 1
   253  -.8198246127805052E-04   4   1 0  0 1  0 1  0 1
   254  -.2188428648884608E-04   4   0 1  0 1  0 1  0 1
   255  0.1277783837906459       4   0 0  1 1  0 1  0 1
   256  0.1558227823695334E-01   4   0 0  0 2  0 1  0 1
   257  0.1499264620947968E-01   4   2 0  0 0  0 0  1 1
   258  -.2425470708637770E-01   4   1 1  0 0  0 0  1 1
   259  -.6118368082479874E-02   4   0 2  0 0  0 0  1 1
   260  -.4184440497353475E-05   4   1 0  1 0  0 0  1 1
   261  -.2762612087211858E-04   4   0 1  1 0  0 0  1 1
   262  0.2036176027495925E-01   4   0 0  2 0  0 0  1 1
   263  -.2762872506343378E-04   4   1 0  0 1  0 0  1 1
   264  -.1095109753418812E-04   4   0 1  0 1  0 0  1 1
   265  0.4672328196081355E-01   4   0 0  1 1  0 0  1 1
   266  0.7948550638594225E-02   4   0 0  0 2  0 0  1 1
   267  -.1496356696474909E-01   4   2 0  0 0  0 0  0 2
   268  -.5158343020340631E-02   4   1 1  0 0  0 0  0 2
   269  -.2937220322796080E-03   4   0 2  0 0  0 0  0 2
   270  0.4181496939515749E-05   4   1 0  1 0  0 0  0 2
   271  0.3599194657754539E-06   4   0 1  1 0  0 0  0 2
   272  -.2033278058365877E-01   4   0 0  2 0  0 0  0 2
   273  0.3592591907631905E-06   4   1 0  0 1  0 0  0 2
   274  0.1793203021008834E-07   4   0 1  0 1  0 0  0 2
   275  -.6081230939172592E-02   4   0 0  1 1  0 0  0 2
   276  -.3165508454937928E-03   4   0 0  0 2  0 0  0 2
   277  0.8888080582574302E-04   4   1 0  0 0  0 3  0 0
   278  -.2180800350076890E-03   4   0 1  0 0  0 3  0 0
   279  -.3455341778849887E-05   4   0 0  1 0  0 3  0 0
   280  -.8865961050693153E-05   4   0 0  0 1  0 3  0 0
   281  0.3373515628627248E-04   4   1 0  0 0  0 2  1 0
   282  -.8294965534332661E-04   4   0 1  0 0  0 2  1 0
   283  -.1593183547788645E-05   4   0 0  1 0  0 2  1 0
   284  -.4184718577856210E-05   4   0 0  0 1  0 2  1 0
   285  0.1960091784352403E-04   4   1 0  0 0  0 1  2 0
   286  -.4824878141417964E-04   4   0 1  0 0  0 1  2 0
   287  -.9880784303644065E-06   4   0 0  1 0  0 1  2 0
   288  -.2577351082564739E-05   4   0 0  0 1  0 1  2 0
   289  0.1132262298682193E-04   4   1 0  0 0  0 0  3 0
   290  -.2783975755444507E-04   4   0 1  0 0  0 0  3 0
   291  -.5333851832370293E-06   4   0 0  1 0  0 0  3 0
   292  -.1400691166802292E-05   4   0 0  0 1  0 0  3 0
   293  -.7205319798224417E-04   4   1 0  0 0  0 2  0 1
   294  -.1725372541966567E-04   4   0 1  0 0  0 2  0 1
   295  0.3081899441493402E-05   4   0 0  1 0  0 2  0 1
   296  0.6380389776236093E-06   4   0 0  0 1  0 2  0 1
   297  -.2346240913719518E-04   4   1 0  0 0  0 1  1 1
   298  -.1311052634228122E-04   4   0 1  0 0  0 1  1 1
   299  0.1426619858193660E-05   4   0 0  1 0  0 1  1 1
   300  0.5178458703833425E-06   4   0 0  0 1  0 1  1 1
   301  -.1179235033817151E-04   4   1 0  0 0  0 0  2 1
   302  -.6551139330792956E-05   4   0 1  0 0  0 0  2 1
   303  0.7148656296848243E-06   4   0 0  1 0  0 0  2 1
   304  0.2586877283331306E-06   4   0 0  0 1  0 0  2 1
   305  -.3093590870539288E-05   4   1 0  0 0  0 1  0 2
   306  -.2628659768954370E-06   4   0 1  0 0  0 1  0 2
   307  -.1142665220966458E-06   4   0 0  1 0  0 1  0 2
   308  -.9080757319720394E-08   4   0 0  0 1  0 1  0 2
   309  -.2122437773878854E-05   4   1 0  0 0  0 0  1 2
   310  -.2250522656703736E-06   4   0 1  0 0  0 0  1 2
   311  -.8061006378430048E-07   4   0 0  1 0  0 0  1 2
   312  -.7834870453232693E-08   4   0 0  0 1  0 0  1 2
   313  -.7541671796652822E-08   4   1 0  0 0  0 0  0 3
   314  0.2805540796314634E-10   4   0 1  0 0  0 0  0 3
   315  0.2483331071511336E-09   4   0 0  1 0  0 0  0 3
   316  -.1275860549835831E-11   4   0 0  0 1  0 0  0 3
   317  -.4733006761999749E-01   4   0 0  0 0  0 4  0 0
   318  0.2706901919630684E-01   4   0 0  0 0  0 3  1 0
   319  0.8137217372342728E-02   4   0 0  0 0  0 2  2 0
   320  0.5478073969985400E-02   4   0 0  0 0  0 1  3 0
   321  0.6645606103012599E-02   4   0 0  0 0  0 0  4 0
   322  0.4204979010930998E-09   4   0 0  0 0  0 3  0 1
   323  -.8175993393564437E-08   4   0 0  0 0  0 2  1 1
   324  -.5357477577696232E-08   4   0 0  0 0  0 1  2 1
   325  -.2862119168431294E-08   4   0 0  0 0  0 0  3 1
   326  0.1489717755781750E-10   4   0 0  0 0  0 2  0 2
   327  -.1692965200073007E-09   4   0 0  0 0  0 1  1 2
   328  -.3783056105015864E-10   4   0 0  0 0  0 0  2 2
   329  0.4452321033817941E-13   4   0 0  0 0  0 1  0 3
   330  -.2638212984300618E-13   4   0 0  0 0  0 0  1 3
   ----------------------------------------------------
     I  COEFFICIENT            ORDER EXPONENTS
     1   1.000000000000000       1   0 0  0 0  0 1  0 0
     --------------------------------------------------
     I  COEFFICIENT            ORDER EXPONENTS
     1   1.000000000000000       1   0 0  0 0  0 0  1 0
     --------------------------------------------------
     I  COEFFICIENT            ORDER EXPONENTS
     1   1.000000000000000       1   0 0  0 0  0 0  0 1
     --------------------------------------------------
