     I  COEFFICIENT            ORDER EXPONENTS
     1   1.000000000000000       1   1 0  0 0  0 0  0 0  0
     2  0.7999060000000000       1   0 1  0 0  0 0  0 0  0
     3  -.4006219523449184       2   0 1  0 0  0 1  0 0  0
     4  -.3992840476550816       2   0 1  0 0  0 0  1 0  0
     5  0.3999530000000000       3   0 3  0 0  0 0  0 0  0
     6  0.3999530000000000       3   0 1  0 2  0 0  0 0  0
     7  0.3003000653283846       3   0 1  0 0  0 2  0 0  0
     8  0.2006437740330676       3   0 1  0 0  0 1  1 0  0
     9  0.2989621606385478       3   0 1  0 0  0 0  2 0  0
    10  -.6009329285173777       4   0 3  0 0  0 1  0 0  0
    11  -.6009329285173777       4   0 1  0 2  0 1  0 0  0
    12  -.5989260714826223       4   0 3  0 0  0 0  1 0  0
    13  -.5989260714826223       4   0 1  0 2  0 0  1 0  0
    14  -.2502219028769348       4   0 1  0 0  0 3  0 0  0
    15  -.1502344873543494       4   0 1  0 0  0 2  1 0  0
    16  -.1507311736952520       4   0 1  0 0  0 1  2 0  0
    17  -.2487184360734638       4   0 1  0 0  0 0  3 0  0
    ------------------------------------------------------
     I  COEFFICIENT            ORDER EXPONENTS
     1   1.000000000000000       1   0 1  0 0  0 0  0 0  0
     -----------------------------------------------------
     I  COEFFICIENT            ORDER EXPONENTS
     1   1.000000000000000       1   0 0  1 0  0 0  0 0  0
     2  0.7999060000000000       1   0 0  0 1  0 0  0 0  0
     3  -.4006219523449184       2   0 0  0 1  0 1  0 0  0
     4  -.3992840476550816       2   0 0  0 1  0 0  1 0  0
     5  0.3999530000000000       3   0 2  0 1  0 0  0 0  0
     6  0.3999530000000000       3   0 0  0 3  0 0  0 0  0
     7  0.3003000653283846       3   0 0  0 1  0 2  0 0  0
     8  0.2006437740330676       3   0 0  0 1  0 1  1 0  0
     9  0.2989621606385478       3   0 0  0 1  0 0  2 0  0
    10  -.6009329285173777       4   0 2  0 1  0 1  0 0  0
    11  -.6009329285173777       4   0 0  0 3  0 1  0 0  0
    12  -.5989260714826223       4   0 2  0 1  0 0  1 0  0
    13  -.5989260714826223       4   0 0  0 3  0 0  1 0  0
    14  -.2502219028769348       4   0 0  0 1  0 3  0 0  0
    15  -.1502344873543494       4   0 0  0 1  0 2  1 0  0
    16  -.1507311736952520       4   0 0  0 1  0 1  2 0  0
    17  -.2487184360734638       4   0 0  0 1  0 0  3 0  0
    ------------------------------------------------------
     I  COEFFICIENT            ORDER EXPONENTS
     1   1.000000000000000       1   0 0  0 1  0 0  0 0  0
     -----------------------------------------------------
     I  COEFFICIENT            ORDER EXPONENTS
     1   1.000000000000000       1   0 0  0 0  1 0  0 0  0
     2  0.1993081070923652       1   0 0  0 0  0 1  0 0  0
     3  -.1993081070923652       1   0 0  0 0  0 0  1 0  0
     4  -.2003109761724592       2   0 2  0 0  0 0  0 0  0
     5  -.2003109761724592       2   0 0  0 2  0 0  0 0  0
     6  -.1497310989944695       2   0 0  0 0  0 2  0 0  0
     7  0.1001540908965739       2   0 0  0 0  0 1  1 0  0
     8  0.4957700809789562E-01   2   0 0  0 0  0 0  2 0  0
     9  0.3003000653283847       3   0 2  0 0  0 1  0 0  0
    10  0.3003000653283847       3   0 0  0 2  0 1  0 0  0
    11  0.1003218870165338       3   0 2  0 0  0 0  1 0  0
    12  0.1003218870165338       3   0 0  0 2  0 0  1 0  0
    13  0.1248179340875766       3   0 0  0 0  0 3  0 0  0
    14  -.7499160427379067E-01   3   0 0  0 0  0 2  1 0  0
    15  -.2516248662278314E-01   3   0 0  0 0  0 1  2 0  0
    16  -.2466384319100273E-01   3   0 0  0 0  0 0  3 0  0
    17  -.1502332321293444       4   0 4  0 0  0 0  0 0  0
    18  -.3004664642586889       4   0 2  0 2  0 0  0 0  0
    19  -.1502332321293444       4   0 0  0 4  0 0  0 0  0
    20  -.3753328543154023       4   0 2  0 0  0 2  0 0  0
    21  -.3753328543154023       4   0 0  0 2  0 2  0 0  0
    22  -.1502344873543494       4   0 2  0 0  0 1  1 0  0
    23  -.1502344873543494       4   0 0  0 2  0 1  1 0  0
    24  -.7536558684762612E-01   4   0 2  0 0  0 0  2 0  0
    25  -.7536558684762612E-01   4   0 0  0 2  0 0  2 0  0
    26  -.1092314061237442       4   0 0  0 0  0 4  0 0  0
    27  0.6247182223224704E-01   4   0 0  0 0  0 3  1 0  0
    28  0.1877967306231536E-01   4   0 0  0 0  0 2  2 0  0
    29  0.1264270458123951E-01   4   0 0  0 0  0 1  3 0  0
    30  0.1533720624794214E-01   4   0 0  0 0  0 0  4 0  0
    ------------------------------------------------------
     I  COEFFICIENT            ORDER EXPONENTS
     1   1.000000000000000       1   0 0  0 0  0 1  0 0  0
     -----------------------------------------------------
     I  COEFFICIENT            ORDER EXPONENTS
     1   1.000000000000000       1   0 0  0 0  0 0  1 0  0
     -----------------------------------------------------
     I  COEFFICIENT            ORDER EXPONENTS
     1   1.000000000000000       1   0 0  0 0  0 0  0 1  0
     -----------------------------------------------------
