     I  COEFFICIENT            ORDER EXPONENTS
     1   1.000000000000000       1   1 0  0 0  0 0  0 0
     2  0.1696500000000000       1   0 1  0 0  0 0  0 0
     3  -.8496687637711857E-01   2   0 1  0 0  0 1  0 0
     4  -.8468312362288143E-01   2   0 1  0 0  0 0  1 0
     5  0.8482500000000000E-01   3   0 3  0 0  0 0  0 0
     6  0.8482500000000000E-01   3   0 1  0 2  0 0  0 0
     7  0.6368986616297470E-01   3   0 1  0 0  0 2  0 0
     8  0.4255402042828772E-01   3   0 1  0 0  0 1  1 0
     9  0.6340611340873757E-01   3   0 1  0 0  0 0  2 0
    10  -.1274503145656778       4   0 3  0 0  0 1  0 0
    11  -.1274503145656778       4   0 1  0 2  0 1  0 0
    12  -.1270246854343221       4   0 3  0 0  0 0  1 0
    13  -.1270246854343221       4   0 1  0 2  0 0  1 0
    14  -.5306891787669049E-01   4   0 1  0 0  0 3  0 0
    15  -.3186284485885264E-01   4   0 1  0 0  0 2  1 0
    16  -.3196818578357895E-01   4   0 1  0 0  0 1  2 0
    17  -.5275005148087791E-01   4   0 1  0 0  0 0  3 0
    ---------------------------------------------------
     I  COEFFICIENT            ORDER EXPONENTS
     1   1.000000000000000       1   0 1  0 0  0 0  0 0
     --------------------------------------------------
     I  COEFFICIENT            ORDER EXPONENTS
     1   1.000000000000000       1   0 0  1 0  0 0  0 0
     2  0.1696500000000000       1   0 0  0 1  0 0  0 0
     3  -.8496687637711857E-01   2   0 0  0 1  0 1  0 0
     4  -.8468312362288143E-01   2   0 0  0 1  0 0  1 0
     5  0.8482500000000000E-01   3   0 2  0 1  0 0  0 0
     6  0.8482500000000000E-01   3   0 0  0 3  0 0  0 0
     7  0.6368986616297470E-01   3   0 0  0 1  0 2  0 0
     8  0.4255402042828772E-01   3   0 0  0 1  0 1  1 0
     9  0.6340611340873757E-01   3   0 0  0 1  0 0  2 0
    10  -.1274503145656778       4   0 2  0 1  0 1  0 0
    11  -.1274503145656778       4   0 0  0 3  0 1  0 0
    12  -.1270246854343221       4   0 2  0 1  0 0  1 0
    13  -.1270246854343221       4   0 0  0 3  0 0  1 0
    14  -.5306891787669049E-01   4   0 0  0 1  0 3  0 0
    15  -.3186284485885264E-01   4   0 0  0 1  0 2  1 0
    16  -.3196818578357895E-01   4   0 0  0 1  0 1  2 0
    17  -.5275005148087791E-01   4   0 0  0 1  0 0  3 0
    ---------------------------------------------------
     I  COEFFICIENT            ORDER EXPONENTS
     1   1.000000000000000       1   0 0  0 1  0 0  0 0
     --------------------------------------------------
     I  COEFFICIENT            ORDER EXPONENTS
     1   1.000000000000000       1   0 0  0 0  1 0  0 0
     2  0.4227074227249171E-01   1   0 0  0 0  0 1  0 0
     3  -.4227074227249170E-01   1   0 0  0 0  0 0  1 0
     4  -.4248343818855929E-01   2   0 2  0 0  0 0  0 0
     5  -.4248343818855929E-01   2   0 0  0 2  0 0  0 0
     6  -.3175608252021082E-01   2   0 0  0 0  0 2  0 0
     7  0.2124142276792993E-01   2   0 0  0 0  0 1  1 0
     8  0.1051465975228088E-01   2   0 0  0 0  0 0  2 0
     9  0.6368986616297471E-01   3   0 2  0 0  0 1  0 0
    10  0.6368986616297471E-01   3   0 0  0 2  0 1  0 0
    11  0.2127701021414387E-01   3   0 2  0 0  0 0  1 0
    12  0.2127701021414387E-01   3   0 0  0 2  0 0  1 0
    13  0.2647231364429991E-01   3   0 0  0 0  0 3  0 0
    14  -.1590477589247810E-01   3   0 0  0 0  0 2  1 0
    15  -.5336646875451816E-02   3   0 0  0 0  0 1  2 0
    16  -.5230890876369989E-02   3   0 0  0 0  0 0  3 0
    17  -.3186257864141948E-01   4   0 4  0 0  0 0  0 0
    18  -.6372515728283895E-01   4   0 2  0 2  0 0  0 0
    19  -.3186257864141948E-01   4   0 0  0 4  0 0  0 0
    20  -.7960337681503576E-01   4   0 2  0 0  0 2  0 0
    21  -.7960337681503576E-01   4   0 0  0 2  0 2  0 0
    22  -.3186284485885263E-01   4   0 2  0 0  0 1  1 0
    23  -.3186284485885263E-01   4   0 0  0 2  0 1  1 0
    24  -.1598409289178949E-01   4   0 2  0 0  0 0  2 0
    25  -.1598409289178949E-01   4   0 0  0 2  0 0  2 0
    26  -.2316660713745515E-01   4   0 0  0 0  0 4  0 0
    27  0.1324948761692087E-01   4   0 0  0 0  0 3  1 0
    28  0.3982932413335820E-02   4   0 0  0 0  0 2  2 0
    29  0.2681358599894586E-02   4   0 0  0 0  0 1  3 0
    30  0.3252828507303839E-02   4   0 0  0 0  0 0  4 0
    ---------------------------------------------------
     I  COEFFICIENT            ORDER EXPONENTS
     1   1.000000000000000       1   0 0  0 0  0 1  0 0
     --------------------------------------------------
     I  COEFFICIENT            ORDER EXPONENTS
     1   1.000000000000000       1   0 0  0 0  0 0  1 0
     --------------------------------------------------
     I  COEFFICIENT            ORDER EXPONENTS
     1   1.000000000000000       1   0 0  0 0  0 0  0 1
     --------------------------------------------------
