     I  COEFFICIENT            ORDER EXPONENTS
     1  -.7859693213574757E-04   0   0 0  0 0  0 0  0 0
     2  0.9960942545474740       1   1 0  0 0  0 0  0 0
     3  0.4781426436472897       1   0 1  0 0  0 0  0 0
     4  0.6503041230766728E-04   1   0 0  1 0  0 0  0 0
     5  0.9490662793239029E-04   1   0 0  0 1  0 0  0 0
     6  0.4766451035660201E-01   1   0 0  0 0  0 1  0 0
     7  0.4750533143100494E-01   1   0 0  0 0  0 0  1 0
     8  -.9516984178761555E-01   1   0 0  0 0  0 0  0 1
     9  -.3962715152844004E-02   2   2 0  0 0  0 0  0 0
    10  0.3892362790626573       2   1 1  0 0  0 0  0 0
    11  0.4599720726308732E-01   2   0 2  0 0  0 0  0 0
    12  -.1512056111171847E-04   2   1 0  1 0  0 0  0 0
    13  -.7241971927645318E-04   2   0 1  1 0  0 0  0 0
    14  0.4987229222555114E-01   2   0 0  2 0  0 0  0 0
    15  0.8508417670686168E-04   2   1 0  0 1  0 0  0 0
    16  0.1387438479552004E-04   2   0 1  0 1  0 0  0 0
    17  -.3703798528911896       2   0 0  1 1  0 0  0 0
    18  -.1453792845247367       2   0 0  0 2  0 0  0 0
    19  0.4082007037313041E-01   2   1 0  0 0  0 1  0 0
    20  -.2200415376410797       2   0 1  0 0  0 1  0 0
    21  0.5042072924035425E-05   2   0 0  1 0  0 1  0 0
    22  -.7658289102386773E-04   2   0 0  0 1  0 1  0 0
    23  0.4068374892775777E-01   2   1 0  0 0  0 0  1 0
    24  -.2193066937229025       2   0 1  0 0  0 0  1 0
    25  0.5025234573136072E-05   2   0 0  1 0  0 0  1 0
    26  -.7632713716798848E-04   2   0 0  0 1  0 0  1 0
    27  -.8150381967135151E-01   2   1 0  0 0  0 0  0 1
    28  -.3879441224522865E-01   2   0 1  0 0  0 0  0 1
    29  -.1006728445475777E-04   2   0 0  1 0  0 0  0 1
    30  0.5800344180685640E-04   2   0 0  0 1  0 0  0 1
    31  -.3472346137578908E-01   2   0 0  0 0  0 2  0 0
    32  -.2186831586860541E-01   2   0 0  0 0  0 1  1 0
    33  -.3457098460150294E-01   2   0 0  0 0  0 0  2 0
    34  0.4365072829040465E-01   2   0 0  0 0  0 1  0 1
    35  0.4350495366733992E-01   2   0 0  0 0  0 0  1 1
    36  0.4007079905600639E-02   2   0 0  0 0  0 0  0 2
    37  0.9183445535866093E-01   3   3 0  0 0  0 0  0 0
    38  -.3593923978642622E-02   3   2 1  0 0  0 0  0 0
    39  0.3131530408031041E-01   3   1 2  0 0  0 0  0 0
    40  0.2187445270922382       3   0 3  0 0  0 0  0 0
    41  0.2400079714861049E-04   3   2 0  1 0  0 0  0 0
    42  -.1946427345046114E-03   3   1 1  1 0  0 0  0 0
    43  -.3259034603043286E-04   3   0 2  1 0  0 0  0 0
    44  0.1278385378435438E-01   3   1 0  2 0  0 0  0 0
    45  0.6531449608134328       3   0 1  2 0  0 0  0 0
    46  -.6622866716862930E-03   3   0 0  3 0  0 0  0 0
    47  0.4257583007761722E-05   3   2 0  0 1  0 0  0 0
    48  -.2041285597329706E-04   3   1 1  0 1  0 0  0 0
    49  0.1977837434398327E-03   3   0 2  0 1  0 0  0 0
    50  -.8532946125477940E-02   3   1 0  1 1  0 0  0 0
    51  0.1621937859441382       3   0 1  1 1  0 0  0 0
    52  0.1328013552119548E-03   3   0 0  2 1  0 0  0 0
    53  -.1318363441551205       3   1 0  0 2  0 0  0 0
    54  0.2346689587749987       3   0 1  0 2  0 0  0 0
    55  0.1952091045406339E-03   3   0 0  1 2  0 0  0 0
    56  0.4635470803744939E-04   3   0 0  0 3  0 0  0 0
    57  0.1879798220636328E-02   3   2 0  0 0  0 1  0 0
    58  -.1918566528901633       3   1 1  0 0  0 1  0 0
    59  0.2026852756854418E-01   3   0 2  0 0  0 1  0 0
    60  0.2135021705068447E-05   3   1 0  1 0  0 1  0 0
    61  0.2013899355794259E-03   3   0 1  1 0  0 1  0 0
    62  -.1493241707710711E-01   3   0 0  2 0  0 1  0 0
    63  -.7076962152057254E-04   3   1 0  0 1  0 1  0 0
    64  0.6244088064748859E-04   3   0 1  0 1  0 1  0 0
    65  0.3675921546270757       3   0 0  1 1  0 1  0 0
    66  0.2209492048028232       3   0 0  0 2  0 1  0 0
    67  0.1873520504598515E-02   3   2 0  0 0  0 0  1 0
    68  -.1912159343419766       3   1 1  0 0  0 0  1 0
    69  0.2020083942032543E-01   3   0 2  0 0  0 0  1 0
    70  0.2127891652570581E-05   3   1 0  1 0  0 0  1 0
    71  0.2007173799750199E-03   3   0 1  1 0  0 0  1 0
    72  -.1488254923855986E-01   3   0 0  2 0  0 0  1 0
    73  -.7053328147985387E-04   3   1 0  0 1  0 0  1 0
    74  0.6223235501236867E-04   3   0 1  0 1  0 0  1 0
    75  0.3663645552288298       3   0 0  1 1  0 0  1 0
    76  0.2202113296674465       3   0 0  0 2  0 0  1 0
    77  -.3763393332223888E-02   3   2 0  0 0  0 0  0 1
    78  -.6163612328309327E-02   3   1 1  0 0  0 0  0 1
    79  -.1324638938840456       3   0 2  0 0  0 0  0 1
    80  -.4247307043613902E-05   3   1 0  1 0  0 0  0 1
    81  -.3298889830739446E-03   3   0 1  1 0  0 0  0 1
    82  0.2981496801074551E-01   3   0 0  2 0  0 0  0 1
    83  0.5626374741315588E-04   3   1 0  0 1  0 0  0 1
    84  -.1526975953897411E-03   3   0 1  0 1  0 0  0 1
    85  -.3635770476421971       3   0 0  1 1  0 0  0 1
    86  -.1504021151648449       3   0 0  0 2  0 0  0 1
    87  -.3103601557505586E-01   3   1 0  0 0  0 2  0 0
    88  0.1638677404444765       3   0 1  0 0  0 2  0 0
    89  0.5506011826225499E-05   3   0 0  1 0  0 2  0 0
    90  0.7809856293518201E-04   3   0 0  0 1  0 2  0 0
    91  -.2131686226513170E-01   3   1 0  0 0  0 1  1 0
    92  0.1080667470844464       3   0 1  0 0  0 1  1 0
    93  0.1603782619593071E-04   3   0 0  1 0  0 1  1 0
    94  0.7964400833856569E-04   3   0 0  0 1  0 1  1 0
    95  -.3089677408950139E-01   3   1 0  0 0  0 0  2 0
    96  0.1631400446189805       3   0 1  0 0  0 0  2 0
    97  0.5460844404969282E-05   3   0 0  1 0  0 0  2 0
    98  0.7770475905390721E-04   3   0 0  0 1  0 0  2 0
    99  0.4256884649221496E-01   3   1 0  0 0  0 1  0 1
   100  0.4280621759350449E-02   3   0 1  0 0  0 1  0 1
   101  -.3222002949892379E-04   3   0 0  1 0  0 1  0 1
   102  -.8282534013319355E-04   3   0 0  0 1  0 1  0 1
   103  0.4242668488816525E-01   3   1 0  0 0  0 0  1 1
   104  0.4266326327226137E-02   3   0 1  0 0  0 0  1 1
   105  -.3211242848424914E-04   3   0 0  1 0  0 0  1 1
   106  -.8254873918720724E-04   3   0 0  0 1  0 0  1 1
   107  -.1745867437754938E-02   3   1 0  0 0  0 0  0 2
   108  0.3452099010367646E-01   3   0 1  0 0  0 0  0 2
   109  0.3728871318350460E-04   3   0 0  1 0  0 0  0 2
   110  0.2473199368669764E-04   3   0 0  0 1  0 0  0 2
   111  0.2868356262566041E-01   3   0 0  0 0  0 3  0 0
   112  0.1662138854998828E-01   3   0 0  0 0  0 2  1 0
   113  0.1668133239589791E-01   3   0 0  0 0  0 1  2 0
   114  0.2851221560013448E-01   3   0 0  0 0  0 0  3 0
   115  -.3322522889876149E-01   3   0 0  0 0  0 2  0 1
   116  -.2286890062018278E-01   3   0 0  0 0  0 1  1 1
   117  -.3307608481439366E-01   3   0 0  0 0  0 0  2 1
   118  0.1008994577489296E-02   3   0 0  0 0  0 1  0 2
   119  0.1005624970383793E-02   3   0 0  0 0  0 0  1 2
   120  -.3342930188621173E-02   3   0 0  0 0  0 0  0 3
   121  0.4397614834687725       4   4 0  0 0  0 0  0 0
   122  0.1785230337483986E-01   4   3 1  0 0  0 0  0 0
   123  -.6102680660740173E-02   4   2 2  0 0  0 0  0 0
   124  0.1981921349494695       4   1 3  0 0  0 0  0 0
   125  0.1288874269574088E-01   4   0 4  0 0  0 0  0 0
   126  0.2007118462748803E-03   4   3 0  1 0  0 0  0 0
   127  -.3307940066061026E-04   4   2 1  1 0  0 0  0 0
   128  -.4354315074122236E-04   4   1 2  1 0  0 0  0 0
   129  0.1877202609443814E-03   4   0 3  1 0  0 0  0 0
   130  0.1668896394834665E-02   4   2 0  2 0  0 0  0 0
   131  0.6060804948420378E-01   4   1 1  2 0  0 0  0 0
   132  0.1289441573472861       4   0 2  2 0  0 0  0 0
   133  -.5598589435112616E-03   4   1 0  3 0  0 0  0 0
   134  -.2371208816136192E-03   4   0 1  3 0  0 0  0 0
   135   1.752158495117623       4   0 0  4 0  0 0  0 0
   136  0.4772528778773187E-05   4   3 0  0 1  0 0  0 0
   137  -.1263909609652211E-04   4   2 1  0 1  0 0  0 0
   138  0.9204230178597025E-04   4   1 2  0 1  0 0  0 0
   139  0.1968952534098714E-03   4   0 3  0 1  0 0  0 0
   140  -.5673956897111237E-02   4   2 0  1 1  0 0  0 0
   141  0.2475958782637074       4   1 1  1 1  0 0  0 0
   142  -1.166819110113398       4   0 2  1 1  0 0  0 0
   143  0.7904824556608702E-04   4   1 0  2 1  0 0  0 0
   144  -.2303178243751702E-03   4   0 1  2 1  0 0  0 0
   145  0.3865123376148135       4   0 0  3 1  0 0  0 0
   146  -.1798647529612730E-01   4   2 0  0 2  0 0  0 0
   147  0.1878131605018808       4   1 1  0 2  0 0  0 0
   148  -.2772876403577023       4   0 2  0 2  0 0  0 0
   149  0.1713743841916837E-03   4   1 0  1 2  0 0  0 0
   150  -.2303500531385657E-03   4   0 1  1 2  0 0  0 0
   151  -.4133091010298068       4   0 0  2 2  0 0  0 0
   152  -.1659778068053559E-04   4   1 0  0 3  0 0  0 0
   153  0.8744835137318065E-04   4   0 1  0 3  0 0  0 0
   154  -.1195209775914592       4   0 0  1 3  0 0  0 0
   155  -.9775825260092708E-01   4   0 0  0 4  0 0  0 0
   156  -.4207490883137951E-01   4   3 0  0 0  0 1  0 0
   157  0.1382581028789516E-03   4   2 1  0 0  0 1  0 0
   158  0.2856078348319679E-01   4   1 2  0 0  0 1  0 0
   159  -.3073562190097235       4   0 3  0 0  0 1  0 0
   160  -.8383885664787758E-05   4   2 0  1 0  0 1  0 0
   161  0.1732076725918012E-03   4   1 1  1 0  0 1  0 0
   162  0.4945050139392537E-03   4   0 2  1 0  0 1  0 0
   163  -.4137292131184094E-02   4   1 0  2 0  0 1  0 0
   164  -.9622769172434729       4   0 1  2 0  0 1  0 0
   165  -.2922502950689832E-03   4   0 0  3 0  0 1  0 0
   166  0.7295525087257428E-05   4   2 0  0 1  0 1  0 0
   167  -.7027432126729022E-04   4   1 1  0 1  0 1  0 0
   168  0.1948285430422925E-03   4   0 2  0 1  0 1  0 0
   169  0.1058806756155695E-02   4   1 0  1 1  0 1  0 0
   170  -.6185079267282156       4   0 1  1 1  0 1  0 0
   171  -.1146092819502524E-03   4   0 0  2 1  0 1  0 0
   172  0.1967586725954112       4   1 0  0 2  0 1  0 0
   173  -.4359405490603153       4   0 1  0 2  0 1  0 0
   174  -.8486051874113102E-04   4   0 0  1 2  0 1  0 0
   175  0.1136706373093448E-03   4   0 0  0 3  0 1  0 0
   176  -.4193439676627554E-01   4   3 0  0 0  0 0  1 0
   177  0.1377963803917304E-03   4   2 1  0 0  0 0  1 0
   178  0.2846540277341813E-01   4   1 2  0 0  0 0  1 0
   179  -.3063297816803243       4   0 3  0 0  0 0  1 0
   180  -.8355887099346252E-05   4   2 0  1 0  0 0  1 0
   181  0.1726292336018262E-03   4   1 1  1 0  0 0  1 0
   182  0.4928535802786049E-03   4   0 2  1 0  0 0  1 0
   183  -.4123475358256734E-02   4   1 0  2 0  0 0  1 0
   184  -.9590633269921999       4   0 1  2 0  0 0  1 0
   185  -.2912743050162908E-03   4   0 0  3 0  0 0  1 0
   186  0.7271161177162336E-05   4   2 0  0 1  0 0  1 0
   187  -.7003963531598864E-04   4   1 1  0 1  0 0  1 0
   188  0.1941778996616076E-03   4   0 2  0 1  0 0  1 0
   189  0.1055270797837502E-02   4   1 0  1 1  0 0  1 0
   190  -.6164423767726330       4   0 1  1 1  0 0  1 0
   191  -.1142265363345355E-03   4   0 0  2 1  0 0  1 0
   192  0.1961015834137284       4   1 0  0 2  0 0  1 0
   193  -.4344846954764975       4   0 1  0 2  0 0  1 0
   194  -.8457712117556761E-04   4   0 0  1 2  0 0  1 0
   195  0.1132910263622591E-03   4   0 0  0 3  0 0  1 0
   196  -.9289716468865386E-02   4   3 0  0 0  0 0  0 1
   197  0.3319962499039466E-02   4   2 1  0 0  0 0  0 1
   198  -.1199503895814017       4   1 2  0 0  0 0  0 1
   199  -.4255974585147983E-01   4   0 3  0 0  0 0  0 1
   200  -.1053023559411362E-04   4   2 0  1 0  0 0  0 1
   201  -.2581757276176247E-03   4   1 1  1 0  0 0  0 1
   202  -.3203078942683290E-03   4   0 2  1 0  0 0  0 1
   203  0.8250803773692396E-02   4   1 0  2 0  0 0  0 1
   204   1.268112852551583       4   0 1  2 0  0 0  0 1
   205  0.5106482876427350E-03   4   0 0  3 0  0 0  0 1
   206  -.4614836260037587E-05   4   2 0  0 1  0 0  0 1
   207  -.8696635151514788E-04   4   1 1  0 1  0 0  0 1
   208  -.1720174259424760E-03   4   0 2  0 1  0 0  0 1
   209  0.6336998017086004E-02   4   1 0  1 1  0 0  0 1
   210  0.9117293277667743       4   0 1  1 1  0 0  0 1
   211  0.2777908472947786E-03   4   0 0  2 1  0 0  0 1
   212  -.1292826998355955       4   1 0  0 2  0 0  0 1
   213  0.1668029408690201       4   0 1  0 2  0 0  0 1
   214  0.1670967767281196E-03   4   0 0  1 2  0 0  0 1
   215  -.3090625171719348E-04   4   0 0  0 3  0 0  0 1
   216  -.1749788728642850E-02   4   2 0  0 0  0 2  0 0
   217  0.1540565455884747       4   1 1  0 0  0 2  0 0
   218  -.6412500494125742E-01   4   0 2  0 0  0 2  0 0
   219  0.6505635049187694E-05   4   1 0  1 0  0 2  0 0
   220  0.2033831214633516E-03   4   0 1  1 0  0 2  0 0
   221  -.1223640091816036E-01   4   0 0  2 0  0 2  0 0
   222  -.2148007856974683E-04   4   1 0  0 1  0 2  0 0
   223  0.2365923321854955E-03   4   0 1  0 1  0 2  0 0
   224  -.3873167297991426       4   0 0  1 1  0 2  0 0
   225  -.2867075593384151       4   0 0  0 2  0 2  0 0
   226  -.1620697578278754E-02   4   2 0  0 0  0 1  1 0
   227  0.1165160965186305       4   1 1  0 0  0 1  1 0
   228  -.1078396336135446       4   0 2  0 0  0 1  1 0
   229  0.1440317078156034E-04   4   1 0  1 0  0 1  1 0
   230  0.2755015865094513E-03   4   0 1  1 0  0 1  1 0
   231  -.3938068673522200E-01   4   0 0  2 0  0 1  1 0
   232  -.3926806608973912E-04   4   1 0  0 1  0 1  1 0
   233  0.3015015367394376E-03   4   0 1  0 1  0 1  1 0
   234  -.4070064135708406       4   0 0  1 1  0 1  1 0
   235  -.3521023681676173       4   0 0  0 2  0 1  1 0
   236  -.1741238972515858E-02   4   2 0  0 0  0 0  2 0
   237  0.1533475063329692       4   1 1  0 0  0 0  2 0
   238  -.6373078610301547E-01   4   0 2  0 0  0 0  2 0
   239  0.6459858839407083E-05   4   1 0  1 0  0 0  2 0
   240  0.2022438811853485E-03   4   0 1  1 0  0 0  2 0
   241  -.1212977934971884E-01   4   0 0  2 0  0 0  2 0
   242  -.2134277515333698E-04   4   1 0  0 1  0 0  2 0
   243  0.2352987731386802E-03   4   0 1  0 1  0 0  2 0
   244  -.3853436457996796       4   0 0  1 1  0 0  2 0
   245  -.2851621445415879       4   0 0  0 2  0 0  2 0
   246  0.3245161639870052E-02   4   2 0  0 0  0 1  0 1
   247  -.4094396101114491E-01   4   1 1  0 0  0 1  0 1
   248  0.1758922311633367       4   0 2  0 0  0 1  0 1
   249  -.2907863232039905E-04   4   1 0  1 0  0 1  0 1
   250  -.3043010418833012E-03   4   0 1  1 0  0 1  0 1
   251  0.7910161676349821E-01   4   0 0  2 0  0 1  0 1
   252  0.9035447805674978E-06   4   1 0  0 1  0 1  0 1
   253  -.9677449348405250E-04   4   0 1  0 1  0 1  0 1
   254  0.4467602044407440       4   0 0  1 1  0 1  0 1
   255  0.2629772550010040       4   0 0  0 2  0 1  0 1
   256  0.3234324198357304E-02   4   2 0  0 0  0 0  1 1
   257  -.4080722582442669E-01   4   1 1  0 0  0 0  1 1
   258  0.1753048269045289       4   0 2  0 0  0 0  1 1
   259  -.2898152221864902E-04   4   1 0  1 0  0 0  1 1
   260  -.3032848075290056E-03   4   0 1  1 0  0 0  1 1
   261  0.7883745144898623E-01   4   0 0  2 0  0 0  1 1
   262  0.9005273303445534E-06   4   1 0  0 1  0 0  1 1
   263  -.9645130837666873E-04   4   0 1  0 1  0 0  1 1
   264  0.4452682178702253       4   0 0  1 1  0 0  1 1
   265  0.2620990242881666       4   0 0  0 2  0 0  1 1
   266  -.1358277325353688E-02   4   2 0  0 0  0 0  0 2
   267  0.4709848856026375E-01   4   1 1  0 0  0 0  0 2
   268  0.2313265879916341E-01   4   0 2  0 0  0 0  0 2
   269  0.2908053244822202E-04   4   1 0  1 0  0 0  0 2
   270  0.9186745526118012E-04   4   0 1  1 0  0 0  0 2
   271  -.9408502954198168E-01   4   0 0  2 0  0 0  0 2
   272  0.1528169919589234E-04   4   1 0  0 1  0 0  0 2
   273  0.4668452945511102E-04   4   0 1  0 1  0 0  0 2
   274  -.8266143910145748E-01   4   0 0  1 1  0 0  0 2
   275  -.3699676097829634E-01   4   0 0  0 2  0 0  0 2
   276  0.2692514031839006E-01   4   1 0  0 0  0 3  0 0
   277  -.1394786087067850       4   0 1  0 0  0 3  0 0
   278  0.7272968475131389E-04   4   0 0  1 0  0 3  0 0
   279  0.9538179965550277E-04   4   0 0  0 1  0 3  0 0
   280  0.1876269787386196E-01   4   1 0  0 0  0 2  1 0
   281  -.9081126231715385E-01   4   0 1  0 0  0 2  1 0
   282  0.7767702676052366E-04   4   0 0  1 0  0 2  1 0
   283  0.1392385907372447E-03   4   0 0  0 1  0 2  1 0
   284  0.1880313600172682E-01   4   1 0  0 0  0 1  2 0
   285  -.9105272091671662E-01   4   0 1  0 0  0 1  2 0
   286  0.7765102707392506E-04   4   0 0  1 0  0 1  2 0
   287  0.1390173009112507E-03   4   0 0  0 1  0 1  2 0
   288  0.2675903823479683E-01   4   1 0  0 0  0 0  3 0
   289  -.1386287847821128       4   0 1  0 0  0 0  3 0
   290  0.7223608665102416E-04   4   0 0  1 0  0 0  3 0
   291  0.9467227826415783E-04   4   0 0  0 1  0 0  3 0
   292  -.3754217045690511E-01   4   1 0  0 0  0 2  0 1
   293  0.1774470417635670E-01   4   0 1  0 0  0 2  0 1
   294  -.8243220153120345E-04   4   0 0  1 0  0 2  0 1
   295  -.9719246679081530E-04   4   0 0  0 1  0 2  0 1
   296  -.3255551097520979E-01   4   1 0  0 0  0 1  1 1
   297  0.3968175303499689E-01   4   0 1  0 0  0 1  1 1
   298  -.9503783301498168E-04   4   0 0  1 0  0 1  1 1
   299  -.1278027198475472E-03   4   0 0  0 1  0 1  1 1
   300  -.3736243509565902E-01   4   1 0  0 0  0 0  2 1
   301  0.1761918453274705E-01   4   0 1  0 0  0 0  2 1
   302  -.8199822079391292E-04   4   0 0  1 0  0 0  2 1
   303  -.9665448282612329E-04   4   0 0  0 1  0 0  2 1
   304  0.1126139537775253E-01   4   1 0  0 0  0 1  0 2
   305  -.4412412088716494E-01   4   0 1  0 0  0 1  0 2
   306  0.1816614264553677E-04   4   0 0  1 0  0 1  0 2
   307  0.1198987441483341E-04   4   0 0  0 1  0 1  0 2
   308  0.1122378716981033E-01   4   1 0  0 0  0 0  1 2
   309  -.4397676533681544E-01   4   0 1  0 0  0 0  1 2
   310  0.1810547555702739E-04   4   0 0  1 0  0 0  1 2
   311  0.1194983340081441E-04   4   0 0  0 1  0 0  1 2
   312  -.6338939739878988E-02   4   1 0  0 0  0 0  0 3
   313  -.5162439362960650E-02   4   0 1  0 0  0 0  0 3
   314  -.7316934212496045E-05   4   0 0  1 0  0 0  0 3
   315  -.4849924008482737E-05   4   0 0  0 1  0 0  0 3
   316  -.2512675331647467E-01   4   0 0  0 0  0 4  0 0
   317  -.1453480954561457E-01   4   0 0  0 0  0 3  1 0
   318  -.1350987071640438E-01   4   0 0  0 0  0 2  2 0
   319  -.1460833594102593E-01   4   0 0  0 0  0 1  3 0
   320  -.2493491762931002E-01   4   0 0  0 0  0 0  4 0
   321  0.2908554091497975E-01   4   0 0  0 0  0 3  0 1
   322  0.2082153250539375E-01   4   0 0  0 0  0 2  1 1
   323  0.2086244327157525E-01   4   0 0  0 0  0 1  2 1
   324  0.2890519033158292E-01   4   0 0  0 0  0 0  3 1
   325  -.4209075376936756E-02   4   0 0  0 0  0 2  0 2
   326  -.7395366008564380E-02   4   0 0  0 0  0 1  1 2
   327  -.4182670211024811E-02   4   0 0  0 0  0 0  2 2
   328  0.4272235124938364E-02   4   0 0  0 0  0 1  0 3
   329  0.4257967700559131E-02   4   0 0  0 0  0 0  1 3
   330  0.3753215756050852E-03   4   0 0  0 0  0 0  0 4
   ----------------------------------------------------
     I  COEFFICIENT            ORDER EXPONENTS
     1  0.1352059707781579E-05   0   0 0  0 0  0 0  0 0
     2  -.4675354797332711E-01   1   1 0  0 0  0 0  0 0
     3  0.9814785370009207       1   0 1  0 0  0 0  0 0
     4  0.1040048984266758E-04   1   0 0  1 0  0 0  0 0
     5  0.6597696506589790E-04   1   0 0  0 1  0 0  0 0
     6  0.1974867548361698       1   0 0  0 0  0 1  0 0
     7  0.1968272341735365       1   0 0  0 0  0 0  1 0
     8  -.3943126369500002       1   0 0  0 0  0 0  0 1
     9  -.1319489949694190E-01   2   2 0  0 0  0 0  0 0
    10  -.2312795461665854E-01   2   1 1  0 0  0 0  0 0
    11  -.1994723746777588       2   0 2  0 0  0 0  0 0
    12  0.5156399891640051E-05   2   1 0  1 0  0 0  0 0
    13  0.3711477306773063E-05   2   0 1  1 0  0 0  0 0
    14  -.1348759123011611E-01   2   0 0  2 0  0 0  0 0
    15  -.7102126584278899E-05   2   1 0  0 1  0 0  0 0
    16  -.3647722906396708E-04   2   0 1  0 1  0 0  0 0
    17  0.6154635307189599E-01   2   0 0  1 1  0 0  0 0
    18  -.1842545697436466       2   0 0  0 2  0 0  0 0
    19  -.7334541728206438E-03   2   1 0  0 0  0 1  0 0
    20  -.3024512808584097E-01   2   0 1  0 0  0 1  0 0
    21  -.1399884628668113E-04   2   0 0  1 0  0 1  0 0
    22  -.3497120001944616E-05   2   0 0  0 1  0 1  0 0
    23  -.7310047519343006E-03   2   1 0  0 0  0 0  1 0
    24  -.3014412239088618E-01   2   0 1  0 0  0 0  1 0
    25  -.1395209617229087E-04   2   0 0  1 0  0 0  1 0
    26  -.3485441128073158E-05   2   0 0  0 1  0 0  1 0
    27  -.4528909026692050E-01   2   1 0  0 0  0 0  0 1
    28  0.6038925025275027E-01   2   0 1  0 0  0 0  0 1
    29  0.3835141856737705E-04   2   0 0  1 0  0 0  0 1
    30  0.6982550741910952E-05   2   0 0  0 1  0 0  0 1
    31  -.5210658708463442E-01   2   0 0  0 0  0 2  0 0
    32  0.9230476895205438E-01   2   0 0  0 0  0 1  1 0
    33  -.5208670261363212E-01   2   0 0  0 0  0 0  2 0
    34  0.1190840519430030E-01   2   0 0  0 0  0 1  0 1
    35  0.1186863625237222E-01   2   0 0  0 0  0 0  1 1
    36  -.1188852070046157E-01   2   0 0  0 0  0 0  0 2
    37  0.2777771285157238       3   3 0  0 0  0 0  0 0
    38  0.1182252594911064       3   2 1  0 0  0 0  0 0
    39  0.5601582396628944E-01   3   1 2  0 0  0 0  0 0
    40  0.3966261965862351E-01   3   0 3  0 0  0 0  0 0
    41  0.1020845000818086E-03   3   2 0  1 0  0 0  0 0
    42  0.5754591365916320E-04   3   1 1  1 0  0 0  0 0
    43  0.6370835931988191E-04   3   0 2  1 0  0 0  0 0
    44  -.1099497876226338E-01   3   1 0  2 0  0 0  0 0
    45  -.4466522474553437E-01   3   0 1  2 0  0 0  0 0
    46  0.7173360851412445E-03   3   0 0  3 0  0 0  0 0
    47  0.3891977476220225E-04   3   2 0  0 1  0 0  0 0
    48  0.1954159506902371E-04   3   1 1  0 1  0 0  0 0
    49  0.9934382493414922E-05   3   0 2  0 1  0 0  0 0
    50  -.8207483930206745E-02   3   1 0  1 1  0 0  0 0
    51  0.4162936107209493E-01   3   0 1  1 1  0 0  0 0
    52  -.9195688396631892E-04   3   0 0  2 1  0 0  0 0
    53  0.1128103288007464E-01   3   1 0  0 2  0 0  0 0
    54  -.3068642441923559E-01   3   0 1  0 2  0 0  0 0
    55  -.1161786790171675E-03   3   0 0  1 2  0 0  0 0
    56  -.3920344208740765E-04   3   0 0  0 3  0 0  0 0
    57  0.1236379624700424E-01   3   2 0  0 0  0 1  0 0
    58  0.2342054677754514E-01   3   1 1  0 0  0 1  0 0
    59  0.1157949587580000       3   0 2  0 0  0 1  0 0
    60  -.3877372260052470E-05   3   1 0  1 0  0 1  0 0
    61  0.4309473369137226E-05   3   0 1  1 0  0 1  0 0
    62  0.1643992244397743E-01   3   0 0  2 0  0 1  0 0
    63  0.4111549050401675E-05   3   1 0  0 1  0 1  0 0
    64  0.3956464457974897E-04   3   0 1  0 1  0 1  0 0
    65  -.4801451547164363E-01   3   0 0  1 1  0 1  0 0
    66  0.8028839688165437E-01   3   0 0  0 2  0 1  0 0
    67  0.1232250649519151E-01   3   2 0  0 0  0 0  1 0
    68  0.2334233224339683E-01   3   1 1  0 0  0 0  1 0
    69  0.1154082534926618       3   0 2  0 0  0 0  1 0
    70  -.3864423507490970E-05   3   1 0  1 0  0 0  1 0
    71  0.4295081585067106E-05   3   0 1  1 0  0 0  1 0
    72  0.1638502018709929E-01   3   0 0  2 0  0 0  1 0
    73  0.4097818248267239E-05   3   1 0  0 1  0 0  1 0
    74  0.3943251571555616E-04   3   0 1  0 1  0 0  1 0
    75  -.4785416767978276E-01   3   0 0  1 1  0 0  1 0
    76  0.8002026823294006E-01   3   0 0  0 2  0 0  1 0
    77  -.3789079882573766E-01   3   2 0  0 0  0 0  0 1
    78  -.4675224310595484E-01   3   1 1  0 0  0 0  0 1
    79  -.3172831470492236E-01   3   0 2  0 0  0 0  0 1
    80  0.1289797140975616E-04   3   1 0  1 0  0 0  0 1
    81  -.8586110980617961E-05   3   0 1  1 0  0 0  0 1
    82  -.4631247773882904E-01   3   0 0  2 0  0 0  0 1
    83  -.8204270254521317E-05   3   1 0  0 1  0 0  0 1
    84  -.4253270697577074E-04   3   0 1  0 1  0 0  0 1
    85  0.9586881829771821E-01   3   0 0  1 1  0 0  0 1
    86  0.2394595313128349E-01   3   0 0  0 2  0 0  0 1
    87  0.1140929499462420E-02   3   1 0  0 0  0 2  0 0
    88  0.2483832925333015E-01   3   0 1  0 0  0 2  0 0
    89  0.1154232086262963E-04   3   0 0  1 0  0 2  0 0
    90  0.4513484878696112E-05   3   0 0  0 1  0 2  0 0
    91  0.1545675135222622E-02   3   1 0  0 0  0 1  1 0
    92  0.1946730790302142E-01   3   0 1  0 0  0 1  1 0
    93  0.9101196403670535E-05   3   0 0  1 0  0 1  1 0
    94  0.5520014567256922E-05   3   0 0  0 1  0 1  1 0
    95  0.1134538342114862E-02   3   1 0  0 0  0 0  2 0
    96  0.2472287372675236E-01   3   0 1  0 0  0 0  2 0
    97  0.1148857744758485E-04   3   0 0  1 0  0 0  2 0
    98  0.4489194549126931E-05   3   0 0  0 1  0 0  2 0
    99  -.3826474348629879E-02   3   1 0  0 0  0 1  0 1
   100  -.3889833609017458E-01   3   0 1  0 0  0 1  0 1
   101  -.3218521830297057E-04   3   0 0  1 0  0 1  0 1
   102  -.1104041438450148E-04   3   0 0  0 1  0 1  0 1
   103  -.3813695573161850E-02   3   1 0  0 0  0 0  1 1
   104  -.3876843240921740E-01   3   0 1  0 0  0 0  1 1
   105  -.3207773354268932E-04   3   0 0  1 0  0 0  1 1
   106  -.1100354415785480E-04   3   0 0  0 1  0 0  1 1
   107  0.3819026642081759E-02   3   1 0  0 0  0 0  0 2
   108  0.8638252897820088E-02   3   0 1  0 0  0 0  0 2
   109  0.3212954464410093E-04   3   0 0  1 0  0 0  0 2
   110  0.7526311981346154E-05   3   0 0  0 1  0 0  0 2
   111  0.2770627755478663E-01   3   0 0  0 0  0 3  0 0
   112  -.2133214648780634E-01   3   0 0  0 0  0 2  1 0
   113  -.2108695918049373E-01   3   0 0  0 0  0 1  2 0
   114  0.2760298866126182E-01   3   0 0  0 0  0 0  3 0
   115  -.9680085069613700E-02   3   0 0  0 0  0 2  0 1
   116  -.7466514064533064E-02   3   0 0  0 0  0 1  1 1
   117  -.9635290286902782E-02   3   0 0  0 0  0 0  2 1
   118  0.7459087116032591E-02   3   0 0  0 0  0 1  0 2
   119  0.7434176979241446E-02   3   0 0  0 0  0 0  1 2
   120  -.1001547139078056E-02   3   0 0  0 0  0 0  0 3
   121   1.376265585781526       4   4 0  0 0  0 0  0 0
   122   1.241520093187770       4   3 1  0 0  0 0  0 0
   123  0.9841505189282063       4   2 2  0 0  0 0  0 0
   124  0.3029449812034726       4   1 3  0 0  0 0  0 0
   125  -.2404816917435974E-01   4   0 4  0 0  0 0  0 0
   126  0.7035918765127682E-03   4   3 0  1 0  0 0  0 0
   127  0.4114844116644245E-03   4   2 1  1 0  0 0  0 0
   128  0.2474620549856814E-03   4   1 2  1 0  0 0  0 0
   129  0.1145270294545979E-04   4   0 3  1 0  0 0  0 0
   130  0.1835532640196631E-01   4   2 0  2 0  0 0  0 0
   131  -.2565157145933863E-02   4   1 1  2 0  0 0  0 0
   132  -.6134998178602558E-01   4   0 2  2 0  0 0  0 0
   133  0.1671030808213648E-03   4   1 0  3 0  0 0  0 0
   134  -.2740503385938387E-03   4   0 1  3 0  0 0  0 0
   135  -.4313127413511106       4   0 0  4 0  0 0  0 0
   136  0.3881553160556229E-03   4   3 0  0 1  0 0  0 0
   137  0.5728504529617419E-03   4   2 1  0 1  0 0  0 0
   138  0.2562181605258958E-03   4   1 2  0 1  0 0  0 0
   139  -.2128860998843539E-04   4   0 3  0 1  0 0  0 0
   140  -.9862880867031586E-01   4   2 0  1 1  0 0  0 0
   141  -.8173198888965699E-01   4   1 1  1 1  0 0  0 0
   142  0.1524896009433988       4   0 2  1 1  0 0  0 0
   143  0.1131165779241065E-03   4   1 0  2 1  0 0  0 0
   144  -.7084559061538930E-03   4   0 1  2 1  0 0  0 0
   145   1.037964615167846       4   0 0  3 1  0 0  0 0
   146  -.3692324853616506E-01   4   2 0  0 2  0 0  0 0
   147  -.2257727595899781E-01   4   1 1  0 2  0 0  0 0
   148  -.8058870735862562E-01   4   0 2  0 2  0 0  0 0
   149  0.7022351910920298E-04   4   1 0  1 2  0 0  0 0
   150  -.2813646770864214E-03   4   0 1  1 2  0 0  0 0
   151  0.7174041493861496       4   0 0  2 2  0 0  0 0
   152  0.2049210696482699E-04   4   1 0  0 3  0 0  0 0
   153  -.4457086029579129E-04   4   0 1  0 3  0 0  0 0
   154  0.3060686621583186       4   0 0  1 3  0 0  0 0
   155  0.1054477282999183E-01   4   0 0  0 4  0 0  0 0
   156  0.1261308688838812       4   3 0  0 0  0 1  0 0
   157  0.1404575132204375       4   2 1  0 0  0 1  0 0
   158  0.3968412632190544E-01   4   1 2  0 0  0 1  0 0
   159  -.4954968329042023E-01   4   0 3  0 0  0 1  0 0
   160  0.5161852964701573E-04   4   2 0  1 0  0 1  0 0
   161  0.1406106374910361E-04   4   1 1  1 0  0 1  0 0
   162  -.1309579289288613E-03   4   0 2  1 0  0 1  0 0
   163  0.5563766882681488E-02   4   1 0  2 0  0 1  0 0
   164  0.4058025832946060E-01   4   0 1  2 0  0 1  0 0
   165  -.4184805028604647E-03   4   0 0  3 0  0 1  0 0
   166  0.2512945343526626E-04   4   2 0  0 1  0 1  0 0
   167  0.1372899078348393E-04   4   1 1  0 1  0 1  0 0
   168  -.2318661675979091E-04   4   0 2  0 1  0 1  0 0
   169  0.6184705615965852E-02   4   1 0  1 1  0 1  0 0
   170  -.1815839601907663E-01   4   0 1  1 1  0 1  0 0
   171  -.6856438647816961E-03   4   0 0  2 1  0 1  0 0
   172  -.1719764614645972E-01   4   1 0  0 2  0 1  0 0
   173  0.4991930230456655E-01   4   0 1  0 2  0 1  0 0
   174  -.4272337669801284E-03   4   0 0  1 2  0 1  0 0
   175  -.5006511883137542E-04   4   0 0  0 3  0 1  0 0
   176  0.1257096461325437       4   3 0  0 0  0 0  1 0
   177  0.1399884456504742       4   2 1  0 0  0 0  1 0
   178  0.3955159844017713E-01   4   1 2  0 0  0 0  1 0
   179  -.4938420869955924E-01   4   0 3  0 0  0 0  1 0
   180  0.5144614600080747E-04   4   2 0  1 0  0 0  1 0
   181  0.1401410585519426E-04   4   1 1  1 0  0 0  1 0
   182  -.1305205858769880E-03   4   0 2  1 0  0 0  1 0
   183  0.5545186298750765E-02   4   1 0  2 0  0 0  1 0
   184  0.4044473775299819E-01   4   0 1  2 0  0 0  1 0
   185  -.4170829583072888E-03   4   0 0  3 0  0 0  1 0
   186  0.2504553188926130E-04   4   2 0  0 1  0 0  1 0
   187  0.1368314187019203E-04   4   1 1  0 1  0 0  1 0
   188  -.2310918345109949E-04   4   0 2  0 1  0 0  1 0
   189  0.6164051364250070E-02   4   1 0  1 1  0 0  1 0
   190  -.1809775480097860E-01   4   0 1  1 1  0 0  1 0
   191  -.6833541097223904E-03   4   0 0  2 1  0 0  1 0
   192  -.1714021341891757E-01   4   1 0  0 2  0 0  1 0
   193  0.4975259334546894E-01   4   0 1  0 2  0 0  1 0
   194  -.4258069902966444E-03   4   0 0  1 2  0 0  1 0
   195  -.4989792290791267E-04   4   0 0  0 3  0 0  1 0
   196  -.2518492173900411       4   3 0  0 0  0 0  0 1
   197  -.4046886706466123       4   2 1  0 0  0 0  0 1
   198  -.1948811855839993       4   1 2  0 0  0 0  0 1
   199  0.1018350098510973E-01   4   0 3  0 0  0 0  0 1
   200  -.9939634606007119E-04   4   2 0  1 0  0 0  0 1
   201  -.6988001806493156E-04   4   1 1  1 0  0 0  0 1
   202  0.1368417810979676E-03   4   0 2  1 0  0 0  0 1
   203  -.2210316894310181E-01   4   1 0  2 0  0 0  0 1
   204  -.8100323267642663E-01   4   0 1  2 0  0 0  0 1
   205  0.1359794703918209E-02   4   0 0  3 0  0 0  0 1
   206  -.8809736432315812E-04   4   2 0  0 1  0 0  0 1
   207  -.9457404393057453E-04   4   1 1  0 1  0 0  0 1
   208  0.6005470748942747E-04   4   0 2  0 1  0 0  0 1
   209  -.1235879780180355E-01   4   1 0  1 1  0 0  0 1
   210  -.5490981517178449E-02   4   0 1  1 1  0 0  0 1
   211  0.1098928774082926E-02   4   0 0  2 1  0 0  0 1
   212  0.2304910687671197E-01   4   1 0  0 2  0 0  0 1
   213  -.3822872733574414E-01   4   0 1  0 2  0 0  0 1
   214  0.4630031068769049E-03   4   0 0  1 2  0 0  0 1
   215  0.8619288882564881E-04   4   0 0  0 3  0 0  0 1
   216  0.7126852389919058E-03   4   2 0  0 0  0 2  0 0
   217  -.1368414421756132E-01   4   1 1  0 0  0 2  0 0
   218  -.9931843844969272E-01   4   0 2  0 0  0 2  0 0
   219  0.1854234350477956E-05   4   1 0  1 0  0 2  0 0
   220  -.2254992558570767E-04   4   0 1  1 0  0 2  0 0
   221  -.1552157729798055E-01   4   0 0  2 0  0 2  0 0
   222  0.2339696917293947E-05   4   1 0  0 1  0 2  0 0
   223  -.7185427976919745E-04   4   0 1  0 1  0 2  0 0
   224  0.4320544113044118E-01   4   0 0  1 1  0 2  0 0
   225  -.4971536699836480E-01   4   0 0  0 2  0 2  0 0
   226  0.1370240957776431E-01   4   2 0  0 0  0 1  1 0
   227  -.4011962284273363E-02   4   1 1  0 0  0 1  1 0
   228  -.8297541026065754E-01   4   0 2  0 0  0 1  1 0
   229  0.3690096853513983E-05   4   1 0  1 0  0 1  1 0
   230  -.3437165550702954E-04   4   0 1  1 0  0 1  1 0
   231  -.1460302968261289E-01   4   0 0  2 0  0 1  1 0
   232  0.5379059194474493E-05   4   1 0  0 1  0 1  1 0
   233  -.8616509944317215E-04   4   0 1  0 1  0 1  1 0
   234  0.3842491717868715E-01   4   0 0  1 1  0 1  1 0
   235  -.1933683690887434E-01   4   0 0  0 2  0 1  1 0
   236  0.6874251056355929E-03   4   2 0  0 0  0 0  2 0
   237  -.1363174595985225E-01   4   1 1  0 0  0 0  2 0
   238  -.9884820660455566E-01   4   0 2  0 0  0 0  2 0
   239  0.1841880340029806E-05   4   1 0  1 0  0 0  2 0
   240  -.2241722529190411E-04   4   0 1  1 0  0 0  2 0
   241  -.1544535800487639E-01   4   0 0  2 0  0 0  2 0
   242  0.2322901467866151E-05   4   1 0  0 1  0 0  2 0
   243  -.7147044028583757E-04   4   0 1  0 1  0 0  2 0
   244  0.4299699224171614E-01   4   0 0  1 1  0 0  2 0
   245  -.4951705074386884E-01   4   0 0  0 2  0 0  2 0
   246  -.2751383918555983E-01   4   2 0  0 0  0 1  0 1
   247  -.3937752335995329E-02   4   1 1  0 0  0 1  0 1
   248  0.4724043326995129E-01   4   0 2  0 0  0 1  0 1
   249  -.1426914109333990E-04   4   1 0  1 0  0 1  0 1
   250  0.6955323594761094E-04   4   0 1  1 0  0 1  0 1
   251  0.4563980335080466E-01   4   0 0  2 0  0 1  0 1
   252  -.9260324064928644E-05   4   1 0  0 1  0 1  0 1
   253  0.9381330566015808E-04   4   0 1  0 1  0 1  0 1
   254  -.7681614015943183E-01   4   0 0  1 1  0 1  0 1
   255  -.4183550368077338E-01   4   0 0  0 2  0 1  0 1
   256  -.2742195481859913E-01   4   2 0  0 0  0 0  1 1
   257  -.3924601940000118E-02   4   1 1  0 0  0 0  1 1
   258  0.4708267057908524E-01   4   0 2  0 0  0 0  1 1
   259  -.1422148831076761E-04   4   1 0  1 0  0 0  1 1
   260  0.6932095811055562E-04   4   0 1  1 0  0 0  1 1
   261  0.4548738607414493E-01   4   0 0  2 0  0 0  1 1
   262  -.9229398572894413E-05   4   1 0  0 1  0 0  1 1
   263  0.9350000964410773E-04   4   0 1  0 1  0 0  1 1
   264  -.7655960735195094E-01   4   0 0  1 1  0 0  1 1
   265  -.4169579112570910E-01   4   0 0  0 2  0 0  1 1
   266  0.3983327402719005E-01   4   2 0  0 0  0 0  0 2
   267  0.3917837426740477E-01   4   1 1  0 0  0 0  0 2
   268  -.1261396265680981E-01   4   0 2  0 0  0 0  0 2
   269  0.2110475255365701E-04   4   1 0  1 0  0 0  0 2
   270  -.5165032071110545E-04   4   0 1  1 0  0 0  0 2
   271  -.4555720072435854E-01   4   0 0  2 0  0 0  0 2
   272  0.1269875807247173E-04   4   1 0  0 1  0 0  0 2
   273  -.2427532920482992E-04   4   0 1  0 1  0 0  0 2
   274  0.2875535540503027E-01   4   0 0  1 1  0 0  0 2
   275  0.1783054990110083E-01   4   0 0  0 2  0 0  0 2
   276  -.1009344225877347E-02   4   1 0  0 0  0 3  0 0
   277  -.2279261253071798E-01   4   0 1  0 0  0 3  0 0
   278  -.1478903411820866E-04   4   0 0  1 0  0 3  0 0
   279  0.2036444594075543E-05   4   0 0  0 1  0 3  0 0
   280  -.7516663701858460E-03   4   1 0  0 0  0 2  1 0
   281  -.1876626685772562E-01   4   0 1  0 0  0 2  1 0
   282  -.1189846979415463E-04   4   0 0  1 0  0 2  1 0
   283  -.1256621718005997E-04   4   0 0  0 1  0 2  1 0
   284  -.7529402842869033E-03   4   1 0  0 0  0 1  2 0
   285  -.1878605494757628E-01   4   0 1  0 0  0 1  2 0
   286  -.1191270224611575E-04   4   0 0  1 0  0 1  2 0
   287  -.1249310135108355E-04   4   0 0  0 1  0 1  2 0
   288  -.1003037153177284E-02   4   1 0  0 0  0 0  3 0
   289  -.2264720572374479E-01   4   0 1  0 0  0 0  3 0
   290  -.1469514936099111E-04   4   0 0  1 0  0 0  3 0
   291  0.2047156162352347E-05   4   0 0  0 1  0 0  3 0
   292  0.2048133013843780E-02   4   1 0  0 0  0 2  0 1
   293  0.3727685860041526E-01   4   0 1  0 0  0 2  0 1
   294  0.3175936467109110E-04   4   0 0  1 0  0 2  0 1
   295  0.4381151272420862E-04   4   0 0  0 1  0 2  0 1
   296  0.2835041112806829E-03   4   1 0  0 0  0 1  1 1
   297  0.3568101849013219E-01   4   0 1  0 0  0 1  1 1
   298  0.2698421981619090E-04   4   0 0  1 0  0 1  1 1
   299  0.5195940873125024E-04   4   0 0  0 1  0 1  1 1
   300  0.2040819741349622E-02   4   1 0  0 0  0 0  2 1
   301  0.3709279034229722E-01   4   0 1  0 0  0 0  2 1
   302  0.3160824424528653E-04   4   0 0  1 0  0 0  2 1
   303  0.4357844013268570E-04   4   0 0  0 1  0 0  2 1
   304  0.9053661828960127E-03   4   1 0  0 0  0 1  0 2
   305  -.1567369792054709E-01   4   0 1  0 0  0 1  0 2
   306  -.1946888885960295E-04   4   0 0  1 0  0 1  0 2
   307  -.2607794625719758E-04   4   0 0  0 1  0 1  0 2
   308  0.9023426499742044E-03   4   1 0  0 0  0 0  1 2
   309  -.1562135452340596E-01   4   0 1  0 0  0 0  1 2
   310  -.1940387116010167E-04   4   0 0  1 0  0 0  1 2
   311  -.2599085715388058E-04   4   0 0  0 1  0 0  1 2
   312  -.2663177968138474E-02   4   1 0  0 0  0 0  0 3
   313  0.4301976335887379E-02   4   0 1  0 0  0 0  0 3
   314  0.1814985987375743E-05   4   0 0  1 0  0 0  0 3
   315  0.3172990730739087E-05   4   0 0  0 1  0 0  0 3
   316  -.1842408872920921E-01   4   0 0  0 0  0 4  0 0
   317  0.9451326243118618E-02   4   0 0  0 0  0 3  1 0
   318  0.3568148940268016E-02   4   0 0  0 0  0 2  2 0
   319  0.9285148025102810E-02   4   0 0  0 0  0 1  3 0
   320  -.1831685375897734E-01   4   0 0  0 0  0 0  4 0
   321  0.8833964103778244E-02   4   0 0  0 0  0 3  0 1
   322  0.7154569796182012E-02   4   0 0  0 0  0 2  1 1
   323  0.7162834692052760E-02   4   0 0  0 0  0 1  2 1
   324  0.8777805124444102E-02   4   0 0  0 0  0 0  3 1
   325  -.7128653783226970E-02   4   0 0  0 0  0 2  0 2
   326  -.6802908318437927E-02   4   0 0  0 0  0 1  1 2
   327  -.7093487760201500E-02   4   0 0  0 0  0 0  2 2
   328  0.2012214456171908E-02   4   0 0  0 0  0 1  0 3
   329  0.2005494526966569E-02   4   0 0  0 0  0 0  1 3
   330  -.4855254750981363E-03   4   0 0  0 0  0 0  0 4
   ----------------------------------------------------
     I  COEFFICIENT            ORDER EXPONENTS
     1  -.8524451495405468E-04   0   0 0  0 0  0 0  0 0
     2  -.5888206710634816E-04   1   1 0  0 0  0 0  0 0
     3  0.2854042762169371E-04   1   0 1  0 0  0 0  0 0
     4  0.9332470955668365       1   0 0  1 0  0 0  0 0
     5  0.4919004319729144       1   0 0  0 1  0 0  0 0
     6  0.6672546404694776E-06   1   0 0  0 0  0 1  0 0
     7  0.6650262974953692E-06   1   0 0  0 0  0 0  1 0
     8  -.1332280938521517E-05   1   0 0  0 0  0 0  0 1
     9  0.6356758905096253E-05   2   2 0  0 0  0 0  0 0
    10  0.4094988332560971E-04   2   1 1  0 0  0 0  0 0
    11  0.2863566198266178E-05   2   0 2  0 0  0 0  0 0
    12  -.5197377620476860E-01   2   1 0  1 0  0 0  0 0
    13  -.4212173892572817       2   0 1  1 0  0 0  0 0
    14  0.7057851001947990E-03   2   0 0  2 0  0 0  0 0
    15  0.3768919305779206       2   1 0  0 1  0 0  0 0
    16  0.9140549153844076E-01   2   0 1  0 1  0 0  0 0
    17  0.1281390077483126E-03   2   0 0  1 1  0 0  0 0
    18  0.4331127331756249E-04   2   0 0  0 2  0 0  0 0
    19  -.7704018963016229E-05   2   1 0  0 0  0 1  0 0
    20  -.4767918396838935E-04   2   0 1  0 0  0 1  0 0
    21  0.2818313377294604E-01   2   0 0  1 0  0 1  0 0
    22  -.2410491820976468       2   0 0  0 1  0 1  0 0
    23  -.7678290859399120E-05   2   1 0  0 0  0 0  1 0
    24  -.4751995603925180E-04   2   0 1  0 0  0 0  1 0
    25  0.2808901425046750E-01   2   0 0  1 0  0 0  1 0
    26  -.2402441816993360       2   0 0  0 1  0 0  1 0
    27  0.1538231613116246E-04   2   1 0  0 0  0 0  0 1
    28  0.6665872442704870E-04   2   0 1  0 0  0 0  0 1
    29  -.5627214800957885E-01   2   0 0  1 0  0 0  0 1
    30  -.1060706818413965E-01   2   0 0  0 1  0 0  0 1
    31  -.1526276288951466E-05   2   0 0  0 0  0 2  0 0
    32  -.2379550365669347E-05   2   0 0  0 0  0 1  1 0
    33  -.1517205847306944E-05   2   0 0  0 0  0 0  2 0
    34  0.4764851122326953E-05   2   0 0  0 0  0 1  0 1
    35  0.4748938572788367E-05   2   0 0  0 0  0 0  1 1
    36  -.4090746118286257E-05   2   0 0  0 0  0 0  0 2
    37  0.1536495283515268E-04   3   3 0  0 0  0 0  0 0
    38  0.1357866662132434E-04   3   2 1  0 0  0 0  0 0
    39  0.3527385079989814E-04   3   1 2  0 0  0 0  0 0
    40  0.5099204473019395E-04   3   0 3  0 0  0 0  0 0
    41  0.1386382947776700E-02   3   2 0  1 0  0 0  0 0
    42  -.6140429486427792E-01   3   1 1  1 0  0 0  0 0
    43  -.1076646396144050       3   0 2  1 0  0 0  0 0
    44  0.1398275942882180E-02   3   1 0  2 0  0 0  0 0
    45  0.6859314736750143E-03   3   0 1  2 0  0 0  0 0
    46  -1.942208486426722       3   0 0  3 0  0 0  0 0
    47  -.8756172424161232E-02   3   2 0  0 1  0 0  0 0
    48  0.5208963828892615E-01   3   1 1  0 1  0 0  0 0
    49  0.2703317983539706       3   0 2  0 1  0 0  0 0
    50  0.7152258244788439E-03   3   1 0  1 1  0 0  0 0
    51  0.9275271966816001E-04   3   0 1  1 1  0 0  0 0
    52  -.5020327326626911       3   0 0  2 1  0 0  0 0
    53  0.1397772724028650E-03   3   1 0  0 2  0 0  0 0
    54  0.2212085919099803E-04   3   0 1  0 2  0 0  0 0
    55  -.2348302753664157       3   0 0  1 2  0 0  0 0
    56  0.1976915056383030       3   0 0  0 3  0 0  0 0
    57  -.5596875669106853E-05   3   2 0  0 0  0 1  0 0
    58  -.5324616327316165E-04   3   1 1  0 0  0 1  0 0
    59  0.1253785954790307E-05   3   0 2  0 0  0 1  0 0
    60  0.4553405917263741E-01   3   1 0  1 0  0 1  0 0
    61  0.4234068856588571       3   0 1  1 0  0 1  0 0
    62  -.6678958450781926E-03   3   0 0  2 0  0 1  0 0
    63  -.1681616869013499       3   1 0  0 1  0 1  0 0
    64  -.3308990662218542E-01   3   0 1  0 1  0 1  0 0
    65  -.1709557363140486E-03   3   0 0  1 1  0 1  0 0
    66  -.6897848867581211E-04   3   0 0  0 2  0 1  0 0
    67  -.5578184516107611E-05   3   2 0  0 0  0 0  1 0
    68  -.5306834403199923E-04   3   1 1  0 0  0 0  1 0
    69  0.1249598849967060E-05   3   0 2  0 0  0 0  1 0
    70  0.4538199503596742E-01   3   1 0  1 0  0 0  1 0
    71  0.4219928891099499       3   0 1  1 0  0 0  1 0
    72  -.6656653607569465E-03   3   0 0  2 0  0 0  1 0
    73  -.1676000993292278       3   1 0  0 1  0 0  1 0
    74  -.3297940059275562E-01   3   0 1  0 1  0 0  1 0
    75  -.1703848178208653E-03   3   0 0  1 1  0 0  1 0
    76  -.6874813024698197E-04   3   0 0  0 2  0 0  1 0
    77  0.1117150319443132E-04   3   2 0  0 0  0 0  0 1
    78  0.6538057605309914E-04   3   1 1  0 0  0 0  0 1
    79  -.8299880674015863E-05   3   0 2  0 0  0 0  0 1
    80  -.9091618479918855E-01   3   1 0  1 0  0 0  0 1
    81  -.4241825709872579       3   0 1  1 0  0 0  0 1
    82  0.1333481057786679E-02   3   0 0  2 0  0 0  0 1
    83  -.4113018259622123E-01   3   1 0  0 1  0 0  0 1
    84  -.1167416335114738       3   0 1  0 1  0 0  0 1
    85  0.2132130877542091E-03   3   0 0  1 1  0 0  0 1
    86  0.5114387537186357E-04   3   0 0  0 2  0 0  0 1
    87  0.6916970677239601E-05   3   1 0  0 0  0 2  0 0
    88  0.5407385579730497E-04   3   0 1  0 0  0 2  0 0
    89  -.1795259730029318E-01   3   0 0  1 0  0 2  0 0
    90  0.1821246615298679       3   0 0  0 1  0 2  0 0
    91  0.6134743211713026E-05   3   1 0  0 0  0 1  1 0
    92  0.6044734214413041E-04   3   0 1  0 0  0 1  1 0
    93  -.7790195854035928E-02   3   0 0  1 0  0 1  1 0
    94  0.1235910271060089       3   0 0  0 1  0 1  1 0
    95  0.6883627276242267E-05   3   1 0  0 0  0 0  2 0
    96  0.5379233838199590E-04   3   0 1  0 0  0 0  2 0
    97  -.1787963541256920E-01   3   0 0  1 0  0 0  2 0
    98  0.1813100732521187       3   0 0  0 1  0 0  2 0
    99  -.1226412169877492E-04   3   1 0  0 0  0 1  0 1
   100  -.7332853965130741E-04   3   0 1  0 0  0 1  0 1
   101  0.1551244332459988E-01   3   0 0  1 0  0 1  0 1
   102  -.5742061684903715E-02   3   0 0  0 1  0 1  0 1
   103  -.1222316481700276E-04   3   1 0  0 0  0 0  1 1
   104  -.7308365392668813E-04   3   0 1  0 0  0 0  1 1
   105  0.1546063844832351E-01   3   0 0  1 0  0 0  1 1
   106  -.5722885673173464E-02   3   0 0  0 1  0 0  1 1
   107  0.4548125090453721E-05   3   1 0  0 0  0 0  0 2
   108  0.6551470951914968E-05   3   0 1  0 0  0 0  0 2
   109  0.1264940135539433E-01   3   0 0  1 0  0 0  0 2
   110  0.1633948428891578E-01   3   0 0  0 1  0 0  0 2
   111  0.2074699567690665E-05   3   0 0  0 0  0 3  0 0
   112  0.3186626678174876E-05   3   0 0  0 0  0 2  1 0
   113  0.3181021934228423E-05   3   0 0  0 0  0 1  2 0
   114  0.2059003492287737E-05   3   0 0  0 0  0 0  3 0
   115  -.6385489844935857E-05   3   0 0  0 0  0 2  0 1
   116  -.8008489495954062E-05   3   0 0  0 0  0 1  1 1
   117  -.6350792608409838E-05   3   0 0  0 0  0 0  2 1
   118  0.5647937420727098E-05   3   0 0  0 0  0 1  0 2
   119  0.5629075743480341E-05   3   0 0  0 0  0 0  1 2
   120  -.1032566256745609E-05   3   0 0  0 0  0 0  0 3
   121  0.7518252388540656E-04   4   4 0  0 0  0 0  0 0
   122  -.1339890485496696E-04   4   3 1  0 0  0 0  0 0
   123  0.1821749337364379E-04   4   2 2  0 0  0 0  0 0
   124  0.5787712928868625E-04   4   1 3  0 0  0 0  0 0
   125  0.3549560902322736E-04   4   0 4  0 0  0 0  0 0
   126  -.8365853898687556E-01   4   3 0  1 0  0 0  0 0
   127  -.1652892080416907E-01   4   2 1  1 0  0 0  0 0
   128  -.1676671420202794       4   1 2  1 0  0 0  0 0
   129  -.4728746460256498       4   0 3  1 0  0 0  0 0
   130  0.3757256372127724E-03   4   2 0  2 0  0 0  0 0
   131  0.6760927463785706E-03   4   1 1  2 0  0 0  0 0
   132  -.1602838739439547E-03   4   0 2  2 0  0 0  0 0
   133  -1.325584460630033       4   1 0  3 0  0 0  0 0
   134  -1.578232748522987       4   0 1  3 0  0 0  0 0
   135  -.1124858956550160E-02   4   0 0  4 0  0 0  0 0
   136  0.1676961562365536E-01   4   3 0  0 1  0 0  0 0
   137  -.2645820199429547E-01   4   2 1  0 1  0 0  0 0
   138  0.1476055071092248       4   1 2  0 1  0 0  0 0
   139  0.2840334876621488E-01   4   0 3  0 1  0 0  0 0
   140  0.3878791954544692E-03   4   2 0  1 1  0 0  0 0
   141  0.1195957442884502E-03   4   1 1  1 1  0 0  0 0
   142  -.4324851732811468E-03   4   0 2  1 1  0 0  0 0
   143  -1.914775252327972       4   1 0  2 1  0 0  0 0
   144  -.9975059073300624E-01   4   0 1  2 1  0 0  0 0
   145  -.1105381170575989E-02   4   0 0  3 1  0 0  0 0
   146  0.4758020214944714E-04   4   2 0  0 2  0 0  0 0
   147  0.7475550398931748E-04   4   1 1  0 2  0 0  0 0
   148  0.1353473840358491E-03   4   0 2  0 2  0 0  0 0
   149  -.5809044921469824       4   1 0  1 2  0 0  0 0
   150  -.6655148811366564E-01   4   0 1  1 2  0 0  0 0
   151  -.9587046671468971E-03   4   0 0  2 2  0 0  0 0
   152  0.6977829716806201E-01   4   1 0  0 3  0 0  0 0
   153  0.1160840802495104       4   0 1  0 3  0 0  0 0
   154  -.3755021971533287E-03   4   0 0  1 3  0 0  0 0
   155  0.1067418717309267E-03   4   0 0  0 4  0 0  0 0
   156  -.1367026955505927E-04   4   3 0  0 0  0 1  0 0
   157  -.2324039432067866E-05   4   2 1  0 0  0 1  0 0
   158  -.5331135524090647E-04   4   1 2  0 0  0 1  0 0
   159  0.3606300337947852E-06   4   0 3  0 0  0 1  0 0
   160  -.2058634139874620E-02   4   2 0  1 0  0 1  0 0
   161  0.3594722103677390E-01   4   1 1  1 0  0 1  0 0
   162  0.9005317583573559E-01   4   0 2  1 0  0 1  0 0
   163  -.3852777054562226E-03   4   1 0  2 0  0 1  0 0
   164  -.2365098529362779E-03   4   0 1  2 0  0 1  0 0
   165   1.857050080575927       4   0 0  3 0  0 1  0 0
   166  0.1185018916294319E-01   4   2 0  0 1  0 1  0 0
   167  -.5118020566803075E-02   4   1 1  0 1  0 1  0 0
   168  -.4105984092216862       4   0 2  0 1  0 1  0 0
   169  0.8406678846573471E-05   4   1 0  1 1  0 1  0 0
   170  -.1550323160387081E-03   4   0 1  1 1  0 1  0 0
   171  0.7281230352197653       4   0 0  2 1  0 1  0 0
   172  -.1269203575553734E-03   4   1 0  0 2  0 1  0 0
   173  -.1626316918662933E-03   4   0 1  0 2  0 1  0 0
   174  0.4546163586272079       4   0 0  1 2  0 1  0 0
   175  -.2519670416733144       4   0 0  0 3  0 1  0 0
   176  -.1362461674536674E-04   4   3 0  0 0  0 0  1 0
   177  -.2316278141810750E-05   4   2 1  0 0  0 0  1 0
   178  -.5313331828666348E-04   4   1 2  0 0  0 0  1 0
   179  0.3594256848800851E-06   4   0 3  0 0  0 0  1 0
   180  -.2051759188928323E-02   4   2 0  1 0  0 0  1 0
   181  0.3582717280843756E-01   4   1 1  1 0  0 0  1 0
   182  0.8975243703303115E-01   4   0 2  1 0  0 0  1 0
   183  -.3839910439390439E-03   4   1 0  2 0  0 0  1 0
   184  -.2357200119413351E-03   4   0 1  2 0  0 0  1 0
   185   1.850848333523573       4   0 0  3 0  0 0  1 0
   186  0.1181061463747409E-01   4   2 0  0 1  0 0  1 0
   187  -.5100928583503301E-02   4   1 1  0 1  0 0  1 0
   188  -.4092271874648110       4   0 2  0 1  0 0  1 0
   189  0.8378604161726629E-05   4   1 0  1 1  0 0  1 0
   190  -.1545145749077234E-03   4   0 1  1 1  0 0  1 0
   191  0.7256914180357923       4   0 0  2 1  0 0  1 0
   192  -.1264964982520695E-03   4   1 0  0 2  0 0  1 0
   193  -.1620885720946724E-03   4   0 1  0 2  0 0  1 0
   194  0.4530981358869826       4   0 0  1 2  0 0  1 0
   195  -.2511255803286074       4   0 0  0 3  0 0  1 0
   196  0.1220641903190869E-04   4   3 0  0 0  0 0  0 1
   197  0.2882209645784100E-05   4   2 1  0 0  0 0  0 1
   198  -.1010839697659360E-04   4   1 2  0 0  0 0  0 1
   199  -.1616978041262092E-04   4   0 3  0 0  0 0  0 1
   200  0.4121899775802131E-02   4   2 0  1 0  0 0  0 1
   201  -.1026153802774431E-01   4   1 1  1 0  0 0  0 1
   202  0.3620982264349322E-01   4   0 2  1 0  0 0  0 1
   203  0.1130109055506212E-02   4   1 0  2 0  0 0  0 1
   204  0.3538816182568676E-03   4   0 1  2 0  0 0  0 1
   205  -3.707639524417535       4   0 0  3 0  0 0  0 1
   206  -.1489806873459468E-01   4   2 0  0 1  0 0  0 1
   207  -.9410948693134617E-01   4   1 1  0 1  0 0  0 1
   208  0.8790599055602632E-02   4   0 2  0 1  0 0  0 1
   209  0.1347119629926182E-03   4   1 0  1 1  0 0  0 1
   210  0.2438506867641275E-03   4   0 1  1 1  0 0  0 1
   211  -.9518178587202389       4   0 0  2 1  0 0  0 1
   212  -.1454115188933080E-04   4   1 0  0 2  0 0  0 1
   213  0.1830940750057068E-04   4   0 1  0 2  0 0  0 1
   214  -.4380630479377852       4   0 0  1 2  0 0  0 1
   215  -.9005048427564050E-01   4   0 0  0 3  0 0  0 1
   216  0.3040190168585138E-05   4   2 0  0 0  0 2  0 0
   217  0.4922618703227884E-04   4   1 1  0 0  0 2  0 0
   218  0.8590765673190577E-04   4   0 2  0 0  0 2  0 0
   219  -.4482833414879644E-01   4   1 0  1 0  0 2  0 0
   220  -.4297790926756798       4   0 1  1 0  0 2  0 0
   221  -.1298038096277418E-03   4   0 0  2 0  0 2  0 0
   222  0.1140910802790953       4   1 0  0 1  0 2  0 0
   223  -.1338324677525620E-01   4   0 1  0 1  0 2  0 0
   224  -.2404852333197023E-03   4   0 0  1 1  0 2  0 0
   225  0.1694304427123602E-03   4   0 0  0 2  0 2  0 0
   226  0.2487393663688493E-05   4   2 0  0 0  0 1  1 0
   227  0.4830456269353892E-04   4   1 1  0 0  0 1  1 0
   228  0.1056249519427639E-03   4   0 2  0 0  0 1  1 0
   229  -.4412096345011750E-01   4   1 0  1 0  0 1  1 0
   230  -.4360760632493677       4   0 1  1 0  0 1  1 0
   231  -.1660820297227241E-03   4   0 0  2 0  0 1  1 0
   232  0.6037806611291625E-01   4   1 0  0 1  0 1  1 0
   233  -.5968003490926607E-01   4   0 1  0 1  0 1  1 0
   234  -.3169706347903449E-03   4   0 0  1 1  0 1  1 0
   235  0.1782185039776992E-03   4   0 0  0 2  0 1  1 0
   236  0.3025883831961174E-05   4   2 0  0 0  0 0  2 0
   237  0.4898113456721841E-04   4   1 1  0 0  0 0  2 0
   238  0.8544439126421936E-04   4   0 2  0 0  0 0  2 0
   239  -.4460495432666874E-01   4   1 0  1 0  0 0  2 0
   240  -.4276156626297601       4   0 1  1 0  0 0  2 0
   241  -.1290929996303747E-03   4   0 0  2 0  0 0  2 0
   242  0.1136092468719343       4   1 0  0 1  0 0  2 0
   243  -.1323889969795626E-01   4   0 1  0 1  0 0  2 0
   244  -.2391528435997085E-03   4   0 0  1 1  0 0  2 0
   245  0.1685670315387457E-03   4   0 0  0 2  0 0  2 0
   246  -.7203666417574005E-05   4   2 0  0 0  0 1  0 1
   247  -.4549672654983699E-04   4   1 1  0 0  0 1  0 1
   248  -.1919745316451493E-05   4   0 2  0 0  0 1  0 1
   249  0.8823172263724227E-01   4   1 0  1 0  0 1  0 1
   250  0.4487345984236953       4   0 1  1 0  0 1  0 1
   251  0.1951325550152137E-03   4   0 0  2 0  0 1  0 1
   252  0.4776735331927838E-01   4   1 0  0 1  0 1  0 1
   253  0.1862547167034986       4   0 1  0 1  0 1  0 1
   254  0.2996403866670428E-03   4   0 0  1 1  0 1  0 1
   255  0.1072119430919246E-03   4   0 0  0 2  0 1  0 1
   256  -.7179609275853038E-05   4   2 0  0 0  0 0  1 1
   257  -.4534478708804025E-04   4   1 1  0 0  0 0  1 1
   258  -.1913334194327145E-05   4   0 2  0 0  0 0  1 1
   259  0.8793706670334299E-01   4   1 0  1 0  0 0  1 1
   260  0.4472360182280544       4   0 1  1 0  0 0  1 1
   261  0.1944808963655400E-03   4   0 0  2 0  0 0  1 1
   262  0.4760783094250177E-01   4   1 0  0 1  0 0  1 1
   263  0.1856327062082591       4   0 1  0 1  0 0  1 1
   264  0.2986397168928583E-03   4   0 0  1 1  0 0  1 1
   265  0.1068539014004257E-03   4   0 0  0 2  0 0  1 1
   266  0.4180070672030553E-05   4   2 0  0 0  0 0  0 2
   267  0.7822818074386710E-05   4   1 1  0 0  0 0  0 2
   268  0.4962420365059539E-05   4   0 2  0 0  0 0  0 2
   269  -.4262462666746603E-01   4   1 0  1 0  0 0  0 2
   270  -.2382102912498518E-01   4   0 1  1 0  0 0  0 2
   271  -.5924483204088619E-04   4   0 0  2 0  0 0  0 2
   272  -.6535340481811457E-02   4   1 0  0 1  0 0  0 2
   273  -.1084220280722344E-01   4   0 1  0 1  0 0  0 2
   274  -.5145498353726795E-04   4   0 0  1 1  0 0  0 2
   275  -.8361540674735355E-05   4   0 0  0 2  0 0  0 2
   276  -.1770694959503740E-04   4   1 0  0 0  0 3  0 0
   277  0.9931150251196155E-06   4   0 1  0 0  0 3  0 0
   278  0.1255548498216739E-01   4   0 0  1 0  0 3  0 0
   279  -.1550003022567642       4   0 0  0 1  0 3  0 0
   280  -.6304407806765876E-05   4   1 0  0 0  0 2  1 0
   281  0.9761686805633387E-05   4   0 1  0 0  0 2  1 0
   282  0.1644249110511071E-02   4   0 0  1 0  0 2  1 0
   283  -.1008404379185124       4   0 0  0 1  0 2  1 0
   284  -.6361230949941861E-05   4   1 0  0 0  0 1  2 0
   285  0.9717745314774638E-05   4   0 1  0 0  0 1  2 0
   286  0.1698697307883173E-02   4   0 0  1 0  0 1  2 0
   287  -.1011091508191539       4   0 0  0 1  0 1  2 0
   288  -.1760775770532573E-04   4   1 0  0 0  0 0  3 0
   289  0.9718947001641770E-06   4   0 1  0 0  0 0  3 0
   290  0.1248985397877304E-01   4   0 0  1 0  0 0  3 0
   291  -.1540560343329539       4   0 0  0 1  0 0  3 0
   292  -.8930212149830168E-05   4   1 0  0 0  0 2  0 1
   293  -.2047802324645087E-04   4   0 1  0 0  0 2  0 1
   294  -.3197103408411744E-02   4   0 0  1 0  0 2  0 1
   295  0.1948850163729744E-01   4   0 0  0 1  0 2  0 1
   296  -.1125110125061518E-04   4   1 0  0 0  0 1  1 1
   297  -.2887593743336456E-04   4   0 1  0 0  0 1  1 1
   298  0.9106141635541956E-02   4   0 0  1 0  0 1  1 1
   299  0.3317173059198034E-01   4   0 0  0 1  0 1  1 1
   300  -.8881602174348041E-05   4   1 0  0 0  0 0  2 1
   301  -.2036141887885604E-04   4   0 1  0 0  0 0  2 1
   302  -.3201631755262460E-02   4   0 0  1 0  0 0  2 1
   303  0.1936802879645471E-01   4   0 0  0 1  0 0  2 1
   304  0.3465558947528467E-05   4   1 0  0 0  0 1  0 2
   305  -.6666006787819806E-06   4   0 1  0 0  0 1  0 2
   306  -.1697572476852563E-01   4   0 0  1 0  0 1  0 2
   307  -.2751988004204165E-01   4   0 0  0 1  0 1  0 2
   308  0.3453985473978986E-05   4   1 0  0 0  0 0  1 2
   309  -.6643745197580625E-06   4   0 1  0 0  0 0  1 2
   310  -.1691903316276548E-01   4   0 0  1 0  0 0  1 2
   311  -.2742797550122336E-01   4   0 0  0 1  0 0  1 2
   312  -.9305501300755898E-06   4   1 0  0 0  0 0  0 3
   313  -.7194501496041518E-06   4   0 1  0 0  0 0  0 3
   314  0.2868204208992104E-02   4   0 0  1 0  0 0  0 3
   315  0.1978607750047958E-02   4   0 0  0 1  0 0  0 3
   316  0.2281849544232674E-04   4   0 0  0 0  0 4  0 0
   317  0.1406236701434921E-04   4   0 0  0 0  0 3  1 0
   318  0.1328348501660511E-04   4   0 0  0 0  0 2  2 0
   319  0.1412286414284221E-04   4   0 0  0 0  0 1  3 0
   320  0.2264284962312948E-04   4   0 0  0 0  0 0  4 0
   321  0.1093433389605173E-05   4   0 0  0 0  0 3  0 1
   322  -.2840825266978821E-05   4   0 0  0 0  0 2  1 1
   323  -.2821135466199056E-05   4   0 0  0 0  0 1  2 1
   324  0.1092683740101368E-05   4   0 0  0 0  0 0  3 1
   325  0.2551168531705567E-05   4   0 0  0 0  0 2  0 2
   326  0.3656333627132943E-05   4   0 0  0 0  0 1  1 2
   327  0.2536543438740711E-05   4   0 0  0 0  0 0  2 2
   328  0.2471960487333308E-06   4   0 0  0 0  0 1  0 3
   329  0.2463705204491872E-06   4   0 0  0 0  0 0  1 3
   330  0.3774533347706362E-07   4   0 0  0 0  0 0  0 4
   ----------------------------------------------------
     I  COEFFICIENT            ORDER EXPONENTS
     1  0.3602793541697537E-04   0   0 0  0 0  0 0  0 0
     2  0.2913826428345127E-04   1   1 0  0 0  0 0  0 0
     3  -.7022676165859169E-04   1   0 1  0 0  0 0  0 0
     4  -.2342588951274957       1   0 0  1 0  0 0  0 0
     5  0.9480532531977165       1   0 0  0 1  0 0  0 0
     6  -.9260651490504634E-05   1   0 0  0 0  0 1  0 0
     7  -.9229724905010350E-05   1   0 0  0 0  0 0  1 0
     8  0.5451831181946833E-04   1   0 0  0 0  0 0  0 1
     9  0.2794195800749305E-05   2   2 0  0 0  0 0  0 0
    10  0.9972341990660116E-05   2   1 1  0 0  0 0  0 0
    11  0.3667760735403735E-04   2   0 2  0 0  0 0  0 0
    12  -.1074271313616526E-01   2   1 0  1 0  0 0  0 0
    13  -.1298762293915902E-01   2   0 1  1 0  0 0  0 0
    14  0.3367198041721620E-02   2   0 0  2 0  0 0  0 0
    15  -.4746944537265937E-01   2   1 0  0 1  0 0  0 0
    16  0.3981103812539120       2   0 1  0 1  0 0  0 0
    17  0.2065257010652522E-02   2   0 0  1 1  0 0  0 0
    18  0.4957657113476918E-03   2   0 0  0 2  0 0  0 0
    19  -.2153242363014343E-04   2   1 0  0 0  0 1  0 0
    20  0.5342190752062889E-05   2   0 1  0 0  0 1  0 0
    21  0.1331834935578857       2   0 0  1 0  0 1  0 0
    22  0.1020756663953978       2   0 0  0 1  0 1  0 0
    23  -.2146051461370115E-04   2   1 0  0 0  0 0  1 0
    24  0.5324350136941019E-05   2   0 1  0 0  0 0  1 0
    25  0.1327387180791657       2   0 0  1 0  0 0  1 0
    26  0.1017347776548051       2   0 0  0 1  0 0  1 0
    27  0.7213122213084959E-04   2   1 0  0 0  0 0  0 1
    28  -.1066659497360657E-04   2   0 1  0 0  0 0  0 1
    29  -.5001811068303517       2   0 0  1 0  0 0  0 1
    30  -.2038104441114936       2   0 0  0 1  0 0  0 1
    31  0.1355752101284447E-04   2   0 0  0 0  0 2  0 0
    32  0.1782562900972728E-04   2   0 0  0 0  0 1  1 0
    33  0.1348247977500636E-04   2   0 0  0 0  0 0  2 0
    34  -.4494073971733308E-04   2   0 0  0 0  0 1  0 1
    35  -.4479065701197802E-04   2   0 0  0 0  0 0  1 1
    36  0.4486574626829558E-04   2   0 0  0 0  0 0  0 2
    37  0.1509050357602344E-04   3   3 0  0 0  0 0  0 0
    38  0.1703725196492905E-04   3   2 1  0 0  0 0  0 0
    39  0.1028071570945072E-03   3   1 2  0 0  0 0  0 0
    40  0.5362851251111769E-06   3   0 3  0 0  0 0  0 0
    41  -.9846848320183680E-02   3   2 0  1 0  0 0  0 0
    42  -.2739218222781212E-01   3   1 1  1 0  0 0  0 0
    43  -.6627637797974490       3   0 2  1 0  0 0  0 0
    44  0.2960998797032084E-02   3   1 0  2 0  0 0  0 0
    45  -.1081213601002387E-02   3   0 1  2 0  0 0  0 0
    46  -7.121034173949396       3   0 0  3 0  0 0  0 0
    47  -.1138252441767714E-01   3   2 0  0 1  0 0  0 0
    48  0.2931409119914595E-01   3   1 1  0 1  0 0  0 0
    49  -.1294037561203958       3   0 2  0 1  0 0  0 0
    50  0.2999508333913701E-02   3   1 0  1 1  0 0  0 0
    51  -.1664426662692819E-02   3   0 1  1 1  0 0  0 0
    52  -5.210955845022021       3   0 0  2 1  0 0  0 0
    53  0.8347082122751227E-03   3   1 0  0 2  0 0  0 0
    54  -.2147726555788303E-03   3   0 1  0 2  0 0  0 0
    55  -2.153776322364782       3   0 0  1 2  0 0  0 0
    56  -.4036541516704615       3   0 0  0 3  0 0  0 0
    57  -.2102081558979685E-05   3   2 0  0 0  0 1  0 0
    58  0.8179834603358799E-05   3   1 1  0 0  0 1  0 0
    59  -.9904803767943113E-04   3   0 2  0 0  0 1  0 0
    60  0.1397545437022361E-01   3   1 0  1 0  0 1  0 0
    61  -.1081528662089893       3   0 1  1 0  0 1  0 0
    62  -.1578844876348855E-02   3   0 0  2 0  0 1  0 0
    63  0.6699960279818755E-01   3   1 0  0 1  0 1  0 0
    64  -.4283761559758913       3   0 1  0 1  0 1  0 0
    65  -.2181602353122092E-02   3   0 0  1 1  0 1  0 0
    66  -.7719278369265029E-03   3   0 0  0 2  0 1  0 0
    67  -.2095061512375350E-05   3   2 0  0 0  0 0  1 0
    68  0.8152517480535183E-05   3   1 1  0 0  0 0  1 0
    69  -.9871725991412195E-04   3   0 2  0 0  0 0  1 0
    70  0.1392878237475487E-01   3   1 0  1 0  0 0  1 0
    71  -.1077916822397300       3   0 1  1 0  0 0  1 0
    72  -.1573572214797909E-02   3   0 0  2 0  0 0  1 0
    73  0.6677585299547152E-01   3   1 0  0 1  0 0  1 0
    74  -.4269455642054215       3   0 1  0 1  0 0  1 0
    75  -.2174316741331443E-02   3   0 0  1 1  0 0  1 0
    76  -.7693499305806484E-03   3   0 0  0 2  0 0  1 0
    77  0.6992075305425772E-05   3   2 0  0 0  0 0  0 1
    78  -.1635197059659201E-04   3   1 1  0 0  0 0  0 1
    79  0.1612201126376285E-03   3   0 2  0 0  0 0  0 1
    80  -.3864704546400484E-01   3   1 0  1 0  0 0  0 1
    81  0.2159449379532273       3   0 1  1 0  0 0  0 1
    82  0.6519786751940695E-02   3   0 0  2 0  0 0  0 1
    83  -.1337756943010560       3   1 0  0 1  0 0  0 1
    84  0.4572117338935509       3   0 1  0 1  0 0  0 1
    85  0.4356405198885385E-02   3   0 0  1 1  0 0  0 1
    86  0.1045660714562513E-02   3   0 0  0 2  0 0  0 1
    87  0.1624122917786896E-04   3   1 0  0 0  0 2  0 0
    88  -.2126194182146661E-04   3   0 1  0 0  0 2  0 0
    89  -.9992791379794956E-01   3   0 0  1 0  0 2  0 0
    90  -.1176314513661659       3   0 0  0 1  0 2  0 0
    91  0.1098674930522419E-04   3   1 0  0 0  0 1  1 0
    92  -.3713741300437595E-04   3   0 1  0 0  0 1  1 0
    93  -.6689345957909616E-01   3   0 0  1 0  0 1  1 0
    94  -.1330825065982073       3   0 0  0 1  0 1  1 0
    95  0.1616864496670036E-04   3   1 0  0 0  0 0  2 0
    96  -.2112892461938927E-04   3   0 1  0 0  0 0  2 0
    97  -.9948249996049874E-01   3   0 0  1 0  0 0  2 0
    98  -.1170163938939795       3   0 0  0 1  0 0  2 0
    99  -.4347203828539014E-04   3   1 0  0 0  0 1  0 1
   100  0.7446861904804994E-04   3   0 1  0 0  0 1  0 1
   101  0.2667498117102610       3   0 0  1 0  0 1  0 1
   102  0.2662703936927490       3   0 0  0 1  0 1  0 1
   103  -.4332686040994326E-04   3   1 0  0 0  0 0  1 1
   104  0.7421992594951437E-04   3   0 1  0 0  0 0  1 1
   105  0.2658589822836373       3   0 0  1 0  0 0  1 1
   106  0.2653811653157190       3   0 0  0 1  0 0  1 1
   107  0.4340138507505603E-04   3   1 0  0 0  0 0  0 2
   108  -.6911178841445649E-04   3   0 1  0 0  0 0  0 2
   109  -.2663048263960149       3   0 0  1 0  0 0  0 2
   110  -.1639209766002644       3   0 0  0 1  0 0  0 2
   111  -.1317196190290118E-04   3   0 0  0 0  0 3  0 0
   112  -.1245737958502216E-04   3   0 0  0 0  0 2  1 0
   113  -.1246073882580045E-04   3   0 0  0 0  0 1  2 0
   114  -.1308524745991451E-04   3   0 0  0 0  0 0  3 0
   115  0.3846922735288879E-04   3   0 0  0 0  0 2  0 1
   116  0.3207285025255391E-04   3   0 0  0 0  0 1  1 1
   117  0.3828720196050155E-04   3   0 0  0 0  0 0  2 1
   118  -.3207781655079964E-04   3   0 0  0 0  0 1  0 2
   119  -.3197069046609103E-04   3   0 0  0 0  0 0  1 2
   120  0.6406837099517683E-05   3   0 0  0 0  0 0  0 3
   121  0.8555437181538981E-04   4   4 0  0 0  0 0  0 0
   122  0.1059809168024443E-03   4   3 1  0 0  0 0  0 0
   123  0.8228249061344436E-04   4   2 2  0 0  0 0  0 0
   124  0.3348559245388973E-04   4   1 3  0 0  0 0  0 0
   125  -.6929474173528824E-04   4   0 4  0 0  0 0  0 0
   126  -.2264417214888922E-02   4   3 0  1 0  0 0  0 0
   127  0.1878210043147684E-02   4   2 1  1 0  0 0  0 0
   128  -.6353775036488123E-01   4   1 2  1 0  0 0  0 0
   129  0.8078532832467880E-01   4   0 3  1 0  0 0  0 0
   130  -.3801525298225238E-04   4   2 0  2 0  0 0  0 0
   131  -.5640564007612538E-04   4   1 1  2 0  0 0  0 0
   132  -.1079621496769212E-02   4   0 2  2 0  0 0  0 0
   133  0.1270054153285732       4   1 0  3 0  0 0  0 0
   134   1.693205541588829       4   0 1  3 0  0 0  0 0
   135  -.3453040089812723E-03   4   0 0  4 0  0 0  0 0
   136  0.7514355026148939E-01   4   3 0  0 1  0 0  0 0
   137  0.4688117872359853E-02   4   2 1  0 1  0 0  0 0
   138  -.1476563844445806       4   1 2  0 1  0 0  0 0
   139  0.4348059232039100       4   0 3  0 1  0 0  0 0
   140  0.9226249482232390E-03   4   2 0  1 1  0 0  0 0
   141  -.6094931765113511E-03   4   1 1  1 1  0 0  0 0
   142  -.5202732480802520E-03   4   0 2  1 1  0 0  0 0
   143  -4.478722351134007       4   1 0  2 1  0 0  0 0
   144   5.499864935376841       4   0 1  2 1  0 0  0 0
   145  0.4893122609419680E-02   4   0 0  3 1  0 0  0 0
   146  0.2503379194188122E-03   4   2 0  0 2  0 0  0 0
   147  -.5760818836470829E-04   4   1 1  0 2  0 0  0 0
   148  -.3588494012943921E-04   4   0 2  0 2  0 0  0 0
   149  -2.505509093979191       4   1 0  1 2  0 0  0 0
   150   2.020138301852640       4   0 1  1 2  0 0  0 0
   151  0.2677003771866845E-02   4   0 0  2 2  0 0  0 0
   152  -.5827433010189946       4   1 0  0 3  0 0  0 0
   153  0.1455351299863462       4   0 1  0 3  0 0  0 0
   154  0.5863647888005218E-03   4   0 0  1 3  0 0  0 0
   155  -.2612167427203232E-04   4   0 0  0 4  0 0  0 0
   156  0.1317972989065308E-04   4   3 0  0 0  0 1  0 0
   157  0.3998888431061435E-05   4   2 1  0 0  0 1  0 0
   158  -.7743521456425848E-04   4   1 2  0 0  0 1  0 0
   159  -.2053966595480913E-03   4   0 3  0 0  0 1  0 0
   160  0.4345008507072017E-02   4   2 0  1 0  0 1  0 0
   161  0.2944107781271172E-02   4   1 1  1 0  0 1  0 0
   162   1.028741897169138       4   0 2  1 0  0 1  0 0
   163  -.5368064528397099E-03   4   1 0  2 0  0 1  0 0
   164  -.1072758067940399E-02   4   0 1  2 0  0 1  0 0
   165   3.171494244290947       4   0 0  3 0  0 1  0 0
   166  0.1652269266824209E-01   4   2 0  0 1  0 1  0 0
   167  -.4425050938065835E-01   4   1 1  0 1  0 1  0 0
   168  0.3952816279545174       4   0 2  0 1  0 1  0 0
   169  -.6163891648925861E-03   4   1 0  1 1  0 1  0 0
   170  -.8631811795099205E-03   4   0 1  1 1  0 1  0 0
   171   5.396750502946593       4   0 0  2 1  0 1  0 0
   172  -.1893440348365049E-03   4   1 0  0 2  0 1  0 0
   173  -.2096590007979217E-03   4   0 1  0 2  0 1  0 0
   174   3.397092865738706       4   0 0  1 2  0 1  0 0
   175  0.8248996317903098       4   0 0  0 3  0 1  0 0
   176  0.1313571527206253E-04   4   3 0  0 0  0 0  1 0
   177  0.3985533866852584E-05   4   2 1  0 0  0 0  1 0
   178  -.7717661431502690E-04   4   1 2  0 0  0 0  1 0
   179  -.2047107232121572E-03   4   0 3  0 0  0 0  1 0
   180  0.4330498050954736E-02   4   2 0  1 0  0 0  1 0
   181  0.2934275729920225E-02   4   1 1  1 0  0 0  1 0
   182   1.025306342525169       4   0 2  1 0  0 0  1 0
   183  -.5350137506011370E-03   4   1 0  2 0  0 0  1 0
   184  -.1069175518252948E-02   4   0 1  2 0  0 0  1 0
   185   3.160902820135589       4   0 0  3 0  0 0  1 0
   186  0.1646751399448212E-01   4   2 0  0 1  0 0  1 0
   187  -.4410273174720116E-01   4   1 1  0 1  0 0  1 0
   188  0.3939615576469579       4   0 2  0 1  0 0  1 0
   189  -.6143306906885444E-03   4   1 0  1 1  0 0  1 0
   190  -.8602985263215920E-03   4   0 1  1 1  0 0  1 0
   191   5.378727681766896       4   0 0  2 1  0 0  1 0
   192  -.1887117073499142E-03   4   1 0  0 2  0 0  1 0
   193  -.2089588300788873E-03   4   0 1  0 2  0 0  1 0
   194   3.385748039399897       4   0 0  1 2  0 0  1 0
   195  0.8221448224755482       4   0 0  0 3  0 0  1 0
   196  -.2495828193066896E-04   4   3 0  0 0  0 0  0 1
   197  -.2144791267988930E-04   4   2 1  0 0  0 0  0 1
   198  0.1085890440508021E-03   4   1 2  0 0  0 0  0 1
   199  0.1441587548943585E-03   4   0 3  0 0  0 0  0 1
   200  -.1852212465740179E-01   4   2 0  1 0  0 0  0 1
   201  -.5857421335609689E-02   4   1 1  1 0  0 0  0 1
   202  -1.391366106882391       4   0 2  1 0  0 0  0 1
   203  0.4075494264726388E-02   4   1 0  2 0  0 0  0 1
   204  0.1105420442013621E-02   4   0 1  2 0  0 0  0 1
   205  -13.45343582578281       4   0 0  3 0  0 0  0 1
   206  -.3299946165462696E-01   4   2 0  0 1  0 0  0 1
   207  0.5913657617673340E-01   4   1 1  0 1  0 0  0 1
   208  -.5310883669137541       4   0 2  0 1  0 0  0 1
   209  0.2176016604444852E-02   4   1 0  1 1  0 0  0 1
   210  0.6329742250911575E-03   4   0 1  1 1  0 0  0 1
   211  -10.77638063944354       4   0 0  2 1  0 0  0 1
   212  0.4836741004857638E-03   4   1 0  0 2  0 0  0 1
   213  0.1486284345175046E-03   4   0 1  0 2  0 0  0 1
   214  -4.629818041939735       4   0 0  1 2  0 0  0 1
   215  -.8398498642445407       4   0 0  0 3  0 0  0 1
   216  -.1708915870079355E-05   4   2 0  0 0  0 2  0 0
   217  -.8145974228514751E-05   4   1 1  0 0  0 2  0 0
   218  -.1385417286609501E-03   4   0 2  0 0  0 2  0 0
   219  -.9489266220148722E-02   4   1 0  1 0  0 2  0 0
   220  0.2101193568415018       4   0 1  1 0  0 2  0 0
   221  -.6464285135530153E-03   4   0 0  2 0  0 2  0 0
   222  -.7261730502064796E-01   4   1 0  0 1  0 2  0 0
   223  0.4828206358372508       4   0 1  0 1  0 2  0 0
   224  -.6364351921912258E-03   4   0 0  1 1  0 2  0 0
   225  -.2131024554062582E-03   4   0 0  0 2  0 2  0 0
   226  -.1915000407606024E-05   4   2 0  0 0  0 1  1 0
   227  -.1610810985629242E-04   4   1 1  0 0  0 1  1 0
   228  -.1860722298678915E-03   4   0 2  0 0  0 1  1 0
   229  -.5033136147684363E-02   4   1 0  1 0  0 1  1 0
   230  0.3117385876396598       4   0 1  1 0  0 1  1 0
   231  -.7878172301372119E-03   4   0 0  2 0  0 1  1 0
   232  -.7820538908681850E-01   4   1 0  0 1  0 1  1 0
   233  0.5370270513442251       4   0 1  0 1  0 1  1 0
   234  -.9626432076989988E-03   4   0 0  1 1  0 1  1 0
   235  -.3502371940720687E-03   4   0 0  0 2  0 1  1 0
   236  -.1700011189369012E-05   4   2 0  0 0  0 0  2 0
   237  -.8091873111844239E-05   4   1 1  0 0  0 0  2 0
   238  -.1377683584519680E-03   4   0 2  0 0  0 0  2 0
   239  -.9449171907010471E-02   4   1 0  1 0  0 0  2 0
   240  0.2088971124555393       4   0 1  1 0  0 0  2 0
   241  -.6429542358324676E-03   4   0 0  2 0  0 0  2 0
   242  -.7224420836308705E-01   4   1 0  0 1  0 0  2 0
   243  0.4803115034933184       4   0 1  0 1  0 0  2 0
   244  -.6327023661422197E-03   4   0 0  1 1  0 0  2 0
   245  -.2118059643784548E-03   4   0 0  0 2  0 0  2 0
   246  0.9618535228470554E-06   4   2 0  0 0  0 1  0 1
   247  0.3942398126928626E-04   4   1 1  0 0  0 1  0 1
   248  0.2070952268247205E-03   4   0 2  0 0  0 1  0 1
   249  0.2401130048227345E-01   4   1 0  1 0  0 1  0 1
   250  -.6244988757681940       4   0 1  1 0  0 1  0 1
   251  0.1063585161688166E-02   4   0 0  2 0  0 1  0 1
   252  0.1564563152014291       4   1 0  0 1  0 1  0 1
   253  -.6463079231793544       4   0 1  0 1  0 1  0 1
   254  0.6471922445391774E-03   4   0 0  1 1  0 1  0 1
   255  0.1599636873291684E-03   4   0 0  0 2  0 1  0 1
   256  0.9586413465506350E-06   4   2 0  0 0  0 0  1 1
   257  0.3929232215993523E-04   4   1 1  0 0  0 0  1 1
   258  0.2064036180060079E-03   4   0 2  0 0  0 0  1 1
   259  0.2393111308531146E-01   4   1 0  1 0  0 0  1 1
   260  -.6224133186243642       4   0 1  1 0  0 0  1 1
   261  0.1060033245554928E-02   4   0 0  2 0  0 0  1 1
   262  0.1559338185268522       4   1 0  0 1  0 0  1 1
   263  -.6441495332148527       4   0 1  0 1  0 0  1 1
   264  0.6450309013223955E-03   4   0 0  1 1  0 0  1 1
   265  0.1594294775430380E-03   4   0 0  0 2  0 0  1 1
   266  0.3403587702567058E-05   4   2 0  0 0  0 0  0 2
   267  -.4084515955502722E-04   4   1 1  0 0  0 0  0 2
   268  -.6171652910507727E-04   4   0 2  0 0  0 0  0 2
   269  -.2397093010510543E-01   4   1 0  1 0  0 0  0 2
   270  0.5159398207367899       4   0 1  1 0  0 0  0 2
   271  -.4624834353587728E-04   4   0 0  2 0  0 0  0 2
   272  -.8931841373905899E-01   4   1 0  0 1  0 0  0 2
   273  0.1882803806493075       4   0 1  0 1  0 0  0 2
   274  0.1279383662361700E-03   4   0 0  1 1  0 0  0 2
   275  0.2556693954390545E-04   4   0 0  0 2  0 0  0 2
   276  0.1301501361563896E-05   4   1 0  0 0  0 3  0 0
   277  -.1018329534417494E-03   4   0 1  0 0  0 3  0 0
   278  0.8580778265723284E-01   4   0 0  1 0  0 3  0 0
   279  0.1287054446515287       4   0 0  0 1  0 3  0 0
   280  0.6856149423261622E-05   4   1 0  0 0  0 2  1 0
   281  -.1188823997668145E-03   4   0 1  0 0  0 2  1 0
   282  0.5766769795390218E-01   4   0 0  1 0  0 2  1 0
   283  0.1509567815634990       4   0 0  0 1  0 2  1 0
   284  0.6828302453861065E-05   4   1 0  0 0  0 1  2 0
   285  -.1187952894889390E-03   4   0 1  0 0  0 1  2 0
   286  0.5780722610412399E-01   4   0 0  1 0  0 1  2 0
   287  0.1508431636239585       4   0 0  0 1  0 1  2 0
   288  0.1283571645234062E-05   4   1 0  0 0  0 0  3 0
   289  -.1011249929994850E-03   4   0 1  0 0  0 0  3 0
   290  0.8528197167194261E-01   4   0 0  1 0  0 0  3 0
   291  0.1278094924493484       4   0 0  0 1  0 0  3 0
   292  0.1396207190345640E-05   4   1 0  0 0  0 2  0 1
   293  0.1468670701791525E-03   4   0 1  0 0  0 2  0 1
   294  -.2152320779306017       4   0 0  1 0  0 2  0 1
   295  -.3020527304046942       4   0 0  0 1  0 2  0 1
   296  -.8408285822658334E-05   4   1 0  0 0  0 1  1 1
   297  0.1762155939244879E-03   4   0 1  0 0  0 1  1 1
   298  -.1641581408689268       4   0 0  1 0  0 1  1 1
   299  -.3377040754855940       4   0 0  0 1  0 1  1 1
   300  0.1405584485688398E-05   4   1 0  0 0  0 0  2 1
   301  0.1460823553753280E-03   4   0 1  0 0  0 0  2 1
   302  -.2142391868086595       4   0 0  1 0  0 0  2 1
   303  -.3004801113954677       4   0 0  0 1  0 0  2 1
   304  -.6195048816026374E-05   4   1 0  0 0  0 1  0 2
   305  -.5676274603146419E-04   4   0 1  0 0  0 1  0 2
   306  0.1640388616820765       4   0 0  1 0  0 1  0 2
   307  0.2047988757782131       4   0 0  0 1  0 1  0 2
   308  -.6174360022473715E-05   4   1 0  0 0  0 0  1 2
   309  -.5657318291921085E-04   4   0 1  0 0  0 0  1 2
   310  0.1634910425696307       4   0 0  1 0  0 0  1 2
   311  0.2041149357824810       4   0 0  0 1  0 0  1 2
   312  0.1705468276170770E-05   4   1 0  0 0  0 0  0 3
   313  0.9808541228042592E-05   4   0 1  0 0  0 0  0 3
   314  -.2046508270420599E-01   4   0 0  1 0  0 0  0 3
   315  -.2705699895129020E-01   4   0 0  0 1  0 0  0 3
   316  -.2203690244690782E-04   4   0 0  0 0  0 4  0 0
   317  -.2604440639830383E-04   4   0 0  0 0  0 3  1 0
   318  -.2783002264088210E-04   4   0 0  0 0  0 2  2 0
   319  -.2601103976092537E-04   4   0 0  0 0  0 1  3 0
   320  -.2184657262846702E-04   4   0 0  0 0  0 0  4 0
   321  0.4855552711667758E-04   4   0 0  0 0  0 3  0 1
   322  0.6048806429971637E-04   4   0 0  0 0  0 2  1 1
   323  0.6042747771173561E-04   4   0 0  0 0  0 1  2 1
   324  0.4821163148273848E-04   4   0 0  0 0  0 0  3 1
   325  -.3205510493068597E-04   4   0 0  0 0  0 2  0 2
   326  -.3915993745324479E-04   4   0 0  0 0  0 1  1 2
   327  -.3188266603460998E-04   4   0 0  0 0  0 0  2 2
   328  0.4959637586964118E-05   4   0 0  0 0  0 1  0 3
   329  0.4943074534568576E-05   4   0 0  0 0  0 0  1 3
   330  -.7064578935900683E-06   4   0 0  0 0  0 0  0 4
   ----------------------------------------------------
     I  COEFFICIENT            ORDER EXPONENTS
     1  0.6622663172015809E-06   0   0 0  0 0  0 0  0 0
     2  -.1989439073394437       1   1 0  0 0  0 0  0 0
     3  -.4764514493354871E-01   1   0 1  0 0  0 0  0 0
     4  -.3860745675197689E-05   1   0 0  1 0  0 0  0 0
     5  -.1041013041955501E-04   1   0 0  0 1  0 0  0 0
     6   1.000000000000000       1   0 0  0 0  1 0  0 0
     7  0.1190946339980292       1   0 0  0 0  0 1  0 0
     8  -.1256348388850090       1   0 0  0 0  0 0  1 0
     9  0.6540204886978089E-02   1   0 0  0 0  0 0  0 1
    10  -.4352921533987737E-03   2   2 0  0 0  0 0  0 0
    11  -.3755667204078255E-01   2   1 1  0 0  0 0  0 0
    12  -.1193438710837905       2   0 2  0 0  0 0  0 0
    13  0.2511515464897553E-04   2   1 0  1 0  0 0  0 0
    14  0.1643126262064841E-04   2   0 1  1 0  0 0  0 0
    15  -.7593961338930109E-01   2   0 0  2 0  0 0  0 0
    16  -.7632309719345860E-05   2   1 0  0 1  0 0  0 0
    17  -.6284409122101866E-04   2   0 1  0 1  0 0  0 0
    18  0.3728478935500405E-01   2   0 0  1 1  0 0  0 0
    19  -.1194411861355803       2   0 0  0 2  0 0  0 0
    20  0.9895665252951755E-01   2   1 0  0 0  0 1  0 0
    21  0.2368176743676846E-01   2   0 1  0 0  0 1  0 0
    22  -.1984841426014842E-04   2   0 0  1 0  0 1  0 0
    23  0.1869972357874318E-05   2   0 0  0 1  0 1  0 0
    24  -.9899117230586917E-01   2   1 0  0 0  0 0  1 0
    25  -.2372476726742627E-01   2   0 1  0 0  0 0  1 0
    26  -.2361714282231811E-04   2   0 0  1 0  0 0  1 0
    27  -.8476995084242492E-05   2   0 0  0 1  0 0  1 0
    28  0.3451981193913347E-04   2   1 0  0 0  0 0  0 1
    29  0.4768814478351693E-01   2   0 1  0 0  0 0  0 1
    30  0.4346556824283179E-04   2   0 0  1 0  0 0  0 1
    31  0.1701717723909236E-04   2   0 0  0 1  0 0  0 1
    32  -.8938467617379280E-01   2   0 0  0 0  0 2  0 0
    33  0.6006061117739069E-01   2   0 0  0 0  0 1  1 0
    34  0.2973111845838348E-01   2   0 0  0 0  0 0  2 0
    35  -.3858928163657836E-03   2   0 0  0 0  0 1  0 1
    36  0.6111990797713824E-02   2   0 0  0 0  0 0  1 1
    37  -.6133151438456190E-02   2   0 0  0 0  0 0  0 2
    38  -.9391457707585512E-02   3   3 0  0 0  0 0  0 0
    39  0.1619628329927912E-02   3   2 1  0 0  0 0  0 0
    40  -.1029430996403055       3   1 2  0 0  0 0  0 0
    41  -.2294418275811543E-01   3   0 3  0 0  0 0  0 0
    42  0.1779296559710734E-05   3   2 0  1 0  0 0  0 0
    43  0.3222999914689308E-04   3   1 1  1 0  0 0  0 0
    44  0.9270961570157475E-04   3   0 2  1 0  0 0  0 0
    45  -.1210704678811722E-01   3   1 0  2 0  0 0  0 0
    46  -.9789992221547501E-01   3   0 1  2 0  0 0  0 0
    47  0.6863377668384739E-03   3   0 0  3 0  0 0  0 0
    48  0.3854521623426951E-05   3   2 0  0 1  0 0  0 0
    49  -.6209605319570950E-04   3   1 1  0 1  0 0  0 0
    50  -.6914065670735663E-05   3   0 2  0 1  0 0  0 0
    51  -.1170396999483601E-01   3   1 0  1 1  0 0  0 0
    52  0.3988677324743193       3   0 1  1 1  0 0  0 0
    53  0.1386244213608271E-03   3   0 0  2 1  0 0  0 0
    54  -.9076030688517549E-01   3   1 0  0 2  0 0  0 0
    55  0.2536657638153202E-01   3   0 1  0 2  0 0  0 0
    56  0.1691535006427408E-03   3   0 0  1 2  0 0  0 0
    57  0.2409801637852564E-04   3   0 0  0 3  0 0  0 0
    58  0.1036027868203632E-02   3   2 0  0 0  0 1  0 0
    59  0.1776575954613942E-01   3   1 1  0 0  0 1  0 0
    60  0.1691192049957288       3   0 2  0 0  0 1  0 0
    61  -.3600356772833733E-04   3   1 0  1 0  0 1  0 0
    62  -.2078707177898172E-04   3   0 1  1 0  0 1  0 0
    63  0.1073299302979006       3   0 0  2 0  0 1  0 0
    64  -.1393208172273255E-05   3   1 0  0 1  0 1  0 0
    65  0.1245086864183846E-03   3   0 1  0 1  0 1  0 0
    66  -.1850596950915043E-01   3   0 0  1 1  0 1  0 0
    67  0.1883647774832569       3   0 0  0 2  0 1  0 0
    68  0.6001786416573703E-03   3   2 0  0 0  0 0  1 0
    69  -.1959981518525557E-01   3   1 1  0 0  0 0  1 0
    70  0.5000635791030095E-01   3   0 2  0 0  0 0  1 0
    71  -.1093569220487793E-04   3   1 0  1 0  0 0  1 0
    72  -.4357514933754476E-05   3   0 1  1 0  0 0  1 0
    73  0.3153834906527597E-01   3   0 0  2 0  0 0  1 0
    74  -.8972786708532125E-05   3   1 0  0 1  0 0  1 0
    75  0.6169306795482060E-04   3   0 1  0 1  0 0  1 0
    76  0.1859203273162181E-01   3   0 0  1 1  0 0  1 0
    77  0.6909100093678094E-01   3   0 0  0 2  0 0  1 0
    78  -.1635203092072672E-02   3   2 0  0 0  0 0  0 1
    79  0.3939072811571692E-01   3   1 1  0 0  0 0  0 1
    80  0.1956208719442363E-01   3   0 2  0 0  0 0  0 1
    81  0.4693982047001516E-04   3   1 0  1 0  0 0  0 1
    82  0.8635579624592139E-05   3   0 1  1 0  0 0  0 1
    83  -.1388683178853367       3   0 0  2 0  0 0  0 1
    84  0.1800638806695525E-04   3   1 0  0 1  0 0  0 1
    85  -.6061436394585507E-04   3   0 1  0 1  0 0  0 1
    86  -.3737091663100399E-01   3   0 0  1 1  0 0  0 1
    87  -.1857353421133581E-01   3   0 0  0 2  0 0  0 1
    88  -.7632885583195123E-01   3   1 0  0 0  0 2  0 0
    89  -.7294337985256995E-02   3   0 1  0 0  0 2  0 0
    90  0.3047063862746153E-04   3   0 0  1 0  0 2  0 0
    91  0.8020486428976696E-05   3   0 0  0 1  0 2  0 0
    92  0.4576561484187375E-01   3   1 0  0 0  0 1  1 0
    93  0.3282390680843879E-01   3   0 1  0 0  0 1  1 0
    94  0.2137355474058380E-04   3   0 0  1 0  0 1  1 0
    95  0.1981951095598661E-04   3   0 0  0 1  0 1  1 0
    96  0.2264115223946239E-01   3   1 0  0 0  0 0  2 0
    97  0.1631760082912403E-01   3   0 1  0 0  0 0  2 0
    98  0.1068394688896340E-04   3   0 0  1 0  0 0  2 0
    99  0.9873459581770674E-05   3   0 0  0 1  0 0  2 0
   100  0.7935473439443827E-02   3   1 0  0 0  0 1  0 1
   101  -.6559883162339121E-01   3   0 1  0 0  0 1  0 1
   102  -.6253393000709323E-04   3   0 0  1 0  0 1  0 1
   103  -.3967990077994770E-04   3   0 0  0 1  0 1  0 1
   104  0.7943263517750090E-02   3   1 0  0 0  0 0  1 1
   105  -.1800961713161624E-01   3   0 1  0 0  0 0  1 1
   106  -.1916173680653579E-04   3   0 0  1 0  0 0  1 1
   107  -.2265980523563835E-04   3   0 0  0 1  0 0  1 1
   108  -.7956629985426181E-02   3   1 0  0 0  0 0  0 2
   109  -.5883887769244378E-02   3   0 1  0 0  0 0  0 2
   110  0.1913405012433524E-04   3   0 0  1 0  0 0  0 2
   111  0.1418100332486328E-04   3   0 0  0 1  0 0  0 2
   112  0.7515294443163088E-01   3   0 0  0 0  0 3  0 0
   113  -.4285342728597250E-01   3   0 0  0 0  0 2  1 0
   114  -.1297887190399697E-01   3   0 0  0 0  0 1  2 0
   115  -.1408995004743380E-01   3   0 0  0 0  0 0  3 0
   116  -.3836116007184798E-02   3   0 0  0 0  0 2  0 1
   117  -.8456656321886500E-02   3   0 0  0 0  0 1  1 1
   118  -.4213531065666802E-02   3   0 0  0 0  0 0  2 1
   119  0.8450348205859517E-02   3   0 0  0 0  0 1  0 2
   120  0.2329876095291146E-02   3   0 0  0 0  0 0  1 2
   121  0.4953550904507318E-03   3   0 0  0 0  0 0  0 3
   122  -.4359904084480145E-01   4   4 0  0 0  0 0  0 0
   123  -.4598593478239322E-01   4   3 1  0 0  0 0  0 0
   124  0.5674714366543627E-03   4   2 2  0 0  0 0  0 0
   125  -.1787280840553486E-01   4   1 3  0 0  0 0  0 0
   126  -.7943473529566103E-01   4   0 4  0 0  0 0  0 0
   127  -.1970904751417346E-04   4   3 0  1 0  0 0  0 0
   128  -.2493895827186091E-05   4   2 1  1 0  0 0  0 0
   129  0.1206888525664167E-03   4   1 2  1 0  0 0  0 0
   130  0.1554303584948421E-03   4   0 3  1 0  0 0  0 0
   131  -.2428351542116578E-02   4   2 0  2 0  0 0  0 0
   132  -.1351463535607549E-01   4   1 1  2 0  0 0  0 0
   133  -.5231095201260528       4   0 2  2 0  0 0  0 0
   134  0.5991833582431797E-03   4   1 0  3 0  0 0  0 0
   135  0.1418888254117122E-03   4   0 1  3 0  0 0  0 0
   136  -1.172367552181677       4   0 0  4 0  0 0  0 0
   137  -.1588912957482545E-04   4   3 0  0 1  0 0  0 0
   138  0.3972417069818423E-05   4   2 1  0 1  0 0  0 0
   139  -.6033218944141815E-04   4   1 2  0 1  0 0  0 0
   140  0.1524704810877015E-04   4   0 3  0 1  0 0  0 0
   141  -.9887530543608809E-02   4   2 0  1 1  0 0  0 0
   142  0.1135445837026624E-01   4   1 1  1 1  0 0  0 0
   143  -.4369812998745989E-02   4   0 2  1 1  0 0  0 0
   144  0.1494315538970585E-03   4   1 0  2 1  0 0  0 0
   145  -.1341323118666015E-04   4   0 1  2 1  0 0  0 0
   146  0.9857102930829045E-01   4   0 0  3 1  0 0  0 0
   147  -.1650515486186725E-02   4   2 0  0 2  0 0  0 0
   148  0.4027324403239142E-01   4   1 1  0 2  0 0  0 0
   149  -.1992247322979846       4   0 2  0 2  0 0  0 0
   150  0.1174999910094603E-03   4   1 0  1 2  0 0  0 0
   151  0.3844119451695868E-04   4   0 1  1 2  0 0  0 0
   152  -.2348682720619908       4   0 0  2 2  0 0  0 0
   153  -.2525144588384528E-04   4   1 0  0 3  0 0  0 0
   154  -.1980083502163442E-04   4   0 1  0 3  0 0  0 0
   155  -.8625182837054803E-01   4   0 0  1 3  0 0  0 0
   156  -.9803533990139772E-01   4   0 0  0 4  0 0  0 0
   157  0.4902430705204817E-02   4   3 0  0 0  0 1  0 0
   158  -.2007409976861432E-02   4   2 1  0 0  0 1  0 0
   159  0.1569280385443649       4   1 2  0 0  0 1  0 0
   160  0.1469969189189199E-01   4   0 3  0 0  0 1  0 0
   161  -.8227319552149864E-06   4   2 0  1 0  0 1  0 0
   162  -.3941274470154135E-04   4   1 1  1 0  0 1  0 0
   163  0.8004266315897652E-04   4   0 2  1 0  0 1  0 0
   164  0.1891905033275168E-01   4   1 0  2 0  0 1  0 0
   165  0.1149137068180418       4   0 1  2 0  0 1  0 0
   166  -.2674011298633920E-03   4   0 0  3 0  0 1  0 0
   167  -.3774120928968407E-05   4   2 0  0 1  0 1  0 0
   168  0.6999966541425129E-04   4   1 1  0 1  0 1  0 0
   169  0.2098641185102371E-03   4   0 2  0 1  0 1  0 0
   170  0.2874713180691622E-01   4   1 0  1 1  0 1  0 0
   171  -.8127627524745784       4   0 1  1 1  0 1  0 0
   172  -.1229621675251497E-03   4   0 0  2 1  0 1  0 0
   173  0.1405563320912237       4   1 0  0 2  0 1  0 0
   174  -.1160603178085095       4   0 1  0 2  0 1  0 0
   175  -.1377830590282002E-03   4   0 0  1 2  0 1  0 0
   176  0.1438496742671757E-03   4   0 0  0 3  0 1  0 0
   177  -.4442676178131019E-02   4   3 0  0 0  0 0  1 0
   178  -.3917552044824723E-03   4   2 1  0 0  0 0  1 0
   179  0.5413852001996746E-01   4   1 2  0 0  0 0  1 0
   180  -.8191729057457275E-02   4   0 3  0 0  0 0  1 0
   181  -.1445462844045199E-05   4   2 0  1 0  0 0  1 0
   182  -.8116790087733656E-05   4   1 1  1 0  0 0  1 0
   183  0.5462997065214211E-04   4   0 2  1 0  0 0  1 0
   184  0.6827675300552374E-02   4   1 0  2 0  0 0  1 0
   185  0.1711279387470049E-01   4   0 1  2 0  0 0  1 0
   186  -.8794106387978485E-04   4   0 0  3 0  0 0  1 0
   187  -.1655122732648012E-05   4   2 0  0 1  0 0  1 0
   188  0.2445768556147750E-04   4   1 1  0 1  0 0  1 0
   189  0.1271871448301594E-03   4   0 2  0 1  0 0  1 0
   190  0.1702776627917649E-01   4   1 0  1 1  0 0  1 0
   191  -.4138422657570081       4   0 1  1 1  0 0  1 0
   192  -.3991076987418426E-04   4   0 0  2 1  0 0  1 0
   193  0.4993852608548897E-01   4   1 0  0 2  0 0  1 0
   194  -.9054167363874277E-01   4   0 1  0 2  0 0  1 0
   195  -.7003513596110929E-04   4   0 0  1 2  0 0  1 0
   196  0.8426974521281476E-04   4   0 0  0 3  0 0  1 0
   197  0.8837027970426728E-02   4   3 0  0 0  0 0  0 1
   198  0.7842547739844955E-03   4   2 1  0 0  0 0  0 1
   199  -.5153873299574380E-02   4   1 2  0 0  0 0  0 1
   200  0.6253114623874605E-01   4   0 3  0 0  0 0  0 1
   201  0.6957895060448134E-05   4   2 0  1 0  0 0  0 1
   202  0.1398487185387545E-04   4   1 1  1 0  0 0  0 1
   203  -.8330665116976160E-04   4   0 2  1 0  0 0  0 1
   204  -.2574453551377577E-01   4   1 0  2 0  0 0  0 1
   205  -.3378381243361923E-01   4   0 1  2 0  0 0  0 1
   206  0.3367396328193085E-03   4   0 0  3 0  0 0  0 1
   207  0.3933632066367414E-05   4   2 0  0 1  0 0  0 1
   208  -.1841112161114085E-04   4   1 1  0 1  0 0  0 1
   209  -.1442783007430522E-04   4   0 2  0 1  0 0  0 1
   210  -.3407546359214869E-01   4   1 0  1 1  0 0  0 1
   211  0.4288746997281866       4   0 1  1 1  0 0  0 1
   212  0.1682250356008298E-03   4   0 0  2 1  0 0  0 1
   213  -.8994378188898838E-02   4   1 0  0 2  0 0  0 1
   214  0.1307681040609981       4   0 1  0 2  0 0  0 1
   215  0.1211078602011942E-03   4   0 0  1 2  0 0  0 1
   216  0.2427621857424634E-04   4   0 0  0 3  0 0  0 1
   217  -.1480607449751789E-02   4   2 0  0 0  0 2  0 0
   218  -.2802013732883038E-02   4   1 1  0 0  0 2  0 0
   219  -.2077126378130630       4   0 2  0 0  0 2  0 0
   220  0.3005547059641742E-04   4   1 0  1 0  0 2  0 0
   221  0.2312611807977999E-03   4   0 1  1 0  0 2  0 0
   222  -.1306624034772224       4   0 0  2 0  0 2  0 0
   223  -.6329984689322793E-04   4   1 0  0 1  0 2  0 0
   224  0.4906816285392742E-04   4   0 1  0 1  0 2  0 0
   225  -.1407852407198811E-01   4   0 0  1 1  0 2  0 0
   226  -.2523517053263654       4   0 0  0 2  0 2  0 0
   227  -.8909175779735843E-03   4   2 0  0 0  0 1  1 0
   228  0.3006129531782894E-01   4   1 1  0 0  0 1  1 0
   229  -.7725996184282692E-01   4   0 2  0 0  0 1  1 0
   230  0.7452808083426414E-05   4   1 0  1 0  0 1  1 0
   231  0.1660009425292021E-03   4   0 1  1 0  0 1  1 0
   232  -.4668364536972448E-01   4   0 0  2 0  0 1  1 0
   233  -.1693155498799976E-04   4   1 0  0 1  0 1  1 0
   234  0.7740678325985912E-04   4   0 1  0 1  0 1  1 0
   235  -.6534299866461951E-01   4   0 0  1 1  0 1  1 0
   236  -.1280559147022652       4   0 0  0 2  0 1  1 0
   237  -.4456912005448274E-03   4   2 0  0 0  0 0  2 0
   238  0.1495069117025740E-01   4   1 1  0 0  0 0  2 0
   239  -.3878214628258718E-01   4   0 2  0 0  0 0  2 0
   240  0.3757917351672310E-05   4   1 0  1 0  0 0  2 0
   241  0.8296704899856267E-04   4   0 1  1 0  0 0  2 0
   242  -.2344230591303555E-01   4   0 0  2 0  0 0  2 0
   243  -.8527067731157388E-05   4   1 0  0 1  0 0  2 0
   244  0.3858776995476970E-04   4   0 1  0 1  0 0  2 0
   245  -.3253124474740246E-01   4   0 0  1 1  0 0  2 0
   246  -.6412717747427907E-01   4   0 0  0 2  0 0  2 0
   247  0.2816297197474487E-02   4   2 0  0 0  0 1  0 1
   248  -.6014359813717002E-01   4   1 1  0 0  0 1  0 1
   249  -.1468430160000713E-01   4   0 2  0 0  0 1  0 1
   250  -.4665566369405586E-04   4   1 0  1 0  0 1  0 1
   251  -.1789051060784422E-03   4   0 1  1 0  0 1  0 1
   252  0.2006415721309396       4   0 0  2 0  0 1  0 1
   253  -.1915530271654383E-04   4   1 0  0 1  0 1  0 1
   254  -.1009843373316281E-03   4   0 1  0 1  0 1  0 1
   255  0.1309141881102399       4   0 0  1 1  0 1  0 1
   256  0.6775631383196118E-01   4   0 0  0 2  0 1  0 1
   257  0.1182771177757554E-02   4   2 0  0 0  0 0  1 1
   258  -.2081641962181451E-01   4   1 1  0 0  0 0  1 1
   259  0.4827133827810290E-02   4   0 2  0 0  0 0  1 1
   260  -.1199285574817708E-04   4   1 0  1 0  0 0  1 1
   261  -.9692225738081504E-04   4   0 1  1 0  0 0  1 1
   262  0.6202460001545779E-01   4   0 0  2 0  0 0  1 1
   263  -.8392568919642586E-05   4   1 0  0 1  0 0  1 1
   264  -.6416580019666482E-04   4   0 1  0 1  0 0  1 1
   265  0.9342640328042190E-01   4   0 0  1 1  0 0  1 1
   266  0.4910199795825385E-01   4   0 0  0 2  0 0  1 1
   267  -.1182589573719816E-02   4   2 0  0 0  0 0  0 2
   268  0.1091883032865791E-02   4   1 1  0 0  0 0  0 2
   269  -.2447636859732037E-01   4   0 2  0 0  0 0  0 2
   270  0.1517316447825587E-04   4   1 0  1 0  0 0  0 2
   271  0.1560834529116946E-04   4   0 1  1 0  0 0  0 2
   272  -.6189392242496641E-01   4   0 0  2 0  0 0  0 2
   273  0.4700396202886584E-05   4   1 0  0 1  0 0  0 2
   274  0.2860369588030043E-05   4   0 1  0 1  0 0  0 2
   275  -.7490621629792461E-01   4   0 0  1 1  0 0  0 2
   276  -.3061228610823002E-01   4   0 0  0 2  0 0  0 2
   277  0.6598395734017025E-01   4   1 0  0 0  0 3  0 0
   278  -.5902139653007614E-02   4   0 1  0 0  0 3  0 0
   279  0.5591112438309902E-05   4   0 0  1 0  0 3  0 0
   280  0.1071523396840837E-03   4   0 0  0 1  0 3  0 0
   281  -.3116140512428669E-01   4   1 0  0 0  0 2  1 0
   282  -.3982497015028532E-01   4   0 1  0 0  0 2  1 0
   283  0.1239076323230465E-04   4   0 0  1 0  0 2  1 0
   284  0.5534283208775922E-04   4   0 0  0 1  0 2  1 0
   285  -.8399708627764561E-02   4   1 0  0 0  0 1  2 0
   286  -.2345689104320606E-01   4   0 1  0 0  0 1  2 0
   287  0.1166998377935157E-04   4   0 0  1 0  0 1  2 0
   288  0.3745145967900680E-04   4   0 0  0 1  0 1  2 0
   289  -.1022855256600098E-01   4   1 0  0 0  0 0  3 0
   290  -.1320123819835893E-01   4   0 1  0 0  0 0  3 0
   291  0.4105498041850465E-05   4   0 0  1 0  0 0  3 0
   292  0.1849823276860958E-04   4   0 0  0 1  0 0  3 0
   293  -.1413155779591129E-01   4   1 0  0 0  0 2  0 1
   294  0.7968667446742789E-01   4   0 1  0 0  0 2  0 1
   295  -.2364884480411111E-04   4   0 0  1 0  0 2  0 1
   296  -.1558526397179058E-04   4   0 0  0 1  0 2  0 1
   297  -.1242389117102648E-01   4   1 0  0 0  0 1  1 1
   298  0.2819658977158149E-01   4   0 1  0 0  0 1  1 1
   299  -.3309780855330790E-04   4   0 0  1 0  0 1  1 1
   300  -.3003397098580502E-04   4   0 0  0 1  0 1  1 1
   301  -.6204344598103308E-02   4   1 0  0 0  0 0  2 1
   302  0.1416028608450720E-01   4   0 1  0 0  0 0  2 1
   303  -.1650424799514814E-04   4   0 0  1 0  0 0  2 1
   304  -.1496627361961308E-04   4   0 0  0 1  0 0  2 1
   305  0.1242303395536356E-01   4   1 0  0 0  0 1  0 2
   306  0.4619673769939346E-02   4   0 1  0 0  0 1  0 2
   307  0.2079478222661573E-04   4   0 0  1 0  0 1  0 2
   308  0.1704310845286812E-04   4   0 0  0 1  0 1  0 2
   309  0.4478237269465369E-02   4   1 0  0 0  0 0  1 2
   310  -.1248423377908101E-02   4   0 1  0 0  0 0  1 2
   311  0.1193300225300310E-04   4   0 0  1 0  0 0  1 2
   312  0.1127414002220184E-04   4   0 0  0 1  0 0  1 2
   313  -.3295760142147521E-03   4   1 0  0 0  0 0  0 3
   314  0.4770883789278766E-02   4   0 1  0 0  0 0  0 3
   315  -.3046315617685260E-06   4   0 0  1 0  0 0  0 3
   316  0.1559077714528413E-06   4   0 0  0 1  0 0  0 3
   317  -.6667490133411852E-01   4   0 0  0 0  0 4  0 0
   318  0.3397643205194997E-01   4   0 0  0 0  0 3  1 0
   319  0.8143792392794192E-02   4   0 0  0 0  0 2  2 0
   320  0.5505184659358080E-02   4   0 0  0 0  0 1  3 0
   321  0.8331637988935964E-02   4   0 0  0 0  0 0  4 0
   322  0.7275318331772247E-02   4   0 0  0 0  0 3  0 1
   323  0.1036609971169755E-01   4   0 0  0 0  0 2  1 1
   324  0.6147926178136343E-02   4   0 0  0 0  0 1  2 1
   325  0.3445649055230115E-02   4   0 0  0 0  0 0  3 1
   326  -.1036876239307377E-01   4   0 0  0 0  0 2  0 2
   327  -.3838957276219765E-02   4   0 0  0 0  0 1  1 2
   328  -.1927118451545108E-02   4   0 0  0 0  0 0  2 2
   329  -.2587513467115285E-03   4   0 0  0 0  0 1  0 3
   330  0.2349541877336351E-03   4   0 0  0 0  0 0  1 3
   331  -.3663586975099786E-03   4   0 0  0 0  0 0  0 4
   ----------------------------------------------------
     I  COEFFICIENT            ORDER EXPONENTS
     1   1.000000000000000       1   0 0  0 0  0 1  0 0
     --------------------------------------------------
     I  COEFFICIENT            ORDER EXPONENTS
     1   1.000000000000000       1   0 0  0 0  0 0  1 0
     --------------------------------------------------
     I  COEFFICIENT            ORDER EXPONENTS
     1   1.000000000000000       1   0 0  0 0  0 0  0 1
     --------------------------------------------------
