     I  COEFFICIENT            ORDER EXPONENTS
     1  -.9643531837136815E-04   0   0 0  0 0  0 0  0 0
     2   1.239821124694137       1   1 0  0 0  0 0  0 0
     3  0.3673290154117207       1   0 1  0 0  0 0  0 0
     4  0.4369542700741647E-04   1   0 0  1 0  0 0  0 0
     5  0.3883407959018763E-05   1   0 0  0 1  0 0  0 0
     6  -.2802973557592335E-05   1   0 0  0 0  0 1  0 0
     7  -.2793612833732228E-05   1   0 0  0 0  0 0  1 0
     8  0.5596586391324344E-05   1   0 0  0 0  0 0  0 1
     9  0.2008215609814772E-03   2   2 0  0 0  0 0  0 0
    10  0.1738789272273231E-05   2   1 1  0 0  0 0  0 0
    11  0.2866428291937727E-05   2   0 2  0 0  0 0  0 0
    12  0.9658376137564776E-04   2   1 0  1 0  0 0  0 0
    13  -.1299221101206946E-04   2   0 1  1 0  0 0  0 0
    14  -.2036684495932935E-03   2   0 0  2 0  0 0  0 0
    15  -.1772147725245129E-06   2   1 0  0 1  0 0  0 0
    16  -.1233372685802383E-05   2   0 1  0 1  0 0  0 0
    17  0.3301124749263968E-05   2   0 0  1 1  0 0  0 0
    18  0.3267754939901055E-05   2   0 0  0 2  0 0  0 0
    19  -.1242565657354547       2   1 0  0 0  0 1  0 0
    20  -.1943291745928039       2   0 1  0 0  0 1  0 0
    21  -.2188734364310043E-04   2   0 0  1 0  0 1  0 0
    22  -.3885118474994829E-05   2   0 0  0 1  0 1  0 0
    23  -.1238416023489821       2   1 0  0 0  0 0  1 0
    24  -.1936801988875585       2   0 1  0 0  0 0  1 0
    25  -.2181424934675255E-04   2   0 0  1 0  0 0  1 0
    26  -.3872143853414975E-05   2   0 0  0 1  0 0  1 0
    27  0.2480981680844370       2   1 0  0 0  0 0  0 1
    28  0.2068035806864241E-01   2   0 1  0 0  0 0  0 1
    29  0.4370159298985300E-04   2   0 0  1 0  0 0  0 1
    30  0.3873854369391119E-05   2   0 0  0 1  0 0  0 1
    31  0.2196164034517380E-05   2   0 0  0 0  0 2  0 0
    32  0.1593368760242976E-05   2   0 0  0 0  0 1  1 0
    33  0.2186169210539553E-05   2   0 0  0 0  0 0  2 0
    34  -.3182691066020537E-05   2   0 0  0 0  0 1  0 1
    35  -.3172062249305428E-05   2   0 0  0 0  0 0  1 1
    36  0.3790830116309284E-06   2   0 0  0 0  0 0  0 2
    37  0.4106509890420495       3   3 0  0 0  0 0  0 0
    38   1.325528916540017       3   2 1  0 0  0 0  0 0
    39  0.6267256185166725       3   1 2  0 0  0 0  0 0
    40  0.2432523809697583       3   0 3  0 0  0 0  0 0
    41  0.1859861378681281E-03   3   2 0  1 0  0 0  0 0
    42  0.1712725002242296E-03   3   1 1  1 0  0 0  0 0
    43  0.8512841538752172E-04   3   0 2  1 0  0 0  0 0
    44  -.2194239308628502       3   1 0  2 0  0 0  0 0
    45  0.6594636108439280       3   0 1  2 0  0 0  0 0
    46  -.2657862785495991E-04   3   0 0  3 0  0 0  0 0
    47  0.2161466710722357E-03   3   2 0  0 1  0 0  0 0
    48  0.8386754748097740E-04   3   1 1  0 1  0 0  0 0
    49  0.1680451109251323E-04   3   0 2  0 1  0 0  0 0
    50  -.2590616731175305       3   1 0  1 1  0 0  0 0
    51  -.5278877576818971E-01   3   0 1  1 1  0 0  0 0
    52  0.6085987431368646E-04   3   0 0  2 1  0 0  0 0
    53  0.2361535022263660       3   1 0  0 2  0 0  0 0
    54  0.2103713555533364       3   0 1  0 2  0 0  0 0
    55  0.4886974915667163E-04   3   0 0  1 2  0 0  0 0
    56  0.8458976051997975E-05   3   0 0  0 3  0 0  0 0
    57  -.1059885996053676E-03   3   2 0  0 0  0 1  0 0
    58  -.7195758046514145E-05   3   1 1  0 0  0 1  0 0
    59  -.5468009874093019E-05   3   0 2  0 0  0 1  0 0
    60  -.5007582349562033E-04   3   1 0  1 0  0 1  0 0
    61  0.1283671005876930E-04   3   0 1  1 0  0 1  0 0
    62  0.1070033778334007E-03   3   0 0  2 0  0 1  0 0
    63  0.2025392828056678E-06   3   1 0  0 1  0 1  0 0
    64  0.1756858370920314E-05   3   0 1  0 1  0 1  0 0
    65  -.4321772446380072E-05   3   0 0  1 1  0 1  0 0
    66  -.5452705508593378E-05   3   0 0  0 2  0 1  0 0
    67  -.1056346433539579E-03   3   2 0  0 0  0 0  1 0
    68  -.7171727315343820E-05   3   1 1  0 0  0 0  1 0
    69  -.5449749077319537E-05   3   0 2  0 0  0 0  1 0
    70  -.4990859182319182E-04   3   1 0  1 0  0 0  1 0
    71  0.1279384097860743E-04   3   0 1  1 0  0 0  1 0
    72  0.1066460326599925E-03   3   0 0  2 0  0 0  1 0
    73  0.2018628888768801E-06   3   1 0  0 1  0 0  1 0
    74  0.1750991221004717E-05   3   0 1  0 1  0 0  1 0
    75  -.4307339588692913E-05   3   0 0  1 1  0 0  1 0
    76  -.5434495821806597E-05   3   0 0  0 2  0 0  1 0
    77  0.2116232429593154E-03   3   2 0  0 0  0 0  0 1
    78  0.1262869608959476E-04   3   1 1  0 0  0 0  0 1
    79  0.5184902367527598E-05   3   0 2  0 0  0 0  0 1
    80  0.9998441531881254E-04   3   1 0  1 0  0 0  0 1
    81  -.1263834002520043E-04   3   0 1  1 0  0 0  0 1
    82  -.2136494104933939E-03   3   0 0  2 0  0 0  0 1
    83  -.2271873993520600E-06   3   1 0  0 1  0 0  0 1
    84  -.1041104220320399E-05   3   0 1  0 1  0 0  0 1
    85  0.5327987285809691E-05   3   0 0  1 1  0 0  0 1
    86  0.4351691450597856E-05   3   0 0  0 2  0 0  0 1
    87  0.9523395925771269E-01   3   1 0  0 0  0 2  0 0
    88  0.1508646842048465       3   0 1  0 0  0 2  0 0
    89  0.1641876524835596E-04   3   0 0  1 0  0 2  0 0
    90  0.3868189006489517E-05   3   0 0  0 1  0 2  0 0
    91  0.6640385920835584E-01   3   1 0  0 0  0 1  1 0
    92  0.1076884128559536       3   0 1  0 0  0 1  1 0
    93  0.1098482792837012E-04   3   0 0  1 0  0 1  1 0
    94  0.3862575871981662E-05   3   0 0  0 1  0 1  1 0
    95  0.9480503873289930E-01   3   1 0  0 0  0 0  2 0
    96  0.1501810447207244       3   0 1  0 0  0 0  2 0
    97  0.1634559135147710E-04   3   0 0  1 0  0 0  2 0
    98  0.3848821252539604E-05   3   0 0  0 1  0 0  2 0
    99  -.1326153921475795       3   1 0  0 0  0 1  0 1
   100  -.2075977909104635E-01   3   0 1  0 0  0 1  0 1
   101  -.2192961832118803E-04   3   0 0  1 0  0 1  0 1
   102  -.3876356782513419E-05   3   0 0  0 1  0 1  0 1
   103  -.1321725138827706       3   1 0  0 0  0 0  1 1
   104  -.2069045037442623E-01   3   0 1  0 0  0 0  1 1
   105  -.2185638284563178E-04   3   0 0  1 0  0 0  1 1
   106  -.3863411421210950E-05   3   0 0  0 1  0 0  1 1
   107  0.8344920224276270E-02   3   1 0  0 0  0 0  0 2
   108  0.4476936311960882E-04   3   0 1  0 0  0 0  0 2
   109  0.3996329388460667E-07   3   0 0  1 0  0 0  0 2
   110  -.3512193671212815E-08   3   0 0  0 1  0 0  0 2
   111  -.1893880950547319E-05   3   0 0  0 0  0 3  0 0
   112  -.1290342480321787E-05   3   0 0  0 0  0 2  1 0
   113  -.1293334135055330E-05   3   0 0  0 0  0 1  2 0
   114  -.1882246467860226E-05   3   0 0  0 0  0 0  3 0
   115  0.2579709888128319E-05   3   0 0  0 0  0 2  0 1
   116  0.1980720609540691E-05   3   0 0  0 0  0 1  1 1
   117  0.2567787392137736E-05   3   0 0  0 0  0 0  2 1
   118  -.3873810079649464E-06   3   0 0  0 0  0 1  0 2
   119  -.3860873223236733E-06   3   0 0  0 0  0 0  1 2
   120  0.5100768989875124E-08   3   0 0  0 0  0 0  0 3
   121  -.3424708797403457E-04   4   4 0  0 0  0 0  0 0
   122  0.1168174606929569E-02   4   3 1  0 0  0 0  0 0
   123  0.1269800851357565E-02   4   2 2  0 0  0 0  0 0
   124  0.7371840099203158E-03   4   1 3  0 0  0 0  0 0
   125  0.3087218288188627E-03   4   0 4  0 0  0 0  0 0
   126  -.6178720412308891E-04   4   3 0  1 0  0 0  0 0
   127  -.4158870836175115E-05   4   2 1  1 0  0 0  0 0
   128  -.1102379993801772E-03   4   1 2  1 0  0 0  0 0
   129  -.5781175884681396E-04   4   0 3  1 0  0 0  0 0
   130  -.9570336811747490E-03   4   2 0  2 0  0 0  0 0
   131  0.3358019330591785E-03   4   1 1  2 0  0 0  0 0
   132  0.4324658759978132E-03   4   0 2  2 0  0 0  0 0
   133  -.1224476940026230E-03   4   1 0  3 0  0 0  0 0
   134  0.6910965548668557E-04   4   0 1  3 0  0 0  0 0
   135  -.2162706202389880E-08   4   0 0  4 0  0 0  0 0
   136  -.8541088070718459E-04   4   3 0  0 1  0 0  0 0
   137  -.1230740155969886E-04   4   2 1  0 1  0 0  0 0
   138  0.7783024821705850E-04   4   1 2  0 1  0 0  0 0
   139  0.4711844889153374E-04   4   0 3  0 1  0 0  0 0
   140  -.1345101892013606E-02   4   2 0  1 1  0 0  0 0
   141  -.1440684026068584E-02   4   1 1  1 1  0 0  0 0
   142  -.2074544159836804E-03   4   0 2  1 1  0 0  0 0
   143  -.2518962683690671E-03   4   1 0  2 1  0 0  0 0
   144  -.1658253373960090E-03   4   0 1  2 1  0 0  0 0
   145  -.1907783456260053E-07   4   0 0  3 1  0 0  0 0
   146  0.7436814218051400E-03   4   2 0  0 2  0 0  0 0
   147  0.4375292329086126E-03   4   1 1  0 2  0 0  0 0
   148  0.3013773873716290E-03   4   0 2  0 2  0 0  0 0
   149  -.5502609465963025E-04   4   1 0  1 2  0 0  0 0
   150  -.9477312743885387E-04   4   0 1  1 2  0 0  0 0
   151  0.9666156296480387E-04   4   0 0  2 2  0 0  0 0
   152  0.5212948794167198E-04   4   1 0  0 3  0 0  0 0
   153  0.3786099306044161E-04   4   0 1  0 3  0 0  0 0
   154  -.7737838186189805E-05   4   0 0  1 3  0 0  0 0
   155  0.4430739414932449E-04   4   0 0  0 4  0 0  0 0
   156  -.5291958493438829       4   3 0  0 0  0 1  0 0
   157  -1.727363452028218       4   2 1  0 0  0 1  0 0
   158  -1.033430610249639       4   1 2  0 0  0 1  0 0
   159  -.4054313953551146       4   0 3  0 0  0 1  0 0
   160  -.2156216388649106E-03   4   2 0  1 0  0 1  0 0
   161  -.2687458965180693E-03   4   1 1  1 0  0 1  0 0
   162  -.1384757903263397E-03   4   0 2  1 0  0 1  0 0
   163  0.1920231893619113       4   1 0  2 0  0 1  0 0
   164  -.6644507662989914       4   0 1  2 0  0 1  0 0
   165  0.1825499319939967E-04   4   0 0  3 0  0 1  0 0
   166  -.2697507131587291E-03   4   2 0  0 1  0 1  0 0
   167  -.1481727229593359E-03   4   1 1  0 1  0 1  0 0
   168  -.3550851464475573E-04   4   0 2  0 1  0 1  0 0
   169  0.3958749446150926       4   1 0  1 1  0 1  0 0
   170  0.1046366126945158       4   0 1  1 1  0 1  0 0
   171  -.3303449183746860E-04   4   0 0  2 1  0 1  0 0
   172  -.3562025138662537       4   1 0  0 2  0 1  0 0
   173  -.3330092567884953       4   0 1  0 2  0 1  0 0
   174  -.6585379231600970E-04   4   0 0  1 2  0 1  0 0
   175  -.1645134585274707E-04   4   0 0  0 3  0 1  0 0
   176  -.5274285632415369       4   3 0  0 0  0 0  1 0
   177  -1.721594802432308       4   2 1  0 0  0 0  1 0
   178  -1.029979397324392       4   1 2  0 0  0 0  1 0
   179  -.4040774291980496       4   0 3  0 0  0 0  1 0
   180  -.2149015555040831E-03   4   2 0  1 0  0 0  1 0
   181  -.2678484010283223E-03   4   1 1  1 0  0 0  1 0
   182  -.1380133408569040E-03   4   0 2  1 0  0 0  1 0
   183  0.1913819146536728       4   1 0  2 0  0 0  1 0
   184  -.6622317870563551       4   0 1  2 0  0 0  1 0
   185  0.1819402938832693E-04   4   0 0  3 0  0 0  1 0
   186  -.2688498620143818E-03   4   2 0  0 1  0 0  1 0
   187  -.1476778899133877E-03   4   1 1  0 1  0 0  1 0
   188  -.3538993150672703E-04   4   0 2  0 1  0 0  1 0
   189  0.3945528928855523       4   1 0  1 1  0 0  1 0
   190  0.1042871714968139       4   0 1  1 1  0 0  1 0
   191  -.3292417086954075E-04   4   0 0  2 1  0 0  1 0
   192  -.3550129509602681       4   1 0  0 2  0 0  1 0
   193  -.3318971493669998       4   0 1  0 2  0 0  1 0
   194  -.6563386902656596E-04   4   0 0  1 2  0 0  1 0
   195  -.1639640544660679E-04   4   0 0  0 3  0 0  1 0
   196   1.056624412585429       4   3 0  0 0  0 0  0 1
   197   2.123429337920548       4   2 1  0 0  0 0  0 1
   198  0.8099587705406768       4   1 2  0 0  0 0  0 1
   199  0.7975168164390045E-01   4   0 3  0 0  0 0  0 1
   200  0.4305231943689964E-03   4   2 0  1 0  0 0  0 1
   201  0.3653217973221691E-03   4   1 1  1 0  0 0  0 1
   202  0.1062323004083431E-03   4   0 2  1 0  0 0  0 1
   203  -.3834051040155861       4   1 0  2 0  0 0  0 1
   204  0.6672189425114202       4   0 1  2 0  0 0  0 1
   205  -.3644902258772691E-04   4   0 0  3 0  0 0  0 1
   206  0.3224539041008793E-03   4   2 0  0 1  0 0  0 1
   207  0.1281155179109106E-03   4   1 1  0 1  0 0  0 1
   208  0.2048491287394601E-04   4   0 2  0 1  0 0  0 1
   209  -.5313661643831206       4   1 0  1 1  0 0  0 1
   210  -.1033462326549536       4   0 1  1 1  0 0  0 1
   211  0.5098788393137745E-05   4   0 0  2 1  0 0  0 1
   212  0.2389084603737929       4   1 0  0 2  0 0  0 1
   213  0.3379233949548685E-01   4   0 1  0 2  0 0  0 1
   214  0.3374816302923234E-04   4   0 0  1 2  0 0  0 1
   215  0.7470823143360033E-05   4   0 0  0 3  0 0  0 1
   216  0.6015505712535213E-03   4   2 0  0 0  0 2  0 0
   217  0.6330333473418775E-03   4   1 1  0 0  0 2  0 0
   218  0.4262759092633238E-03   4   0 2  0 0  0 2  0 0
   219  0.4186152136766773E-05   4   1 0  1 0  0 2  0 0
   220  -.2618486639043494E-04   4   0 1  1 0  0 2  0 0
   221  0.1216708915428727E-03   4   0 0  2 0  0 2  0 0
   222  0.6317044131466617E-04   4   1 0  0 1  0 2  0 0
   223  0.5863053026279309E-04   4   0 1  0 1  0 2  0 0
   224  -.1728486630763444E-04   4   0 0  1 1  0 2  0 0
   225  0.1131964847456056E-03   4   0 0  0 2  0 2  0 0
   226  0.6647896114003326E-03   4   2 0  0 0  0 1  1 0
   227  0.8139753631041936E-03   4   1 1  0 0  0 1  1 0
   228  0.5382599265439195E-03   4   0 2  0 0  0 1  1 0
   229  -.1476736945247532E-04   4   1 0  1 0  0 1  1 0
   230  -.2960959940884628E-04   4   0 1  1 0  0 1  1 0
   231  0.1463236546994120E-03   4   0 0  2 0  0 1  1 0
   232  0.7591033351353821E-04   4   1 0  0 1  0 1  1 0
   233  0.7220564407666175E-04   4   0 1  0 1  0 1  1 0
   234  -.2676173216948249E-04   4   0 0  1 1  0 1  1 0
   235  0.1398547511154259E-03   4   0 0  0 2  0 1  1 0
   236  0.5984315961385486E-03   4   2 0  0 0  0 0  2 0
   237  0.6295601252582136E-03   4   1 1  0 0  0 0  2 0
   238  0.4239535533046472E-03   4   0 2  0 0  0 0  2 0
   239  0.4196830517774904E-05   4   1 0  1 0  0 0  2 0
   240  -.2604797856843173E-04   4   0 1  1 0  0 0  2 0
   241  0.1210202342166468E-03   4   0 0  2 0  0 0  2 0
   242  0.6283272535948835E-04   4   1 0  0 1  0 0  2 0
   243  0.5831416168741722E-04   4   0 1  0 1  0 0  2 0
   244  -.1718245597553716E-04   4   0 0  1 1  0 0  2 0
   245  0.1125849299616330E-03   4   0 0  0 2  0 0  2 0
   246  -.8235020637803525E-03   4   2 0  0 0  0 1  0 1
   247  -.5722569463479681E-03   4   1 1  0 0  0 1  0 1
   248  -.9356687789430383E-04   4   0 2  0 0  0 1  0 1
   249  0.2103431156292769E-05   4   1 0  1 0  0 1  0 1
   250  0.2928181723637514E-04   4   0 1  1 0  0 1  0 1
   251  -.9798466087766755E-04   4   0 0  2 0  0 1  0 1
   252  -.5178386422862633E-04   4   1 0  0 1  0 1  0 1
   253  -.8058087014356678E-05   4   0 1  0 1  0 1  0 1
   254  0.1517119088355071E-04   4   0 0  1 1  0 1  0 1
   255  -.9526855475971922E-05   4   0 0  0 2  0 1  0 1
   256  -.8207519217405237E-03   4   2 0  0 0  0 0  1 1
   257  -.5703458547369642E-03   4   1 1  0 0  0 0  1 1
   258  -.9325440484080430E-04   4   0 2  0 0  0 0  1 1
   259  0.2096406602614996E-05   4   1 0  1 0  0 0  1 1
   260  0.2918402858455964E-04   4   0 1  1 0  0 0  1 1
   261  -.9765743433265927E-04   4   0 0  2 0  0 0  1 1
   262  -.5161092843615702E-04   4   1 0  0 1  0 0  1 1
   263  -.8031176476018682E-05   4   0 1  0 1  0 0  1 1
   264  0.1512052564337925E-04   4   0 0  1 1  0 0  1 1
   265  -.9495039883875431E-05   4   0 0  0 2  0 0  1 1
   266  0.1681627905118977E-03   4   2 0  0 0  0 0  0 2
   267  0.4578436571331645E-04   4   1 1  0 0  0 0  0 2
   268  0.2426070918579624E-05   4   0 2  0 0  0 0  0 2
   269  -.1585114836474921E-04   4   1 0  1 0  0 0  0 2
   270  -.3173667839653736E-05   4   0 1  1 0  0 0  0 2
   271  -.3564005024034137E-08   4   0 0  2 0  0 0  0 2
   272  0.7965699832395284E-06   4   1 0  0 1  0 0  0 2
   273  -.1560361838808382E-06   4   0 1  0 1  0 0  0 2
   274  -.9433790952365353E-09   4   0 0  1 1  0 0  0 2
   275  0.6502418024108584E-08   4   0 0  0 2  0 0  0 2
   276  -.8075512707959707E-01   4   1 0  0 0  0 3  0 0
   277  -.1291732175824028       4   0 1  0 0  0 3  0 0
   278  -.1368746466673477E-04   4   0 0  1 0  0 3  0 0
   279  -.3879729018007391E-05   4   0 0  0 1  0 3  0 0
   280  -.5184617531770530E-01   4   1 0  0 0  0 2  1 0
   281  -.8586332315016922E-01   4   0 1  0 0  0 2  1 0
   282  -.8235943838965739E-05   4   0 0  1 0  0 2  1 0
   283  -.3890239411907622E-05   4   0 0  0 1  0 2  1 0
   284  -.5198963952121699E-01   4   1 0  0 0  0 1  2 0
   285  -.8607811677801425E-01   4   0 1  0 0  0 1  2 0
   286  -.8263023455934423E-05   4   0 0  1 0  0 1  2 0
   287  -.3890121857320579E-05   4   0 0  0 1  0 1  2 0
   288  -.8026431476443902E-01   4   1 0  0 0  0 0  3 0
   289  -.1283832512152074       4   0 1  0 0  0 0  3 0
   290  -.1360519324554622E-04   4   0 0  1 0  0 0  3 0
   291  -.3853819987311860E-05   4   0 0  0 1  0 0  3 0
   292  0.1036434134566717       4   1 0  0 0  0 2  0 1
   293  0.2078854056524581E-01   4   0 1  0 0  0 2  0 1
   294  0.1646669212594543E-04   4   0 0  1 0  0 2  0 1
   295  0.3873643515698571E-05   4   0 0  0 1  0 2  0 1
   296  0.7486346359236706E-01   4   1 0  0 0  0 1  1 1
   297  0.2081687840954612E-01   4   0 1  0 0  0 1  1 1
   298  0.1104000899475288E-04   4   0 0  1 0  0 1  1 1
   299  0.3870905139265108E-05   4   0 0  0 1  0 1  1 1
   300  0.1031722832618623       4   1 0  0 0  0 0  2 1
   301  0.2068435609582592E-01   4   0 1  0 0  0 0  2 1
   302  0.1639326603345553E-04   4   0 0  1 0  0 0  2 1
   303  0.3854243637956515E-05   4   0 0  0 1  0 0  2 1
   304  -.8459675998451800E-02   4   1 0  0 0  0 1  0 2
   305  -.5728635366930891E-04   4   0 1  0 0  0 1  0 2
   306  -.5976503768144146E-07   4   0 0  1 0  0 1  0 2
   307  0.7080889028681039E-08   4   0 0  0 1  0 1  0 2
   308  -.8431424325954028E-02   4   1 0  0 0  0 0  1 2
   309  -.5709504193322367E-04   4   0 1  0 0  0 0  1 2
   310  -.5956544820872729E-07   4   0 0  1 0  0 0  1 2
   311  0.7057241910524970E-08   4   0 0  0 1  0 0  1 2
   312  0.6708662528468192E-04   4   1 0  0 0  0 0  0 3
   313  -.6642231252245080E-05   4   0 1  0 0  0 0  0 3
   314  0.1313463272100933E-07   4   0 0  1 0  0 0  0 3
   315  -.1200516633063851E-08   4   0 0  0 1  0 0  0 3
   316  0.3223760790179798E-04   4   0 0  0 0  0 4  0 0
   317  0.2103780720850424E-04   4   0 0  0 0  0 3  1 0
   318  0.1955676417836477E-04   4   0 0  0 0  0 2  2 0
   319  0.2111672188196322E-04   4   0 0  0 0  0 1  3 0
   320  0.3198751216752382E-04   4   0 0  0 0  0 0  4 0
   321  -.4189737356530227E-05   4   0 0  0 0  0 3  0 1
   322  -.4959406304180368E-05   4   0 0  0 0  0 2  1 1
   323  -.4955480669774572E-05   4   0 0  0 0  0 1  2 1
   324  -.4160496073915603E-05   4   0 0  0 0  0 0  3 1
   325  0.1004749910460277E-07   4   0 0  0 0  0 2  0 2
   326  0.1349750502188617E-07   4   0 0  0 0  0 1  1 2
   327  0.9991406861844912E-08   4   0 0  0 0  0 0  2 2
   328  0.9754748555601940E-09   4   0 0  0 0  0 1  0 3
   329  0.9722171898820327E-09   4   0 0  0 0  0 0  1 3
   330  0.7085419098268170E-15   4   0 0  0 0  0 0  0 4
   ----------------------------------------------------
     I  COEFFICIENT            ORDER EXPONENTS
     1  -.1599093718000059E-05   0   0 0  0 0  0 0  0 0
     2   1.462330533992130       1   1 0  0 0  0 0  0 0
     3   1.239821135208416       1   0 1  0 0  0 0  0 0
     4  0.2525657092647092E-03   1   0 0  1 0  0 0  0 0
     5  0.4368788896808634E-04   1   0 0  0 1  0 0  0 0
     6  -.1850706027322142E-05   1   0 0  0 0  0 1  0 0
     7  -.1844525466673742E-05   1   0 0  0 0  0 0  1 0
     8  0.2096137775995303E-05   1   0 0  0 0  0 0  0 1
     9  -.1544646182475783E-03   2   2 0  0 0  0 0  0 0
    10  -.4911205230805156E-03   2   1 1  0 0  0 0  0 0
    11  -.7024165264153951E-04   2   0 2  0 0  0 0  0 0
    12  0.1513221050463064E-03   2   1 0  1 0  0 0  0 0
    13  -.6707297297278301E-04   2   0 1  1 0  0 0  0 0
    14  -.3718146693381615E-03   2   0 0  2 0  0 0  0 0
    15  -.8619581015628217E-04   2   1 0  0 1  0 0  0 0
    16  -.2681774723900348E-04   2   0 1  0 1  0 0  0 0
    17  0.3137902569544662E-03   2   0 0  1 1  0 0  0 0
    18  0.6663103748439357E-04   2   0 0  0 2  0 0  0 0
    19  -.6516868501455295E-01   2   1 0  0 0  0 1  0 0
    20  -.1242565674329289       2   0 1  0 0  0 1  0 0
    21  -.7152936535987196E-06   2   0 0  1 0  0 1  0 0
    22  -.2188342183656060E-04   2   0 0  0 1  0 1  0 0
    23  -.6495104968827874E-01   2   1 0  0 0  0 0  1 0
    24  -.1238416040407877       2   0 1  0 0  0 0  1 0
    25  -.7129048810212010E-06   2   0 0  1 0  0 0  1 0
    26  -.2181034063735666E-04   2   0 0  0 1  0 0  1 0
    27   1.592450268694962       2   1 0  0 0  0 0  0 1
    28  0.2480981714737178       2   0 1  0 0  0 0  0 1
    29  0.2539939077993290E-03   2   0 0  1 0  0 0  0 1
    30  0.4369376247391741E-04   2   0 0  0 1  0 0  0 1
    31  0.1427172414791004E-05   2   0 0  0 0  0 2  0 0
    32  0.1006443939804961E-05   2   0 0  0 0  0 1  1 0
    33  0.1420725729333056E-05   2   0 0  0 0  0 0  2 0
    34  -.3860782726747503E-05   2   0 0  0 0  0 1  0 1
    35  -.3847889376080133E-05   2   0 0  0 0  0 0  1 1
    36  0.3854332989362623E-05   2   0 0  0 0  0 0  0 2
    37  -2.142103922941614       3   3 0  0 0  0 0  0 0
    38  -1.572492433403431       3   2 1  0 0  0 0  0 0
    39  -1.052216629384142       3   1 2  0 0  0 0  0 0
    40  -.2591526242241716E-01   3   0 3  0 0  0 0  0 0
    41  0.4826009772628774E-03   3   2 0  1 0  0 0  0 0
    42  0.1405163668051234E-03   3   1 1  1 0  0 0  0 0
    43  0.1579864480435161E-04   3   0 2  1 0  0 0  0 0
    44  -3.457542535835446       3   1 0  2 0  0 0  0 0
    45  -.2714472370293590E-01   3   0 1  2 0  0 0  0 0
    46  -.2478650692404683E-03   3   0 0  3 0  0 0  0 0
    47  0.1250136008018109E-03   3   2 0  0 1  0 0  0 0
    48  -.2024289128460052E-03   3   1 1  0 1  0 0  0 0
    49  -.1561263102540219E-04   3   0 2  0 1  0 0  0 0
    50  -2.366271322911976       3   1 0  1 1  0 0  0 0
    51  -.5042696429164110       3   0 1  1 1  0 0  0 0
    52  -.1457654893169179E-03   3   0 0  2 1  0 0  0 0
    53  0.5827956385507370       3   1 0  0 2  0 0  0 0
    54  0.1846412707394506       3   0 1  0 2  0 0  0 0
    55  -.3164550412092429E-04   3   0 0  1 2  0 0  0 0
    56  0.1921325579819751E-04   3   0 0  0 3  0 0  0 0
    57  0.1003126971072592E-03   3   2 0  0 0  0 1  0 0
    58  0.3022929836837702E-03   3   1 1  0 0  0 1  0 0
    59  0.7331471596554203E-04   3   0 2  0 0  0 1  0 0
    60  -.7785349968299489E-04   3   1 0  1 0  0 1  0 0
    61  0.2207003280725403E-04   3   0 1  1 0  0 1  0 0
    62  0.1822107924104941E-03   3   0 0  2 0  0 1  0 0
    63  0.3849436331439622E-04   3   1 0  0 1  0 1  0 0
    64  0.2414795803537987E-04   3   0 1  0 1  0 1  0 0
    65  -.1152061292117769E-03   3   0 0  1 1  0 1  0 0
    66  -.6703460074284773E-04   3   0 0  0 2  0 1  0 0
    67  0.9997769592442325E-04   3   2 0  0 0  0 0  1 0
    68  0.3012834553785768E-03   3   1 1  0 0  0 0  1 0
    69  0.7306987640607860E-04   3   0 2  0 0  0 0  1 0
    70  -.7759350254170886E-04   3   1 0  1 0  0 0  1 0
    71  0.2199632840782043E-04   3   0 1  1 0  0 0  1 0
    72  0.1816022868798351E-03   3   0 0  2 0  0 0  1 0
    73  0.3836580872843513E-04   3   1 0  0 1  0 0  1 0
    74  0.2406731426107684E-04   3   0 1  0 1  0 0  1 0
    75  -.1148213903833904E-03   3   0 0  1 1  0 0  1 0
    76  -.6681073406207861E-04   3   0 0  0 2  0 0  1 0
    77  -.3547550112792751E-03   3   2 0  0 0  0 0  0 1
    78  -.6035764390623394E-03   3   1 1  0 0  0 0  0 1
    79  -.7614293972998849E-04   3   0 2  0 0  0 0  0 1
    80  0.3067691072710102E-03   3   1 0  1 0  0 0  0 1
    81  -.4406636121507364E-04   3   0 1  1 0  0 0  0 1
    82  -.7356277486284902E-03   3   0 0  2 0  0 0  0 1
    83  -.7686017204243934E-04   3   1 0  0 1  0 0  0 1
    84  -.2139752505745368E-04   3   0 1  0 1  0 0  0 1
    85  0.2300275195951707E-03   3   0 0  1 1  0 0  0 1
    86  0.6721429732063449E-04   3   0 0  0 2  0 0  0 1
    87  0.4983998378851717E-01   3   1 0  0 0  0 2  0 0
    88  0.9523401096220253E-01   3   0 1  0 0  0 2  0 0
    89  0.7252859791840964E-06   3   0 0  1 0  0 2  0 0
    90  0.1640421302126080E-04   3   0 0  0 1  0 2  0 0
    91  0.3461287088235745E-01   3   1 0  0 0  0 1  1 0
    92  0.6640393314092113E-01   3   0 1  0 0  0 1  1 0
    93  0.7277649342848353E-06   3   0 0  1 0  0 1  1 0
    94  0.1096844627344295E-04   3   0 0  0 1  0 1  1 0
    95  0.4961574368218438E-01   3   1 0  0 0  0 0  2 0
    96  0.9480509014126745E-01   3   0 1  0 0  0 0  2 0
    97  0.7216486259042184E-06   3   0 0  1 0  0 0  2 0
    98  0.1633111507638405E-04   3   0 0  0 1  0 0  2 0
    99  -.1342926727988539       3   1 0  0 0  0 1  0 1
   100  -.1326154168179711       3   0 1  0 0  0 1  0 1
   101  -.2156172785402007E-05   3   0 0  1 0  0 1  0 1
   102  -.2191837742364311E-04   3   0 0  0 1  0 1  0 1
   103  -.1338441931394223       3   1 0  0 0  0 0  1 1
   104  -.1321725384707746       3   0 1  0 0  0 0  1 1
   105  -.2148972097409722E-05   3   0 0  1 0  0 0  1 1
   106  -.2184517948784094E-04   3   0 0  0 1  0 0  1 1
   107  0.1340683552134732       3   1 0  0 0  0 0  0 2
   108  0.8344909326612410E-02   3   0 1  0 0  0 0  0 2
   109  0.2140766684530280E-05   3   0 0  1 0  0 0  0 2
   110  0.4063312512436611E-07   3   0 0  0 1  0 0  0 2
   111  -.1216967433383362E-05   3   0 0  0 0  0 3  0 0
   112  -.7972614071129291E-06   3   0 0  0 0  0 2  1 0
   113  -.7993435042243350E-06   3   0 0  0 0  0 1  2 0
   114  -.1209544426796566E-05   3   0 0  0 0  0 0  3 0
   115  0.3020996449876054E-05   3   0 0  0 0  0 2  0 1
   116  0.2186776163329670E-05   3   0 0  0 0  0 1  1 1
   117  0.3007256178394693E-05   3   0 0  0 0  0 0  2 1
   118  -.2183995926702180E-05   3   0 0  0 0  0 1  0 2
   119  -.2176702321407082E-05   3   0 0  0 0  0 0  1 2
   120  0.1687884195823165E-06   3   0 0  0 0  0 0  0 3
   121  0.7508676789522208E-03   4   4 0  0 0  0 0  0 0
   122  0.2768853999589906E-02   4   3 1  0 0  0 0  0 0
   123  0.9915735641505643E-03   4   2 2  0 0  0 0  0 0
   124  -.2293487205827357E-03   4   1 3  0 0  0 0  0 0
   125  -.4313663285083277E-04   4   0 4  0 0  0 0  0 0
   126  0.3593906790031905E-06   4   3 0  1 0  0 0  0 0
   127  0.4483876780747643E-03   4   2 1  1 0  0 0  0 0
   128  0.1369010672723186E-03   4   1 2  1 0  0 0  0 0
   129  0.4771269228081268E-05   4   0 3  1 0  0 0  0 0
   130  -.4042436533837779E-03   4   2 0  2 0  0 0  0 0
   131  0.1096935698148765E-02   4   1 1  2 0  0 0  0 0
   132  -.4165293472382448E-03   4   0 2  2 0  0 0  0 0
   133  0.6563572761459065E-07   4   1 0  3 0  0 0  0 0
   134  0.2413812424057670E-03   4   0 1  3 0  0 0  0 0
   135  -.3762291314483340E-03   4   0 0  4 0  0 0  0 0
   136  -.2632320220874290E-06   4   3 0  0 1  0 0  0 0
   137  -.1915879184188693E-06   4   2 1  0 1  0 0  0 0
   138  0.4068591614328037E-04   4   1 2  0 1  0 0  0 0
   139  0.1287009603248192E-04   4   0 3  0 1  0 0  0 0
   140  0.4203505366713543E-02   4   2 0  1 1  0 0  0 0
   141  0.2573082983907162E-02   4   1 1  1 1  0 0  0 0
   142  0.3848328493608241E-03   4   0 2  1 1  0 0  0 0
   143  0.4833741836178646E-03   4   1 0  2 1  0 0  0 0
   144  0.1690576922066803E-03   4   0 1  2 1  0 0  0 0
   145  0.9171976687616464E-04   4   0 0  3 1  0 0  0 0
   146  0.2401935727632830E-03   4   2 0  0 2  0 0  0 0
   147  -.8567093645308197E-03   4   1 1  0 2  0 0  0 0
   148  0.3558398877939893E-04   4   0 2  0 2  0 0  0 0
   149  0.8281095580804166E-04   4   1 0  1 2  0 0  0 0
   150  -.7406262720425332E-04   4   0 1  1 2  0 0  0 0
   151  0.1402922616411910E-03   4   0 0  2 2  0 0  0 0
   152  0.4060175684897415E-04   4   1 0  0 3  0 0  0 0
   153  0.1287580644214518E-04   4   0 1  0 3  0 0  0 0
   154  -.9163228505258368E-04   4   0 0  1 3  0 0  0 0
   155  0.6359067604872448E-04   4   0 0  0 4  0 0  0 0
   156   1.526083407010089       4   3 0  0 0  0 1  0 0
   157   1.810094565792893       4   2 1  0 0  0 1  0 0
   158   1.285671935199431       4   1 2  0 0  0 1  0 0
   159  0.5378259923769112E-01   4   0 3  0 0  0 1  0 0
   160  -.6533242525171687E-04   4   2 0  1 0  0 1  0 0
   161  -.6931979290702636E-04   4   1 1  1 0  0 1  0 0
   162  -.1635278932795449E-04   4   0 2  1 0  0 1  0 0
   163   1.370071195011256       4   1 0  2 0  0 1  0 0
   164  -.8724459174680123E-01   4   0 1  2 0  0 1  0 0
   165  0.1115116656596506E-03   4   0 0  3 0  0 1  0 0
   166  -.1169420498459298E-03   4   2 0  0 1  0 1  0 0
   167  0.1839590396139832E-03   4   1 1  0 1  0 1  0 0
   168  0.2097357905382192E-04   4   0 2  0 1  0 1  0 0
   169   2.379125752936338       4   1 0  1 1  0 1  0 0
   170  0.7295788451561588       4   0 1  1 1  0 1  0 0
   171  0.1488895965006775E-03   4   0 0  2 1  0 1  0 0
   172  -.5331213564282663       4   1 0  0 2  0 1  0 0
   173  -.2547549352258652       4   0 1  0 2  0 1  0 0
   174  0.4817383135253056E-04   4   0 0  1 2  0 1  0 0
   175  -.2750751891055214E-04   4   0 0  0 3  0 1  0 0
   176   1.520986946031407       4   3 0  0 0  0 0  1 0
   177   1.804049629926382       4   2 1  0 0  0 0  1 0
   178   1.281378344941505       4   1 2  0 0  0 0  1 0
   179  0.5360298853155875E-01   4   0 3  0 0  0 0  1 0
   180  -.6511424310361364E-04   4   2 0  1 0  0 0  1 0
   181  -.6908829466914417E-04   4   1 1  1 0  0 0  1 0
   182  -.1629817805813876E-04   4   0 2  1 0  0 0  1 0
   183   1.365495747593848       4   1 0  2 0  0 0  1 0
   184  -.8695323240471049E-01   4   0 1  2 0  0 0  1 0
   185  0.1111392647475586E-03   4   0 0  3 0  0 0  1 0
   186  -.1165515137906525E-03   4   2 0  0 1  0 0  1 0
   187  0.1833446956909960E-03   4   1 1  0 1  0 0  1 0
   188  0.2090353633745343E-04   4   0 2  0 1  0 0  1 0
   189   2.371180498104609       4   1 0  1 1  0 0  1 0
   190  0.7271423661943113       4   0 1  1 1  0 0  1 0
   191  0.1483923694060061E-03   4   0 0  2 1  0 0  1 0
   192  -.5313409608237748       4   1 0  0 2  0 0  1 0
   193  -.2539041635180137       4   0 1  0 2  0 0  1 0
   194  0.4801295151427678E-04   4   0 0  1 2  0 0  1 0
   195  -.2741565565058615E-04   4   0 0  0 3  0 0  1 0
   196  -5.189174275983086       4   3 0  0 0  0 0  0 1
   197  -3.614144195719213       4   2 1  0 0  0 0  0 1
   198  -1.514833650756796       4   1 2  0 0  0 0  0 1
   199  -.5555506292440460E-01   4   0 3  0 0  0 0  0 1
   200  0.6130476456182143E-03   4   2 0  1 0  0 0  0 1
   201  0.1384080875761823E-03   4   1 1  1 0  0 0  0 1
   202  0.1685232258174259E-04   4   0 2  1 0  0 0  0 1
   203  -6.193109478440546       4   1 0  2 0  0 0  0 1
   204  0.1741978241515108       4   0 1  2 0  0 0  0 1
   205  -.4705159996476772E-03   4   0 0  3 0  0 0  0 1
   206  0.2334935636365882E-03   4   2 0  0 1  0 0  0 1
   207  -.1648748224589748E-03   4   1 1  0 1  0 0  0 1
   208  -.1065185334046833E-04   4   0 2  0 1  0 0  0 1
   209  -4.750306251040951       4   1 0  1 1  0 0  0 1
   210  -.9524515684340710       4   0 1  1 1  0 0  0 1
   211  -.2972819659063087E-03   4   0 0  2 1  0 0  0 1
   212  0.4816666787013064       4   1 0  0 2  0 0  0 1
   213  0.1393765572649811       4   0 1  0 2  0 0  0 1
   214  -.6454127874588409E-04   4   0 0  1 2  0 0  0 1
   215  0.1649666296474371E-04   4   0 0  0 3  0 0  0 1
   216  -.4769356348838073E-03   4   2 0  0 0  0 2  0 0
   217  -.9390919630492966E-03   4   1 1  0 0  0 2  0 0
   218  -.7931788780768329E-04   4   0 2  0 0  0 2  0 0
   219  -.1037696197894092E-03   4   1 0  1 0  0 2  0 0
   220  -.7400646104878884E-04   4   0 1  1 0  0 2  0 0
   221  -.4484842278047798E-04   4   0 0  2 0  0 2  0 0
   222  0.4732411017102096E-04   4   1 0  0 1  0 2  0 0
   223  0.2099323310629607E-04   4   0 1  0 1  0 2  0 0
   224  -.8336926629896792E-04   4   0 0  1 1  0 2  0 0
   225  0.1308751891642098E-03   4   0 0  0 2  0 2  0 0
   226  -.5375834799725805E-03   4   2 0  0 0  0 1  1 0
   227  -.9917048053079047E-03   4   1 1  0 0  0 1  1 0
   228  -.9830787848326984E-04   4   0 2  0 0  0 1  1 0
   229  -.1246636289462158E-03   4   1 0  1 0  0 1  1 0
   230  -.7466001844931984E-04   4   0 1  1 0  0 1  1 0
   231  0.2233635244901123E-05   4   0 0  2 0  0 1  1 0
   232  0.5395590828502705E-04   4   1 0  0 1  0 1  1 0
   233  0.2905084976327896E-04   4   0 1  0 1  0 1  1 0
   234  -.1791891726234441E-03   4   0 0  1 1  0 1  1 0
   235  0.1449723548663578E-03   4   0 0  0 2  0 1  1 0
   236  -.4744452267912372E-03   4   2 0  0 0  0 0  2 0
   237  -.9342998671961022E-03   4   1 1  0 0  0 0  2 0
   238  -.7888884726480856E-04   4   0 2  0 0  0 0  2 0
   239  -.1032149125733227E-03   4   1 0  1 0  0 0  2 0
   240  -.7363464521379348E-04   4   0 1  1 0  0 0  2 0
   241  -.4470237806352646E-04   4   0 0  2 0  0 0  2 0
   242  0.4707597329352888E-04   4   1 0  0 1  0 0  2 0
   243  0.2087461609387142E-04   4   0 1  0 1  0 0  2 0
   244  -.8279164156266487E-04   4   0 0  1 1  0 0  2 0
   245  0.1301960498297077E-03   4   0 0  0 2  0 0  2 0
   246  0.9607153162948478E-03   4   2 0  0 0  0 1  0 1
   247  0.1229802810814239E-02   4   1 1  0 0  0 1  0 1
   248  0.8923345113696453E-04   4   0 2  0 0  0 1  0 1
   249  0.1661289040222332E-03   4   1 0  1 0  0 1  0 1
   250  0.9840061779397213E-04   4   0 1  1 0  0 1  0 1
   251  0.1130342294391095E-03   4   0 0  2 0  0 1  0 1
   252  -.3357303519749558E-04   4   1 0  0 1  0 1  0 1
   253  -.9716521437613258E-05   4   0 1  0 1  0 1  0 1
   254  0.1450921071157082E-03   4   0 0  1 1  0 1  0 1
   255  -.9865505243549739E-04   4   0 0  0 2  0 1  0 1
   256  0.9575069411178369E-03   4   2 0  0 0  0 0  1 1
   257  0.1225695799357348E-02   4   1 1  0 0  0 0  1 1
   258  0.8893544986152858E-04   4   0 2  0 0  0 0  1 1
   259  0.1655741050689861E-03   4   1 0  1 0  0 0  1 1
   260  0.9807200213210225E-04   4   0 1  1 0  0 0  1 1
   261  0.1126567438200776E-03   4   0 0  2 0  0 0  1 1
   262  -.3346091572680789E-04   4   1 0  0 1  0 0  1 1
   263  -.9684072442933380E-05   4   0 1  0 1  0 0  1 1
   264  0.1446075619992159E-03   4   0 0  1 1  0 0  1 1
   265  -.9832558707156286E-04   4   0 0  0 2  0 0  1 1
   266  -.4292579533382148E-03   4   2 0  0 0  0 0  0 2
   267  -.2074683985552898E-03   4   1 1  0 0  0 0  0 2
   268  -.1083406098167532E-04   4   0 2  0 0  0 0  0 2
   269  -.5484770955717014E-07   4   1 0  1 0  0 0  0 2
   270  -.9366900783420339E-05   4   0 1  1 0  0 0  0 2
   271  -.1383737864208225E-03   4   0 0  2 0  0 0  0 2
   272  -.7786300955459348E-08   4   1 0  0 1  0 0  0 2
   273  -.6495173515732107E-09   4   0 1  0 1  0 0  0 2
   274  -.9221354584980185E-04   4   0 0  1 1  0 0  0 2
   275  -.7392075162459927E-05   4   0 0  0 2  0 0  0 2
   276  -.4219583237061682E-01   4   1 0  0 0  0 3  0 0
   277  -.8075510895392639E-01   4   0 1  0 0  0 3  0 0
   278  -.7131721228296045E-06   4   0 0  1 0  0 3  0 0
   279  -.1368474341435768E-04   4   0 0  0 1  0 3  0 0
   280  -.2693334447020141E-01   4   1 0  0 0  0 2  1 0
   281  -.5184607966905602E-01   4   0 1  0 0  0 2  1 0
   282  -.7001006249566085E-06   4   0 0  1 0  0 2  1 0
   283  -.8246046375237492E-05   4   0 0  0 1  0 2  1 0
   284  -.2700909377193803E-01   4   1 0  0 0  0 1  2 0
   285  -.5198954426121103E-01   4   0 1  0 0  0 1  2 0
   286  -.7001541739967000E-06   4   0 0  1 0  0 1  2 0
   287  -.8273061798837940E-05   4   0 0  0 1  0 1  2 0
   288  -.4193963661765954E-01   4   1 0  0 0  0 0  3 0
   289  -.8026429688874548E-01   4   0 1  0 0  0 0  3 0
   290  -.7084344915514753E-06   4   0 0  1 0  0 0  3 0
   291  -.1360246881211044E-04   4   0 0  0 1  0 0  3 0
   292  0.1036810488842430       4   1 0  0 0  0 2  0 1
   293  0.1036433869652280       4   0 1  0 0  0 2  0 1
   294  0.2140390101475892E-05   4   0 0  1 0  0 2  0 1
   295  0.1646358534327245E-04   4   0 0  0 1  0 2  0 1
   296  0.7327238650702292E-01   4   1 0  0 0  0 1  1 1
   297  0.7486338628053527E-01   4   0 1  0 0  0 1  1 1
   298  0.2124688785807139E-05   4   0 0  1 0  0 1  1 1
   299  0.1104498212362588E-04   4   0 0  0 1  0 1  1 1
   300  0.1032124497592528       4   1 0  0 0  0 0  2 1
   301  0.1031722569879836       4   0 1  0 0  0 0  2 1
   302  0.2129694348347020E-05   4   0 0  1 0  0 0  2 1
   303  0.1639016132204429E-04   4   0 0  0 1  0 0  2 1
   304  -.7317100873513893E-01   4   1 0  0 0  0 1  0 2
   305  -.8459662819138685E-02   4   0 1  0 0  0 1  0 2
   306  -.2140325072766419E-05   4   0 0  1 0  0 1  0 2
   307  -.6042802389276594E-07   4   0 0  0 1  0 1  0 2
   308  -.7292664909589719E-01   4   1 0  0 0  0 0  1 2
   309  -.8431411190654837E-02   4   0 1  0 0  0 0  1 2
   310  -.2133177309305326E-05   4   0 0  1 0  0 0  1 2
   311  -.6022622033185767E-07   4   0 0  0 1  0 0  1 2
   312  0.4009767539189998E-02   4   1 0  0 0  0 0  0 3
   313  0.6708511885626690E-04   4   0 1  0 0  0 0  0 3
   314  0.7109118996573138E-06   4   0 0  1 0  0 0  0 3
   315  0.1312933146788368E-07   4   0 0  0 1  0 0  0 3
   316  0.2035552742497191E-04   4   0 0  0 0  0 4  0 0
   317  0.1268887599380322E-04   4   0 0  0 0  0 3  1 0
   318  0.1167667537181739E-04   4   0 0  0 0  0 2  2 0
   319  0.1274293813522393E-04   4   0 0  0 0  0 1  3 0
   320  0.2019859961777185E-04   4   0 0  0 0  0 0  4 0
   321  -.2460466935008160E-04   4   0 0  0 0  0 3  0 1
   322  -.1674926341171694E-04   4   0 0  0 0  0 2  1 1
   323  -.1678820230449293E-04   4   0 0  0 0  0 1  2 1
   324  -.2445354205707664E-04   4   0 0  0 0  0 0  3 1
   325  0.1547163202552964E-05   4   0 0  0 0  0 2  0 2
   326  0.1866688619318509E-05   4   0 0  0 0  0 1  1 2
   327  0.1538879376331428E-05   4   0 0  0 0  0 0  2 2
   328  -.9852148553703302E-08   4   0 0  0 0  0 1  0 3
   329  -.9819246622898420E-08   4   0 0  0 0  0 0  1 3
   330  -.2290204946049681E-14   4   0 0  0 0  0 0  0 4
   ----------------------------------------------------
     I  COEFFICIENT            ORDER EXPONENTS
     1  -.2321574623185560E-04   0   0 0  0 0  0 0  0 0
     2  0.4365417134150630E-04   1   1 0  0 0  0 0  0 0
     3  0.3869361075624552E-05   1   0 1  0 0  0 0  0 0
     4  0.7764554756411757       1   0 0  1 0  0 0  0 0
     5  0.3261993895970552       1   0 0  0 1  0 0  0 0
     6  -.4981914804419211E-06   1   0 0  0 0  0 1  0 0
     7  -.4965277355716917E-06   1   0 0  0 0  0 0  1 0
     8  0.9947192160136182E-06   1   0 0  0 0  0 0  0 1
     9  0.4897440357983462E-04   2   2 0  0 0  0 0  0 0
    10  0.3495096126092643E-05   2   1 1  0 0  0 0  0 0
    11  0.1840611583130472E-05   2   0 2  0 0  0 0  0 0
    12  -.4047563466548086E-03   2   1 0  1 0  0 0  0 0
    13  -.1068141885166067E-04   2   0 1  1 0  0 0  0 0
    14  -.4857732938737198E-04   2   0 0  2 0  0 0  0 0
    15  0.4468824067977094E-05   2   1 0  0 1  0 0  0 0
    16  0.4547426263145205E-05   2   0 1  0 1  0 0  0 0
    17  0.5953737158049040E-05   2   0 0  1 1  0 0  0 0
    18  0.3156767962755404E-05   2   0 0  0 2  0 0  0 0
    19  -.2188703603381076E-04   2   1 0  0 0  0 1  0 0
    20  -.3878230194678361E-05   2   0 1  0 0  0 1  0 0
    21  0.1079541632693739       2   0 0  1 0  0 1  0 0
    22  -.1531435000198083       2   0 0  0 1  0 1  0 0
    23  -.2181394276474536E-04   2   1 0  0 0  0 0  1 0
    24  -.3865278576986546E-05   2   0 1  0 0  0 0  1 0
    25  0.1075936428823102       2   0 0  1 0  0 0  1 0
    26  -.1526320667204213       2   0 0  0 1  0 0  1 0
    27  0.4370097879855614E-04   2   1 0  0 0  0 0  0 1
    28  0.3874147696040435E-05   2   0 1  0 0  0 0  0 1
    29  -.2155478061516840       2   0 0  1 0  0 0  0 1
    30  -.2042382285682567E-01   2   0 0  0 1  0 0  0 1
    31  0.3759707772898426E-06   2   0 0  0 0  0 2  0 0
    32  0.2545597132202471E-06   2   0 0  0 0  0 1  1 0
    33  0.3742901368669528E-06   2   0 0  0 0  0 0  2 0
    34  -.5083051517247650E-06   2   0 0  0 0  0 1  0 1
    35  -.5066076315505013E-06   2   0 0  0 0  0 0  1 1
    36  0.1009726897351869E-07   2   0 0  0 0  0 0  0 2
    37  0.6712683355339122E-04   3   3 0  0 0  0 0  0 0
    38  0.2130078111681208E-03   3   2 1  0 0  0 0  0 0
    39  0.8543884953113491E-04   3   1 2  0 0  0 0  0 0
    40  0.1063174406084486E-04   3   0 3  0 0  0 0  0 0
    41  -.3017849952143148       3   2 0  1 0  0 0  0 0
    42  -.2256067020055366       3   1 1  1 0  0 0  0 0
    43  -.2234587215096895       3   0 2  1 0  0 0  0 0
    44  -.9518117456463122E-04   3   1 0  2 0  0 0  0 0
    45  0.6400702614526052E-04   3   0 1  2 0  0 0  0 0
    46  0.6232178629428355E-01   3   0 0  3 0  0 0  0 0
    47  -.7096153832828402       3   2 0  0 1  0 0  0 0
    48  -.5653836337608276E-01   3   1 1  0 1  0 0  0 0
    49  0.1303180056429999       3   0 2  0 1  0 0  0 0
    50  -.1332018067137316E-03   3   1 0  1 1  0 0  0 0
    51  0.1076843019199312E-04   3   0 1  1 1  0 0  0 0
    52  -.2450044855117268       3   0 0  2 1  0 0  0 0
    53  0.4849391597895441E-04   3   1 0  0 2  0 0  0 0
    54  0.1028437544110305E-04   3   0 1  0 2  0 0  0 0
    55  -.3349848902451064       3   0 0  1 2  0 0  0 0
    56  0.1205513874528354       3   0 0  0 3  0 0  0 0
    57  -.2622837101694514E-04   3   2 0  0 0  0 1  0 0
    58  -.5323729009704866E-05   3   1 1  0 0  0 1  0 0
    59  -.2872668453020890E-05   3   0 2  0 0  0 1  0 0
    60  0.2113709489634965E-03   3   1 0  1 0  0 1  0 0
    61  0.1595667428675132E-04   3   0 1  1 0  0 1  0 0
    62  0.2363521955789711E-04   3   0 0  2 0  0 1  0 0
    63  -.3621379180493674E-05   3   1 0  0 1  0 1  0 0
    64  -.6031809367747913E-05   3   0 1  0 1  0 1  0 0
    65  -.2815813830757149E-05   3   0 0  1 1  0 1  0 0
    66  -.4337127347105358E-05   3   0 0  0 2  0 1  0 0
    67  -.2614077955974978E-04   3   2 0  0 0  0 0  1 0
    68  -.5305950048847311E-05   3   1 1  0 0  0 0  1 0
    69  -.2863074978241998E-05   3   0 2  0 0  0 0  1 0
    70  0.2106650610752821E-03   3   1 0  1 0  0 0  1 0
    71  0.1590338587048404E-04   3   0 1  1 0  0 0  1 0
    72  0.2355628810916671E-04   3   0 0  2 0  0 0  1 0
    73  -.3609285334511105E-05   3   1 0  0 1  0 0  1 0
    74  -.6011665723610293E-05   3   0 1  0 1  0 0  1 0
    75  -.2806410225917695E-05   3   0 0  1 1  0 0  1 0
    76  -.4322643210666668E-05   3   0 0  0 2  0 0  1 0
    77  0.5236915057684840E-04   3   2 0  0 0  0 0  0 1
    78  0.7134582932459840E-05   3   1 1  0 0  0 0  0 1
    79  0.2054520265001944E-05   3   0 2  0 0  0 0  0 1
    80  -.4220360100387801E-03   3   1 0  1 0  0 0  0 1
    81  -.2117864130557497E-04   3   0 1  1 0  0 0  0 1
    82  -.4719150766706371E-04   3   0 0  2 0  0 0  0 1
    83  0.2761840447029153E-05   3   1 0  0 1  0 0  0 1
    84  0.2948622565067841E-05   3   0 1  0 1  0 0  0 1
    85  -.3315131012697199E-06   3   0 0  1 1  0 0  0 1
    86  0.2346234632261214E-05   3   0 0  0 2  0 0  0 1
    87  0.1641443319503575E-04   3   1 0  0 0  0 2  0 0
    88  0.3869069106357572E-05   3   0 1  0 0  0 2  0 0
    89  -.7893297189277131E-01   3   0 0  1 0  0 2  0 0
    90  0.1096917495945143       3   0 0  0 1  0 2  0 0
    91  0.1098078179695533E-04   3   1 0  0 0  0 1  1 0
    92  0.3867686103359926E-05   3   0 1  0 0  0 1  1 0
    93  -.5010443965760810E-01   3   0 0  1 0  0 1  1 0
    94  0.6652852857376726E-01   3   0 0  0 1  0 1  1 0
    95  0.1634128052151598E-04   3   1 0  0 0  0 0  2 0
    96  0.3849689880267958E-05   3   0 1  0 0  0 0  2 0
    97  -.7858570616041821E-01   3   0 0  1 0  0 0  2 0
    98  0.1092143381089657       3   0 0  0 1  0 0  2 0
    99  -.2192567166207066E-04   3   1 0  0 0  0 1  0 1
   100  -.3879914683804613E-05   3   0 1  0 0  0 1  0 1
   101  0.1000163036024724       3   0 0  1 0  0 1  0 1
   102  0.2037490173973567E-01   3   0 0  0 1  0 1  0 1
   103  -.2185244936665522E-04   3   1 0  0 0  0 0  1 1
   104  -.3866957440644956E-05   3   0 1  0 0  0 0  1 1
   105  0.9968229224621337E-01   3   0 0  1 0  0 0  1 1
   106  0.2030685834762257E-01   3   0 0  0 1  0 0  1 1
   107  0.4029130447541732E-07   3   1 0  0 0  0 0  0 2
   108  -.3557122547140794E-08   3   0 1  0 0  0 0  0 2
   109  0.7924581217204168E-02   3   0 0  1 0  0 0  0 2
   110  0.8293438000092770E-04   3   0 0  0 1  0 0  0 2
   111  -.3148871970995499E-06   3   0 0  0 0  0 3  0 0
   112  -.1929282931261663E-06   3   0 0  0 0  0 2  1 0
   113  -.1935339605295751E-06   3   0 0  0 0  0 1  2 0
   114  -.3129887486906321E-06   3   0 0  0 0  0 0  3 0
   115  0.3856552826386721E-06   3   0 0  0 0  0 2  0 1
   116  0.2638189398610453E-06   3   0 0  0 0  0 1  1 1
   117  0.3839268393228102E-06   3   0 0  0 0  0 0  2 1
   118  -.9258888034969703E-08   3   0 0  0 0  0 1  0 2
   119  -.9227967338659591E-08   3   0 0  0 0  0 0  1 2
   120  -.5692275244746424E-09   3   0 0  0 0  0 0  0 3
   121  0.2139837252694733E-06   4   4 0  0 0  0 0  0 0
   122  0.3225302306884134E-06   4   3 1  0 0  0 0  0 0
   123  -.2462530483174168E-04   4   2 2  0 0  0 0  0 0
   124  -.1900683538162583E-05   4   1 3  0 0  0 0  0 0
   125  0.7409727067692789E-05   4   0 4  0 0  0 0  0 0
   126  -.2304645850258699E-02   4   3 0  1 0  0 0  0 0
   127  -.2543936451212655E-02   4   2 1  1 0  0 0  0 0
   128  -.1267441721902812E-02   4   1 2  1 0  0 0  0 0
   129  -.3301972903431373E-03   4   0 3  1 0  0 0  0 0
   130  -.2967338876435692E-03   4   2 0  2 0  0 0  0 0
   131  -.1788913094853486E-03   4   1 1  2 0  0 0  0 0
   132  -.6342208637129161E-04   4   0 2  2 0  0 0  0 0
   133  -.5508395586701669E-03   4   1 0  3 0  0 0  0 0
   134  -.4218132691728062E-03   4   0 1  3 0  0 0  0 0
   135  -.9915939642720342E-04   4   0 0  4 0  0 0  0 0
   136  0.2901090273785678E-03   4   3 0  0 1  0 0  0 0
   137  0.1103509269120317E-02   4   2 1  0 1  0 0  0 0
   138  0.3024417905364954E-03   4   1 2  0 1  0 0  0 0
   139  0.1275532851750307E-03   4   0 3  0 1  0 0  0 0
   140  -.5439804596030762E-04   4   2 0  1 1  0 0  0 0
   141  0.4929594635740108E-04   4   1 1  1 1  0 0  0 0
   142  -.7467164223630060E-04   4   0 2  1 1  0 0  0 0
   143  0.3072537196011805E-03   4   1 0  2 1  0 0  0 0
   144  0.2636490530434933E-03   4   0 1  2 1  0 0  0 0
   145  0.1938966052664368E-04   4   0 0  3 1  0 0  0 0
   146  -.5625216302977281E-04   4   2 0  0 2  0 0  0 0
   147  0.1305452577052751E-04   4   1 1  0 2  0 0  0 0
   148  0.3713533040941525E-04   4   0 2  0 2  0 0  0 0
   149  -.2822640685944637E-03   4   1 0  1 2  0 0  0 0
   150  -.2265840261495823E-03   4   0 1  1 2  0 0  0 0
   151  0.2365110828968531E-04   4   0 0  2 2  0 0  0 0
   152  0.1079398335807632E-03   4   1 0  0 3  0 0  0 0
   153  0.1092360940869342E-03   4   0 1  0 3  0 0  0 0
   154  -.5950282330046577E-04   4   0 0  1 3  0 0  0 0
   155  0.2690400808606583E-04   4   0 0  0 4  0 0  0 0
   156  -.7956888725700182E-04   4   3 0  0 0  0 1  0 0
   157  -.2634641357971828E-03   4   2 1  0 0  0 1  0 0
   158  -.1392921945270692E-03   4   1 2  0 0  0 1  0 0
   159  -.2190055652348238E-04   4   0 3  0 0  0 1  0 0
   160  0.3152386269764171       4   2 0  1 0  0 1  0 0
   161  0.3289074213824597       4   1 1  1 0  0 1  0 0
   162  0.3307543038553489       4   0 2  1 0  0 1  0 0
   163  0.7792720399825301E-04   4   1 0  2 0  0 1  0 0
   164  -.3933950403513456E-04   4   0 1  2 0  0 1  0 0
   165  -.1444378498584013E-02   4   0 0  3 0  0 1  0 0
   166  0.7398494624258939       4   2 0  0 1  0 1  0 0
   167  0.1140033124577723       4   1 1  0 1  0 1  0 0
   168  -.1728818126516304       4   0 2  0 1  0 1  0 0
   169  0.1923031440483276E-03   4   1 0  1 1  0 1  0 0
   170  -.1357621252729953E-05   4   0 1  1 1  0 1  0 0
   171  0.8170738447701847E-01   4   0 0  2 1  0 1  0 0
   172  -.6494327334286899E-04   4   1 0  0 2  0 1  0 0
   173  -.1917145789395412E-04   4   0 1  0 2  0 1  0 0
   174  0.4469175037986180       4   0 0  1 2  0 1  0 0
   175  -.1583582372826226       4   0 0  0 3  0 1  0 0
   176  -.7930316146039362E-04   4   3 0  0 0  0 0  1 0
   177  -.2625842791122897E-03   4   2 1  0 0  0 0  1 0
   178  -.1388270186193981E-03   4   1 2  0 0  0 0  1 0
   179  -.2182741810180747E-04   4   0 3  0 0  0 0  1 0
   180  0.3141858658010014       4   2 0  1 0  0 0  1 0
   181  0.3278090123237086       4   1 1  1 0  0 0  1 0
   182  0.3296497270049747       4   0 2  1 0  0 0  1 0
   183  0.7766696071631461E-04   4   1 0  2 0  0 0  1 0
   184  -.3920812704334353E-04   4   0 1  2 0  0 0  1 0
   185  -.1439554896791864E-02   4   0 0  3 0  0 0  1 0
   186  0.7373786840280578       4   2 0  0 1  0 0  1 0
   187  0.1136225905190463       4   1 1  0 1  0 0  1 0
   188  -.1723044618934416       4   0 2  0 1  0 0  1 0
   189  0.1916609344120693E-03   4   1 0  1 1  0 0  1 0
   190  -.1353087382754890E-05   4   0 1  1 1  0 0  1 0
   191  0.8143451702118705E-01   4   0 0  2 1  0 0  1 0
   192  -.6472639079444573E-04   4   1 0  0 2  0 0  1 0
   193  -.1910743348571316E-04   4   0 1  0 2  0 0  1 0
   194  0.4454249919160252       4   0 0  1 2  0 0  1 0
   195  -.1578293890078471       4   0 0  0 3  0 0  1 0
   196  0.1588720487173960E-03   4   3 0  0 0  0 0  0 1
   197  0.3130406037413545E-03   4   2 1  0 0  0 0  0 1
   198  0.1072415140841970E-03   4   1 2  0 0  0 0  0 1
   199  0.1183274244275628E-04   4   0 3  0 0  0 0  0 1
   200  -.6294244927774153       4   2 0  1 0  0 0  0 1
   201  -.4311097317006254       4   1 1  1 0  0 0  0 1
   202  -.2134865878409440       4   0 2  1 0  0 0  0 1
   203  -.1555941647145675E-03   4   1 0  2 0  0 0  0 1
   204  0.1454060493321841E-04   4   0 1  2 0  0 0  0 1
   205  0.2883933395377209E-02   4   0 0  3 0  0 0  0 1
   206  -.7676127631711082       4   2 0  0 1  0 0  0 1
   207  -.1145491762246575       4   1 1  0 1  0 0  0 1
   208  -.4576774238392804E-01   4   0 2  0 1  0 0  0 1
   209  -.2507622717466644E-03   4   1 0  1 1  0 0  0 1
   210  -.1882615174850211E-04   4   0 1  1 1  0 0  0 1
   211  0.8186258401351983E-01   4   0 0  2 1  0 0  0 1
   212  0.3268183217940559E-04   4   1 0  0 2  0 0  0 1
   213  0.7425765056358173E-05   4   0 1  0 2  0 0  0 1
   214  -.2223727152244298       4   0 0  1 2  0 0  0 1
   215  -.4546653606803662E-01   4   0 0  0 3  0 0  0 1
   216  -.3194765608102181E-04   4   2 0  0 0  0 2  0 0
   217  -.4396065261725752E-05   4   1 1  0 0  0 2  0 0
   218  0.1798027448254486E-04   4   0 2  0 0  0 2  0 0
   219  -.2509425041940804E-03   4   1 0  1 0  0 2  0 0
   220  -.2403442894686367E-03   4   0 1  1 0  0 2  0 0
   221  -.1504653257236929E-04   4   0 0  2 0  0 2  0 0
   222  0.2426585166622762E-04   4   1 0  0 1  0 2  0 0
   223  0.1277246835012776E-03   4   0 1  0 1  0 2  0 0
   224  -.6996591692968725E-04   4   0 0  1 1  0 2  0 0
   225  0.4310701190438898E-04   4   0 0  0 2  0 2  0 0
   226  -.3912184586041302E-04   4   2 0  0 0  0 1  1 0
   227  -.6856560848479069E-05   4   1 1  0 0  0 1  1 0
   228  0.2032679877217370E-04   4   0 2  0 0  0 1  1 0
   229  -.2238713818780089E-03   4   1 0  1 0  0 1  1 0
   230  -.2859172985176169E-03   4   0 1  1 0  0 1  1 0
   231  -.8551958102059288E-06   4   0 0  2 0  0 1  1 0
   232  0.8885791262551083E-05   4   1 0  0 1  0 1  1 0
   233  0.1425724410694521E-03   4   0 1  0 1  0 1  1 0
   234  -.8061092672425869E-04   4   0 0  1 1  0 1  1 0
   235  0.4778018267326382E-04   4   0 0  0 2  0 1  1 0
   236  -.3177563962255622E-04   4   2 0  0 0  0 0  2 0
   237  -.4369935318703786E-05   4   1 1  0 0  0 0  2 0
   238  0.1788628673914322E-04   4   0 2  0 0  0 0  2 0
   239  -.2497306473892639E-03   4   1 0  1 0  0 0  2 0
   240  -.2390642228213897E-03   4   0 1  1 0  0 0  2 0
   241  -.1499485564449302E-04   4   0 0  2 0  0 0  2 0
   242  0.2416997682106756E-04   4   1 0  0 1  0 0  2 0
   243  0.1270600728370846E-03   4   0 1  0 1  0 0  2 0
   244  -.6959765803627500E-04   4   0 0  1 1  0 0  2 0
   245  0.4288327044911675E-04   4   0 0  0 2  0 0  2 0
   246  0.2671823603574743E-04   4   2 0  0 0  0 1  0 1
   247  0.3933446856268896E-05   4   1 1  0 0  0 1  0 1
   248  0.2654742031884114E-05   4   0 2  0 0  0 1  0 1
   249  0.3511096613007817E-03   4   1 0  1 0  0 1  0 1
   250  0.1837161458964954E-03   4   0 1  1 0  0 1  0 1
   251  -.4077427158411628E-05   4   0 0  2 0  0 1  0 1
   252  -.1133819980826061E-04   4   1 0  0 1  0 1  0 1
   253  0.4169153149105502E-04   4   0 1  0 1  0 1  0 1
   254  0.3964436573337308E-04   4   0 0  1 1  0 1  0 1
   255  0.1438385189528383E-04   4   0 0  0 2  0 1  0 1
   256  0.2662900864047574E-04   4   2 0  0 0  0 0  1 1
   257  0.3920310838720624E-05   4   1 1  0 0  0 0  1 1
   258  0.2645876337445819E-05   4   0 2  0 0  0 0  1 1
   259  0.3499371063278159E-03   4   1 0  1 0  0 0  1 1
   260  0.1831026131338622E-03   4   0 1  1 0  0 0  1 1
   261  -.4063810308696403E-05   4   0 0  2 0  0 0  1 1
   262  -.1130033510661604E-04   4   1 0  0 1  0 0  1 1
   263  0.4155229974106762E-04   4   0 1  0 1  0 0  1 1
   264  0.3951197063487726E-04   4   0 0  1 1  0 0  1 1
   265  0.1433581602806293E-04   4   0 0  0 2  0 0  1 1
   266  0.1986715604686709E-07   4   2 0  0 0  0 0  0 2
   267  0.5059690805358954E-08   4   1 1  0 0  0 0  0 2
   268  0.3164078122045401E-08   4   0 2  0 0  0 0  0 2
   269  -.4266293111032470E-04   4   1 0  1 0  0 0  0 2
   270  0.5301903073578237E-05   4   0 1  1 0  0 0  0 2
   271  0.2195203923512083E-04   4   0 0  2 0  0 0  0 2
   272  -.1322385543461082E-04   4   1 0  0 1  0 0  0 2
   273  -.4434246085070751E-06   4   0 1  0 1  0 0  0 2
   274  0.7651659294652882E-05   4   0 0  1 1  0 0  0 2
   275  0.4951544294896155E-06   4   0 0  0 2  0 0  0 2
   276  -.1368527646899661E-04   4   1 0  0 0  0 3  0 0
   277  -.3876178717199978E-05   4   0 1  0 0  0 3  0 0
   278  0.6445552230789874E-01   4   0 0  1 0  0 3  0 0
   279  -.8801296847005018E-01   4   0 0  0 1  0 3  0 0
   280  -.8235961335124464E-05   4   1 0  0 0  0 2  1 0
   281  -.3882896319280035E-05   4   0 1  0 0  0 2  1 0
   282  0.3554936539749816E-01   4   0 0  1 0  0 2  1 0
   283  -.4472843508707854E-01   4   0 0  0 1  0 2  1 0
   284  -.8263029939598952E-05   4   1 0  0 0  0 1  2 0
   285  -.3882797823521774E-05   4   0 1  0 0  0 1  2 0
   286  0.3569308827804477E-01   4   0 0  1 0  0 1  2 0
   287  -.4494379024566541E-01   4   0 0  0 1  0 1  2 0
   288  -.1360301598010637E-04   4   1 0  0 0  0 0  3 0
   289  -.3850299691585464E-05   4   0 1  0 0  0 0  3 0
   290  0.6407348145813796E-01   4   0 0  1 0  0 0  3 0
   291  -.8749764459742676E-01   4   0 0  0 1  0 0  3 0
   292  0.1646485046115100E-04   4   1 0  0 0  0 2  0 1
   293  0.3874702818704043E-05   4   0 1  0 0  0 2  0 1
   294  -.7104990110116186E-01   4   0 0  1 0  0 2  0 1
   295  -.2030797966830050E-01   4   0 0  0 1  0 2  0 1
   296  0.1104025830900395E-04   4   1 0  0 0  0 1  1 1
   297  0.3869482493059907E-05   4   0 1  0 0  0 1  1 1
   298  -.4227585375087679E-01   4   0 0  1 0  0 1  1 1
   299  -.2024127734301804E-01   4   0 0  0 1  0 1  1 1
   300  0.1639143010272685E-04   4   1 0  0 0  0 0  2 1
   301  0.3855301778859063E-05   4   0 1  0 0  0 0  2 1
   302  -.7074203348014442E-01   4   0 0  1 0  0 0  2 1
   303  -.2020636119496473E-01   4   0 0  0 1  0 0  2 1
   304  -.6017152310445166E-07   4   1 0  0 0  0 1  0 2
   305  0.7149029678963760E-08   4   0 1  0 0  0 1  0 2
   306  -.7828501868326340E-02   4   0 0  1 0  0 1  0 2
   307  -.1337422514128996E-03   4   0 0  0 1  0 1  0 2
   308  -.5997057614558246E-07   4   1 0  0 0  0 0  1 2
   309  0.7125155000398066E-08   4   0 1  0 0  0 0  1 2
   310  -.7802358045446166E-02   4   0 0  1 0  0 0  1 2
   311  -.1332956099236807E-03   4   0 0  0 1  0 0  1 2
   312  0.1318649696001905E-07   4   1 0  0 0  0 0  0 3
   313  -.1200938992880573E-08   4   0 1  0 0  0 0  0 3
   314  -.7276750687859639E-04   4   0 0  1 0  0 0  0 3
   315  0.6078240444644284E-05   4   0 0  0 1  0 0  0 3
   316  0.5587713119887059E-05   4   0 0  0 0  0 4  0 0
   317  0.2586411605519282E-05   4   0 0  0 0  0 3  1 0
   318  0.2189899724024455E-05   4   0 0  0 0  0 2  2 0
   319  0.2607642832709218E-05   4   0 0  0 0  0 1  3 0
   320  0.5546125065495982E-05   4   0 0  0 0  0 0  4 0
   321  0.9754634945233371E-06   4   0 0  0 0  0 3  0 1
   322  0.1147444814780576E-05   4   0 0  0 0  0 2  1 1
   323  0.1146566980918781E-05   4   0 0  0 0  0 1  2 1
   324  0.9686674840302036E-06   4   0 0  0 0  0 0  3 1
   325  0.5396472770784583E-08   4   0 0  0 0  0 2  0 2
   326  0.7876928032098966E-08   4   0 0  0 0  0 1  1 2
   327  0.5365298104409369E-08   4   0 0  0 0  0 0  2 2
   328  -.2123510312077946E-09   4   0 0  0 0  0 1  0 3
   329  -.2116418702672080E-09   4   0 0  0 0  0 0  1 3
   ----------------------------------------------------
     I  COEFFICIENT            ORDER EXPONENTS
     1  0.1319285172059160E-04   0   0 0  0 0  0 0  0 0
     2  0.2525506294413652E-03   1   1 0  0 0  0 0  0 0
     3  0.4364656994817901E-04   1   0 1  0 0  0 0  0 0
     4  -1.217405429184079       1   0 0  1 0  0 0  0 0
     5  0.7764554569152845       1   0 0  0 1  0 0  0 0
     6  0.1779287341089023E-06   1   0 0  0 0  0 1  0 0
     7  0.1773345288077950E-06   1   0 0  0 0  0 0  1 0
     8  0.1283758845767494E-04   1   0 0  0 0  0 0  0 1
     9  -.4677070541847772E-04   2   2 0  0 0  0 0  0 0
    10  -.8805827475813778E-04   2   1 1  0 0  0 0  0 0
    11  -.8372469735664290E-05   2   0 2  0 0  0 0  0 0
    12  0.2144461992690362E-03   2   1 0  1 0  0 0  0 0
    13  0.3153824160840757E-03   2   0 1  1 0  0 0  0 0
    14  0.2386237086744936E-05   2   0 0  2 0  0 0  0 0
    15  0.4878414516244303E-03   2   1 0  0 1  0 0  0 0
    16  0.1360493711084117E-03   2   0 1  0 1  0 0  0 0
    17  0.8982735933897076E-04   2   0 0  1 1  0 0  0 0
    18  0.1094047185402380E-04   2   0 0  0 2  0 0  0 0
    19  -.7075520017168436E-06   2   1 0  0 0  0 1  0 0
    20  -.2188301787544892E-04   2   0 1  0 0  0 1  0 0
    21  -.5761666610102950E-01   2   0 0  1 0  0 1  0 0
    22  0.1079541731826786       2   0 0  0 1  0 1  0 0
    23  -.7051890829206346E-06   2   1 0  0 0  0 0  1 0
    24  -.2180993802530104E-04   2   0 1  0 0  0 0  1 0
    25  -.5742425126370403E-01   2   0 0  1 0  0 0  1 0
    26  0.1075936527625089       2   0 0  0 1  0 0  1 0
    27  0.2539633705260026E-03   2   1 0  0 0  0 0  0 1
    28  0.4369295590075008E-04   2   0 1  0 0  0 0  0 1
    29  -1.102364511819345       2   0 0  1 0  0 0  0 1
    30  -.2155478259451876       2   0 0  0 1  0 0  0 1
    31  -.1269795836411204E-06   2   0 0  0 0  0 2  0 0
    32  -.7636694369627031E-07   2   0 0  0 0  0 1  1 0
    33  -.1264280101990545E-06   2   0 0  0 0  0 0  2 0
    34  0.3303199212993837E-06   2   0 0  0 0  0 1  0 1
    35  0.3292167950995637E-06   2   0 0  0 0  0 0  1 1
    36  -.3297665517622872E-06   2   0 0  0 0  0 0  0 2
    37  0.2349473080190535E-03   3   3 0  0 0  0 0  0 0
    38  0.1110251460672609E-03   3   2 1  0 0  0 0  0 0
    39  0.2649757220061334E-04   3   1 2  0 0  0 0  0 0
    40  0.2410706770674949E-04   3   0 3  0 0  0 0  0 0
    41  -4.634805355164212       3   2 0  1 0  0 0  0 0
    42  -2.217136257779865       3   1 1  1 0  0 0  0 0
    43  -.7155175755037362       3   0 2  1 0  0 0  0 0
    44  -.9653972973494370E-03   3   1 0  2 0  0 0  0 0
    45  -.1316776405264696E-03   3   0 1  2 0  0 0  0 0
    46  -.8284632308250635       3   0 0  3 0  0 0  0 0
    47  -.5327506731103150       3   2 0  0 1  0 0  0 0
    48  -.6171947041156080       3   1 1  0 1  0 0  0 0
    49  -.2814654307339596       3   0 2  0 1  0 0  0 0
    50  -.3728187089978975E-03   3   1 0  1 1  0 0  0 0
    51  -.3187995644472281E-03   3   0 1  1 1  0 0  0 0
    52  -.8469672457781877       3   0 0  2 1  0 0  0 0
    53  -.4232870589207726E-04   3   1 0  0 2  0 0  0 0
    54  -.3019257199245348E-04   3   0 1  0 2  0 0  0 0
    55  0.4144055645085075       3   0 0  1 2  0 0  0 0
    56  -.1931855165230124E-01   3   0 0  0 3  0 0  0 0
    57  0.2085065402321541E-04   3   2 0  0 0  0 1  0 0
    58  0.4098336634797417E-04   3   1 1  0 0  0 1  0 0
    59  0.7847433819525467E-05   3   0 2  0 0  0 1  0 0
    60  -.6754484831776485E-04   3   1 0  1 0  0 1  0 0
    61  -.1164719087459039E-03   3   0 1  1 0  0 1  0 0
    62  0.2044286067624387E-05   3   0 0  2 0  0 1  0 0
    63  -.2882489669316059E-03   3   1 0  0 1  0 1  0 0
    64  -.1354050447531320E-03   3   0 1  0 1  0 1  0 0
    65  -.4150623654647269E-04   3   0 0  1 1  0 1  0 0
    66  -.1153534210540607E-04   3   0 0  0 2  0 1  0 0
    67  0.2078102182348065E-04   3   2 0  0 0  0 0  1 0
    68  0.4084649956441090E-04   3   1 1  0 0  0 0  1 0
    69  0.7821226772086718E-05   3   0 2  0 0  0 0  1 0
    70  -.6731927762996380E-04   3   1 0  1 0  0 0  1 0
    71  -.1160829427593106E-03   3   0 1  1 0  0 0  1 0
    72  0.2037459033056663E-05   3   0 0  2 0  0 0  1 0
    73  -.2872863395906908E-03   3   1 0  0 1  0 0  1 0
    74  -.1349528502506988E-03   3   0 1  0 1  0 0  1 0
    75  -.4136762360175519E-04   3   0 0  1 1  0 0  1 0
    76  -.1149681903343920E-04   3   0 0  0 2  0 0  1 0
    77  -.8840238126517356E-04   3   2 0  0 0  0 0  0 1
    78  -.8182986591238596E-04   3   1 1  0 0  0 0  0 1
    79  -.7296190856264713E-05   3   0 2  0 0  0 0  0 1
    80  0.3493103252167665E-03   3   1 0  1 0  0 0  0 1
    81  0.2325548515052159E-03   3   0 1  1 0  0 0  0 1
    82  -.1695508013935860E-05   3   0 0  2 0  0 0  0 1
    83  0.5755353065222938E-03   3   1 0  0 1  0 0  0 1
    84  0.1343085238954194E-03   3   0 1  0 1  0 0  0 1
    85  0.8287386014806382E-04   3   0 0  1 1  0 0  0 1
    86  0.1209168928450496E-04   3   0 0  0 2  0 0  0 1
    87  0.7278204396855073E-06   3   1 0  0 0  0 2  0 0
    88  0.1643232652532014E-04   3   0 1  0 0  0 2  0 0
    89  0.4228677971571464E-01   3   0 0  1 0  0 2  0 0
    90  -.7893297603845120E-01   3   0 0  0 1  0 2  0 0
    91  0.7336805685613259E-06   3   1 0  0 0  0 1  1 0
    92  0.1100333289880009E-04   3   0 1  0 0  0 1  1 0
    93  0.2705860450138966E-01   3   0 0  1 0  0 1  1 0
    94  -.5010443882289304E-01   3   0 0  0 1  0 1  1 0
    95  0.7241647445649860E-06   3   1 0  0 0  0 0  2 0
    96  0.1635907644035060E-04   3   0 1  0 0  0 0  2 0
    97  0.4210037805351403E-01   3   0 0  1 0  0 0  2 0
    98  -.7858571029364693E-01   3   0 0  0 1  0 0  2 0
    99  -.2155881119058057E-05   3   1 0  0 0  0 1  0 1
   100  -.2193769789323902E-04   3   0 1  0 0  0 1  0 1
   101  -.1116320714155501       3   0 0  1 0  0 1  0 1
   102  0.1000163103498031       3   0 0  0 1  0 1  0 1
   103  -.2148681405105664E-05   3   1 0  0 0  0 0  1 1
   104  -.2186443543539375E-04   3   0 1  0 0  0 0  1 1
   105  -.1112592684001166       3   0 0  1 0  0 0  1 1
   106  0.9968229897101094E-01   3   0 0  0 1  0 0  1 1
   107  0.2131528854626430E-05   3   1 0  0 0  0 0  0 2
   108  0.3908382530624715E-07   3   0 1  0 0  0 0  0 2
   109  0.1114456370485988       3   0 0  1 0  0 0  0 2
   110  0.7924580892378725E-02   3   0 0  0 1  0 0  0 2
   111  0.1049945453075295E-06   3   0 0  0 0  0 3  0 0
   112  0.6107878533633229E-07   3   0 0  0 0  0 2  1 0
   113  0.6129701844079999E-07   3   0 0  0 0  0 1  2 0
   114  0.1043669446356161E-06   3   0 0  0 0  0 0  3 0
   115  -.2490930181690603E-06   3   0 0  0 0  0 2  0 1
   116  -.1684049569734820E-06   3   0 0  0 0  0 1  1 1
   117  -.2479799548262811E-06   3   0 0  0 0  0 0  2 1
   118  0.1681387716729130E-06   3   0 0  0 0  0 1  0 2
   119  0.1675772606277822E-06   3   0 0  0 0  0 0  1 2
   120  -.1983160179466029E-08   3   0 0  0 0  0 0  0 3
   121  0.1788527945883800E-03   4   4 0  0 0  0 0  0 0
   122  0.2104911622153838E-03   4   3 1  0 0  0 0  0 0
   123  0.5280141134407518E-04   4   2 2  0 0  0 0  0 0
   124  -.2514285187901556E-04   4   1 3  0 0  0 0  0 0
   125  -.2142086199229084E-04   4   0 4  0 0  0 0  0 0
   126  0.8560499950983717E-07   4   3 0  1 0  0 0  0 0
   127  0.2717949709283874E-02   4   2 1  1 0  0 0  0 0
   128  0.3250108303860274E-03   4   1 2  1 0  0 0  0 0
   129  -.2098331547837273E-03   4   0 3  1 0  0 0  0 0
   130  -.9628874584559887E-04   4   2 0  2 0  0 0  0 0
   131  0.6672414906102671E-03   4   1 1  2 0  0 0  0 0
   132  0.2693761947743526E-04   4   0 2  2 0  0 0  0 0
   133  0.1563409058344850E-07   4   1 0  3 0  0 0  0 0
   134  0.6721321094288361E-07   4   0 1  3 0  0 0  0 0
   135  -.8961583172549262E-04   4   0 0  4 0  0 0  0 0
   136  0.1358966953534804E-02   4   3 0  0 1  0 0  0 0
   137  0.9625012703899328E-03   4   2 1  0 1  0 0  0 0
   138  0.4787668742618218E-03   4   1 2  0 1  0 0  0 0
   139  -.8253583636705238E-04   4   0 3  0 1  0 0  0 0
   140  0.8424319083242359E-03   4   2 0  1 1  0 0  0 0
   141  0.6732017127770809E-03   4   1 1  1 1  0 0  0 0
   142  0.2736949854674266E-03   4   0 2  1 1  0 0  0 0
   143  0.7289825362672547E-03   4   1 0  2 1  0 0  0 0
   144  0.6124423569943081E-07   4   0 1  2 1  0 0  0 0
   145  0.1953477494325338E-03   4   0 0  3 1  0 0  0 0
   146  -.7161179623513902E-04   4   2 0  0 2  0 0  0 0
   147  -.9548950492191798E-04   4   1 1  0 2  0 0  0 0
   148  -.1519249695560619E-04   4   0 2  0 2  0 0  0 0
   149  0.1716767552316053E-03   4   1 0  1 2  0 0  0 0
   150  -.2097806460195811E-03   4   0 1  1 2  0 0  0 0
   151  0.1230360839825687E-03   4   0 0  2 2  0 0  0 0
   152  -.3352407007004872E-04   4   1 0  0 3  0 0  0 0
   153  -.8253447617702804E-04   4   0 1  0 3  0 0  0 0
   154  0.3823419328348913E-04   4   0 0  1 3  0 0  0 0
   155  0.2624490312713605E-05   4   0 0  0 4  0 0  0 0
   156  -.9496201621754727E-04   4   3 0  0 0  0 1  0 0
   157  -.9570534281580880E-04   4   2 1  0 0  0 1  0 0
   158  -.3771792529604274E-04   4   1 2  0 0  0 1  0 0
   159  -.3723110462249817E-04   4   0 3  0 0  0 1  0 0
   160   2.533460891314815       4   2 0  1 0  0 1  0 0
   161   2.152930974612522       4   1 1  1 0  0 1  0 0
   162  0.7295257067563949       4   0 2  1 0  0 1  0 0
   163  0.5538033759547658E-03   4   1 0  2 0  0 1  0 0
   164  0.1275419169480415E-03   4   0 1  2 0  0 1  0 0
   165  0.1871633439258900       4   0 0  3 0  0 1  0 0
   166  0.6719175235053034       4   2 0  0 1  0 1  0 0
   167  0.9554895113051518       4   1 1  0 1  0 1  0 0
   168  0.4484467502126281       4   0 2  0 1  0 1  0 0
   169  0.4195926003405311E-03   4   1 0  1 1  0 1  0 0
   170  0.3557839976289301E-03   4   0 1  1 1  0 1  0 0
   171  0.7122599276442306       4   0 0  2 1  0 1  0 0
   172  0.6951042886030597E-04   4   1 0  0 2  0 1  0 0
   173  0.4998992831326049E-04   4   0 1  0 2  0 1  0 0
   174  -.3148445012054132       4   0 0  1 2  0 1  0 0
   175  0.3724769689761477E-01   4   0 0  0 3  0 1  0 0
   176  -.9464488400322618E-04   4   3 0  0 0  0 0  1 0
   177  -.9538572821095654E-04   4   2 1  0 0  0 0  1 0
   178  -.3759196367849173E-04   4   1 2  0 0  0 0  1 0
   179  -.3710676877622002E-04   4   0 3  0 0  0 0  1 0
   180   2.525000223625070       4   2 0  1 0  0 0  1 0
   181   2.145741112871373       4   1 1  1 0  0 0  1 0
   182  0.7270894052539133       4   0 2  1 0  0 0  1 0
   183  0.5519539113170946E-03   4   1 0  2 0  0 0  1 0
   184  0.1271159819042011E-03   4   0 1  2 0  0 0  1 0
   185  0.1865382990072611       4   0 0  3 0  0 0  1 0
   186  0.6696736085110818       4   2 0  0 1  0 0  1 0
   187  0.9522985880649720       4   1 1  0 1  0 0  1 0
   188  0.4469491313059694       4   0 2  0 1  0 0  1 0
   189  0.4181913418609829E-03   4   1 0  1 1  0 0  1 0
   190  0.3545958323868353E-03   4   0 1  1 1  0 0  1 0
   191  0.7098812864040280       4   0 0  2 1  0 0  1 0
   192  0.6927829398047666E-04   4   1 0  0 2  0 0  1 0
   193  0.4982298349372720E-04   4   0 1  0 2  0 0  1 0
   194  -.3137930562402375       4   0 0  1 2  0 0  1 0
   195  0.3712330564028801E-01   4   0 0  0 3  0 0  1 0
   196  0.4245542082398289E-03   4   3 0  0 0  0 0  0 1
   197  0.1910910710267716E-03   4   2 1  0 0  0 0  0 1
   198  0.4881231677392002E-04   4   1 2  0 0  0 0  0 1
   199  0.2612373798522021E-04   4   0 3  0 0  0 0  0 1
   200  -9.693266470104097       4   2 0  1 0  0 0  0 1
   201  -4.298672087483897       4   1 1  1 0  0 0  0 1
   202  -.7410975365065745       4   0 2  1 0  0 0  0 1
   203  -.2071154584621297E-02   4   1 0  2 0  0 0  0 1
   204  -.2546578988522431E-03   4   0 1  2 0  0 0  0 1
   205  -1.202164873758214       4   0 0  3 0  0 0  0 1
   206  -1.341591132016386       4   2 0  0 1  0 0  0 1
   207  -1.290593395254504       4   1 1  0 1  0 0  0 1
   208  -.3324650200506781       4   0 2  0 1  0 0  0 1
   209  -.8377839422015145E-03   4   1 0  1 1  0 0  0 1
   210  -.3915802655685379E-03   4   0 1  1 1  0 0  0 1
   211  -1.422141214048262       4   0 0  2 1  0 0  0 1
   212  -.9646001694870406E-04   4   1 0  0 2  0 0  0 1
   213  -.3942776782208015E-04   4   0 1  0 2  0 0  0 1
   214  0.2142319929371436       4   0 0  1 2  0 0  0 1
   215  -.3573389923330128E-01   4   0 0  0 3  0 0  0 1
   216  -.6471507087945742E-04   4   2 0  0 0  0 2  0 0
   217  -.1101181286886631E-03   4   1 1  0 0  0 2  0 0
   218  -.4689594016972775E-04   4   0 2  0 0  0 2  0 0
   219  -.3971770402696112E-03   4   1 0  1 0  0 2  0 0
   220  -.2665703555029517E-03   4   0 1  1 0  0 2  0 0
   221  -.4579087609286657E-04   4   0 0  2 0  0 2  0 0
   222  -.4972531054605822E-04   4   1 0  0 1  0 2  0 0
   223  -.1522852173180558E-03   4   0 1  0 1  0 2  0 0
   224  0.6615471015313999E-04   4   0 0  1 1  0 2  0 0
   225  0.2110422335914059E-07   4   0 0  0 2  0 2  0 0
   226  -.6674921172670390E-04   4   2 0  0 0  0 1  1 0
   227  -.1168293468578289E-03   4   1 1  0 0  0 1  1 0
   228  -.5606810207629270E-04   4   0 2  0 0  0 1  1 0
   229  -.4682622475727728E-03   4   1 0  1 0  0 1  1 0
   230  -.3225804107259294E-03   4   0 1  1 0  0 1  1 0
   231  -.4095835698595482E-04   4   0 0  2 0  0 1  1 0
   232  -.1698794808833116E-03   4   1 0  0 1  0 1  1 0
   233  -.2214282407364042E-03   4   0 1  0 1  0 1  1 0
   234  0.4421834325813986E-04   4   0 0  1 1  0 1  1 0
   235  -.3029040008474016E-05   4   0 0  0 2  0 1  1 0
   236  -.6438749362671170E-04   4   2 0  0 0  0 0  2 0
   237  -.1095553017516354E-03   4   1 1  0 0  0 0  2 0
   238  -.4664570628698689E-04   4   0 2  0 0  0 0  2 0
   239  -.3950687430370734E-03   4   1 0  1 0  0 0  2 0
   240  -.2651414855979758E-03   4   0 1  1 0  0 0  2 0
   241  -.4556956266681195E-04   4   0 0  2 0  0 0  2 0
   242  -.4927558730393714E-04   4   1 0  0 1  0 0  2 0
   243  -.1514069128585630E-03   4   0 1  0 1  0 0  2 0
   244  0.6585994682155412E-04   4   0 0  1 1  0 0  2 0
   245  0.2609158854327671E-07   4   0 0  0 2  0 0  2 0
   246  0.1492986915991652E-03   4   2 0  0 0  0 1  0 1
   247  0.1670213115403365E-03   4   1 1  0 0  0 1  0 1
   248  0.4326185753003842E-04   4   0 2  0 0  0 1  0 1
   249  0.6313147072105775E-03   4   1 0  1 0  0 1  0 1
   250  0.2176987080500189E-03   4   0 1  1 0  0 1  0 1
   251  0.8277758097488254E-04   4   0 0  2 0  0 1  0 1
   252  0.6039226747554379E-04   4   1 0  0 1  0 1  0 1
   253  0.9765606978646070E-04   4   0 1  0 1  0 1  0 1
   254  -.4443389316312033E-04   4   0 0  1 1  0 1  0 1
   255  0.1354476976526864E-05   4   0 0  0 2  0 1  0 1
   256  0.1488000983031467E-03   4   2 0  0 0  0 0  1 1
   257  0.1664635323305241E-03   4   1 1  0 0  0 0  1 1
   258  0.4311738156774608E-04   4   0 2  0 0  0 0  1 1
   259  0.6292063881267225E-03   4   1 0  1 0  0 0  1 1
   260  0.2169716881731331E-03   4   0 1  1 0  0 0  1 1
   261  0.8250113952390513E-04   4   0 0  2 0  0 0  1 1
   262  0.6019058332565514E-04   4   1 0  0 1  0 0  1 1
   263  0.9732994059410464E-04   4   0 1  0 1  0 0  1 1
   264  -.4428550310685240E-04   4   0 0  1 1  0 0  1 1
   265  0.1349953607079522E-05   4   0 0  0 2  0 0  1 1
   266  -.1022470226191656E-03   4   2 0  0 0  0 0  0 2
   267  -.4005487170163124E-04   4   1 1  0 0  0 0  0 2
   268  -.2595405918230541E-05   4   0 2  0 0  0 0  0 2
   269  -.1306444052134729E-07   4   1 0  1 0  0 0  0 2
   270  -.1855112895308212E-08   4   0 1  1 0  0 0  0 2
   271  -.3295991969407239E-04   4   0 0  2 0  0 0  0 2
   272  -.3267927357532322E-04   4   1 0  0 1  0 0  0 2
   273  -.1547116712000226E-09   4   0 1  0 1  0 0  0 2
   274  -.2974512728026662E-04   4   0 0  1 1  0 0  0 2
   275  -.1775542712027173E-05   4   0 0  0 2  0 0  0 2
   276  -.7107122484367071E-06   4   1 0  0 0  0 3  0 0
   277  -.1368619598165241E-04   4   0 1  0 0  0 3  0 0
   278  -.3464154604828801E-01   4   0 0  1 0  0 3  0 0
   279  0.6445553016941666E-01   4   0 0  0 1  0 3  0 0
   280  -.6933232923036806E-06   4   1 0  0 0  0 2  1 0
   281  -.8219589665879202E-05   4   0 1  0 0  0 2  1 0
   282  -.1937686455537372E-01   4   0 0  1 0  0 2  1 0
   283  0.3554937643291312E-01   4   0 0  0 1  0 2  1 0
   284  -.6933985101704587E-06   4   1 0  0 0  0 1  2 0
   285  -.8246744872701610E-05   4   0 1  0 0  0 1  2 0
   286  -.1945275122187063E-01   4   0 0  1 0  0 1  2 0
   287  0.3569309929742918E-01   4   0 0  0 1  0 1  2 0
   288  -.7059982183859940E-06   4   1 0  0 0  0 0  3 0
   289  -.1360395813256645E-04   4   0 1  0 0  0 0  3 0
   290  -.3443576780205466E-01   4   0 0  1 0  0 0  3 0
   291  0.6407348926190967E-01   4   0 0  0 1  0 0  3 0
   292  0.2133976683569412E-05   4   1 0  0 0  0 2  0 1
   293  0.1646466922654240E-04   4   0 1  0 0  0 2  0 1
   294  0.8101483061678866E-01   4   0 0  1 0  0 2  0 1
   295  -.7104991046419562E-01   4   0 0  0 1  0 2  0 1
   296  0.2112194507253646E-05   4   1 0  0 0  0 1  1 1
   297  0.1102795100978906E-04   4   0 1  0 0  0 1  1 1
   298  0.5060084159873846E-01   4   0 0  1 0  0 1  1 1
   299  -.4227586571207004E-01   4   0 0  0 1  0 1  1 1
   300  0.2123323211245991E-05   4   1 0  0 0  0 0  2 1
   301  0.1639127002398392E-04   4   0 1  0 0  0 0  2 1
   302  0.8065978348909544E-01   4   0 0  1 0  0 0  2 1
   303  -.7074204279193720E-01   4   0 0  0 1  0 0  2 1
   304  -.2135756576919045E-05   4   1 0  0 0  0 1  0 2
   305  -.5883158857717904E-07   4   0 1  0 0  0 1  0 2
   306  -.5049926355785045E-01   4   0 0  1 0  0 1  0 2
   307  -.7828501886238803E-02   4   0 0  0 1  0 1  0 2
   308  -.2128624070265480E-05   4   1 0  0 0  0 0  1 2
   309  -.5863511642230846E-07   4   0 1  0 0  0 0  1 2
   310  -.5033061777807775E-01   4   0 0  1 0  0 0  1 2
   311  -.7802358063298812E-02   4   0 0  0 1  0 0  1 2
   312  0.7109505977664927E-06   4   1 0  0 0  0 0  0 3
   313  0.1309968483859153E-07   4   0 1  0 0  0 0  0 3
   314  -.3538585237556718E-02   4   0 0  1 0  0 0  0 3
   315  -.7276727840663767E-04   4   0 0  0 1  0 0  0 3
   316  -.4016828592955865E-05   4   0 0  0 0  0 4  0 0
   317  -.2058171063677601E-05   4   0 0  0 0  0 3  1 0
   318  -.1800225680346227E-05   4   0 0  0 0  0 2  2 0
   319  -.2072013560154991E-05   4   0 0  0 0  0 1  3 0
   320  -.3986601917612624E-05   4   0 0  0 0  0 0  4 0
   321  0.4289058297417796E-05   4   0 0  0 0  0 3  0 1
   322  0.2136851015021020E-05   4   0 0  0 0  0 2  1 1
   323  0.2147560430392043E-05   4   0 0  0 0  0 1  2 1
   324  0.4264016802552102E-05   4   0 0  0 0  0 0  3 1
   325  0.3426573558786018E-06   4   0 0  0 0  0 2  0 2
   326  0.4077851573381950E-06   4   0 0  0 0  0 1  1 2
   327  0.3408321146096683E-06   4   0 0  0 0  0 0  2 2
   328  0.2542370831175385E-08   4   0 0  0 0  0 1  0 3
   329  0.2533880408125863E-08   4   0 0  0 0  0 0  1 3
   330  -.5452868758465935E-15   4   0 0  0 0  0 0  0 4
   ----------------------------------------------------
     I  COEFFICIENT            ORDER EXPONENTS
     1  0.8981798736168903E-09   0   0 0  0 0  0 0  0 0
     2  -.1804462928490916E-05   1   1 0  0 0  0 0  0 0
     3  -.2795390261149738E-05   1   0 1  0 0  0 0  0 0
     4  0.4677202272592247E-06   1   0 0  1 0  0 0  0 0
     5  -.4449790013427836E-06   1   0 0  0 1  0 0  0 0
     6   1.000000000000000       1   0 0  0 0  1 0  0 0
     7  0.8638530075611026E-01   1   0 0  0 0  0 1  0 0
     8  -.8638530071835521E-01   1   0 0  0 0  0 0  1 0
     9  -.3775755697566514E-10   1   0 0  0 0  0 0  0 1
    10  -.5045333189266592E-01   2   2 0  0 0  0 0  0 0
    11  -.1301175675504299       2   1 1  0 0  0 0  0 0
    12  -.9764518752796816E-01   2   0 2  0 0  0 0  0 0
    13  -.1340875342053037E-05   2   1 0  1 0  0 0  0 0
    14  -.2193886578125012E-04   2   0 1  1 0  0 0  0 0
    15  -.4334360696676730E-01   2   0 0  2 0  0 0  0 0
    16  -.2193893856675063E-04   2   1 0  0 1  0 0  0 0
    17  -.3880334076331870E-05   2   0 1  0 1  0 0  0 0
    18  0.1026161182260843       2   0 0  1 1  0 0  0 0
    19  -.7706184611385701E-01   2   0 0  0 2  0 0  0 0
    20  0.2837056462683145E-05   2   1 0  0 0  0 1  0 0
    21  0.4385902029356208E-05   2   0 1  0 0  0 1  0 0
    22  -.7077897414468905E-06   2   0 0  1 0  0 1  0 0
    23  0.6403919546110649E-06   2   0 0  0 1  0 1  0 0
    24  0.1035147740385460E-05   2   1 0  0 0  0 0  1 0
    25  0.1594496932286604E-05   2   0 1  0 0  0 0  1 0
    26  -.2408238857373443E-06   2   0 0  1 0  0 0  1 0
    27  0.1962401003795748E-06   2   0 0  0 1  0 0  1 0
    28  -.3872189117555261E-05   2   1 0  0 0  0 0  0 1
    29  -.3184976454475930E-05   2   0 1  0 0  0 0  0 1
    30  0.9486116427955327E-06   2   0 0  1 0  0 0  0 1
    31  -.3916472800654004E-06   2   0 0  0 1  0 0  0 1
    32  -.6489734015808951E-01   2   0 0  0 0  0 2  0 0
    33  0.4340937949854917E-01   2   0 0  0 0  0 1  1 0
    34  0.2148796059799879E-01   2   0 0  0 0  0 0  2 0
    35  0.6150990570813387E-10   2   0 0  0 0  0 1  0 1
    36  0.2379869899357535E-10   2   0 0  0 0  0 0  1 1
    37  -.2377547470310602E-10   2   0 0  0 0  0 0  0 2
    38  -.6483743353914857E-04   3   3 0  0 0  0 0  0 0
    39  -.1002550103244483E-03   3   2 1  0 0  0 0  0 0
    40  0.8704983695752500E-06   3   1 2  0 0  0 0  0 0
    41  -.1376399082378739E-05   3   0 3  0 0  0 0  0 0
    42  0.5557446103319406E-05   3   2 0  1 0  0 0  0 0
    43  -.3414671636652713E-04   3   1 1  1 0  0 0  0 0
    44  0.9213982026184803E-05   3   0 2  1 0  0 0  0 0
    45  -.6031724067146068E-04   3   1 0  2 0  0 0  0 0
    46  0.1004641416545127E-03   3   0 1  2 0  0 0  0 0
    47  -.1140050774428347E-04   3   0 0  3 0  0 0  0 0
    48  -.1609189012113510E-04   3   2 0  0 1  0 0  0 0
    49  0.2789591381672941E-05   3   1 1  0 1  0 0  0 0
    50  0.3839692204759425E-06   3   0 2  0 1  0 0  0 0
    51  0.2064514609442812E-03   3   1 0  1 1  0 0  0 0
    52  0.6080255794213765E-05   3   0 1  1 1  0 0  0 0
    53  0.2818829022760866E-04   3   0 0  2 1  0 0  0 0
    54  -.1251680322557370E-05   3   1 0  0 2  0 0  0 0
    55  -.3590717347064667E-05   3   0 1  0 2  0 0  0 0
    56  -.3087459342080932E-06   3   0 0  1 2  0 0  0 0
    57  -.1224401728752543E-05   3   0 0  0 3  0 0  0 0
    58  0.7747093440688052E-01   3   2 0  0 0  0 1  0 0
    59  0.2023064050303362       3   1 1  0 0  0 1  0 0
    60  0.1520630273113718       3   0 2  0 0  0 1  0 0
    61  0.2684117540535832E-05   3   1 0  1 0  0 1  0 0
    62  0.3296978141913523E-04   3   0 1  1 0  0 1  0 0
    63  0.6325962850496596E-01   3   0 0  2 0  0 1  0 0
    64  0.3293821606380355E-04   3   1 0  0 1  0 1  0 0
    65  0.7730738737799254E-05   3   0 1  0 1  0 1  0 0
    66  -.1473332331603952       3   0 0  1 1  0 1  0 0
    67  0.1109186480145485       3   0 0  0 2  0 1  0 0
    68  0.2709535663828380E-01   3   2 0  0 0  0 0  1 0
    69  0.7238089228824815E-01   3   1 1  0 0  0 0  1 0
    70  0.5456115222629974E-01   3   0 2  0 0  0 0  1 0
    71  0.1341036859080306E-05   3   1 0  1 0  0 0  1 0
    72  0.1106251073513021E-04   3   0 1  1 0  0 0  1 0
    73  0.1999380958726697E-01   3   0 0  2 0  0 0  1 0
    74  0.1104450971245125E-04   3   1 0  0 1  0 0  1 0
    75  0.3860580845985977E-05   3   0 1  0 1  0 0  1 0
    76  -.4490933716642647E-01   3   0 0  1 1  0 0  1 0
    77  0.3400023895749353E-01   3   0 0  0 2  0 0  1 0
    78  -.1045664217523156       3   2 0  0 0  0 0  0 1
    79  -.1445699202287612       3   1 1  0 0  0 0  0 1
    80  -.1133397970443996E-01   3   0 2  0 0  0 0  0 1
    81  -.4023194088830397E-05   3   1 0  1 0  0 0  0 1
    82  -.2208053252439883E-04   3   0 1  1 0  0 0  0 1
    83  -.8325350741421748E-01   3   0 0  2 0  0 0  0 1
    84  -.2206804676073307E-04   3   1 0  0 1  0 0  0 1
    85  -.3872307508851467E-05   3   0 1  0 1  0 0  0 1
    86  0.8962648054164626E-01   3   0 0  1 1  0 0  0 1
    87  0.9204760923041984E-02   3   0 0  0 2  0 0  0 1
    88  -.3677265074601178E-05   3   1 0  0 0  0 2  0 0
    89  -.5682034627036641E-05   3   0 1  0 0  0 2  0 0
    90  0.8813445911578505E-06   3   0 0  1 0  0 2  0 0
    91  -.7745030893694254E-06   3   0 0  0 1  0 2  0 0
    92  -.1681733635276342E-05   3   1 0  0 0  0 1  1 0
    93  -.2594282497181065E-05   3   0 1  0 0  0 1  1 0
    94  0.3475611562241359E-06   3   0 0  1 0  0 1  1 0
    95  -.2686416926146418E-06   3   0 0  0 1  0 1  1 0
    96  -.8427746644649146E-06   3   1 0  0 0  0 0  2 0
    97  -.1300099573940082E-05   3   0 1  0 0  0 0  2 0
    98  0.1743766991472506E-06   3   0 0  1 0  0 0  2 0
    99  -.1349368971119700E-06   3   0 0  0 1  0 0  2 0
   100  0.6199262703028290E-05   3   1 0  0 0  0 1  0 1
   101  0.5186652639938480E-05   3   0 1  0 0  0 1  0 1
   102  -.1402467195901737E-05   3   0 0  1 0  0 1  0 1
   103  0.5368826426461682E-06   3   0 0  0 1  0 1  0 1
   104  0.2332190420100895E-05   3   1 0  0 0  0 0  1 1
   105  0.2005592377311734E-05   3   0 1  0 0  0 0  1 1
   106  -.4554972456500247E-06   3   0 0  1 0  0 0  1 1
   107  0.1460539042713286E-06   3   0 0  0 1  0 0  1 1
   108  -.2329639589191886E-05   3   1 0  0 0  0 0  0 2
   109  -.4111478194640187E-06   3   0 1  0 0  0 0  0 2
   110  0.4546775656310158E-06   3   0 0  1 0  0 0  0 2
   111  0.5017923432006983E-07   3   0 0  0 1  0 0  0 2
   112  0.5409931171985542E-01   3   0 0  0 0  0 3  0 0
   113  -.3250331368436951E-01   3   0 0  0 0  0 2  1 0
   114  -.1090607913943000E-01   3   0 0  0 0  0 1  2 0
   115  -.1068995180433012E-01   3   0 0  0 0  0 0  3 0
   116  -.8838499801090704E-09   3   0 0  0 0  0 2  0 1
   117  0.1743598965866993E-09   3   0 0  0 0  0 1  1 1
   118  0.8527232274485251E-10   3   0 0  0 0  0 0  2 1
   119  0.1426379477110579E-09   3   0 0  0 0  0 1  0 2
   120  0.8651377019997435E-10   3   0 0  0 0  0 0  1 2
   121  -.7291342831204900E-12   3   0 0  0 0  0 0  0 3
   122  -.4467839859294626       4   4 0  0 0  0 0  0 0
   123  -.9349074043285056       4   3 1  0 0  0 0  0 0
   124  -.9965297852418119       4   2 2  0 0  0 0  0 0
   125  -.3772045232746244       4   1 3  0 0  0 0  0 0
   126  -.1041582294097786       4   0 4  0 0  0 0  0 0
   127  0.2357494817829642E-04   4   3 0  1 0  0 0  0 0
   128  -.1376423749549483E-03   4   2 1  1 0  0 0  0 0
   129  -.1016677444521055E-03   4   1 2  1 0  0 0  0 0
   130  -.4380097129998876E-04   4   0 3  1 0  0 0  0 0
   131  -1.018974481796525       4   2 0  2 0  0 0  0 0
   132  -.4711816159480036       4   1 1  2 0  0 0  0 0
   133  -.4423845809990440       4   0 2  2 0  0 0  0 0
   134  -.1542833177499493E-03   4   1 0  3 0  0 0  0 0
   135  -.2857871775513175E-04   4   0 1  3 0  0 0  0 0
   136  -.1002757307784192       4   0 0  4 0  0 0  0 0
   137  -.5010907244314801E-04   4   3 0  0 1  0 0  0 0
   138  -.2225982633023116E-03   4   2 1  0 1  0 0  0 0
   139  -.8574413062653216E-04   4   1 2  0 1  0 0  0 0
   140  -.1370917952595256E-04   4   0 3  0 1  0 0  0 0
   141  -.4028913002983971       4   2 0  1 1  0 0  0 0
   142  -.2990015633048893E-01   4   1 1  1 1  0 0  0 0
   143  0.8740682042892313E-01   4   0 2  1 1  0 0  0 0
   144  -.7293139580311505E-04   4   1 0  2 1  0 0  0 0
   145  -.8982636051360624E-04   4   0 1  2 1  0 0  0 0
   146  -.1677240734433934       4   0 0  3 1  0 0  0 0
   147  0.1997118617224523       4   2 0  0 2  0 0  0 0
   148  -.1544108753646490       4   1 1  0 2  0 0  0 0
   149  -.1354814719104596       4   0 2  0 2  0 0  0 0
   150  0.3120479628877044E-04   4   1 0  1 2  0 0  0 0
   151  -.3671877456165886E-04   4   0 1  1 2  0 0  0 0
   152  0.1906618503479583E-01   4   0 0  2 2  0 0  0 0
   153  -.2742202319872006E-04   4   1 0  0 3  0 0  0 0
   154  -.9951583024115463E-05   4   0 1  0 3  0 0  0 0
   155  0.1365644599083054       4   0 0  1 3  0 0  0 0
   156  -.4131870863569883E-01   4   0 0  0 4  0 0  0 0
   157  0.5737158661191671E-03   4   3 0  0 0  0 1  0 0
   158  0.1280824184268433E-02   4   2 1  0 0  0 1  0 0
   159  0.6788193466014030E-03   4   1 2  0 0  0 1  0 0
   160  0.2898181207141891E-03   4   0 3  0 0  0 1  0 0
   161  0.3999754666929669E-04   4   2 0  1 0  0 1  0 0
   162  0.4556462970675611E-04   4   1 1  1 0  0 1  0 0
   163  -.3766565294801490E-04   4   0 2  1 0  0 1  0 0
   164  0.2279859574964169E-03   4   1 0  2 0  0 1  0 0
   165  0.3529893094952380E-03   4   0 1  2 0  0 1  0 0
   166  0.3247745846239460E-04   4   0 0  3 0  0 1  0 0
   167  -.2692333308435911E-04   4   2 0  0 1  0 1  0 0
   168  0.4963925002551566E-04   4   1 1  0 1  0 1  0 0
   169  0.4727628769971244E-04   4   0 2  0 1  0 1  0 0
   170  -.3656834603844121E-03   4   1 0  1 1  0 1  0 0
   171  -.1388018968154514E-03   4   0 1  1 1  0 1  0 0
   172  -.3459496435106312E-04   4   0 0  2 1  0 1  0 0
   173  0.1521733415883599E-03   4   1 0  0 2  0 1  0 0
   174  0.1914524739980657E-03   4   0 1  0 2  0 1  0 0
   175  -.6539603820226161E-04   4   0 0  1 2  0 1  0 0
   176  0.2967486623768655E-04   4   0 0  0 3  0 1  0 0
   177  0.3185249044292529E-03   4   3 0  0 0  0 0  1 0
   178  0.7273884934622250E-03   4   2 1  0 0  0 0  1 0
   179  0.4408660648348398E-03   4   1 2  0 0  0 0  1 0
   180  0.1837438765573025E-03   4   0 3  0 0  0 0  1 0
   181  0.2145910897492780E-04   4   2 0  1 0  0 0  1 0
   182  0.1124987472087416E-04   4   1 1  1 0  0 0  1 0
   183  -.2059775355069377E-04   4   0 2  1 0  0 0  1 0
   184  0.1252134269004684E-03   4   1 0  2 0  0 0  1 0
   185  0.2158983764159229E-03   4   0 1  2 0  0 0  1 0
   186  0.1021073353648815E-04   4   0 0  3 0  0 0  1 0
   187  -.1437455732984097E-04   4   2 0  0 1  0 0  1 0
   188  0.3085875280639375E-04   4   1 1  0 1  0 0  1 0
   189  0.2852714605967628E-04   4   0 2  0 1  0 0  1 0
   190  -.1304723259060685E-03   4   1 0  1 1  0 0  1 0
   191  -.7999116796947541E-04   4   0 1  1 1  0 0  1 0
   192  -.2855621847128988E-05   4   0 0  2 1  0 0  1 0
   193  0.8679464672984184E-04   4   1 0  0 2  0 0  1 0
   194  0.1155325035798882E-03   4   0 1  0 2  0 0  1 0
   195  -.3716112348080916E-04   4   0 0  1 2  0 0  1 0
   196  0.1662457671844716E-04   4   0 0  0 3  0 0  1 0
   197  -.6181080191471050E-03   4   3 0  0 0  0 0  0 1
   198  -.8709566515892156E-03   4   2 1  0 0  0 0  0 1
   199  -.3133359945418261E-03   4   1 2  0 0  0 0  0 1
   200  -.3396204822366790E-04   4   0 3  0 0  0 0  0 1
   201  -.3328920089888354E-04   4   2 0  1 0  0 0  0 1
   202  -.2027555281902292E-04   4   1 1  1 0  0 0  0 1
   203  0.1808810686305133E-04   4   0 2  1 0  0 0  0 1
   204  -.2150365321631442E-03   4   1 0  2 0  0 0  0 1
   205  -.1726290229600644E-03   4   0 1  2 0  0 0  0 1
   206  -.3097045726772418E-04   4   0 0  3 0  0 0  0 1
   207  0.9356446107423653E-06   4   2 0  0 1  0 0  0 1
   208  -.2140851012000287E-04   4   1 1  0 1  0 0  0 1
   209  -.7264038641171630E-06   4   0 2  0 1  0 0  0 1
   210  0.2693579051147830E-03   4   1 0  1 1  0 0  0 1
   211  0.5006238551976833E-04   4   0 1  1 1  0 0  0 1
   212  0.2978692488221269E-05   4   0 0  2 1  0 0  0 1
   213  -.6307469720064730E-04   4   1 0  0 2  0 0  0 1
   214  -.1745768317464186E-06   4   0 1  0 2  0 0  0 1
   215  0.1755674997501734E-04   4   0 0  1 2  0 0  0 1
   216  0.4356215172742329E-05   4   0 0  0 3  0 0  0 1
   217  -.9866976385978232E-01   4   2 0  0 0  0 2  0 0
   218  -.2601644606878006       4   1 1  0 0  0 2  0 0
   219  -.1958515768612864       4   0 2  0 0  0 2  0 0
   220  -.4013617167188240E-05   4   1 0  1 0  0 2  0 0
   221  -.4127851215980950E-04   4   0 1  1 0  0 2  0 0
   222  -.7736490470314455E-01   4   0 0  2 0  0 2  0 0
   223  -.4127360901708644E-04   4   1 0  0 1  0 2  0 0
   224  -.1162299304319325E-04   4   0 1  0 1  0 2  0 0
   225  0.1777491934770013       4   0 0  1 1  0 2  0 0
   226  -.1341684566298973       4   0 0  0 2  0 2  0 0
   227  -.4243691636950399E-01   4   2 0  0 0  0 1  1 0
   228  -.1158129766562493       4   1 1  0 0  0 1  1 0
   229  -.8764895905440515E-01   4   0 2  0 0  0 1  1 0
   230  -.2666283950987145E-05   4   1 0  1 0  0 1  1 0
   231  -.1664761756107967E-04   4   0 1  1 0  0 1  1 0
   232  -.2824981869872268E-01   4   0 0  2 0  0 1  1 0
   233  -.1667266191207495E-04   4   1 0  0 1  0 1  1 0
   234  -.7763185713358908E-05   4   0 1  0 1  0 1  1 0
   235  0.6092871032128221E-01   4   0 0  1 1  0 1  1 0
   236  -.4657139609289235E-01   4   0 0  0 2  0 1  1 0
   237  -.2127637255758404E-01   4   2 0  0 0  0 0  2 0
   238  -.5804937920148717E-01   4   1 1  0 0  0 0  2 0
   239  -.4393088451646824E-01   4   0 2  0 0  0 0  2 0
   240  -.1330519108336297E-05   4   1 0  1 0  0 0  2 0
   241  -.8349046033637398E-05   4   0 1  1 0  0 0  2 0
   242  -.1418290152057966E-01   4   0 0  2 0  0 0  2 0
   243  -.8363777618983175E-05   4   1 0  0 1  0 0  2 0
   244  -.3881460064500081E-05   4   0 1  0 1  0 0  2 0
   245  0.3060755722698852E-01   4   0 0  1 1  0 0  2 0
   246  -.2339233660441574E-01   4   0 0  0 2  0 0  2 0
   247  0.1623052251521561       4   2 0  0 0  0 1  0 1
   248  0.2315286298472066       4   1 1  0 0  0 1  0 1
   249  0.2316264647587113E-01   4   0 2  0 0  0 1  0 1
   250  0.8023455890820963E-05   4   1 0  1 0  0 1  0 1
   251  0.3330018181446559E-04   4   0 1  1 0  0 1  0 1
   252  0.1197198687263999       4   0 0  2 0  0 1  0 1
   253  0.3329831187546991E-04   4   1 0  0 1  0 1  0 1
   254  0.7731703306553616E-05   4   0 1  0 1  0 1  0 1
   255  -.1217605874019381       4   0 0  1 1  0 1  0 1
   256  -.1784773781034311E-01   4   0 0  0 2  0 1  0 1
   257  0.5789402126656522E-01   4   2 0  0 0  0 0  1 1
   258  0.8714949388869214E-01   4   1 1  0 0  0 0  1 1
   259  0.1182688832507055E-01   4   0 2  0 0  0 0  1 1
   260  0.4000293516383132E-05   4   1 0  1 0  0 0  1 1
   261  0.1125567370199879E-04   4   0 1  1 0  0 0  1 1
   262  0.3662168171603147E-01   4   0 0  2 0  0 0  1 1
   263  0.1126621251656874E-04   4   1 0  0 1  0 0  1 1
   264  0.3859395730485689E-05   4   0 1  0 1  0 0  1 1
   265  -.3232510703529685E-01   4   0 0  1 1  0 0  1 1
   266  -.8644750345766672E-02   4   0 0  0 2  0 0  1 1
   267  -.5781633368684132E-01   4   2 0  0 0  0 0  0 2
   268  -.1476906670884361E-01   4   1 1  0 0  0 0  0 2
   269  -.4937858254773209E-03   4   0 2  0 0  0 0  0 2
   270  -.4008987067817009E-05   4   1 0  1 0  0 0  0 2
   271  -.2052261826580754E-06   4   0 1  1 0  0 0  0 2
   272  -.3654399126155997E-01   4   0 0  2 0  0 0  0 2
   273  -.2059454249528348E-06   4   1 0  0 1  0 0  0 2
   274  0.1275025435462030E-07   4   0 1  0 1  0 0  0 2
   275  -.1258363796991363E-01   4   0 0  1 1  0 0  0 2
   276  -.5608975120628800E-03   4   0 0  0 2  0 0  0 2
   277  0.8458746411524497E-04   4   1 0  0 0  0 3  0 0
   278  0.1296686370670059E-03   4   0 1  0 0  0 3  0 0
   279  -.1540068675417840E-04   4   0 0  1 0  0 3  0 0
   280  0.2253091629062796E-04   4   0 0  0 1  0 3  0 0
   281  0.4171342021234615E-04   4   1 0  0 0  0 2  1 0
   282  0.6410975303446014E-04   4   0 1  0 0  0 2  1 0
   283  -.5441068973210430E-05   4   0 0  1 0  0 2  1 0
   284  0.8003459889852926E-05   4   0 0  0 1  0 2  1 0
   285  0.2590694460073771E-04   4   1 0  0 0  0 1  2 0
   286  0.3986344774244252E-04   4   0 1  0 0  0 1  2 0
   287  -.3091723288303209E-05   4   0 0  1 0  0 1  2 0
   288  0.4563950246278171E-05   4   0 0  0 1  0 1  2 0
   289  0.1395547288754315E-04   4   1 0  0 0  0 0  3 0
   290  0.2144766436171966E-04   4   0 1  0 0  0 0  3 0
   291  -.1828090114115972E-05   4   0 0  1 0  0 0  3 0
   292  0.2688771056852841E-05   4   0 0  0 1  0 0  3 0
   293  -.7780984089796565E-04   4   1 0  0 0  0 2  0 1
   294  -.1333607868477241E-04   4   0 1  0 0  0 2  0 1
   295  0.1206837492253506E-04   4   0 0  1 0  0 2  0 1
   296  0.2737781765256736E-05   4   0 0  0 1  0 2  0 1
   297  -.3797746777845985E-04   4   1 0  0 0  0 1  1 1
   298  -.1089091891478182E-04   4   0 1  0 0  0 1  1 1
   299  0.3397479199161780E-05   4   0 0  1 0  0 1  1 1
   300  0.2054610947017878E-05   4   0 0  0 1  0 1  1 1
   301  -.1902310438015282E-04   4   1 0  0 0  0 0  2 1
   302  -.5440375236551483E-05   4   0 1  0 0  0 0  2 1
   303  0.1710314300516949E-05   4   0 0  1 0  0 0  2 1
   304  0.1026715575920662E-05   4   0 0  0 1  0 0  2 1
   305  0.4020845523719072E-05   4   1 0  0 0  0 1  0 2
   306  0.1567097323499666E-06   4   0 1  0 0  0 1  0 2
   307  0.8517628326118567E-06   4   0 0  1 0  0 1  0 2
   308  0.4534181463429534E-07   4   0 0  0 1  0 1  0 2
   309  0.2790139899518428E-05   4   1 0  0 0  0 0  1 2
   310  0.1496561509655755E-06   4   0 1  0 0  0 0  1 2
   311  0.5735681956858761E-06   4   0 0  1 0  0 0  1 2
   312  0.4230926917326787E-07   4   0 0  0 1  0 0  1 2
   313  -.9851959767964203E-08   4   1 0  0 0  0 0  0 3
   314  0.9754675766865460E-09   4   0 1  0 0  0 0  0 3
   315  0.2543416281549433E-08   4   0 0  1 0  0 0  0 3
   316  -.2124303604952326E-09   4   0 0  0 1  0 0  0 3
   317  -.4734372738212025E-01   4   0 0  0 0  0 4  0 0
   318  0.2707688643547629E-01   4   0 0  0 0  0 3  1 0
   319  0.8139586334706293E-02   4   0 0  0 0  0 2  2 0
   320  0.5479668696990837E-02   4   0 0  0 0  0 1  3 0
   321  0.6647537627137035E-02   4   0 0  0 0  0 0  4 0
   322  0.1746661577680495E-08   4   0 0  0 0  0 3  0 1
   323  0.1678697972266899E-08   4   0 0  0 0  0 2  1 1
   324  0.1445548984163726E-08   4   0 0  0 0  0 1  2 1
   325  0.5424202813324196E-09   4   0 0  0 0  0 0  3 1
   326  -.7671583306013253E-10   4   0 0  0 0  0 2  0 2
   327  0.1788358742688817E-10   4   0 0  0 0  0 1  1 2
   328  0.8068654010905965E-11   4   0 0  0 0  0 0  2 2
   329  0.2269200393376441E-12   4   0 0  0 0  0 1  0 3
   330  -.4981102021320361E-12   4   0 0  0 0  0 0  1 3
   ----------------------------------------------------
     I  COEFFICIENT            ORDER EXPONENTS
     1   1.000000000000000       1   0 0  0 0  0 1  0 0
     --------------------------------------------------
     I  COEFFICIENT            ORDER EXPONENTS
     1   1.000000000000000       1   0 0  0 0  0 0  1 0
     --------------------------------------------------
     I  COEFFICIENT            ORDER EXPONENTS
     1   1.000000000000000       1   0 0  0 0  0 0  0 1
     --------------------------------------------------
