     I  COEFFICIENT            ORDER EXPONENTS
     1  -.1098035619699346E-03   0   0 0  0 0  0 0  0 0
     2  0.9109627938937124       1   1 0  0 0  0 0  0 0
     3  0.3355386815607765       1   0 1  0 0  0 0  0 0
     4  0.7326211906168405E-05   1   0 0  1 0  0 0  0 0
     5  0.3863472137767267E-06   1   0 0  0 1  0 0  0 0
     6  0.2792010522101174E-06   1   0 0  0 0  0 1  0 0
     7  0.2782686410055866E-06   1   0 0  0 0  0 0  1 0
     8  -.5574696933221846E-06   1   0 0  0 0  0 0  0 1
     9  -.8623747237306453E-04   2   2 0  0 0  0 0  0 0
    10  0.1397946835362797E-04   2   1 1  0 0  0 0  0 0
    11  0.2783956582790500E-05   2   0 2  0 0  0 0  0 0
    12  -.1827814918485009E-03   2   1 0  1 0  0 0  0 0
    13  0.3714327926066691E-04   2   0 1  1 0  0 0  0 0
    14  0.8726516305190185E-04   2   0 0  2 0  0 0  0 0
    15  -.6795353689018868E-06   2   1 0  0 1  0 0  0 0
    16  0.1655136443460379E-05   2   0 1  0 1  0 0  0 0
    17  0.2039027000646998E-05   2   0 0  1 1  0 0  0 0
    18  0.2282745511415920E-05   2   0 0  0 2  0 0  0 0
    19  0.4412685937168742E-01   2   1 0  0 0  0 1  0 0
    20  -.1657587483397146       2   0 1  0 0  0 1  0 0
    21  -.3613269280169069E-05   2   0 0  1 0  0 1  0 0
    22  -.3680589220196586E-06   2   0 0  0 1  0 1  0 0
    23  0.4397949467597956E-01   2   1 0  0 0  0 0  1 0
    24  -.1652051855469443       2   0 1  0 0  0 0  1 0
    25  -.3601202517758056E-05   2   0 0  1 0  0 0  1 0
    26  -.3668297638194503E-06   2   0 0  0 1  0 0  1 0
    27  -.8810635404766712E-01   2   1 0  0 0  0 0  0 1
    28  -.4574747674117002E-02   2   0 1  0 0  0 0  0 1
    29  0.7214471797927194E-05   2   0 0  1 0  0 0  0 1
    30  0.3485414720623965E-06   2   0 0  0 1  0 0  0 1
    31  -.1948042138965641E-06   2   0 0  0 0  0 2  0 0
    32  -.1109844244604640E-06   2   0 0  0 0  0 1  1 0
    33  -.1939683316720649E-06   2   0 0  0 0  0 0  2 0
    34  0.2214572916987770E-06   2   0 0  0 0  0 1  0 1
    35  0.2207177197721194E-06   2   0 0  0 0  0 0  1 1
    36  0.5764895316501702E-07   2   0 0  0 0  0 0  0 2
    37  0.2252774015319222E-01   3   3 0  0 0  0 0  0 0
    38  -.1886028210850859       3   2 1  0 0  0 0  0 0
    39  -.1608860717951296       3   1 2  0 0  0 0  0 0
    40  0.1510841853040127       3   0 3  0 0  0 0  0 0
    41  -.4158686587215368E-05   3   2 0  1 0  0 0  0 0
    42  -.8477074369110700E-05   3   1 1  1 0  0 0  0 0
    43  0.9886412835401711E-05   3   0 2  1 0  0 0  0 0
    44  -.1218046996501604E-01   3   1 0  2 0  0 0  0 0
    45  -.2725857720309623       3   0 1  2 0  0 0  0 0
    46  0.2252145597594116E-05   3   0 0  3 0  0 0  0 0
    47  0.1720444275728073E-04   3   2 0  0 1  0 0  0 0
    48  0.5476282829385609E-05   3   1 1  0 1  0 0  0 0
    49  0.1509292830385108E-05   3   0 2  0 1  0 0  0 0
    50  -.2071896742197526E-01   3   1 0  1 1  0 0  0 0
    51  -.7843905274608416E-02   3   0 1  1 1  0 0  0 0
    52  0.2585716269518801E-04   3   0 0  2 1  0 0  0 0
    53  -.8595577259286027E-01   3   1 0  0 2  0 0  0 0
    54  0.1545028539005065       3   0 1  0 2  0 0  0 0
    55  0.1177701852108602E-04   3   0 0  1 2  0 0  0 0
    56  0.1404954696083878E-05   3   0 0  0 3  0 0  0 0
    57  0.4361784924364938E-04   3   2 0  0 0  0 1  0 0
    58  -.1260126867047781E-04   3   1 1  0 0  0 1  0 0
    59  -.4130230363961718E-05   3   0 2  0 0  0 1  0 0
    60  0.9153514429492093E-04   3   1 0  1 0  0 1  0 0
    61  -.3750048270221800E-04   3   0 1  1 0  0 1  0 0
    62  -.4502516399039006E-04   3   0 0  2 0  0 1  0 0
    63  0.9776788299500518E-06   3   1 0  0 1  0 1  0 0
    64  -.2576270208311882E-05   3   0 1  0 1  0 1  0 0
    65  -.3119939724594465E-05   3   0 0  1 1  0 1  0 0
    66  -.3498427091973779E-05   3   0 0  0 2  0 1  0 0
    67  0.4347218442243294E-04   3   2 0  0 0  0 0  1 0
    68  -.1255918586309912E-04   3   1 1  0 0  0 0  1 0
    69  -.4116437174293343E-05   3   0 2  0 0  0 0  1 0
    70  0.9122945635615561E-04   3   1 0  1 0  0 0  1 0
    71  -.3737524724922989E-04   3   0 1  1 0  0 0  1 0
    72  -.4487479934434207E-04   3   0 0  2 0  0 0  1 0
    73  0.9744138039482163E-06   3   1 0  0 1  0 0  1 0
    74  -.2567666575950053E-05   3   0 1  0 1  0 0  1 0
    75  -.3109520470318704E-05   3   0 0  1 1  0 0  1 0
    76  -.3486743852985019E-05   3   0 0  0 2  0 0  1 0
    77  -.8709003366608246E-04   3   2 0  0 0  0 0  0 1
    78  0.1118098617994964E-04   3   1 1  0 0  0 0  0 1
    79  0.2678754372674001E-05   3   0 2  0 0  0 0  0 1
    80  -.1827646006510765E-03   3   1 0  1 0  0 0  0 1
    81  0.3773245069078347E-04   3   0 1  1 0  0 0  0 1
    82  0.8989996333473250E-04   3   0 0  2 0  0 0  0 1
    83  -.1272557264997120E-05   3   1 0  0 1  0 0  0 1
    84  0.1833663897340287E-05   3   0 1  0 1  0 0  0 1
    85  0.4190433194267977E-05   3   0 0  1 1  0 0  0 1
    86  0.2419679922126477E-05   3   0 0  0 2  0 0  0 1
    87  -.3284147686985252E-01   3   1 0  0 0  0 2  0 0
    88  0.1230744023395770       3   0 1  0 0  0 2  0 0
    89  0.2712283855834229E-05   3   0 0  1 0  0 2  0 0
    90  0.3006369661044262E-06   3   0 0  0 1  0 2  0 0
    91  -.2163101544716651E-01   3   1 0  0 0  0 1  1 0
    92  0.8067339886502797E-01   3   0 1  0 0  0 1  1 0
    93  0.1813840013178445E-05   3   0 0  1 0  0 1  1 0
    94  0.2848114435265368E-06   3   0 0  0 1  0 1  1 0
    95  -.3269568135343189E-01   3   1 0  0 0  0 0  2 0
    96  0.1225286796747242       3   0 1  0 0  0 0  2 0
    97  0.2700197274475722E-05   3   0 0  1 0  0 0  2 0
    98  0.2991573944372950E-06   3   0 0  0 1  0 0  2 0
    99  0.4318722251162879E-01   3   1 0  0 0  0 1  0 1
   100  0.4694907520792892E-02   3   0 1  0 0  0 1  0 1
   101  -.3616458686122222E-05   3   0 0  1 0  0 1  0 1
   102  -.3539703545452558E-06   3   0 0  0 1  0 1  0 1
   103  0.4304299579813704E-01   3   1 0  0 0  0 0  1 1
   104  0.4679228552744157E-02   3   0 1  0 0  0 0  1 1
   105  -.3604381272469674E-05   3   0 0  1 0  0 0  1 1
   106  -.3527882460895580E-06   3   0 0  0 1  0 0  1 1
   107  0.9380329135075129E-03   3   1 0  0 0  0 0  0 2
   108  -.1123323608673439E-03   3   0 1  0 0  0 0  0 2
   109  -.1128246806211949E-08   3   0 0  1 0  0 0  0 2
   110  -.2231741638792840E-09   3   0 0  0 1  0 0  0 2
   111  0.1527380158557200E-06   3   0 0  0 0  0 3  0 0
   112  0.6872281086497926E-07   3   0 0  0 0  0 2  1 0
   113  0.6914111753870872E-07   3   0 0  0 0  0 1  2 0
   114  0.1518585308681377E-06   3   0 0  0 0  0 0  3 0
   115  -.1372312789844124E-06   3   0 0  0 0  0 2  0 1
   116  -.5356535353142279E-07   3   0 0  0 0  0 1  1 1
   117  -.1366835430145887E-06   3   0 0  0 0  0 0  2 1
   118  -.5744053468384335E-07   3   0 0  0 0  0 1  0 2
   119  -.5724870804954289E-07   3   0 0  0 0  0 0  1 2
   120  -.2028878655384399E-09   3   0 0  0 0  0 0  0 3
   121  -.7488402671209434E-04   4   4 0  0 0  0 0  0 0
   122  0.4548773871362723E-04   4   3 1  0 0  0 0  0 0
   123  -.3792819172455760E-04   4   2 2  0 0  0 0  0 0
   124  -.1527707438853122E-03   4   1 3  0 0  0 0  0 0
   125  0.1708006206185878E-03   4   0 4  0 0  0 0  0 0
   126  -.8908944055272916E-04   4   3 0  1 0  0 0  0 0
   127  0.4906153628180509E-04   4   2 1  1 0  0 0  0 0
   128  -.5247781120435841E-04   4   1 2  1 0  0 0  0 0
   129  0.6716570845029036E-04   4   0 3  1 0  0 0  0 0
   130  -.1732316377278751E-03   4   2 0  2 0  0 0  0 0
   131  0.1252876212465178E-04   4   1 1  2 0  0 0  0 0
   132  -.1115668118609300E-03   4   0 2  2 0  0 0  0 0
   133  -.2323444782814353E-03   4   1 0  3 0  0 0  0 0
   134  0.5955774165459189E-04   4   0 1  3 0  0 0  0 0
   135  0.6877945979414237E-08   4   0 0  4 0  0 0  0 0
   136  -.7380133938203912E-04   4   3 0  0 1  0 0  0 0
   137  0.1048890357366169E-03   4   2 1  0 1  0 0  0 0
   138  -.1130486488791426E-03   4   1 2  0 1  0 0  0 0
   139  0.1553948882151476E-03   4   0 3  0 1  0 0  0 0
   140  -.1648344080937031E-03   4   2 0  1 1  0 0  0 0
   141  0.2479634228262287E-03   4   1 1  1 1  0 0  0 0
   142  0.4650613857961724E-04   4   0 2  1 1  0 0  0 0
   143  -.3498721576109324E-03   4   1 0  2 1  0 0  0 0
   144  0.4927234160848772E-03   4   0 1  2 1  0 0  0 0
   145  0.1670463532821047E-07   4   0 0  3 1  0 0  0 0
   146  -.1740774183531020E-03   4   2 0  0 2  0 0  0 0
   147  -.1481903079164943E-03   4   1 1  0 2  0 0  0 0
   148  0.2177996908237790E-03   4   0 2  0 2  0 0  0 0
   149  -.3133999247662901E-03   4   1 0  1 2  0 0  0 0
   150  0.1593215310329401E-03   4   0 1  1 2  0 0  0 0
   151  -.4376342673937385E-04   4   0 0  2 2  0 0  0 0
   152  -.1292699589958428E-03   4   1 0  0 3  0 0  0 0
   153  0.1655431816390488E-03   4   0 1  0 3  0 0  0 0
   154  -.1250757176313468E-05   4   0 0  1 3  0 0  0 0
   155  0.3828017296953616E-04   4   0 0  0 4  0 0  0 0
   156  -.2005477800759410E-01   4   3 0  0 0  0 1  0 0
   157  0.1533949259433726       4   2 1  0 0  0 1  0 0
   158  0.2324298968618214       4   1 2  0 0  0 1  0 0
   159  -.2178977476569992       4   0 3  0 0  0 1  0 0
   160  0.4702286540379093E-05   4   2 0  1 0  0 1  0 0
   161  0.1274949394525394E-04   4   1 1  1 0  0 1  0 0
   162  -.1438813083281800E-04   4   0 2  1 0  0 1  0 0
   163  0.1912716994441887E-01   4   1 0  2 0  0 1  0 0
   164  0.2780846035377484       4   0 1  2 0  0 1  0 0
   165  -.2886079189741845E-05   4   0 0  3 0  0 1  0 0
   166  -.1523552028574627E-04   4   2 0  0 1  0 1  0 0
   167  -.7301356467376548E-05   4   1 1  0 1  0 1  0 0
   168  -.3040380294393598E-05   4   0 2  0 1  0 1  0 0
   169  0.3135768749391867E-01   4   1 0  1 1  0 1  0 0
   170  0.1590104190692496E-01   4   0 1  1 1  0 1  0 0
   171  -.2849242286366987E-04   4   0 0  2 1  0 1  0 0
   172  0.1271934723088108       4   1 0  0 2  0 1  0 0
   173  -.2242784504677119       4   0 1  0 2  0 1  0 0
   174  -.1821230022916684E-04   4   0 0  1 2  0 1  0 0
   175  -.2852665959944040E-05   4   0 0  0 3  0 1  0 0
   176  -.1998780369080279E-01   4   3 0  0 0  0 0  1 0
   177  0.1528826529897427       4   2 1  0 0  0 0  1 0
   178  0.2316536811620834       4   1 2  0 0  0 0  1 0
   179  -.2171700630735937       4   0 3  0 0  0 0  1 0
   180  0.4686582929584639E-05   4   2 0  1 0  0 0  1 0
   181  0.1270691612932886E-04   4   1 1  1 0  0 0  1 0
   182  -.1434008067578972E-04   4   0 2  1 0  0 0  1 0
   183  0.1906329343884478E-01   4   1 0  2 0  0 0  1 0
   184  0.2771559207906678       4   0 1  2 0  0 0  1 0
   185  -.2876440928880723E-05   4   0 0  3 0  0 0  1 0
   186  -.1518464021309171E-04   4   2 0  0 1  0 0  1 0
   187  -.7276973082984917E-05   4   1 1  0 1  0 0  1 0
   188  -.3030226734332894E-05   4   0 2  0 1  0 0  1 0
   189  0.3125296632994672E-01   4   1 0  1 1  0 0  1 0
   190  0.1584793927883037E-01   4   0 1  1 1  0 0  1 0
   191  -.2839727044890260E-04   4   0 0  2 1  0 0  1 0
   192  0.1267687009199163       4   1 0  0 2  0 0  1 0
   193  -.2235294570864113       4   0 1  0 2  0 0  1 0
   194  -.1815147899421661E-04   4   0 0  1 2  0 0  1 0
   195  -.2843139284872618E-05   4   0 0  0 3  0 0  1 0
   196  0.4004258169839691E-01   4   3 0  0 0  0 0  0 1
   197  -.1176747578480291       4   2 1  0 0  0 0  0 1
   198  -.1423114344336467       4   1 2  0 0  0 0  0 1
   199  -.1818474518144489E-01   4   0 3  0 0  0 0  0 1
   200  -.9388869469963547E-05   4   2 0  1 0  0 0  0 1
   201  -.1697933570547232E-04   4   1 1  1 0  0 0  0 1
   202  0.8955385837804145E-05   4   0 2  1 0  0 0  0 1
   203  -.3819046338326165E-01   4   1 0  2 0  0 0  0 1
   204  -.2826547522974547       4   0 1  2 0  0 0  0 1
   205  0.5762520118622207E-05   4   0 0  3 0  0 0  0 1
   206  0.1321571774155720E-04   4   2 0  0 1  0 0  0 1
   207  0.3625763891590136E-05   4   1 1  0 1  0 0  0 1
   208  0.1542728537571313E-05   4   0 2  0 1  0 0  0 1
   209  -.4189168640189148E-01   4   1 0  1 1  0 0  0 1
   210  -.1606117063654423E-01   4   0 1  1 1  0 0  0 1
   211  0.3103253061738352E-04   4   0 0  2 1  0 0  0 1
   212  -.8205062804300579E-01   4   1 0  0 2  0 0  0 1
   213  -.1570065414739466E-01   4   0 1  0 2  0 0  0 1
   214  0.1280974218121072E-04   4   0 0  1 2  0 0  0 1
   215  0.1480941156564671E-05   4   0 0  0 3  0 0  0 1
   216  -.7515271476059118E-04   4   2 0  0 0  0 2  0 0
   217  -.1633267211875983E-03   4   1 1  0 0  0 2  0 0
   218  0.2654709868254972E-03   4   0 2  0 0  0 2  0 0
   219  -.8249123768703278E-04   4   1 0  1 0  0 2  0 0
   220  0.2327505472375232E-04   4   0 1  1 0  0 2  0 0
   221  -.5561964176178343E-04   4   0 0  2 0  0 2  0 0
   222  -.1096501812730451E-03   4   1 0  0 1  0 2  0 0
   223  0.1904475830524373E-03   4   0 1  0 1  0 2  0 0
   224  -.2858445756272561E-05   4   0 0  1 1  0 2  0 0
   225  0.9557656774615674E-04   4   0 0  0 2  0 2  0 0
   226  -.5617419813927382E-04   4   2 0  0 0  0 1  1 0
   227  -.1968011127629933E-03   4   1 1  0 0  0 1  1 0
   228  0.3112270502496899E-03   4   0 2  0 0  0 1  1 0
   229  -.6237493375270933E-04   4   1 0  1 0  0 1  1 0
   230  0.2064309102322909E-04   4   0 1  1 0  0 1  1 0
   231  -.6733080476001096E-04   4   0 0  2 0  0 1  1 0
   232  -.1303730931150210E-03   4   1 0  0 1  0 1  1 0
   233  0.2240369660146252E-03   4   0 1  0 1  0 1  1 0
   234  -.4454068746485827E-05   4   0 0  1 1  0 1  1 0
   235  0.1125858992782430E-03   4   0 0  0 2  0 1  1 0
   236  -.7480793826920605E-04   4   2 0  0 0  0 0  2 0
   237  -.1624526648607588E-03   4   1 1  0 0  0 0  2 0
   238  0.2640647460040483E-03   4   0 2  0 0  0 0  2 0
   239  -.8211159979879411E-04   4   1 0  1 0  0 0  2 0
   240  0.2316285655599278E-04   4   0 1  1 0  0 0  2 0
   241  -.5532146818794309E-04   4   0 0  2 0  0 0  2 0
   242  -.1090663019405438E-03   4   1 0  0 1  0 0  2 0
   243  0.1894374767266871E-03   4   0 1  0 1  0 0  2 0
   244  -.2841462444010834E-05   4   0 0  1 1  0 0  2 0
   245  0.9506938899980076E-04   4   0 0  0 2  0 0  2 0
   246  0.6296570000277382E-04   4   2 0  0 0  0 1  0 1
   247  0.1149200586681926E-03   4   1 1  0 0  0 1  0 1
   248  0.2597397300701619E-04   4   0 2  0 0  0 1  0 1
   249  0.1138298695473382E-03   4   1 0  1 0  0 1  0 1
   250  -.2080233639202808E-04   4   0 1  1 0  0 1  0 1
   251  0.4544643017528094E-04   4   0 0  2 0  0 1  0 1
   252  0.8463602264981458E-04   4   1 0  0 1  0 1  0 1
   253  0.1918901493465531E-04   4   0 1  0 1  0 1  0 1
   254  0.2572933596996598E-05   4   0 0  1 1  0 1  0 1
   255  0.3644870323703206E-05   4   0 0  0 2  0 1  0 1
   256  0.6275542169715563E-04   4   2 0  0 0  0 0  1 1
   257  0.1145362751921537E-03   4   1 1  0 0  0 0  1 1
   258  0.2588723112955196E-04   4   0 2  0 0  0 0  1 1
   259  0.1134497268331923E-03   4   1 0  1 0  0 0  1 1
   260  -.2073286555236098E-04   4   0 1  1 0  0 0  1 1
   261  0.4529465868170213E-04   4   0 0  2 0  0 0  1 1
   262  0.8435337480445933E-04   4   1 0  0 1  0 0  1 1
   263  0.1912493189346352E-04   4   0 1  0 1  0 0  1 1
   264  0.2564341107478957E-05   4   0 0  1 1  0 0  1 1
   265  0.3632698027423910E-05   4   0 0  0 2  0 0  1 1
   266  0.1985157191229551E-04   4   2 0  0 0  0 0  0 2
   267  0.5782287286587742E-05   4   1 1  0 0  0 0  0 2
   268  0.1796169216774995E-06   4   0 2  0 0  0 0  0 2
   269  -.7428410405927604E-05   4   1 0  1 0  0 0  0 2
   270  -.2471506630963317E-05   4   0 1  1 0  0 0  0 2
   271  0.1393875043464493E-08   4   0 0  2 0  0 0  0 2
   272  0.1872072845151826E-05   4   1 0  0 1  0 0  0 2
   273  -.5084844483382243E-07   4   0 1  0 1  0 0  0 2
   274  0.2994973564864879E-09   4   0 0  1 1  0 0  0 2
   275  -.1802768627680047E-07   4   0 0  0 2  0 0  0 2
   276  0.2720727975456045E-01   4   1 0  0 0  0 3  0 0
   277  -.1017536463441318       4   0 1  0 0  0 3  0 0
   278  -.2257677803329462E-05   4   0 0  1 0  0 3  0 0
   279  -.3510184417477022E-06   4   0 0  0 1  0 3  0 0
   280  0.1595785704188410E-01   4   1 0  0 0  0 2  1 0
   281  -.5918404454685729E-01   4   0 1  0 0  0 2  1 0
   282  -.1352617162884543E-05   4   0 0  1 0  0 2  1 0
   283  -.4009688210894216E-06   4   0 0  0 1  0 2  1 0
   284  0.1601375422565410E-01   4   1 0  0 0  0 1  2 0
   285  -.5939558849136892E-01   4   0 1  0 0  0 1  2 0
   286  -.1357113162818638E-05   4   0 0  1 0  0 1  2 0
   287  -.4007127297583941E-06   4   0 0  0 1  0 1  2 0
   288  0.2704443217908151E-01   4   1 0  0 0  0 0  3 0
   289  -.1011454336691004       4   0 1  0 0  0 0  3 0
   290  -.2244117302299883E-05   4   0 0  1 0  0 0  3 0
   291  -.3485927771819637E-06   4   0 0  0 1  0 0  3 0
   292  -.3189662750068466E-01   4   1 0  0 0  0 2  0 1
   293  -.4778604860303154E-02   4   0 1  0 0  0 2  0 1
   294  0.2708067390764199E-05   4   0 0  1 0  0 2  0 1
   295  0.3507234265970204E-06   4   0 0  0 1  0 2  0 1
   296  -.2068096227892981E-01   4   1 0  0 0  0 1  1 1
   297  -.4861690812717849E-02   4   0 1  0 0  0 1  1 1
   298  0.1805703033531259E-05   4   0 0  1 0  0 1  1 1
   299  0.3474942387179192E-06   4   0 0  0 1  0 1  1 1
   300  -.3175557375811283E-01   4   1 0  0 0  0 0  2 1
   301  -.4754528403018355E-02   4   0 1  0 0  0 0  2 1
   302  0.2696008477585045E-05   4   0 0  1 0  0 0  2 1
   303  0.3489719209718248E-06   4   0 0  0 1  0 0  2 1
   304  -.9501497060297513E-03   4   1 0  0 0  0 1  0 2
   305  0.1670755300815023E-03   4   0 1  0 0  0 1  0 2
   306  0.2044706883749425E-08   4   0 0  1 0  0 1  0 2
   307  0.4725551253301232E-09   4   0 0  0 1  0 1  0 2
   308  -.9469766154381146E-03   4   1 0  0 0  0 0  1 2
   309  0.1665175698050948E-03   4   0 1  0 0  0 0  1 2
   310  0.2037878443856966E-08   4   0 0  1 0  0 0  1 2
   311  0.4709769948472139E-09   4   0 0  0 1  0 0  1 2
   312  0.7020164817644675E-05   4   1 0  0 0  0 0  0 3
   313  0.1134660905116386E-05   4   0 1  0 0  0 0  0 3
   314  -.6086968849844379E-09   4   0 0  1 0  0 0  0 3
   315  -.9133645296870610E-10   4   0 0  0 1  0 0  0 3
   316  0.2881500861014850E-04   4   0 0  0 0  0 4  0 0
   317  0.1582051868730806E-04   4   0 0  0 0  0 3  1 0
   318  0.1409604358801403E-04   4   0 0  0 0  0 2  2 0
   319  0.1591233873242308E-04   4   0 0  0 0  0 1  3 0
   320  0.2859642114460716E-04   4   0 0  0 0  0 0  4 0
   321  0.1048007337276655E-05   4   0 0  0 0  0 3  0 1
   322  0.1267434896452563E-05   4   0 0  0 0  0 2  1 1
   323  0.1266318174009237E-05   4   0 0  0 0  0 1  2 1
   324  0.1040648241895696E-05   4   0 0  0 0  0 0  3 1
   325  -.3136663067028723E-07   4   0 0  0 0  0 2  0 2
   326  -.4457673558656733E-07   4   0 0  0 0  0 1  1 2
   327  -.3118744609575409E-07   4   0 0  0 0  0 0  2 2
   328  -.1824838244859798E-09   4   0 0  0 0  0 1  0 3
   329  -.1818744071458412E-09   4   0 0  0 0  0 0  1 3
   ----------------------------------------------------
     I  COEFFICIENT            ORDER EXPONENTS
     1  0.1694155470193026E-04   0   0 0  0 0  0 0  0 0
     2  -.5070855671814370       1   1 0  0 0  0 0  0 0
     3  0.9109627559348139       1   0 1  0 0  0 0  0 0
     4  0.4251678913181116E-04   1   0 0  1 0  0 0  0 0
     5  0.7338131361857782E-05   1   0 0  0 1  0 0  0 0
     6  -.9411811521792047E-07   1   0 0  0 0  0 1  0 0
     7  -.9380380126934925E-07   1   0 0  0 0  0 0  1 0
     8  0.1712947661841758E-04   1   0 0  0 0  0 0  0 1
     9  -.2351320330838581E-05   2   2 0  0 0  0 0  0 0
    10  0.1629611324368392E-03   2   1 1  0 0  0 0  0 0
    11  0.2147231592810486E-04   2   0 2  0 0  0 0  0 0
    12  0.1133693539515529E-03   2   1 0  1 0  0 0  0 0
    13  0.2038635284927157E-03   2   0 1  1 0  0 0  0 0
    14  -.5185689492260500E-04   2   0 0  2 0  0 0  0 0
    15  0.1822905151314133E-03   2   1 0  0 1  0 0  0 0
    16  0.6690243436072052E-04   2   0 1  0 1  0 0  0 0
    17  -.1731997290799268E-03   2   0 0  1 1  0 0  0 0
    18  -.1999001740204977E-04   2   0 0  0 2  0 0  0 0
    19  -.1090186625562026E-01   2   1 0  0 0  0 1  0 0
    20  0.4412687982818007E-01   2   0 1  0 0  0 1  0 0
    21  -.2872075429821710E-07   2   0 0  1 0  0 1  0 0
    22  -.3619064571492357E-05   2   0 0  0 1  0 1  0 0
    23  -.1086545872002206E-01   2   1 0  0 0  0 0  1 0
    24  0.4397951506415655E-01   2   0 1  0 0  0 0  1 0
    25  -.2862483935484871E-07   2   0 0  1 0  0 0  1 0
    26  -.3606978455305575E-05   2   0 0  0 1  0 0  1 0
    27  -.4853182422057949       2   1 0  0 0  0 0  0 1
    28  -.8810639489233671E-01   2   0 1  0 0  0 0  0 1
    29  0.4257413472546428E-04   2   0 0  1 0  0 0  0 1
    30  0.7226043026798019E-05   2   0 0  0 1  0 0  0 1
    31  0.7154338824154746E-07   2   0 0  0 0  0 2  0 0
    32  0.4912411251493643E-07   2   0 0  0 0  0 1  1 0
    33  0.7122243746959160E-07   2   0 0  0 0  0 0  2 0
    34  -.1922282443995263E-06   2   0 0  0 0  0 1  0 1
    35  -.1915862848959015E-06   2   0 0  0 0  0 0  1 1
    36  0.1919133972326069E-06   2   0 0  0 0  0 0  0 2
    37  -.1782254028724542       3   3 0  0 0  0 0  0 0
    38  -.1595371569645566       3   2 1  0 0  0 0  0 0
    39  0.2193968331932489       3   1 2  0 0  0 0  0 0
    40  -.3534911317661174E-02   3   0 3  0 0  0 0  0 0
    41  -.3847078721897873E-04   3   2 0  1 0  0 0  0 0
    42  -.1406339534355332E-04   3   1 1  1 0  0 0  0 0
    43  -.1478848013516233E-05   3   0 2  1 0  0 0  0 0
    44  -.5216117727957370       3   1 0  2 0  0 0  0 0
    45  -.2821235099049101E-01   3   0 1  2 0  0 0  0 0
    46  0.1013437561162951E-04   3   0 0  3 0  0 0  0 0
    47  -.5401734740372016E-05   3   2 0  0 1  0 0  0 0
    48  -.4520899371532061E-04   3   1 1  0 1  0 0  0 0
    49  -.3874973061558647E-05   3   0 2  0 1  0 0  0 0
    50  -.2963408768843653       3   1 0  1 1  0 0  0 0
    51  -.8406697666233696E-01   3   0 1  1 1  0 0  0 0
    52  0.4702076898731781E-05   3   0 0  2 1  0 0  0 0
    53  -.2603665606151201       3   1 0  0 2  0 0  0 0
    54  -.9594974341858616E-01   3   0 1  0 2  0 0  0 0
    55  0.1074699281738529E-05   3   0 0  1 2  0 0  0 0
    56  0.3725372336494884E-05   3   0 0  0 3  0 0  0 0
    57  0.2642345785796912E-05   3   2 0  0 0  0 1  0 0
    58  -.7712542996374876E-04   3   1 1  0 0  0 1  0 0
    59  -.2184193868398237E-04   3   0 2  0 0  0 1  0 0
    60  -.6128909807297593E-04   3   1 0  1 0  0 1  0 0
    61  -.1153298226287531E-03   3   0 1  1 0  0 1  0 0
    62  0.2427206076964486E-04   3   0 0  2 0  0 1  0 0
    63  -.9230554830699074E-04   3   1 0  0 1  0 1  0 0
    64  -.6994070840446341E-04   3   0 1  0 1  0 1  0 0
    65  0.8733567299873026E-04   3   0 0  1 1  0 1  0 0
    66  0.1962006472570790E-04   3   0 0  0 2  0 1  0 0
    67  0.2633521489479006E-05   3   2 0  0 0  0 0  1 0
    68  -.7686786426159437E-04   3   1 1  0 0  0 0  1 0
    69  -.2176899602063316E-04   3   0 2  0 0  0 0  1 0
    70  -.6108441889534347E-04   3   1 0  1 0  0 0  1 0
    71  -.1149446707176559E-03   3   0 1  1 0  0 0  1 0
    72  0.2419100254568633E-04   3   0 0  2 0  0 0  1 0
    73  -.9199728755079671E-04   3   1 0  0 1  0 0  1 0
    74  -.6970713657636853E-04   3   0 1  0 1  0 0  1 0
    75  0.8704400948450918E-04   3   0 0  1 1  0 0  1 0
    76  0.1955454216395581E-04   3   0 0  0 2  0 0  1 0
    77  -.7627187606114370E-05   3   2 0  0 0  0 0  0 1
    78  0.1539932942253421E-03   3   1 1  0 0  0 0  0 1
    79  0.2213861877651131E-04   3   0 2  0 0  0 0  0 1
    80  0.2357428709198724E-03   3   1 0  1 0  0 0  0 1
    81  0.2302744933464086E-03   3   0 1  1 0  0 0  0 1
    82  -.1003199582379379E-03   3   0 0  2 0  0 0  0 1
    83  0.1843028358577876E-03   3   1 0  0 1  0 0  0 1
    84  0.7274541062011081E-04   3   0 1  0 1  0 0  0 1
    85  -.1743796824832409E-03   3   0 0  1 1  0 0  0 1
    86  -.1918458948761480E-04   3   0 0  0 2  0 0  0 1
    87  0.8090254771437355E-02   3   1 0  0 0  0 2  0 0
    88  -.3284150991801695E-01   3   0 1  0 0  0 2  0 0
    89  0.4458514387202303E-07   3   0 0  1 0  0 2  0 0
    90  0.2750193037606545E-05   3   0 0  0 1  0 2  0 0
    91  0.5297291708099401E-02   3   1 0  0 0  0 1  1 0
    92  -.2163104737928668E-01   3   0 1  0 0  0 1  1 0
    93  0.4815904118858931E-07   3   0 0  1 0  0 1  1 0
    94  0.1858390264211792E-05   3   0 0  0 1  0 1  1 0
    95  0.8054391470820935E-02   3   1 0  0 0  0 0  2 0
    96  -.3269571423791014E-01   3   0 1  0 0  0 0  2 0
    97  0.4435583348078785E-07   3   0 0  1 0  0 0  2 0
    98  0.2737905466668742E-05   3   0 0  0 1  0 0  2 0
    99  -.2147778216497999E-01   3   1 0  0 0  0 1  0 1
   100  0.4318725310956939E-01   3   0 1  0 0  0 1  0 1
   101  -.1103639117517755E-06   3   0 0  1 0  0 1  0 1
   102  -.3649253113247567E-05   3   0 0  0 1  0 1  0 1
   103  -.2140605562748571E-01   3   1 0  0 0  0 0  1 1
   104  0.4304302629389400E-01   3   0 1  0 0  0 0  1 1
   105  -.1099953438431575E-06   3   0 0  1 0  0 0  1 1
   106  -.3637066180339813E-05   3   0 0  0 1  0 0  1 1
   107  0.2144190800067080E-01   3   1 0  0 0  0 0  0 2
   108  0.9380330032299027E-03   3   0 1  0 0  0 0  0 2
   109  0.9254174800665143E-07   3   0 0  1 0  0 0  0 2
   110  -.4261344936868035E-09   3   0 0  0 1  0 0  0 2
   111  -.5857029791056970E-07   3   0 0  0 0  0 3  0 0
   112  -.3267058559414365E-07   3   0 0  0 0  0 2  1 0
   113  -.3279934658479278E-07   3   0 0  0 0  0 1  2 0
   114  -.5822252901027227E-07   3   0 0  0 0  0 0  3 0
   115  0.1368119430212090E-06   3   0 0  0 0  0 2  0 1
   116  0.8176363090936977E-07   3   0 0  0 0  0 1  1 1
   117  0.1362185224375489E-06   3   0 0  0 0  0 0  2 1
   118  -.8157039368551212E-07   3   0 0  0 0  0 1  0 2
   119  -.8129798371993553E-07   3   0 0  0 0  0 0  1 2
   120  -.9681673275802134E-08   3   0 0  0 0  0 0  0 3
   121  -.3167879401136497E-04   4   4 0  0 0  0 0  0 0
   122  0.2169401496130897E-03   4   3 1  0 0  0 0  0 0
   123  0.1078562503090649E-03   4   2 2  0 0  0 0  0 0
   124  0.7820832344221978E-04   4   1 3  0 0  0 0  0 0
   125  0.8253782071282211E-05   4   0 4  0 0  0 0  0 0
   126  0.4118249755182130E-08   4   3 0  1 0  0 0  0 0
   127  0.1838784125652367E-03   4   2 1  1 0  0 0  0 0
   128  0.5876840411299576E-04   4   1 2  1 0  0 0  0 0
   129  -.2718871184525854E-05   4   0 3  1 0  0 0  0 0
   130  -.1188923847209504E-04   4   2 0  2 0  0 0  0 0
   131  0.3936498212798914E-03   4   1 1  2 0  0 0  0 0
   132  -.6378498365905175E-04   4   0 2  2 0  0 0  0 0
   133  0.7958379970642091E-08   4   1 0  3 0  0 0  0 0
   134  0.1793406996738016E-03   4   0 1  3 0  0 0  0 0
   135  0.4356832809327243E-04   4   0 0  4 0  0 0  0 0
   136  0.1390075902559348E-07   4   3 0  0 1  0 0  0 0
   137  0.1149797843131888E-07   4   2 1  0 1  0 0  0 0
   138  -.8951291898106881E-04   4   1 2  0 1  0 0  0 0
   139  -.3299384037990836E-04   4   0 3  0 1  0 0  0 0
   140  0.4183786528788749E-03   4   2 0  1 1  0 0  0 0
   141  0.3991336134351609E-03   4   1 1  1 1  0 0  0 0
   142  -.1773318270481966E-03   4   0 2  1 1  0 0  0 0
   143  0.3586781082473887E-03   4   1 0  2 1  0 0  0 0
   144  0.1212879236883186E-03   4   0 1  2 1  0 0  0 0
   145  0.1006479460538435E-03   4   0 0  3 1  0 0  0 0
   146  0.1875914289606611E-05   4   2 0  0 2  0 0  0 0
   147  0.4385796621976895E-03   4   1 1  0 2  0 0  0 0
   148  -.2460324740939815E-04   4   0 2  0 2  0 0  0 0
   149  0.5093752326191010E-04   4   1 0  1 2  0 0  0 0
   150  0.1911549819688064E-03   4   0 1  1 2  0 0  0 0
   151  0.3690667743873403E-04   4   0 0  2 2  0 0  0 0
   152  -.8954337913383619E-04   4   1 0  0 3  0 0  0 0
   153  -.3299408971062683E-04   4   0 1  0 3  0 0  0 0
   154  -.1651031759928024E-04   4   0 0  1 3  0 0  0 0
   155  -.3432058435685034E-04   4   0 0  0 4  0 0  0 0
   156  0.5814391917336167E-01   4   3 0  0 0  0 1  0 0
   157  0.1430273470700263       4   2 1  0 0  0 1  0 0
   158  -.2006317211165960       4   1 2  0 0  0 1  0 0
   159  0.6836307679317527E-02   4   0 3  0 0  0 1  0 0
   160  0.2862396366584791E-04   4   2 0  1 0  0 1  0 0
   161  0.1781331752040502E-04   4   1 1  1 0  0 1  0 0
   162  0.2676963899199616E-05   4   0 2  1 0  0 1  0 0
   163  0.3202422426959504       4   1 0  2 0  0 1  0 0
   164  0.4416466229627136E-01   4   0 1  2 0  0 1  0 0
   165  -.7065697597630365E-05   4   0 0  3 0  0 1  0 0
   166  0.6436621673964968E-05   4   2 0  0 1  0 1  0 0
   167  0.4721759453154236E-04   4   1 1  0 1  0 1  0 0
   168  0.6058398127255163E-05   4   0 2  0 1  0 1  0 0
   169  0.3061755751230673       4   1 0  1 1  0 1  0 0
   170  0.1316574598321546       4   0 1  1 1  0 1  0 0
   171  -.5525951681400623E-05   4   0 0  2 1  0 1  0 0
   172  0.2597433862323241       4   1 0  0 2  0 1  0 0
   173  0.1476616588069198       4   0 1  0 2  0 1  0 0
   174  -.1866057718838163E-05   4   0 0  1 2  0 1  0 0
   175  -.5664210191663876E-05   4   0 0  0 3  0 1  0 0
   176  0.5794974353797283E-01   4   3 0  0 0  0 0  1 0
   177  0.1425496973623657       4   2 1  0 0  0 0  1 0
   178  -.1999616976217755       4   1 2  0 0  0 0  1 0
   179  0.6813477357485634E-02   4   0 3  0 0  0 0  1 0
   180  0.2852837196148387E-04   4   2 0  1 0  0 0  1 0
   181  0.1775382871577878E-04   4   1 1  1 0  0 0  1 0
   182  0.2668023993299954E-05   4   0 2  1 0  0 0  1 0
   183  0.3191727716001233       4   1 0  2 0  0 0  1 0
   184  0.4401717135508627E-01   4   0 1  2 0  0 0  1 0
   185  -.7042101212315712E-05   4   0 0  3 0  0 0  1 0
   186  0.6415126131162384E-05   4   2 0  0 1  0 0  1 0
   187  0.4705990811222140E-04   4   1 1  0 1  0 0  1 0
   188  0.6038165688119378E-05   4   0 2  0 1  0 0  1 0
   189  0.3051530806355030       4   1 0  1 1  0 0  1 0
   190  0.1312177806484988       4   0 1  1 1  0 0  1 0
   191  -.5507497383958163E-05   4   0 0  2 1  0 0  1 0
   192  0.2588759552476759       4   1 0  0 2  0 0  1 0
   193  0.1471685324950202       4   0 1  0 2  0 0  1 0
   194  -.1859825890154301E-05   4   0 0  1 2  0 0  1 0
   195  -.5645294170373823E-05   4   0 0  0 3  0 0  1 0
   196  -.2943190655837884       4   3 0  0 0  0 0  0 1
   197  -.2855770444323928       4   2 1  0 0  0 0  0 1
   198  0.1811965855451243       4   1 2  0 0  0 0  0 1
   199  -.6579962401481414E-02   4   0 3  0 0  0 0  0 1
   200  -.9562312284631080E-04   4   2 0  1 0  0 0  0 1
   201  -.3556714623618343E-04   4   1 1  1 0  0 0  0 1
   202  -.3866139878983366E-05   4   0 2  1 0  0 0  0 1
   203  -1.161026787091813       4   1 0  2 0  0 0  0 1
   204  -.8818183365135331E-01   4   0 1  2 0  0 0  0 1
   205  0.2424217442157537E-04   4   0 0  3 0  0 0  0 1
   206  -.1285174780512738E-04   4   2 0  0 1  0 0  0 1
   207  -.4906850892844343E-04   4   1 1  0 1  0 0  0 1
   208  -.4346617692257097E-05   4   0 2  0 1  0 0  0 1
   209  -.6113286557585706       4   1 0  1 1  0 0  0 1
   210  -.1788082638183152       4   0 1  1 1  0 0  0 1
   211  0.1103344906535751E-04   4   0 0  2 1  0 0  0 1
   212  -.2582527808648798       4   1 0  0 2  0 0  0 1
   213  -.1029307044647670       4   0 1  0 2  0 0  0 1
   214  0.2651184327252525E-05   4   0 0  1 2  0 0  0 1
   215  0.3858759689047504E-05   4   0 0  0 3  0 0  0 1
   216  -.4270201774741282E-04   4   2 0  0 0  0 2  0 0
   217  0.1818053418145888E-03   4   1 1  0 0  0 2  0 0
   218  0.8103430534451660E-05   4   0 2  0 0  0 2  0 0
   219  -.6542198803010937E-04   4   1 0  1 0  0 2  0 0
   220  0.3451681095798500E-04   4   0 1  1 0  0 2  0 0
   221  -.2919671250039314E-04   4   0 0  2 0  0 2  0 0
   222  -.1117823345372330E-03   4   1 0  0 1  0 2  0 0
   223  -.5908237757071425E-04   4   0 1  0 1  0 2  0 0
   224  -.1126327111746152E-03   4   0 0  1 1  0 2  0 0
   225  -.7378121573947735E-04   4   0 0  0 2  0 2  0 0
   226  -.4085107169944670E-04   4   2 0  0 0  0 1  1 0
   227  0.1512634479287687E-03   4   1 1  0 0  0 1  1 0
   228  0.5584549843375874E-05   4   0 2  0 0  0 1  1 0
   229  -.7971382061395559E-04   4   1 0  1 0  0 1  1 0
   230  0.1746914256485029E-06   4   0 1  1 0  0 1  1 0
   231  -.2731813029855581E-04   4   0 0  2 0  0 1  1 0
   232  -.1337235542520228E-03   4   1 0  0 1  0 1  1 0
   233  -.8493904426202640E-04   4   0 1  0 1  0 1  1 0
   234  -.1027574648765434E-03   4   0 0  1 1  0 1  1 0
   235  -.8641636051372049E-04   4   0 0  0 2  0 1  1 0
   236  -.4249119892053336E-04   4   2 0  0 0  0 0  2 0
   237  0.1809456129464439E-03   4   1 1  0 0  0 0  2 0
   238  0.8067043573268734E-05   4   0 2  0 0  0 0  2 0
   239  -.6507040187512829E-04   4   1 0  1 0  0 0  2 0
   240  0.3440124798589432E-04   4   0 1  1 0  0 0  2 0
   241  -.2905359266991840E-04   4   0 0  2 0  0 0  2 0
   242  -.1111857401833617E-03   4   1 0  0 1  0 0  2 0
   243  -.5874323798518424E-04   4   0 1  0 1  0 0  2 0
   244  -.1120849836267054E-03   4   0 0  1 1  0 0  2 0
   245  -.7339052156845531E-04   4   0 0  0 2  0 0  2 0
   246  0.8032100703394147E-04   4   2 0  0 0  0 1  0 1
   247  -.1734780667616719E-03   4   1 1  0 0  0 1  0 1
   248  -.7101491315475141E-05   4   0 2  0 0  0 1  0 1
   249  0.1052798171745858E-03   4   1 0  1 0  0 1  0 1
   250  -.4538868955439211E-04   4   0 1  1 0  0 1  0 1
   251  0.7153037333588204E-04   4   0 0  2 0  0 1  0 1
   252  0.8896544860887601E-04   4   1 0  0 1  0 1  0 1
   253  0.3545592697376155E-04   4   0 1  0 1  0 1  0 1
   254  0.1631705728166531E-03   4   0 0  1 1  0 1  0 1
   255  0.6444357527720510E-04   4   0 0  0 2  0 1  0 1
   256  0.8005276948137089E-04   4   2 0  0 0  0 0  1 1
   257  -.1728987247716844E-03   4   1 1  0 0  0 0  1 1
   258  -.7077775394567219E-05   4   0 2  0 0  0 0  1 1
   259  0.1049282279510830E-03   4   1 0  1 0  0 0  1 1
   260  -.4523711088960628E-04   4   0 1  1 0  0 0  1 1
   261  0.7129149271191296E-04   4   0 0  2 0  0 0  1 1
   262  0.8866834234639945E-04   4   1 0  0 1  0 0  1 1
   263  0.3533751945589325E-04   4   0 1  0 1  0 0  1 1
   264  0.1626256534148655E-03   4   0 0  1 1  0 0  1 1
   265  0.6422836150499801E-04   4   0 0  0 2  0 0  1 1
   266  -.3432948681939209E-04   4   2 0  0 0  0 0  0 2
   267  -.2673858888556732E-04   4   1 1  0 0  0 0  0 2
   268  -.1370329464003437E-05   4   0 2  0 0  0 0  0 2
   269  -.1834619057694340E-08   4   1 0  1 0  0 0  0 2
   270  -.7372594278710279E-05   4   0 1  1 0  0 0  0 2
   271  -.5725343237116640E-04   4   0 0  2 0  0 0  0 2
   272  -.2501433608236753E-09   4   1 0  0 1  0 0  0 2
   273  -.1295330489606849E-10   4   0 1  0 1  0 0  0 2
   274  -.2531769738514659E-04   4   0 0  1 1  0 0  0 2
   275  -.1514178307630675E-05   4   0 0  0 2  0 0  0 2
   276  -.6687068001938502E-02   4   1 0  0 0  0 3  0 0
   277  0.2720729293714067E-01   4   0 1  0 0  0 3  0 0
   278  -.3024434667485463E-07   4   0 0  1 0  0 3  0 0
   279  -.2265408761096309E-05   4   0 0  0 1  0 3  0 0
   280  -.3885434782537144E-02   4   1 0  0 0  0 2  1 0
   281  0.1595784723493130E-01   4   0 1  0 0  0 2  1 0
   282  -.1513357073945117E-07   4   0 0  1 0  0 2  1 0
   283  -.1328350675173999E-05   4   0 0  0 1  0 2  1 0
   284  -.3899357285586365E-02   4   1 0  0 0  0 1  2 0
   285  0.1601374453364317E-01   4   0 1  0 0  0 1  2 0
   286  -.1520875999969037E-07   4   0 0  1 0  0 1  2 0
   287  -.1333006832296188E-05   4   0 0  0 1  0 1  2 0
   288  -.6647104065672100E-02   4   1 0  0 0  0 0  3 0
   289  0.2704444531194639E-01   4   0 1  0 0  0 0  3 0
   290  -.3006765719772161E-07   4   0 0  1 0  0 0  3 0
   291  -.2251849917596792E-05   4   0 0  0 1  0 0  3 0
   292  0.1585640361301717E-01   4   1 0  0 0  0 2  0 1
   293  -.3189664392629010E-01   4   0 1  0 0  0 2  0 1
   294  0.8934841730604806E-07   4   0 0  1 0  0 2  0 1
   295  0.2718527829806046E-05   4   0 0  0 1  0 2  0 1
   296  0.1027233148946692E-01   4   1 0  0 0  0 1  1 1
   297  -.2068096462652295E-01   4   0 1  0 0  0 1  1 1
   298  0.6847205807773606E-07   4   0 0  1 0  0 1  1 1
   299  0.1793978290420060E-05   4   0 0  0 1  0 1  1 1
   300  0.1578629747721766E-01   4   1 0  0 0  0 0  2 1
   301  -.3175559012494394E-01   4   0 1  0 0  0 0  2 1
   302  0.8893569850872239E-07   4   0 0  1 0  0 0  2 1
   303  0.2706453561062835E-05   4   0 0  0 1  0 0  2 1
   304  -.1025368966643439E-01   4   1 0  0 0  0 1  0 2
   305  -.9501498924828524E-03   4   0 1  0 0  0 1  0 2
   306  -.8712453951213444E-07   4   0 0  1 0  0 1  0 2
   307  0.1313809883129577E-08   4   0 0  0 1  0 1  0 2
   308  -.1021944676134005E-01   4   1 0  0 0  0 0  1 2
   309  -.9469768012685286E-03   4   0 1  0 0  0 0  1 2
   310  -.8683358109274429E-07   4   0 0  1 0  0 0  1 2
   311  0.1309422324247280E-08   4   0 0  0 1  0 0  1 2
   312  -.3229238576315188E-03   4   1 0  0 0  0 0  0 3
   313  0.7020229097725167E-05   4   0 1  0 0  0 0  0 3
   314  0.2713879127786363E-07   4   0 0  1 0  0 0  0 3
   315  -.5903208349376322E-09   4   0 0  0 1  0 0  0 3
   316  -.7689419685098804E-05   4   0 0  0 0  0 4  0 0
   317  -.4265292547282835E-05   4   0 0  0 0  0 3  1 0
   318  -.3812114850738487E-05   4   0 0  0 0  0 2  2 0
   319  -.4289480883102706E-05   4   0 0  0 0  0 1  3 0
   320  -.7631016324586995E-05   4   0 0  0 0  0 0  4 0
   321  0.8622741568507398E-05   4   0 0  0 0  0 3  0 1
   322  0.4933958549015320E-05   4   0 0  0 0  0 2  1 1
   323  0.4952292717100909E-05   4   0 0  0 0  0 1  2 1
   324  0.8571336233029525E-05   4   0 0  0 0  0 0  3 1
   325  0.1903494903767429E-06   4   0 0  0 0  0 2  0 2
   326  0.2295619779950349E-06   4   0 0  0 0  0 1  1 2
   327  0.1893304860586181E-06   4   0 0  0 0  0 0  2 2
   328  -.1129010757044856E-08   4   0 0  0 0  0 1  0 3
   329  -.1125240347615504E-08   4   0 0  0 0  0 0  1 3
   ----------------------------------------------------
     I  COEFFICIENT            ORDER EXPONENTS
     1  -.1193570056780765E-03   0   0 0  0 0  0 0  0 0
     2  0.7105343667958417E-05   1   1 0  0 0  0 0  0 0
     3  0.3113970736986192E-06   1   0 1  0 0  0 0  0 0
     4   1.090868868067663       1   0 0  1 0  0 0  0 0
     5  0.3442298327565883       1   0 0  0 1  0 0  0 0
     6  0.1213673276330478E-05   1   0 0  0 0  0 1  0 0
     7  0.1209620130568469E-05   1   0 0  0 0  0 0  1 0
     8  -.2423293407040834E-05   1   0 0  0 0  0 0  0 1
     9  -.8856537331901752E-04   2   2 0  0 0  0 0  0 0
    10  0.3011021450982245E-05   2   1 1  0 0  0 0  0 0
    11  -.5472311194434453E-05   2   0 2  0 0  0 0  0 0
    12  0.1689261795825990E-03   2   1 0  1 0  0 0  0 0
    13  -.1287765290689635E-05   2   0 1  1 0  0 0  0 0
    14  0.8382361627213822E-04   2   0 0  2 0  0 0  0 0
    15  -.1675337958125213E-04   2   1 0  0 1  0 0  0 0
    16  -.1474179781262626E-05   2   0 1  0 1  0 0  0 0
    17  -.4616011150269374E-04   2   0 0  1 1  0 0  0 0
    18  -.1028408917883482E-04   2   0 0  0 2  0 0  0 0
    19  -.3613238510886232E-05   2   1 0  0 0  0 1  0 0
    20  -.3306546859888084E-06   2   0 1  0 0  0 1  0 0
    21  -.4596125135817619E-01   2   0 0  1 0  0 1  0 0
    22  -.1744621952221022       2   0 0  0 1  0 1  0 0
    23  -.3601171851231365E-05   2   1 0  0 0  0 0  1 0
    24  -.3295504418191777E-06   2   0 1  0 0  0 0  1 0
    25  -.4580776058368688E-01   2   0 0  1 0  0 0  1 0
    26  -.1738795666671250       2   0 0  0 1  0 0  1 0
    27  0.7214410362117666E-05   2   1 0  0 0  0 0  0 1
    28  0.3488080541093831E-06   2   0 1  0 0  0 0  0 1
    29  0.9176901194186468E-01   2   0 0  1 0  0 0  0 1
    30  0.4111929132639816E-02   2   0 0  0 1  0 0  0 1
    31  -.9019159328181150E-06   2   0 0  0 0  0 2  0 0
    32  -.5922500218893873E-06   2   0 0  0 0  0 1  1 0
    33  -.8979149923439960E-06   2   0 0  0 0  0 0  2 0
    34  0.1182499271811327E-05   2   0 0  0 0  0 1  0 1
    35  0.1178550233791367E-05   2   0 0  0 0  0 0  1 1
    36  0.3111846201942293E-07   2   0 0  0 0  0 0  0 2
    37  -.1430666989964849E-05   3   3 0  0 0  0 0  0 0
    38  0.1703260885522459E-04   3   2 1  0 0  0 0  0 0
    39  0.9944556965301484E-05   3   1 2  0 0  0 0  0 0
    40  0.1282330895121511E-05   3   0 3  0 0  0 0  0 0
    41  -.1271692415954116E-01   3   2 0  1 0  0 0  0 0
    42  -.2497744425197042E-01   3   1 1  1 0  0 0  0 0
    43  0.9370808135663770E-01   3   0 2  1 0  0 0  0 0
    44  0.6890882750886648E-05   3   1 0  2 0  0 0  0 0
    45  0.2601620464188808E-04   3   0 1  2 0  0 0  0 0
    46  0.4441063808520505E-01   3   0 0  3 0  0 0  0 0
    47  0.2580117493532778       3   2 0  0 1  0 0  0 0
    48  -.7961611735383916E-02   3   1 1  0 1  0 0  0 0
    49  0.1850316552018993       3   0 2  0 1  0 0  0 0
    50  0.9506569242734974E-05   3   1 0  1 1  0 0  0 0
    51  0.9055679867775556E-05   3   0 1  1 1  0 0  0 0
    52  0.3539968585598481       3   0 0  2 1  0 0  0 0
    53  0.1184611625589124E-04   3   1 0  0 2  0 0  0 0
    54  0.1650564295719403E-05   3   0 1  0 2  0 0  0 0
    55  0.2003344930191620       3   0 0  1 2  0 0  0 0
    56  0.1903701002235716       3   0 0  0 3  0 0  0 0
    57  0.4299326718954759E-04   3   2 0  0 0  0 1  0 0
    58  -.4632114068105273E-05   3   1 1  0 0  0 1  0 0
    59  0.8195869906555149E-05   3   0 2  0 0  0 1  0 0
    60  -.8432369324204120E-04   3   1 0  1 0  0 1  0 0
    61  0.1878799123048126E-05   3   0 1  1 0  0 1  0 0
    62  -.3716395829083140E-04   3   0 0  2 0  0 1  0 0
    63  0.1674555747277789E-04   3   1 0  0 1  0 1  0 0
    64  0.2248125970981723E-05   3   0 1  0 1  0 1  0 0
    65  0.5128942813357912E-04   3   0 0  1 1  0 1  0 0
    66  0.1586287279442924E-04   3   0 0  0 2  0 1  0 0
    67  0.4284968820325497E-04   3   2 0  0 0  0 0  1 0
    68  -.4616644803129850E-05   3   1 1  0 0  0 0  1 0
    69  0.8168499232728459E-05   3   0 2  0 0  0 0  1 0
    70  -.8404208844232256E-04   3   1 0  1 0  0 0  1 0
    71  0.1872524743566367E-05   3   0 1  1 0  0 0  1 0
    72  -.3703984668437238E-04   3   0 0  2 0  0 0  1 0
    73  0.1668963452660519E-04   3   1 0  0 1  0 0  1 0
    74  0.2240618198972034E-05   3   0 1  0 1  0 0  1 0
    75  0.5111814354459394E-04   3   0 0  1 1  0 0  1 0
    76  0.1580989763471844E-04   3   0 0  0 2  0 0  1 0
    77  -.8584295539280275E-04   3   2 0  0 0  0 0  0 1
    78  0.6237737420253271E-05   3   1 1  0 0  0 0  0 1
    79  -.5419746750414735E-05   3   0 2  0 0  0 0  0 1
    80  0.1683657816843647E-03   3   1 0  1 0  0 0  0 1
    81  -.2463558575925000E-05   3   0 1  1 0  0 0  0 1
    82  0.7420380497521370E-04   3   0 0  2 0  0 0  0 1
    83  -.1668181241813062E-04   3   1 0  0 1  0 0  0 1
    84  -.1540384607428564E-05   3   0 1  0 1  0 0  0 1
    85  -.5624746017546247E-04   3   0 0  1 1  0 0  0 1
    86  -.1110459207146980E-04   3   0 0  0 2  0 0  0 1
    87  0.2714791027437362E-05   3   1 0  0 0  0 2  0 0
    88  0.2533970855953942E-06   3   0 1  0 0  0 2  0 0
    89  0.3467551600902606E-01   3   0 0  1 0  0 2  0 0
    90  0.1317755703983634       3   0 0  0 1  0 2  0 0
    91  0.1816397446626934E-05   3   1 0  0 0  0 1  1 0
    92  0.2403919934002920E-06   3   0 1  0 0  0 1  1 0
    93  0.2346470158748315E-01   3   0 0  1 0  0 1  1 0
    94  0.8937224608355214E-01   3   0 0  0 1  0 1  1 0
    95  0.2702691802843208E-05   3   1 0  0 0  0 0  2 0
    96  0.2521494456845206E-06   3   0 1  0 0  0 0  2 0
    97  0.3452053373140086E-01   3   0 0  1 0  0 0  2 0
    98  0.1311862643809354       3   0 0  0 1  0 0  2 0
    99  -.3619054705921584E-05   3   1 0  0 0  0 1  0 1
   100  -.3413941650065952E-06   3   0 1  0 0  0 1  0 1
   101  -.4685464358410091E-01   3   0 0  1 0  0 1  0 1
   102  -.3999542738796370E-02   3   0 0  0 1  0 1  0 1
   103  -.3606968622681551E-05   3   1 0  0 0  0 0  1 1
   104  -.3402540556047823E-06   3   0 1  0 0  0 0  1 1
   105  -.4669816926454657E-01   3   0 0  1 0  0 0  1 1
   106  -.3986185989481974E-02   3   0 0  0 1  0 0  1 1
   107  -.1057730034429476E-08   3   1 0  0 0  0 0  0 2
   108  -.2477039900197647E-09   3   0 1  0 0  0 0  0 2
   109  0.8919586123617445E-03   3   0 0  1 0  0 0  0 2
   110  -.1190438744439891E-03   3   0 0  0 1  0 0  0 2
   111  0.7462879863844811E-06   3   0 0  0 0  0 3  0 0
   112  0.4355233983269497E-06   3   0 0  0 0  0 2  1 0
   113  0.4370676434022124E-06   3   0 0  0 0  0 1  2 0
   114  0.7418247783060137E-06   3   0 0  0 0  0 0  3 0
   115  -.8704203201587686E-06   3   0 0  0 0  0 2  0 1
   116  -.5604125990017739E-06   3   0 0  0 0  0 1  1 1
   117  -.8665777231322960E-06   3   0 0  0 0  0 0  2 1
   118  -.3187749438019920E-07   3   0 0  0 0  0 1  0 2
   119  -.3177103728528610E-07   3   0 0  0 0  0 0  1 2
   120  0.4705358755809734E-09   3   0 0  0 0  0 0  0 3
   121  -.1253537646220517E-08   4   4 0  0 0  0 0  0 0
   122  -.8989805802290441E-08   4   3 1  0 0  0 0  0 0
   123  0.4434643219303931E-04   4   2 2  0 0  0 0  0 0
   124  -.1364906477582881E-05   4   1 3  0 0  0 0  0 0
   125  0.4660597775060265E-04   4   0 4  0 0  0 0  0 0
   126  -.1062075644646096E-03   4   3 0  1 0  0 0  0 0
   127  -.2320643532511016E-03   4   2 1  1 0  0 0  0 0
   128  0.5920305897913756E-04   4   1 2  1 0  0 0  0 0
   129  0.1102572593902535E-03   4   0 3  1 0  0 0  0 0
   130  -.1436778668437662E-03   4   2 0  2 0  0 0  0 0
   131  -.2090648519430112E-03   4   1 1  2 0  0 0  0 0
   132  0.2730377430481688E-03   4   0 2  2 0  0 0  0 0
   133  -.5560666690464452E-04   4   1 0  3 0  0 0  0 0
   134  -.6799576968836629E-04   4   0 1  3 0  0 0  0 0
   135  -.6010908892907011E-04   4   0 0  4 0  0 0  0 0
   136  0.5359907522321686E-04   4   3 0  0 1  0 0  0 0
   137  -.3786413350642123E-03   4   2 1  0 1  0 0  0 0
   138  -.1660327260511771E-03   4   1 2  0 1  0 0  0 0
   139  0.1701776511751629E-03   4   0 3  0 1  0 0  0 0
   140  0.5735649114507018E-04   4   2 0  1 1  0 0  0 0
   141  -.4651642447042547E-03   4   1 1  1 1  0 0  0 0
   142  0.1820158384080205E-03   4   0 2  1 1  0 0  0 0
   143  0.3466956908421444E-04   4   1 0  2 1  0 0  0 0
   144  -.6544294515746466E-04   4   0 1  2 1  0 0  0 0
   145  0.1258397164225981E-03   4   0 0  3 1  0 0  0 0
   146  0.1579884891699245E-03   4   2 0  0 2  0 0  0 0
   147  -.7319765164707031E-04   4   1 1  0 2  0 0  0 0
   148  0.2924903547804984E-03   4   0 2  0 2  0 0  0 0
   149  -.5858777504968180E-04   4   1 0  1 2  0 0  0 0
   150  0.1266522575905116E-03   4   0 1  1 2  0 0  0 0
   151  0.2730618353209511E-03   4   0 0  2 2  0 0  0 0
   152  -.8211564411738022E-04   4   1 0  0 3  0 0  0 0
   153  0.1830768147686622E-03   4   0 1  0 3  0 0  0 0
   154  0.2446948315126412E-03   4   0 0  1 3  0 0  0 0
   155  0.2607355875241766E-03   4   0 0  0 4  0 0  0 0
   156  0.1614017474838465E-05   4   3 0  0 0  0 1  0 0
   157  -.1489102518956139E-04   4   2 1  0 0  0 1  0 0
   158  -.1446873814872536E-04   4   1 2  0 0  0 1  0 0
   159  -.2585713800695072E-05   4   0 3  0 0  0 1  0 0
   160  0.1977463725491505E-01   4   2 0  1 0  0 1  0 0
   161  0.3988417150632292E-01   4   1 1  1 0  0 1  0 0
   162  -.1424900223895944       4   0 2  1 0  0 1  0 0
   163  -.8802370529214856E-05   4   1 0  2 0  0 1  0 0
   164  -.2881408370012849E-04   4   0 1  2 0  0 1  0 0
   165  -.5326161152748529E-01   4   0 0  3 0  0 1  0 0
   166  -.2549067348612495       4   2 0  0 1  0 1  0 0
   167  0.1618672725415142E-01   4   1 1  0 1  0 1  0 0
   168  -.2853798884924895       4   0 2  0 1  0 1  0 0
   169  -.1477830229794271E-04   4   1 0  1 1  0 1  0 0
   170  -.1465550696274459E-04   4   0 1  1 1  0 1  0 0
   171  -.4036106093832168       4   0 0  2 1  0 1  0 0
   172  -.1832290935716167E-04   4   1 0  0 2  0 1  0 0
   173  -.3461991322121372E-05   4   0 1  0 2  0 1  0 0
   174  -.3116854135183073       4   0 0  1 2  0 1  0 0
   175  -.2966060773141298       4   0 0  0 3  0 1  0 0
   176  0.1608627351964689E-05   4   3 0  0 0  0 0  1 0
   177  -.1484129558208242E-04   4   2 1  0 0  0 0  1 0
   178  -.1442041879799618E-04   4   1 2  0 0  0 0  1 0
   179  -.2577078630804112E-05   4   0 3  0 0  0 0  1 0
   180  0.1970859848752206E-01   4   2 0  1 0  0 0  1 0
   181  0.3975097555987883E-01   4   1 1  1 0  0 0  1 0
   182  -.1420141671148304       4   0 2  1 0  0 0  1 0
   183  -.8772974404653071E-05   4   1 0  2 0  0 0  1 0
   184  -.2871785707677365E-04   4   0 1  2 0  0 0  1 0
   185  -.5308374069579829E-01   4   0 0  3 0  0 0  1 0
   186  -.2540554562080315       4   2 0  0 1  0 0  1 0
   187  0.1613267056010282E-01   4   1 1  0 1  0 0  1 0
   188  -.2844268426372513       4   0 2  0 1  0 0  1 0
   189  -.1472894913634729E-04   4   1 0  1 1  0 0  1 0
   190  -.1460656388465433E-04   4   0 1  1 1  0 0  1 0
   191  -.4022627238666936       4   0 0  2 1  0 0  1 0
   192  -.1826171873538630E-04   4   1 0  0 2  0 0  1 0
   193  -.3450429762902644E-05   4   0 1  0 2  0 0  1 0
   194  -.3106445185447073       4   0 0  1 2  0 0  1 0
   195  -.2956155408256699       4   0 0  0 3  0 0  1 0
   196  -.3222644826803129E-05   4   3 0  0 0  0 0  0 1
   197  0.1269971191641916E-04   4   2 1  0 0  0 0  0 1
   198  0.9000043016118655E-05   4   1 2  0 0  0 0  0 1
   199  0.1315799746134693E-05   4   0 3  0 0  0 0  0 1
   200  -.3948323574243645E-01   4   2 0  1 0  0 0  0 1
   201  -.5465770281423301E-01   4   1 1  1 0  0 0  0 1
   202  0.9708802679115010E-01   4   0 2  1 0  0 0  0 1
   203  0.1757534493386695E-04   4   1 0  2 0  0 0  0 1
   204  0.3151573613501312E-04   4   0 1  2 0  0 0  0 1
   205  0.1063453522232766       4   0 0  3 0  0 0  0 1
   206  0.2509504417160037       4   2 0  0 1  0 0  0 1
   207  -.1639617434348741E-01   4   1 1  0 1  0 0  0 1
   208  0.1471176552404385E-01   4   0 2  0 1  0 0  0 1
   209  0.2000068219155303E-04   4   1 0  1 1  0 0  0 1
   210  0.1115071111184625E-04   4   0 1  1 1  0 0  0 1
   211  0.4518764746900366       4   0 0  2 1  0 0  0 1
   212  0.1289239558076466E-04   4   1 0  0 2  0 0  0 1
   213  0.1960728197864850E-05   4   0 1  0 2  0 0  0 1
   214  0.2216609460246685       4   0 0  1 2  0 0  0 1
   215  0.2111131746907788E-01   4   0 0  0 3  0 0  0 1
   216  0.5495453986762102E-04   4   2 0  0 0  0 2  0 0
   217  -.3118891217263975E-05   4   1 1  0 0  0 2  0 0
   218  0.1169642523193402E-03   4   0 2  0 0  0 2  0 0
   219  0.4757251075679474E-04   4   1 0  1 0  0 2  0 0
   220  0.1143820686688205E-03   4   0 1  1 0  0 2  0 0
   221  0.1789782740861809E-03   4   0 0  2 0  0 2  0 0
   222  -.3615997791243454E-04   4   1 0  0 1  0 2  0 0
   223  0.2316062671091135E-03   4   0 1  0 1  0 2  0 0
   224  0.2299986902370300E-03   4   0 0  1 1  0 2  0 0
   225  0.3778354340953079E-03   4   0 0  0 2  0 2  0 0
   226  0.6539970660867132E-04   4   2 0  0 0  0 1  1 0
   227  -.4862442892738838E-05   4   1 1  0 0  0 1  1 0
   228  0.1422613176098567E-03   4   0 2  0 0  0 1  1 0
   229  0.2288007904791036E-04   4   1 0  1 0  0 1  1 0
   230  0.1380410749268966E-03   4   0 1  1 0  0 1  1 0
   231  0.1802417643197611E-03   4   0 0  2 0  0 1  1 0
   232  -.3864632017501347E-04   4   1 0  0 1  0 1  1 0
   233  0.2814542276783824E-03   4   0 1  0 1  0 1  1 0
   234  0.2876787318495313E-03   4   0 0  1 1  0 1  1 0
   235  0.4615913444501944E-03   4   0 0  0 2  0 1  1 0
   236  0.5466181196536024E-04   4   2 0  0 0  0 0  2 0
   237  -.3100356232552250E-05   4   1 1  0 0  0 0  2 0
   238  0.1163360963676884E-03   4   0 2  0 0  0 0  2 0
   239  0.4737543426780612E-04   4   1 0  1 0  0 0  2 0
   240  0.1137695829938935E-03   4   0 1  1 0  0 0  2 0
   241  0.1780795988611552E-03   4   0 0  2 0  0 0  2 0
   242  -.3597468813961360E-04   4   1 0  0 1  0 0  2 0
   243  0.2303628340579840E-03   4   0 1  0 1  0 0  2 0
   244  0.2287502322190547E-03   4   0 0  1 1  0 0  2 0
   245  0.3758028684638883E-03   4   0 0  0 2  0 0  2 0
   246  -.4322081000476881E-04   4   2 0  0 0  0 1  0 1
   247  0.2816750957357705E-05   4   1 1  0 0  0 1  0 1
   248  -.3576892122322428E-05   4   0 2  0 0  0 1  0 1
   249  -.5839827796337452E-04   4   1 0  1 0  0 1  0 1
   250  -.9415550188524342E-04   4   0 1  1 0  0 1  0 1
   251  -.2217112792767203E-03   4   0 0  2 0  0 1  0 1
   252  0.3846753334765145E-04   4   1 0  0 1  0 1  0 1
   253  -.1710671975241290E-04   4   0 1  0 1  0 1  0 1
   254  -.1894799551037576E-03   4   0 0  1 1  0 1  0 1
   255  -.3077555000037224E-04   4   0 0  0 2  0 1  0 1
   256  -.4307647112352311E-04   4   2 0  0 0  0 0  1 1
   257  0.2807344222919181E-05   4   1 1  0 0  0 0  1 1
   258  -.3564946843943487E-05   4   0 2  0 0  0 0  1 1
   259  -.5820325287923153E-04   4   1 0  1 0  0 0  1 1
   260  -.9384106308125657E-04   4   0 1  1 0  0 0  1 1
   261  -.2209708591409843E-03   4   0 0  2 0  0 0  1 1
   262  0.3833906836221797E-04   4   1 0  0 1  0 0  1 1
   263  -.1704959067985340E-04   4   0 1  0 1  0 0  1 1
   264  -.1888471737020409E-03   4   0 0  1 1  0 0  1 1
   265  -.3067277292478588E-04   4   0 0  0 2  0 0  1 1
   266  -.1162234353549938E-08   4   2 0  0 0  0 0  0 2
   267  -.2582898818973669E-09   4   1 1  0 0  0 0  0 2
   268  -.2047666360999396E-07   4   0 2  0 0  0 0  0 2
   269  -.9244474956556752E-05   4   1 0  1 0  0 0  0 2
   270  0.1661430179862736E-05   4   0 1  1 0  0 0  0 2
   271  0.2710563337296396E-04   4   0 0  2 0  0 0  0 2
   272  -.2293239856851429E-05   4   1 0  0 1  0 0  0 2
   273  -.7804278480104134E-07   4   0 1  0 1  0 0  0 2
   274  0.6822717180191389E-05   4   0 0  1 1  0 0  0 2
   275  0.1702026958331318E-06   4   0 0  0 2  0 0  0 2
   276  -.2258932984294063E-05   4   1 0  0 0  0 3  0 0
   277  -.3216524459656887E-06   4   0 1  0 0  0 3  0 0
   278  -.2904100011963618E-01   4   0 0  1 0  0 3  0 0
   279  -.1104526106258716       4   0 0  0 1  0 3  0 0
   280  -.1352634373858092E-05   4   1 0  0 0  0 2  1 0
   281  -.3941636413395083E-06   4   0 1  0 0  0 2  1 0
   282  -.1779092666532911E-01   4   0 0  1 0  0 2  1 0
   283  -.6787857555750737E-01   4   0 0  0 1  0 2  1 0
   284  -.1357136554223640E-05   4   1 0  0 0  0 1  2 0
   285  -.3937950261687636E-06   4   0 1  0 0  0 1  2 0
   286  -.1784679643243431E-01   4   0 0  1 0  0 1  2 0
   287  -.6808999618414947E-01   4   0 0  0 1  0 1  2 0
   288  -.2245366166999885E-05   4   1 0  0 0  0 0  3 0
   289  -.3193852107467495E-06   4   0 1  0 0  0 0  3 0
   290  -.2886591621505050E-01   4   0 0  1 0  0 0  3 0
   291  -.1097863524147826       4   0 0  0 1  0 0  3 0
   292  0.2709390852002869E-05   4   1 0  0 0  0 2  0 1
   293  0.3447100129552099E-06   4   0 1  0 0  0 2  0 1
   294  0.3556273676202874E-01   4   0 0  1 0  0 2  0 1
   295  0.3909153113544484E-02   4   0 0  0 1  0 2  0 1
   296  0.1805762407010396E-05   4   1 0  0 0  0 1  1 1
   297  0.3479999043943169E-06   4   0 1  0 0  0 1  1 1
   298  0.2434572758918542E-01   4   0 0  1 0  0 1  1 1
   299  0.3819322607298946E-02   4   0 0  0 1  0 1  1 1
   300  0.2697327419892550E-05   4   1 0  0 0  0 0  2 1
   301  0.3429777451876208E-06   4   0 1  0 0  0 0  2 1
   302  0.3540332042579747E-01   4   0 0  1 0  0 0  2 1
   303  0.3889720780762307E-02   4   0 0  0 1  0 0  2 1
   304  0.1981534555480357E-08   4   1 0  0 0  0 1  0 2
   305  0.5039072006880605E-09   4   0 1  0 0  0 1  0 2
   306  -.8809006394134200E-03   4   0 0  1 0  0 1  0 2
   307  0.1805190816770460E-03   4   0 0  0 1  0 1  0 2
   308  0.1974917083942884E-08   4   1 0  0 0  0 0  1 2
   309  0.5022243677832868E-09   4   0 1  0 0  0 0  1 2
   310  -.8779588108638483E-03   4   0 0  1 0  0 0  1 2
   311  0.1799162257314396E-03   4   0 0  0 1  0 0  1 2
   312  -.6136634281073879E-09   4   1 0  0 0  0 0  0 3
   313  -.8767318491589154E-10   4   0 1  0 0  0 0  0 3
   314  -.8352591483071495E-05   4   0 0  1 0  0 0  0 3
   315  -.1101228025732349E-05   4   0 0  0 1  0 0  0 3
   316  0.3302482922695730E-04   4   0 0  0 0  0 4  0 0
   317  0.1946101095524687E-04   4   0 0  0 0  0 3  1 0
   318  0.1766050168017747E-04   4   0 0  0 0  0 2  2 0
   319  0.1955677334184570E-04   4   0 0  0 0  0 1  3 0
   320  0.3277209875992874E-04   4   0 0  0 0  0 0  4 0
   321  -.9327817887687410E-06   4   0 0  0 0  0 3  0 1
   322  -.1068306190334759E-05   4   0 0  0 0  0 2  1 1
   323  -.1067611696097116E-05   4   0 0  0 0  0 1  2 1
   324  -.9263312883854924E-06   4   0 0  0 0  0 0  3 1
   325  -.3618505729240048E-07   4   0 0  0 0  0 2  0 2
   326  -.5176551965436436E-07   4   0 0  0 0  0 1  1 2
   327  -.3597777752873730E-07   4   0 0  0 0  0 0  2 2
   328  0.1896498899001194E-09   4   0 0  0 0  0 1  0 3
   329  0.1890165409894087E-09   4   0 0  0 0  0 0  1 3
   ----------------------------------------------------
     I  COEFFICIENT            ORDER EXPONENTS
     1  -.3732952510165111E-04   0   0 0  0 0  0 0  0 0
     2  0.4250553849605881E-04   1   1 0  0 0  0 0  0 0
     3  0.7117257407626538E-05   1   0 1  0 0  0 0  0 0
     4  0.5519420594596360       1   0 0  1 0  0 0  0 0
     5   1.090868900549963       1   0 0  0 1  0 0  0 0
     6  0.2758276100566435E-06   1   0 0  0 0  0 1  0 0
     7  0.2749064646953192E-06   1   0 0  0 0  0 0  1 0
     8  -.3788025917640373E-04   1   0 0  0 0  0 0  0 1
     9  -.3996954230302854E-04   2   2 0  0 0  0 0  0 0
    10  0.1890254798628602E-03   2   1 1  0 0  0 0  0 0
    11  0.1307491045844139E-04   2   0 2  0 0  0 0  0 0
    12  0.7996874518046610E-04   2   1 0  1 0  0 0  0 0
    13  -.1783038556652699E-03   2   0 1  1 0  0 0  0 0
    14  0.2750342941041335E-04   2   0 0  2 0  0 0  0 0
    15  -.1521682491567546E-03   2   1 0  0 1  0 0  0 0
    16  -.5572346923437339E-04   2   0 1  0 1  0 0  0 0
    17  -.1736449591918751E-03   2   0 0  1 1  0 0  0 0
    18  -.9520494094238534E-05   2   0 0  0 2  0 0  0 0
    19  -.2318400285471706E-07   2   1 0  0 0  0 1  0 0
    20  -.3619025845374211E-05   2   0 1  0 0  0 1  0 0
    21  -.1156898843671437E-01   2   0 0  1 0  0 1  0 0
    22  -.4596126624274498E-01   2   0 0  0 1  0 1  0 0
    23  -.2310657827534249E-07   2   1 0  0 0  0 0  1 0
    24  -.3606939858515960E-05   2   0 1  0 0  0 0  1 0
    25  -.1153035300049936E-01   2   0 0  1 0  0 0  1 0
    26  -.4580777541854789E-01   2   0 0  0 1  0 0  1 0
    27  0.4255182907718893E-04   2   1 0  0 0  0 0  0 1
    28  0.7225965704000241E-05   2   0 1  0 0  0 0  0 1
    29  0.5750414008968509       2   0 0  1 0  0 0  0 1
    30  0.9176904166129489E-01   2   0 0  0 1  0 0  0 1
    31  -.2102146189253678E-06   2   0 0  0 0  0 2  0 0
    32  -.1450409683657217E-06   2   0 0  0 0  0 1  1 0
    33  -.2092704055133575E-06   2   0 0  0 0  0 0  2 0
    34  0.5654826406073875E-06   2   0 0  0 0  0 1  0 1
    35  0.5635941722586802E-06   2   0 0  0 0  0 0  1 1
    36  -.5645422758069632E-06   2   0 0  0 0  0 0  0 2
    37  -.1081352290313402E-04   3   3 0  0 0  0 0  0 0
    38  -.6060365141041694E-05   3   2 1  0 0  0 0  0 0
    39  -.1276801867032736E-05   3   1 2  0 0  0 0  0 0
    40  0.3474580110187004E-05   3   0 3  0 0  0 0  0 0
    41  -.4476284275713798       3   2 0  1 0  0 0  0 0
    42  -.3131436208752970       3   1 1  1 0  0 0  0 0
    43  0.2663726189071364       3   0 2  1 0  0 0  0 0
    44  0.2462614689443914E-04   3   1 0  2 0  0 0  0 0
    45  0.5415642912722399E-05   3   0 1  2 0  0 0  0 0
    46  -.2668075604899501       3   0 0  3 0  0 0  0 0
    47  0.2010472332826758E-02   3   2 0  0 1  0 0  0 0
    48  -.7786492708704988E-01   3   1 1  0 1  0 0  0 0
    49  0.8396692787524389E-01   3   0 2  0 1  0 0  0 0
    50  0.7603812449324783E-05   3   1 0  1 1  0 0  0 0
    51  -.4010061242326840E-04   3   0 1  1 1  0 0  0 0
    52  -.2066993802225196       3   0 0  2 1  0 0  0 0
    53  0.8730927032537648E-06   3   1 0  0 2  0 0  0 0
    54  -.3352218859640734E-05   3   0 1  0 2  0 0  0 0
    55  -.3178595736396648       3   0 0  1 2  0 0  0 0
    56  -.3891539716514734E-02   3   0 0  0 3  0 0  0 0
    57  0.1807503617401702E-04   3   2 0  0 0  0 1  0 0
    58  -.9953132075134688E-04   3   1 1  0 0  0 1  0 0
    59  -.1356270574865044E-04   3   0 2  0 0  0 1  0 0
    60  -.4485227804108789E-04   3   1 0  1 0  0 1  0 0
    61  0.9228491731289093E-04   3   0 1  1 0  0 1  0 0
    62  -.1355214317737217E-04   3   0 0  2 0  0 1  0 0
    63  0.6673736689618809E-04   3   1 0  0 1  0 1  0 0
    64  0.5451022045437937E-04   3   0 1  0 1  0 1  0 0
    65  0.8316532127938223E-04   3   0 0  1 1  0 1  0 0
    66  0.8123741477151407E-05   3   0 0  0 2  0 1  0 0
    67  0.1801467334186434E-04   3   2 0  0 0  0 0  1 0
    68  -.9919892902882649E-04   3   1 1  0 0  0 0  1 0
    69  -.1351741215572159E-04   3   0 2  0 0  0 0  1 0
    70  -.4470249075961276E-04   3   1 0  1 0  0 0  1 0
    71  0.9197672545532812E-04   3   0 1  1 0  0 0  1 0
    72  -.1350688485888517E-04   3   0 0  2 0  0 0  1 0
    73  0.6651449284838650E-04   3   1 0  0 1  0 0  1 0
    74  0.5432817980692263E-04   3   0 1  0 1  0 0  1 0
    75  0.8288758494284845E-04   3   0 0  1 1  0 0  1 0
    76  0.8096611681184633E-05   3   0 0  0 2  0 0  1 0
    77  -.7605925181890989E-04   3   2 0  0 0  0 0  0 1
    78  0.1987302497801748E-03   3   1 1  0 0  0 0  0 1
    79  0.1400520744611277E-04   3   0 2  0 0  0 0  0 1
    80  0.1695235139811669E-03   3   1 0  1 0  0 0  0 1
    81  -.1842616427682203E-03   3   0 1  1 0  0 0  0 1
    82  0.5456245744668036E-04   3   0 0  2 0  0 0  0 1
    83  -.1332518597445739E-03   3   1 0  0 1  0 0  0 1
    84  -.5311493102693076E-04   3   0 1  0 1  0 0  0 1
    85  -.1660529062222096E-03   3   0 0  1 1  0 0  0 1
    86  -.6699859063906279E-05   3   0 0  0 2  0 0  0 1
    87  0.4171035279031485E-07   3   1 0  0 0  0 2  0 0
    88  0.2675950240319817E-05   3   0 1  0 0  0 2  0 0
    89  0.8757407069641553E-02   3   0 0  1 0  0 2  0 0
    90  0.3467558640400370E-01   3   0 0  0 1  0 2  0 0
    91  0.4599700413136089E-07   3   1 0  0 0  0 1  1 0
    92  0.1768920290829810E-05   3   0 1  0 0  0 1  1 0
    93  0.5964462901098219E-02   3   0 0  1 0  0 1  1 0
    94  0.2346478068899130E-01   3   0 0  0 1  0 1  1 0
    95  0.4149425309858861E-07   3   1 0  0 0  0 0  2 0
    96  0.2664060003746804E-05   3   0 1  0 0  0 0  2 0
    97  0.8718201735681370E-02   3   0 0  1 0  0 0  2 0
    98  0.3452060375920706E-01   3   0 0  0 1  0 0  2 0
    99  -.1019606548168652E-06   3   1 0  0 0  0 1  0 1
   100  -.3588774693395330E-05   3   0 1  0 0  0 1  0 1
   101  -.2347925095392036E-01   3   0 0  1 0  0 1  0 1
   102  -.4685471350535746E-01   3   0 0  0 1  0 1  0 1
   103  -.1016201501653915E-06   3   1 0  0 0  0 0  1 1
   104  -.3576789732349278E-05   3   0 1  0 0  0 0  1 1
   105  -.2340084037311893E-01   3   0 0  1 0  0 0  1 1
   106  -.4669823895229665E-01   3   0 0  0 1  0 0  1 1
   107  0.8297689041299316E-07   3   1 0  0 0  0 0  0 2
   108  -.1494534863308459E-08   3   0 1  0 0  0 0  0 2
   109  0.2344002973076337E-01   3   0 0  1 0  0 0  0 2
   110  0.8919615989154292E-03   3   0 0  0 1  0 0  0 2
   111  0.1758504753231975E-06   3   0 0  0 0  0 3  0 0
   112  0.1072426343192920E-06   3   0 0  0 0  0 2  1 0
   113  0.1075833734403940E-06   3   0 0  0 0  0 1  2 0
   114  0.1747911073101752E-06   3   0 0  0 0  0 0  3 0
   115  -.4245609308958285E-06   3   0 0  0 0  0 2  0 1
   116  -.2845741500863672E-06   3   0 0  0 0  0 1  1 1
   117  -.4226679028151503E-06   3   0 0  0 0  0 0  2 1
   118  0.2841010007960031E-06   3   0 0  0 0  0 1  0 2
   119  0.2831522258745645E-06   3   0 0  0 0  0 0  1 2
   120  -.9036502879334742E-09   3   0 0  0 0  0 0  0 3
   121  -.3391423858175664E-04   4   4 0  0 0  0 0  0 0
   122  0.4843630738055460E-04   4   3 1  0 0  0 0  0 0
   123  0.3354293631418090E-04   4   2 2  0 0  0 0  0 0
   124  -.1682608411529079E-04   4   1 3  0 0  0 0  0 0
   125  0.3283199850208703E-04   4   0 4  0 0  0 0  0 0
   126  0.4408858010361805E-08   4   3 0  1 0  0 0  0 0
   127  0.2875316429968108E-03   4   2 1  1 0  0 0  0 0
   128  0.5029163442804054E-04   4   1 2  1 0  0 0  0 0
   129  0.8552237769107747E-04   4   0 3  1 0  0 0  0 0
   130  -.1272821402081722E-04   4   2 0  2 0  0 0  0 0
   131  0.5498766700997236E-03   4   1 1  2 0  0 0  0 0
   132  0.8691966095902869E-05   4   0 2  2 0  0 0  0 0
   133  0.8519970708181607E-08   4   1 0  3 0  0 0  0 0
   134  -.1384234041723002E-07   4   0 1  3 0  0 0  0 0
   135  0.4664276907237681E-04   4   0 0  4 0  0 0  0 0
   136  0.1437533141946683E-03   4   3 0  0 1  0 0  0 0
   137  0.9927560400497047E-04   4   2 1  0 1  0 0  0 0
   138  -.1616569600497288E-03   4   1 2  0 1  0 0  0 0
   139  0.2696169563462716E-04   4   0 3  0 1  0 0  0 0
   140  0.2431174641559271E-03   4   2 0  1 1  0 0  0 0
   141  0.4122878353662005E-03   4   1 1  1 1  0 0  0 0
   142  -.4444017407197733E-03   4   0 2  1 1  0 0  0 0
   143  0.2570274595443531E-03   4   1 0  2 1  0 0  0 0
   144  -.1000340684573399E-07   4   0 1  2 1  0 0  0 0
   145  0.3829707020054530E-03   4   0 0  3 1  0 0  0 0
   146  -.7210654542886541E-04   4   2 0  0 2  0 0  0 0
   147  0.1751412771221493E-03   4   1 1  0 2  0 0  0 0
   148  0.1987586644696053E-04   4   0 2  0 2  0 0  0 0
   149  0.8247342417303771E-04   4   1 0  1 2  0 0  0 0
   150  0.8554839799244725E-04   4   0 1  1 2  0 0  0 0
   151  0.1509683691037691E-03   4   0 0  2 2  0 0  0 0
   152  0.9419353251867927E-06   4   1 0  0 3  0 0  0 0
   153  0.2696142870964680E-04   4   0 1  0 3  0 0  0 0
   154  -.9810992256122826E-04   4   0 0  1 3  0 0  0 0
   155  -.1452296408888773E-04   4   0 0  0 4  0 0  0 0
   156  0.7555458041326706E-05   4   3 0  0 0  0 1  0 0
   157  0.7449719253646730E-05   4   2 1  0 0  0 1  0 0
   158  0.2204703071898937E-05   4   1 2  0 0  0 1  0 0
   159  -.5142984602575676E-05   4   0 3  0 0  0 1  0 0
   160  0.2463783176640358       4   2 0  1 0  0 1  0 0
   161  0.3317976405850200       4   1 1  1 0  0 1  0 0
   162  -.2651974957227609       4   0 2  1 0  0 1  0 0
   163  -.1536507884120005E-04   4   1 0  2 0  0 1  0 0
   164  -.6592507138859972E-05   4   0 1  2 0  0 1  0 0
   165  0.1427866934259620       4   0 0  3 0  0 1  0 0
   166  -.2601110389379704E-02   4   2 0  0 1  0 1  0 0
   167  0.1188384580576012       4   1 1  0 1  0 1  0 0
   168  -.1226641669971115       4   0 2  0 1  0 1  0 0
   169  -.8277326098769064E-05   4   1 0  1 1  0 1  0 0
   170  0.3864331291754500E-04   4   0 1  1 1  0 1  0 0
   171  0.2119046191859431       4   0 0  2 1  0 1  0 0
   172  -.1392606316295058E-05   4   1 0  0 2  0 1  0 0
   173  0.4838806526559510E-05   4   0 1  0 2  0 1  0 0
   174  0.3452313886213642       4   0 0  1 2  0 1  0 0
   175  0.7711551863196010E-02   4   0 0  0 3  0 1  0 0
   176  0.7530226067172016E-05   4   3 0  0 0  0 0  1 0
   177  0.7424840401479288E-05   4   2 1  0 0  0 0  1 0
   178  0.2197340313661591E-05   4   1 2  0 0  0 0  1 0
   179  -.5125809250153589E-05   4   0 3  0 0  0 0  1 0
   180  0.2455555202492971       4   2 0  1 0  0 0  1 0
   181  0.3306895794395507       4   1 1  1 0  0 0  1 0
   182  -.2643118503626332       4   0 2  1 0  0 0  1 0
   183  -.1531376609879634E-04   4   1 0  2 0  0 0  1 0
   184  -.6570491005776255E-05   4   0 1  2 0  0 0  1 0
   185  0.1423098473977855       4   0 0  3 0  0 0  1 0
   186  -.2592423801517820E-02   4   2 0  0 1  0 0  1 0
   187  0.1184415888160647       4   1 1  0 1  0 0  1 0
   188  -.1222545215362467       4   0 2  0 1  0 0  1 0
   189  -.8249683396359693E-05   4   1 0  1 1  0 0  1 0
   190  0.3851426090409551E-04   4   0 1  1 1  0 0  1 0
   191  0.2111969490691621       4   0 0  2 1  0 0  1 0
   192  -.1387955611281783E-05   4   1 0  0 2  0 0  1 0
   193  0.4822646997840177E-05   4   0 1  0 2  0 0  1 0
   194  0.3440784645461843       4   0 0  1 2  0 0  1 0
   195  0.7685798602951673E-02   4   0 0  0 3  0 0  1 0
   196  -.2589920701163278E-04   4   3 0  0 0  0 0  0 1
   197  -.1487455965512600E-04   4   2 1  0 0  0 0  0 1
   198  -.3125241518527937E-05   4   1 2  0 0  0 0  0 1
   199  0.3319633632355402E-05   4   0 3  0 0  0 0  0 1
   200  -.9395622654847139       4   2 0  1 0  0 0  0 1
   201  -.6624872200245714       4   1 1  1 0  0 0  0 1
   202  0.2631367271782593       4   0 2  1 0  0 0  0 1
   203  0.5530499183443474E-04   4   1 0  2 0  0 0  0 1
   204  0.1316299814463495E-04   4   0 1  2 0  0 0  0 1
   205  -.5519041013137053       4   0 0  3 0  0 0  0 1
   206  0.5193534190897273E-02   4   2 0  0 1  0 0  0 1
   207  -.1594151197866197       4   1 1  0 1  0 0  0 1
   208  0.7698483278287296E-01   4   0 2  0 1  0 0  0 1
   209  0.1652700949512653E-04   4   1 0  1 1  0 0  0 1
   210  -.3705696139837465E-04   4   0 1  1 1  0 0  0 1
   211  -.4231015682551330       4   0 0  2 1  0 0  0 1
   212  0.1907469224321946E-05   4   1 0  0 2  0 0  0 1
   213  -.2957015805119513E-05   4   0 1  0 2  0 0  0 1
   214  -.3714502795279166       4   0 0  1 2  0 0  0 1
   215  -.7614271033126299E-02   4   0 0  0 3  0 0  0 1
   216  -.1372038632686243E-04   4   2 0  0 0  0 2  0 0
   217  0.2216163144501159E-04   4   1 1  0 0  0 2  0 0
   218  0.6836376661252225E-04   4   0 2  0 0  0 2  0 0
   219  -.6589319788783608E-04   4   1 0  1 0  0 2  0 0
   220  0.1066028858143398E-03   4   0 1  1 0  0 2  0 0
   221  -.6778841022090233E-04   4   0 0  2 0  0 2  0 0
   222  -.9345070898525715E-04   4   1 0  0 1  0 2  0 0
   223  0.4617017088320253E-04   4   0 1  0 1  0 2  0 0
   224  -.3166914932799467E-03   4   0 0  1 1  0 2  0 0
   225  -.2296191735898979E-04   4   0 0  0 2  0 2  0 0
   226  -.7588808250773256E-05   4   2 0  0 0  0 1  1 0
   227  -.1047786734088577E-04   4   1 1  0 0  0 1  1 0
   228  0.7800129524065561E-04   4   0 2  0 0  0 1  1 0
   229  -.8131713835259706E-04   4   1 0  1 0  0 1  1 0
   230  0.1274005102774923E-03   4   0 1  1 0  0 1  1 0
   231  -.7153332827573419E-04   4   0 0  2 0  0 1  1 0
   232  -.8195766655215210E-04   4   1 0  0 1  0 1  1 0
   233  0.6520786330722429E-04   4   0 1  0 1  0 1  1 0
   234  -.3081943666125046E-03   4   0 0  1 1  0 1  1 0
   235  -.2602541953524768E-04   4   0 0  0 2  0 1  1 0
   236  -.1366189447400597E-04   4   2 0  0 0  0 0  2 0
   237  0.2210511692656219E-04   4   1 1  0 0  0 0  2 0
   238  0.6800521573311331E-04   4   0 2  0 0  0 0  2 0
   239  -.6553736089979519E-04   4   1 0  1 0  0 0  2 0
   240  0.1060341467084542E-03   4   0 1  1 0  0 0  2 0
   241  -.6744258089520245E-04   4   0 0  2 0  0 0  2 0
   242  -.9300177224079838E-04   4   1 0  0 1  0 0  2 0
   243  0.4590709932507913E-04   4   0 1  0 1  0 0  2 0
   244  -.3151192619665187E-03   4   0 0  1 1  0 0  2 0
   245  -.2284177760612955E-04   4   0 0  0 2  0 0  2 0
   246  0.3592151646874282E-04   4   2 0  0 0  0 1  0 1
   247  -.1968701303498450E-04   4   1 1  0 0  0 1  0 1
   248  -.5522667216649290E-04   4   0 2  0 0  0 1  0 1
   249  0.1065527507402850E-03   4   1 0  1 0  0 1  0 1
   250  -.8462379148656190E-04   4   0 1  1 0  0 1  0 1
   251  0.1342531204709069E-03   4   0 0  2 0  0 1  0 1
   252  0.1256763086683501E-03   4   1 0  0 1  0 1  0 1
   253  -.2475829608457193E-04   4   0 1  0 1  0 1  0 1
   254  0.3789209544148635E-03   4   0 0  1 1  0 1  0 1
   255  0.2423811351007087E-04   4   0 0  0 2  0 1  0 1
   256  0.3580155408258728E-04   4   2 0  0 0  0 0  1 1
   257  -.1962126689472879E-04   4   1 1  0 0  0 0  1 1
   258  -.5504223887904302E-04   4   0 2  0 0  0 0  1 1
   259  0.1061969104671895E-03   4   1 0  1 0  0 0  1 1
   260  -.8434118448802139E-04   4   0 1  1 0  0 0  1 1
   261  0.1338047728992075E-03   4   0 0  2 0  0 0  1 1
   262  0.1252566039522590E-03   4   1 0  0 1  0 0  1 1
   263  -.2467561404418437E-04   4   0 1  0 1  0 0  1 1
   264  0.3776555217069901E-03   4   0 0  1 1  0 0  1 1
   265  0.2415716865533163E-04   4   0 0  0 2  0 0  1 1
   266  -.3675198007741225E-04   4   2 0  0 0  0 0  0 2
   267  -.2125367488518788E-04   4   1 1  0 0  0 0  0 2
   268  -.1474935610887913E-05   4   0 2  0 0  0 0  0 2
   269  -.1964080716181380E-08   4   1 0  1 0  0 0  0 2
   270  -.2697555956054268E-09   4   0 1  1 0  0 0  0 2
   271  -.6129357589697393E-04   4   0 0  2 0  0 0  0 2
   272  -.7527781036123462E-05   4   1 0  0 1  0 0  0 2
   273  -.1386736731042025E-10   4   0 1  0 1  0 0  0 2
   274  -.3516361392546190E-04   4   0 0  1 1  0 0  0 2
   275  -.1628935286530037E-05   4   0 0  0 2  0 0  0 2
   276  -.2784178600036347E-07   4   1 0  0 0  0 3  0 0
   277  -.2252937439847193E-05   4   0 1  0 0  0 3  0 0
   278  -.7354240324299386E-02   4   0 0  1 0  0 3  0 0
   279  -.2904102281918259E-01   4   0 0  0 1  0 3  0 0
   280  -.1391770825303535E-07   4   1 0  0 0  0 2  1 0
   281  -.1379767096005470E-05   4   0 1  0 0  0 2  1 0
   282  -.4552650498403985E-02   4   0 0  1 0  0 2  1 0
   283  -.1779089843029689E-01   4   0 0  0 1  0 2  1 0
   284  -.1398699311502295E-07   4   1 0  0 0  0 1  2 0
   285  -.1384103425468159E-05   4   0 1  0 0  0 1  2 0
   286  -.4566561622898742E-02   4   0 0  1 0  0 1  2 0
   287  -.1784676845217173E-01   4   0 0  0 1  0 1  2 0
   288  -.2767915520285253E-07   4   1 0  0 0  0 0  3 0
   289  -.2239355501745490E-05   4   0 1  0 0  0 0  3 0
   290  -.7309823912501170E-02   4   0 0  1 0  0 0  3 0
   291  -.2886593884787713E-01   4   0 0  0 1  0 0  3 0
   292  0.8262808512854560E-07   4   1 0  0 0  0 2  0 1
   293  0.2702455935646663E-05   4   0 1  0 0  0 2  0 1
   294  0.1785799095627764E-01   4   0 0  1 0  0 2  0 1
   295  0.3556276602357025E-01   4   0 0  0 1  0 2  0 1
   296  0.6342350403054139E-07   4   1 0  0 0  0 1  1 1
   297  0.1822016999448034E-05   4   0 1  0 0  0 1  1 1
   298  0.1227401427338350E-01   4   0 0  1 0  0 1  1 1
   299  0.2434571646181195E-01   4   0 0  0 1  0 1  1 1
   300  0.8224623934237797E-07   4   1 0  0 0  0 0  2 1
   301  0.2690388521501412E-05   4   0 1  0 0  0 0  2 1
   302  0.1777785800227160E-01   4   0 0  1 0  0 0  2 1
   303  0.3540334960819840E-01   4   0 0  0 1  0 0  2 1
   304  -.8159789756903185E-07   4   1 0  0 0  0 1  0 2
   305  0.2417922570806898E-08   4   0 1  0 0  0 1  0 2
   306  -.1225538899923203E-01   4   0 0  1 0  0 1  0 2
   307  -.8809036960323314E-03   4   0 0  0 1  0 1  0 2
   308  -.8132539575226026E-07   4   1 0  0 0  0 0  1 2
   309  0.2409847751318185E-08   4   0 1  0 0  0 0  1 2
   310  -.1221446128091248E-01   4   0 0  1 0  0 0  1 2
   311  -.8779618572755265E-03   4   0 0  0 1  0 0  1 2
   312  0.2664880153107759E-07   4   1 0  0 0  0 0  0 3
   313  -.6128997282675713E-09   4   0 1  0 0  0 0  0 3
   314  0.3432735164605602E-03   4   0 0  1 0  0 0  0 3
   315  -.8352548174048038E-05   4   0 0  0 1  0 0  0 3
   316  0.8692238913192602E-05   4   0 0  0 0  0 4  0 0
   317  0.5099334877782456E-05   4   0 0  0 0  0 3  1 0
   318  0.4623719448657007E-05   4   0 0  0 0  0 2  2 0
   319  0.5124698410932804E-05   4   0 0  0 0  0 1  3 0
   320  0.8625757441948495E-05   4   0 0  0 0  0 0  4 0
   321  -.1010049900058138E-04   4   0 0  0 0  0 3  0 1
   322  -.6307312961378672E-05   4   0 0  0 0  0 2  1 1
   323  -.6326145399584833E-05   4   0 0  0 0  0 1  2 1
   324  -.1003940553539921E-04   4   0 0  0 0  0 0  3 1
   325  0.1899000804300566E-06   4   0 0  0 0  0 2  0 2
   326  0.2259586879277550E-06   4   0 0  0 0  0 1  1 2
   327  0.1888885936655818E-06   4   0 0  0 0  0 0  2 2
   328  0.1438442344178069E-08   4   0 0  0 0  0 1  0 3
   329  0.1433638566584077E-08   4   0 0  0 0  0 0  1 3
   ----------------------------------------------------
     I  COEFFICIENT            ORDER EXPONENTS
     1  0.1704218449681908E-07   0   0 0  0 0  0 0  0 0
     2  -.5579103862649566E-07   1   1 0  0 0  0 0  0 0
     3  0.2859305894092598E-06   1   0 1  0 0  0 0  0 0
     4  0.3689982220529708E-06   1   0 0  1 0  0 0  0 0
     5  0.1229012443676533E-05   1   0 0  0 1  0 0  0 0
     6   1.000000000000000       1   0 0  0 0  1 0  0 0
     7  0.8471589115268983E-01   1   0 0  0 0  0 1  0 0
     8  -.8471589115536508E-01   1   0 0  0 0  0 0  1 0
     9  0.2662416289173830E-11   1   0 0  0 0  0 0  0 1
    10  -.6222449841677811E-02   2   2 0  0 0  0 0  0 0
    11  0.4385592327593318E-01   2   1 1  0 0  0 0  0 0
    12  -.8290316064249997E-01   2   0 2  0 0  0 0  0 0
    13  -.1294094155567352E-07   2   1 0  1 0  0 0  0 0
    14  -.3605587967962280E-05   2   0 1  1 0  0 0  0 0
    15  -.6373849603514636E-02   2   0 0  2 0  0 0  0 0
    16  -.3605697541172795E-05   2   1 0  0 1  0 0  0 0
    17  -.3483803826135301E-06   2   0 1  0 1  0 0  0 0
    18  -.4615530930082571E-01   2   0 0  1 1  0 0  0 0
    19  -.8724707208556282E-01   2   0 0  0 2  0 0  0 0
    20  0.6825088753783660E-07   2   1 0  0 0  0 1  0 0
    21  -.4062253317208963E-06   2   0 1  0 0  0 1  0 0
    22  -.5383638522119509E-06   2   0 0  1 0  0 1  0 0
    23  -.1830688725407944E-05   2   0 0  0 1  0 1  0 0
    24  0.1260829783002209E-07   2   1 0  0 0  0 0  1 0
    25  -.1208623314077508E-06   2   0 1  0 0  0 0  1 0
    26  -.1700346080958149E-06   2   0 0  1 0  0 0  1 0
    27  -.6037794334696447E-06   2   0 0  0 1  0 0  1 0
    28  -.8087196071814692E-07   2   1 0  0 0  0 0  0 1
    29  0.2412273559984308E-06   2   0 1  0 0  0 0  0 1
    30  0.7084175413679264E-06   2   0 0  1 0  0 0  0 1
    31  0.1205542788434230E-05   2   0 0  0 1  0 0  0 1
    32  -.6364318877639416E-01   2   0 0  0 0  0 2  0 0
    33  0.4257048640499591E-01   2   0 0  0 0  0 1  1 0
    34  0.2107270237630270E-01   2   0 0  0 0  0 0  2 0
    35  -.4949141091317129E-11   2   0 0  0 0  0 1  0 1
    36  -.2287949756653666E-11   2   0 0  0 0  0 0  1 1
    37  0.2287678697674368E-11   2   0 0  0 0  0 0  0 2
    38  -.8917940100647381E-05   3   3 0  0 0  0 0  0 0
    39  0.4612830266026627E-04   3   2 1  0 0  0 0  0 0
    40  -.5591024189148043E-05   3   1 2  0 0  0 0  0 0
    41  -.1252696995375284E-05   3   0 3  0 0  0 0  0 0
    42  0.6483666064185189E-05   3   2 0  1 0  0 0  0 0
    43  0.1043239487691238E-03   3   1 1  1 0  0 0  0 0
    44  -.1581440671956122E-04   3   0 2  1 0  0 0  0 0
    45  -.1149389466511549E-05   3   1 0  2 0  0 0  0 0
    46  -.4101484555824594E-04   3   0 1  2 0  0 0  0 0
    47  -.2442396509501978E-05   3   0 0  3 0  0 0  0 0
    48  0.4864661099670333E-04   3   2 0  0 1  0 0  0 0
    49  0.1900968547760259E-05   3   1 1  0 1  0 0  0 0
    50  0.2497428688042990E-05   3   0 2  0 1  0 0  0 0
    51  -.7745113046827277E-04   3   1 0  1 1  0 0  0 0
    52  0.1421183306598458E-05   3   0 1  1 1  0 0  0 0
    53  -.2877725488716797E-04   3   0 0  2 1  0 0  0 0
    54  0.9597945223745784E-05   3   1 0  0 2  0 0  0 0
    55  -.1284152326382791E-06   3   0 1  0 2  0 0  0 0
    56  0.2762511959532733E-04   3   0 0  1 2  0 0  0 0
    57  0.5570925324409478E-05   3   0 0  0 3  0 0  0 0
    58  0.9283529427768011E-02   3   2 0  0 0  0 1  0 0
    59  -.6512382352330037E-01   3   1 1  0 0  0 1  0 0
    60  0.1231357859356505       3   0 2  0 0  0 1  0 0
    61  0.2117675867745827E-07   3   1 0  1 0  0 1  0 0
    62  0.5375973987753586E-05   3   0 1  1 0  0 1  0 0
    63  0.9585714728128707E-02   3   0 0  2 0  0 1  0 0
    64  0.5432177497235610E-05   3   1 0  0 1  0 1  0 0
    65  0.5512456320950752E-06   3   0 1  0 1  0 1  0 0
    66  0.6971789308158147E-01   3   0 0  1 1  0 1  0 0
    67  0.1318135158864348       3   0 0  0 2  0 1  0 0
    68  0.3071576884588691E-02   3   2 0  0 0  0 0  1 0
    69  -.2134287081927173E-01   3   1 1  0 0  0 0  1 0
    70  0.4037425244309504E-01   3   0 2  0 0  0 0  1 0
    71  0.9816186901620005E-08   3   1 0  1 0  0 0  1 0
    72  0.1785954401519059E-05   3   0 1  1 0  0 0  1 0
    73  0.3222367420884930E-02   3   0 0  2 0  0 0  1 0
    74  0.1819217068174754E-05   3   1 0  0 1  0 0  1 0
    75  0.2607130248878424E-06   3   0 1  0 1  0 0  1 0
    76  0.2363756526327807E-01   3   0 0  1 1  0 0  1 0
    77  0.4470807291401412E-01   3   0 0  0 2  0 0  1 0
    78  -.1235512521857938E-01   3   2 0  0 0  0 0  0 1
    79  0.4261085019263273E-01   3   1 1  0 0  0 0  0 1
    80  0.2296081123277895E-02   3   0 2  0 0  0 0  0 1
    81  -.3502927117277448E-07   3   1 0  1 0  0 0  0 1
    82  -.3586863132067334E-05   3   0 1  1 0  0 0  0 1
    83  -.1280810909175501E-01   3   0 0  2 0  0 0  0 1
    84  -.3610533869176412E-05   3   1 0  0 1  0 0  0 1
    85  -.3452242491207057E-06   3   0 1  0 1  0 0  0 1
    86  -.4720028557023327E-01   3   0 0  1 1  0 0  0 1
    87  -.2027713713030690E-02   3   0 0  0 2  0 0  0 1
    88  -.7509911240365577E-07   3   1 0  0 0  0 2  0 0
    89  0.4853405968837795E-06   3   0 1  0 0  0 2  0 0
    90  0.6628624924370367E-06   3   0 0  1 0  0 2  0 0
    91  0.2276007190251863E-05   3   0 0  0 1  0 2  0 0
    92  -.1372166451585949E-07   3   1 0  0 0  0 1  1 0
    93  0.1584567230070702E-06   3   0 1  0 0  0 1  1 0
    94  0.2492830907258257E-06   3   0 0  1 0  0 1  1 0
    95  0.8916312153427041E-06   3   0 0  0 1  0 1  1 0
    96  -.6951717055611966E-08   3   1 0  0 0  0 0  2 0
    97  0.7963936934141099E-07   3   0 1  0 0  0 0  2 0
    98  0.1251199860356365E-06   3   0 0  1 0  0 0  2 0
    99  0.4473697712830142E-06   3   0 0  0 1  0 0  2 0
   100  0.9562973629337087E-07   3   1 0  0 0  0 1  0 1
   101  -.3164767096348904E-06   3   0 1  0 0  0 1  0 1
   102  -.1036589418618729E-05   3   0 0  1 0  0 1  0 1
   103  -.1782011590047972E-05   3   0 0  0 1  0 1  0 1
   104  0.1497766652197595E-07   3   1 0  0 0  0 0  1 1
   105  -.7580095830153507E-07   3   0 1  0 0  0 0  1 1
   106  -.3294338331346013E-06   3   0 0  1 0  0 0  1 1
   107  -.5785561925738112E-06   3   0 0  0 1  0 0  1 1
   108  -.1486091662227104E-07   3   1 0  0 0  0 0  0 2
   109  -.4508792431749560E-07   3   0 1  0 0  0 0  0 2
   110  0.3287935340690291E-06   3   0 0  1 0  0 0  0 2
   111  -.2526168095586620E-07   3   0 0  0 1  0 0  0 2
   112  0.5305380818404103E-01   3   0 0  0 0  0 3  0 0
   113  -.3187519208404342E-01   3   0 0  0 0  0 2  1 0
   114  -.1069532332230640E-01   3   0 0  0 0  0 1  2 0
   115  -.1048337017594199E-01   3   0 0  0 0  0 0  3 0
   116  0.9000933437001553E-09   3   0 0  0 0  0 2  0 1
   117  0.3178133407302999E-09   3   0 0  0 0  0 1  1 1
   118  0.1596085933679743E-09   3   0 0  0 0  0 0  2 1
   119  0.4004508339603693E-10   3   0 0  0 0  0 1  0 2
   120  0.2537788475145234E-10   3   0 0  0 0  0 0  1 2
   121  -.4838934798231260E-13   3   0 0  0 0  0 0  0 3
   122  -.1641374031030857E-01   4   4 0  0 0  0 0  0 0
   123  -.4687474025858240E-01   4   3 1  0 0  0 0  0 0
   124  0.7118382479862155E-01   4   2 2  0 0  0 0  0 0
   125  0.7499765002004299E-01   4   1 3  0 0  0 0  0 0
   126  -.5475834241069830E-01   4   0 4  0 0  0 0  0 0
   127  -.8749957118248717E-05   4   3 0  1 0  0 0  0 0
   128  -.3779000502484845E-05   4   2 1  1 0  0 0  0 0
   129  0.2738440452075020E-05   4   1 2  1 0  0 0  0 0
   130  -.5063221139368495E-05   4   0 3  1 0  0 0  0 0
   131  -.1418611411848403       4   2 0  2 0  0 0  0 0
   132  -.8014154962823603E-01   4   1 1  2 0  0 0  0 0
   133  0.1164466486812572       4   0 2  2 0  0 0  0 0
   134  0.5450394104552166E-05   4   1 0  3 0  0 0  0 0
   135  -.5150393209087199E-06   4   0 1  3 0  0 0  0 0
   136  -.3670749166076574E-01   4   0 0  4 0  0 0  0 0
   137  -.1055299589559607E-05   4   3 0  0 1  0 0  0 0
   138  -.1829467267603372E-04   4   2 1  0 1  0 0  0 0
   139  -.7996301344124908E-05   4   1 2  0 1  0 0  0 0
   140  -.1446918230861555E-05   4   0 3  0 1  0 0  0 0
   141  -.7364810336143064E-01   4   2 0  1 1  0 0  0 0
   142  -.2098587139789945E-01   4   1 1  1 1  0 0  0 0
   143  -.5158797027469642E-01   4   0 2  1 1  0 0  0 0
   144  -.2198769005793756E-05   4   1 0  2 1  0 0  0 0
   145  -.2546538505089677E-04   4   0 1  2 1  0 0  0 0
   146  -.9365738150620911E-01   4   0 0  3 1  0 0  0 0
   147  -.1452594610210248       4   2 0  0 2  0 0  0 0
   148  0.3938490055345169E-01   4   1 1  0 2  0 0  0 0
   149  -.1285292183277328       4   0 2  0 2  0 0  0 0
   150  -.4629889484629760E-05   4   1 0  1 2  0 0  0 0
   151  -.1027499837437562E-04   4   0 1  1 2  0 0  0 0
   152  -.2135225029455157       4   0 0  2 2  0 0  0 0
   153  -.5905972356835031E-05   4   1 0  0 3  0 0  0 0
   154  -.1538713281301085E-05   4   0 1  0 3  0 0  0 0
   155  -.1074596314087661       4   0 0  1 3  0 0  0 0
   156  -.7448178934166044E-01   4   0 0  0 4  0 0  0 0
   157  0.3908710557911607E-04   4   3 0  0 0  0 1  0 0
   158  -.1505482752461359E-03   4   2 1  0 0  0 1  0 0
   159  -.1586565999802605E-03   4   1 2  0 0  0 1  0 0
   160  0.1777107307997573E-03   4   0 3  0 0  0 1  0 0
   161  0.4437315897006888E-04   4   2 0  1 0  0 1  0 0
   162  -.1415887309789998E-03   4   1 1  1 0  0 1  0 0
   163  0.7086260350227380E-04   4   0 2  1 0  0 1  0 0
   164  0.4215610618939745E-04   4   1 0  2 0  0 1  0 0
   165  -.8724541440942639E-04   4   0 1  2 0  0 1  0 0
   166  0.7440473906478268E-04   4   0 0  3 0  0 1  0 0
   167  0.1310006614340293E-03   4   2 0  0 1  0 1  0 0
   168  -.7003710317583373E-04   4   1 1  0 1  0 1  0 0
   169  0.2165617834320714E-03   4   0 2  0 1  0 1  0 0
   170  0.1220380122599641E-03   4   1 0  1 1  0 1  0 0
   171  0.8024095686966116E-04   4   0 1  1 1  0 1  0 0
   172  0.3645364991838701E-03   4   0 0  2 1  0 1  0 0
   173  -.6419183652032627E-04   4   1 0  0 2  0 1  0 0
   174  0.2093754684362429E-03   4   0 1  0 2  0 1  0 0
   175  0.2368436101739342E-03   4   0 0  1 2  0 1  0 0
   176  0.2527534979319408E-03   4   0 0  0 3  0 1  0 0
   177  0.1664459616491134E-04   4   3 0  0 0  0 0  1 0
   178  -.5560315011210423E-04   4   2 1  0 0  0 0  1 0
   179  -.9516311704771865E-04   4   1 2  0 0  0 0  1 0
   180  0.1042874262700430E-03   4   0 3  0 0  0 0  1 0
   181  0.2241083975332233E-04   4   2 0  1 0  0 0  1 0
   182  -.4640452307151108E-04   4   1 1  1 0  0 0  1 0
   183  0.3983780724532338E-04   4   0 2  1 0  0 0  1 0
   184  0.2178994168406475E-04   4   1 0  2 0  0 0  1 0
   185  -.5158046362384423E-04   4   0 1  2 0  0 0  1 0
   186  0.3813787042757475E-04   4   0 0  3 0  0 0  1 0
   187  0.7885181637807047E-04   4   2 0  0 1  0 0  1 0
   188  -.4124559124971413E-04   4   1 1  0 1  0 0  1 0
   189  0.1299592739953421E-03   4   0 2  0 1  0 0  1 0
   190  0.4136324929186121E-04   4   1 0  1 1  0 0  1 0
   191  0.4894339914103157E-04   4   0 1  1 1  0 0  1 0
   192  0.1858034318585627E-03   4   0 0  2 1  0 0  1 0
   193  -.3524858932171888E-04   4   1 0  0 2  0 0  1 0
   194  0.1256456343188800E-03   4   0 1  0 2  0 0  1 0
   195  0.1487193038533633E-03   4   0 0  1 2  0 0  1 0
   196  0.1545152394148425E-03   4   0 0  0 3  0 0  1 0
   197  -.4067795263923929E-04   4   3 0  0 0  0 0  0 1
   198  0.6536132895720586E-04   4   2 1  0 0  0 0  0 1
   199  0.5479543813571764E-04   4   1 2  0 0  0 0  0 1
   200  0.8299038579300763E-05   4   0 3  0 0  0 0  0 1
   201  -.4146037052492578E-04   4   2 0  1 0  0 0  0 1
   202  0.9985984393011212E-04   4   1 1  1 0  0 0  0 1
   203  -.3096838542012975E-04   4   0 2  1 0  0 0  0 1
   204  -.3820862025271403E-04   4   1 0  2 0  0 0  0 1
   205  0.2843214840383697E-04   4   0 1  2 0  0 0  0 1
   206  -.8034022535051329E-04   4   0 0  3 0  0 0  0 1
   207  -.5789902054161720E-04   4   2 0  0 1  0 0  0 1
   208  0.2670568457790829E-04   4   1 1  0 1  0 0  0 1
   209  0.1232127265330957E-05   4   0 2  0 1  0 0  0 1
   210  -.7585264767074701E-04   4   1 0  1 1  0 0  0 1
   211  -.3356742745477841E-04   4   0 1  1 1  0 0  0 1
   212  -.2247935094607154E-03   4   0 0  2 1  0 0  0 1
   213  0.2895495663843025E-04   4   1 0  0 2  0 0  0 1
   214  -.1703573925981504E-05   4   0 1  0 2  0 0  0 1
   215  -.9887678693545362E-04   4   0 0  1 2  0 0  0 1
   216  -.1068801961766322E-04   4   0 0  0 3  0 0  0 1
   217  -.1155660463643634E-01   4   2 0  0 0  0 2  0 0
   218  0.8076198530268168E-01   4   1 1  0 0  0 2  0 0
   219  -.1527407604007096       4   0 2  0 0  0 2  0 0
   220  -.3023487320967120E-07   4   1 0  1 0  0 2  0 0
   221  -.6744746265458378E-05   4   0 1  1 0  0 2  0 0
   222  -.1200898865066806E-01   4   0 0  2 0  0 2  0 0
   223  -.6750289383839221E-05   4   1 0  0 1  0 2  0 0
   224  -.1003165019389495E-05   4   0 1  0 1  0 2  0 0
   225  -.8764614842925739E-01   4   0 0  1 1  0 2  0 0
   226  -.1657423001446131       4   0 0  0 2  0 2  0 0
   227  -.4551467450457595E-02   4   2 0  0 0  0 1  1 0
   228  0.3131437571606054E-01   4   1 1  0 0  0 1  1 0
   229  -.5928177722165138E-01   4   0 2  0 0  0 1  1 0
   230  -.1993810370922158E-07   4   1 0  1 0  0 1  1 0
   231  -.2715931430088933E-05   4   0 1  1 0  0 1  1 0
   232  -.4851861854490889E-02   4   0 0  2 0  0 1  1 0
   233  -.2667393190299777E-05   4   1 0  0 1  0 1  1 0
   234  -.7895559733162962E-06   4   0 1  0 1  0 1  1 0
   235  -.3589456173608314E-01   4   0 0  1 1  0 1  1 0
   236  -.6792943347376436E-01   4   0 0  0 2  0 1  1 0
   237  -.2283565097537957E-02   4   2 0  0 0  0 0  2 0
   238  0.1571315878477970E-01   4   1 1  0 0  0 0  2 0
   239  -.2974660018499835E-01   4   0 2  0 0  0 0  2 0
   240  -.7057835909630252E-08   4   1 0  1 0  0 0  2 0
   241  -.1364147558877857E-05   4   0 1  1 0  0 0  2 0
   242  -.2433762260828785E-02   4   0 0  2 0  0 0  2 0
   243  -.1335243616222346E-05   4   1 0  0 1  0 0  2 0
   244  -.3939978162125869E-06   4   0 1  0 1  0 0  2 0
   245  -.1800323440293470E-01   4   0 0  1 1  0 0  2 0
   246  -.3407040434655775E-01   4   0 0  0 2  0 0  2 0
   247  0.1838111389659322E-01   4   2 0  0 0  0 1  0 1
   248  -.6259054496000759E-01   4   1 1  0 0  0 1  0 1
   249  -.4644465258498334E-02   4   0 2  0 0  0 1  0 1
   250  0.6267831855134562E-07   4   1 0  1 0  0 1  0 1
   251  0.5378052845727808E-05   4   0 1  1 0  0 1  0 1
   252  0.1928407823185443E-01   4   0 0  2 0  0 1  0 1
   253  0.5383305770933540E-05   4   1 0  0 1  0 1  0 1
   254  0.6876224572786726E-06   4   0 1  0 1  0 1  0 1
   255  0.7175082727366106E-01   4   0 0  1 1  0 1  0 1
   256  0.3972958788468292E-02   4   0 0  0 2  0 1  0 1
   257  0.6046987473513617E-02   4   2 0  0 0  0 0  1 1
   258  -.2005479784760628E-01   4   1 1  0 0  0 0  1 1
   259  -.2348183858144589E-02   4   0 2  0 0  0 0  1 1
   260  0.2767330347404294E-07   4   1 0  1 0  0 0  1 1
   261  0.1797146485822481E-05   4   0 1  1 0  0 0  1 1
   262  0.6496972913693810E-02   4   0 0  2 0  0 0  1 1
   263  0.1778868967543422E-05   4   1 0  0 1  0 0  1 1
   264  0.3424037957270539E-06   4   0 1  0 1  0 0  1 1
   265  0.2462565567634896E-01   4   0 0  1 1  0 0  1 1
   266  0.1945497870624134E-02   4   0 0  0 2  0 0  1 1
   267  -.6036479554497256E-02   4   2 0  0 0  0 0  0 2
   268  -.1288201529133568E-02   4   1 1  0 0  0 0  0 2
   269  0.5220004569827137E-04   4   0 2  0 0  0 0  0 2
   270  -.3291131722684033E-07   4   1 0  1 0  0 0  0 2
   271  0.1325653024557894E-07   4   0 1  1 0  0 0  0 2
   272  -.6486458497028784E-02   4   0 0  2 0  0 0  0 2
   273  0.1241397997769794E-07   4   1 0  0 1  0 0  0 2
   274  0.2659803312228018E-08   4   0 1  0 1  0 0  0 2
   275  -.9879159080304505E-03   4   0 0  1 1  0 0  0 2
   276  0.8234920334418197E-04   4   0 0  0 2  0 0  0 2
   277  -.3058789026603078E-04   4   1 0  0 0  0 3  0 0
   278  0.1153036338675405E-03   4   0 1  0 0  0 3  0 0
   279  0.3487430989534501E-04   4   0 0  1 0  0 3  0 0
   280  0.1321228551360730E-03   4   0 0  0 1  0 3  0 0
   281  -.1260256582029362E-04   4   1 0  0 0  0 2  1 0
   282  0.4752054032312236E-04   4   0 1  0 0  0 2  1 0
   283  0.1541585554501260E-04   4   0 0  1 0  0 2  1 0
   284  0.5841698037370857E-04   4   0 0  0 1  0 2  1 0
   285  -.7486434849269993E-05   4   1 0  0 0  0 1  2 0
   286  0.2823705180907812E-04   4   0 1  0 0  0 1  2 0
   287  0.9325634072053202E-05   4   0 0  1 0  0 1  2 0
   288  0.3534600978363185E-04   4   0 0  0 1  0 1  2 0
   289  -.4225206785193970E-05   4   1 0  0 0  0 0  3 0
   290  0.1593193192536859E-04   4   0 1  0 0  0 0  3 0
   291  0.5163895282766618E-05   4   0 0  1 0  0 0  3 0
   292  0.1956804861941152E-04   4   0 0  0 1  0 0  3 0
   293  0.2565232163836062E-04   4   1 0  0 0  0 2  0 1
   294  0.3096824659380214E-05   4   0 1  0 0  0 2  0 1
   295  -.3042339089822868E-04   4   0 0  1 0  0 2  0 1
   296  -.2822668706644226E-05   4   0 0  0 1  0 2  0 1
   297  0.9620522955012163E-05   4   1 0  0 0  0 1  1 1
   298  0.2473522227607110E-05   4   0 1  0 0  0 1  1 1
   299  -.1274054276491620E-04   4   0 0  1 0  0 1  1 1
   300  -.2166051246781456E-05   4   0 0  0 1  0 1  1 1
   301  0.4828855980315411E-05   4   1 0  0 0  0 0  2 1
   302  0.1235719500964723E-05   4   0 1  0 0  0 0  2 1
   303  -.6388991296488555E-05   4   0 0  1 0  0 0  2 1
   304  -.1082297873409480E-05   4   0 0  0 1  0 0  2 1
   305  0.4350807511524390E-06   4   1 0  0 0  0 1  0 2
   306  -.5265414220148310E-07   4   0 1  0 0  0 1  0 2
   307  0.3982217243933236E-06   4   0 0  1 0  0 1  0 2
   308  -.6964404836305960E-07   4   0 0  0 1  0 1  0 2
   309  0.2837548737350699E-06   4   1 0  0 0  0 0  1 2
   310  -.3453063038216327E-07   4   0 1  0 0  0 0  1 2
   311  0.2443228611912494E-06   4   0 0  1 0  0 0  1 2
   312  -.4904949525845553E-07   4   0 0  0 1  0 0  1 2
   313  -.1129045157695315E-08   4   1 0  0 0  0 0  0 3
   314  -.1824927776117985E-09   4   0 1  0 0  0 0  0 3
   315  0.1438297009005780E-08   4   0 0  1 0  0 0  0 3
   316  0.1896354406569450E-09   4   0 0  0 1  0 0  0 3
   317  -.4642880303397419E-01   4   0 0  0 0  0 4  0 0
   318  0.2655359738157495E-01   4   0 0  0 0  0 3  1 0
   319  0.7982277754800012E-02   4   0 0  0 0  0 2  2 0
   320  0.5373766661924474E-02   4   0 0  0 0  0 1  3 0
   321  0.6519066953787496E-02   4   0 0  0 0  0 0  4 0
   322  -.4630488947801102E-09   4   0 0  0 0  0 3  0 1
   323  0.2533240913925627E-09   4   0 0  0 0  0 2  1 1
   324  0.5549903940021788E-10   4   0 0  0 0  0 1  2 1
   325  0.7728773460926101E-10   4   0 0  0 0  0 0  3 1
   326  -.2213922418435254E-11   4   0 0  0 0  0 2  0 2
   327  0.3629927576595924E-10   4   0 0  0 0  0 1  1 2
   328  0.1960515717417278E-10   4   0 0  0 0  0 0  2 2
   329  0.2076634623734581E-13   4   0 0  0 0  0 1  0 3
   330  -.2736969292410004E-13   4   0 0  0 0  0 0  1 3
   ----------------------------------------------------
     I  COEFFICIENT            ORDER EXPONENTS
     1   1.000000000000000       1   0 0  0 0  0 1  0 0
     --------------------------------------------------
     I  COEFFICIENT            ORDER EXPONENTS
     1   1.000000000000000       1   0 0  0 0  0 0  1 0
     --------------------------------------------------
     I  COEFFICIENT            ORDER EXPONENTS
     1   1.000000000000000       1   0 0  0 0  0 0  0 1
     --------------------------------------------------
