     I  COEFFICIENT            ORDER EXPONENTS
     1  0.8985438083728082E-04   0   0 0  0 0  0 0  0 0
     2  0.9999985248425296       1   1 0  0 0  0 0  0 0
     3  0.2599998379319053       1   0 1  0 0  0 0  0 0
     4  0.1091529146633649E-05   1   0 0  1 0  0 0  0 0
     5  0.9798085614796709E-07   1   0 0  0 1  0 0  0 0
     6  0.1185714198724606E-10   1   0 0  0 0  0 1  0 0
     7  0.1181754429336467E-10   1   0 0  0 0  0 0  1 0
     8  -.2367467974082338E-10   1   0 0  0 0  0 0  0 1
     9  -.1547225156733658E-01   2   2 0  0 0  0 0  0 0
    10  -.1762932915089848E-02   2   1 1  0 0  0 0  0 0
    11  -.1146210432355143E-03   2   0 2  0 0  0 0  0 0
    12  0.1960761840708930E-04   2   1 0  1 0  0 0  0 0
    13  0.1189095125232749E-05   2   0 1  1 0  0 0  0 0
    14  0.1547225748957320E-01   2   0 0  2 0  0 0  0 0
    15  0.1117099517865073E-05   2   1 0  0 1  0 0  0 0
    16  0.1641643732324663E-06   2   0 1  0 1  0 0  0 0
    17  0.1762894365668854E-02   2   0 0  1 1  0 0  0 0
    18  0.1146108264566522E-03   2   0 0  0 2  0 0  0 0
    19  0.7388113498045417E-06   2   1 0  0 0  0 1  0 0
    20  -.1302172895183737       2   0 1  0 0  0 1  0 0
    21  -.5155551428390609E-06   2   0 0  1 0  0 1  0 0
    22  -.9005296419025148E-07   2   0 0  0 1  0 1  0 0
    23  0.7363440382554457E-06   2   1 0  0 0  0 0  1 0
    24  -.1297824198829860       2   0 1  0 0  0 0  1 0
    25  -.5138334108185229E-06   2   0 0  1 0  0 0  1 0
    26  -.8975222609442098E-07   2   0 0  0 1  0 0  1 0
    27  -.1475156771673469E-05   2   1 0  0 0  0 0  0 1
    28  -.1285310978062661E-06   2   0 1  0 0  0 0  0 1
    29  0.1029389216616457E-05   2   0 0  1 0  0 0  0 1
    30  0.8182448310635821E-07   2   0 0  0 1  0 0  0 1
    31  -.2169518776219385E-10   2   0 0  0 0  0 2  0 0
    32  -.2129332898546620E-10   2   0 0  0 0  0 1  1 0
    33  -.2158717979989082E-10   2   0 0  0 0  0 0  2 0
    34  0.1185713873737162E-10   2   0 0  0 0  0 1  0 1
    35  0.1181754100332376E-10   2   0 0  0 0  0 0  1 1
    36  0.8855763903277563E-04   3   3 0  0 0  0 0  0 0
    37  -.1140820933473086E-04   3   2 1  0 0  0 0  0 0
    38  -.5730814017093474E-05   3   1 2  0 0  0 0  0 0
    39  0.1299992026234209       3   0 3  0 0  0 0  0 0
    40  0.3209823961698401E-04   3   2 0  1 0  0 0  0 0
    41  -.5492879108608591E-05   3   1 1  1 0  0 0  0 0
    42  0.1254696944860073E-05   3   0 2  1 0  0 0  0 0
    43  0.6262705866832002E-05   3   1 0  2 0  0 0  0 0
    44  -.1080094889694911E-04   3   0 1  2 0  0 0  0 0
    45  -.1073843150797184E-04   3   0 0  3 0  0 0  0 0
    46  0.2779811517554918E-05   3   2 0  0 1  0 0  0 0
    47  0.1265411102933839E-05   3   1 1  0 1  0 0  0 0
    48  0.1587730785690706E-06   3   0 2  0 1  0 0  0 0
    49  0.1676897133283623E-04   3   1 0  1 1  0 0  0 0
    50  -.3741509406365352E-06   3   0 1  1 1  0 0  0 0
    51  0.8239813108156493E-05   3   0 0  2 1  0 0  0 0
    52  -.2135174505689377E-05   3   1 0  0 2  0 0  0 0
    53  0.1299996508219008       3   0 1  0 2  0 0  0 0
    54  0.2639522201863645E-05   3   0 0  1 2  0 0  0 0
    55  0.3100196718543033E-06   3   0 0  0 3  0 0  0 0
    56  0.7749053643892342E-02   3   2 0  0 0  0 1  0 0
    57  0.1765855685413301E-02   3   1 1  0 0  0 1  0 0
    58  0.1722128379236015E-03   3   0 2  0 0  0 1  0 0
    59  -.9821378496478537E-05   3   1 0  1 0  0 1  0 0
    60  -.1152628101979279E-05   3   0 1  1 0  0 1  0 0
    61  -.7749062905198787E-02   3   0 0  2 0  0 1  0 0
    62  -.1119101965988758E-05   3   1 0  0 1  0 1  0 0
    63  -.2369455723415728E-06   3   0 1  0 1  0 1  0 0
    64  -.1765840113834983E-02   3   0 0  1 1  0 1  0 0
    65  -.1722033264268393E-03   3   0 0  0 2  0 1  0 0
    66  0.7723175143846952E-02   3   2 0  0 0  0 0  1 0
    67  0.1759958488344190E-02   3   1 1  0 0  0 0  1 0
    68  0.1716377212528791E-03   3   0 2  0 0  0 0  1 0
    69  -.9788579324405778E-05   3   1 0  1 0  0 0  1 0
    70  -.1148778820794644E-05   3   0 1  1 0  0 0  1 0
    71  -.7723184374224622E-02   3   0 0  2 0  0 0  1 0
    72  -.1115364647651636E-05   3   1 0  0 1  0 0  1 0
    73  -.2361542762315457E-06   3   0 1  0 1  0 0  1 0
    74  -.1759942968768350E-02   3   0 0  1 1  0 0  1 0
    75  -.1716282415204775E-03   3   0 0  0 2  0 0  1 0
    76  -.1547223931630654E-01   3   2 0  0 0  0 0  0 1
    77  -.1762891476516574E-02   3   1 1  0 0  0 0  0 1
    78  -.1146106245342575E-03   3   0 2  0 0  0 0  0 1
    79  0.1961155842264771E-04   3   1 0  1 0  0 0  0 1
    80  0.1114852024181539E-05   3   0 1  1 0  0 0  0 1
    81  0.1547225380872874E-01   3   0 0  2 0  0 0  0 1
    82  0.1116997118123865E-05   3   1 0  0 1  0 0  0 1
    83  0.1451031592605978E-06   3   0 1  0 1  0 0  0 1
    84  0.1762892982678520E-02   3   0 0  1 1  0 0  0 1
    85  0.1146105976419170E-03   3   0 0  0 2  0 0  0 1
    86  -.5538021624784206E-06   3   1 0  0 0  0 2  0 0
    87  0.9760875355533363E-01   3   0 1  0 0  0 2  0 0
    88  0.3864524928686945E-06   3   0 0  1 0  0 2  0 0
    89  0.5768086213624581E-07   3   0 0  0 1  0 2  0 0
    90  -.3700204067411135E-06   3   1 0  0 0  0 1  1 0
    91  0.6521663801516155E-01   3   0 1  0 0  0 1  1 0
    92  0.2582064199200852E-06   3   0 0  1 0  0 1  1 0
    93  0.4963087418286456E-07   3   0 0  0 1  0 1  1 0
    94  -.5513348475935030E-06   3   1 0  0 0  0 0  2 0
    95  0.9717388464448416E-01   3   0 1  0 0  0 0  2 0
    96  0.3847307591222986E-06   3   0 0  1 0  0 0  2 0
    97  0.5740536007896850E-07   3   0 0  0 1  0 0  2 0
    98  0.7388119751474172E-06   3   1 0  0 0  0 1  0 1
    99  0.1287459291660673E-06   3   0 1  0 0  0 1  0 1
   100  -.5155554547483323E-06   3   0 0  1 0  0 1  0 1
   101  -.8196138835279203E-07   3   0 0  0 1  0 1  0 1
   102  0.7363446615099458E-06   3   1 0  0 0  0 0  1 1
   103  0.1283159732403081E-06   3   0 1  0 0  0 0  1 1
   104  -.5138337216861516E-06   3   0 0  1 0  0 0  1 1
   105  -.8168767263353882E-07   3   0 0  0 1  0 0  1 1
   106  -.2976734689898704E-10   3   0 0  0 0  0 3  0 0
   107  -.5721397841745330E-10   3   0 0  0 0  0 2  1 0
   108  -.5707599047328940E-10   3   0 0  0 0  0 1  2 0
   109  -.2952301618863279E-10   3   0 0  0 0  0 0  3 0
   110  0.2110651420124704E-10   3   0 0  0 0  0 2  0 1
   111  0.2729258427386541E-10   3   0 0  0 0  0 1  1 1
   112  0.2099045480332776E-10   3   0 0  0 0  0 0  2 1
   113  0.1051732581423411E-03   4   4 0  0 0  0 0  0 0
   114  -.5937702303020348E-01   4   3 1  0 0  0 0  0 0
   115  -.3477576309962942E-01   4   2 2  0 0  0 0  0 0
   116  -.6909589815322500E-02   4   1 3  0 0  0 0  0 0
   117  -.7197360087282965E-03   4   0 4  0 0  0 0  0 0
   118  0.2932842331718944E-06   4   3 0  1 0  0 0  0 0
   119  0.3778241109497899E-04   4   2 1  1 0  0 0  0 0
   120  0.3429297117774590E-04   4   1 2  1 0  0 0  0 0
   121  0.2980248466695791E-05   4   0 3  1 0  0 0  0 0
   122  0.2129936693220074E-03   4   2 0  2 0  0 0  0 0
   123  -.5937681503332629E-01   4   1 1  2 0  0 0  0 0
   124  0.1935260437215861E-01   4   0 2  2 0  0 0  0 0
   125  -.1212180606490905E-05   4   1 0  3 0  0 0  0 0
   126  0.3757984715105094E-04   4   0 1  3 0  0 0  0 0
   127  -.1777374552529483E-03   4   0 0  4 0  0 0  0 0
   128  0.3768365051196169E-04   4   3 0  0 1  0 0  0 0
   129  0.1470122371969411E-04   4   2 1  0 1  0 0  0 0
   130  0.6372027443127599E-05   4   1 2  0 1  0 0  0 0
   131  -.6935600683543823E-04   4   0 3  0 1  0 0  0 0
   132  0.5974651300360020E-01   4   2 0  1 1  0 0  0 0
   133  0.1554843426349371E-01   4   1 1  1 1  0 0  0 0
   134  0.3285880399067900E-02   4   0 2  1 1  0 0  0 0
   135  0.3697496709027326E-04   4   1 0  2 1  0 0  0 0
   136  0.4812605593441732E-05   4   0 1  2 1  0 0  0 0
   137  0.5925312070831757E-01   4   0 0  3 1  0 0  0 0
   138  -.1157830898889052E-01   4   2 0  0 2  0 0  0 0
   139  -.6217974492126833E-03   4   1 1  0 2  0 0  0 0
   140  -.2877115663665958E-04   4   0 2  0 2  0 0  0 0
   141  0.2438219939712045E-04   4   1 0  1 2  0 0  0 0
   142  0.4704768947410553E-05   4   0 1  1 2  0 0  0 0
   143  0.2700139062283862E-01   4   0 0  2 2  0 0  0 0
   144  0.2385455959817747E-05   4   1 0  0 3  0 0  0 0
   145  -.6950333950496321E-04   4   0 1  0 3  0 0  0 0
   146  0.6021531808741020E-02   4   0 0  1 3  0 0  0 0
   147  0.4597654137212191E-03   4   0 0  0 4  0 0  0 0
   148  -.9891235525735331E-04   4   3 0  0 0  0 1  0 0
   149  -.3046436335067753E-04   4   2 1  0 0  0 1  0 0
   150  -.8266261070323131E-05   4   1 2  0 0  0 1  0 0
   151  -.1953268883569811       4   0 3  0 0  0 1  0 0
   152  -.5299592191939126E-05   4   2 0  1 0  0 1  0 0
   153  0.7004280032420069E-05   4   1 1  1 0  0 1  0 0
   154  0.6429641342097961E-06   4   0 2  1 0  0 1  0 0
   155  -.5769641712230778E-04   4   1 0  2 0  0 1  0 0
   156  0.3249791697953878E-04   4   0 1  2 0  0 1  0 0
   157  0.1605284447384618E-04   4   0 0  3 0  0 1  0 0
   158  -.7652262173338534E-05   4   2 0  0 1  0 1  0 0
   159  -.1801907224099049E-05   4   1 1  0 1  0 1  0 0
   160  -.4068307190135528E-07   4   0 2  0 1  0 1  0 0
   161  -.9387140679455434E-05   4   1 0  1 1  0 1  0 0
   162  0.5615330433874451E-05   4   0 1  1 1  0 1  0 0
   163  0.1043067337042886E-04   4   0 0  2 1  0 1  0 0
   164  0.2358007763774554E-05   4   1 0  0 2  0 1  0 0
   165  -.1953252076110820       4   0 1  0 2  0 1  0 0
   166  0.4409877485901545E-05   4   0 0  1 2  0 1  0 0
   167  0.5374315951312618E-06   4   0 0  0 3  0 1  0 0
   168  -.9858203061284826E-04   4   3 0  0 0  0 0  1 0
   169  -.3036262550430019E-04   4   2 1  0 0  0 0  1 0
   170  -.8238655320328973E-05   4   1 2  0 0  0 0  1 0
   171  -.1946745807176849       4   0 3  0 0  0 0  1 0
   172  -.5281893837651965E-05   4   2 0  1 0  0 0  1 0
   173  0.6980888755308400E-05   4   1 1  1 0  0 0  1 0
   174  0.6408169110594791E-06   4   0 2  1 0  0 0  1 0
   175  -.5750373595094439E-04   4   1 0  2 0  0 0  1 0
   176  0.3238938794038781E-04   4   0 1  2 0  0 0  1 0
   177  0.1599923489059426E-04   4   0 0  3 0  0 0  1 0
   178  -.7626706915096569E-05   4   2 0  0 1  0 0  1 0
   179  -.1795889630425888E-05   4   1 1  0 1  0 0  1 0
   180  -.4054720797173113E-07   4   0 2  0 1  0 0  1 0
   181  -.9355791674458734E-05   4   1 0  1 1  0 0  1 0
   182  0.5596577649868063E-05   4   0 1  1 1  0 0  1 0
   183  0.1039583941602680E-04   4   0 0  2 1  0 0  1 0
   184  0.2350133033961923E-05   4   1 0  0 2  0 0  1 0
   185  -.1946729055847529       4   0 1  0 2  0 0  1 0
   186  0.4395150395347861E-05   4   0 0  1 2  0 0  1 0
   187  0.5356368051867826E-06   4   0 0  0 3  0 0  1 0
   188  0.1769820971016770E-03   4   3 0  0 0  0 0  0 1
   189  0.1918238741419550E-04   4   2 1  0 0  0 0  0 1
   190  0.2586009147217186E-05   4   1 2  0 0  0 0  0 1
   191  0.2334061997017108E-06   4   0 3  0 0  0 0  0 1
   192  0.2133504731485951E-04   4   2 0  1 0  0 0  0 1
   193  -.5583157383101467E-05   4   1 1  1 0  0 0  0 1
   194  -.2300061853541013E-06   4   0 2  1 0  0 0  0 1
   195  0.9468767019360501E-04   4   1 0  2 0  0 0  0 1
   196  -.2899376097667641E-04   4   0 1  2 0  0 0  0 1
   197  -.2138716916786198E-04   4   0 0  3 0  0 0  0 1
   198  0.5560599007810834E-05   4   2 0  0 1  0 0  0 1
   199  0.1126213812387529E-05   4   1 1  0 1  0 0  0 1
   200  0.8453896172740302E-07   4   0 2  0 1  0 0  0 1
   201  0.1608600116731309E-04   4   1 0  1 1  0 0  0 1
   202  -.2774108459307216E-05   4   0 1  1 1  0 0  0 1
   203  -.5558423062939022E-05   4   0 0  2 1  0 0  0 1
   204  -.2374421548752176E-05   4   1 0  0 2  0 0  0 1
   205  -.4105320755708661E-06   4   0 1  0 2  0 0  0 1
   206  -.1851989267770881E-05   4   0 0  1 2  0 0  0 1
   207  -.1673952342402200E-06   4   0 0  0 3  0 0  0 1
   208  -.5808580596405363E-02   4   2 0  0 0  0 2  0 0
   209  -.1765857534256504E-02   4   1 1  0 0  0 2  0 0
   210  -.4685459685678317E-03   4   0 2  0 0  0 2  0 0
   211  0.7357899148529960E-05   4   1 0  1 0  0 2  0 0
   212  0.1144452771939244E-05   4   0 1  1 0  0 2  0 0
   213  0.5808583245775113E-02   4   0 0  2 0  0 2  0 0
   214  0.1119750541555103E-05   4   1 0  0 1  0 2  0 0
   215  -.8752175978836110E-04   4   0 1  0 1  0 2  0 0
   216  0.1765845631350787E-02   4   0 0  1 1  0 2  0 0
   217  0.1309237668477761E-03   4   0 0  0 2  0 2  0 0
   218  -.3880975325454815E-02   4   2 0  0 0  0 1  1 0
   219  -.1765840635143349E-02   4   1 1  0 0  0 1  1 0
   220  -.5617488745973397E-03   4   0 2  0 0  0 1  1 0
   221  0.4916031329192496E-05   4   1 0  1 0  0 1  1 0
   222  0.1135984988013247E-05   4   0 1  1 0  0 1  1 0
   223  0.3880976447234011E-02   4   0 0  2 0  0 1  1 0
   224  0.1119870895226049E-05   4   1 0  0 1  0 1  1 0
   225  -.1049355299323141E-03   4   0 1  0 1  0 1  1 0
   226  0.1765831966539305E-02   4   0 0  1 1  0 1  1 0
   227  0.1569676439577961E-03   4   0 0  0 2  0 1  1 0
   228  -.5782702047551299E-02   4   2 0  0 0  0 0  2 0
   229  -.1757011757609526E-02   4   1 1  0 0  0 0  2 0
   230  -.4660432273435475E-03   4   0 2  0 0  0 0  2 0
   231  0.7325118222805216E-05   4   1 0  1 0  0 0  2 0
   232  0.1138733942663379E-05   4   0 1  1 0  0 0  2 0
   233  0.5782704686200144E-02   4   0 0  2 0  0 0  2 0
   234  0.1114141114140487E-05   4   1 0  0 1  0 0  2 0
   235  -.8705425509814631E-04   4   0 1  0 1  0 0  2 0
   236  0.1756999908929126E-02   4   0 0  1 1  0 0  2 0
   237  0.1302244357365473E-03   4   0 0  0 2  0 0  2 0
   238  0.7749065720411316E-02   4   2 0  0 0  0 1  0 1
   239  0.1765838579532465E-02   4   1 1  0 0  0 1  0 1
   240  0.1722031468540435E-03   4   0 2  0 0  0 1  0 1
   241  -.9816153125506368E-05   4   1 0  1 0  0 1  0 1
   242  -.1117146784939906E-05   4   0 1  1 0  0 1  0 1
   243  -.7749068753749654E-02   4   0 0  2 0  0 1  0 1
   244  -.1119683982606432E-05   4   1 0  0 1  0 1  0 1
   245  -.2180897131893510E-06   4   0 1  0 1  0 1  0 1
   246  -.1765840785859540E-02   4   0 0  1 1  0 1  0 1
   247  -.1722036203978084E-03   4   0 0  0 2  0 1  0 1
   248  0.7723187180035556E-02   4   2 0  0 0  0 0  1 1
   249  0.1759941439589625E-02   4   1 1  0 0  0 0  1 1
   250  0.1716280625472890E-03   4   0 2  0 0  0 0  1 1
   251  -.9783371403921026E-05   4   1 0  1 0  0 0  1 1
   252  -.1113415996065000E-05   4   0 1  1 0  0 0  1 1
   253  -.7723190203243851E-02   4   0 0  2 0  0 0  1 1
   254  -.1115944720584616E-05   4   1 0  0 1  0 0  1 1
   255  -.2173613875239633E-06   4   0 1  0 1  0 0  1 1
   256  -.1759943638548635E-02   4   0 0  1 1  0 0  1 1
   257  -.1716285345097105E-03   4   0 0  0 2  0 0  1 1
   258  -.7931558904756482E-14   4   2 0  0 0  0 0  0 2
   259  -.1727656782223568E-14   4   1 1  0 0  0 0  0 2
   260  -.1794454271594013E-15   4   0 2  0 0  0 0  0 2
   261  0.1700789259384505E-13   4   1 0  1 0  0 0  0 2
   262  0.2364380377077692E-14   4   0 1  1 0  0 0  0 2
   263  -.4562759310146149E-14   4   0 0  2 0  0 0  0 2
   264  0.1640797153075586E-14   4   1 0  0 1  0 0  0 2
   265  0.1677222019540069E-15   4   0 1  0 1  0 0  0 2
   266  -.1485824529945221E-14   4   0 0  1 1  0 0  0 2
   267  -.4195247080009739E-06   4   1 0  0 0  0 3  0 0
   268  -.8133174293560669E-01   4   0 1  0 0  0 3  0 0
   269  0.2185754763151719E-06   4   0 0  1 0  0 3  0 0
   270  0.4907627394390969E-07   4   0 0  0 1  0 3  0 0
   271  -.4956504385443218E-06   4   1 0  0 0  0 2  1 0
   272  -.4883215036639049E-01   4   0 1  0 0  0 2  1 0
   273  0.2582376147230422E-06   4   0 0  1 0  0 2  1 0
   274  0.5063431103502020E-07   4   0 0  0 1  0 2  1 0
   275  -.4952620795755683E-06   4   1 0  0 0  0 1  2 0
   276  -.4899359171324168E-01   4   0 1  0 0  0 1  2 0
   277  0.2580352764145083E-06   4   0 0  1 0  0 1  2 0
   278  0.5062568527520682E-07   4   0 0  0 1  0 1  2 0
   279  -.4165983026741193E-06   4   1 0  0 0  0 0  3 0
   280  -.8084305812344501E-01   4   0 1  0 0  0 0  3 0
   281  0.2170507973120143E-06   4   0 0  1 0  0 0  3 0
   282  0.4874616841154010E-07   4   0 0  0 1  0 0  3 0
   283  0.3813975235938189E-06   4   1 0  0 0  0 2  0 1
   284  0.6945467252536768E-07   4   0 1  0 0  0 2  0 1
   285  -.1987109380941807E-06   4   0 0  1 0  0 2  0 1
   286  -.3618638221808866E-07   4   0 0  0 1  0 2  0 1
   287  0.4572658915130437E-06   4   1 0  0 0  0 1  1 1
   288  0.9904993569725254E-07   4   0 1  0 0  0 1  1 1
   289  -.2382390215390344E-06   4   0 0  1 0  0 1  1 1
   290  -.5160578334516277E-07   4   0 0  0 1  0 1  1 1
   291  0.3793602846928499E-06   4   1 0  0 0  0 0  2 1
   292  0.6905733171325013E-07   4   0 1  0 0  0 0  2 1
   293  -.1976495212865986E-06   4   0 0  1 0  0 0  2 1
   294  -.3597936478151262E-07   4   0 0  0 1  0 0  2 1
   295  -.2459174808827573E-04   4   0 0  0 0  0 4  0 0
   296  -.1405784953317241E-04   4   0 0  0 0  0 3  1 0
   297  -.1266351478068581E-04   4   0 0  0 0  0 2  2 0
   298  -.1413223645300497E-04   4   0 0  0 0  0 1  3 0
   299  -.2440427418035768E-04   4   0 0  0 0  0 0  4 0
   300  -.1801730924458803E-11   4   0 0  0 0  0 3  0 1
   301  0.1681914415988682E-10   4   0 0  0 0  0 2  1 1
   302  0.1672589575283755E-10   4   0 0  0 0  0 1  2 1
   303  -.1820696008031298E-11   4   0 0  0 0  0 0  3 1
   ----------------------------------------------------
     I  COEFFICIENT            ORDER EXPONENTS
     1  -.3842617869085546E-07   0   0 0  0 0  0 0  0 0
     2  -.1735274114878821E-04   1   1 0  0 0  0 0  0 0
     3  0.9999969634421072       1   0 1  0 0  0 0  0 0
     4  0.1104723843763454E-04   1   0 0  1 0  0 0  0 0
     5  0.1905032217942116E-05   1   0 0  0 1  0 0  0 0
     6  -.1900732650466250E-07   1   0 0  0 0  0 1  0 0
     7  -.1894385022447391E-07   1   0 0  0 0  0 0  1 0
     8  -.4750019336230643E-09   1   0 0  0 0  0 0  0 1
     9  -.1190169747608387       2   2 0  0 0  0 0  0 0
    10  -.3094439421312660E-01   2   1 1  0 0  0 0  0 0
    11  -.3141307605447289E-02   2   0 2  0 0  0 0  0 0
    12  0.1509933477214991E-03   2   1 0  1 0  0 0  0 0
    13  0.1960076793276543E-04   2   0 1  1 0  0 0  0 0
    14  0.1190172431360222       2   0 0  2 0  0 0  0 0
    15  0.1962928325642024E-04   2   1 0  0 1  0 0  0 0
    16  0.3981865689809434E-05   2   0 1  0 1  0 0  0 0
    17  0.3094448455156775E-01   2   0 0  1 1  0 0  0 0
    18  0.3141352364025685E-02   2   0 0  0 2  0 0  0 0
    19  -.1183437791724259E-10   2   1 0  0 0  0 1  0 0
    20  0.1520816689941221E-05   2   0 1  0 0  0 1  0 0
    21  -.1717847466797354E-11   2   0 0  1 0  0 1  0 0
    22  -.9229886849866512E-06   2   0 0  0 1  0 1  0 0
    23  -.1179485609646966E-10   2   1 0  0 0  0 0  1 0
    24  0.1515737817311210E-05   2   0 1  0 0  0 0  1 0
    25  -.1712110660892961E-11   2   0 0  1 0  0 0  1 0
    26  -.9199063005015656E-06   2   0 0  0 1  0 0  1 0
    27  -.1735271780873046E-04   2   1 0  0 0  0 0  0 1
    28  -.3036555057973045E-05   2   0 1  0 0  0 0  0 1
    29  0.1104724220630481E-04   2   0 0  1 0  0 0  0 1
    30  0.1842894187492628E-05   2   0 0  0 1  0 0  0 1
    31  0.4728040427833646E-08   2   0 0  0 0  0 2  0 0
    32  -.9456083539006700E-08   2   0 0  0 0  0 1  1 0
    33  0.4728040433095097E-08   2   0 0  0 0  0 0  2 0
    34  0.1006590622391582E-14   2   0 0  0 0  0 1  0 1
    35  0.1003229054994261E-14   2   0 0  0 0  0 0  1 1
    36  0.1557905727582924E-02   3   3 0  0 0  0 0  0 0
    37  0.4115911220941737E-03   3   2 1  0 0  0 0  0 0
    38  0.4850162037620952E-04   3   1 2  0 0  0 0  0 0
    39  0.2530620027017263E-05   3   0 3  0 0  0 0  0 0
    40  0.8227263273274065E-06   3   2 0  1 0  0 0  0 0
    41  -.6378725666745569E-04   3   1 1  1 0  0 0  0 0
    42  -.5545989870902677E-05   3   0 2  1 0  0 0  0 0
    43  0.1557914061280833E-02   3   1 0  2 0  0 0  0 0
    44  -.1391187139040467E-03   3   0 1  2 0  0 0  0 0
    45  -.1156845672293751E-05   3   0 0  3 0  0 0  0 0
    46  -.3185242949104272E-04   3   2 0  0 1  0 0  0 0
    47  -.2212744931361137E-04   3   1 1  0 1  0 0  0 0
    48  -.2073371403108103E-05   3   0 2  0 1  0 0  0 0
    49  0.7977183896877561E-03   3   1 0  1 1  0 0  0 0
    50  0.5078994662188317E-04   3   0 1  1 1  0 0  0 0
    51  0.3129719281171680E-04   3   0 0  2 1  0 0  0 0
    52  0.2721735292762922E-04   3   1 0  0 2  0 0  0 0
    53  0.2973523875922716E-05   3   0 1  0 2  0 0  0 0
    54  0.5419620052656275E-05   3   0 0  1 2  0 0  0 0
    55  0.1297183838916510E-05   3   0 0  0 3  0 0  0 0
    56  -.1393884518565506E-06   3   2 0  0 0  0 1  0 0
    57  0.1549804909990652E-01   3   1 1  0 0  0 1  0 0
    58  0.3146567760543926E-02   3   0 2  0 0  0 1  0 0
    59  -.1038136713317752E-06   3   1 0  1 0  0 1  0 0
    60  -.9812769775746084E-05   3   0 1  1 0  0 1  0 0
    61  0.1552973829842514E-07   3   0 0  2 0  0 1  0 0
    62  -.9855977243724346E-05   3   1 0  0 1  0 1  0 0
    63  -.3992495757118664E-05   3   0 1  0 1  0 1  0 0
    64  -.1549813411526919E-01   3   0 0  1 1  0 1  0 0
    65  -.3146598882305898E-02   3   0 0  0 2  0 1  0 0
    66  -.1389229544932791E-06   3   2 0  0 0  0 0  1 0
    67  0.1544629229413838E-01   3   1 1  0 0  0 0  1 0
    68  0.3136059580103363E-02   3   0 2  0 0  0 0  1 0
    69  -.1034669784036261E-06   3   1 0  1 0  0 0  1 0
    70  -.9779999353091141E-05   3   0 1  1 0  0 0  1 0
    71  0.1547787567783899E-07   3   0 0  2 0  0 0  1 0
    72  -.9823062526744786E-05   3   1 0  0 1  0 0  1 0
    73  -.3979162541686191E-05   3   0 1  0 1  0 0  1 0
    74  -.1544637702558643E-01   3   0 0  1 1  0 0  1 0
    75  -.3136090597931944E-02   3   0 0  0 2  0 0  1 0
    76  -.1190166886000531       3   2 0  0 0  0 0  0 1
    77  -.3094433628356072E-01   3   1 1  0 0  0 0  0 1
    78  -.3141321262258556E-02   3   0 2  0 0  0 0  0 1
    79  0.1511932912754617E-03   3   1 0  1 0  0 0  0 1
    80  0.1959508322899143E-04   3   0 1  1 0  0 0  0 1
    81  0.1190172147138149       3   0 0  2 0  0 0  0 1
    82  0.1966288474005236E-04   3   1 0  0 1  0 0  0 1
    83  0.3985374739859898E-05   3   0 1  0 1  0 0  0 1
    84  0.3094451282815430E-01   3   0 0  1 1  0 0  0 1
    85  0.3141335856032670E-02   3   0 0  0 2  0 0  0 1
    86  -.1797685726777098E-10   3   1 0  0 0  0 2  0 0
    87  -.1139986795161985E-05   3   0 1  0 0  0 2  0 0
    88  -.2588830409351943E-11   3   0 0  1 0  0 2  0 0
    89  0.6918555657610339E-06   3   0 0  0 1  0 2  0 0
    90  -.2316176900357868E-10   3   1 0  0 0  0 1  1 0
    91  -.7616790041782088E-06   3   0 1  0 0  0 1  1 0
    92  -.3146225804454255E-11   3   0 0  1 0  0 1  1 0
    93  0.4622578788104882E-06   3   0 0  0 1  0 1  1 0
    94  -.1787814629454247E-10   3   1 0  0 0  0 0  2 0
    95  -.1134907890750329E-05   3   0 1  0 0  0 0  2 0
    96  -.2575010645610001E-11   3   0 0  1 0  0 0  2 0
    97  0.6887731952983797E-06   3   0 0  0 1  0 0  2 0
    98  0.2580869640735312E-10   3   1 0  0 0  0 1  0 1
    99  0.1520823428114471E-05   3   0 1  0 0  0 1  0 1
   100  0.3589907211184274E-11   3   0 0  1 0  0 1  0 1
   101  -.9229856643311552E-06   3   0 0  0 1  0 1  0 1
   102  0.2572250657802517E-10   3   1 0  0 0  0 0  1 1
   103  0.1515744533198817E-05   3   0 1  0 0  0 0  1 1
   104  0.3577918405139711E-11   3   0 0  1 0  0 0  1 1
   105  -.9199032899337070E-06   3   0 0  0 1  0 0  1 1
   106  -.2695399263389033E-08   3   0 0  0 0  0 3  0 0
   107  0.2069870071645917E-08   3   0 0  0 0  0 2  1 0
   108  0.2046044243209938E-08   3   0 0  0 0  0 1  2 0
   109  -.2685341800878482E-08   3   0 0  0 0  0 0  3 0
   110  0.3381492986422858E-09   3   0 0  0 0  0 2  0 1
   111  0.3168058170666402E-09   3   0 0  0 0  0 1  1 1
   112  0.3364910290957026E-09   3   0 0  0 0  0 0  2 1
   113  0.2635870719676438E-02   4   4 0  0 0  0 0  0 0
   114  0.2329119971672780E-02   4   3 1  0 0  0 0  0 0
   115  0.8997400609431878E-01   4   2 2  0 0  0 0  0 0
   116  0.7834817392188978E-02   4   1 3  0 0  0 0  0 0
   117  -.7804222890968861E-03   4   0 4  0 0  0 0  0 0
   118  -.2205186949497547E-05   4   3 0  1 0  0 0  0 0
   119  -.6284574676886623E-06   4   2 1  1 0  0 0  0 0
   120  -.3789918632972918E-04   4   1 2  1 0  0 0  0 0
   121  0.4887324666495108E-05   4   0 3  1 0  0 0  0 0
   122  0.5363467294028083E-02   4   2 0  2 0  0 0  0 0
   123  0.2341313307421833E-02   4   1 1  2 0  0 0  0 0
   124  0.2999197814787376E-01   4   0 2  2 0  0 0  0 0
   125  -.6731296405775628E-05   4   1 0  3 0  0 0  0 0
   126  -.1197615673125253E-05   4   0 1  3 0  0 0  0 0
   127  -.4417165003094481E-02   4   0 0  4 0  0 0  0 0
   128  -.3069608756690046E-06   4   3 0  0 1  0 0  0 0
   129  -.1133891586317690E-03   4   2 1  0 1  0 0  0 0
   130  -.2456210790926456E-04   4   1 2  0 1  0 0  0 0
   131  -.1881468434279343E-08   4   0 3  0 1  0 0  0 0
   132  0.3207821223938529E-02   4   2 0  1 1  0 0  0 0
   133  -.1178276067386815       4   1 1  1 1  0 0  0 0
   134  0.7852397732577837E-02   4   0 2  1 1  0 0  0 0
   135  -.4422641467619271E-05   4   1 0  2 1  0 0  0 0
   136  -.3860799543739324E-04   4   0 1  2 1  0 0  0 0
   137  -.4171849044998633E-02   4   0 0  3 1  0 0  0 0
   138  -.8890623144058536E-01   4   2 0  0 2  0 0  0 0
   139  -.5401905147149518E-01   4   1 1  0 2  0 0  0 0
   140  -.4700193083826153E-02   4   0 2  0 2  0 0  0 0
   141  0.3673899596896828E-04   4   1 0  1 2  0 0  0 0
   142  0.4691224182367865E-05   4   0 1  1 2  0 0  0 0
   143  -.3105846839805215E-01   4   0 0  2 2  0 0  0 0
   144  0.1464197821343376E-04   4   1 0  0 3  0 0  0 0
   145  0.3968076391390022E-05   4   0 1  0 3  0 0  0 0
   146  0.7554191125847699E-02   4   0 0  1 3  0 0  0 0
   147  0.2347172045760037E-02   4   0 0  0 4  0 0  0 0
   148  -.7793030131865186E-03   4   3 0  0 0  0 1  0 0
   149  -.3804803607900459E-03   4   2 1  0 0  0 1  0 0
   150  -.5707547386208793E-04   4   1 2  0 0  0 1  0 0
   151  -.7331639469951553E-05   4   0 3  0 0  0 1  0 0
   152  0.2878801894395777E-06   4   2 0  1 0  0 1  0 0
   153  0.1075690289341251E-04   4   1 1  1 0  0 1  0 0
   154  0.9064330406927151E-05   4   0 2  1 0  0 1  0 0
   155  -.7793010694477345E-03   4   1 0  2 0  0 1  0 0
   156  0.1911668486580866E-03   4   0 1  2 0  0 1  0 0
   157  -.3763545180036235E-06   4   0 0  3 0  0 1  0 0
   158  -.1606819747025065E-04   4   2 0  0 1  0 1  0 0
   159  -.9762914473652131E-05   4   1 1  0 1  0 1  0 0
   160  0.4996848093905709E-10   4   0 2  0 1  0 1  0 0
   161  -.7776189549251066E-03   4   1 0  1 1  0 1  0 0
   162  -.5968091122689036E-04   4   0 1  1 1  0 1  0 0
   163  -.2701813663151421E-04   4   0 0  2 1  0 1  0 0
   164  -.7236782539740270E-04   4   1 0  0 2  0 1  0 0
   165  -.1494227305615997E-04   4   0 1  0 2  0 1  0 0
   166  -.7347632646507426E-06   4   0 0  1 2  0 1  0 0
   167  0.1696541093440420E-05   4   0 0  0 3  0 1  0 0
   168  -.7767004769299283E-03   4   3 0  0 0  0 0  1 0
   169  -.3792097203369102E-03   4   2 1  0 0  0 0  1 0
   170  -.5688486637340174E-04   4   1 2  0 0  0 0  1 0
   171  -.7307154953209562E-05   4   0 3  0 0  0 0  1 0
   172  0.2869187936565967E-06   4   2 0  1 0  0 0  1 0
   173  0.1072097947297842E-04   4   1 1  1 0  0 0  1 0
   174  0.9034059449255833E-05   4   0 2  1 0  0 0  1 0
   175  -.7766985396823412E-03   4   1 0  2 0  0 0  1 0
   176  0.1905284337586913E-03   4   0 1  2 0  0 0  1 0
   177  -.3750976560874813E-06   4   0 0  3 0  0 0  1 0
   178  -.1601453661460649E-04   4   2 0  0 1  0 0  1 0
   179  -.9730310546222996E-05   4   1 1  0 1  0 0  1 0
   180  0.4980160782401481E-10   4   0 2  0 1  0 0  1 0
   181  -.7750220426975819E-03   4   1 0  1 1  0 0  1 0
   182  -.5948160270017226E-04   4   0 1  1 1  0 0  1 0
   183  -.2692790769748208E-04   4   0 0  2 1  0 0  1 0
   184  -.7212614804436327E-04   4   1 0  0 2  0 0  1 0
   185  -.1489237230283555E-04   4   0 1  0 2  0 0  1 0
   186  -.7323094719618772E-06   4   0 0  1 2  0 0  1 0
   187  0.1690875377240624E-05   4   0 0  0 3  0 0  1 0
   188  0.3113614273913607E-02   4   3 0  0 0  0 0  0 1
   189  0.8218548224951418E-03   4   2 1  0 0  0 0  0 1
   190  0.8673342328612968E-04   4   1 2  0 0  0 0  0 1
   191  0.6780242600694898E-05   4   0 3  0 0  0 0  0 1
   192  0.1681700499708171E-08   4   2 0  1 0  0 0  0 1
   193  -.4268608617601764E-04   4   1 1  1 0  0 0  0 1
   194  -.8340851808435774E-05   4   0 2  1 0  0 0  0 1
   195  0.3113614002727717E-02   4   1 0  2 0  0 0  0 1
   196  -.3609732795227895E-03   4   0 1  2 0  0 0  0 1
   197  0.1294841272639172E-08   4   0 0  3 0  0 0  0 1
   198  0.7836607124817864E-07   4   2 0  0 1  0 0  0 1
   199  0.2719310401901365E-07   4   1 1  0 1  0 0  0 1
   200  -.5633336690670040E-06   4   0 2  0 1  0 0  0 1
   201  0.1511935468596487E-02   4   1 0  1 1  0 0  0 1
   202  0.7592867451056065E-04   4   0 1  1 1  0 0  0 1
   203  0.4276580363224737E-04   4   0 0  2 1  0 0  0 1
   204  0.7497830187938130E-04   4   1 0  0 2  0 0  0 1
   205  0.1112298495585705E-04   4   0 1  0 2  0 0  0 1
   206  0.2771373145640001E-05   4   0 0  1 2  0 0  0 1
   207  -.5660838482135982E-06   4   0 0  0 3  0 0  0 1
   208  -.1022813222913125E-06   4   2 0  0 0  0 2  0 0
   209  -.1161717583477296E-01   4   1 1  0 0  0 2  0 0
   210  -.3146590951954826E-02   4   0 2  0 0  0 2  0 0
   211  -.7586588956699742E-07   4   1 0  1 0  0 2  0 0
   212  0.7355290609834355E-05   4   0 1  1 0  0 2  0 0
   213  0.4352264964487315E-07   4   0 0  2 0  0 2  0 0
   214  0.7356402962243618E-05   4   1 0  0 1  0 2  0 0
   215  0.3987029127823830E-05   4   0 1  0 1  0 2  0 0
   216  0.1161713475060425E-01   4   0 0  1 1  0 2  0 0
   217  0.3146600926311081E-02   4   0 0  0 2  0 2  0 0
   218  -.1147595658691673E-06   4   2 0  0 0  0 1  1 0
   219  -.7761971265185835E-02   4   1 1  0 0  0 1  1 0
   220  -.3146569753250866E-02   4   0 2  0 0  0 1  1 0
   221  -.9822608571352210E-07   4   1 0  1 0  0 1  1 0
   222  0.4912230980139024E-05   4   0 1  1 0  0 1  1 0
   223  0.5473475810377955E-07   4   0 0  2 0  0 1  1 0
   224  0.4901771340612809E-05   4   1 0  0 1  0 1  1 0
   225  0.3984915927261923E-05   4   0 1  0 1  0 1  1 0
   226  0.7761917105660872E-02   4   0 0  1 1  0 1  1 0
   227  0.3146571203281386E-02   4   0 0  0 2  0 1  1 0
   228  -.1017481229844351E-06   4   2 0  0 0  0 0  2 0
   229  -.1156541865374559E-01   4   1 1  0 0  0 0  2 0
   230  -.3130828600517141E-02   4   0 2  0 0  0 0  2 0
   231  -.7544851378707230E-07   4   1 0  1 0  0 0  2 0
   232  0.7322524741268882E-05   4   0 1  1 0  0 0  2 0
   233  0.4328590749272377E-07   4   0 0  2 0  0 0  2 0
   234  0.7323650844244856E-05   4   1 0  0 1  0 0  2 0
   235  0.3967060217544111E-05   4   0 1  0 1  0 0  2 0
   236  0.1156537779721500E-01   4   0 0  1 1  0 0  2 0
   237  0.3130838539142305E-02   4   0 0  0 2  0 0  2 0
   238  0.1635999359486971E-06   4   2 0  0 0  0 1  0 1
   239  0.1549814420907820E-01   4   1 1  0 0  0 1  0 1
   240  0.3146588810480537E-02   4   0 2  0 0  0 1  0 1
   241  0.1213111145179538E-06   4   1 0  1 0  0 1  0 1
   242  -.9813371406359888E-05   4   0 1  1 0  0 1  0 1
   243  -.6960011376632427E-07   4   0 0  2 0  0 1  0 1
   244  -.9814994583944069E-05   4   1 0  0 1  0 1  0 1
   245  -.3987121578711827E-05   4   0 1  0 1  0 1  0 1
   246  -.1549809718579290E-01   4   0 0  1 1  0 1  0 1
   247  -.3146585109264898E-02   4   0 0  0 2  0 1  0 1
   248  0.1630535826486736E-06   4   2 0  0 0  0 0  1 1
   249  0.1544638708568639E-01   4   1 1  0 0  0 0  1 1
   250  0.3136080559742258E-02   4   0 2  0 0  0 0  1 1
   251  0.1209059876693327E-06   4   1 0  1 0  0 0  1 1
   252  -.9780598974517967E-05   4   0 1  1 0  0 0  1 1
   253  -.6936767939235253E-07   4   0 0  2 0  0 0  1 1
   254  -.9782216731388453E-05   4   1 0  0 1  0 0  1 1
   255  -.3973806310719476E-05   4   0 1  0 1  0 0  1 1
   256  -.1544634021943867E-01   4   0 0  1 1  0 0  1 1
   257  -.3136076870886966E-02   4   0 0  0 2  0 0  1 1
   258  0.9267765455886837E-13   4   2 0  0 0  0 0  0 2
   259  0.3033065388187504E-13   4   1 1  0 0  0 0  0 2
   260  0.2696344222892826E-14   4   0 2  0 0  0 0  0 2
   261  0.7775660745563457E-13   4   1 0  1 0  0 0  0 2
   262  0.9567069809947594E-14   4   0 1  1 0  0 0  0 2
   263  0.5355595794343849E-13   4   0 0  2 0  0 0  0 2
   264  0.1064959940348985E-13   4   1 0  0 1  0 0  0 2
   265  0.2052293476289245E-14   4   0 1  0 1  0 0  0 2
   266  0.2015899783796623E-13   4   0 0  1 1  0 0  0 2
   267  0.1663761929785682E-14   4   0 0  0 2  0 0  0 2
   268  -.3344015070287601E-05   4   1 0  0 0  0 3  0 0
   269  -.1495115447519634E-05   4   0 1  0 0  0 3  0 0
   270  0.1742257302885096E-05   4   0 0  1 0  0 3  0 0
   271  0.7789664476217975E-06   4   0 0  0 1  0 3  0 0
   272  -.2007777577541188E-05   4   1 0  0 0  0 2  1 0
   273  -.1766418546907501E-05   4   0 1  0 0  0 2  1 0
   274  0.1046057562337282E-05   4   0 0  1 0  0 2  1 0
   275  0.9203144680638132E-06   4   0 0  0 1  0 2  1 0
   276  -.2014415321384049E-05   4   1 0  0 0  0 1  2 0
   277  -.1765034481885398E-05   4   0 1  0 0  0 1  2 0
   278  0.1049515926678236E-05   4   0 0  1 0  0 1  2 0
   279  0.9195933744501368E-06   4   0 0  0 1  0 1  2 0
   280  -.3323922418623124E-05   4   1 0  0 0  0 0  3 0
   281  -.1484686225094623E-05   4   0 1  0 0  0 0  3 0
   282  0.1731788894816634E-05   4   0 0  1 0  0 0  3 0
   283  0.7735327488493545E-06   4   0 0  0 1  0 0  3 0
   284  0.4013269282775326E-05   4   1 0  0 0  0 2  0 1
   285  0.1359236407607929E-05   4   0 1  0 0  0 2  0 1
   286  -.2090944001521805E-05   4   0 0  1 0  0 2  0 1
   287  -.7081724462065758E-06   4   0 0  0 1  0 2  0 1
   288  0.2681464684078560E-05   4   1 0  0 0  0 1  1 1
   289  0.1629622993495299E-05   4   0 1  0 0  0 1  1 1
   290  -.1397048787306122E-05   4   0 0  1 0  0 1  1 1
   291  -.8490428711008338E-06   4   0 0  0 1  0 1  1 1
   292  0.3995389224429026E-05   4   1 0  0 0  0 0  2 1
   293  0.1351976024420908E-05   4   0 1  0 0  0 0  2 1
   294  -.2081628379089613E-05   4   0 0  1 0  0 0  2 1
   295  -.7043897367287937E-06   4   0 0  0 1  0 0  2 1
   296  0.1500072605193581E-08   4   0 0  0 0  0 4  0 0
   297  -.1475878512610726E-08   4   0 0  0 0  0 3  1 0
   298  -.8788276633795737E-09   4   0 0  0 0  0 2  2 0
   299  -.1458020846360818E-08   4   0 0  0 0  0 1  3 0
   300  0.1492515517467512E-08   4   0 0  0 0  0 0  4 0
   301  -.2091942687721876E-10   4   0 0  0 0  0 3  0 1
   302  0.2952841313272926E-09   4   0 0  0 0  0 2  1 1
   303  0.2937005057592608E-09   4   0 0  0 0  0 1  2 1
   304  -.2130604846570969E-10   4   0 0  0 0  0 0  3 1
   ----------------------------------------------------
     I  COEFFICIENT            ORDER EXPONENTS
     1  0.4673405279841759E-04   0   0 0  0 0  0 0  0 0
     2  0.9672498111724188E-06   1   1 0  0 0  0 0  0 0
     3  0.6566820987950506E-07   1   0 1  0 0  0 0  0 0
     4   1.000001475157694       1   0 0  1 0  0 0  0 0
     5  0.2600000949942804       1   0 0  0 1  0 0  0 0
     6  -.2858028753289854E-10   1   0 0  0 0  0 1  0 0
     7  -.2848484166328643E-10   1   0 0  0 0  0 0  1 0
     8  0.5706513258973730E-10   1   0 0  0 0  0 0  0 1
     9  0.9801904905002713E-05   2   2 0  0 0  0 0  0 0
    10  0.1117542117974149E-05   2   1 1  0 0  0 0  0 0
    11  0.7268857655236766E-07   2   0 2  0 0  0 0  0 0
    12  0.3094452221655396E-01   2   1 0  1 0  0 0  0 0
    13  0.1762893493175071E-02   2   0 1  1 0  0 0  0 0
    14  -.9796552676118653E-05   2   0 0  2 0  0 0  0 0
    15  0.1762856296935405E-02   2   1 0  0 1  0 0  0 0
    16  0.2292119780826753E-03   2   0 1  0 1  0 0  0 0
    17  -.1043601819513552E-05   2   0 0  1 1  0 0  0 0
    18  -.5353492466795313E-07   2   0 0  0 2  0 0  0 0
    19  -.5155549854654818E-06   2   1 0  0 0  0 1  0 0
    20  -.7386938058157424E-07   2   0 1  0 0  0 1  0 0
    21  -.7388115861919015E-06   2   0 0  1 0  0 1  0 0
    22  -.1302175470100001       2   0 0  0 1  0 1  0 0
    23  -.5138332539705027E-06   2   1 0  0 0  0 0  1 0
    24  -.7362268868134288E-07   2   0 1  0 0  0 0  1 0
    25  -.7363442738534123E-06   2   0 0  1 0  0 0  1 0
    26  -.1297826765147013       2   0 0  0 1  0 0  1 0
    27  0.1029389199699101E-05   2   1 0  0 0  0 0  0 1
    28  0.8182436135347949E-07   2   0 1  0 0  0 0  0 1
    29  0.1475157213946157E-05   2   0 0  1 0  0 0  0 1
    30  0.1285309673284022E-06   2   0 0  0 1  0 0  0 1
    31  0.1476098426960449E-10   2   0 0  0 0  0 2  0 0
    32  0.6326231227968466E-11   2   0 0  0 0  0 1  1 0
    33  0.1470112555753536E-10   2   0 0  0 0  0 0  2 0
    34  -.2858028922009474E-10   2   0 0  0 0  0 1  0 1
    35  -.2848484336957070E-10   2   0 0  0 0  0 0  1 1
    36  0.1065128132765381E-04   3   3 0  0 0  0 0  0 0
    37  0.2740045416261236E-05   3   2 1  0 0  0 0  0 0
    38  0.2059682861071107E-05   3   1 2  0 0  0 0  0 0
    39  0.2010398221154134E-06   3   0 3  0 0  0 0  0 0
    40  0.5991722762819029E-05   3   2 0  1 0  0 0  0 0
    41  0.1662918535555583E-04   3   1 1  1 0  0 0  0 0
    42  0.7979021717014496E-06   3   0 2  1 0  0 0  0 0
    43  -.3207088656936122E-04   3   1 0  2 0  0 0  0 0
    44  0.8279579422175489E-05   3   0 1  2 0  0 0  0 0
    45  0.8848869890523091E-04   3   0 0  3 0  0 0  0 0
    46  0.6499653281980454E-05   3   2 0  0 1  0 0  0 0
    47  0.2719541416276598E-05   3   1 1  0 1  0 0  0 0
    48  0.1300004359969181       3   0 2  0 1  0 0  0 0
    49  0.5506671582227464E-05   3   1 0  1 1  0 0  0 0
    50  0.2425087767041329E-05   3   0 1  1 1  0 0  0 0
    51  0.5897019437876692E-05   3   0 0  2 1  0 0  0 0
    52  0.1834537654456005E-05   3   1 0  0 2  0 0  0 0
    53  0.4210859190714874E-06   3   0 1  0 2  0 0  0 0
    54  0.3281851007339034E-05   3   0 0  1 2  0 0  0 0
    55  0.1300003162568781       3   0 0  0 3  0 0  0 0
    56  -.4907262702115208E-05   3   2 0  0 0  0 1  0 0
    57  -.1116575347795811E-05   3   1 1  0 0  0 1  0 0
    58  -.1084775265568854E-06   3   0 2  0 0  0 1  0 0
    59  -.1549813177352812E-01   3   1 0  1 0  0 1  0 0
    60  -.1765836896493066E-02   3   0 1  1 0  0 1  0 0
    61  0.4907863831035110E-05   3   0 0  2 0  0 1  0 0
    62  -.1765819950674203E-02   3   1 0  0 1  0 1  0 0
    63  -.3443963720912174E-03   3   0 1  0 1  0 1  0 0
    64  0.1085951980803201E-05   3   0 0  1 1  0 1  0 0
    65  0.9085095411677735E-07   3   0 0  0 2  0 1  0 0
    66  -.4890874559266368E-05   3   2 0  0 0  0 0  1 0
    67  -.1112846467274721E-05   3   1 1  0 0  0 0  1 0
    68  -.1081152583619014E-06   3   0 2  0 0  0 0  1 0
    69  -.1544637469166551E-01   3   1 0  1 0  0 0  1 0
    70  -.1759939762170963E-02   3   0 1  1 0  0 0  1 0
    71  0.4891473680674705E-05   3   0 0  2 0  0 0  1 0
    72  -.1759922872943833E-02   3   1 0  0 1  0 0  1 0
    73  -.3432462366116122E-03   3   0 1  0 1  0 0  1 0
    74  0.1082325369132126E-05   3   0 0  1 1  0 0  1 0
    75  0.9054755107862703E-07   3   0 0  0 2  0 0  1 0
    76  0.9800459081104006E-05   3   2 0  0 0  0 0  0 1
    77  0.1116096110978678E-05   3   1 1  0 0  0 0  0 1
    78  0.7234012619607342E-07   3   0 2  0 0  0 0  0 1
    79  0.3094452081270724E-01   3   1 0  1 0  0 0  0 1
    80  0.1762890204742381E-02   3   0 1  1 0  0 0  0 1
    81  -.9794741262528299E-05   3   0 0  2 0  0 0  0 1
    82  0.1762891891138787E-02   3   1 0  0 1  0 0  0 1
    83  0.2292211491151497E-03   3   0 1  0 1  0 0  0 1
    84  -.1119026415045658E-05   3   0 0  1 1  0 0  0 1
    85  -.7294375146651817E-07   3   0 0  0 2  0 0  0 1
    86  0.3864524099822952E-06   3   1 0  0 0  0 2  0 0
    87  0.4555000370432403E-07   3   0 1  0 0  0 2  0 0
    88  0.5538025894540435E-06   3   0 0  1 0  0 2  0 0
    89  0.9760905359725240E-01   3   0 0  0 1  0 2  0 0
    90  0.2582065022034755E-06   3   1 0  0 0  0 1  1 0
    91  0.4152583100337346E-07   3   0 1  0 0  0 1  1 0
    92  0.3700210369406387E-06   3   0 0  1 0  0 1  1 0
    93  0.6521694651934673E-01   3   0 0  0 1  0 1  1 0
    94  0.3847306763745389E-06   3   1 0  0 0  0 0  2 0
    95  0.4532854723600426E-07   3   0 1  0 0  0 0  2 0
    96  0.5513352720726229E-06   3   0 0  1 0  0 0  2 0
    97  0.9717418316925680E-01   3   0 0  0 1  0 0  2 0
    98  -.5155553236659925E-06   3   1 0  0 0  0 1  0 1
    99  -.8196128831711038E-07   3   0 1  0 0  0 1  0 1
   100  -.7388123929548140E-06   3   0 0  1 0  0 1  0 1
   101  -.1287460200652515E-06   3   0 0  0 1  0 1  0 1
   102  -.5138335910415696E-06   3   1 0  0 0  0 0  1 1
   103  -.8168757293189619E-07   3   0 1  0 0  0 0  1 1
   104  -.7363450779220842E-06   3   0 0  1 0  0 0  1 1
   105  -.1283160638359218E-06   3   0 0  0 1  0 0  1 1
   106  0.4030608485659591E-10   3   0 0  0 0  0 3  0 0
   107  0.4410021126248809E-10   3   0 0  0 0  0 2  1 0
   108  0.4408053090078203E-10   3   0 0  0 0  0 1  2 0
   109  0.4003078630622680E-10   3   0 0  0 0  0 0  3 0
   110  -.3575211516937763E-10   3   0 0  0 0  0 2  0 1
   111  -.4570283123706739E-10   3   0 0  0 0  0 1  1 1
   112  -.3555640462925725E-10   3   0 0  0 0  0 0  2 1
   113  -.1115776278111553E-06   4   4 0  0 0  0 0  0 0
   114  0.3756275437075755E-04   4   3 1  0 0  0 0  0 0
   115  0.1711288651062795E-04   4   2 2  0 0  0 0  0 0
   116  0.3813557672867064E-05   4   1 3  0 0  0 0  0 0
   117  -.1721528873334127E-04   4   0 4  0 0  0 0  0 0
   118  -.4242211433766117E-03   4   3 0  1 0  0 0  0 0
   119  0.5900673776158295E-01   4   2 1  1 0  0 0  0 0
   120  0.3857970693413202E-01   4   1 2  1 0  0 0  0 0
   121  0.3765670497698984E-02   4   0 3  1 0  0 0  0 0
   122  -.1470528841642400E-05   4   2 0  2 0  0 0  0 0
   123  0.3747878457212008E-04   4   1 1  2 0  0 0  0 0
   124  -.7353584150204310E-05   4   0 2  2 0  0 0  0 0
   125  -.1437521395816073E-03   4   1 0  3 0  0 0  0 0
   126  0.5949962281546927E-01   4   0 1  3 0  0 0  0 0
   127  -.2119242363747055E-06   4   0 0  4 0  0 0  0 0
   128  0.5937698778765450E-01   4   3 0  0 1  0 0  0 0
   129  0.7648933534840145E-02   4   2 1  0 1  0 0  0 0
   130  0.7389345047018684E-02   4   1 2  0 1  0 0  0 0
   131  0.7943334636141490E-03   4   0 3  0 1  0 0  0 0
   132  -.3793971388459747E-04   4   2 0  1 1  0 0  0 0
   133  0.9736879785019630E-05   4   1 1  1 1  0 0  0 0
   134  -.3691465641994124E-06   4   0 2  1 1  0 0  0 0
   135  0.5937594519135100E-01   4   1 0  2 1  0 0  0 0
   136  0.2319725120021687E-01   4   0 1  2 1  0 0  0 0
   137  -.3773651591430718E-04   4   0 0  3 1  0 0  0 0
   138  0.1225662864876107E-04   4   2 0  0 2  0 0  0 0
   139  0.2071248807957383E-05   4   1 1  0 2  0 0  0 0
   140  -.1050383363453440E-03   4   0 2  0 2  0 0  0 0
   141  0.5412819971873475E-01   4   1 0  1 2  0 0  0 0
   142  0.1005345155551973E-01   4   0 1  1 2  0 0  0 0
   143  -.2206712183878088E-04   4   0 0  2 2  0 0  0 0
   144  0.4653688833921542E-02   4   1 0  0 3  0 0  0 0
   145  0.1025532863054997E-02   4   0 1  0 3  0 0  0 0
   146  -.4348874227853110E-05   4   0 0  1 3  0 0  0 0
   147  -.8796858196715605E-04   4   0 0  0 4  0 0  0 0
   148  0.5365469955117749E-05   4   3 0  0 0  0 1  0 0
   149  0.7013558242191707E-06   4   2 1  0 0  0 1  0 0
   150  0.9087545594155626E-06   4   1 2  0 0  0 1  0 0
   151  0.1740945384900958E-06   4   0 3  0 0  0 1  0 0
   152  -.1661909160539889E-04   4   2 0  1 0  0 1  0 0
   153  0.2269115167929147E-04   4   1 1  1 0  0 1  0 0
   154  0.8796151581627225E-05   4   0 2  1 0  0 1  0 0
   155  0.2676255777634418E-04   4   1 0  2 0  0 1  0 0
   156  0.2077055138458484E-05   4   0 1  2 0  0 1  0 0
   157  -.5774991322833951E-04   4   0 0  3 0  0 1  0 0
   158  0.5707336431552599E-05   4   2 0  0 1  0 1  0 0
   159  0.6636326043627522E-05   4   1 1  0 1  0 1  0 0
   160  -.1953242200513629       4   0 2  0 1  0 1  0 0
   161  0.2646292259541736E-04   4   1 0  1 1  0 1  0 0
   162  0.5200337361578308E-05   4   0 1  1 1  0 1  0 0
   163  0.7002455326089494E-05   4   0 0  2 1  0 1  0 0
   164  0.4144090239746025E-05   4   1 0  0 2  0 1  0 0
   165  0.1146427982359139E-05   4   0 1  0 2  0 1  0 0
   166  0.4697238134030422E-05   4   0 0  1 2  0 1  0 0
   167  -.1953255255567032       4   0 0  0 3  0 1  0 0
   168  0.5347551597488779E-05   4   3 0  0 0  0 0  1 0
   169  0.6990135979857434E-06   4   2 1  0 0  0 0  1 0
   170  0.9057197107762386E-06   4   1 2  0 0  0 0  1 0
   171  0.1735131377502135E-06   4   0 3  0 0  0 0  1 0
   172  -.1656359100072253E-04   4   2 0  1 0  0 0  1 0
   173  0.2261537301054959E-04   4   1 1  1 0  0 0  1 0
   174  0.8766776225662376E-05   4   0 2  1 0  0 0  1 0
   175  0.2667318236555750E-04   4   1 0  2 0  0 0  1 0
   176  0.2070118669314645E-05   4   0 1  2 0  0 0  1 0
   177  -.5755705340301937E-04   4   0 0  3 0  0 0  1 0
   178  0.5688276387210751E-05   4   2 0  0 1  0 0  1 0
   179  0.6614163574311024E-05   4   1 1  0 1  0 0  1 0
   180  -.1946719213230576       4   0 2  0 1  0 0  1 0
   181  0.2637454783701990E-04   4   1 0  1 1  0 0  1 0
   182  0.5182970475655014E-05   4   0 1  1 1  0 0  1 0
   183  0.6979070142689896E-05   4   0 0  2 1  0 0  1 0
   184  0.4130250764064728E-05   4   1 0  0 2  0 0  1 0
   185  0.1142599406902250E-05   4   0 1  0 2  0 0  1 0
   186  0.4681551382832237E-05   4   0 0  1 2  0 0  1 0
   187  -.1946732224685731       4   0 0  0 3  0 0  1 0
   188  -.2595063700313208E-07   4   3 0  0 0  0 0  0 1
   189  -.6755604891869453E-08   4   2 1  0 0  0 0  0 1
   190  -.1607144118042088E-06   4   1 2  0 0  0 0  0 1
   191  -.2080742675649391E-07   4   0 3  0 0  0 0  0 1
   192  0.5356720633545424E-04   4   2 0  1 0  0 0  0 1
   193  -.5296616847403223E-05   4   1 1  1 0  0 0  0 1
   194  -.5286854502955394E-05   4   0 2  1 0  0 0  0 1
   195  -.4274863303455970E-04   4   1 0  2 0  0 0  0 1
   196  0.8930040517566200E-08   4   0 1  2 0  0 0  0 1
   197  0.1358619072189992E-03   4   0 0  3 0  0 0  0 1
   198  -.7612294538212593E-05   4   2 0  0 1  0 0  0 1
   199  -.2508573844855379E-05   4   1 1  0 1  0 0  0 1
   200  -.6927079689258195E-06   4   0 2  0 1  0 0  0 1
   201  -.1668649413613643E-04   4   1 0  1 1  0 0  0 1
   202  -.2256335820534894E-05   4   0 1  1 1  0 0  0 1
   203  -.2201302041743385E-05   4   0 0  2 1  0 0  0 1
   204  -.1921283031247219E-05   4   1 0  0 2  0 0  0 1
   205  -.3552244368782873E-06   4   0 1  0 2  0 0  0 1
   206  -.2497203925379106E-05   4   0 0  1 2  0 0  0 1
   207  -.2071623250610145E-06   4   0 0  0 3  0 0  0 1
   208  0.3679833695500874E-05   4   2 0  0 0  0 2  0 0
   209  0.1117337154760041E-05   4   1 1  0 0  0 2  0 0
   210  -.4377066290665044E-04   4   0 2  0 0  0 2  0 0
   211  0.1161715946770265E-01   4   1 0  1 0  0 2  0 0
   212  0.1765845523448089E-02   4   0 1  1 0  0 2  0 0
   213  -.3681323105584031E-05   4   0 0  2 0  0 2  0 0
   214  0.1765831469350542E-02   4   1 0  0 1  0 2  0 0
   215  0.2618373101263294E-03   4   0 1  0 1  0 2  0 0
   216  -.1092869911053480E-05   4   0 0  1 1  0 2  0 0
   217  -.1318380098974782E-03   4   0 0  0 2  0 2  0 0
   218  0.2460364453205698E-05   4   2 0  0 0  0 1  1 0
   219  0.1118467920706452E-05   4   1 1  0 0  0 1  1 0
   220  -.5247741112999405E-04   4   0 2  0 0  0 1  1 0
   221  0.7761943801665811E-02   4   1 0  1 0  0 1  1 0
   222  0.1765833221263866E-02   4   0 1  1 0  0 1  1 0
   223  -.2457836403729805E-05   4   0 0  2 0  0 1  1 0
   224  0.1765822888085488E-02   4   1 0  0 1  0 1  1 0
   225  0.3139252438110058E-03   4   0 1  0 1  0 1  1 0
   226  -.1100188633209679E-05   4   0 0  1 1  0 1  1 0
   227  -.1580670723239059E-03   4   0 0  0 2  0 1  1 0
   228  0.3663436358083638E-05   4   2 0  0 0  0 0  2 0
   229  0.1111738129682569E-05   4   1 1  0 0  0 0  2 0
   230  -.4353686178347570E-04   4   0 2  0 0  0 0  2 0
   231  0.1156540238719240E-01   4   1 0  1 0  0 0  2 0
   232  0.1756999799291617E-02   4   0 1  1 0  0 0  2 0
   233  -.3664925015476816E-05   4   0 0  2 0  0 0  2 0
   234  0.1756985809382881E-02   4   1 0  0 1  0 0  2 0
   235  0.2604386988176761E-03   4   0 1  0 1  0 0  2 0
   236  -.1087383118498654E-05   4   0 0  1 1  0 0  2 0
   237  -.1311337897997659E-03   4   0 0  0 2  0 0  2 0
   238  -.4909193594329822E-05   4   2 0  0 0  0 1  0 1
   239  -.1117425563003239E-05   4   1 1  0 0  0 1  0 1
   240  -.1088138621504014E-06   4   0 2  0 0  0 1  0 1
   241  -.1549812957741121E-01   4   1 0  1 0  0 1  0 1
   242  -.1765840609775370E-02   4   0 1  1 0  0 1  0 1
   243  0.4910820879133629E-05   4   0 0  2 0  0 1  0 1
   244  -.1765840870694127E-02   4   1 0  0 1  0 1  0 1
   245  -.3444069602009950E-03   4   0 1  0 1  0 1  0 1
   246  0.1120186705914464E-05   4   0 0  1 1  0 1  0 1
   247  0.1094055232932191E-06   4   0 0  0 2  0 1  0 1
   248  -.4892799003133020E-05   4   2 0  0 0  0 0  1 1
   249  -.1113693843129728E-05   4   1 1  0 0  0 0  1 1
   250  -.1084504707395925E-06   4   0 2  0 0  0 0  1 1
   251  -.1544637250288269E-01   4   1 0  1 0  0 0  1 1
   252  -.1759943463052504E-02   4   0 1  1 0  0 0  1 1
   253  0.4894420853506794E-05   4   0 0  2 0  0 0  1 1
   254  -.1759943723099905E-02   4   1 0  0 1  0 0  1 1
   255  -.3432567893616592E-03   4   0 1  0 1  0 0  1 1
   256  0.1116445765013451E-05   4   0 0  1 1  0 0  1 1
   257  0.1090401559891632E-06   4   0 0  0 2  0 0  1 1
   258  0.8641590108491864E-14   4   2 0  0 0  0 0  0 2
   259  0.1502503015907462E-14   4   1 1  0 0  0 0  0 2
   260  -.6975463807573562E-14   4   1 0  1 0  0 0  0 2
   261  -.9919857292118561E-15   4   0 1  1 0  0 0  0 2
   262  -.1582895813495367E-13   4   0 0  2 0  0 0  0 2
   263  -.3352969714772648E-14   4   0 0  1 1  0 0  0 2
   264  -.1934628615908088E-15   4   0 0  0 2  0 0  0 2
   265  0.2185754529034454E-06   4   1 0  0 0  0 3  0 0
   266  0.5918416365156701E-07   4   0 1  0 0  0 3  0 0
   267  0.4195247720977341E-06   4   0 0  1 0  0 3  0 0
   268  -.8133156141228833E-01   4   0 0  0 1  0 3  0 0
   269  0.2582375860551312E-06   4   1 0  0 0  0 2  1 0
   270  0.5670320090166529E-07   4   0 1  0 0  0 2  1 0
   271  0.4956509834809020E-06   4   0 0  1 0  0 2  1 0
   272  -.4883183305802000E-01   4   0 0  0 1  0 2  1 0
   273  0.2580352477733004E-06   4   1 0  0 0  0 1  2 0
   274  0.5671463882469730E-07   4   0 1  0 0  0 1  2 0
   275  0.4952626221879476E-06   4   0 0  1 0  0 1  2 0
   276  -.4899327508810324E-01   4   0 0  0 1  0 1  2 0
   277  0.2170507740652551E-06   4   1 0  0 0  0 0  3 0
   278  0.5879332441713673E-07   4   0 1  0 0  0 0  3 0
   279  0.4165983656282105E-06   4   0 0  1 0  0 0  3 0
   280  -.8084287803750495E-01   4   0 0  0 1  0 0  3 0
   281  -.1987109246798424E-06   4   1 0  0 0  0 2  0 1
   282  -.3618642323835574E-07   4   0 1  0 0  0 2  0 1
   283  -.3813975846102866E-06   4   0 0  1 0  0 2  0 1
   284  -.6945468058628206E-07   4   0 0  0 1  0 2  0 1
   285  -.2382389449603185E-06   4   1 0  0 0  0 1  1 1
   286  -.5160583530735532E-07   4   0 1  0 0  0 1  1 1
   287  -.4572664106010109E-06   4   0 0  1 0  0 1  1 1
   288  -.9905003683006893E-07   4   0 0  0 1  0 1  1 1
   289  -.1976495080449100E-06   4   1 0  0 0  0 0  2 1
   290  -.3597940557798508E-07   4   0 1  0 0  0 0  2 1
   291  -.3793603447242421E-06   4   0 0  1 0  0 0  2 1
   292  -.6905733970708553E-07   4   0 0  0 1  0 0  2 1
   293  -.1279268175437285E-04   4   0 0  0 0  0 4  0 0
   294  -.7312879939578530E-05   4   0 0  0 0  0 3  1 0
   295  -.6587537467740875E-05   4   0 0  0 0  0 2  2 0
   296  -.7351576498729714E-05   4   0 0  0 0  0 1  3 0
   297  -.1269515748665654E-04   4   0 0  0 0  0 0  4 0
   298  0.4248807530440148E-11   4   0 0  0 0  0 3  0 1
   299  -.2570418679835571E-10   4   0 0  0 0  0 2  1 1
   300  -.2555421273588613E-10   4   0 0  0 0  0 1  2 1
   301  0.4270300948169706E-11   4   0 0  0 0  0 0  3 1
   ----------------------------------------------------
     I  COEFFICIENT            ORDER EXPONENTS
     1  0.7391907597009970E-07   0   0 0  0 0  0 0  0 0
     2  0.1104724154424627E-04   1   1 0  0 0  0 0  0 0
     3  0.1780752878268057E-05   1   0 1  0 0  0 0  0 0
     4  0.1735278314288501E-04   1   0 0  1 0  0 0  0 0
     5   1.000003036562095       1   0 0  0 1  0 0  0 0
     6  0.3654778377745418E-07   1   0 0  0 0  0 1  0 0
     7  0.3642572992836051E-07   1   0 0  0 0  0 0  1 0
     8  0.9455624011169771E-09   1   0 0  0 0  0 0  0 1
     9  0.7539968122051904E-04   2   2 0  0 0  0 0  0 0
    10  0.1962538217162097E-04   2   1 1  0 0  0 0  0 0
    11  0.1955147235496147E-05   2   0 2  0 0  0 0  0 0
    12  0.2380348577405978       2   1 0  1 0  0 0  0 0
    13  0.3094449173160374E-01   2   0 1  1 0  0 0  0 0
    14  -.7520794053741473E-04   2   0 0  2 0  0 0  0 0
    15  0.3094445435658232E-01   2   1 0  0 1  0 0  0 0
    16  0.6282666650456021E-02   2   0 1  0 1  0 0  0 0
    17  -.1956489522738251E-04   2   0 0  1 1  0 0  0 0
    18  -.2023958601084418E-05   2   0 0  0 2  0 0  0 0
    19  -.3314084581857931E-11   2   1 0  0 0  0 1  0 0
    20  -.9229870771924203E-06   2   0 1  0 0  0 1  0 0
    21  -.8938950088582576E-11   2   0 0  1 0  0 1  0 0
    22  -.1520820894910927E-05   2   0 0  0 1  0 1  0 0
    23  -.3303017018477015E-11   2   1 0  0 0  0 0  1 0
    24  -.9199046980766362E-06   2   0 1  0 0  0 0  1 0
    25  -.8909097943395140E-11   2   0 0  1 0  0 0  1 0
    26  -.1515742008626285E-05   2   0 0  0 1  0 0  1 0
    27  0.1104724847143673E-04   2   1 0  0 0  0 0  0 1
    28  0.1842893359809952E-05   2   0 1  0 0  0 0  0 1
    29  0.1735280165794795E-04   2   0 0  1 0  0 0  0 1
    30  0.3036563484567540E-05   2   0 0  0 1  0 0  0 1
    31  -.9091201524231594E-08   2   0 0  0 0  0 2  0 0
    32  0.1818240261077973E-07   2   0 0  0 0  0 1  1 0
    33  -.9091201522770509E-08   2   0 0  0 0  0 0  2 0
    34  0.5016337192798484E-15   2   0 0  0 0  0 1  0 1
    35  0.4999584668185490E-15   2   0 0  0 0  0 0  1 1
    36  -.6644580978977693E-06   3   3 0  0 0  0 0  0 0
    37  -.3250425766871725E-04   3   2 1  0 0  0 0  0 0
    38  -.5673383791215272E-05   3   1 2  0 0  0 0  0 0
    39  0.5288320778972169E-06   3   0 3  0 0  0 0  0 0
    40  0.1553197013264124E-02   3   2 0  1 0  0 0  0 0
    41  0.7955311846563869E-03   3   1 1  1 0  0 0  0 0
    42  0.4433587672910509E-04   3   0 2  1 0  0 0  0 0
    43  -.6555419206612373E-06   3   1 0  2 0  0 0  0 0
    44  0.3194894683234092E-04   3   0 1  2 0  0 0  0 0
    45  0.1556541947139376E-02   3   0 0  3 0  0 0  0 0
    46  -.1400815170454463E-03   3   2 0  0 1  0 0  0 0
    47  0.5035892075806457E-04   3   1 1  0 1  0 0  0 0
    48  0.9002747281079691E-05   3   0 2  0 1  0 0  0 0
    49  0.6381535645145440E-04   3   1 0  1 1  0 0  0 0
    50  0.5852966765601544E-07   3   0 1  1 1  0 0  0 0
    51  0.4107219619511517E-03   3   0 0  2 1  0 0  0 0
    52  0.5546999026185794E-05   3   1 0  0 2  0 0  0 0
    53  0.2316726452704752E-06   3   0 1  0 2  0 0  0 0
    54  0.3096669031991138E-04   3   0 0  1 2  0 0  0 0
    55  0.2518246370841318E-05   3   0 0  0 3  0 0  0 0
    56  -.3675340227959781E-08   3   2 0  0 0  0 1  0 0
    57  -.9837632668721148E-05   3   1 1  0 0  0 1  0 0
    58  -.1974014322564108E-05   3   0 2  0 0  0 1  0 0
    59  -.1553833992670751E-06   3   1 0  1 0  0 1  0 0
    60  -.1549813201698237E-01   3   0 1  1 0  0 1  0 0
    61  -.1074861152690807E-06   3   0 0  2 0  0 1  0 0
    62  -.1549810398663981E-01   3   1 0  0 1  0 1  0 0
    63  -.6293172371133701E-02   3   0 1  0 1  0 1  0 0
    64  0.9767974955936245E-05   3   0 0  1 1  0 1  0 0
    65  0.2007232827290921E-05   3   0 0  0 2  0 1  0 0
    66  -.3663066175333942E-08   3   2 0  0 0  0 0  1 0
    67  -.9804779214717262E-05   3   1 1  0 0  0 0  1 0
    68  -.1967421965344386E-05   3   0 2  0 0  0 0  1 0
    69  -.1548644856599105E-06   3   1 0  1 0  0 0  1 0
    70  -.1544637493430691E-01   3   0 1  1 0  0 0  1 0
    71  -.1071271579606603E-06   3   0 0  2 0  0 0  1 0
    72  -.1544634699757363E-01   3   1 0  0 1  0 0  1 0
    73  -.6272155887189355E-02   3   0 1  0 1  0 0  1 0
    74  0.9735354128677058E-05   3   0 0  1 1  0 0  1 0
    75  0.2000529534579545E-05   3   0 0  0 2  0 0  1 0
    76  0.7540324572190406E-04   3   2 0  0 0  0 0  0 1
    77  0.1964455930273636E-04   3   1 1  0 0  0 0  0 1
    78  0.1991005330071546E-05   3   0 2  0 0  0 0  0 1
    79  0.2380351729842130       3   1 0  1 0  0 0  0 1
    80  0.3094452062243641E-01   3   0 1  1 0  0 0  0 1
    81  -.7500443809503872E-04   3   0 0  2 0  0 0  0 1
    82  0.3094445257000696E-01   3   1 0  0 1  0 0  0 1
    83  0.6282667835586375E-02   3   0 1  0 1  0 0  0 1
    84  -.1951641491791476E-04   3   0 0  1 1  0 0  0 1
    85  -.1984230091796421E-05   3   0 0  0 2  0 0  0 1
    86  -.4553433923235337E-11   3   1 0  0 0  0 2  0 0
    87  0.6918553576878775E-06   3   0 1  0 0  0 2  0 0
    88  -.1316096127234596E-10   3   0 0  1 0  0 2  0 0
    89  0.1139981107616678E-05   3   0 0  0 1  0 2  0 0
    90  -.5530747836348046E-11   3   1 0  0 0  0 1  1 0
    91  0.4622591519799383E-06   3   0 1  0 0  0 1  1 0
    92  -.1612435492063158E-10   3   0 0  1 0  0 1  1 0
    93  0.7616706196294764E-06   3   0 0  0 1  0 1  1 0
    94  -.4529064863505475E-11   3   1 0  0 0  0 0  2 0
    95  0.6887729857252631E-06   3   0 1  0 0  0 0  2 0
    96  -.1309017796183398E-10   3   0 0  1 0  0 0  2 0
    97  0.1134902236095042E-05   3   0 0  0 1  0 0  2 0
    98  0.6727713448862086E-11   3   1 0  0 0  0 1  0 1
    99  -.9229851274562352E-06   3   0 1  0 0  0 1  0 1
   100  0.1954266742055570E-10   3   0 0  1 0  0 1  0 1
   101  -.1520817509409946E-05   3   0 0  0 1  0 1  0 1
   102  0.6705245736048801E-11   3   1 0  0 0  0 0  1 1
   103  -.9199027548517556E-06   3   0 1  0 0  0 0  1 1
   104  0.1947740323497447E-10   3   0 0  1 0  0 0  1 1
   105  -.1515738634260209E-05   3   0 0  0 1  0 0  1 1
   106  0.5070017347029254E-08   3   0 0  0 0  0 3  0 0
   107  -.4101818575465168E-08   3   0 0  0 0  0 2  1 0
   108  -.4055958423075025E-08   3   0 0  0 0  0 1  2 0
   109  0.5051446211098446E-08   3   0 0  0 0  0 0  3 0
   110  -.5419676479442975E-09   3   0 0  0 0  0 2  0 1
   111  -.4919074255903500E-09   3   0 0  0 0  0 1  1 1
   112  -.5393363293535695E-09   3   0 0  0 0  0 0  2 1
   113  -.1527370765761011E-05   4   4 0  0 0  0 0  0 0
   114  -.1703034537824488E-05   4   3 1  0 0  0 0  0 0
   115  -.1943234265314451E-04   4   2 2  0 0  0 0  0 0
   116  0.4808473670624239E-05   4   1 3  0 0  0 0  0 0
   117  0.1476797733923825E-05   4   0 4  0 0  0 0  0 0
   118  -.1062541697602612E-01   4   3 0  1 0  0 0  0 0
   119  -.7861882783152014E-02   4   2 1  1 0  0 0  0 0
   120  0.5784754347716217E-01   4   1 2  1 0  0 0  0 0
   121  0.2309214571021622E-01   4   0 3  1 0  0 0  0 0
   122  0.5938401421793055E-05   4   2 0  2 0  0 0  0 0
   123  0.3529638706185423E-05   4   1 1  2 0  0 0  0 0
   124  -.5620681308429183E-04   4   0 2  2 0  0 0  0 0
   125  -.3480654516359889E-02   4   1 0  3 0  0 0  0 0
   126  -.4843627247155579E-03   4   0 1  3 0  0 0  0 0
   127  0.2940911834707124E-05   4   0 0  4 0  0 0  0 0
   128  -.2331791915210558E-02   4   3 0  0 1  0 0  0 0
   129  -.6105077459325225E-01   4   2 1  0 1  0 0  0 0
   130  0.7405077441065783E-02   4   1 2  0 1  0 0  0 0
   131  0.6261060907479075E-02   4   0 3  0 1  0 0  0 0
   132  0.2701100235108257E-05   4   2 0  1 1  0 0  0 0
   133  -.7401842300594059E-04   4   1 1  1 1  0 0  0 0
   134  -.3416676387223354E-04   4   0 2  1 1  0 0  0 0
   135  -.2317445017864150E-02   4   1 0  2 1  0 0  0 0
   136  -.1788796597802458       4   0 1  2 1  0 0  0 0
   137  0.3254276909142650E-05   4   0 0  3 1  0 0  0 0
   138  0.1902442744459648E-04   4   2 0  0 2  0 0  0 0
   139  0.4997855369505160E-05   4   1 1  0 2  0 0  0 0
   140  -.2994839497046665E-05   4   0 2  0 2  0 0  0 0
   141  -.5998118570540511E-01   4   1 0  1 2  0 0  0 0
   142  -.3876172188546321E-01   4   0 1  1 2  0 0  0 0
   143  0.5734263902018189E-04   4   0 0  2 2  0 0  0 0
   144  0.7703253138674757E-02   4   1 0  0 3  0 0  0 0
   145  -.5882956072721303E-05   4   0 1  0 3  0 0  0 0
   146  0.4993258634708828E-05   4   0 0  1 3  0 0  0 0
   147  -.5028206525846859E-06   4   0 0  0 4  0 0  0 0
   148  -.2106343009864131E-06   4   3 0  0 0  0 1  0 0
   149  0.5181499977761273E-05   4   2 1  0 0  0 1  0 0
   150  0.9021714570729943E-05   4   1 2  0 0  0 1  0 0
   151  0.2262402385854452E-05   4   0 3  0 0  0 1  0 0
   152  -.7810659617018588E-03   4   2 0  1 0  0 1  0 0
   153  -.6960254300906562E-03   4   1 1  1 0  0 1  0 0
   154  -.1891010262585566E-04   4   0 2  1 0  0 1  0 0
   155  -.2087274860472709E-06   4   1 0  2 0  0 1  0 0
   156  -.4826772158643287E-04   4   0 1  2 0  0 1  0 0
   157  -.7797888325856672E-03   4   0 0  3 0  0 1  0 0
   158  0.1496353775367724E-03   4   2 0  0 1  0 1  0 0
   159  -.5983328503241170E-04   4   1 1  0 1  0 1  0 0
   160  -.1912738287169339E-05   4   0 2  0 1  0 1  0 0
   161  -.5364208262189858E-04   4   1 0  1 1  0 1  0 0
   162  -.2927579297757777E-04   4   0 1  1 1  0 1  0 0
   163  -.5043431126284593E-03   4   0 0  2 1  0 1  0 0
   164  -.6921249004020602E-06   4   1 0  0 2  0 1  0 0
   165  -.1697529957535623E-05   4   0 1  0 2  0 1  0 0
   166  -.7855780371928763E-04   4   0 0  1 2  0 1  0 0
   167  -.5162180515910140E-05   4   0 0  0 3  0 1  0 0
   168  -.2099308731850159E-06   4   3 0  0 0  0 0  1 0
   169  0.5164196000582676E-05   4   2 1  0 0  0 0  1 0
   170  0.8991585931588004E-05   4   1 2  0 0  0 0  1 0
   171  0.2254846936771851E-05   4   0 3  0 0  0 0  1 0
   172  -.7784575379569038E-03   4   2 0  1 0  0 0  1 0
   173  -.6937010050766375E-03   4   1 1  1 0  0 0  1 0
   174  -.1884695103168589E-04   4   0 2  1 0  0 0  1 0
   175  -.2080304261861232E-06   4   1 0  2 0  0 0  1 0
   176  -.4810652819525638E-04   4   0 1  2 0  0 0  1 0
   177  -.7771846739016392E-03   4   0 0  3 0  0 0  1 0
   178  0.1491356598547580E-03   4   2 0  0 1  0 0  1 0
   179  -.5963346764290757E-04   4   1 1  0 1  0 0  1 0
   180  -.1906350565047055E-05   4   0 2  0 1  0 0  1 0
   181  -.5346294118071601E-04   4   1 0  1 1  0 0  1 0
   182  -.2917802444419099E-04   4   0 1  1 1  0 0  1 0
   183  -.5026588239575350E-03   4   0 0  2 1  0 0  1 0
   184  -.6898135014765839E-06   4   1 0  0 2  0 0  1 0
   185  -.1691860938955716E-05   4   0 1  0 2  0 0  1 0
   186  -.7829545450602297E-04   4   0 0  1 2  0 0  1 0
   187  -.5144941057067701E-05   4   0 0  0 3  0 0  1 0
   188  0.7424891957017956E-09   4   3 0  0 0  0 0  0 1
   189  -.2133435167431337E-04   4   2 1  0 0  0 0  0 1
   190  -.8338550558484194E-05   4   1 2  0 0  0 0  0 1
   191  -.1129882280937749E-05   4   0 3  0 0  0 0  0 1
   192  0.3113613046624923E-02   4   2 0  1 0  0 0  0 1
   193  0.1429694272254872E-02   4   1 1  1 0  0 0  0 1
   194  0.4290675948010482E-04   4   0 2  1 0  0 0  0 1
   195  0.1129360975480483E-08   4   1 0  2 0  0 0  0 1
   196  0.6417832458484073E-04   4   0 1  2 0  0 0  0 1
   197  0.3113612775412090E-02   4   0 0  3 0  0 0  0 1
   198  -.3198618862705489E-03   4   2 0  0 1  0 0  0 1
   199  0.7592625909718849E-04   4   1 1  0 1  0 0  0 1
   200  0.5696579369728859E-05   4   0 2  0 1  0 0  0 1
   201  0.8551364978243532E-04   4   1 0  1 1  0 0  0 1
   202  0.2224695078243859E-04   4   0 1  1 1  0 0  0 1
   203  0.9452060448923122E-03   4   0 0  2 1  0 0  0 1
   204  0.2769041925845436E-05   4   1 0  0 2  0 0  0 1
   205  0.1128054637983805E-05   4   0 1  0 2  0 0  0 1
   206  0.9742459828377789E-04   4   0 0  1 2  0 0  0 1
   207  0.5695149611574480E-05   4   0 0  0 3  0 0  0 1
   208  0.2264228464968212E-07   4   2 0  0 0  0 2  0 0
   209  0.7355297756284081E-05   4   1 1  0 0  0 2  0 0
   210  0.1977552252030731E-05   4   0 2  0 0  0 2  0 0
   211  -.1457694716058852E-06   4   1 0  1 0  0 2  0 0
   212  0.1161712572249888E-01   4   0 1  1 0  0 2  0 0
   213  -.5322427453473103E-07   4   0 0  2 0  0 2  0 0
   214  0.1161713475292271E-01   4   1 0  0 1  0 2  0 0
   215  0.6293184818414616E-02   4   0 1  0 1  0 2  0 0
   216  -.7372812701282197E-05   4   0 0  1 1  0 2  0 0
   217  -.2009320969519484E-05   4   0 0  0 2  0 2  0 0
   218  0.2332688648454511E-07   4   2 0  0 0  0 1  1 0
   219  0.4912161872605761E-05   4   1 1  0 0  0 1  1 0
   220  0.1983085236978364E-05   4   0 2  0 0  0 1  1 0
   221  -.1698876635978698E-06   4   1 0  1 0  0 1  1 0
   222  0.7761912014234781E-02   4   0 1  1 0  0 1  1 0
   223  -.7489769730556800E-07   4   0 0  2 0  0 1  1 0
   224  0.7761917060526917E-02   4   1 0  0 1  0 1  1 0
   225  0.6293132799222234E-02   4   0 1  0 1  0 1  1 0
   226  -.4944337545482781E-05   4   0 0  1 1  0 1  1 0
   227  -.2005970634722244E-05   4   0 0  0 2  0 1  1 0
   228  0.2252771830027247E-07   4   2 0  0 0  0 0  2 0
   229  0.7322531979247267E-05   4   1 1  0 0  0 0  2 0
   230  0.1967636754568122E-05   4   0 2  0 0  0 0  2 0
   231  -.1449989886148326E-06   4   1 0  1 0  0 0  2 0
   232  0.1156536880776122E-01   4   0 1  1 0  0 0  2 0
   233  -.5292146537528890E-07   4   0 0  2 0  0 0  2 0
   234  0.1156537779960111E-01   4   1 0  0 1  0 0  2 0
   235  0.6261660117005484E-02   4   0 1  0 1  0 0  2 0
   236  -.7339934705435077E-05   4   0 0  1 1  0 0  2 0
   237  -.1999261164546450E-05   4   0 0  0 2  0 0  2 0
   238  -.3620614676941802E-07   4   2 0  0 0  0 1  0 1
   239  -.9813371846553564E-05   4   1 1  0 0  0 1  0 1
   240  -.1991392741970518E-05   4   0 2  0 0  0 1  0 1
   241  0.2332000447403973E-06   4   1 0  1 0  0 1  0 1
   242  -.1549808656567104E-01   4   0 1  1 0  0 1  0 1
   243  0.8510503828064986E-07   4   0 0  2 0  0 1  0 1
   244  -.1549809718503118E-01   4   1 0  0 1  0 1  0 1
   245  -.6293167512550255E-02   4   0 1  0 1  0 1  0 1
   246  0.9833314139626022E-05   4   0 0  1 1  0 1  0 1
   247  0.1995410578879374E-05   4   0 0  0 2  0 1  0 1
   248  -.3608523384070324E-07   4   2 0  0 0  0 0  1 1
   249  -.9780599413241571E-05   4   1 1  0 0  0 0  1 1
   250  -.1984742348318407E-05   4   0 2  0 0  0 0  1 1
   251  0.2324212570637918E-06   4   1 0  1 0  0 0  1 1
   252  -.1544632963478338E-01   4   0 1  1 0  0 0  1 1
   253  0.8482082412520198E-07   4   0 0  2 0  0 0  1 1
   254  -.1544634021867943E-01   4   1 0  0 1  0 0  1 1
   255  -.6272151044831412E-02   4   0 1  0 1  0 0  1 1
   256  0.9800475107648462E-05   4   0 0  1 1  0 0  1 1
   257  0.1988746767383277E-05   4   0 0  0 2  0 0  1 1
   258  0.4821109393740513E-13   4   2 0  0 0  0 0  0 2
   259  0.1577806178054369E-13   4   1 1  0 0  0 0  0 2
   260  0.1402642914814363E-14   4   0 2  0 0  0 0  0 2
   261  0.4044903607073731E-13   4   1 0  1 0  0 0  0 2
   262  0.4976793418348852E-14   4   0 1  1 0  0 0  0 2
   263  0.2785992326982377E-13   4   0 0  2 0  0 0  0 2
   264  0.5539930689448191E-14   4   1 0  0 1  0 0  0 2
   265  0.1067604384596307E-14   4   0 1  0 1  0 0  0 2
   266  0.1048675413596074E-13   4   0 0  1 1  0 0  0 2
   267  0.8758222150250647E-15   4   0 0  0 2  0 0  0 2
   268  0.1742257889534743E-05   4   1 0  0 0  0 3  0 0
   269  0.7789660703340860E-06   4   0 1  0 0  0 3  0 0
   270  0.3344019137440970E-05   4   0 0  1 0  0 3  0 0
   271  0.1495115864035723E-05   4   0 0  0 1  0 3  0 0
   272  0.1046056969446866E-05   4   1 0  0 0  0 2  1 0
   273  0.9203143209997310E-06   4   0 1  0 0  0 2  1 0
   274  0.2007756252348222E-05   4   0 0  1 0  0 2  1 0
   275  0.1766413966060869E-05   4   0 0  0 1  0 2  1 0
   276  0.1049515339680628E-05   4   1 0  0 0  0 1  2 0
   277  0.9195932262379688E-06   4   0 1  0 0  0 1  2 0
   278  0.2014394123323230E-05   4   0 0  1 0  0 1  2 0
   279  0.1765029926060171E-05   4   0 0  0 1  0 1  2 0
   280  0.1731789479508400E-05   4   1 0  0 0  0 0  3 0
   281  0.7735323736951727E-06   4   0 1  0 0  0 0  3 0
   282  0.3323926500892376E-05   4   0 0  1 0  0 0  3 0
   283  0.1484686647363468E-05   4   0 0  0 1  0 0  3 0
   284  -.2090944782054558E-05   4   1 0  0 0  0 2  0 1
   285  -.7081721374419123E-06   4   0 1  0 0  0 2  0 1
   286  -.4013274725928489E-05   4   0 0  1 0  0 2  0 1
   287  -.1359236826610843E-05   4   0 0  0 1  0 2  0 1
   288  -.1397047226259060E-05   4   1 0  0 0  0 1  1 1
   289  -.8490424407170743E-06   4   0 1  0 0  0 1  1 1
   290  -.2681430604038435E-05   4   0 0  1 0  0 1  1 1
   291  -.1629617967192163E-05   4   0 0  0 1  0 1  1 1
   292  -.2081629159614265E-05   4   1 0  0 0  0 0  2 1
   293  -.7043894297126781E-06   4   0 1  0 0  0 0  2 1
   294  -.3995394706310731E-05   4   0 0  1 0  0 0  2 1
   295  -.1351976450417374E-05   4   0 0  0 1  0 0  2 1
   296  -.2893077532652488E-08   4   0 0  0 0  0 4  0 0
   297  0.2709232153618268E-08   4   0 0  0 0  0 3  1 0
   298  0.1557838121844840E-08   4   0 0  0 0  0 2  2 0
   299  0.2675708136713169E-08   4   0 0  0 0  0 1  3 0
   300  -.2878274824936197E-08   4   0 0  0 0  0 0  4 0
   301  0.4948489085660123E-10   4   0 0  0 0  0 3  0 1
   302  -.4414327934260656E-09   4   0 0  0 0  0 2  1 1
   303  -.4389744409747789E-09   4   0 0  0 0  0 1  2 1
   304  0.4997164052813169E-10   4   0 0  0 0  0 0  3 1
   ----------------------------------------------------
     I  COEFFICIENT            ORDER EXPONENTS
     1  0.1679648080005064E-07   0   0 0  0 0  0 0  0 0
     2  0.1900726280153218E-07   1   1 0  0 0  0 0  0 0
     3  0.4953756464164182E-08   1   0 1  0 0  0 0  0 0
     4  -.3654781697386958E-07   1   0 0  1 0  0 0  0 0
     5  -.9531005674018209E-08   1   0 0  0 1  0 0  0 0
     6   1.000000000000000       1   0 0  0 0  1 0  0 0
     7  0.6478273842156836E-01   1   0 0  0 0  0 1  0 0
     8  -.6478273842157282E-01   1   0 0  0 0  0 0  1 0
     9  -.3001453372857569E-09   2   2 0  0 0  0 0  0 0
    10  0.7387774715321577E-06   2   1 1  0 0  0 0  0 0
    11  -.6510864476133810E-01   2   0 2  0 0  0 0  0 0
    12  -.1133819056795935E-08   2   1 0  1 0  0 0  0 0
    13  -.5156195836286524E-06   2   0 1  1 0  0 0  0 0
    14  0.2921351228164023E-09   2   0 0  2 0  0 0  0 0
    15  -.5156198304654903E-06   2   1 0  0 1  0 0  0 0
    16  -.8196957670525014E-07   2   0 1  0 1  0 0  0 0
    17  -.7387786483330866E-06   2   0 0  1 1  0 0  0 0
    18  -.6510877350284845E-01   2   0 0  0 2  0 0  0 0
    19  -.9456018115695462E-08   2   1 0  0 0  0 1  0 0
    20  -.4977048880613821E-08   2   0 1  0 0  0 1  0 0
    21  0.1818243635803184E-07   2   0 0  1 0  0 1  0 0
    22  0.9516108499242978E-08   2   0 0  0 1  0 1  0 0
    23  0.9456083559604961E-08   2   1 0  0 0  0 0  1 0
    24  -.2952873589671491E-10   2   0 1  0 0  0 0  1 0
    25  -.1818240189590007E-07   2   0 0  1 0  0 0  1 0
    26  0.2216829638560207E-10   2   0 0  0 1  0 0  1 0
    27  -.6562640873891915E-13   2   1 0  0 0  0 0  0 1
    28  0.1185167869430661E-10   2   0 1  0 0  0 0  0 1
    29  -.3431540816249103E-13   2   0 0  1 0  0 0  0 1
    30  -.2858342004905007E-10   2   0 0  0 1  0 0  0 1
    31  -.4866831942384693E-01   2   0 0  0 0  0 2  0 0
    32  0.3255390042611012E-01   2   0 0  0 0  0 1  1 0
    33  0.1611441899772236E-01   2   0 0  0 0  0 0  2 0
    34  -.1298893062618400E-14   2   0 0  0 0  0 1  0 1
    35  -.2619691261378746E-15   2   0 0  0 0  0 0  1 1
    36  -.5697393432418598E-07   3   3 0  0 0  0 0  0 0
    37  0.7749046028665304E-02   3   2 1  0 0  0 0  0 0
    38  0.8829274126904475E-03   3   1 2  0 0  0 0  0 0
    39  0.5740596733031577E-04   3   0 3  0 0  0 0  0 0
    40  -.3357021641773386E-07   3   2 0  1 0  0 0  0 0
    41  -.9821941896548249E-05   3   1 1  1 0  0 0  0 0
    42  -.5760434368207051E-06   3   0 2  1 0  0 0  0 0
    43  -.5697397446371613E-07   3   1 0  2 0  0 0  0 0
    44  -.7749066107789217E-02   3   0 1  2 0  0 0  0 0
    45  -.3357573699954756E-07   3   0 0  3 0  0 0  0 0
    46  -.4909457073773015E-05   3   2 0  0 1  0 0  0 0
    47  -.1118109619641356E-05   3   1 1  0 1  0 0  0 0
    48  -.1182600499104804E-06   3   0 2  0 1  0 0  0 0
    49  -.1549814085944784E-01   3   1 0  1 1  0 0  0 0
    50  -.1765839815324408E-02   3   0 1  1 1  0 0  0 0
    51  0.4903181561628766E-05   3   0 0  2 1  0 0  0 0
    52  -.8829107391095910E-03   3   1 0  0 2  0 0  0 0
    53  -.1721983720800727E-03   3   0 1  0 2  0 0  0 0
    54  0.5428470794880175E-06   3   0 0  1 2  0 0  0 0
    55  0.2715826406680437E-07   3   0 0  0 3  0 0  0 0
    56  0.2892315472083518E-09   3   2 0  0 0  0 1  0 0
    57  -.1107554409983218E-05   3   1 1  0 0  0 1  0 0
    58  0.9760875355971960E-01   3   0 2  0 0  0 1  0 0
    59  0.1124275787526284E-08   3   1 0  1 0  0 1  0 0
    60  0.7730016783771063E-06   3   0 1  1 0  0 1  0 0
    61  -.2953338219943752E-09   3   0 0  2 0  0 1  0 0
    62  0.7730013936582080E-06   3   1 0  0 1  0 1  0 0
    63  0.1032475706152877E-06   3   0 1  0 1  0 1  0 0
    64  0.1107554220253016E-05   3   0 0  1 1  0 1  0 0
    65  0.9760905359291122E-01   3   0 0  0 2  0 1  0 0
    66  -.3972376121075320E-11   3   2 0  0 0  0 0  1 0
    67  -.3700037513661495E-06   3   1 1  0 0  0 0  1 0
    68  0.3260831900980897E-01   3   0 2  0 0  0 0  1 0
    69  -.3235520466298648E-12   3   1 0  1 0  0 0  1 0
    70  0.2582388724876460E-06   3   0 1  1 0  0 0  1 0
    71  -.6226065276905260E-12   3   0 0  2 0  0 0  1 0
    72  0.2582384348367349E-06   3   1 0  0 1  0 0  1 0
    73  0.4558666664780316E-07   3   0 1  0 1  0 0  1 0
    74  0.3700035095231567E-06   3   0 0  1 1  0 0  1 0
    75  0.3260847325747795E-01   3   0 0  0 2  0 0  1 0
    76  -.2922092405359005E-09   3   2 0  0 0  0 0  0 1
    77  0.7387785397847853E-06   3   1 1  0 0  0 0  0 1
    78  0.6437078084903860E-07   3   0 2  0 0  0 0  0 1
    79  -.1127813020873292E-08   3   1 0  1 0  0 0  0 1
    80  -.5156199735456649E-06   3   0 1  1 0  0 0  0 1
    81  0.2952224346875063E-09   3   0 0  2 0  0 0  0 1
    82  -.5156198425707435E-06   3   1 0  0 1  0 0  0 1
    83  -.8196968878806857E-07   3   0 1  0 1  0 0  0 1
    84  -.7387785759543928E-06   3   0 0  1 1  0 0  0 1
    85  -.6437084363451704E-07   3   0 0  0 2  0 0  0 1
    86  0.6712583755461715E-08   3   1 0  0 0  0 2  0 0
    87  0.4844339991443919E-08   3   0 1  0 0  0 2  0 0
    88  -.1295334145512157E-07   3   0 0  1 0  0 2  0 0
    89  -.9365641548857498E-08   3   0 0  0 1  0 2  0 0
    90  -.4969789818844602E-08   3   1 0  0 0  0 1  1 0
    91  -.1144053556081898E-09   3   0 1  0 0  0 1  1 0
    92  0.9507241103266003E-08   3   0 0  1 0  0 1  1 0
    93  0.8814676310023984E-10   3   0 0  0 1  0 1  1 0
    94  -.2461276063492578E-08   3   1 0  0 0  0 0  2 0
    95  -.4885432804249460E-10   3   0 1  0 0  0 0  2 0
    96  0.4708250926287489E-08   3   0 0  1 0  0 0  2 0
    97  0.2826676208242883E-10   3   0 0  0 1  0 0  2 0
    98  0.2823652180497919E-09   3   1 0  0 0  0 1  0 1
    99  0.4222121691928413E-10   3   0 1  0 0  0 1  0 1
   100  -.5211421257472268E-09   3   0 0  1 0  0 1  0 1
   101  -.7149956523869315E-10   3   0 0  0 1  0 1  0 1
   102  0.1198070349708464E-09   3   1 0  0 0  0 0  1 1
   103  0.2729530390605722E-10   3   0 1  0 0  0 0  1 1
   104  -.2105306051184559E-09   3   0 0  1 0  0 0  1 1
   105  -.4570128428701848E-10   3   0 0  0 1  0 0  1 1
   106  0.4057056879427764E-01   3   0 0  0 0  0 3  0 0
   107  -.2437514158231243E-01   3   0 0  0 0  0 2  1 0
   108  -.8178773663252160E-02   3   0 0  0 0  0 1  2 0
   109  -.8016693066880146E-02   3   0 0  0 0  0 0  3 0
   110  0.1445145906623418E-14   3   0 0  0 0  0 2  0 1
   111  0.6995439430791825E-15   3   0 0  0 0  0 1  1 1
   112  0.3902451631059509E-15   3   0 0  0 0  0 0  2 1
   113  -.2662035456687661E-03   4   4 0  0 0  0 0  0 0
   114  -.1359828928579029E-03   4   3 1  0 0  0 0  0 0
   115  -.2246396932067526E-04   4   2 2  0 0  0 0  0 0
   116  -.2966114213855617E-05   4   1 3  0 0  0 0  0 0
   117  -.4883170188837795E-01   4   0 4  0 0  0 0  0 0
   118  -.3791381526191943E-07   4   3 0  1 0  0 0  0 0
   119  -.5368135202734912E-05   4   2 1  1 0  0 0  0 0
   120  0.6274902443408391E-05   4   1 2  1 0  0 0  0 0
   121  0.4546453111800073E-06   4   0 3  1 0  0 0  0 0
   122  -.5324073272830404E-03   4   2 0  2 0  0 0  0 0
   123  -.9476681929500442E-04   4   1 1  2 0  0 0  0 0
   124  0.1383786816232434E-04   4   0 2  2 0  0 0  0 0
   125  -.1247396138017053E-07   4   1 0  3 0  0 0  0 0
   126  0.1607287492714945E-04   4   0 1  3 0  0 0  0 0
   127  -.2662527864276607E-03   4   0 0  4 0  0 0  0 0
   128  0.5363407704695413E-05   4   3 0  0 1  0 0  0 0
   129  -.2090601263745775E-05   4   2 1  0 1  0 0  0 0
   130  0.1826131276624973E-06   4   1 2  0 1  0 0  0 0
   131  0.8823857569390840E-07   4   0 3  0 1  0 0  0 0
   132  -.5355927583436257E-04   4   2 0  1 1  0 0  0 0
   133  -.8324603242118826E-05   4   1 1  1 1  0 0  0 0
   134  0.4130656730386213E-05   4   0 2  1 1  0 0  0 0
   135  0.2676023723661896E-04   4   1 0  2 1  0 0  0 0
   136  0.4867932547598027E-05   4   0 1  2 1  0 0  0 0
   137  -.9486092824990067E-04   4   0 0  3 1  0 0  0 0
   138  -.2222698356696354E-05   4   2 0  0 2  0 0  0 0
   139  0.1862869741020389E-05   4   1 1  0 2  0 0  0 0
   140  -.9766242214538334E-01   4   0 2  0 2  0 0  0 0
   141  0.1323343531010774E-04   4   1 0  1 2  0 0  0 0
   142  0.2963231781321626E-05   4   0 1  1 2  0 0  0 0
   143  -.1064730515061255E-05   4   0 0  2 2  0 0  0 0
   144  0.1381520097985221E-05   4   1 0  0 3  0 0  0 0
   145  0.4026863066751036E-06   4   0 1  0 3  0 0  0 0
   146  0.1817288311698722E-05   4   0 0  1 3  0 0  0 0
   147  -.4883132597698372E-01   4   0 0  0 4  0 0  0 0
   148  -.3582817642152267E-07   4   3 0  0 0  0 1  0 0
   149  -.1161716369484931E-01   4   2 1  0 0  0 1  0 0
   150  -.1765857675258582E-02   4   1 2  0 0  0 1  0 0
   151  -.3123672605871357E-03   4   0 3  0 0  0 1  0 0
   152  -.1861833040301658E-07   4   2 0  1 0  0 1  0 0
   153  0.1471349408508714E-04   4   1 1  1 0  0 1  0 0
   154  0.1144643957690883E-05   4   0 2  1 0  0 1  0 0
   155  -.3582817040245838E-07   4   1 0  2 0  0 1  0 0
   156  0.1161716565596403E-01   4   0 1  2 0  0 1  0 0
   157  -.1861361456348680E-07   4   0 0  3 0  0 1  0 0
   158  0.7358506482467068E-05   4   2 0  0 1  0 1  0 0
   159  0.2236494416365960E-05   4   1 1  0 1  0 1  0 0
   160  -.8752197120135677E-04   4   0 2  0 1  0 1  0 0
   161  0.2323431725009124E-01   4   1 0  1 1  0 1  0 0
   162  0.3531690497646977E-02   4   0 1  1 1  0 1  0 0
   163  -.7363222021111785E-05   4   0 0  2 1  0 1  0 0
   164  0.1765832193713930E-02   4   1 0  0 2  0 1  0 0
   165  0.2618374544243113E-03   4   0 1  0 2  0 1  0 0
   166  -.1092877408133842E-05   4   0 0  1 2  0 1  0 0
   167  -.8788566415168692E-04   4   0 0  0 3  0 1  0 0
   168  -.2659896487252739E-07   4   3 0  0 0  0 0  1 0
   169  -.3880977324735939E-02   4   2 1  0 0  0 0  1 0
   170  -.8829202658525314E-03   4   1 2  0 0  0 0  1 0
   171  -.1872512412788129E-03   4   0 3  0 0  0 0  1 0
   172  -.8810542368936111E-08   4   2 0  1 0  0 0  1 0
   173  0.4916590622111842E-05   4   1 1  1 0  0 0  1 0
   174  0.5684499454433868E-06   4   0 2  1 0  0 0  1 0
   175  -.2659899911410813E-07   4   1 0  2 0  0 0  1 0
   176  0.3880975119284160E-02   4   0 1  2 0  0 0  1 0
   177  -.8811337965365940E-08   4   0 0  3 0  0 0  1 0
   178  0.2458735252719455E-05   4   2 0  0 1  0 0  1 0
   179  0.1118754136521433E-05   4   1 1  0 1  0 0  1 0
   180  -.5246779728017344E-04   4   0 2  0 1  0 0  1 0
   181  0.7761938469416207E-02   4   1 0  1 1  0 0  1 0
   182  0.1765831338149256E-02   4   0 1  1 1  0 0  1 0
   183  -.2457938324651954E-05   4   0 0  2 1  0 0  1 0
   184  0.8829113260782973E-03   4   1 0  0 2  0 0  1 0
   185  0.1569625379075246E-03   4   0 1  0 2  0 0  1 0
   186  -.5497865639142423E-06   4   0 0  1 2  0 0  1 0
   187  -.5268581561706794E-04   4   0 0  0 3  0 0  1 0
   188  0.2351581553911877E-07   4   3 0  0 0  0 0  0 1
   189  0.7749065721194854E-02   4   2 1  0 0  0 0  0 1
   190  0.8829192899111491E-03   4   1 2  0 0  0 0  0 1
   191  0.5740104896328375E-04   4   0 3  0 0  0 0  0 1
   192  0.1222976598279229E-07   4   2 0  1 0  0 0  0 1
   193  -.9815189888836580E-05   4   1 1  1 0  0 0  0 1
   194  -.5587442990641855E-06   4   0 2  1 0  0 0  0 1
   195  0.2351581354447301E-07   4   1 0  2 0  0 0  0 1
   196  -.7749068754585043E-02   4   0 1  2 0  0 0  0 1
   197  0.1222584399984582E-07   4   0 0  3 0  0 0  0 1
   198  -.4908711646041081E-05   4   2 0  0 1  0 0  0 1
   199  -.1118218929403063E-05   4   1 1  0 1  0 0  0 1
   200  -.1089571275700514E-06   4   0 2  0 1  0 0  0 1
   201  -.1549812957701626E-01   4   1 0  1 1  0 0  0 1
   202  -.1765840263425137E-02   4   0 1  1 1  0 0  0 1
   203  0.4910339369217534E-05   4   0 0  2 1  0 0  0 1
   204  -.8829208697334169E-03   4   1 0  0 2  0 0  0 1
   205  -.1722035268639068E-03   4   0 1  0 2  0 0  0 1
   206  0.5600385709493747E-06   4   0 0  1 2  0 0  0 1
   207  0.3646494749776513E-07   4   0 0  0 3  0 0  0 1
   208  -.5016331537021333E-05   4   2 0  0 0  0 2  0 0
   209  -.1258638007978903E-05   4   1 1  0 0  0 2  0 0
   210  -.1219976144134101       4   0 2  0 0  0 2  0 0
   211  0.5225657067432830E-05   4   1 0  1 0  0 2  0 0
   212  0.6556057063218787E-06   4   0 1  1 0  0 2  0 0
   213  0.5016333794935726E-05   4   0 0  2 0  0 2  0 0
   214  0.6556066918434451E-06   4   1 0  0 1  0 2  0 0
   215  0.1623702942147769E-06   4   0 1  0 1  0 2  0 0
   216  0.1258638196394659E-05   4   0 0  1 1  0 2  0 0
   217  -.1219973421084503       4   0 0  0 2  0 2  0 0
   218  -.2007772661293144E-05   4   2 0  0 0  0 1  1 0
   219  -.9913268016849327E-06   4   1 1  0 0  0 1  1 0
   220  -.4883215037472941E-01   4   0 2  0 0  0 1  1 0
   221  0.2092122756927727E-05   4   1 0  1 0  0 1  1 0
   222  0.5164270731992894E-06   4   0 1  1 0  0 1  1 0
   223  0.2007770309530524E-05   4   0 0  2 0  0 1  1 0
   224  0.5164274394453177E-06   4   1 0  0 1  0 1  1 0
   225  0.1073262931686337E-06   4   0 1  0 1  0 1  1 0
   226  0.9913269194243896E-06   4   0 0  1 1  0 1  1 0
   227  -.4883183304966304E-01   4   0 0  0 2  0 1  1 0
   228  -.1007204956214864E-05   4   2 0  0 0  0 0  2 0
   229  -.4952749763838634E-06   4   1 1  0 0  0 0  2 0
   230  -.2449679586206244E-01   4   0 2  0 0  0 0  2 0
   231  0.1049518404902170E-05   4   1 0  1 0  0 0  2 0
   232  0.2580111879901862E-06   4   0 1  1 0  0 0  2 0
   233  0.1007205025197812E-05   4   0 0  2 0  0 0  2 0
   234  0.2580113718593675E-06   4   1 0  0 1  0 0  2 0
   235  0.5366632241648115E-07   4   0 1  0 1  0 0  2 0
   236  0.4952751679229709E-06   4   0 0  1 1  0 0  2 0
   237  -.2449663753860368E-01   4   0 0  0 2  0 0  2 0
   238  0.4013575573545126E-05   4   2 0  0 0  0 1  0 1
   239  0.7628461260100461E-06   4   1 1  0 0  0 1  0 1
   240  0.6945920288605907E-07   4   0 2  0 0  0 1  0 1
   241  -.4180770413533529E-05   4   1 0  1 0  0 1  0 1
   242  -.3973253202473821E-06   4   0 1  1 0  0 1  0 1
   243  -.4013577356440314E-05   4   0 0  2 0  0 1  0 1
   244  -.3973260204757523E-06   4   1 0  0 1  0 1  0 1
   245  -.7235623743635644E-07   4   0 1  0 1  0 1  0 1
   246  -.7628462043485523E-06   4   0 0  1 1  0 1  0 1
   247  -.6945919756380525E-07   4   0 0  0 2  0 1  0 1
   248  0.1340727566984572E-05   4   2 0  0 0  0 0  1 1
   249  0.4572830831454136E-06   4   1 1  0 0  0 0  1 1
   250  0.4952722577997119E-07   4   0 2  0 0  0 0  1 1
   251  -.1397051952564937E-05   4   1 0  1 0  0 0  1 1
   252  -.2382068868496935E-06   4   0 1  1 0  0 0  1 1
   253  -.1340726410312890E-05   4   0 0  2 0  0 0  1 1
   254  -.2382071316600037E-06   4   1 0  0 1  0 0  1 1
   255  -.5159750486124254E-07   4   0 1  0 1  0 0  1 1
   256  -.4572831974468740E-06   4   0 0  1 1  0 0  1 1
   257  -.4952728241095463E-07   4   0 0  0 2  0 0  1 1
   258  -.5842223310331978E-08   4   1 0  0 0  0 3  0 0
   259  -.9837192282322990E-04   4   0 1  0 0  0 3  0 0
   260  0.1119950285305036E-07   4   0 0  1 0  0 3  0 0
   261  -.5116124657449564E-04   4   0 0  0 1  0 3  0 0
   262  0.3279217661135338E-08   4   1 0  0 0  0 2  1 0
   263  -.4217354724271115E-04   4   0 1  0 0  0 2  1 0
   264  -.6399072149105406E-08   4   0 0  1 0  0 2  1 0
   265  -.2193864244249986E-04   4   0 0  0 1  0 2  1 0
   266  0.1023952101355156E-08   4   1 0  0 0  0 1  2 0
   267  -.2532702879244813E-04   4   0 1  0 0  0 1  2 0
   268  -.2038120556369720E-08   4   0 0  1 0  0 1  2 0
   269  -.1317507643405924E-04   4   0 0  0 1  0 1  2 0
   270  0.1077957742154895E-08   4   1 0  0 0  0 0  3 0
   271  -.1413224421432092E-04   4   0 1  0 0  0 0  3 0
   272  -.2103862475727776E-08   4   0 0  1 0  0 0  3 0
   273  -.7351561593570667E-05   4   0 0  0 1  0 0  3 0
   274  -.6377327032162326E-10   4   1 0  0 0  0 2  0 1
   275  -.5407317781749777E-11   4   0 1  0 0  0 2  0 1
   276  0.1498557610053537E-09   4   0 0  1 0  0 2  0 1
   277  0.1274557496555880E-10   4   0 0  0 1  0 2  0 1
   278  0.1966061601582744E-09   4   1 0  0 0  0 1  1 1
   279  0.3364342189862967E-10   4   0 1  0 0  0 1  1 1
   280  -.3200900990322148E-09   4   0 0  1 0  0 1  1 1
   281  -.5140494460473067E-10   4   0 0  0 1  0 1  1 1
   282  0.9772658242566752E-10   4   1 0  0 0  0 0  2 1
   283  0.1673190016024833E-10   4   0 1  0 0  0 0  2 1
   284  -.1589813767361684E-09   4   0 0  1 0  0 0  2 1
   285  -.2555043146658064E-10   4   0 0  0 1  0 0  2 1
   286  -.3550437692038693E-01   4   0 0  0 0  0 4  0 0
   287  0.2030570240403991E-01   4   0 0  0 0  0 3  1 0
   288  0.6104099539413969E-02   4   0 0  0 0  0 2  2 0
   289  0.4109354178338363E-02   4   0 0  0 0  0 1  3 0
   290  0.4985171400905096E-02   4   0 0  0 0  0 0  4 0
   291  -.5785382223226922E-15   4   0 0  0 0  0 3  0 1
   292  0.8925557369045647E-15   4   0 0  0 0  0 2  1 1
   293  0.1191330104995346E-14   4   0 0  0 0  0 1  2 1
   294  0.4135159461448916E-15   4   0 0  0 0  0 0  3 1
   ----------------------------------------------------
     I  COEFFICIENT            ORDER EXPONENTS
     1   1.000000000000000       1   0 0  0 0  0 1  0 0
     --------------------------------------------------
     I  COEFFICIENT            ORDER EXPONENTS
     1   1.000000000000000       1   0 0  0 0  0 0  1 0
     --------------------------------------------------
     I  COEFFICIENT            ORDER EXPONENTS
     1   1.000000000000000       1   0 0  0 0  0 0  0 1
     --------------------------------------------------
