     I  COEFFICIENT            ORDER EXPONENTS
     1   1.000000000000000       1   1 0  0 0  0 0  0 0
     2  0.5809650000000000       1   0 1  0 0  0 0  0 0
     3  -.2909683544617311       2   0 1  0 0  0 1  0 0
     4  -.2899966455382688       2   0 1  0 0  0 0  1 0
     5  0.2904825000000000       3   0 3  0 0  0 0  0 0
     6  0.2904825000000000       3   0 1  0 2  0 0  0 0
     7  0.2181054117027562       3   0 1  0 0  0 2  0 0
     8  0.1457258855179497       3   0 1  0 0  0 1  1 0
     9  0.2171337027792939       3   0 1  0 0  0 0  2 0
    10  -.4364525316925967       4   0 3  0 0  0 1  0 0
    11  -.4364525316925967       4   0 1  0 2  0 1  0 0
    12  -.4349949683074033       4   0 3  0 0  0 0  1 0
    13  -.4349949683074033       4   0 1  0 2  0 0  1 0
    14  -.1817340635085853       4   0 1  0 0  0 3  0 0
    15  -.1091140445825129       4   0 1  0 0  0 2  1 0
    16  -.1094747836944117       4   0 1  0 0  0 1  2 0
    17  -.1806421082144900       4   0 1  0 0  0 0  3 0
    ---------------------------------------------------
     I  COEFFICIENT            ORDER EXPONENTS
     1   1.000000000000000       1   0 1  0 0  0 0  0 0
     --------------------------------------------------
     I  COEFFICIENT            ORDER EXPONENTS
     1   1.000000000000000       1   0 0  1 0  0 0  0 0
     2  0.5809650000000000       1   0 0  0 1  0 0  0 0
     3  -.2909683544617311       2   0 0  0 1  0 1  0 0
     4  -.2899966455382688       2   0 0  0 1  0 0  1 0
     5  0.2904825000000000       3   0 2  0 1  0 0  0 0
     6  0.2904825000000000       3   0 0  0 3  0 0  0 0
     7  0.2181054117027562       3   0 0  0 1  0 2  0 0
     8  0.1457258855179497       3   0 0  0 1  0 1  1 0
     9  0.2171337027792939       3   0 0  0 1  0 0  2 0
    10  -.4364525316925967       4   0 2  0 1  0 1  0 0
    11  -.4364525316925967       4   0 0  0 3  0 1  0 0
    12  -.4349949683074033       4   0 2  0 1  0 0  1 0
    13  -.4349949683074033       4   0 0  0 3  0 0  1 0
    14  -.1817340635085853       4   0 0  0 1  0 3  0 0
    15  -.1091140445825129       4   0 0  0 1  0 2  1 0
    16  -.1094747836944117       4   0 0  0 1  0 1  2 0
    17  -.1806421082144900       4   0 0  0 1  0 0  3 0
    ---------------------------------------------------
     I  COEFFICIENT            ORDER EXPONENTS
     1   1.000000000000000       1   0 0  0 1  0 0  0 0
     --------------------------------------------------
     I  COEFFICIENT            ORDER EXPONENTS
     1   1.000000000000000       1   0 0  0 0  1 0  0 0
     2  0.1447558018528626       1   0 0  0 0  0 1  0 0
     3  -.1447558018528626       1   0 0  0 0  0 0  1 0
     4  -.1454841772308656       2   0 2  0 0  0 0  0 0
     5  -.1454841772308656       2   0 0  0 2  0 0  0 0
     6  -.1087484378505999       2   0 0  0 0  0 2  0 0
     7  0.7274107384833721E-01   2   0 0  0 0  0 1  1 0
     8  0.3600736400226268E-01   2   0 0  0 0  0 0  2 0
     9  0.2181054117027563       3   0 2  0 0  0 1  0 0
    10  0.2181054117027563       3   0 0  0 2  0 1  0 0
    11  0.7286294275897495E-01   3   0 2  0 0  0 0  1 0
    12  0.7286294275897495E-01   3   0 0  0 2  0 0  1 0
    13  0.9065421571683287E-01   3   0 0  0 0  0 3  0 0
    14  -.5446577144929878E-01   3   0 0  0 0  0 2  1 0
    15  -.1827530239903840E-01   3   0 0  0 0  0 1  2 0
    16  -.1791314186849566E-01   3   0 0  0 0  0 0  3 0
    17  -.1091131329231492       4   0 4  0 0  0 0  0 0
    18  -.2182262658462984       4   0 2  0 2  0 0  0 0
    19  -.1091131329231492       4   0 0  0 4  0 0  0 0
    20  -.2726010952628780       4   0 2  0 0  0 2  0 0
    21  -.2726010952628780       4   0 0  0 2  0 2  0 0
    22  -.1091140445825129       4   0 2  0 0  0 1  1 0
    23  -.1091140445825129       4   0 0  0 2  0 1  1 0
    24  -.5473739184720592E-01   4   0 2  0 0  0 0  2 0
    25  -.5473739184720592E-01   4   0 0  0 2  0 0  2 0
    26  -.7933385155090852E-01   4   0 0  0 0  0 4  0 0
    27  0.4537275905313548E-01   4   0 0  0 0  0 3  1 0
    28  0.1363951859424489E-01   4   0 0  0 0  0 2  2 0
    29  0.9182290002875088E-02   4   0 0  0 0  0 1  3 0
    30  0.1113928390065295E-01   4   0 0  0 0  0 0  4 0
    ---------------------------------------------------
     I  COEFFICIENT            ORDER EXPONENTS
     1   1.000000000000000       1   0 0  0 0  0 1  0 0
     --------------------------------------------------
     I  COEFFICIENT            ORDER EXPONENTS
     1   1.000000000000000       1   0 0  0 0  0 0  1 0
     --------------------------------------------------
     I  COEFFICIENT            ORDER EXPONENTS
     1   1.000000000000000       1   0 0  0 0  0 0  0 1
     --------------------------------------------------
