     I  COEFFICIENT            ORDER EXPONENTS
     1   1.000000000000000       1   1 0  0 0  0 0  0 0
     2  0.9997420000000000       1   0 1  0 0  0 0  0 0
     3  -.5007070729325863       2   0 1  0 0  0 1  0 0
     4  -.4990349270674136       2   0 1  0 0  0 0  1 0
     5  0.4998710000000000       3   0 3  0 0  0 0  0 0
     6  0.4998710000000000       3   0 1  0 2  0 0  0 0
     7  0.3753223352638058       3   0 1  0 0  0 2  0 0
     8  0.2507694753375610       3   0 1  0 0  0 1  1 0
     9  0.3736501893986331       3   0 1  0 0  0 0  2 0
    10  -.7510606093988795       4   0 3  0 0  0 1  0 0
    11  -.7510606093988795       4   0 1  0 2  0 1  0 0
    12  -.7485523906011204       4   0 3  0 0  0 0  1 0
    13  -.7485523906011204       4   0 1  0 2  0 0  1 0
    14  -.3127334282103054       4   0 1  0 0  0 3  0 0
    15  -.1877667211605014       4   0 1  0 0  0 2  1 0
    16  -.1883874918458402       4   0 1  0 0  0 1  2 0
    17  -.3108543587833530       4   0 1  0 0  0 0  3 0
    ---------------------------------------------------
     I  COEFFICIENT            ORDER EXPONENTS
     1   1.000000000000000       1   0 1  0 0  0 0  0 0
     --------------------------------------------------
     I  COEFFICIENT            ORDER EXPONENTS
     1   1.000000000000000       1   0 0  1 0  0 0  0 0
     2  0.9997420000000000       1   0 0  0 1  0 0  0 0
     3  -.5007070729325863       2   0 0  0 1  0 1  0 0
     4  -.4990349270674136       2   0 0  0 1  0 0  1 0
     5  0.4998710000000000       3   0 2  0 1  0 0  0 0
     6  0.4998710000000000       3   0 0  0 3  0 0  0 0
     7  0.3753223352638058       3   0 0  0 1  0 2  0 0
     8  0.2507694753375610       3   0 0  0 1  0 1  1 0
     9  0.3736501893986331       3   0 0  0 1  0 0  2 0
    10  -.7510606093988795       4   0 2  0 1  0 1  0 0
    11  -.7510606093988795       4   0 0  0 3  0 1  0 0
    12  -.7485523906011204       4   0 2  0 1  0 0  1 0
    13  -.7485523906011204       4   0 0  0 3  0 0  1 0
    14  -.3127334282103054       4   0 0  0 1  0 3  0 0
    15  -.1877667211605014       4   0 0  0 1  0 2  1 0
    16  -.1883874918458402       4   0 0  0 1  0 1  2 0
    17  -.3108543587833530       4   0 0  0 1  0 0  3 0
    ---------------------------------------------------
     I  COEFFICIENT            ORDER EXPONENTS
     1   1.000000000000000       1   0 0  0 1  0 0  0 0
     --------------------------------------------------
     I  COEFFICIENT            ORDER EXPONENTS
     1   1.000000000000000       1   0 0  0 0  1 0  0 0
     2  0.2491001262657554       1   0 0  0 0  0 1  0 0
     3  -.2491001262657554       1   0 0  0 0  0 0  1 0
     4  -.2503535364662932       2   0 2  0 0  0 0  0 0
     5  -.2503535364662932       2   0 0  0 2  0 0  0 0
     6  -.1871375741286213       2   0 0  0 0  0 2  0 0
     7  0.1251750219914872       2   0 0  0 0  0 1  1 0
     8  0.6196255213713407E-01   2   0 0  0 0  0 0  2 0
     9  0.3753223352638059       3   0 2  0 0  0 1  0 0
    10  0.3753223352638059       3   0 0  0 2  0 1  0 0
    11  0.1253847376687806       3   0 2  0 0  0 0  1 0
    12  0.1253847376687806       3   0 0  0 2  0 0  1 0
    13  0.1560004938837588       3   0 0  0 0  0 3  0 0
    14  -.9372633339403384E-01   3   0 0  0 0  0 2  1 0
    15  -.3144868859745329E-01   3   0 0  0 0  0 1  2 0
    16  -.3082547189227162E-01   3   0 0  0 0  0 0  3 0
    17  -.1877651523497199       4   0 4  0 0  0 0  0 0
    18  -.3755303046994398       4   0 2  0 2  0 0  0 0
    19  -.1877651523497199       4   0 0  0 4  0 0  0 0
    20  -.4691001423154582       4   0 2  0 0  0 2  0 0
    21  -.4691001423154582       4   0 0  0 2  0 2  0 0
    22  -.1877667211605013       4   0 2  0 0  0 1  1 0
    23  -.1877667211605013       4   0 0  0 2  0 1  1 0
    24  -.9419374592292025E-01   4   0 2  0 0  0 0  2 0
    25  -.9419374592292025E-01   4   0 0  0 2  0 0  2 0
    26  -.1365200716346224       4   0 0  0 0  0 4  0 0
    27  0.7807880488721312E-01   4   0 0  0 0  0 3  1 0
    28  0.2347129276023096E-01   4   0 0  0 0  0 2  2 0
    29  0.1580116009063258E-01   4   0 0  0 0  0 1  3 0
    30  0.1916881389654554E-01   4   0 0  0 0  0 0  4 0
    ---------------------------------------------------
     I  COEFFICIENT            ORDER EXPONENTS
     1   1.000000000000000       1   0 0  0 0  0 1  0 0
     --------------------------------------------------
     I  COEFFICIENT            ORDER EXPONENTS
     1   1.000000000000000       1   0 0  0 0  0 0  1 0
     --------------------------------------------------
     I  COEFFICIENT            ORDER EXPONENTS
     1   1.000000000000000       1   0 0  0 0  0 0  0 1
     --------------------------------------------------
