     I  COEFFICIENT            ORDER EXPONENTS
     1  0.9116621461997541E-04   0   0 0  0 0  0 0  0 0
     2   1.296864015827941       1   1 0  0 0  0 0  0 0
     3  0.2688547259357358       1   0 1  0 0  0 0  0 0
     4  0.1125821176000201E-04   1   0 0  1 0  0 0  0 0
     5  0.6225901875796137E-06   1   0 0  0 1  0 0  0 0
     6  0.8261702104013056E-06   1   0 0  0 0  0 1  0 0
     7  0.8234111579015570E-06   1   0 0  0 0  0 0  1 0
     8  -.1649581368302892E-05   1   0 0  0 0  0 0  0 1
     9  -.5540000416025605E-01   2   2 0  0 0  0 0  0 0
    10  -.8189294573273217E-02   2   1 1  0 0  0 0  0 0
    11  -.4746372377694465E-03   2   0 2  0 0  0 0  0 0
    12  0.3744153856836390E-03   2   1 0  1 0  0 0  0 0
    13  -.2017889932397346E-03   2   0 1  1 0  0 0  0 0
    14  0.4545326425959143E-01   2   0 0  2 0  0 0  0 0
    15  0.4150804534345512E-04   2   1 0  0 1  0 0  0 0
    16  0.3995864327394106E-05   2   0 1  0 1  0 0  0 0
    17  0.6747209926692266E-02   2   0 0  1 1  0 0  0 0
    18  0.4459561338859773E-03   2   0 0  0 2  0 0  0 0
    19  -.1550484734848886       2   1 0  0 0  0 1  0 0
    20  -.1441530960547237       2   0 1  0 0  0 1  0 0
    21  -.5891746283709861E-05   2   0 0  1 0  0 1  0 0
    22  -.6531345021947399E-06   2   0 0  0 1  0 1  0 0
    23  -.1545306783949954       2   1 0  0 0  0 0  1 0
    24  -.1436716868305477       2   0 1  0 0  0 0  1 0
    25  -.5872070389919805E-05   2   0 0  1 0  0 0  1 0
    26  -.6509533143979468E-06   2   0 0  0 1  0 0  1 0
    27  0.3095791518723316       2   1 0  0 0  0 0  0 1
    28  0.1897005694882475E-01   2   0 1  0 0  0 0  0 1
    29  0.1176381291051333E-04   2   0 0  1 0  0 0  0 1
    30  0.6814965932908913E-06   2   0 0  0 1  0 0  0 1
    31  -.6995850394501343E-06   2   0 0  0 0  0 2  0 0
    32  -.5738208890687145E-06   2   0 0  0 0  0 1  1 0
    33  -.6962905696222607E-06   2   0 0  0 0  0 0  2 0
    34  0.1146760600608638E-05   2   0 0  0 0  0 1  0 1
    35  0.1142930914350470E-05   2   0 0  0 0  0 0  1 1
    36  -.3200504447112390E-06   2   0 0  0 0  0 0  0 2
    37   1.339494633106243       3   3 0  0 0  0 0  0 0
    38   2.577532532103169       3   2 1  0 0  0 0  0 0
    39  0.8236818697007348       3   1 2  0 0  0 0  0 0
    40  0.1897163007666258       3   0 3  0 0  0 0  0 0
    41  0.2277542474895007E-02   3   2 0  1 0  0 0  0 0
    42  0.4546935426867077E-03   3   1 1  1 0  0 0  0 0
    43  0.4605335845828508E-04   3   0 2  1 0  0 0  0 0
    44  -.6128818311342649       3   1 0  2 0  0 0  0 0
    45   1.132035887343061       3   0 1  2 0  0 0  0 0
    46  -.6278869812492892E-03   3   0 0  3 0  0 0  0 0
    47  0.2940302575605147E-03   3   2 0  0 1  0 0  0 0
    48  0.7282233867441025E-04   3   1 1  0 1  0 0  0 0
    49  0.6610360977334880E-05   3   0 2  0 1  0 0  0 0
    50  -.5554695499760951       3   1 0  1 1  0 0  0 0
    51  -.7835958480505276E-01   3   0 1  1 1  0 0  0 0
    52  -.1329597789211890E-03   3   0 0  2 1  0 0  0 0
    53  0.2887057576519113       3   1 0  0 2  0 0  0 0
    54  0.1570534812262089       3   0 1  0 2  0 0  0 0
    55  -.6411649328596742E-05   3   0 0  1 2  0 0  0 0
    56  0.5461809268512764E-06   3   0 0  0 3  0 0  0 0
    57  0.3153634301378294E-01   3   2 0  0 0  0 1  0 0
    58  0.8639909856040930E-02   3   1 1  0 0  0 1  0 0
    59  0.7235392788168338E-03   3   0 2  0 0  0 1  0 0
    60  -.2243187752545205E-03   3   1 0  1 0  0 1  0 0
    61  0.2045333997913280E-03   3   0 1  1 0  0 1  0 0
    62  -.2151504878179494E-01   3   0 0  2 0  0 1  0 0
    63  -.6401551258681202E-04   3   1 0  0 1  0 1  0 0
    64  -.9031733994918842E-05   3   0 1  0 1  0 1  0 0
    65  -.6456457976103474E-02   3   0 0  1 1  0 1  0 0
    66  -.6617114487318506E-03   3   0 0  0 2  0 1  0 0
    67  0.3143102521736303E-01   3   2 0  0 0  0 0  1 0
    68  0.8611056280123444E-02   3   1 1  0 0  0 0  1 0
    69  0.7211229694040701E-03   3   0 2  0 0  0 0  1 0
    70  -.2235696472058078E-03   3   1 0  1 0  0 0  1 0
    71  0.2038503463709959E-03   3   0 1  1 0  0 0  1 0
    72  -.2144319778985909E-01   3   0 0  2 0  0 0  1 0
    73  -.6380172835953483E-04   3   1 0  0 1  0 0  1 0
    74  -.9001571895217564E-05   3   0 1  0 1  0 0  1 0
    75  -.6434896188599319E-02   3   0 0  1 1  0 0  1 0
    76  -.6595016176294991E-03   3   0 0  0 2  0 0  1 0
    77  -.6296742354510207E-01   3   2 0  0 0  0 0  0 1
    78  -.9061712119198739E-02   3   1 1  0 0  0 0  0 1
    79  -.4953922134629135E-03   3   0 2  0 0  0 0  0 1
    80  0.4480057954893633E-03   3   1 0  1 0  0 0  0 1
    81  -.2065956867894791E-03   3   0 1  1 0  0 0  0 1
    82  0.4295827786978936E-01   3   0 0  2 0  0 0  0 1
    83  0.8632606399504928E-04   3   1 0  0 1  0 0  0 1
    84  0.1004198939458491E-04   3   0 1  0 1  0 0  0 1
    85  0.6144169003835600E-02   3   0 0  1 1  0 0  0 1
    86  0.4293047060345286E-03   3   0 0  0 2  0 0  0 1
    87  0.1194473504684365       3   1 0  0 0  0 2  0 0
    88  0.1128402973863942       3   0 1  0 0  0 2  0 0
    89  0.4582724250256553E-05   3   0 0  1 0  0 2  0 0
    90  0.6934891706276839E-06   3   0 0  0 1  0 2  0 0
    91  0.8408239972700703E-01   3   1 0  0 0  0 1  1 0
    92  0.8173514819046712E-01   3   0 1  0 0  0 1  1 0
    93  0.3221675045985877E-05   3   0 0  1 0  0 1  1 0
    94  0.7165087010319404E-06   3   0 0  0 1  0 1  1 0
    95  0.1189080482969523       3   1 0  0 0  0 0  2 0
    96  0.1123269793295165       3   0 1  0 0  0 0  2 0
    97  0.4562040422785836E-05   3   0 0  1 0  0 0  2 0
    98  0.6899768004711950E-06   3   0 0  0 1  0 0  2 0
    99  -.1679290566923766       3   1 0  0 0  0 1  0 1
   100  -.1911002457528909E-01   3   0 1  0 0  0 1  0 1
   101  -.6382253810683588E-05   3   0 0  1 0  0 1  0 1
   102  -.7248359927536817E-06   3   0 0  0 1  0 1  0 1
   103  -.1673682460049091       3   1 0  0 0  0 0  1 1
   104  -.1904620532785963E-01   3   0 1  0 0  0 0  1 1
   105  -.6360939833116804E-05   3   0 0  1 0  0 0  1 1
   106  -.7224153528751169E-06   3   0 0  0 1  0 0  1 1
   107  0.1285921139898793E-01   3   1 0  0 0  0 0  0 2
   108  0.1080944516753607E-03   3   0 1  0 0  0 0  0 2
   109  0.4300065573896522E-06   3   0 0  1 0  0 0  0 2
   110  0.4384777760038396E-07   3   0 0  0 1  0 0  0 2
   111  0.6372700578814141E-06   3   0 0  0 0  0 3  0 0
   112  0.5126687773265846E-06   3   0 0  0 0  0 2  1 0
   113  0.5132822882613888E-06   3   0 0  0 0  0 1  2 0
   114  0.6332245710901926E-06   3   0 0  0 0  0 0  3 0
   115  -.1025282641867638E-05   3   0 0  0 0  0 2  0 1
   116  -.9044728565083627E-06   3   0 0  0 0  0 1  1 1
   117  -.1020348364847383E-05   3   0 0  0 0  0 0  2 1
   118  0.3306535385103739E-06   3   0 0  0 0  0 1  0 2
   119  0.3295492981728795E-06   3   0 0  0 0  0 0  1 2
   120  -.6712810588084394E-08   3   0 0  0 0  0 0  0 3
   121   2.189716640784578       4   4 0  0 0  0 0  0 0
   122  0.1131285126155243E-01   4   3 1  0 0  0 0  0 0
   123  -.1313879890511947       4   2 2  0 0  0 0  0 0
   124  -.2861254630029935E-01   4   1 3  0 0  0 0  0 0
   125  -.2181552153674703E-02   4   0 4  0 0  0 0  0 0
   126  0.1010289679483999E-02   4   3 0  1 0  0 0  0 0
   127  0.1151800540032212E-03   4   2 1  1 0  0 0  0 0
   128  -.4239520619294010E-03   4   1 2  1 0  0 0  0 0
   129  -.1353162039260413E-03   4   0 3  1 0  0 0  0 0
   130  -12.80205490027342       4   2 0  2 0  0 0  0 0
   131  -1.783558526109166       4   1 1  2 0  0 0  0 0
   132  -.2920464567645713E-01   4   0 2  2 0  0 0  0 0
   133  -.2034345516246000E-02   4   1 0  3 0  0 0  0 0
   134  0.2340357610802324E-03   4   0 1  3 0  0 0  0 0
   135   1.898379883915309       4   0 0  4 0  0 0  0 0
   136  -.3461977891221171E-03   4   3 0  0 1  0 0  0 0
   137  0.1482067046350535E-04   4   2 1  0 1  0 0  0 0
   138  0.1733202976256575E-03   4   1 2  0 1  0 0  0 0
   139  0.6232515171192480E-04   4   0 3  0 1  0 0  0 0
   140  -1.604446746942161       4   2 0  1 1  0 0  0 0
   141  -.3372565135518727       4   1 1  1 1  0 0  0 0
   142  -.9284962102176816E-02   4   0 2  1 1  0 0  0 0
   143  -.1393663699223920E-02   4   1 0  2 1  0 0  0 0
   144  -.4698804630223765E-03   4   0 1  2 1  0 0  0 0
   145  0.6026550613126362       4   0 0  3 1  0 0  0 0
   146  -.1764000536163883       4   2 0  0 2  0 0  0 0
   147  -.3633263150534063E-01   4   1 1  0 2  0 0  0 0
   148  -.1636798712114380E-02   4   0 2  0 2  0 0  0 0
   149  -.2831297603223224E-03   4   1 0  1 2  0 0  0 0
   150  -.2088950014138147E-03   4   0 1  1 2  0 0  0 0
   151  0.1404126280260152       4   0 0  2 2  0 0  0 0
   152  0.1027701571850726E-03   4   1 0  0 3  0 0  0 0
   153  0.4709428350453053E-04   4   0 1  0 3  0 0  0 0
   154  0.2122583731272745E-01   4   0 0  1 3  0 0  0 0
   155  0.1479782476172126E-02   4   0 0  0 4  0 0  0 0
   156  -1.788254425995297       4   3 0  0 0  0 1  0 0
   157  -3.491986178955226       4   2 1  0 0  0 1  0 0
   158  -1.384617799290458       4   1 2  0 0  0 1  0 0
   159  -.3231859729936514       4   0 3  0 0  0 1  0 0
   160  -.1515691114160455E-03   4   2 0  1 0  0 1  0 0
   161  -.2087349735520422E-03   4   1 1  1 0  0 1  0 0
   162  -.6666777465698539E-04   4   0 2  1 0  0 1  0 0
   163  0.5057439797304711       4   1 0  2 0  0 1  0 0
   164  -1.152446778374235       4   0 1  2 0  0 1  0 0
   165  -.3244967784335230E-04   4   0 0  3 0  0 1  0 0
   166  -.1527806675402562E-03   4   2 0  0 1  0 1  0 0
   167  -.6651399229093598E-04   4   1 1  0 1  0 1  0 0
   168  -.1171119621431550E-04   4   0 2  0 1  0 1  0 0
   169  0.8486995756798702       4   1 0  1 1  0 1  0 0
   170  0.1547167488988583       4   0 1  1 1  0 1  0 0
   171  -.3115241422840017E-04   4   0 0  2 1  0 1  0 0
   172  -.4344433443739577       4   1 0  0 2  0 1  0 0
   173  -.2502363109028796       4   0 1  0 2  0 1  0 0
   174  -.3296449746025970E-04   4   0 0  1 2  0 1  0 0
   175  -.5887994003096817E-05   4   0 0  0 3  0 1  0 0
   176  -1.782282426784784       4   3 0  0 0  0 0  1 0
   177  -3.480324449840559       4   2 1  0 0  0 0  1 0
   178  -1.379993772483039       4   1 2  0 0  0 0  1 0
   179  -.3221066711071119       4   0 3  0 0  0 0  1 0
   180  -.1510629358961899E-03   4   2 0  1 0  0 0  1 0
   181  -.2080378886858456E-03   4   1 1  1 0  0 0  1 0
   182  -.6644513301727531E-04   4   0 2  1 0  0 0  1 0
   183  0.5040550127670335       4   1 0  2 0  0 0  1 0
   184  -1.148598102732398       4   0 1  2 0  0 0  1 0
   185  -.3234130990216436E-04   4   0 0  3 0  0 0  1 0
   186  -.1522704459450068E-03   4   2 0  0 1  0 0  1 0
   187  -.6629186421806413E-04   4   1 1  0 1  0 0  1 0
   188  -.1167208586540239E-04   4   0 2  0 1  0 0  1 0
   189  0.8458652848080941       4   1 0  1 1  0 0  1 0
   190  0.1542000616261426       4   0 1  1 1  0 0  1 0
   191  -.3104837858868553E-04   4   0 0  2 1  0 0  1 0
   192  -.4329924908086361       4   1 0  0 2  0 0  1 0
   193  -.2494006294531624       4   0 1  0 2  0 0  1 0
   194  -.3285441024339083E-04   4   0 0  1 2  0 0  1 0
   195  -.5868330640307158E-05   4   0 0  0 3  0 0  1 0
   196   3.570542915567601       4   3 0  0 0  0 0  0 1
   197   4.394587351956346       4   2 1  0 0  0 0  0 1
   198   1.117171126661498       4   1 2  0 0  0 0  0 1
   199  0.7613497724254129E-01   4   0 3  0 0  0 0  0 1
   200  0.4993697606540042E-03   4   2 0  1 0  0 0  0 1
   201  0.3090786016795326E-03   4   1 1  1 0  0 0  0 1
   202  0.5287509407647136E-04   4   0 2  1 0  0 0  0 1
   203  -1.010458344441933       4   1 0  2 0  0 0  0 1
   204   1.169017206598399       4   0 1  2 0  0 0  0 1
   205  -.8874443132203505E-05   4   0 0  3 0  0 0  0 1
   206  0.2155053695983629E-03   4   2 0  0 1  0 0  0 1
   207  0.6370319302624001E-04   4   1 1  0 1  0 0  0 1
   208  0.7005517500662243E-05   4   0 2  0 1  0 0  0 1
   209  -1.139257243847527       4   1 0  1 1  0 0  0 1
   210  -.1521999301341359       4   0 1  1 1  0 0  0 1
   211  -.7365950991813560E-05   4   0 0  2 1  0 0  0 1
   212  0.2900043384700288       4   1 0  0 2  0 0  0 1
   213  0.2847550474025669E-01   4   0 1  0 2  0 0  0 1
   214  0.1369072130703731E-04   4   0 0  1 2  0 0  0 1
   215  0.2434648334113291E-05   4   0 0  0 3  0 0  0 1
   216  -.2704252658262527E-01   4   2 0  0 0  0 2  0 0
   217  -.1013197053368962E-01   4   1 1  0 0  0 2  0 0
   218  -.1356639633542042E-02   4   0 2  0 0  0 2  0 0
   219  -.1588044678833708E-04   4   1 0  1 0  0 2  0 0
   220  -.6192389818549828E-04   4   0 1  1 0  0 2  0 0
   221  0.1512295874565931E-01   4   0 0  2 0  0 2  0 0
   222  0.1346187818387247E-03   4   1 0  0 1  0 2  0 0
   223  0.7698294520934790E-04   4   0 1  0 1  0 2  0 0
   224  0.6291950011985481E-02   4   0 0  1 1  0 2  0 0
   225  0.7136647390258867E-03   4   0 0  0 2  0 2  0 0
   226  -.2144420405587412E-01   4   2 0  0 0  0 1  1 0
   227  -.1079043606257286E-01   4   1 1  0 0  0 1  1 0
   228  -.1667666171480634E-02   4   0 2  0 0  0 1  1 0
   229  -.7703382776052152E-04   4   1 0  1 0  0 1  1 0
   230  -.7088256796266648E-04   4   0 1  1 0  0 1  1 0
   231  0.9210985722580327E-02   4   0 0  2 0  0 1  1 0
   232  0.1617103527419507E-03   4   1 0  0 1  0 1  1 0
   233  0.9512195631189405E-04   4   0 1  0 1  0 1  1 0
   234  0.6095205367048774E-02   4   0 0  1 1  0 1  1 0
   235  0.8451508153194162E-03   4   0 0  0 2  0 1  1 0
   236  -.2691640899612693E-01   4   2 0  0 0  0 0  2 0
   237  -.1008011641466412E-01   4   1 1  0 0  0 0  2 0
   238  -.1349324398550684E-02   4   0 2  0 0  0 0  2 0
   239  -.1569878304393357E-04   4   1 0  1 0  0 0  2 0
   240  -.6159874043252828E-04   4   0 1  1 0  0 0  2 0
   241  0.1505707421842940E-01   4   0 0  2 0  0 0  2 0
   242  0.1338991916676648E-03   4   1 0  0 1  0 0  2 0
   243  0.7656702217220072E-04   4   0 1  0 1  0 0  2 0
   244  0.6260759930465579E-02   4   0 0  1 1  0 0  2 0
   245  0.7098701865503424E-03   4   0 0  0 2  0 0  2 0
   246  0.4155910379325613E-01   4   2 0  0 0  0 1  0 1
   247  0.1109180135076613E-01   4   1 1  0 0  0 1  0 1
   248  0.8916701998989388E-03   4   0 2  0 0  0 1  0 1
   249  0.5078259418652522E-04   4   1 0  1 0  0 1  0 1
   250  0.6997793487821337E-04   4   0 1  1 0  0 1  0 1
   251  -.1880887517742379E-01   4   0 0  2 0  0 1  0 1
   252  -.1101178985055881E-03   4   1 0  0 1  0 1  0 1
   253  -.1178682811896100E-04   4   0 1  0 1  0 1  0 1
   254  -.5641960402724873E-02   4   0 0  1 1  0 1  0 1
   255  -.6212035217159553E-03   4   0 0  0 2  0 1  0 1
   256  0.4142031429471450E-01   4   2 0  0 0  0 0  1 1
   257  0.1105475951379461E-01   4   1 1  0 0  0 0  1 1
   258  0.8886924056585904E-03   4   0 2  0 0  0 0  1 1
   259  0.5061300220454218E-04   4   1 0  1 0  0 0  1 1
   260  0.6974423872973558E-04   4   0 1  1 0  0 0  1 1
   261  -.1874606163921591E-01   4   0 0  2 0  0 0  1 1
   262  -.1097501521752052E-03   4   1 0  0 1  0 0  1 1
   263  -.1174746519207601E-04   4   0 1  0 1  0 0  1 1
   264  -.5623118686142710E-02   4   0 0  1 1  0 0  1 1
   265  -.6191289696346694E-03   4   0 0  0 2  0 0  1 1
   266  -.8529990902561117E-02   4   2 0  0 0  0 0  0 2
   267  -.1017602990335977E-02   4   1 1  0 0  0 0  0 2
   268  -.2499557309050528E-04   4   0 2  0 0  0 0  0 2
   269  -.6067276727916192E-04   4   1 0  1 0  0 0  0 2
   270  -.8352791844321374E-05   4   0 1  1 0  0 0  0 2
   271  -.2254954774234590E-02   4   0 0  2 0  0 0  0 2
   272  0.1643327752099772E-05   4   1 0  0 1  0 0  0 2
   273  -.3111404065448160E-06   4   0 1  0 1  0 0  0 2
   274  -.5642037100974768E-03   4   0 0  1 1  0 0  0 2
   275  -.1489985775189196E-04   4   0 0  0 2  0 0  0 2
   276  -.1016965481785008       4   1 0  0 0  0 3  0 0
   277  -.9722312571613931E-01   4   0 1  0 0  0 3  0 0
   278  -.6460576649386310E-05   4   0 0  1 0  0 3  0 0
   279  -.1369694253527379E-05   4   0 0  0 1  0 3  0 0
   280  -.6625069390710704E-01   4   1 0  0 0  0 2  1 0
   281  -.6604038008432440E-01   4   0 1  0 0  0 2  1 0
   282  -.4161337692289147E-05   4   0 0  1 0  0 2  1 0
   283  -.1413711256698900E-05   4   0 0  0 1  0 2  1 0
   284  -.6642655343622730E-01   4   1 0  0 0  0 1  2 0
   285  -.6619495903092266E-01   4   0 1  0 0  0 1  2 0
   286  -.4172747313804968E-05   4   0 0  1 0  0 1  2 0
   287  -.1413467846235603E-05   4   0 0  0 1  0 1  2 0
   288  -.1010768611516005       4   1 0  0 0  0 0  3 0
   289  -.9662619756700713E-01   4   0 1  0 0  0 0  3 0
   290  -.6421288124302350E-05   4   0 0  1 0  0 0  3 0
   291  -.1360480286296575E-05   4   0 0  0 1  0 0  3 0
   292  0.1324379204641753       4   1 0  0 0  0 2  0 1
   293  0.1918636471583500E-01   4   0 1  0 0  0 2  0 1
   294  0.7572718224149829E-05   4   0 0  1 0  0 2  0 1
   295  0.1330650620015403E-05   4   0 0  0 1  0 2  0 1
   296  0.9718044211140815E-01   4   1 0  0 0  0 1  1 1
   297  0.1926168917192303E-01   4   0 1  0 0  0 1  1 1
   298  0.5276732465479226E-05   4   0 0  1 0  0 1  1 1
   299  0.1366387428316219E-05   4   0 0  0 1  0 1  1 1
   300  0.1318333644778787       4   1 0  0 0  0 0  2 1
   301  0.1909012765431790E-01   4   0 1  0 0  0 0  2 1
   302  0.7538617602096468E-05   4   0 0  1 0  0 0  2 1
   303  0.1323925247719846E-05   4   0 0  0 1  0 0  2 1
   304  -.1309549995887426E-01   4   1 0  0 0  0 1  0 2
   305  -.1513965989490231E-03   4   0 1  0 0  0 1  0 2
   306  -.7668325386676899E-08   4   0 0  1 0  0 1  0 2
   307  0.4820520879560191E-08   4   0 0  0 1  0 1  0 2
   308  -.1305176663195931E-01   4   1 0  0 0  0 0  1 2
   309  -.1508909995462415E-03   4   0 1  0 0  0 0  1 2
   310  -.7642716484183749E-08   4   0 0  1 0  0 0  1 2
   311  0.4804422417028392E-08   4   0 0  0 1  0 0  1 2
   312  0.1429059649089872E-03   4   1 0  0 0  0 0  0 3
   313  -.7327158408277519E-05   4   0 1  0 0  0 0  0 3
   314  0.9862518219659943E-08   4   0 0  1 0  0 0  0 3
   315  -.4560559857228898E-09   4   0 0  0 1  0 0  0 3
   316  -.3042699191092776E-04   4   0 0  0 0  0 4  0 0
   317  -.2042827720884730E-04   4   0 0  0 0  0 3  1 0
   318  -.1910949754888602E-04   4   0 0  0 0  0 2  2 0
   319  -.2049867155881462E-04   4   0 0  0 0  0 1  3 0
   320  -.3018999253560685E-04   4   0 0  0 0  0 0  4 0
   321  0.4874246892507072E-05   4   0 0  0 0  0 3  0 1
   322  0.5789614421471183E-05   4   0 0  0 0  0 2  1 1
   323  0.5784947480130389E-05   4   0 0  0 0  0 1  2 1
   324  0.4840195033160568E-05   4   0 0  0 0  0 0  3 1
   325  -.3303707380038282E-07   4   0 0  0 0  0 2  0 2
   326  -.4595863274670372E-07   4   0 0  0 0  0 1  1 2
   327  -.3285000319504354E-07   4   0 0  0 0  0 0  2 2
   328  -.1357804639647194E-08   4   0 0  0 0  0 1  0 3
   329  -.1353270157238946E-08   4   0 0  0 0  0 0  1 3
   330  -.6318922012461223E-15   4   0 0  0 0  0 0  0 4
   ----------------------------------------------------
     I  COEFFICIENT            ORDER EXPONENTS
     1  0.3882543997585408E-04   0   0 0  0 0  0 0  0 0
     2   2.536134066806294       1   1 0  0 0  0 0  0 0
     3   1.296860432955421       1   0 1  0 0  0 0  0 0
     4  0.8938393980143250E-04   1   0 0  1 0  0 0  0 0
     5  0.1087273003349145E-04   1   0 0  0 1  0 0  0 0
     6  0.1451034847889382E-05   1   0 0  0 0  0 1  0 0
     7  0.1446189016759194E-05   1   0 0  0 0  0 0  1 0
     8  0.3592821610821321E-04   1   0 0  0 0  0 0  0 1
     9  -.5199714214700848       2   2 0  0 0  0 0  0 0
    10  -.1208072314148554       2   1 1  0 0  0 0  0 0
    11  -.9355918446617113E-02   2   0 2  0 0  0 0  0 0
    12  0.2748082435464500E-02   2   1 0  1 0  0 0  0 0
    13  -.1999930211624499E-03   2   0 1  1 0  0 0  0 0
    14  0.3510627779422510       2   0 0  2 0  0 0  0 0
    15  0.2697377812540199E-03   2   1 0  0 1  0 0  0 0
    16  0.2213709455331854E-04   2   0 1  0 1  0 0  0 0
    17  0.8188113080356513E-01   2   0 0  1 1  0 0  0 0
    18  0.7669072435897447E-02   2   0 0  0 2  0 0  0 0
    19  -.1359803819821599       2   1 0  0 0  0 1  0 0
    20  -.1550465682967006       2   0 1  0 0  0 1  0 0
    21  -.3112958819785305E-05   2   0 0  1 0  0 1  0 0
    22  -.5974714392800480E-05   2   0 0  0 1  0 1  0 0
    23  -.1355262661013021       2   1 0  0 0  0 0  1 0
    24  -.1545287795693150       2   0 1  0 0  0 0  1 0
    25  -.3102562878724463E-05   2   0 0  1 0  0 0  1 0
    26  -.5954761421277629E-05   2   0 0  0 1  0 0  1 0
    27   2.807640714839517       2   1 0  0 0  0 0  0 1
    28  0.3095753478532000       2   0 1  0 0  0 0  0 1
    29  0.9559951255810053E-04   2   0 0  1 0  0 0  0 1
    30  0.1192948410641864E-04   2   0 0  0 1  0 0  0 1
    31  -.1143784005059665E-05   2   0 0  0 0  0 2  0 0
    32  -.8385656452981544E-06   2   0 0  0 0  0 1  1 0
    33  -.1138564035393124E-05   2   0 0  0 0  0 0  2 0
    34  0.3126132078030675E-05   2   0 0  0 0  0 1  0 1
    35  0.3115692143964128E-05   2   0 0  0 0  0 0  1 1
    36  -.3120911688658060E-05   2   0 0  0 0  0 0  0 2
    37  -9.509559900295480       3   3 0  0 0  0 0  0 0
    38  -4.895950631656226       3   2 1  0 0  0 0  0 0
    39  -1.982145977028566       3   1 2  0 0  0 0  0 0
    40  -.4053614067375287E-01   3   0 3  0 0  0 0  0 0
    41  0.1979260840829123E-01   3   2 0  1 0  0 0  0 0
    42  0.4715046101451262E-02   3   1 1  1 0  0 0  0 0
    43  0.3599595430956692E-03   3   0 2  1 0  0 0  0 0
    44  -13.41910828251994       3   1 0  2 0  0 0  0 0
    45  0.4265789842258591E-01   3   0 1  2 0  0 0  0 0
    46  -.4935994327392359E-02   3   0 0  3 0  0 0  0 0
    47  0.2907811144539605E-02   3   2 0  0 1  0 0  0 0
    48  0.7838702958669951E-03   3   1 1  0 1  0 0  0 0
    49  0.6802197417310066E-04   3   0 2  0 1  0 0  0 0
    50  -6.892486989656922       3   1 0  1 1  0 0  0 0
    51  -1.027254311657505       3   0 1  1 1  0 0  0 0
    52  -.1765328820366440E-02   3   0 0  2 1  0 0  0 0
    53  0.9422415452476395       3   1 0  0 2  0 0  0 0
    54  0.2137412071145975       3   0 1  0 2  0 0  0 0
    55  -.2991609974923685E-03   3   0 0  1 2  0 0  0 0
    56  -.1501322566352926E-04   3   0 0  0 3  0 0  0 0
    57  0.7736176206527370E-01   3   2 0  0 0  0 1  0 0
    58  0.7466306245609874E-01   3   1 1  0 0  0 1  0 0
    59  0.9990081624171801E-02   3   0 2  0 0  0 1  0 0
    60  -.1141928772042246E-02   3   1 0  1 0  0 1  0 0
    61  0.1248252961979522E-03   3   0 1  1 0  0 1  0 0
    62  0.1198314959500019E-01   3   0 0  2 0  0 1  0 0
    63  -.4185342828725768E-03   3   1 0  0 1  0 1  0 0
    64  -.6306376811331985E-04   3   0 1  0 1  0 1  0 0
    65  -.3508455245934056E-01   3   0 0  1 1  0 1  0 0
    66  -.7441617978584772E-02   3   0 0  0 2  0 1  0 0
    67  0.7710340711573768E-01   3   2 0  0 0  0 0  1 0
    68  0.7441372000036703E-01   3   1 1  0 0  0 0  1 0
    69  0.9956719056347773E-02   3   0 2  0 0  0 0  1 0
    70  -.1138115222009275E-02   3   1 0  1 0  0 0  1 0
    71  0.1244084334968038E-03   3   0 1  1 0  0 0  1 0
    72  0.1194313103898202E-01   3   0 0  2 0  0 0  1 0
    73  -.4171365587173355E-03   3   1 0  0 1  0 0  1 0
    74  -.6285316230246977E-04   3   0 1  0 1  0 0  1 0
    75  -.3496738517232239E-01   3   0 0  1 1  0 0  1 0
    76  -.7416766181185141E-02   3   0 0  0 2  0 0  1 0
    77  -.6744355569961783       3   2 0  0 0  0 0  0 1
    78  -.1490766497809284       3   1 1  0 0  0 0  0 1
    79  -.1059088614825206E-01   3   0 2  0 0  0 0  0 1
    80  0.5029396971011842E-02   3   1 0  1 0  0 0  0 1
    81  -.2489579669889164E-03   3   0 1  1 0  0 0  0 1
    82  0.3271359340086634       3   0 0  2 0  0 0  0 1
    83  0.8360629291258366E-03   3   1 0  0 1  0 0  0 1
    84  0.1038733569669438E-03   3   0 1  0 1  0 0  0 1
    85  0.7005191027030172E-01   3   0 0  1 1  0 0  0 1
    86  0.7189314893098150E-02   3   0 0  0 2  0 0  0 1
    87  0.1044108616437312       3   1 0  0 0  0 2  0 0
    88  0.1194460455254922       3   0 1  0 0  0 2  0 0
    89  0.2189529319685089E-05   3   0 0  1 0  0 2  0 0
    90  0.4704171971990491E-05   3   0 0  0 1  0 2  0 0
    91  0.7305036608388653E-01   3   1 0  0 0  0 1  1 0
    92  0.8408158044760448E-01   3   0 1  0 0  0 1  1 0
    93  0.1270776731228118E-05   3   0 0  1 0  0 1  1 0
    94  0.3447650395865634E-05   3   0 0  0 1  0 1  1 0
    95  0.1039401959848769       3   1 0  0 0  0 0  2 0
    96  0.1189067490799737       3   0 1  0 0  0 0  2 0
    97  0.2180095311891490E-05   3   0 0  1 0  0 0  2 0
    98  0.4682705231315153E-05   3   0 0  0 1  0 0  2 0
    99  -.2818714830733174       3   1 0  0 0  0 1  0 1
   100  -.1679270870135554       3   0 1  0 0  0 1  0 1
   101  -.5735088953040711E-05   3   0 0  1 0  0 1  0 1
   102  -.6880848454579549E-05   3   0 0  0 1  0 1  0 1
   103  -.2809301537803780       3   1 0  0 0  0 0  1 1
   104  -.1673662829039662       3   0 1  0 0  0 0  1 1
   105  -.5715936227230262E-05   3   0 0  1 0  0 0  1 1
   106  -.6857869385750263E-05   3   0 0  0 1  0 0  1 1
   107  0.2814004704729686       3   1 0  0 0  0 0  0 2
   108  0.1285900346895272E-01   3   0 1  0 0  0 0  0 2
   109  0.5764247551339760E-05   3   0 0  1 0  0 0  0 2
   110  0.9276166341878002E-06   3   0 0  0 1  0 0  0 2
   111  0.9904208723592387E-06   3   0 0  0 0  0 3  0 0
   112  0.6852987943782863E-06   3   0 0  0 0  0 2  1 0
   113  0.6868106899377642E-06   3   0 0  0 0  0 1  2 0
   114  0.9843190425387476E-06   3   0 0  0 0  0 0  3 0
   115  -.2515110147552396E-05   3   0 0  0 0  0 2  0 1
   116  -.1908584906124674E-05   3   0 0  0 0  0 1  1 1
   117  -.2503523837857991E-05   3   0 0  0 0  0 0  2 1
   118  0.1907438804878224E-05   3   0 0  0 0  0 1  0 2
   119  0.1901068781199990E-05   3   0 0  0 0  0 0  1 2
   120  -.2293136983842925E-06   3   0 0  0 0  0 0  0 3
   121   35.07122173611220       4   4 0  0 0  0 0  0 0
   122   18.41930834662100       4   3 1  0 0  0 0  0 0
   123   4.801520891405841       4   2 2  0 0  0 0  0 0
   124  0.5383119798969831       4   1 3  0 0  0 0  0 0
   125  0.2094033255660517E-01   4   0 4  0 0  0 0  0 0
   126  0.1412157816280205E-01   4   3 0  1 0  0 0  0 0
   127  0.8628130284711764E-02   4   2 1  1 0  0 0  0 0
   128  0.1617195503332863E-02   4   1 2  1 0  0 0  0 0
   129  0.7026627062053718E-04   4   0 3  1 0  0 0  0 0
   130  -107.8406658071247       4   2 0  2 0  0 0  0 0
   131  -23.35054988205266       4   1 1  2 0  0 0  0 0
   132  -1.692338960141526       4   0 2  2 0  0 0  0 0
   133  -.1045831865709550E-01   4   1 0  3 0  0 0  0 0
   134  0.5087151716149898E-03   4   0 1  3 0  0 0  0 0
   135   13.25894143014837       4   0 0  4 0  0 0  0 0
   136  0.1920947339684041E-02   4   3 0  0 1  0 0  0 0
   137  0.1019411371499319E-02   4   2 1  0 1  0 0  0 0
   138  0.3001887074197640E-03   4   1 2  0 1  0 0  0 0
   139  0.3712394217863649E-04   4   0 3  0 1  0 0  0 0
   140  -26.61742475155445       4   2 0  1 1  0 0  0 0
   141  -8.339029250393928       4   1 1  1 1  0 0  0 0
   142  -.6574010879833587       4   0 2  1 1  0 0  0 0
   143  -.4350077438015992E-03   4   1 0  2 1  0 0  0 0
   144  0.2745096427451928E-03   4   0 1  2 1  0 0  0 0
   145   5.446915234177606       4   0 0  3 1  0 0  0 0
   146  -3.331038266103552       4   2 0  0 2  0 0  0 0
   147  -1.157159610784248       4   1 1  0 2  0 0  0 0
   148  -.1009354367596800       4   0 2  0 2  0 0  0 0
   149  -.2809563826391002E-03   4   1 0  1 2  0 0  0 0
   150  -.3279064856313919E-03   4   0 1  1 2  0 0  0 0
   151   1.308048275048879       4   0 0  2 2  0 0  0 0
   152  0.5905739769712136E-04   4   1 0  0 3  0 0  0 0
   153  0.1532207501976569E-04   4   0 1  0 3  0 0  0 0
   154  0.2097005608681702       4   0 0  1 3  0 0  0 0
   155  0.1727717313586212E-01   4   0 0  0 4  0 0  0 0
   156   7.168987595050871       4   3 0  0 0  0 1  0 0
   157   5.794957333768178       4   2 1  0 0  0 1  0 0
   158   2.515218323684430       4   1 2  0 0  0 1  0 0
   159  0.8486440227484773E-01   4   0 3  0 0  0 1  0 0
   160  0.1666272016178620E-02   4   2 0  1 0  0 1  0 0
   161  0.4067668587580913E-03   4   1 1  1 0  0 1  0 0
   162  0.1206614939147833E-04   4   0 2  1 0  0 1  0 0
   163   4.884300356774840       4   1 0  2 0  0 1  0 0
   164  -.4406640818100006       4   0 1  2 0  0 1  0 0
   165  -.1857126055146283E-03   4   0 0  3 0  0 1  0 0
   166  0.2943466922261868E-03   4   2 0  0 1  0 1  0 0
   167  0.2459625500862932E-03   4   1 1  0 1  0 1  0 0
   168  0.1908289855977358E-04   4   0 2  0 1  0 1  0 0
   169   6.904150584294741       4   1 0  1 1  0 1  0 0
   170   1.471061595409232       4   0 1  1 1  0 1  0 0
   171  0.3271858901868529E-04   4   0 0  2 1  0 1  0 0
   172  -.8278350419878725       4   1 0  0 2  0 1  0 0
   173  -.2876366246233805       4   0 1  0 2  0 1  0 0
   174  0.2192482920021349E-05   4   0 0  1 2  0 1  0 0
   175  -.1696881746318573E-04   4   0 0  0 3  0 1  0 0
   176   7.145046265653491       4   3 0  0 0  0 0  1 0
   177   5.775604673363625       4   2 1  0 0  0 0  1 0
   178   2.506818578309591       4   1 2  0 0  0 0  1 0
   179  0.8458099173994651E-01   4   0 3  0 0  0 0  1 0
   180  0.1660707385653635E-02   4   2 0  1 0  0 0  1 0
   181  0.4054084327287080E-03   4   1 1  1 0  0 0  1 0
   182  0.1202585365190077E-04   4   0 2  1 0  0 0  1 0
   183   4.867988898264765       4   1 0  2 0  0 0  1 0
   184  -.4391924536622017       4   0 1  2 0  0 0  1 0
   185  -.1850924054371605E-03   4   0 0  3 0  0 0  1 0
   186  0.2933637011103347E-03   4   2 0  0 1  0 0  1 0
   187  0.2451411411560989E-03   4   1 1  0 1  0 0  1 0
   188  0.1901916990154711E-04   4   0 2  0 1  0 0  1 0
   189   6.881093696393312       4   1 0  1 1  0 0  1 0
   190   1.466148883572016       4   0 1  1 1  0 0  1 0
   191  0.3260932303004720E-04   4   0 0  2 1  0 0  1 0
   192  -.8250704296679400       4   1 0  0 2  0 0  1 0
   193  -.2866760422419172       4   0 1  0 2  0 0  1 0
   194  0.2185160971826167E-05   4   0 0  1 2  0 0  1 0
   195  -.1691214892484930E-04   4   0 0  0 3  0 0  1 0
   196  -23.81966430366413       4   3 0  0 0  0 0  0 1
   197  -11.56700600892048       4   2 1  0 0  0 0  0 1
   198  -3.038966147323315       4   1 2  0 0  0 0  0 1
   199  -.8831058870725736E-01   4   0 3  0 0  0 0  0 1
   200  0.5055608210193372E-03   4   2 0  1 0  0 0  0 1
   201  0.2061122946627109E-03   4   1 1  1 0  0 0  0 1
   202  0.2716197264692782E-04   4   0 2  1 0  0 0  0 1
   203  -23.17743864906879       4   1 0  2 0  0 0  0 1
   204  0.8786030670370536       4   0 1  2 0  0 0  0 1
   205  -.6416872431873670E-03   4   0 0  3 0  0 0  0 1
   206  0.2263677813772738E-03   4   2 0  0 1  0 0  0 1
   207  -.9198072118066305E-04   4   1 1  0 1  0 0  0 1
   208  -.2991694814199877E-05   4   0 2  0 1  0 0  0 1
   209  -13.78832618490968       4   1 0  1 1  0 0  0 1
   210  -1.910694572898407       4   0 1  1 1  0 0  0 1
   211  -.3852699558491353E-03   4   0 0  2 1  0 0  0 1
   212  0.7099928426577470       4   1 0  0 2  0 0  0 1
   213  0.1466712042012430       4   0 1  0 2  0 0  0 1
   214  -.5249777535500851E-04   4   0 0  1 2  0 0  0 1
   215  0.7429829902552567E-05   4   0 0  0 3  0 0  0 1
   216  -.6068649414201924E-01   4   2 0  0 0  0 2  0 0
   217  -.6181164171567688E-01   4   1 1  0 0  0 2  0 0
   218  -.1040610658336421E-01   4   0 2  0 0  0 2  0 0
   219  -.5299797556769041E-03   4   1 0  1 0  0 2  0 0
   220  -.2466285879463390E-03   4   0 1  1 0  0 2  0 0
   221  -.7552863035454933E-02   4   0 0  2 0  0 2  0 0
   222  0.1257029992531605E-03   4   1 0  0 1  0 2  0 0
   223  0.4001463589689141E-04   4   0 1  0 1  0 2  0 0
   224  0.2405222735360616E-01   4   0 0  1 1  0 2  0 0
   225  0.7167978757504066E-02   4   0 0  0 2  0 2  0 0
   226  -.4565296492004908E-01   4   2 0  0 0  0 1  1 0
   227  -.5057161767324982E-01   4   1 1  0 0  0 1  1 0
   228  -.1084285649119002E-01   4   0 2  0 0  0 1  1 0
   229  -.6339417717223542E-03   4   1 0  1 0  0 1  1 0
   230  -.2537369424298838E-03   4   0 1  1 0  0 1  1 0
   231  -.2854311665530125E-02   4   0 0  2 0  0 1  1 0
   232  0.1415547995834496E-03   4   1 0  0 1  0 1  1 0
   233  0.5546940044386778E-04   4   0 1  0 1  0 1  1 0
   234  0.1274450481222669E-01   4   0 0  1 1  0 1  1 0
   235  0.6978767118072050E-02   4   0 0  0 2  0 1  1 0
   236  -.6040759678653424E-01   4   2 0  0 0  0 0  2 0
   237  -.6152077376177415E-01   4   1 1  0 0  0 0  2 0
   238  -.1035324943723845E-01   4   0 2  0 0  0 0  2 0
   239  -.5271513054915326E-03   4   1 0  1 0  0 0  2 0
   240  -.2453812687114160E-03   4   0 1  1 0  0 0  2 0
   241  -.7522873641992495E-02   4   0 0  2 0  0 0  2 0
   242  0.1250468393852239E-03   4   1 0  0 1  0 0  2 0
   243  0.3978838230795079E-04   4   0 1  0 1  0 0  2 0
   244  0.2395062270134464E-01   4   0 0  1 1  0 0  2 0
   245  0.7132387759703928E-02   4   0 0  0 2  0 0  2 0
   246  0.1691698957442214       4   2 0  0 0  0 1  0 1
   247  0.1029297433380539       4   1 1  0 0  0 1  0 1
   248  0.1181665936694012E-01   4   0 2  0 0  0 1  0 1
   249  0.8505612007954272E-03   4   1 0  1 0  0 1  0 1
   250  0.3279580061897107E-03   4   0 1  1 0  0 1  0 1
   251  0.1779700642182406E-01   4   0 0  2 0  0 1  0 1
   252  -.8067299696455205E-04   4   1 0  0 1  0 1  0 1
   253  -.1622869362994593E-04   4   0 1  0 1  0 1  0 1
   254  -.2486906508266634E-01   4   0 0  1 1  0 1  0 1
   255  -.6704387790829082E-02   4   0 0  0 2  0 1  0 1
   256  0.1686049411890055       4   2 0  0 0  0 0  1 1
   257  0.1025860023484998       4   1 1  0 0  0 0  1 1
   258  0.1177719681654145E-01   4   0 2  0 0  0 0  1 1
   259  0.8477206928979526E-03   4   1 0  1 0  0 0  1 1
   260  0.3268627677685943E-03   4   0 1  1 0  0 0  1 1
   261  0.1773757208923954E-01   4   0 0  2 0  0 0  1 1
   262  -.8040358391728800E-04   4   1 0  0 1  0 0  1 1
   263  -.1617449678628709E-04   4   0 1  0 1  0 0  1 1
   264  -.2478601312155645E-01   4   0 0  1 1  0 0  1 1
   265  -.6681998024578543E-02   4   0 0  0 2  0 0  1 1
   266  -.1710271726954241       4   2 0  0 0  0 0  0 2
   267  -.3014451928757822E-01   4   1 1  0 0  0 0  0 2
   268  -.1267999123344612E-02   4   0 2  0 0  0 0  0 2
   269  -.6832408799523937E-05   4   1 0  1 0  0 0  0 2
   270  -.3449933931564110E-04   4   0 1  1 0  0 0  0 2
   271  -.1760474264189796E-01   4   0 0  2 0  0 0  0 2
   272  -.8094105644267709E-06   4   1 0  0 1  0 0  0 2
   273  -.3191744681545481E-07   4   0 1  0 1  0 0  0 2
   274  -.1071234428034010E-01   4   0 0  1 1  0 0  0 2
   275  -.4345989677702953E-03   4   0 0  0 2  0 0  0 2
   276  -.8869340801045793E-01   4   1 0  0 0  0 3  0 0
   277  -.1016995425769985       4   0 1  0 0  0 3  0 0
   278  -.3223518345667756E-05   4   0 0  1 0  0 3  0 0
   279  -.7165095697049613E-05   4   0 0  0 1  0 3  0 0
   280  -.5727132687708650E-01   4   1 0  0 0  0 2  1 0
   281  -.6625428225309275E-01   4   0 1  0 0  0 2  1 0
   282  -.1701402727792336E-05   4   0 0  1 0  0 2  1 0
   283  -.4975488085428182E-05   4   0 0  0 1  0 2  1 0
   284  -.5742724743420052E-01   4   1 0  0 0  0 1  2 0
   285  -.6643013875682681E-01   4   0 1  0 0  0 1  2 0
   286  -.1708973616696926E-05   4   0 0  1 0  0 1  2 0
   287  -.4986336738807295E-05   4   0 0  0 1  0 1  2 0
   288  -.8815380160503100E-01   4   1 0  0 0  0 0  3 0
   289  -.1010798345783979       4   0 1  0 0  0 0  3 0
   290  -.3204539173996693E-05   4   0 0  1 0  0 0  3 0
   291  -.7120923084282227E-05   4   0 0  0 1  0 0  3 0
   292  0.2188974150506652       4   1 0  0 0  0 2  0 1
   293  0.1324410433275793       4   0 1  0 0  0 2  0 1
   294  0.4391105259890224E-05   4   0 0  1 0  0 2  0 1
   295  0.8177060578651019E-05   4   0 0  0 1  0 2  0 1
   296  0.1563114932546028       4   1 0  0 0  0 1  1 1
   297  0.9718428528334751E-01   4   0 1  0 0  0 1  1 1
   298  0.2744643052174011E-05   4   0 0  1 0  0 1  1 1
   299  0.6006374770298904E-05   4   0 0  0 1  0 1  1 1
   300  0.2179053854930900       4   1 0  0 0  0 0  2 1
   301  0.1318364704949948       4   0 1  0 0  0 0  2 1
   302  0.4371857897928776E-05   4   0 0  1 0  0 0  2 1
   303  0.8139723368104355E-05   4   0 0  0 1  0 0  2 1
   304  -.1560834330788927       4   1 0  0 0  0 1  0 2
   305  -.1309579811001566E-01   4   0 1  0 0  0 1  0 2
   306  -.1182953227970956E-05   4   0 0  1 0  0 1  0 2
   307  0.2736914901481310E-07   4   0 0  0 1  0 1  0 2
   308  -.1555621816699224       4   1 0  0 0  0 0  1 2
   309  -.1305206378740402E-01   4   0 1  0 0  0 0  1 2
   310  -.1179002673932727E-05   4   0 0  1 0  0 0  1 2
   311  0.2727774785072633E-07   4   0 0  0 1  0 0  1 2
   312  0.1007736222814003E-01   4   1 0  0 0  0 0  0 3
   313  0.1429040663481710E-03   4   0 1  0 0  0 0  0 3
   314  0.6463657527267134E-06   4   0 0  1 0  0 0  0 3
   315  0.1238626619068382E-07   4   0 0  0 1  0 0  0 3
   316  -.3221572044696078E-04   4   0 0  0 0  0 4  0 0
   317  -.2046705029221170E-04   4   0 0  0 0  0 3  1 0
   318  -.1891852395820516E-04   4   0 0  0 0  0 2  2 0
   319  -.2054985997676099E-04   4   0 0  0 0  0 1  3 0
   320  -.3196671885570772E-04   4   0 0  0 0  0 0  4 0
   321  0.3942997004929351E-04   4   0 0  0 0  0 3  0 1
   322  0.2753152940366149E-04   4   0 0  0 0  0 2  1 1
   323  0.2759047327338028E-04   4   0 0  0 0  0 1  2 1
   324  0.3918663392304986E-04   4   0 0  0 0  0 0  3 1
   325  -.3019535839447594E-05   4   0 0  0 0  0 2  0 2
   326  -.3651894543507415E-05   4   0 0  0 0  0 1  1 2
   327  -.3003354013810808E-05   4   0 0  0 0  0 0  2 2
   328  0.2648258132309638E-07   4   0 0  0 0  0 1  0 3
   329  0.2639414091301954E-07   4   0 0  0 0  0 0  1 3
   330  0.9980624804713573E-13   4   0 0  0 0  0 0  0 4
   ----------------------------------------------------
     I  COEFFICIENT            ORDER EXPONENTS
     1  -.8141740117541413E-05   0   0 0  0 0  0 0  0 0
     2  0.1110153756336878E-04   1   1 0  0 0  0 0  0 0
     3  0.6421192050632556E-06   1   0 1  0 0  0 0  0 0
     4  0.7279812516675012       1   0 0  1 0  0 0  0 0
     5  0.2314038522950819       1   0 0  0 1  0 0  0 0
     6  -.1076132419775222E-04   1   0 0  0 0  0 1  0 0
     7  -.1072538601206682E-04   1   0 0  0 0  0 0  1 0
     8  0.2148671020981905E-04   1   0 0  0 0  0 0  0 1
     9  0.2136373820641067E-03   2   2 0  0 0  0 0  0 0
    10  0.4503443070782911E-04   2   1 1  0 0  0 0  0 0
    11  0.2378827610120428E-04   2   0 2  0 0  0 0  0 0
    12  0.9251070669363752E-01   2   1 0  1 0  0 0  0 0
    13  0.6745238678883984E-02   2   0 1  1 0  0 0  0 0
    14  -.1613230126801738E-03   2   0 0  2 0  0 0  0 0
    15  0.7778803186051533E-02   2   1 0  0 1  0 0  0 0
    16  0.9093728367450662E-03   2   0 1  0 1  0 0  0 0
    17  0.5635265154977441E-04   2   0 0  1 1  0 0  0 0
    18  0.3378266536062617E-04   2   0 0  0 2  0 0  0 0
    19  -.5676583856449529E-05   2   1 0  0 0  0 1  0 0
    20  -.6610334750409225E-06   2   0 1  0 0  0 1  0 0
    21  0.1301636082137625       2   0 0  1 0  0 1  0 0
    22  -.1066533855322467       2   0 0  0 1  0 1  0 0
    23  -.5657626512451403E-05   2   1 0  0 0  0 0  1 0
    24  -.6588259080785541E-06   2   0 1  0 0  0 0  1 0
    25  0.1297289178508008       2   0 0  1 0  0 0  1 0
    26  -.1062972091823103       2   0 0  0 1  0 0  1 0
    27  0.1133420791865344E-04   2   1 0  0 0  0 0  0 1
    28  0.6777388728927605E-06   2   0 1  0 0  0 0  0 1
    29  -.2598925260579452       2   0 0  1 0  0 0  0 1
    30  -.1845325757902129E-01   2   0 0  0 1  0 0  0 1
    31  0.7839635001759189E-05   2   0 0  0 0  0 2  0 0
    32  0.4937342243210478E-05   2   0 0  0 0  0 1  1 0
    33  0.7805209701233343E-05   2   0 0  0 0  0 0  2 0
    34  -.9855292572331345E-05   2   0 0  0 0  0 1  0 1
    35  -.9822380141859053E-05   2   0 0  0 0  0 0  1 1
    36  -.9045139055315824E-06   2   0 0  0 0  0 0  0 2
    37  0.8082585332937397E-03   3   3 0  0 0  0 0  0 0
    38  0.2934594784887204E-03   3   2 1  0 0  0 0  0 0
    39  0.4930051570174786E-04   3   1 2  0 0  0 0  0 0
    40  0.3234596588723776E-05   3   0 3  0 0  0 0  0 0
    41  -.9253036785554101       3   2 0  1 0  0 0  0 0
    42  -.4768336527388725       3   1 1  1 0  0 0  0 0
    43  -.2734417392080218       3   0 2  1 0  0 0  0 0
    44  -.1863911979999589E-02   3   1 0  2 0  0 0  0 0
    45  -.1340955826788546E-03   3   0 1  2 0  0 0  0 0
    46  0.9857011090677023E-01   3   0 0  3 0  0 0  0 0
    47  -1.228180316201532       3   2 0  0 1  0 0  0 0
    48  -.8594550876083321E-01   3   1 1  0 1  0 0  0 0
    49  0.8624307112282631E-01   3   0 2  0 1  0 0  0 0
    50  -.3614654524952539E-03   3   1 0  1 1  0 0  0 0
    51  -.3509435932200412E-04   3   0 1  1 1  0 0  0 0
    52  -.3000877720761054       3   0 0  2 1  0 0  0 0
    53  -.8221294193021108E-05   3   1 0  0 2  0 0  0 0
    54  -.1032368774573531E-05   3   0 1  0 2  0 0  0 0
    55  -.3800066763709139       3   0 0  1 2  0 0  0 0
    56  0.7939566064078533E-01   3   0 0  0 3  0 0  0 0
    57  -.1527933156188262E-03   3   2 0  0 0  0 1  0 0
    58  -.6636000341098541E-04   3   1 1  0 0  0 1  0 0
    59  -.3541004953698662E-04   3   0 2  0 0  0 1  0 0
    60  -.4422833030972853E-01   3   1 0  1 0  0 1  0 0
    61  -.6438580322742198E-02   3   0 1  1 0  0 1  0 0
    62  0.4180700541022853E-04   3   0 0  2 0  0 1  0 0
    63  -.8009543691019692E-02   3   1 0  0 1  0 1  0 0
    64  -.1362836885778190E-02   3   0 1  0 1  0 1  0 0
    65  -.2741009123541637E-05   3   0 0  1 1  0 1  0 0
    66  -.4387964652208561E-04   3   0 0  0 2  0 1  0 0
    67  -.1522830517844418E-03   3   2 0  0 0  0 0  1 0
    68  -.6613838959461488E-04   3   1 1  0 0  0 0  1 0
    69  -.3529179522998815E-04   3   0 2  0 0  0 0  1 0
    70  -.4408062674481236E-01   3   1 0  1 0  0 0  1 0
    71  -.6417078238896610E-02   3   0 1  1 0  0 0  1 0
    72  0.4166738802710943E-04   3   0 0  2 0  0 0  1 0
    73  -.7982795266464010E-02   3   1 0  0 1  0 0  1 0
    74  -.1358285597836285E-02   3   0 1  0 1  0 0  1 0
    75  -.2731855334190185E-05   3   0 0  1 1  0 0  1 0
    76  -.4373310741076980E-04   3   0 0  0 2  0 0  1 0
    77  0.3051361206577873E-03   3   2 0  0 0  0 0  0 1
    78  0.8746936485154009E-04   3   1 1  0 0  0 0  0 1
    79  0.2312379950771867E-04   3   0 2  0 0  0 0  0 1
    80  0.8830899575072748E-01   3   1 0  1 0  0 0  0 1
    81  0.6110443941633256E-02   3   0 1  1 0  0 0  0 1
    82  -.8353716902798942E-04   3   0 0  2 0  0 0  0 1
    83  0.8213561480992795E-02   3   1 0  0 1  0 0  0 1
    84  0.9023840040205316E-03   3   0 1  0 1  0 0  0 1
    85  -.5090226458387307E-04   3   0 0  1 1  0 0  0 1
    86  0.2004371943699606E-04   3   0 0  0 2  0 0  0 1
    87  0.4310520891275365E-05   3   1 0  0 0  0 2  0 0
    88  0.6628910692225630E-06   3   0 1  0 0  0 2  0 0
    89  -.9456448122273531E-01   3   0 0  1 0  0 2  0 0
    90  0.7535445275457632E-01   3   0 0  0 1  0 2  0 0
    91  0.2967306588094473E-05   3   1 0  0 0  0 1  1 0
    92  0.6749243399270643E-06   3   0 1  0 0  0 1  1 0
    93  -.5920173149135432E-01   3   0 0  1 0  0 1  1 0
    94  0.4426339160264291E-01   3   0 0  0 1  0 1  1 0
    95  0.4291170846249400E-05   3   1 0  0 0  0 0  2 0
    96  0.6595503202765532E-06   3   0 1  0 0  0 0  2 0
    97  -.9414982246763741E-01   3   0 0  1 0  0 0  2 0
    98  0.7502889102591008E-01   3   0 0  0 1  0 0  2 0
    99  -.5951415269222282E-05   3   1 0  0 0  0 1  0 1
   100  -.7010451070483504E-06   3   0 1  0 0  0 1  0 1
   101  0.1181672615978867       3   0 0  1 0  0 1  0 1
   102  0.1833441973454336E-01   3   0 0  0 1  0 1  0 1
   103  -.5931540106732384E-05   3   1 0  0 0  0 0  1 1
   104  -.6987039184763736E-06   3   0 1  0 0  0 0  1 1
   105  0.1177726338633068       3   0 0  1 0  0 0  1 1
   106  0.1827319067306857E-01   3   0 0  0 1  0 0  1 1
   107  0.2976372409667308E-06   3   1 0  0 0  0 0  0 2
   108  0.4822759590810120E-07   3   0 1  0 0  0 0  0 2
   109  0.1197626953593715E-01   3   0 0  1 0  0 0  0 2
   110  0.1494348801465719E-03   3   0 0  0 1  0 0  0 2
   111  -.6382679294077273E-05   3   0 0  0 0  0 3  0 0
   112  -.3473367446975915E-05   3   0 0  0 0  0 2  1 0
   113  -.3487834442494348E-05   3   0 0  0 0  0 1  2 0
   114  -.6344925908656323E-05   3   0 0  0 0  0 0  3 0
   115  0.6941533531472365E-05   3   0 0  0 0  0 2  0 1
   116  0.4047027479856533E-05   3   0 0  0 0  0 1  1 1
   117  0.6911594136691805E-05   3   0 0  0 0  0 0  2 1
   118  0.8904713023111026E-06   3   0 0  0 0  0 1  0 2
   119  0.8874975118721306E-06   3   0 0  0 0  0 0  1 2
   120  0.1036652466093965E-07   3   0 0  0 0  0 0  0 3
   121  0.3647878294483837E-03   4   4 0  0 0  0 0  0 0
   122  0.7561974995274394E-04   4   3 1  0 0  0 0  0 0
   123  -.6869316314858924E-04   4   2 2  0 0  0 0  0 0
   124  -.5951514071511630E-05   4   1 3  0 0  0 0  0 0
   125  0.8698343529099764E-05   4   0 4  0 0  0 0  0 0
   126  -8.902921029393630       4   3 0  1 0  0 0  0 0
   127  -1.687228006931142       4   2 1  1 0  0 0  0 0
   128  -.1128152186228542       4   1 2  1 0  0 0  0 0
   129  0.1868701066868256E-02   4   0 3  1 0  0 0  0 0
   130  -.4081702160101649E-02   4   2 0  2 0  0 0  0 0
   131  -.1095683061041900E-02   4   1 1  2 0  0 0  0 0
   132  -.1650510557028751E-03   4   0 2  2 0  0 0  0 0
   133   7.350017654040874       4   1 0  3 0  0 0  0 0
   134  0.6135757273428031       4   0 1  3 0  0 0  0 0
   135  -.3558159013311668E-03   4   0 0  4 0  0 0  0 0
   136  -.6087521712320043       4   3 0  0 1  0 0  0 0
   137  -.2182509378414833       4   2 1  0 1  0 0  0 0
   138  -.1032164118199872E-01   4   1 2  0 1  0 0  0 0
   139  0.9647330772729007E-03   4   0 3  0 1  0 0  0 0
   140  -.6032269227842270E-03   4   2 0  1 1  0 0  0 0
   141  -.1617137997317385E-05   4   1 1  1 1  0 0  0 0
   142  -.1568113251226550E-03   4   0 2  1 1  0 0  0 0
   143   1.456438018513154       4   1 0  2 1  0 0  0 0
   144  0.1928851954694336       4   0 1  2 1  0 0  0 0
   145  0.1296488479340787E-03   4   0 0  3 1  0 0  0 0
   146  -.1904408670587022E-03   4   2 0  0 2  0 0  0 0
   147  0.1179787461744148E-04   4   1 1  0 2  0 0  0 0
   148  0.4131985334154774E-04   4   0 2  0 2  0 0  0 0
   149  0.2999270563380469       4   1 0  1 2  0 0  0 0
   150  0.4246136537575636E-01   4   0 1  1 2  0 0  0 0
   151  0.1184969481221801E-03   4   0 0  2 2  0 0  0 0
   152  0.2551811485160315E-01   4   1 0  0 3  0 0  0 0
   153  0.4101586518675465E-02   4   0 1  0 3  0 0  0 0
   154  -.1082037033508282E-03   4   0 0  1 3  0 0  0 0
   155  0.2999284705016469E-04   4   0 0  0 4  0 0  0 0
   156  -.5308425934138295E-04   4   3 0  0 0  0 1  0 0
   157  -.1674480509814260E-03   4   2 1  0 0  0 1  0 0
   158  -.6476102820705597E-04   4   1 2  0 0  0 1  0 0
   159  -.7229171712474937E-05   4   0 3  0 0  0 1  0 0
   160  0.9723049566990111       4   2 0  1 0  0 1  0 0
   161  0.6913967347405027       4   1 1  1 0  0 1  0 0
   162  0.4037741786853613       4   0 2  1 0  0 1  0 0
   163  -.1133065764677177E-04   4   1 0  2 0  0 1  0 0
   164  -.1830709295362010E-04   4   0 1  2 0  0 1  0 0
   165  0.1000614753401559       4   0 0  3 0  0 1  0 0
   166   1.297303906224957       4   2 0  0 1  0 1  0 0
   167  0.1736790930398935       4   1 1  0 1  0 1  0 0
   168  -.1086370132710965       4   0 2  0 1  0 1  0 0
   169  0.8300848237779712E-04   4   1 0  1 1  0 1  0 0
   170  -.2568762338380611E-05   4   0 1  1 1  0 1  0 0
   171  -.6381984362655613E-03   4   0 0  2 1  0 1  0 0
   172  -.3549100933521975E-04   4   1 0  0 2  0 1  0 0
   173  -.7405830874041712E-05   4   0 1  0 2  0 1  0 0
   174  0.4908162683831200       4   0 0  1 2  0 1  0 0
   175  -.1003803625799495       4   0 0  0 3  0 1  0 0
   176  -.5290698078959059E-04   4   3 0  0 0  0 0  1 0
   177  -.1668888466457685E-03   4   2 1  0 0  0 0  1 0
   178  -.6454475427885725E-04   4   1 2  0 0  0 0  1 0
   179  -.7205029394059654E-05   4   0 3  0 0  0 0  1 0
   180  0.9690578771171133       4   2 0  1 0  0 0  1 0
   181  0.6890877675744994       4   1 1  1 0  0 0  1 0
   182  0.4024257469178639       4   0 2  1 0  0 0  1 0
   183  -.1129281813269667E-04   4   1 0  2 0  0 0  1 0
   184  -.1824595515181803E-04   4   0 1  2 0  0 0  1 0
   185  0.9972731312975806E-01   4   0 0  3 0  0 0  1 0
   186   1.292971470196122       4   2 0  0 1  0 0  1 0
   187  0.1730990797087597       4   1 1  0 1  0 0  1 0
   188  -.1082742124592723       4   0 2  0 1  0 0  1 0
   189  0.8273126981563143E-04   4   1 0  1 1  0 0  1 0
   190  -.2560183779069267E-05   4   0 1  1 1  0 0  1 0
   191  -.6360671284920756E-03   4   0 0  2 1  0 0  1 0
   192  -.3537248465738147E-04   4   1 0  0 2  0 0  1 0
   193  -.7381098590150394E-05   4   0 1  0 2  0 0  1 0
   194  0.4891771535431196       4   0 0  1 2  0 0  1 0
   195  -.1000451354235807       4   0 0  0 3  0 0  1 0
   196  0.1802724010738945E-03   4   3 0  0 0  0 0  0 1
   197  0.2192371813775946E-03   4   2 1  0 0  0 0  0 1
   198  0.5150372902189335E-04   4   1 2  0 0  0 0  0 1
   199  0.3909932259300443E-05   4   0 3  0 0  0 0  0 1
   200  -1.941990824145688       4   2 0  1 0  0 0  0 1
   201  -.9037275243129624       4   1 1  1 0  0 0  0 1
   202  -.2593055083880699       4   0 2  1 0  0 0  0 1
   203  -.1555655311652193E-03   4   1 0  2 0  0 0  0 1
   204  -.1250224519992014E-04   4   0 1  2 0  0 0  0 1
   205  -.1995623482596562       4   0 0  3 0  0 0  0 1
   206  -1.362203748783158       4   2 0  0 1  0 0  0 1
   207  -.1748849182993545       4   1 1  0 1  0 0  0 1
   208  -.4181239265174355E-01   4   0 2  0 1  0 0  0 1
   209  -.1662699875461457E-03   4   1 0  1 1  0 0  0 1
   210  -.1283147418173966E-04   4   0 1  1 1  0 0  0 1
   211  0.3014643683008028       4   0 0  2 1  0 0  0 1
   212  0.1479663263708951E-04   4   1 0  0 2  0 0  0 1
   213  0.2385938166330961E-05   4   0 1  0 2  0 0  0 1
   214  -.2199500756953461       4   0 0  1 2  0 0  0 1
   215  -.3775743600276181E-01   4   0 0  0 3  0 0  0 1
   216  -.1000414830416219E-03   4   2 0  0 0  0 2  0 0
   217  -.1275276608732587E-04   4   1 1  0 0  0 2  0 0
   218  0.2103869380180222E-04   4   0 2  0 0  0 2  0 0
   219  0.3229177433816121E-01   4   1 0  1 0  0 2  0 0
   220  0.6544364819464213E-02   4   0 1  1 0  0 2  0 0
   221  -.2016022719349887E-04   4   0 0  2 0  0 2  0 0
   222  0.8193017665867030E-02   4   1 0  0 1  0 2  0 0
   223  0.1608633583299720E-02   4   0 1  0 1  0 2  0 0
   224  -.1347649055624905E-03   4   0 0  1 1  0 2  0 0
   225  0.4827416171691856E-04   4   0 0  0 2  0 2  0 0
   226  -.1222090475021143E-03   4   2 0  0 0  0 1  1 0
   227  -.1940417170047020E-04   4   1 1  0 0  0 1  1 0
   228  0.2326385116329098E-04   4   0 2  0 0  0 1  1 0
   229  0.2023446001549538E-01   4   1 0  1 0  0 1  1 0
   230  0.6371798762819596E-02   4   0 1  1 0  0 1  1 0
   231  0.2331563234803689E-04   4   0 0  2 0  0 1  1 0
   232  0.8383511283589735E-02   4   1 0  0 1  0 1  1 0
   233  0.1937462530117803E-02   4   0 1  0 1  0 1  1 0
   234  -.1523233748439960E-03   4   0 0  1 1  0 1  1 0
   235  0.5217153309951774E-04   4   0 0  0 2  0 1  1 0
   236  -.9950332481795385E-04   4   2 0  0 0  0 0  2 0
   237  -.1267777655794653E-04   4   1 1  0 0  0 0  2 0
   238  0.2092958801106534E-04   4   0 2  0 0  0 0  2 0
   239  0.3215014653800293E-01   4   1 0  1 0  0 0  2 0
   240  0.6511869929876922E-02   4   0 1  1 0  0 0  2 0
   241  -.2013183280444634E-04   4   0 0  2 0  0 0  2 0
   242  0.8151657859710905E-02   4   1 0  0 1  0 0  2 0
   243  0.1600026295311958E-02   4   0 1  0 1  0 0  2 0
   244  -.1340605016317495E-03   4   0 0  1 1  0 0  2 0
   245  0.4802583159878129E-04   4   0 0  0 2  0 0  2 0
   246  0.8604123583034090E-04   4   2 0  0 0  0 1  0 1
   247  0.1153873872951795E-04   4   1 1  0 0  0 1  0 1
   248  0.4318141815285691E-05   4   0 2  0 0  0 1  0 1
   249  -.4013254333744597E-01   4   1 0  1 0  0 1  0 1
   250  -.5725697786029545E-02   4   0 1  1 0  0 1  0 1
   251  -.4688603624624298E-04   4   0 0  2 0  0 1  0 1
   252  -.8702966484394099E-02   4   1 0  0 1  0 1  0 1
   253  -.1402383066918285E-02   4   0 1  0 1  0 1  0 1
   254  0.6773469726940923E-04   4   0 0  1 1  0 1  0 1
   255  0.2111655268685269E-04   4   0 0  0 2  0 1  0 1
   256  0.8575389517847946E-04   4   2 0  0 0  0 0  1 1
   257  0.1150020431429016E-04   4   1 1  0 0  0 0  1 1
   258  0.4303721082342236E-05   4   0 2  0 0  0 0  1 1
   259  -.3999851793611205E-01   4   1 0  1 0  0 0  1 1
   260  -.5706576422670210E-02   4   0 1  1 0  0 0  1 1
   261  -.4672945708872428E-04   4   0 0  2 0  0 0  1 1
   262  -.8673902326509580E-02   4   1 0  0 1  0 0  1 1
   263  -.1397699711772112E-02   4   0 1  0 1  0 0  1 1
   264  0.6750849256791697E-04   4   0 0  1 1  0 0  1 1
   265  0.2104603250015908E-04   4   0 0  0 2  0 0  1 1
   266  -.1310354439473122E-06   4   2 0  0 0  0 0  0 2
   267  -.2654593137909323E-07   4   1 1  0 0  0 0  0 2
   268  0.8503958412327029E-08   4   0 2  0 0  0 0  0 2
   269  -.4368934615083284E-02   4   1 0  1 0  0 0  0 2
   270  -.6568317230824014E-03   4   0 1  1 0  0 0  0 2
   271  0.7390596558377828E-04   4   0 0  2 0  0 0  0 2
   272  0.4541014644918589E-03   4   1 0  0 1  0 0  0 2
   273  -.8071620502205655E-05   4   0 1  0 1  0 0  0 2
   274  0.1927653895198115E-04   4   0 0  1 1  0 0  0 2
   275  0.9461584019397462E-06   4   0 0  0 2  0 0  0 2
   276  -.6572317049382013E-05   4   1 0  0 0  0 3  0 0
   277  -.1361147728058486E-05   4   0 1  0 0  0 3  0 0
   278  0.7681483673657812E-01   4   0 0  1 0  0 3  0 0
   279  -.5974994350929716E-01   4   0 0  0 1  0 3  0 0
   280  -.4386747974028977E-05   4   1 0  0 0  0 2  1 0
   281  -.1424409254878363E-05   4   0 1  0 0  0 2  1 0
   282  0.4137244211908658E-01   4   0 0  1 0  0 2  1 0
   283  -.2859421715739154E-01   4   0 0  0 1  0 2  1 0
   284  -.4397586313594518E-05   4   1 0  0 0  0 1  2 0
   285  -.1424069584766029E-05   4   0 1  0 0  0 1  2 0
   286  0.4154870056578330E-01   4   0 0  1 0  0 1  2 0
   287  -.2874928764682183E-01   4   0 0  0 1  0 1  2 0
   288  -.6532093649563526E-05   4   1 0  0 0  0 0  3 0
   289  -.1351958769540840E-05   4   0 1  0 0  0 0  3 0
   290  0.7636119312832998E-01   4   0 0  1 0  0 0  3 0
   291  -.5940304929481516E-01   4   0 0  0 1  0 0  3 0
   292  0.7745181965079431E-05   4   1 0  0 0  0 2  0 1
   293  0.1318916415130191E-05   4   0 1  0 0  0 2  0 1
   294  -.8268273025414033E-01   4   0 0  1 0  0 2  0 1
   295  -.1821753536856013E-01   4   0 0  0 1  0 2  0 1
   296  0.5581369837248668E-05   4   1 0  0 0  0 1  1 1
   297  0.1367850126082353E-05   4   0 1  0 0  0 1  1 1
   298  -.4743297907083308E-01   4   0 0  1 0  0 1  1 1
   299  -.1810097118014171E-01   4   0 0  0 1  0 1  1 1
   300  0.7709996709671686E-05   4   1 0  0 0  0 0  2 1
   301  0.1312227787725821E-05   4   0 1  0 0  0 0  2 1
   302  -.8232740270826272E-01   4   0 0  1 0  0 0  2 1
   303  -.1812647192855251E-01   4   0 0  0 1  0 0  2 1
   304  -.6119509609026604E-07   4   1 0  0 0  0 1  0 2
   305  0.2216582605187110E-08   4   0 1  0 0  0 1  0 2
   306  -.1177001428689319E-01   4   0 0  1 0  0 1  0 2
   307  -.2342624433081220E-03   4   0 0  0 1  0 1  0 2
   308  -.6099073083870858E-07   4   1 0  0 0  0 0  1 2
   309  0.2209180174435192E-08   4   0 1  0 0  0 0  1 2
   310  -.1173070751096218E-01   4   0 0  1 0  0 0  1 2
   311  -.2334801076929169E-03   4   0 0  0 1  0 0  1 2
   312  0.1071136123826173E-07   4   1 0  0 0  0 0  0 3
   313  -.4018297008434317E-09   4   0 1  0 0  0 0  0 3
   314  -.1507616223609753E-03   4   0 0  1 0  0 0  0 3
   315  0.6463011678905815E-05   4   0 0  0 1  0 0  0 3
   316  0.6718570093886496E-05   4   0 0  0 0  0 4  0 0
   317  0.2883952183817924E-05   4   0 0  0 0  0 3  1 0
   318  0.2378727873686313E-05   4   0 0  0 0  0 2  2 0
   319  0.2911085415573651E-05   4   0 0  0 0  0 1  3 0
   320  0.6668940575030971E-05   4   0 0  0 0  0 0  4 0
   321  0.1534715289746655E-05   4   0 0  0 0  0 3  0 1
   322  0.1797839511471920E-05   4   0 0  0 0  0 2  1 1
   323  0.1796495754815545E-05   4   0 0  0 0  0 1  2 1
   324  0.1524035407474900E-05   4   0 0  0 0  0 0  3 1
   325  0.1660796755203834E-07   4   0 0  0 0  0 2  0 2
   326  0.2403014835717207E-07   4   0 0  0 0  0 1  1 2
   327  0.1651237892654111E-07   4   0 0  0 0  0 0  2 2
   328  -.3954492700139383E-09   4   0 0  0 0  0 1  0 3
   329  -.3941286398541394E-09   4   0 0  0 0  0 0  1 3
   330  0.2610072355832747E-14   4   0 0  0 0  0 0  0 4
   ----------------------------------------------------
     I  COEFFICIENT            ORDER EXPONENTS
     1  0.1835507492012841E-03   0   0 0  0 0  0 0  0 0
     2  0.8903579056346796E-04   1   1 0  0 0  0 0  0 0
     3  0.1116327497418165E-04   1   0 1  0 0  0 0  0 0
     4  -2.031258621195967       1   0 0  1 0  0 0  0 0
     5  0.7279843106083291       1   0 0  0 1  0 0  0 0
     6  0.9417251982859703E-05   1   0 0  0 0  0 1  0 0
     7  0.9385802419201240E-05   1   0 0  0 0  0 0  1 0
     8  0.1647476947991985E-03   1   0 0  0 0  0 0  0 1
     9  0.1200173190750266E-02   2   2 0  0 0  0 0  0 0
    10  0.2222806097815326E-03   2   1 1  0 0  0 0  0 0
    11  0.7650106338181532E-04   2   0 2  0 0  0 0  0 0
    12  0.6759749706632748       2   1 0  1 0  0 0  0 0
    13  0.7853960290603997E-01   2   0 1  1 0  0 0  0 0
    14  0.7224890775567861E-03   2   0 0  2 0  0 0  0 0
    15  0.1006565852621689       2   1 0  0 1  0 0  0 0
    16  0.1568277962277832E-01   2   0 1  0 1  0 0  0 0
    17  0.6235296958570586E-03   2   0 0  1 1  0 0  0 0
    18  -.2341728527464886E-04   2   0 0  0 2  0 0  0 0
    19  -.3822704686667579E-05   2   1 0  0 0  0 1  0 0
    20  -.6210593234639373E-05   2   0 1  0 0  0 1  0 0
    21  -.1172318078296539       2   0 0  1 0  0 1  0 0
    22  0.1301622157372034       2   0 0  0 1  0 1  0 0
    23  -.3809938500246177E-05   2   1 0  0 0  0 0  1 0
    24  -.6189852529426738E-05   2   0 1  0 0  0 0  1 0
    25  -.1168403041075654       2   0 0  1 0  0 0  1 0
    26  0.1297275300245134       2   0 0  0 1  0 0  1 0
    27  0.9666849362882915E-04   2   1 0  0 0  0 0  0 1
    28  0.1240045052543311E-04   2   0 1  0 0  0 0  0 1
    29  -1.797186509221323       2   0 0  1 0  0 0  0 1
    30  -.2598897457509340       2   0 0  0 1  0 0  0 1
    31  -.6890385474123934E-05   2   0 0  0 0  0 2  0 0
    32  -.4380274307831978E-05   2   0 0  0 0  0 1  1 0
    33  -.6860060441415357E-05   2   0 0  0 0  0 0  2 0
    34  0.1816099969715586E-04   2   0 0  0 0  0 1  0 1
    35  0.1810034978387796E-04   2   0 0  0 0  0 0  1 1
    36  -.1813065767287429E-04   2   0 0  0 0  0 0  0 2
    37  0.7172964278356341E-02   3   3 0  0 0  0 0  0 0
    38  0.2866296267840368E-02   3   2 1  0 0  0 0  0 0
    39  0.4614006918348469E-03   3   1 2  0 0  0 0  0 0
    40  0.3245797213314185E-04   3   0 3  0 0  0 0  0 0
    41  -19.17638761785997       3   2 0  1 0  0 0  0 0
    42  -6.394071185782177       3   1 1  1 0  0 0  0 0
    43  -1.237220085255603       3   0 2  1 0  0 0  0 0
    44  -.1415052862356634E-01   3   1 0  2 0  0 0  0 0
    45  -.1733547623281063E-02   3   0 1  2 0  0 0  0 0
    46  -2.972537260355819       3   0 0  3 0  0 0  0 0
    47  -1.748925009323416       3   2 0  0 1  0 0  0 0
    48  -1.317082482064183       3   1 1  0 1  0 0  0 0
    49  -.3605208018061527       3   0 2  0 1  0 0  0 0
    50  -.4202414486183720E-02   3   1 0  1 1  0 0  0 0
    51  -.7323502290882117E-03   3   0 1  1 1  0 0  0 0
    52  -2.296751864517640       3   0 0  2 1  0 0  0 0
    53  -.4099034765682245E-03   3   1 0  0 2  0 0  0 0
    54  -.7413926719709433E-04   3   0 1  0 2  0 0  0 0
    55  0.6298098513945470       3   0 0  1 2  0 0  0 0
    56  -.2814650056585891E-01   3   0 0  0 3  0 0  0 0
    57  -.7074052935866242E-03   3   2 0  0 0  0 1  0 0
    58  -.3484908750470235E-03   3   1 1  0 0  0 1  0 0
    59  -.7965446005745867E-04   3   0 2  0 0  0 1  0 0
    60  0.4768834864691034E-01   3   1 0  1 0  0 1  0 0
    61  -.3132831314782866E-01   3   0 1  1 0  0 1  0 0
    62  -.8553889219740099E-04   3   0 0  2 0  0 1  0 0
    63  -.5308891783725936E-01   3   1 0  0 1  0 1  0 0
    64  -.1538011305901671E-01   3   0 1  0 1  0 1  0 0
    65  -.4038196422648215E-03   3   0 0  1 1  0 1  0 0
    66  0.7761764929078684E-05   3   0 0  0 2  0 1  0 0
    67  -.7050428647322735E-03   3   2 0  0 0  0 0  1 0
    68  -.3473270656916905E-03   3   1 1  0 0  0 0  1 0
    69  -.7938844848456910E-04   3   0 2  0 0  0 0  1 0
    70  0.4752909011169588E-01   3   1 0  1 0  0 0  1 0
    71  -.3122369008151942E-01   3   0 1  1 0  0 0  1 0
    72  -.8525322915681031E-04   3   0 0  2 0  0 0  1 0
    73  -.5291162372809455E-01   3   1 0  0 1  0 0  1 0
    74  -.1532875010880530E-01   3   0 1  0 1  0 0  1 0
    75  -.4024710586685600E-03   3   0 0  1 1  0 0  1 0
    76  0.7735843978817710E-05   3   0 0  0 2  0 0  1 0
    77  0.2613323586165098E-02   3   2 0  0 0  0 0  0 1
    78  0.6961714684669717E-03   3   1 1  0 0  0 0  0 1
    79  0.8257647112065368E-04   3   0 2  0 0  0 0  0 1
    80  0.5807564259845848       3   1 0  1 0  0 0  0 1
    81  0.6255199306164046E-01   3   0 1  1 0  0 0  0 1
    82  0.8928767005998618E-03   3   0 0  2 0  0 0  0 1
    83  0.1060004899203268       3   1 0  0 1  0 0  0 1
    84  0.1502610150356277E-01   3   0 1  0 1  0 0  0 1
    85  0.8060843794247682E-03   3   0 0  1 1  0 0  0 1
    86  0.7882891338300074E-05   3   0 0  0 2  0 0  0 1
    87  0.2919804087913960E-05   3   1 0  0 0  0 2  0 0
    88  0.4858122071077033E-05   3   0 1  0 0  0 2  0 0
    89  0.8565820660354645E-01   3   0 0  1 0  0 2  0 0
    90  -.9456348757562386E-01   3   0 0  0 1  0 2  0 0
    91  0.2223467022685141E-05   3   1 0  0 0  0 1  1 0
    92  0.3615750826378220E-05   3   0 1  0 0  0 1  1 0
    93  0.5429403207685032E-01   3   0 0  1 0  0 1  1 0
    94  -.5920114069766528E-01   3   0 0  0 1  0 1  1 0
    95  0.2906340489550897E-05   3   1 0  0 0  0 0  2 0
    96  0.4835860511977345E-05   3   0 1  0 0  0 0  2 0
    97  0.8528148576853646E-01   3   0 0  1 0  0 0  2 0
    98  -.9414883312537725E-01   3   0 0  0 1  0 0  2 0
    99  -.8401320528182532E-05   3   1 0  0 0  0 1  0 1
   100  -.7390281639922055E-05   3   0 1  0 0  0 1  0 1
   101  -.2256101436155228       3   0 0  1 0  0 1  0 1
   102  0.1181660992921705       3   0 0  0 1  0 1  0 1
   103  -.8373263737810199E-05   3   1 0  0 0  0 0  1 1
   104  -.7365601283772316E-05   3   0 1  0 0  0 0  1 1
   105  -.2248567029529451       3   0 0  1 0  0 0  1 1
   106  0.1177714754391908       3   0 0  0 1  0 0  1 1
   107  0.8665514526142688E-05   3   1 0  0 0  0 0  0 2
   108  0.1285128727326394E-05   3   0 1  0 0  0 0  0 2
   109  0.2252332820910941       3   0 0  1 0  0 0  0 2
   110  0.1197601347787522E-01   3   0 0  0 1  0 0  0 2
   111  0.5629544059363728E-05   3   0 0  0 0  0 3  0 0
   112  0.3114461149496088E-05   3   0 0  0 0  0 2  1 0
   113  0.3126965912114996E-05   3   0 0  0 0  0 1  2 0
   114  0.5596160675445110E-05   3   0 0  0 0  0 0  3 0
   115  -.1311572689250375E-04   3   0 0  0 0  0 2  0 1
   116  -.8105041474660096E-05   3   0 0  0 0  0 1  1 1
   117  -.1305839234334640E-04   3   0 0  0 0  0 0  2 1
   118  0.8089097719672926E-05   3   0 0  0 0  0 1  0 2
   119  0.8062083618941974E-05   3   0 0  0 0  0 0  1 2
   120  0.6600875600421768E-06   3   0 0  0 0  0 0  0 3
   121  0.5772913715827902E-02   4   4 0  0 0  0 0  0 0
   122  0.3614655283452954E-02   4   3 1  0 0  0 0  0 0
   123  0.7806047377058141E-03   4   2 2  0 0  0 0  0 0
   124  -.3572118230356766E-04   4   1 3  0 0  0 0  0 0
   125  -.4547230837426246E-04   4   0 4  0 0  0 0  0 0
   126  -69.70838111112981       4   3 0  1 0  0 0  0 0
   127  -25.83938557819861       4   2 1  1 0  0 0  0 0
   128  -3.995707153685188       4   1 2  1 0  0 0  0 0
   129  -.1860405901031866       4   0 3  1 0  0 0  0 0
   130  -.1661174917271175E-01   4   2 0  2 0  0 0  0 0
   131  0.7349979404787303E-03   4   1 1  2 0  0 0  0 0
   132  -.1544343038681290E-03   4   0 2  2 0  0 0  0 0
   133   47.17730834586527       4   1 0  3 0  0 0  0 0
   134   5.315437109342469       4   0 1  3 0  0 0  0 0
   135  0.9966494813571499E-03   4   0 0  4 0  0 0  0 0
   136  -12.55235136769104       4   3 0  0 1  0 0  0 0
   137  -5.950647000214611       4   2 1  0 1  0 0  0 0
   138  -.9713945232462943       4   1 2  0 1  0 0  0 0
   139  -.4632761376376821E-01   4   0 3  0 1  0 0  0 0
   140  0.2075215597486932E-02   4   2 0  1 1  0 0  0 0
   141  0.2122730421701828E-02   4   1 1  1 1  0 0  0 0
   142  0.7410111326953173E-03   4   0 2  1 1  0 0  0 0
   143   18.95823262519669       4   1 0  2 1  0 0  0 0
   144   2.459427583618385       4   0 1  2 1  0 0  0 0
   145  0.2137893462854192E-02   4   0 0  3 1  0 0  0 0
   146  -.7724588737535339E-03   4   2 0  0 2  0 0  0 0
   147  -.4371821211834580E-03   4   1 1  0 2  0 0  0 0
   148  -.4719455232659887E-04   4   0 2  0 2  0 0  0 0
   149   3.476311443668739       4   1 0  1 2  0 0  0 0
   150  0.5281596000463312       4   0 1  1 2  0 0  0 0
   151  0.8207551480737036E-03   4   0 0  2 2  0 0  0 0
   152  0.3116603012071952       4   1 0  0 3  0 0  0 0
   153  0.5294395361819017E-01   4   0 1  0 3  0 0  0 0
   154  0.1437691487561762E-03   4   0 0  1 3  0 0  0 0
   155  0.6510449115040915E-05   4   0 0  0 4  0 0  0 0
   156  0.5427290005024717E-03   4   3 0  0 0  0 1  0 0
   157  0.1693793775589121E-03   4   2 1  0 0  0 1  0 0
   158  -.1830352949809070E-05   4   1 2  0 0  0 1  0 0
   159  -.1741514661243383E-04   4   0 3  0 0  0 1  0 0
   160   10.53656851266921       4   2 0  1 0  0 1  0 0
   161   6.144636268348097       4   1 1  1 0  0 1  0 0
   162   1.260620131788391       4   0 2  1 0  0 1  0 0
   163  -.3511094679046233E-03   4   1 0  2 0  0 1  0 0
   164  0.2900164923869595E-04   4   0 1  2 0  0 1  0 0
   165  0.4490107914019937       4   0 0  3 0  0 1  0 0
   166   2.247802132652191       4   2 0  0 1  0 1  0 0
   167   2.050333204384405       4   1 1  0 1  0 1  0 0
   168  0.5808970389336130       4   0 2  0 1  0 1  0 0
   169  0.8444095683195964E-04   4   1 0  1 1  0 1  0 0
   170  0.1993754332822072E-03   4   0 1  1 1  0 1  0 0
   171   1.845841297042923       4   0 0  2 1  0 1  0 0
   172  0.2852945952481706E-05   4   1 0  0 2  0 1  0 0
   173  0.1636286538162069E-04   4   0 1  0 2  0 1  0 0
   174  -.4425326304869231       4   0 0  1 2  0 1  0 0
   175  0.5377632168035811E-01   4   0 0  0 3  0 1  0 0
   176  0.5409165195067690E-03   4   3 0  0 0  0 0  1 0
   177  0.1688137234246989E-03   4   2 1  0 0  0 0  1 0
   178  -.1824240359673789E-05   4   1 2  0 0  0 0  1 0
   179  -.1735698752706547E-04   4   0 3  0 0  0 0  1 0
   180   10.50138091412303       4   2 0  1 0  0 0  1 0
   181   6.124115830981504       4   1 1  1 0  0 0  1 0
   182   1.256410203758858       4   0 2  1 0  0 0  1 0
   183  -.3499369135775180E-03   4   1 0  2 0  0 0  1 0
   184  0.2890479622726515E-04   4   0 1  2 0  0 0  1 0
   185  0.4475112888408264       4   0 0  3 0  0 0  1 0
   186   2.240295442123878       4   2 0  0 1  0 0  1 0
   187   2.043485974985682       4   1 1  0 1  0 0  1 0
   188  0.5789570931364513       4   0 2  0 1  0 0  1 0
   189  0.8415896042238081E-04   4   1 0  1 1  0 0  1 0
   190  0.1987096052474104E-03   4   0 1  1 1  0 0  1 0
   191   1.839676982497616       4   0 0  2 1  0 0  1 0
   192  0.2843418342356708E-05   4   1 0  0 2  0 0  1 0
   193  0.1630822046212669E-04   4   0 1  0 2  0 0  1 0
   194  -.4410547621917196       4   0 0  1 2  0 0  1 0
   195  0.5359673193856649E-01   4   0 0  0 3  0 0  1 0
   196  0.9312229855816242E-03   4   3 0  0 0  0 0  0 1
   197  0.3887303238680849E-03   4   2 1  0 0  0 0  0 1
   198  0.7504280755013385E-04   4   1 2  0 0  0 0  0 1
   199  0.1449386044889347E-04   4   0 3  0 0  0 0  0 1
   200  -40.22019428447752       4   2 0  1 0  0 0  0 1
   201  -12.27170796295650       4   1 1  1 0  0 0  0 1
   202  -1.280112384362986       4   0 2  1 0  0 0  0 1
   203  -.2976838924013837E-02   4   1 0  2 0  0 0  0 1
   204  -.3585815909949513E-03   4   0 1  2 0  0 0  0 1
   205  -3.867737899157675       4   0 0  3 0  0 0  0 1
   206  -4.490297915175334       4   2 0  0 1  0 0  0 1
   207  -2.777839630542335       4   1 1  0 1  0 0  0 1
   208  -.4389128890893982       4   0 2  0 1  0 0  0 1
   209  -.1018640786500535E-02   4   1 0  1 1  0 0  0 1
   210  -.2877399292553961E-03   4   0 1  1 1  0 0  0 1
   211  -3.684608326205423       4   0 0  2 1  0 0  0 1
   212  -.8155470378764361E-04   4   1 0  0 2  0 0  0 1
   213  -.2058250227292688E-04   4   0 1  0 2  0 0  0 1
   214  0.2540706472280553       4   0 0  1 2  0 0  0 1
   215  -.5103888556949725E-01   4   0 0  0 3  0 0  0 1
   216  -.3672492937370706E-03   4   2 0  0 0  0 2  0 0
   217  -.3915350390258585E-03   4   1 1  0 0  0 2  0 0
   218  -.1062365570365318E-03   4   0 2  0 0  0 2  0 0
   219  -.3552315116098089E-01   4   1 0  1 0  0 2  0 0
   220  0.2030857725361558E-01   4   0 1  1 0  0 2  0 0
   221  -.2089159137114920E-03   4   0 0  2 0  0 2  0 0
   222  0.4182890432208931E-01   4   1 0  0 1  0 2  0 0
   223  0.1562034909330975E-01   4   0 1  0 1  0 2  0 0
   224  0.1689549797262390E-03   4   0 0  1 1  0 2  0 0
   225  -.2440523154148872E-05   4   0 0  0 2  0 2  0 0
   226  -.3869066303526908E-03   4   2 0  0 0  0 1  1 0
   227  -.4259373110337824E-03   4   1 1  0 0  0 1  1 0
   228  -.1276984825656158E-03   4   0 2  0 0  0 1  1 0
   229  -.2511116999886322E-01   4   1 0  1 0  0 1  1 0
   230  0.8606342903981165E-02   4   0 1  1 0  0 1  1 0
   231  -.1786764497912494E-03   4   0 0  2 0  0 1  1 0
   232  0.3001490632285830E-01   4   1 0  0 1  0 1  1 0
   233  0.1548884034684963E-01   4   0 1  0 1  0 1  1 0
   234  0.9944516934698765E-04   4   0 0  1 1  0 1  1 0
   235  -.1012603114877851E-04   4   0 0  0 2  0 1  1 0
   236  -.3653767886342463E-03   4   2 0  0 0  0 0  2 0
   237  -.3895162571712477E-03   4   1 1  0 0  0 0  2 0
   238  -.1056685437613873E-03   4   0 2  0 0  0 0  2 0
   239  -.3536258889969231E-01   4   1 0  1 0  0 0  2 0
   240  0.2022638461832525E-01   4   0 1  1 0  0 0  2 0
   241  -.2079198734084819E-03   4   0 0  2 0  0 0  2 0
   242  0.4163909537930569E-01   4   1 0  0 1  0 0  2 0
   243  0.1554232083201272E-01   4   0 1  0 1  0 0  2 0
   244  0.1682246908909421E-03   4   0 0  1 1  0 0  2 0
   245  -.2415464568126789E-05   4   0 0  0 2  0 0  2 0
   246  0.8468738667252519E-03   4   2 0  0 0  0 1  0 1
   247  0.6018080566797245E-03   4   1 1  0 0  0 1  0 1
   248  0.9995300129354196E-04   4   0 2  0 0  0 1  0 1
   249  0.9843108357991695E-01   4   1 0  1 0  0 1  0 1
   250  -.1620151094685898E-01   4   0 1  1 0  0 1  0 1
   251  0.3709878752451766E-03   4   0 0  2 0  0 1  0 1
   252  -.5919233605347039E-01   4   1 0  0 1  0 1  0 1
   253  -.1479454323094634E-01   4   0 1  0 1  0 1  0 1
   254  -.9033356892274433E-04   4   0 0  1 1  0 1  0 1
   255  0.5871362193632406E-05   4   0 0  0 2  0 1  0 1
   256  0.8440456729346688E-03   4   2 0  0 0  0 0  1 1
   257  0.5997982770940044E-03   4   1 1  0 0  0 0  1 1
   258  0.9961920133971691E-04   4   0 2  0 0  0 0  1 1
   259  0.9810236617545053E-01   4   1 0  1 0  0 0  1 1
   260  -.1614740488164861E-01   4   0 1  1 0  0 0  1 1
   261  0.3697489356033072E-03   4   0 0  2 0  0 0  1 1
   262  -.5899465915747164E-01   4   1 0  0 1  0 0  1 1
   263  -.1474513583163423E-01   4   0 1  0 1  0 0  1 1
   264  -.9003189372795241E-04   4   0 0  1 1  0 0  1 1
   265  0.5851754373919533E-05   4   0 0  0 2  0 0  1 1
   266  -.5711180112049586E-03   4   2 0  0 0  0 0  0 2
   267  -.1554170834306554E-03   4   1 1  0 0  0 0  0 2
   268  -.7181079937838260E-05   4   0 2  0 0  0 0  0 2
   269  -.1005370346193153       4   1 0  1 0  0 0  0 2
   270  -.1587699626644755E-01   4   0 1  1 0  0 0  0 2
   271  -.1453357465417169E-03   4   0 0  2 0  0 0  0 2
   272  0.5191177743003219E-02   4   1 0  0 1  0 0  0 2
   273  -.6656646161045705E-03   4   0 1  0 1  0 0  0 2
   274  -.1023613331948373E-03   4   0 0  1 1  0 0  0 2
   275  -.4496714579762349E-05   4   0 0  0 2  0 0  0 2
   276  -.4731704804476649E-05   4   1 0  0 0  0 3  0 0
   277  -.7201949466987444E-05   4   0 1  0 0  0 3  0 0
   278  -.6991232287144702E-01   4   0 0  1 0  0 3  0 0
   279  0.7681718563311415E-01   4   0 0  0 1  0 3  0 0
   280  -.3485576353439436E-05   4   1 0  0 0  0 2  1 0
   281  -.5132515720864278E-05   4   0 1  0 0  0 2  1 0
   282  -.3849031585758030E-01   4   0 0  1 0  0 2  1 0
   283  0.4137521659684743E-01   4   0 0  0 1  0 2  1 0
   284  -.3491739494449606E-05   4   1 0  0 0  0 1  2 0
   285  -.5142761764323218E-05   4   0 1  0 0  0 1  2 0
   286  -.3864655023373011E-01   4   0 0  1 0  0 1  2 0
   287  0.4155147287236229E-01   4   0 0  0 1  0 1  2 0
   288  -.4702201385215017E-05   4   1 0  0 0  0 0  3 0
   289  -.7157330914663627E-05   4   0 1  0 0  0 0  3 0
   290  -.6949805272571800E-01   4   0 0  1 0  0 0  3 0
   291  0.7636352564114757E-01   4   0 0  0 1  0 0  3 0
   292  0.7061455763066389E-05   4   1 0  0 0  0 2  0 1
   293  0.8246732989933644E-05   4   0 1  0 0  0 2  0 1
   294  0.1625850280285401       4   0 0  1 0  0 2  0 1
   295  -.8268484956984411E-01   4   0 0  0 1  0 2  0 1
   296  0.5979659712008066E-05   4   1 0  0 0  0 1  1 1
   297  0.6165138894065768E-05   4   0 1  0 0  0 1  1 1
   298  0.9998693098728414E-01   4   0 0  1 0  0 1  1 1
   299  -.4743552753424402E-01   4   0 0  0 1  0 1  1 1
   300  0.7027888800272851E-05   4   1 0  0 0  0 0  2 1
   301  0.8208898001675287E-05   4   0 1  0 0  0 0  2 1
   302  0.1618751074618388       4   0 0  1 0  0 0  2 1
   303  -.8232951069098049E-01   4   0 0  0 1  0 0  2 1
   304  -.2173068353732581E-05   4   1 0  0 0  0 1  0 2
   305  -.2979912605638659E-08   4   0 1  0 0  0 1  0 2
   306  -.9978080711852137E-01   4   0 0  1 0  0 1  0 2
   307  -.1177003354302856E-01   4   0 0  0 1  0 1  0 2
   308  -.2165811241822323E-05   4   1 0  0 0  0 0  1 2
   309  -.2969960981550900E-08   4   0 1  0 0  0 0  1 2
   310  -.9944758221904215E-01   4   0 0  1 0  0 0  1 2
   311  -.1173072670279035E-01   4   0 0  0 1  0 0  1 2
   312  0.6215866866283608E-06   4   1 0  0 0  0 0  0 3
   313  0.9828810931991211E-08   4   0 1  0 0  0 0  0 3
   314  -.8671275497499674E-02   4   0 0  1 0  0 0  0 3
   315  -.1507638324029594E-03   4   0 0  0 1  0 0  0 3
   316  -.8429858781131301E-05   4   0 0  0 0  0 4  0 0
   317  -.4195016653114836E-05   4   0 0  0 0  0 3  1 0
   318  -.3636510294916613E-05   4   0 0  0 0  0 2  2 0
   319  -.4224955494785552E-05   4   0 0  0 0  0 1  3 0
   320  -.8366630532097923E-05   4   0 0  0 0  0 0  4 0
   321  0.8840988383140728E-05   4   0 0  0 0  0 3  0 1
   322  0.4154293535050786E-05   4   0 0  0 0  0 2  1 1
   323  0.4177622945317127E-05   4   0 0  0 0  0 1  2 1
   324  0.8789787301150158E-05   4   0 0  0 0  0 0  3 1
   325  0.9024070852718854E-06   4   0 0  0 0  0 2  0 2
   326  0.1071113886652466E-05   4   0 0  0 0  0 1  1 2
   327  0.8976049050458211E-06   4   0 0  0 0  0 0  2 2
   328  0.9226479406864300E-08   4   0 0  0 0  0 1  0 3
   329  0.9195666941404332E-08   4   0 0  0 0  0 0  1 3
   330  -.3295489163720710E-13   4   0 0  0 0  0 0  0 4
   ----------------------------------------------------
     I  COEFFICIENT            ORDER EXPONENTS
     1  0.8875880265401410E-08   0   0 0  0 0  0 0  0 0
     2  0.2124208546459513E-06   1   1 0  0 0  0 0  0 0
     3  0.6811837087862069E-06   1   0 1  0 0  0 0  0 0
     4  0.1500350722354507E-04   1   0 0  1 0  0 0  0 0
     5  -.1001325547178879E-04   1   0 0  0 1  0 0  0 0
     6   1.000000000000000       1   0 0  0 0  1 0  0 0
     7  0.6229109885754087E-01   1   0 0  0 0  0 1  0 0
     8  -.6229109765488230E-01   1   0 0  0 0  0 0  1 0
     9  -.1202664766836363E-08   1   0 0  0 0  0 0  0 1
    10  -.1084381904787777       2   2 0  0 0  0 0  0 0
    11  -.1645173531384745       2   1 1  0 0  0 0  0 0
    12  -.7263073005574906E-01   2   0 2  0 0  0 0  0 0
    13  -.6158323853829937E-05   2   1 0  1 0  0 0  0 0
    14  -.6184087498971619E-05   2   0 1  1 0  0 0  0 0
    15  -.8952647927998050E-01   2   0 0  2 0  0 0  0 0
    16  -.6005299254839916E-05   2   1 0  0 1  0 0  0 0
    17  -.6921923381750035E-06   2   0 1  0 1  0 0  0 0
    18  0.1218850069044392       2   0 0  1 1  0 0  0 0
    19  -.5388100911775644E-01   2   0 0  0 2  0 0  0 0
    20  -.4674861332477184E-06   2   1 0  0 0  0 1  0 0
    21  -.1118162043525029E-05   2   0 1  0 0  0 1  0 0
    22  -.2178082728681932E-04   2   0 0  1 0  0 1  0 0
    23  0.1420683190617018E-04   2   0 0  0 1  0 1  0 0
    24  -.2549052914605537E-06   2   1 0  0 0  0 0  1 0
    25  -.4377708166538257E-06   2   0 1  0 0  0 0  1 0
    26  -.6804638610818159E-05   2   0 0  1 0  0 0  1 0
    27  0.4212898313042737E-05   2   0 0  0 1  0 0  1 0
    28  0.7223356278636046E-06   2   1 0  0 0  0 0  0 1
    29  0.8746881767823381E-06   2   0 1  0 0  0 0  0 1
    30  0.2858549102433332E-04   2   0 0  1 0  0 0  0 1
    31  -.8406466570821068E-05   2   0 0  0 1  0 0  0 1
    32  -.4679646458433790E-01   2   0 0  0 0  0 2  0 0
    33  0.3130182859174668E-01   2   0 0  0 0  0 1  1 0
    34  0.1549463427198621E-01   2   0 0  0 0  0 0  2 0
    35  0.1719544201790590E-08   2   0 0  0 0  0 1  0 1
    36  0.5192023527215142E-09   2   0 0  0 0  0 0  1 1
    37  -.5180888296836810E-09   2   0 0  0 0  0 0  0 2
    38  0.4193267686778352E-01   3   3 0  0 0  0 0  0 0
    39  0.3770879766392222E-01   3   2 1  0 0  0 0  0 0
    40  0.5021370148396774E-02   3   1 2  0 0  0 0  0 0
    41  0.2672357493319582E-03   3   0 3  0 0  0 0  0 0
    42  0.6645708861438382E-03   3   2 0  1 0  0 0  0 0
    43  0.1271532176966115E-03   3   1 1  1 0  0 0  0 0
    44  0.1433014676415549E-03   3   0 2  1 0  0 0  0 0
    45  0.2871666494130798E-01   3   1 0  2 0  0 0  0 0
    46  -.2011161988015017E-01   3   0 1  2 0  0 0  0 0
    47  0.7142460579250111E-04   3   0 0  3 0  0 0  0 0
    48  0.4657741324426307E-04   3   2 0  0 1  0 0  0 0
    49  0.1199031277336856E-04   3   1 1  0 1  0 0  0 0
    50  -.6846788869360418E-05   3   0 2  0 1  0 0  0 0
    51  -.4100201781069542E-01   3   1 0  1 1  0 0  0 0
    52  -.6047761924385798E-02   3   0 1  1 1  0 0  0 0
    53  0.1647682774810226E-03   3   0 0  2 1  0 0  0 0
    54  -.3774926815439061E-02   3   1 0  0 2  0 0  0 0
    55  -.6484718292369730E-03   3   0 1  0 2  0 0  0 0
    56  0.6428269800750870E-05   3   0 0  1 2  0 0  0 0
    57  -.1296226822631096E-04   3   0 0  0 3  0 0  0 0
    58  0.1675287983865398       3   2 0  0 0  0 1  0 0
    59  0.2581085450785990       3   1 1  0 0  0 1  0 0
    60  0.1142245461539140       3   0 2  0 0  0 1  0 0
    61  0.9531576775447350E-05   3   1 0  1 0  0 1  0 0
    62  0.9782893803768131E-05   3   0 1  1 0  0 1  0 0
    63  0.1297270112509185       3   0 0  2 0  0 1  0 0
    64  0.9387518157539928E-05   3   1 0  0 1  0 1  0 0
    65  0.1465887068911917E-05   3   0 1  0 1  0 1  0 0
    66  -.1728870889969205       3   0 0  1 1  0 1  0 0
    67  0.7673920260016708E-01   3   0 0  0 2  0 1  0 0
    68  0.5925442171167009E-01   3   2 0  0 0  0 0  1 0
    69  0.9382636361995542E-01   3   1 1  0 0  0 0  1 0
    70  0.4169671513554436E-01   3   0 2  0 0  0 0  1 0
    71  0.3345931752644681E-05   3   1 0  1 0  0 0  1 0
    72  0.3535726989420476E-05   3   0 1  1 0  0 0  1 0
    73  0.4036438209214910E-01   3   0 0  2 0  0 0  1 0
    74  0.3372411343529682E-05   3   1 0  0 1  0 0  1 0
    75  0.7624901351082989E-06   3   0 1  0 1  0 0  1 0
    76  -.5123745384635733E-01   3   0 0  1 1  0 0  1 0
    77  0.2296120527592520E-01   3   0 0  0 2  0 0  1 0
    78  -.2267836914283503       3   2 0  0 0  0 0  0 1
    79  -.1874180448228997       3   1 1  0 0  0 0  0 1
    80  -.1066004435112578E-01   3   0 2  0 0  0 0  0 1
    81  -.1280433778908761E-04   3   1 0  1 0  0 0  0 1
    82  -.6993641449148981E-05   3   0 1  1 0  0 0  0 1
    83  -.1700916079127400       3   0 0  2 0  0 0  0 1
    84  -.6694588591697638E-05   3   1 0  0 1  0 0  0 1
    85  -.7928937945148871E-06   3   0 1  0 1  0 0  0 1
    86  0.1022395888149243       3   0 0  1 1  0 0  0 1
    87  0.8061564456747054E-02   3   0 0  0 2  0 0  0 1
    88  0.7383026111269409E-06   3   1 0  0 0  0 2  0 0
    89  0.1501578952418527E-05   3   0 1  0 0  0 2  0 0
    90  0.2651870678875529E-04   3   0 0  1 0  0 2  0 0
    91  -.1696925856280835E-04   3   0 0  0 1  0 2  0 0
    92  0.5413986020429913E-06   3   1 0  0 0  0 1  1 0
    93  0.7669063558988741E-06   3   0 1  0 0  0 1  1 0
    94  0.9493579335443783E-05   3   0 0  1 0  0 1  1 0
    95  -.5533976541157907E-05   3   0 0  0 1  0 1  1 0
    96  0.2705754466766645E-06   3   1 0  0 0  0 0  2 0
    97  0.3840322467566550E-06   3   0 1  0 0  0 0  2 0
    98  0.4767141589093452E-05   3   0 0  1 0  0 0  2 0
    99  -.2781367520627288E-05   3   0 0  0 1  0 0  2 0
   100  -.1551516285149924E-05   3   1 0  0 0  0 1  0 1
   101  -.1533786431677429E-05   3   0 1  0 0  0 1  0 1
   102  -.4075453741133916E-04   3   0 0  1 0  0 1  0 1
   103  0.1105773650719479E-04   3   0 0  0 1  0 1  0 1
   104  -.8287577833666560E-06   3   1 0  0 0  0 0  1 1
   105  -.6597020533253648E-06   3   0 1  0 0  0 0  1 1
   106  -.1222476343140137E-04   3   0 0  1 0  0 0  1 1
   107  0.2670307112889764E-05   3   0 0  0 1  0 0  1 1
   108  0.8291059363805184E-06   3   1 0  0 0  0 0  0 2
   109  0.2219852888997710E-06   3   0 1  0 0  0 0  0 2
   110  0.1219811700759113E-04   3   0 0  1 0  0 0  0 2
   111  0.1542641983475452E-05   3   0 0  0 1  0 0  0 2
   112  0.3901016548905657E-01   3   0 0  0 0  0 3  0 0
   113  -.2343763865887903E-01   3   0 0  0 0  0 2  1 0
   114  -.7864206914598066E-02   3   0 0  0 0  0 1  2 0
   115  -.7708359548262727E-02   3   0 0  0 0  0 0  3 0
   116  -.1397147130201304E-08   3   0 0  0 0  0 2  0 1
   117  0.6346087592432504E-09   3   0 0  0 0  0 1  1 1
   118  0.3133872359123456E-09   3   0 0  0 0  0 0  2 1
   119  -.4876599142748374E-10   3   0 0  0 0  0 1  0 2
   120  -.5254045059680173E-10   3   0 0  0 0  0 0  1 2
   121  -.1878368337276883E-11   3   0 0  0 0  0 0  0 3
   122  -2.220005375338300       4   4 0  0 0  0 0  0 0
   123  -3.138880870086930       4   3 1  0 0  0 0  0 0
   124  -2.071304742030854       4   2 2  0 0  0 0  0 0
   125  -.5162196323553041       4   1 3  0 0  0 0  0 0
   126  -.8404014166665759E-01   4   0 4  0 0  0 0  0 0
   127  0.5663698087392122E-03   4   3 0  1 0  0 0  0 0
   128  -.6971841800317173E-04   4   2 1  1 0  0 0  0 0
   129  -.8589343599571409E-04   4   1 2  1 0  0 0  0 0
   130  -.2144911004848273E-04   4   0 3  1 0  0 0  0 0
   131  -4.141714573309393       4   2 0  2 0  0 0  0 0
   132  -1.400308770687213       4   1 1  2 0  0 0  0 0
   133  -.7965207510845717       4   0 2  2 0  0 0  0 0
   134  -.6595096537036866E-03   4   1 0  3 0  0 0  0 0
   135  -.8955370916641320E-04   4   0 1  3 0  0 0  0 0
   136  -.4175355625754098       4   0 0  4 0  0 0  0 0
   137  -.1198502626371245E-04   4   3 0  0 1  0 0  0 0
   138  -.1283161548424432E-03   4   2 1  0 1  0 0  0 0
   139  -.3907696078305446E-04   4   1 2  0 1  0 0  0 0
   140  -.4567250153496773E-05   4   0 3  0 1  0 0  0 0
   141  -1.112875752099644       4   2 0  1 1  0 0  0 0
   142  -.4552597601220090E-01   4   1 1  1 1  0 0  0 0
   143  0.1012122105759958       4   0 2  1 1  0 0  0 0
   144  -.1872273180842248E-03   4   1 0  2 1  0 0  0 0
   145  -.6337413479489814E-04   4   0 1  2 1  0 0  0 0
   146  -.3668188860550232       4   0 0  3 1  0 0  0 0
   147  0.2782649918029569       4   2 0  0 2  0 0  0 0
   148  -.2011446950545419       4   1 1  0 2  0 0  0 0
   149  -.9961344549869100E-01   4   0 2  0 2  0 0  0 0
   150  -.8536107586770385E-05   4   1 0  1 2  0 0  0 0
   151  -.1921003163261696E-04   4   0 1  1 2  0 0  0 0
   152  -.3460164759333687E-01   4   0 0  2 2  0 0  0 0
   153  -.1501468221438649E-04   4   1 0  0 3  0 0  0 0
   154  -.3704069420683589E-05   4   0 1  0 3  0 0  0 0
   155  0.1470669866491771       4   0 0  1 3  0 0  0 0
   156  -.2687834984059882E-01   4   0 0  0 4  0 0  0 0
   157  -.6919985323569444E-01   4   3 0  0 0  0 1  0 0
   158  -.6738248508584410E-01   4   2 1  0 0  0 1  0 0
   159  -.1206130769582729E-01   4   1 2  0 0  0 1  0 0
   160  -.9952048191374304E-03   4   0 3  0 0  0 1  0 0
   161  0.1806137639950917E-03   4   2 0  1 0  0 1  0 0
   162  0.1023990185348854E-03   4   1 1  1 0  0 1  0 0
   163  -.8334753375250529E-04   4   0 2  1 0  0 1  0 0
   164  -.4089891615933861E-01   4   1 0  2 0  0 1  0 0
   165  0.2731265461109331E-01   4   0 1  2 0  0 1  0 0
   166  0.1287769131141963E-03   4   0 0  3 0  0 1  0 0
   167  -.6083331986551379E-04   4   2 0  0 1  0 1  0 0
   168  0.1090609990134467E-03   4   1 1  0 1  0 1  0 0
   169  0.6013580593992583E-04   4   0 2  0 1  0 1  0 0
   170  0.5780632478096311E-01   4   1 0  1 1  0 1  0 0
   171  0.1162477759407010E-01   4   0 1  1 1  0 1  0 0
   172  -.6219816100994285E-04   4   0 0  2 1  0 1  0 0
   173  0.7363478820970792E-02   4   1 0  0 2  0 1  0 0
   174  0.1426191187793004E-02   4   0 1  0 2  0 1  0 0
   175  -.1242749494916934E-03   4   0 0  1 2  0 1  0 0
   176  0.3387365462517922E-04   4   0 0  0 3  0 1  0 0
   177  -.2640909609009832E-01   4   3 0  0 0  0 0  1 0
   178  -.2843948744245382E-01   4   2 1  0 0  0 0  1 0
   179  -.6579176953880241E-02   4   1 2  0 0  0 0  1 0
   180  -.6172338004432573E-03   4   0 3  0 0  0 0  1 0
   181  0.9664649765931272E-04   4   2 0  1 0  0 0  1 0
   182  0.1706199883199251E-04   4   1 1  1 0  0 0  1 0
   183  -.4552438423585781E-04   4   0 2  1 0  0 0  1 0
   184  -.1195285624870365E-01   4   1 0  2 0  0 0  1 0
   185  0.7790501069683603E-02   4   0 1  2 0  0 0  1 0
   186  0.3189617636077929E-04   4   0 0  3 0  0 0  1 0
   187  -.2855870126065774E-04   4   2 0  0 1  0 0  1 0
   188  0.6846411404299408E-04   4   1 1  0 1  0 0  1 0
   189  0.3639898763750623E-04   4   0 2  0 1  0 0  1 0
   190  0.1683948101852526E-01   4   1 0  1 1  0 0  1 0
   191  0.5502849362222626E-02   4   0 1  1 1  0 0  1 0
   192  0.1237594672925712E-04   4   0 0  2 1  0 0  1 0
   193  0.3678537383181958E-02   4   1 0  0 2  0 0  1 0
   194  0.8449093716342041E-03   4   0 1  0 2  0 0  1 0
   195  -.6901850126112044E-04   4   0 0  1 2  0 0  1 0
   196  0.1864777482202486E-04   4   0 0  0 3  0 0  1 0
   197  0.9444764452202346E-01   4   3 0  0 0  0 0  0 1
   198  0.5531134572404760E-01   4   2 1  0 0  0 0  0 1
   199  0.7110713513020464E-02   4   1 2  0 0  0 0  0 1
   200  0.3565694032278756E-03   4   0 3  0 0  0 0  0 1
   201  -.1413065023372913E-03   4   2 0  1 0  0 0  0 1
   202  -.2832944531975445E-04   4   1 1  1 0  0 0  0 1
   203  0.4089254912502886E-04   4   0 2  1 0  0 0  0 1
   204  0.5233363496038141E-01   4   1 0  2 0  0 0  0 1
   205  -.1613121667654136E-01   4   0 1  2 0  0 0  0 1
   206  -.1158854565730782E-03   4   0 0  3 0  0 0  0 1
   207  -.1090859722224481E-04   4   2 0  0 1  0 0  0 1
   208  -.4738783772369477E-04   4   1 1  0 1  0 0  0 1
   209  -.1117231126919097E-05   4   0 2  0 1  0 0  0 1
   210  -.3361515217893739E-01   4   1 0  1 1  0 0  0 1
   211  -.4804842843465945E-02   4   0 1  1 1  0 0  0 1
   212  -.1664421244962980E-04   4   0 0  2 1  0 0  0 1
   213  -.3746592669559706E-02   4   1 0  0 2  0 0  0 1
   214  -.6036482840906696E-03   4   0 1  0 2  0 0  0 1
   215  0.2895411989709490E-04   4   0 0  1 2  0 0  0 1
   216  0.6253829519402623E-05   4   0 0  0 3  0 0  0 1
   217  -.2144202518571504       4   2 0  0 0  0 2  0 0
   218  -.3342499247519466       4   1 1  0 0  0 2  0 0
   219  -.1482546273725186       4   0 2  0 0  0 2  0 0
   220  -.1339009643100711E-04   4   1 0  1 0  0 2  0 0
   221  -.1951967885681854E-04   4   0 1  1 0  0 2  0 0
   222  -.1577103369724713       4   0 0  2 0  0 2  0 0
   223  -.1983525923600854E-04   4   1 0  0 1  0 2  0 0
   224  -.4103018007597910E-05   4   0 1  0 1  0 2  0 0
   225  0.2064783745792144       4   0 0  1 1  0 2  0 0
   226  -.9204605219513540E-01   4   0 0  0 2  0 2  0 0
   227  -.9382898983513600E-01   4   2 0  0 0  0 1  1 0
   228  -.1523916510852607       4   1 1  0 0  0 1  1 0
   229  -.6811030140524413E-01   4   0 2  0 0  0 1  1 0
   230  -.5637473869896452E-05   4   1 0  1 0  0 1  1 0
   231  -.8411641703072703E-05   4   0 1  1 0  0 1  1 0
   232  -.5607211397337228E-01   4   0 0  2 0  0 1  1 0
   233  -.8784038803635566E-05   4   1 0  0 1  0 1  1 0
   234  -.2830034958175312E-05   4   0 1  0 1  0 1  1 0
   235  0.6729516863343046E-01   4   0 0  1 1  0 1  1 0
   236  -.3066555149876025E-01   4   0 0  0 2  0 1  1 0
   237  -.4703630443624707E-01   4   2 0  0 0  0 0  2 0
   238  -.7637038357110558E-01   4   1 1  0 0  0 0  2 0
   239  -.3413128105748155E-01   4   0 2  0 0  0 0  2 0
   240  -.2867589066613405E-05   4   1 0  1 0  0 0  2 0
   241  -.4228860126864038E-05   4   0 1  1 0  0 0  2 0
   242  -.2815806382299476E-01   4   0 0  2 0  0 0  2 0
   243  -.4409077218304909E-05   4   1 0  0 1  0 0  2 0
   244  -.1414832236322982E-05   4   0 1  0 1  0 0  2 0
   245  0.3382265142159534E-01   4   0 0  1 1  0 0  2 0
   246  -.1540915319010991E-01   4   0 0  0 2  0 0  2 0
   247  0.3550979055821112       4   2 0  0 0  0 1  0 1
   248  0.3046563343398542       4   1 1  0 0  0 1  0 1
   249  0.2194320666970249E-01   4   0 2  0 0  0 1  0 1
   250  0.1484111965742552E-04   4   1 0  1 0  0 1  0 1
   251  0.1543414800174141E-04   4   0 1  1 0  0 1  0 1
   252  0.2417873325634645       4   0 0  2 0  0 1  0 1
   253  0.1576645042970622E-04   4   1 0  0 1  0 1  0 1
   254  0.2658688934715711E-05   4   0 1  0 1  0 1  0 1
   255  -.1344681510920000       4   0 0  1 1  0 1  0 1
   256  -.1545833896371869E-01   4   0 0  0 2  0 1  0 1
   257  0.1286287011397780       4   2 0  0 0  0 0  1 1
   258  0.1174686971873566       4   1 1  0 0  0 0  1 1
   259  0.1128079705984777E-01   4   0 2  0 0  0 0  1 1
   260  0.5640260011906213E-05   4   1 0  1 0  0 0  1 1
   261  0.5429957501482731E-05   4   0 1  1 0  0 0  1 1
   262  0.7202993870495089E-01   4   0 0  2 0  0 0  1 1
   263  0.5704866711223708E-05   4   1 0  0 1  0 0  1 1
   264  0.1367603746814434E-05   4   0 1  0 1  0 0  1 1
   265  -.3246040749950350E-01   4   0 0  1 1  0 0  1 1
   266  -.7398789470465210E-02   4   0 0  0 2  0 0  1 1
   267  -.1284554306464800       4   2 0  0 0  0 0  0 2
   268  -.2363998019381177E-01   4   1 1  0 0  0 0  0 2
   269  -.6214901604725143E-03   4   0 2  0 0  0 0  0 2
   270  -.3560269188866440E-05   4   1 0  1 0  0 0  0 2
   271  -.1341852241534857E-06   4   0 1  1 0  0 0  0 2
   272  -.7186958812765296E-01   4   0 0  2 0  0 0  0 2
   273  -.1927249181181776E-06   4   1 0  0 1  0 0  0 2
   274  0.8287090074412716E-09   4   0 1  0 1  0 0  0 2
   275  -.1877702367738904E-01   4   0 0  1 1  0 0  0 2
   276  -.6640698370438691E-03   4   0 0  0 2  0 0  0 2
   277  -.1353709007352378E-03   4   1 0  0 0  0 3  0 0
   278  -.1227580728756623E-03   4   0 1  0 0  0 3  0 0
   279  -.3194240581792634E-04   4   0 0  1 0  0 3  0 0
   280  0.2722117091466965E-04   4   0 0  0 1  0 3  0 0
   281  -.6892895266639727E-04   4   1 0  0 0  0 2  1 0
   282  -.6274142739873342E-04   4   0 1  0 0  0 2  1 0
   283  -.1061357314897414E-04   4   0 0  1 0  0 2  1 0
   284  0.9133115928861040E-05   4   0 0  0 1  0 2  1 0
   285  -.4312197418133950E-04   4   1 0  0 0  0 1  2 0
   286  -.3931606853615980E-04   4   0 1  0 0  0 1  2 0
   287  -.5915289599359924E-05   4   0 0  1 0  0 1  2 0
   288  0.5119952860076137E-05   4   0 0  0 1  0 1  2 0
   289  -.2305268781836162E-04   4   1 0  0 0  0 0  3 0
   290  -.2098248799545230E-04   4   0 1  0 0  0 0  3 0
   291  -.3569340761252523E-05   4   0 0  1 0  0 0  3 0
   292  0.3070934052896990E-05   4   0 0  0 1  0 0  3 0
   293  0.1265601003793125E-03   4   1 0  0 0  0 2  0 1
   294  0.1574638792539886E-04   4   0 1  0 0  0 2  0 1
   295  0.2438965102760158E-04   4   0 0  1 0  0 2  0 1
   296  0.4232826224719829E-05   4   0 0  0 1  0 2  0 1
   297  0.6437148464191273E-04   4   1 0  0 0  0 1  1 1
   298  0.1300534846520160E-04   4   0 1  0 0  0 1  1 1
   299  0.5992488181890218E-05   4   0 0  1 0  0 1  1 1
   300  0.3124319512272676E-05   4   0 0  0 1  0 1  1 1
   301  0.3223508436171732E-04   4   1 0  0 0  0 0  2 1
   302  0.6496299629484064E-05   4   0 1  0 0  0 0  2 1
   303  0.3021870688445770E-05   4   0 0  1 0  0 0  2 1
   304  0.1561386036820027E-05   4   0 0  0 1  0 0  2 1
   305  -.7993103095785723E-05   4   1 0  0 0  0 1  0 2
   306  -.2683623911438422E-06   4   0 1  0 0  0 1  0 2
   307  0.2233631592324389E-05   4   0 0  1 0  0 1  0 2
   308  0.1001497220532897E-06   4   0 0  0 1  0 1  0 2
   309  -.5599315251565520E-05   4   1 0  0 0  0 0  1 2
   310  -.2475706201436680E-06   4   0 1  0 0  0 0  1 2
   311  0.1498321783688803E-05   4   0 0  1 0  0 0  1 2
   312  0.9073932012897392E-07   4   0 0  0 1  0 0  1 2
   313  0.2648159128026844E-07   4   1 0  0 0  0 0  0 3
   314  -.1357952567861294E-08   4   0 1  0 0  0 0  0 3
   315  0.9228624417866701E-08   4   0 0  1 0  0 0  0 3
   316  -.3952764639594792E-09   4   0 0  0 1  0 0  0 3
   317  -.3413882884091395E-01   4   0 0  0 0  0 4  0 0
   318  0.1952471159770897E-01   4   0 0  0 0  0 3  1 0
   319  0.5869323496462259E-02   4   0 0  0 0  0 2  2 0
   320  0.3951300158058115E-02   4   0 0  0 0  0 1  3 0
   321  0.4793433554727727E-02   4   0 0  0 0  0 0  4 0
   322  0.2653009347868833E-08   4   0 0  0 0  0 3  0 1
   323  0.2350671221762847E-08   4   0 0  0 0  0 2  1 1
   324  0.2076287052928223E-08   4   0 0  0 0  0 1  2 1
   325  0.6652980673145778E-09   4   0 0  0 0  0 0  3 1
   326  -.2151653619525960E-10   4   0 0  0 0  0 2  0 2
   327  -.8510306009371631E-10   4   0 0  0 0  0 1  1 2
   328  -.1260242766648651E-10   4   0 0  0 0  0 0  2 2
   329  0.7071495809688436E-12   4   0 0  0 0  0 1  0 3
   330  -.1161055398424710E-11   4   0 0  0 0  0 0  1 3
   ----------------------------------------------------
     I  COEFFICIENT            ORDER EXPONENTS
     1   1.000000000000000       1   0 0  0 0  0 1  0 0
     --------------------------------------------------
     I  COEFFICIENT            ORDER EXPONENTS
     1   1.000000000000000       1   0 0  0 0  0 0  1 0
     --------------------------------------------------
     I  COEFFICIENT            ORDER EXPONENTS
     1   1.000000000000000       1   0 0  0 0  0 0  0 1
     --------------------------------------------------
