     I  COEFFICIENT            ORDER EXPONENTS
     1   1.000000000000000       1   1 0  0 0  0 0  0 0  0
     2  0.3948570000000000       1   0 1  0 0  0 0  0 0  0
     3  -.1977587144452691       2   0 1  0 0  0 1  0 0  0
     4  -.1970982855547309       2   0 1  0 0  0 0  1 0  0
     5  0.1974285000000000       3   0 3  0 0  0 0  0 0  0
     6  0.1974285000000000       3   0 1  0 2  0 0  0 0  0
     7  0.1482368964545459       3   0 1  0 0  0 2  0 0  0
     8  0.9904363598144654E-01   3   0 1  0 0  0 1  1 0  0
     9  0.1475764675640076       3   0 1  0 0  0 0  2 0  0
    10  -.2966380716679037       4   0 3  0 0  0 1  0 0  0
    11  -.2966380716679037       4   0 1  0 2  0 1  0 0  0
    12  -.2956474283320963       4   0 3  0 0  0 0  1 0  0
    13  -.2956474283320963       4   0 1  0 2  0 0  1 0  0
    14  -.1235168506102940       4   0 1  0 0  0 3  0 0  0
    15  -.7416013753275554E-01   4   0 1  0 0  0 2  1 0  0
    16  -.7440531643941430E-01   4   0 1  0 0  0 1  2 0  0
    17  -.1227746954175362       4   0 1  0 0  0 0  3 0  0
    ------------------------------------------------------
     I  COEFFICIENT            ORDER EXPONENTS
     1   1.000000000000000       1   0 1  0 0  0 0  0 0  0
     -----------------------------------------------------
     I  COEFFICIENT            ORDER EXPONENTS
     1   1.000000000000000       1   0 0  1 0  0 0  0 0  0
     2  0.3948570000000000       1   0 0  0 1  0 0  0 0  0
     3  -.1977587144452691       2   0 0  0 1  0 1  0 0  0
     4  -.1970982855547309       2   0 0  0 1  0 0  1 0  0
     5  0.1974285000000000       3   0 2  0 1  0 0  0 0  0
     6  0.1974285000000000       3   0 0  0 3  0 0  0 0  0
     7  0.1482368964545459       3   0 0  0 1  0 2  0 0  0
     8  0.9904363598144654E-01   3   0 0  0 1  0 1  1 0  0
     9  0.1475764675640076       3   0 0  0 1  0 0  2 0  0
    10  -.2966380716679037       4   0 2  0 1  0 1  0 0  0
    11  -.2966380716679037       4   0 0  0 3  0 1  0 0  0
    12  -.2956474283320963       4   0 2  0 1  0 0  1 0  0
    13  -.2956474283320963       4   0 0  0 3  0 0  1 0  0
    14  -.1235168506102940       4   0 0  0 1  0 3  0 0  0
    15  -.7416013753275554E-01   4   0 0  0 1  0 2  1 0  0
    16  -.7440531643941430E-01   4   0 0  0 1  0 1  2 0  0
    17  -.1227746954175362       4   0 0  0 1  0 0  3 0  0
    ------------------------------------------------------
     I  COEFFICIENT            ORDER EXPONENTS
     1   1.000000000000000       1   0 0  0 1  0 0  0 0  0
     -----------------------------------------------------
     I  COEFFICIENT            ORDER EXPONENTS
     1   1.000000000000000       1   0 0  0 0  1 0  0 0  0
     2  0.9838431170933840E-01   1   0 0  0 0  0 1  0 0  0
     3  -.9838431170933838E-01   1   0 0  0 0  0 0  1 0  0
     4  -.9887935722263459E-01   2   0 2  0 0  0 0  0 0  0
     5  -.9887935722263459E-01   2   0 0  0 2  0 0  0 0  0
     6  -.7391165031348591E-01   2   0 0  0 0  0 2  0 0  0
     7  0.4943898891763340E-01   2   0 0  0 0  0 1  1 0  0
     8  0.2447266139585248E-01   2   0 0  0 0  0 0  2 0  0
     9  0.1482368964545459       3   0 2  0 0  0 1  0 0  0
    10  0.1482368964545459       3   0 0  0 2  0 1  0 0  0
    11  0.4952181799072332E-01   3   0 2  0 0  0 0  1 0  0
    12  0.4952181799072332E-01   3   0 0  0 2  0 0  1 0  0
    13  0.6161378336956871E-01   3   0 0  0 0  0 3  0 0  0
    14  -.3701804948173431E-01   3   0 0  0 0  0 2  1 0  0
    15  -.1242093943589907E-01   3   0 0  0 0  0 1  2 0  0
    16  -.1217479445193531E-01   3   0 0  0 0  0 0  3 0  0
    17  -.7415951791697593E-01   4   0 4  0 0  0 0  0 0  0
    18  -.1483190358339519       4   0 2  0 2  0 0  0 0  0
    19  -.7415951791697593E-01   4   0 0  0 4  0 0  0 0  0
    20  -.1852752759154410       4   0 2  0 0  0 2  0 0  0
    21  -.1852752759154410       4   0 0  0 2  0 2  0 0  0
    22  -.7416013753275556E-01   4   0 2  0 0  0 1  1 0  0
    23  -.7416013753275556E-01   4   0 0  0 2  0 1  1 0  0
    24  -.3720265821970720E-01   4   0 2  0 0  0 0  2 0  0
    25  -.3720265821970720E-01   4   0 0  0 2  0 0  2 0  0
    26  -.5391981723827957E-01   4   0 0  0 0  0 4  0 0  0
    27  0.3083791884441217E-01   4   0 0  0 0  0 3  1 0  0
    28  0.9270195955983156E-02   4   0 0  0 0  0 2  2 0  0
    29  0.6240808798576939E-02   4   0 0  0 0  0 1  3 0  0
    30  0.7570893639307228E-02   4   0 0  0 0  0 0  4 0  0
    ------------------------------------------------------
     I  COEFFICIENT            ORDER EXPONENTS
     1   1.000000000000000       1   0 0  0 0  0 1  0 0  0
     -----------------------------------------------------
     I  COEFFICIENT            ORDER EXPONENTS
     1   1.000000000000000       1   0 0  0 0  0 0  1 0  0
     -----------------------------------------------------
     I  COEFFICIENT            ORDER EXPONENTS
     1   1.000000000000000       1   0 0  0 0  0 0  0 1  0
     -----------------------------------------------------
