     I  COEFFICIENT            ORDER EXPONENTS
     1   1.000000000000000       1   1 0  0 0  0 0  0 0  0
     2  0.5000880000000000       1   0 1  0 0  0 0  0 0  0
     3  -.2504622179409400       2   0 1  0 0  0 1  0 0  0
     4  -.2496257820590600       2   0 1  0 0  0 0  1 0  0
     5  0.2500440000000000       3   0 3  0 0  0 0  0 0  0
     6  0.2500440000000000       3   0 1  0 2  0 0  0 0  0
     7  0.1877426335968741       3   0 1  0 0  0 2  0 0  0
     8  0.1254391686881317       3   0 1  0 0  0 1  1 0  0
     9  0.1869061977149941       3   0 1  0 0  0 0  2 0  0
    10  -.3756933269114100       4   0 3  0 0  0 1  0 0  0
    11  -.3756933269114100       4   0 1  0 2  0 1  0 0  0
    12  -.3744386730885900       4   0 3  0 0  0 0  1 0  0
    13  -.3744386730885900       4   0 1  0 2  0 0  1 0  0
    14  -.1564345947722864       4   0 1  0 0  0 3  0 0  0
    15  -.9392411647376303E-01   4   0 1  0 0  0 2  1 0  0
    16  -.9423463655843460E-01   4   0 1  0 0  0 1  2 0  0
    17  -.1554946521955159       4   0 1  0 0  0 0  3 0  0
    ------------------------------------------------------
     I  COEFFICIENT            ORDER EXPONENTS
     1   1.000000000000000       1   0 1  0 0  0 0  0 0  0
     -----------------------------------------------------
     I  COEFFICIENT            ORDER EXPONENTS
     1   1.000000000000000       1   0 0  1 0  0 0  0 0  0
     2  0.5000880000000000       1   0 0  0 1  0 0  0 0  0
     3  -.2504622179409400       2   0 0  0 1  0 1  0 0  0
     4  -.2496257820590600       2   0 0  0 1  0 0  1 0  0
     5  0.2500440000000000       3   0 2  0 1  0 0  0 0  0
     6  0.2500440000000000       3   0 0  0 3  0 0  0 0  0
     7  0.1877426335968741       3   0 0  0 1  0 2  0 0  0
     8  0.1254391686881317       3   0 0  0 1  0 1  1 0  0
     9  0.1869061977149941       3   0 0  0 1  0 0  2 0  0
    10  -.3756933269114100       4   0 2  0 1  0 1  0 0  0
    11  -.3756933269114100       4   0 0  0 3  0 1  0 0  0
    12  -.3744386730885900       4   0 2  0 1  0 0  1 0  0
    13  -.3744386730885900       4   0 0  0 3  0 0  1 0  0
    14  -.1564345947722864       4   0 0  0 1  0 3  0 0  0
    15  -.9392411647376303E-01   4   0 0  0 1  0 2  1 0  0
    16  -.9423463655843460E-01   4   0 0  0 1  0 1  2 0  0
    17  -.1554946521955159       4   0 0  0 1  0 0  3 0  0
    ------------------------------------------------------
     I  COEFFICIENT            ORDER EXPONENTS
     1   1.000000000000000       1   0 0  0 1  0 0  0 0  0
     -----------------------------------------------------
     I  COEFFICIENT            ORDER EXPONENTS
     1   1.000000000000000       1   0 0  0 0  1 0  0 0  0
     2  0.1246041318099961       1   0 0  0 0  0 1  0 0  0
     3  -.1246041318099960       1   0 0  0 0  0 0  1 0  0
     4  -.1252311089704700       2   0 2  0 0  0 0  0 0  0
     5  -.1252311089704700       2   0 0  0 2  0 0  0 0  0
     6  -.9360940639768456E-01   2   0 0  0 0  0 2  0 0  0
     7  0.6261468098537304E-01   2   0 0  0 0  0 1  1 0  0
     8  0.3099472541231148E-01   2   0 0  0 0  0 0  2 0  0
     9  0.1877426335968741       3   0 2  0 0  0 1  0 0  0
    10  0.1877426335968741       3   0 0  0 2  0 1  0 0  0
    11  0.6271958434406591E-01   3   0 2  0 0  0 0  1 0  0
    12  0.6271958434406591E-01   3   0 0  0 2  0 0  1 0  0
    13  0.7803410778514976E-01   3   0 0  0 0  0 3  0 0  0
    14  -.4688351056008008E-01   3   0 0  0 0  0 2  1 0  0
    15  -.1573117042529294E-01   3   0 0  0 0  0 1  2 0  0
    16  -.1541942679977668E-01   3   0 0  0 0  0 0  3 0  0
    17  -.9392333172785253E-01   4   0 4  0 0  0 0  0 0  0
    18  -.1878466634557051       4   0 2  0 2  0 0  0 0  0
    19  -.9392333172785253E-01   4   0 0  0 4  0 0  0 0  0
    20  -.2346518921584297       4   0 2  0 0  0 2  0 0  0
    21  -.2346518921584297       4   0 0  0 2  0 2  0 0  0
    22  -.9392411647376299E-01   4   0 2  0 0  0 1  1 0  0
    23  -.9392411647376299E-01   4   0 0  0 2  0 1  1 0  0
    24  -.4711731827921739E-01   4   0 2  0 0  0 0  2 0  0
    25  -.4711731827921739E-01   4   0 0  0 2  0 0  2 0  0
    26  -.6828966831804109E-01   4   0 0  0 0  0 4  0 0  0
    27  0.3905634991671515E-01   4   0 0  0 0  0 3  1 0  0
    28  0.1174074096504736E-01   4   0 0  0 0  0 2  2 0  0
    29  0.7904009781928000E-02   4   0 0  0 0  0 1  3 0  0
    30  0.9588567654350484E-02   4   0 0  0 0  0 0  4 0  0
    ------------------------------------------------------
     I  COEFFICIENT            ORDER EXPONENTS
     1   1.000000000000000       1   0 0  0 0  0 1  0 0  0
     -----------------------------------------------------
     I  COEFFICIENT            ORDER EXPONENTS
     1   1.000000000000000       1   0 0  0 0  0 0  1 0  0
     -----------------------------------------------------
     I  COEFFICIENT            ORDER EXPONENTS
     1   1.000000000000000       1   0 0  0 0  0 0  0 1  0
     -----------------------------------------------------
