     I  COEFFICIENT            ORDER EXPONENTS
     1   1.000000000000000       1   1 0  0 0  0 0  0 0  0
     2  0.2133390000000000       1   0 1  0 0  0 0  0 0  0
     3  -.1068479129939175       2   0 1  0 0  0 1  0 0  0
     4  -.1064910870060825       2   0 1  0 0  0 0  1 0  0
     5  0.1066695000000000       3   0 3  0 0  0 0  0 0  0
     6  0.1066695000000000       3   0 1  0 2  0 0  0 0  0
     7  0.8009155530411353E-01   3   0 1  0 0  0 2  0 0  0
     8  0.5351271537960786E-01   3   0 1  0 0  0 1  1 0  0
     9  0.7973472931627859E-01   3   0 1  0 0  0 0  2 0  0
    10  -.1602718694908762       4   0 3  0 0  0 1  0 0  0
    11  -.1602718694908762       4   0 1  0 2  0 1  0 0  0
    12  -.1597366305091238       4   0 3  0 0  0 0  1 0  0
    13  -.1597366305091238       4   0 1  0 2  0 0  1 0  0
    14  -.6673545458824211E-01   4   0 1  0 0  0 3  0 0  0
    15  -.4006830214761428E-01   4   0 1  0 0  0 2  1 0  0
    16  -.4020077092179752E-01   4   0 1  0 0  0 1  2 0  0
    17  -.6633447234234609E-01   4   0 1  0 0  0 0  3 0  0
    ------------------------------------------------------
     I  COEFFICIENT            ORDER EXPONENTS
     1   1.000000000000000       1   0 1  0 0  0 0  0 0  0
     -----------------------------------------------------
     I  COEFFICIENT            ORDER EXPONENTS
     1   1.000000000000000       1   0 0  1 0  0 0  0 0  0
     2  0.2133390000000000       1   0 0  0 1  0 0  0 0  0
     3  -.1068479129939175       2   0 0  0 1  0 1  0 0  0
     4  -.1064910870060825       2   0 0  0 1  0 0  1 0  0
     5  0.1066695000000000       3   0 2  0 1  0 0  0 0  0
     6  0.1066695000000000       3   0 0  0 3  0 0  0 0  0
     7  0.8009155530411353E-01   3   0 0  0 1  0 2  0 0  0
     8  0.5351271537960786E-01   3   0 0  0 1  0 1  1 0  0
     9  0.7973472931627859E-01   3   0 0  0 1  0 0  2 0  0
    10  -.1602718694908762       4   0 2  0 1  0 1  0 0  0
    11  -.1602718694908762       4   0 0  0 3  0 1  0 0  0
    12  -.1597366305091238       4   0 2  0 1  0 0  1 0  0
    13  -.1597366305091238       4   0 0  0 3  0 0  1 0  0
    14  -.6673545458824211E-01   4   0 0  0 1  0 3  0 0  0
    15  -.4006830214761428E-01   4   0 0  0 1  0 2  1 0  0
    16  -.4020077092179752E-01   4   0 0  0 1  0 1  2 0  0
    17  -.6633447234234609E-01   4   0 0  0 1  0 0  3 0  0
    ------------------------------------------------------
     I  COEFFICIENT            ORDER EXPONENTS
     1   1.000000000000000       1   0 0  0 1  0 0  0 0  0
     -----------------------------------------------------
     I  COEFFICIENT            ORDER EXPONENTS
     1   1.000000000000000       1   0 0  0 0  1 0  0 0  0
     2  0.5315648621085239E-01   1   0 0  0 0  0 1  0 0  0
     3  -.5315648621085238E-01   1   0 0  0 0  0 0  1 0  0
     4  -.5342395649695875E-01   2   0 2  0 0  0 0  0 0  0
     5  -.5342395649695875E-01   2   0 0  0 2  0 0  0 0  0
     6  -.3993404591087094E-01   2   0 0  0 0  0 2  0 0  0
     7  0.2671160561088949E-01   2   0 0  0 0  0 1  1 0  0
     8  0.1322244029998145E-01   2   0 0  0 0  0 0  2 0  0
     9  0.8009155530411355E-01   3   0 2  0 0  0 1  0 0  0
    10  0.8009155530411355E-01   3   0 0  0 2  0 1  0 0  0
    11  0.2675635768980395E-01   3   0 2  0 0  0 0  1 0  0
    12  0.2675635768980395E-01   3   0 0  0 2  0 0  1 0  0
    13  0.3328957807581077E-01   3   0 0  0 0  0 3  0 0  0
    14  -.2000064240569046E-01   3   0 0  0 0  0 2  1 0  0
    15  -.6710963205199025E-02   3   0 0  0 0  0 1  2 0  0
    16  -.6577972464921280E-02   3   0 0  0 0  0 0  3 0  0
    17  -.4006796737271906E-01   4   0 4  0 0  0 0  0 0  0
    18  -.8013593474543812E-01   4   0 2  0 2  0 0  0 0  0
    19  -.4006796737271906E-01   4   0 0  0 4  0 0  0 0  0
    20  -.1001031818823632       4   0 2  0 0  0 2  0 0  0
    21  -.1001031818823632       4   0 0  0 2  0 2  0 0  0
    22  -.4006830214761429E-01   4   0 2  0 0  0 1  1 0  0
    23  -.4006830214761429E-01   4   0 0  0 2  0 1  1 0  0
    24  -.2010038546089880E-01   4   0 2  0 0  0 0  2 0  0
    25  -.2010038546089880E-01   4   0 0  0 2  0 0  2 0  0
    26  -.2913257176597433E-01   4   0 0  0 0  0 4  0 0  0
    27  0.1666155283646497E-01   4   0 0  0 0  0 3  1 0  0
    28  0.5008634353838202E-02   4   0 0  0 0  0 2  2 0  0
    29  0.3371873635973542E-02   4   0 0  0 0  0 1  3 0  0
    30  0.4090510939697574E-02   4   0 0  0 0  0 0  4 0  0
    ------------------------------------------------------
     I  COEFFICIENT            ORDER EXPONENTS
     1   1.000000000000000       1   0 0  0 0  0 1  0 0  0
     -----------------------------------------------------
     I  COEFFICIENT            ORDER EXPONENTS
     1   1.000000000000000       1   0 0  0 0  0 0  1 0  0
     -----------------------------------------------------
     I  COEFFICIENT            ORDER EXPONENTS
     1   1.000000000000000       1   0 0  0 0  0 0  0 1  0
     -----------------------------------------------------
