     I  COEFFICIENT            ORDER EXPONENTS
     1   1.000000000000000       1   1 0  0 0  0 0  0 0  0
     2  0.9997200000000001       1   0 1  0 0  0 0  0 0  0
     3  -.5006960545342350       2   0 1  0 0  0 1  0 0  0
     4  -.4990239454657650       2   0 1  0 0  0 0  1 0  0
     5  0.4998600000000000       3   0 3  0 0  0 0  0 0  0
     6  0.4998600000000000       3   0 1  0 2  0 0  0 0  0
     7  0.3753140760415507       3   0 1  0 0  0 2  0 0  0
     8  0.2507639569853687       3   0 1  0 0  0 1  1 0  0
     9  0.3736419669730806       3   0 1  0 0  0 0  2 0  0
    10  -.7510440818013526       4   0 3  0 0  0 1  0 0  0
    11  -.7510440818013526       4   0 1  0 2  0 1  0 0  0
    12  -.7485359181986474       4   0 3  0 0  0 0  1 0  0
    13  -.7485359181986474       4   0 1  0 2  0 0  1 0  0
    14  -.3127265462993517       4   0 1  0 0  0 3  0 0  0
    15  -.1877625892265969       4   0 1  0 0  0 2  1 0  0
    16  -.1883833462514562       4   0 1  0 0  0 1  2 0  0
    17  -.3108475182225952       4   0 1  0 0  0 0  3 0  0
    ------------------------------------------------------
     I  COEFFICIENT            ORDER EXPONENTS
     1   1.000000000000000       1   0 1  0 0  0 0  0 0  0
     -----------------------------------------------------
     I  COEFFICIENT            ORDER EXPONENTS
     1   1.000000000000000       1   0 0  1 0  0 0  0 0  0
     2  0.9997200000000001       1   0 0  0 1  0 0  0 0  0
     3  -.5006960545342350       2   0 0  0 1  0 1  0 0  0
     4  -.4990239454657650       2   0 0  0 1  0 0  1 0  0
     5  0.4998600000000000       3   0 2  0 1  0 0  0 0  0
     6  0.4998600000000000       3   0 0  0 3  0 0  0 0  0
     7  0.3753140760415507       3   0 0  0 1  0 2  0 0  0
     8  0.2507639569853687       3   0 0  0 1  0 1  1 0  0
     9  0.3736419669730806       3   0 0  0 1  0 0  2 0  0
    10  -.7510440818013526       4   0 2  0 1  0 1  0 0  0
    11  -.7510440818013526       4   0 0  0 3  0 1  0 0  0
    12  -.7485359181986474       4   0 2  0 1  0 0  1 0  0
    13  -.7485359181986474       4   0 0  0 3  0 0  1 0  0
    14  -.3127265462993517       4   0 0  0 1  0 3  0 0  0
    15  -.1877625892265969       4   0 0  0 1  0 2  1 0  0
    16  -.1883833462514562       4   0 0  0 1  0 1  2 0  0
    17  -.3108475182225952       4   0 0  0 1  0 0  3 0  0
    ------------------------------------------------------
     I  COEFFICIENT            ORDER EXPONENTS
     1   1.000000000000000       1   0 0  0 1  0 0  0 0  0
     -----------------------------------------------------
     I  COEFFICIENT            ORDER EXPONENTS
     1   1.000000000000000       1   0 0  0 0  1 0  0 0  0
     2  0.2490946446487204       1   0 0  0 0  0 1  0 0  0
     3  -.2490946446487204       1   0 0  0 0  0 0  1 0  0
     4  -.2503480272671176       2   0 2  0 0  0 0  0 0  0
     5  -.2503480272671176       2   0 0  0 2  0 0  0 0  0
     6  -.1871334560395235       2   0 0  0 0  0 2  0 0  0
     7  0.1251722674303266       2   0 0  0 0  0 1  1 0  0
     8  0.6196118860919685E-01   2   0 0  0 0  0 0  2 0  0
     9  0.3753140760415508       3   0 2  0 0  0 1  0 0  0
    10  0.3753140760415508       3   0 0  0 2  0 1  0 0  0
    11  0.1253819784926844       3   0 2  0 0  0 0  1 0  0
    12  0.1253819784926844       3   0 0  0 2  0 0  1 0  0
    13  0.1559970609872061       3   0 0  0 0  0 3  0 0  0
    14  -.9372427088257121E-01   3   0 0  0 0  0 2  1 0  0
    15  -.3144799654775531E-01   3   0 0  0 0  0 1  2 0  0
    16  -.3082479355687948E-01   3   0 0  0 0  0 0  3 0  0
    17  -.1877610204503382       4   0 4  0 0  0 0  0 0  0
    18  -.3755220409006764       4   0 2  0 2  0 0  0 0  0
    19  -.1877610204503382       4   0 0  0 4  0 0  0 0  0
    20  -.4690898194490277       4   0 2  0 0  0 2  0 0  0
    21  -.4690898194490277       4   0 0  0 2  0 2  0 0  0
    22  -.1877625892265968       4   0 2  0 0  0 1  1 0  0
    23  -.1877625892265968       4   0 0  0 2  0 1  1 0  0
    24  -.9419167312572825E-01   4   0 2  0 0  0 0  2 0  0
    25  -.9419167312572825E-01   4   0 0  0 2  0 0  2 0  0
    26  -.1365170674179585       4   0 0  0 0  0 4  0 0  0
    27  0.7807708671021593E-01   4   0 0  0 0  0 3  1 0  0
    28  0.2347077625853279E-01   4   0 0  0 0  0 2  2 0  0
    29  0.1580081237540004E-01   4   0 0  0 0  0 1  3 0  0
    30  0.1916839207380957E-01   4   0 0  0 0  0 0  4 0  0
    ------------------------------------------------------
     I  COEFFICIENT            ORDER EXPONENTS
     1   1.000000000000000       1   0 0  0 0  0 1  0 0  0
     -----------------------------------------------------
     I  COEFFICIENT            ORDER EXPONENTS
     1   1.000000000000000       1   0 0  0 0  0 0  1 0  0
     -----------------------------------------------------
     I  COEFFICIENT            ORDER EXPONENTS
     1   1.000000000000000       1   0 0  0 0  0 0  0 1  0
     -----------------------------------------------------
