     I  COEFFICIENT            ORDER EXPONENTS
     1   1.000000000000000       1   1 0  0 0  0 0  0 0  0
     2  0.2700970000000000       1   0 1  0 0  0 0  0 0  0
     3  -.1352743790676723       2   0 1  0 0  0 1  0 0  0
     4  -.1348226209323278       2   0 1  0 0  0 0  1 0  0
     5  0.1350485000000000       3   0 3  0 0  0 0  0 0  0
     6  0.1350485000000000       3   0 1  0 2  0 0  0 0  0
     7  0.1013995978840022       3   0 1  0 0  0 2  0 0  0
     8  0.6774956236733999E-01   3   0 1  0 0  0 1  1 0  0
     9  0.1009478397486578       3   0 1  0 0  0 0  2 0  0
    10  -.2029115686015084       4   0 3  0 0  0 1  0 0  0
    11  -.2029115686015084       4   0 1  0 2  0 1  0 0  0
    12  -.2022339313984917       4   0 3  0 0  0 0  1 0  0
    13  -.2022339313984917       4   0 1  0 2  0 0  1 0  0
    14  -.8449015922039772E-01   4   0 1  0 0  0 3  0 0  0
    15  -.5072831599081357E-01   4   0 1  0 0  0 2  1 0  0
    16  -.5089602756019643E-01   4   0 1  0 0  0 1  2 0  0
    17  -.8398249722859230E-01   4   0 1  0 0  0 0  3 0  0
    ------------------------------------------------------
     I  COEFFICIENT            ORDER EXPONENTS
     1   1.000000000000000       1   0 1  0 0  0 0  0 0  0
     -----------------------------------------------------
     I  COEFFICIENT            ORDER EXPONENTS
     1   1.000000000000000       1   0 0  1 0  0 0  0 0  0
     2  0.2700970000000000       1   0 0  0 1  0 0  0 0  0
     3  -.1352743790676723       2   0 0  0 1  0 1  0 0  0
     4  -.1348226209323278       2   0 0  0 1  0 0  1 0  0
     5  0.1350485000000000       3   0 2  0 1  0 0  0 0  0
     6  0.1350485000000000       3   0 0  0 3  0 0  0 0  0
     7  0.1013995978840022       3   0 0  0 1  0 2  0 0  0
     8  0.6774956236733999E-01   3   0 0  0 1  0 1  1 0  0
     9  0.1009478397486578       3   0 0  0 1  0 0  2 0  0
    10  -.2029115686015084       4   0 2  0 1  0 1  0 0  0
    11  -.2029115686015084       4   0 0  0 3  0 1  0 0  0
    12  -.2022339313984917       4   0 2  0 1  0 0  1 0  0
    13  -.2022339313984917       4   0 0  0 3  0 0  1 0  0
    14  -.8449015922039772E-01   4   0 0  0 1  0 3  0 0  0
    15  -.5072831599081357E-01   4   0 0  0 1  0 2  1 0  0
    16  -.5089602756019643E-01   4   0 0  0 1  0 1  2 0  0
    17  -.8398249722859230E-01   4   0 0  0 1  0 0  3 0  0
    ------------------------------------------------------
     I  COEFFICIENT            ORDER EXPONENTS
     1   1.000000000000000       1   0 0  0 1  0 0  0 0  0
     -----------------------------------------------------
     I  COEFFICIENT            ORDER EXPONENTS
     1   1.000000000000000       1   0 0  0 0  1 0  0 0  0
     2  0.6729855983243851E-01   1   0 0  0 0  0 1  0 0  0
     3  -.6729855983243850E-01   1   0 0  0 0  0 0  1 0  0
     4  -.6763718953383614E-01   2   0 2  0 0  0 0  0 0  0
     5  -.6763718953383614E-01   2   0 0  0 2  0 0  0 0  0
     6  -.5055834141150239E-01   2   0 0  0 0  0 2  0 0  0
     7  0.3381812299056629E-01   2   0 0  0 0  0 1  1 0  0
     8  0.1674021842093611E-01   2   0 0  0 0  0 0  2 0  0
     9  0.1013995978840023       3   0 2  0 0  0 1  0 0  0
    10  0.1013995978840023       3   0 0  0 2  0 1  0 0  0
    11  0.3387478118367002E-01   3   0 2  0 0  0 0  1 0  0
    12  0.3387478118367002E-01   3   0 0  0 2  0 0  1 0  0
    13  0.4214613910040951E-01   3   0 0  0 0  0 3  0 0  0
    14  -.2532173447822374E-01   3   0 0  0 0  0 2  1 0  0
    15  -.8496388512342525E-02   3   0 0  0 0  0 1  2 0  0
    16  -.8328016109843232E-02   3   0 0  0 0  0 0  3 0  0
    17  -.5072789215037710E-01   4   0 4  0 0  0 0  0 0  0
    18  -.1014557843007542       4   0 2  0 2  0 0  0 0  0
    19  -.5072789215037710E-01   4   0 0  0 4  0 0  0 0  0
    20  -.1267352388305966       4   0 2  0 0  0 2  0 0  0
    21  -.1267352388305966       4   0 0  0 2  0 2  0 0  0
    22  -.5072831599081356E-01   4   0 2  0 0  0 1  1 0  0
    23  -.5072831599081356E-01   4   0 0  0 2  0 1  1 0  0
    24  -.2544801378009827E-01   4   0 2  0 0  0 0  2 0  0
    25  -.2544801378009827E-01   4   0 0  0 2  0 0  2 0  0
    26  -.3688317764812982E-01   4   0 0  0 0  0 4  0 0  0
    27  0.2109429329129076E-01   4   0 0  0 0  0 3  1 0  0
    28  0.6341161780399443E-02   4   0 0  0 0  0 2  2 0  0
    29  0.4268947325409540E-02   4   0 0  0 0  0 1  3 0  0
    30  0.5178775251030032E-02   4   0 0  0 0  0 0  4 0  0
    ------------------------------------------------------
     I  COEFFICIENT            ORDER EXPONENTS
     1   1.000000000000000       1   0 0  0 0  0 1  0 0  0
     -----------------------------------------------------
     I  COEFFICIENT            ORDER EXPONENTS
     1   1.000000000000000       1   0 0  0 0  0 0  1 0  0
     -----------------------------------------------------
     I  COEFFICIENT            ORDER EXPONENTS
     1   1.000000000000000       1   0 0  0 0  0 0  0 1  0
     -----------------------------------------------------
