     I  COEFFICIENT            ORDER EXPONENTS
     1   1.000000000000000       1   1 0  0 0  0 0  0 0  0
     2  0.3600230000000000       1   0 1  0 0  0 0  0 0  0
     3  -.1803125831648651       2   0 1  0 0  0 1  0 0  0
     4  -.1797104168351349       2   0 1  0 0  0 0  1 0  0
     5  0.1800115000000000       3   0 3  0 0  0 0  0 0  0
     6  0.1800115000000000       3   0 1  0 2  0 0  0 0  0
     7  0.1351595442711031       3   0 1  0 0  0 2  0 0  0
     8  0.9030607778752389E-01   3   0 1  0 0  0 1  1 0  0
     9  0.1345573779413730       3   0 1  0 0  0 0  2 0  0
    10  -.2704688747472976       4   0 3  0 0  0 1  0 0  0
    11  -.2704688747472976       4   0 1  0 2  0 1  0 0  0
    12  -.2695656252527024       4   0 3  0 0  0 0  1 0  0
    13  -.2695656252527024       4   0 1  0 2  0 0  1 0  0
    14  -.1126202830575876       4   0 1  0 0  0 3  0 0  0
    15  -.6761778364054644E-01   4   0 1  0 0  0 2  1 0  0
    16  -.6784133304073943E-01   4   0 1  0 0  0 1  2 0  0
    17  -.1119436002611265       4   0 1  0 0  0 0  3 0  0
    ------------------------------------------------------
     I  COEFFICIENT            ORDER EXPONENTS
     1   1.000000000000000       1   0 1  0 0  0 0  0 0  0
     -----------------------------------------------------
     I  COEFFICIENT            ORDER EXPONENTS
     1   1.000000000000000       1   0 0  1 0  0 0  0 0  0
     2  0.3600230000000000       1   0 0  0 1  0 0  0 0  0
     3  -.1803125831648651       2   0 0  0 1  0 1  0 0  0
     4  -.1797104168351349       2   0 0  0 1  0 0  1 0  0
     5  0.1800115000000000       3   0 2  0 1  0 0  0 0  0
     6  0.1800115000000000       3   0 0  0 3  0 0  0 0  0
     7  0.1351595442711031       3   0 0  0 1  0 2  0 0  0
     8  0.9030607778752389E-01   3   0 0  0 1  0 1  1 0  0
     9  0.1345573779413730       3   0 0  0 1  0 0  2 0  0
    10  -.2704688747472976       4   0 2  0 1  0 1  0 0  0
    11  -.2704688747472976       4   0 0  0 3  0 1  0 0  0
    12  -.2695656252527024       4   0 2  0 1  0 0  1 0  0
    13  -.2695656252527024       4   0 0  0 3  0 0  1 0  0
    14  -.1126202830575876       4   0 0  0 1  0 3  0 0  0
    15  -.6761778364054644E-01   4   0 0  0 1  0 2  1 0  0
    16  -.6784133304073943E-01   4   0 0  0 1  0 1  2 0  0
    17  -.1119436002611265       4   0 0  0 1  0 0  3 0  0
    ------------------------------------------------------
     I  COEFFICIENT            ORDER EXPONENTS
     1   1.000000000000000       1   0 0  0 1  0 0  0 0  0
     -----------------------------------------------------
     I  COEFFICIENT            ORDER EXPONENTS
     1   1.000000000000000       1   0 0  0 0  1 0  0 0  0
     2  0.8970491862758198E-01   1   0 0  0 0  0 1  0 0  0
     3  -.8970491862758197E-01   1   0 0  0 0  0 0  1 0  0
     4  -.9015629158243256E-01   2   0 2  0 0  0 0  0 0  0
     5  -.9015629158243256E-01   2   0 0  0 2  0 0  0 0  0
     6  -.6739121778469706E-01   2   0 0  0 0  0 2  0 0  0
     7  0.4507751694181217E-01   2   0 0  0 0  0 1  1 0  0
     8  0.2231370084288490E-01   2   0 0  0 0  0 0  2 0  0
     9  0.1351595442711031       3   0 2  0 0  0 1  0 0  0
    10  0.1351595442711031       3   0 0  0 2  0 1  0 0  0
    11  0.4515303889376200E-01   3   0 2  0 0  0 0  1 0  0
    12  0.4515303889376200E-01   3   0 0  0 2  0 0  1 0  0
    13  0.5617825980054104E-01   3   0 0  0 0  0 3  0 0  0
    14  -.3375234383222896E-01   3   0 0  0 0  0 2  1 0  0
    15  -.1132517310958319E-01   3   0 0  0 0  0 1  2 0  0
    16  -.1110074285872885E-01   3   0 0  0 0  0 0  3 0  0
    17  -.6761721868682441E-01   4   0 4  0 0  0 0  0 0  0
    18  -.1352344373736488       4   0 2  0 2  0 0  0 0  0
    19  -.6761721868682441E-01   4   0 0  0 4  0 0  0 0  0
    20  -.1689304245863815       4   0 2  0 0  0 2  0 0  0
    21  -.1689304245863815       4   0 0  0 2  0 2  0 0  0
    22  -.6761778364054648E-01   4   0 2  0 0  0 1  1 0  0
    23  -.6761778364054648E-01   4   0 0  0 2  0 1  1 0  0
    24  -.3392066652036976E-01   4   0 2  0 0  0 0  2 0  0
    25  -.3392066652036976E-01   4   0 0  0 2  0 0  2 0  0
    26  -.4916304981696443E-01   4   0 0  0 0  0 4  0 0  0
    27  0.2811741986623462E-01   4   0 0  0 0  0 3  1 0  0
    28  0.8452385948991467E-02   4   0 0  0 0  0 2  2 0  0
    29  0.5690249143588851E-02   4   0 0  0 0  0 1  3 0  0
    30  0.6902994858149420E-02   4   0 0  0 0  0 0  4 0  0
    ------------------------------------------------------
     I  COEFFICIENT            ORDER EXPONENTS
     1   1.000000000000000       1   0 0  0 0  0 1  0 0  0
     -----------------------------------------------------
     I  COEFFICIENT            ORDER EXPONENTS
     1   1.000000000000000       1   0 0  0 0  0 0  1 0  0
     -----------------------------------------------------
     I  COEFFICIENT            ORDER EXPONENTS
     1   1.000000000000000       1   0 0  0 0  0 0  0 1  0
     -----------------------------------------------------
