     I  COEFFICIENT            ORDER EXPONENTS
     1  0.9961584106628336       1   1 0  0 0  0 0  0 0  0
     2  0.4781437383801384       1   0 1  0 0  0 0  0 0  0
     3  0.4766622781239217E-01   1   0 0  0 0  0 1  0 0  0
     4  0.4750704315123283E-01   1   0 0  0 0  0 0  1 0  0
     5  -.9517327096362513E-01   1   0 0  0 0  0 0  0 1  0
     6  -.3965578738996121E-02   2   2 0  0 0  0 0  0 0  0
     7  0.3892535257460742       2   1 1  0 0  0 0  0 0  0
     8  0.4598754085303550E-01   2   0 2  0 0  0 0  0 0  0
     9  0.4997893296107506E-01   2   0 0  2 0  0 0  0 0  0
    10  -.3703529043217655       2   0 0  1 1  0 0  0 0  0
    11  -.1453752510477613       2   0 0  0 2  0 0  0 0  0
    12  0.4078853091416693E-01   2   1 0  0 0  0 1  0 0  0
    13  -.2200435814897022       2   0 1  0 0  0 1  0 0  0
    14  0.4065231479699662E-01   2   1 0  0 0  0 0  1 0  0
    15  -.2193087307459513       2   0 1  0 0  0 0  1 0  0
    16  -.8144084571116354E-01   2   1 0  0 0  0 0  0 1  0
    17  -.3879142614448484E-01   2   0 1  0 0  0 0  0 1  0
    18  -.3472485559968498E-01   2   0 0  0 0  0 2  0 0  0
    19  -.2186938899211618E-01   2   0 0  0 0  0 1  1 0  0
    20  -.3457237237740680E-01   2   0 0  0 0  0 0  2 0  0
    21  0.4365287237909406E-01   2   0 0  0 0  0 1  0 1  0
    22  0.4350709059569702E-01   2   0 0  0 0  0 0  1 1  0
    23  0.4006653994416986E-02   2   0 0  0 0  0 0  0 2  0
    24  0.9177619895388767E-01   3   3 0  0 0  0 0  0 0  0
    25  -.3590729420123781E-02   3   2 1  0 0  0 0  0 0  0
    26  0.3141731496399577E-01   3   1 2  0 0  0 0  0 0  0
    27  0.2187465489532061       3   0 3  0 0  0 0  0 0  0
    28  0.1279614993587281E-01   3   1 0  2 0  0 0  0 0  0
    29  0.6531780073178581       3   0 1  2 0  0 0  0 0  0
    30  -.8488309306761210E-02   3   1 0  1 1  0 0  0 0  0
    31  0.1618567513402608       3   0 1  1 1  0 0  0 0  0
    32  -.1318679126690514       3   1 0  0 2  0 0  0 0  0
    33  0.2346014996638086       3   0 1  0 2  0 0  0 0  0
    34  0.1880906423840032E-02   3   2 0  0 0  0 1  0 0  0
    35  -.1918544859097947       3   1 1  0 0  0 1  0 0  0
    36  0.2028432856635165E-01   3   0 2  0 0  0 1  0 0  0
    37  -.1503808793740453E-01   3   0 0  2 0  0 1  0 0  0
    38  0.3675154191205007       3   0 0  1 1  0 1  0 0  0
    39  0.2209337522689666       3   0 0  0 2  0 1  0 0  0
    40  0.1874625006881050E-02   3   2 0  0 0  0 0  1 0  0
    41  -.1912137745983887       3   1 1  0 0  0 0  1 0  0
    42  0.2021658764960899E-01   3   0 2  0 0  0 0  1 0  0
    43  -.1498786720371825E-01   3   0 0  2 0  0 0  1 0  0
    44  0.3662880759857808       3   0 0  1 1  0 0  1 0  0
    45  0.2201959287383944       3   0 0  0 2  0 0  1 0  0
    46  -.3755531430721105E-02   3   2 0  0 0  0 0  0 1  0
    47  -.6185265237891016E-02   3   1 1  0 0  0 0  0 1  0
    48  -.1324759979220319       3   0 2  0 0  0 0  0 1  0
    49  0.3002595514112309E-01   3   0 0  2 0  0 0  0 1  0
    50  -.3634505907845164       3   0 0  1 1  0 0  0 1  0
    51  -.1503791789118380       3   0 0  0 2  0 0  0 1  0
    52  -.3101142591460202E-01   3   1 0  0 0  0 2  0 0  0
    53  0.1638712671327941       3   0 1  0 0  0 2  0 0  0
    54  -.2129916864724404E-01   3   1 0  0 0  0 1  1 0  0
    55  0.1080716813408182       3   0 1  0 0  0 1  1 0  0
    56  -.3087229609244721E-01   3   1 0  0 0  0 0  2 0  0
    57  0.1631435512905337       3   0 1  0 0  0 0  2 0  0
    58  0.4253348956228112E-01   3   1 0  0 0  0 1  0 1  0
    59  0.4272947372997909E-02   3   0 1  0 0  0 1  0 1  0
    60  0.4239144603514182E-01   3   1 0  0 0  0 0  1 1  0
    61  0.4258677570017064E-02   3   0 1  0 0  0 0  1 1  0
    62  -.1742044943129679E-02   3   1 0  0 0  0 0  0 2  0
    63  0.3452561367297738E-01   3   0 1  0 0  0 0  0 2  0
    64  0.2868488878270876E-01   3   0 0  0 0  0 3  0 0  0
    65  0.1662253608930910E-01   3   0 0  0 0  0 2  1 0  0
    66  0.1668248080779264E-01   3   0 0  0 0  0 1  2 0  0
    67  0.2851353320427352E-01   3   0 0  0 0  0 0  3 0  0
    68  -.3322749123806541E-01   3   0 0  0 0  0 2  0 1  0
    69  -.2287125580997137E-01   3   0 0  0 0  0 1  1 1  0
    70  -.3307833566579965E-01   3   0 0  0 0  0 0  2 1  0
    71  0.1010246763957046E-02   3   0 0  0 0  0 1  0 2  0
    72  0.1006872975088318E-02   3   0 0  0 0  0 0  1 2  0
    73  -.3343475909293113E-02   3   0 0  0 0  0 0  0 3  0
    74  0.4396771350081778       4   4 0  0 0  0 0  0 0  0
    75  0.1787211266182318E-01   4   3 1  0 0  0 0  0 0  0
    76  -.6122741992090792E-02   4   2 2  0 0  0 0  0 0  0
    77  0.1982006014426616       4   1 3  0 0  0 0  0 0  0
    78  0.1275115016652235E-01   4   0 4  0 0  0 0  0 0  0
    79  0.1657251489706059E-02   4   2 0  2 0  0 0  0 0  0
    80  0.6061781858629560E-01   4   1 1  2 0  0 0  0 0  0
    81  0.1287883818558657       4   0 2  2 0  0 0  0 0  0
    82   1.752158402410598       4   0 0  4 0  0 0  0 0  0
    83  -.5674335930354529E-02   4   2 0  1 1  0 0  0 0  0
    84  0.2478345826440769       4   1 1  1 1  0 0  0 0  0
    85  -1.166857467469083       4   0 2  1 1  0 0  0 0  0
    86  0.3865106027379825       4   0 0  3 1  0 0  0 0  0
    87  -.1799237372156448E-01   4   2 0  0 2  0 0  0 0  0
    88  0.1878626447445849       4   1 1  0 2  0 0  0 0  0
    89  -.2774537850080593       4   0 2  0 2  0 0  0 0  0
    90  -.4133576613742871       4   0 0  2 2  0 0  0 0  0
    91  -.1195439738076490       4   0 0  1 3  0 0  0 0  0
    92  -.9779174361080184E-01   4   0 0  0 4  0 0  0 0  0
    93  -.4205088948984005E-01   4   3 0  0 0  0 1  0 0  0
    94  0.1301371195873455E-03   4   2 1  0 0  0 1  0 0  0
    95  0.2855924360298636E-01   4   1 2  0 0  0 1  0 0  0
    96  -.3074086081448160       4   0 3  0 0  0 1  0 0  0
    97  -.4137622406524388E-02   4   1 0  2 0  0 1  0 0  0
    98  -.9622726655344966       4   0 1  2 0  0 1  0 0  0
    99  0.1090139282191446E-02   4   1 0  1 1  0 1  0 0  0
   100  -.6187826116549570       4   0 1  1 1  0 1  0 0  0
   101  0.1968617146724451       4   1 0  0 2  0 1  0 0  0
   102  -.4360717960197669       4   0 1  0 2  0 1  0 0  0
   103  -.4191045763898672E-01   4   3 0  0 0  0 0  1 0  0
   104  0.1297025176849259E-03   4   2 1  0 0  0 0  1 0  0
   105  0.2846386803574406E-01   4   1 2  0 0  0 0  1 0  0
   106  -.3063819958582804       4   0 3  0 0  0 0  1 0  0
   107  -.4123804530619711E-02   4   1 0  2 0  0 0  1 0  0
   108  -.9590590894820997       4   0 1  2 0  0 0  1 0  0
   109  0.1086498686737713E-02   4   1 0  1 1  0 0  1 0  0
   110  -.6167161443700830       4   0 1  1 1  0 0  1 0  0
   111  0.1962042813746266       4   1 0  0 2  0 0  1 0  0
   112  -.4346155041276598       4   0 1  0 2  0 0  1 0  0
   113  -.9277344992179326E-02   4   3 0  0 0  0 0  0 1  0
   114  0.3330889782851442E-02   4   2 1  0 0  0 0  0 1  0
   115  -.1198577415667220       4   1 2  0 0  0 0  0 1  0
   116  -.4244904285652266E-01   4   0 3  0 0  0 0  0 1  0
   117  0.8261426937144196E-02   4   1 0  2 0  0 0  0 1  0
   118   1.268153747698736       4   0 1  2 0  0 0  0 1  0
   119  0.6311671337821554E-02   4   1 0  1 1  0 0  0 1  0
   120  0.9117852533445173       4   0 1  1 1  0 0  0 1  0
   121  -.1293301707089695       4   1 0  0 2  0 0  0 1  0
   122  0.1668828011560030       4   0 1  0 2  0 0  0 1  0
   123  -.1750865278690399E-02   4   2 0  0 0  0 2  0 0  0
   124  0.1540644517031947       4   1 1  0 0  0 2  0 0  0
   125  -.6433781368876557E-01   4   0 2  0 0  0 2  0 0  0
   126  -.1232737457702720E-01   4   0 0  2 0  0 2  0 0  0
   127  -.3873906804241238       4   0 0  1 1  0 2  0 0  0
   128  -.2867993077802036       4   0 0  0 2  0 2  0 0  0
   129  -.1621671719093028E-02   4   2 0  0 0  0 1  1 0  0
   130  0.1165246826573853       4   1 1  0 0  0 1  1 0  0
   131  -.1080968332710424       4   0 2  0 0  0 1  1 0  0
   132  -.3951022710143755E-01   4   0 0  2 0  0 1  1 0  0
   133  -.4071290933138371       4   0 0  1 1  0 1  1 0  0
   134  -.3522224741318897       4   0 0  0 2  0 1  1 0  0
   135  -.1742310300744865E-02   4   2 0  0 0  0 0  2 0  0
   136  0.1533553717076711       4   1 1  0 0  0 0  2 0  0
   137  -.6394245469299445E-01   4   0 2  0 0  0 0  2 0  0
   138  -.1222023289126467E-01   4   0 0  2 0  0 0  2 0  0
   139  -.3854171446127001       4   0 0  1 1  0 0  2 0  0
   140  -.2852533860320329       4   0 0  0 2  0 0  2 0  0
   141  0.3242495852633804E-02   4   2 0  0 0  0 1  0 1  0
   142  -.4094461424418534E-01   4   1 1  0 0  0 1  0 1  0
   143  0.1759194749495184       4   0 2  0 0  0 1  0 1  0
   144  0.7920306419289622E-01   4   0 0  2 0  0 1  0 1  0
   145  0.4468796159210829       4   0 0  1 1  0 1  0 1  0
   146  0.2630198328853967       4   0 0  0 2  0 1  0 1  0
   147  0.3231667313701718E-02   4   2 0  0 0  0 0  1 1  0
   148  -.4080787687595025E-01   4   1 1  0 0  0 0  1 1  0
   149  0.1753319797082044       4   0 2  0 0  0 0  1 1  0
   150  0.7893856008768450E-01   4   0 0  2 0  0 0  1 1  0
   151  0.4453872305676753       4   0 0  1 1  0 0  1 1  0
   152  0.2621414599807725       4   0 0  0 2  0 0  1 1  0
   153  -.1359315867807206E-02   4   2 0  0 0  0 0  0 2  0
   154  0.4706151079795880E-01   4   1 1  0 0  0 0  0 2  0
   155  0.2308826955418636E-01   4   0 2  0 0  0 0  0 2  0
   156  -.9408378971085185E-01   4   0 0  2 0  0 0  0 2  0
   157  -.8268283245986235E-01   4   0 0  1 1  0 0  0 2  0
   158  -.3701187806532760E-01   4   0 0  0 2  0 0  0 2  0
   159  0.2692668634491222E-01   4   1 0  0 0  0 3  0 0  0
   160  -.1395214232359898       4   0 1  0 0  0 3  0 0  0
   161  0.1876569626139778E-01   4   1 0  0 0  0 2  1 0  0
   162  -.9087934282855128E-01   4   0 1  0 0  0 2  1 0  0
   163  0.1880612708800909E-01   4   1 0  0 0  0 1  2 0  0
   164  -.9112067414562647E-01   4   0 1  0 0  0 1  2 0  0
   165  0.2676057152681310E-01   4   1 0  0 0  0 0  3 0  0
   166  -.1386712715388530       4   0 1  0 0  0 0  3 0  0
   167  -.3752290346693044E-01   4   1 0  0 0  0 2  0 1  0
   168  0.1782981113813839E-01   4   0 1  0 0  0 2  0 1  0
   169  -.3254530940432565E-01   4   1 0  0 0  0 1  1 1  0
   170  0.3978498992590113E-01   4   0 1  0 0  0 1  1 1  0
   171  -.3734324948355399E-01   4   1 0  0 0  0 0  2 1  0
   172  0.1770383489058458E-01   4   0 1  0 0  0 0  2 1  0
   173  0.1126206860681216E-01   4   1 0  0 0  0 1  0 2  0
   174  -.4413172716058579E-01   4   0 1  0 0  0 1  0 2  0
   175  0.1122445815057499E-01   4   1 0  0 0  0 0  1 2  0
   176  -.4398434620856068E-01   4   0 1  0 0  0 0  1 2  0
   177  -.6334145623709262E-02   4   1 0  0 0  0 0  0 3  0
   178  -.5153589216595191E-02   4   0 1  0 0  0 0  0 3  0
   179  -.2514970583494994E-01   4   0 0  0 0  0 4  0 0  0
   180  -.1455109788227080E-01   4   0 0  0 0  0 3  1 0  0
   181  -.1352595553480065E-01   4   0 0  0 0  0 2  2 0  0
   182  -.1462466886554096E-01   4   0 0  0 0  0 1  3 0  0
   183  -.2495768991090169E-01   4   0 0  0 0  0 0  4 0  0
   184  0.2909525487394454E-01   4   0 0  0 0  0 3  0 1  0
   185  0.2083759644848605E-01   4   0 0  0 0  0 2  1 1  0
   186  0.2087847524284583E-01   4   0 0  0 0  0 1  2 1  0
   187  0.2891482889632735E-01   4   0 0  0 0  0 0  3 1  0
   188  -.4220443678061785E-02   4   0 0  0 0  0 2  0 2  0
   189  -.7409187976374999E-02   4   0 0  0 0  0 1  1 2  0
   190  -.4193977467214519E-02   4   0 0  0 0  0 0  2 2  0
   191  0.4273111680209170E-02   4   0 0  0 0  0 1  0 3  0
   192  0.4258841328513046E-02   4   0 0  0 0  0 0  1 3  0
   193  0.3746186797893314E-03   4   0 0  0 0  0 0  0 4  0
   -------------------------------------------------------
     I  COEFFICIENT            ORDER EXPONENTS
     1  -.4675639085202347E-01   1   1 0  0 0  0 0  0 0  0
     2  0.9814139137107151       1   0 1  0 0  0 0  0 0  0
     3  0.1974802988321683       1   0 0  0 0  0 1  0 0  0
     4  0.1968207997298065       1   0 0  0 0  0 0  1 0  0
     5  -.3943010985619749       1   0 0  0 0  0 0  0 1  0
     6  -.1320530307898427E-01   2   2 0  0 0  0 0  0 0  0
     7  -.2313327618420544E-01   2   1 1  0 0  0 0  0 0  0
     8  -.1994563695409505       2   0 2  0 0  0 0  0 0  0
     9  -.1348974149941006E-01   2   0 0  2 0  0 0  0 0  0
    10  0.6151711617307785E-01   2   0 0  1 1  0 0  0 0  0
    11  -.1842667750931050       2   0 0  0 2  0 0  0 0  0
    12  -.7339185783183723E-03   2   1 0  0 0  0 1  0 0  0
    13  -.3020895703812389E-01   2   0 1  0 0  0 1  0 0  0
    14  -.7314676065177940E-03   2   1 0  0 0  0 0  1 0  0
    15  -.3010807213888205E-01   2   0 1  0 0  0 0  1 0  0
    16  -.4529100466718732E-01   2   1 0  0 0  0 0  0 1  0
    17  0.6031702917700597E-01   2   0 1  0 0  0 0  0 1  0
    18  -.5210145986063255E-01   2   0 0  0 0  0 2  0 0  0
    19  0.9230857619904993E-01   2   0 0  0 0  0 1  1 0  0
    20  -.5208159886963126E-01   2   0 0  0 0  0 0  2 0  0
    21  0.1189434352221519E-01   2   0 0  0 0  0 1  0 1  0
    22  0.1185462154021257E-01   2   0 0  0 0  0 0  1 1  0
    23  -.1187448253121388E-01   2   0 0  0 0  0 0  0 2  0
    24  0.2777828369024022       3   3 0  0 0  0 0  0 0  0
    25  0.1184079268505035       3   2 1  0 0  0 0  0 0  0
    26  0.5609003668167578E-01   3   1 2  0 0  0 0  0 0  0
    27  0.3963653984076512E-01   3   0 3  0 0  0 0  0 0  0
    28  -.1099591492338992E-01   3   1 0  2 0  0 0  0 0  0
    29  -.4468710136302030E-01   3   0 1  2 0  0 0  0 0  0
    30  -.8218380294992150E-02   3   1 0  1 1  0 0  0 0  0
    31  0.4167465508862517E-01   3   0 1  1 1  0 0  0 0  0
    32  0.1128605179097525E-01   3   1 0  0 2  0 0  0 0  0
    33  -.3064712413570980E-01   3   0 1  0 2  0 0  0 0  0
    34  0.1238243005094456E-01   3   2 0  0 0  0 1  0 0  0
    35  0.2343951999842371E-01   3   1 1  0 0  0 1  0 0  0
    36  0.1157707998541110       3   0 2  0 0  0 1  0 0  0
    37  0.1643467957895152E-01   3   0 0  2 0  0 1  0 0  0
    38  -.4797753610895286E-01   3   0 0  1 1  0 1  0 0  0
    39  0.8031037238112007E-01   3   0 0  0 2  0 1  0 0  0
    40  0.1234107807025611E-01   3   2 0  0 0  0 0  1 0  0
    41  0.2336124210189338E-01   3   1 1  0 0  0 0  1 0  0
    42  0.1153841752691017       3   0 2  0 0  0 0  1 0  0
    43  0.1637979483098339E-01   3   0 0  2 0  0 0  1 0  0
    44  -.4781731181222870E-01   3   0 0  1 1  0 0  1 0  0
    45  0.8004217034370699E-01   3   0 0  0 2  0 0  1 0  0
    46  -.3792881120018501E-01   3   2 0  0 0  0 0  0 1  0
    47  -.4680076210031681E-01   3   1 1  0 0  0 0  0 1  0
    48  -.3169860558226226E-01   3   0 2  0 0  0 0  0 1  0
    49  -.4630421590934234E-01   3   0 0  2 0  0 0  0 1  0
    50  0.9579484792118112E-01   3   0 0  1 1  0 0  0 1  0
    51  0.2391423236827719E-01   3   0 0  0 2  0 0  0 1  0
    52  0.1142166649653887E-02   3   1 0  0 0  0 2  0 0  0
    53  0.2480811131953658E-01   3   0 1  0 0  0 2  0 0  0
    54  0.1547679790517496E-02   3   1 0  0 0  0 1  1 0  0
    55  0.1944300168372843E-01   3   0 1  0 0  0 1  1 0  0
    56  0.1135768013415429E-02   3   1 0  0 0  0 0  2 0  0
    57  0.2469279729398564E-01   3   0 1  0 0  0 0  2 0  0
    58  -.3832013089825268E-02   3   1 0  0 0  0 1  0 1  0
    59  -.3885026728467778E-01   3   0 1  0 0  0 1  0 1  0
    60  -.3819215817348345E-02   3   1 0  0 0  0 0  1 1  0
    61  -.3872052413281764E-01   3   0 1  0 0  0 0  1 1  0
    62  0.3825614453586815E-02   3   1 0  0 0  0 0  0 2  0
    63  0.8626881120244633E-02   3   0 1  0 0  0 0  0 2  0
    64  0.2770175065929831E-01   3   0 0  0 0  0 3  0 0  0
    65  -.2133548149229917E-01   3   0 0  0 0  0 2  1 0  0
    66  -.2109030007985928E-01   3   0 0  0 0  0 1  2 0  0
    67  0.2759848999265122E-01   3   0 0  0 0  0 0  3 0  0
    68  -.9668310624963225E-02   3   0 0  0 0  0 2  0 1  0
    69  -.7457013054733059E-02   3   0 0  0 0  0 1  1 1  0
    70  -.9623571028463139E-02   3   0 0  0 0  0 0  2 1  0
    71  0.7449645391222155E-02   3   0 0  0 0  0 1  0 2  0
    72  0.7424766785723382E-02   3   0 0  0 0  0 0  1 2  0
    73  -.9999765485771794E-03   3   0 0  0 0  0 0  0 3  0
    74   1.376378448974456       4   4 0  0 0  0 0  0 0  0
    75   1.242129053613851       4   3 1  0 0  0 0  0 0  0
    76  0.9844913403676683       4   2 2  0 0  0 0  0 0  0
    77  0.3030444892548564       4   1 3  0 0  0 0  0 0  0
    78  -.2403686544465544E-01   4   0 4  0 0  0 0  0 0  0
    79  0.1840267237558807E-01   4   2 0  2 0  0 0  0 0  0
    80  -.2509319425854879E-02   4   1 1  2 0  0 0  0 0  0
    81  -.6130828669253890E-01   4   0 2  2 0  0 0  0 0  0
    82  -.4310389297591161       4   0 0  4 0  0 0  0 0  0
    83  -.9876138217480331E-01   4   2 0  1 1  0 0  0 0  0
    84  -.8187000843765889E-01   4   1 1  1 1  0 0  0 0  0
    85  0.1523492496438472       4   0 2  1 1  0 0  0 0  0
    86   1.037056098848362       4   0 0  3 1  0 0  0 0  0
    87  -.3697907219363664E-01   4   2 0  0 2  0 0  0 0  0
    88  -.2261566634337299E-01   4   1 1  0 2  0 0  0 0  0
    89  -.8061281005784260E-01   4   0 2  0 2  0 0  0 0  0
    90  0.7166882621971784       4   0 0  2 2  0 0  0 0  0
    91  0.3057287654275427       4   0 0  1 3  0 0  0 0  0
    92  0.1048396791687853E-01   4   0 0  0 4  0 0  0 0  0
    93  0.1261858953978996       4   3 0  0 0  0 1  0 0  0
    94  0.1404434888858145       4   2 1  0 0  0 1  0 0  0
    95  0.3963880838286549E-01   4   1 2  0 0  0 1  0 0  0
    96  -.4956527612249213E-01   4   0 3  0 0  0 1  0 0  0
    97  0.5564958880383775E-02   4   1 0  2 0  0 1  0 0  0
    98  0.4057875313132461E-01   4   0 1  2 0  0 1  0 0  0
    99  0.6188032997010156E-02   4   1 0  1 1  0 1  0 0  0
   100  -.1813122326022754E-01   4   0 1  1 1  0 1  0 0  0
   101  -.1719983854593063E-01   4   1 0  0 2  0 1  0 0  0
   102  0.4982468789905577E-01   4   0 1  0 2  0 1  0 0  0
   103  0.1257644888817167       4   3 0  0 0  0 0  1 0  0
   104  0.1399744681510856       4   2 1  0 0  0 0  1 0  0
   105  0.3950643184352576E-01   4   1 2  0 0  0 0  1 0  0
   106  -.4939974945829115E-01   4   0 3  0 0  0 0  1 0  0
   107  0.5546374315694368E-02   4   1 0  2 0  0 0  1 0  0
   108  0.4044323758157535E-01   4   0 1  2 0  0 0  1 0  0
   109  0.6167367633275482E-02   4   1 0  1 1  0 0  1 0  0
   110  -.1807067278743512E-01   4   0 1  1 1  0 0  1 0  0
   111  -.1714239849671896E-01   4   1 0  0 2  0 0  1 0  0
   112  0.4965829491130277E-01   4   0 1  0 2  0 0  1 0  0
   113  -.2519591508019684       4   3 0  0 0  0 0  0 1  0
   114  -.4048516783189008       4   2 1  0 0  0 0  0 1  0
   115  -.1949619268439332       4   1 2  0 0  0 0  0 1  0
   116  0.1013592770791114E-01   4   0 3  0 0  0 0  0 1  0
   117  -.2210724811945277E-01   4   1 0  2 0  0 0  0 1  0
   118  -.8102199071289798E-01   4   0 1  2 0  0 0  0 1  0
   119  -.1235540063028088E-01   4   1 0  1 1  0 0  0 1  0
   120  -.5472759040999088E-02   4   0 1  1 1  0 0  0 1  0
   121  0.2305618525166111E-01   4   1 0  0 2  0 0  0 1  0
   122  -.3818873453893755E-01   4   0 1  0 2  0 0  0 1  0
   123  0.7032725823986044E-03   4   2 0  0 0  0 2  0 0  0
   124  -.1370190901148013E-01   4   1 1  0 0  0 2  0 0  0
   125  -.9931997269732991E-01   4   0 2  0 0  0 2  0 0  0
   126  -.1550688116166154E-01   4   0 0  2 0  0 2  0 0  0
   127  0.4316913111603146E-01   4   0 0  1 1  0 2  0 0  0
   128  -.4973287775917276E-01   4   0 0  0 2  0 2  0 0  0
   129  0.1370171209740188E-01   4   2 0  0 0  0 1  1 0  0
   130  -.4029075459466705E-02   4   1 1  0 0  0 1  1 0  0
   131  -.8297773172887277E-01   4   0 2  0 0  0 1  1 0  0
   132  -.1458509634680072E-01   4   0 0  2 0  0 1  1 0  0
   133  0.3839230704439556E-01   4   0 0  1 1  0 1  1 0  0
   134  -.1935871876992522E-01   4   0 0  0 2  0 1  1 0  0
   135  0.6780450479012614E-03   4   2 0  0 0  0 0  2 0  0
   136  -.1364942285169888E-01   4   1 1  0 0  0 0  2 0  0
   137  -.9884973185211515E-01   4   0 2  0 0  0 0  2 0  0
   138  -.1543074089212705E-01   4   0 0  2 0  0 0  2 0  0
   139  0.4296085793900653E-01   4   0 0  1 1  0 0  2 0  0
   140  -.4953446648828772E-01   4   0 0  0 2  0 0  2 0  0
   141  -.2751307537456344E-01   4   2 0  0 0  0 1  0 1  0
   142  -.3914945599956237E-02   4   1 1  0 0  0 1  0 1  0
   143  0.4721815434620812E-01   4   0 2  0 0  0 1  0 1  0
   144  0.4559885867012402E-01   4   0 0  2 0  0 1  0 1  0
   145  -.7675303316750332E-01   4   0 0  1 1  0 1  0 1  0
   146  -.4179627047397252E-01   4   0 0  0 2  0 1  0 1  0
   147  -.2742119355840232E-01   4   2 0  0 0  0 0  1 1  0
   148  -.3901871368631807E-02   4   1 1  0 0  0 0  1 1  0
   149  0.4706046605734757E-01   4   0 2  0 0  0 0  1 1  0
   150  0.4544657813105436E-01   4   0 0  2 0  0 0  1 1  0
   151  -.7649671111018205E-01   4   0 0  1 1  0 0  1 1  0
   152  -.4165668894091323E-01   4   0 0  0 2  0 0  1 1  0
   153  0.3985123920526407E-01   4   2 0  0 0  0 0  0 2  0
   154  0.3919722429123384E-01   4   1 1  0 0  0 0  0 2  0
   155  -.1258755366618813E-01   4   0 2  0 0  0 0  0 2  0
   156  -.4552271840058940E-01   4   0 0  2 0  0 0  0 2  0
   157  0.2872744817825517E-01   4   0 0  1 1  0 0  0 2  0
   158  0.1781224733916283E-01   4   0 0  0 2  0 0  0 2  0
   159  -.1012001221501793E-02   4   1 0  0 0  0 3  0 0  0
   160  -.2279445928792688E-01   4   0 1  0 0  0 3  0 0  0
   161  -.7543286936717540E-03   4   1 0  0 0  0 2  1 0  0
   162  -.1876941226065327E-01   4   0 1  0 0  0 2  1 0  0
   163  -.7556025366346432E-03   4   1 0  0 0  0 1  2 0  0
   164  -.1878919381423371E-01   4   0 1  0 0  0 1  2 0  0
   165  -.1005676408360058E-02   4   1 0  0 0  0 0  3 0  0
   166  -.2264903799532258E-01   4   0 1  0 0  0 0  3 0  0
   167  0.2054594565835400E-02   4   1 0  0 0  0 2  0 1  0
   168  0.3725166066519895E-01   4   0 1  0 0  0 2  0 1  0
   169  0.2890049284042900E-03   4   1 0  0 0  0 1  1 1  0
   170  0.3566329807401526E-01   4   0 1  0 0  0 1  1 1  0
   171  0.2047250529362427E-02   4   1 0  0 0  0 0  2 1  0
   172  0.3706770614660365E-01   4   0 1  0 0  0 0  2 1  0
   173  0.9020695284084533E-03   4   1 0  0 0  0 1  0 2  0
   174  -.1566418024321618E-01   4   0 1  0 0  0 1  0 2  0
   175  0.8990570048920786E-03   4   1 0  0 0  0 0  1 2  0
   176  -.1561186863101624E-01   4   0 1  0 0  0 0  1 2  0
   177  -.2664367696734396E-02   4   1 0  0 0  0 0  0 3  0
   178  0.4295487346550955E-02   4   0 1  0 0  0 0  0 3  0
   179  -.1842340565301100E-01   4   0 0  0 0  0 4  0 0  0
   180  0.9451449893875577E-02   4   0 0  0 0  0 3  1 0  0
   181  0.3568146611328007E-02   4   0 0  0 0  0 2  2 0  0
   182  0.9285275817131693E-02   4   0 0  0 0  0 1  3 0  0
   183  -.1831617544710415E-01   4   0 0  0 0  0 0  4 0  0
   184  0.8829203930339648E-02   4   0 0  0 0  0 3  0 1  0
   185  0.7152012524420668E-02   4   0 0  0 0  0 2  1 1  0
   186  0.7160266464811135E-02   4   0 0  0 0  0 1  2 1  0
   187  0.8773073052141533E-02   4   0 0  0 0  0 0  3 1  0
   188  -.7123146550961249E-02   4   0 0  0 0  0 2  0 2  0
   189  -.6798745357749718E-02   4   0 0  0 0  0 1  1 2  0
   190  -.7088005870965823E-02   4   0 0  0 0  0 0  2 2  0
   191  0.2010839045629319E-02   4   0 0  0 0  0 1  0 3  0
   192  0.2004123709702500E-02   4   0 0  0 0  0 0  1 3  0
   193  -.4849121695887510E-03   4   0 0  0 0  0 0  0 4  0
   -------------------------------------------------------
     I  COEFFICIENT            ORDER EXPONENTS
     1  0.9331799418956431       1   0 0  1 0  0 0  0 0  0
     2  0.4919018805955628       1   0 0  0 1  0 0  0 0  0
     3  -.5194537660604135E-01   2   1 0  1 0  0 0  0 0  0
     4  -.4212320645405798       2   0 1  1 0  0 0  0 0  0
     5  0.3768993319429445       2   1 0  0 1  0 0  0 0  0
     6  0.9141795715921108E-01   2   0 1  0 1  0 0  0 0  0
     7  0.2821810037776862E-01   2   0 0  1 0  0 1  0 0  0
     8  -.2410484776312665       2   0 0  0 1  0 1  0 0  0
     9  0.2812386408189735E-01   2   0 0  1 0  0 0  1 0  0
    10  -.2402434795855699       2   0 0  0 1  0 0  1 0  0
    11  -.5634196445966599E-01   2   0 0  1 0  0 0  0 1  0
    12  -.1060992337872675E-01   2   0 0  0 1  0 0  0 1  0
    13  0.1394525950061218E-02   3   2 0  1 0  0 0  0 0  0
    14  -.6144848066029766E-01   3   1 1  1 0  0 0  0 0  0
    15  -.1078540566557980       3   0 2  1 0  0 0  0 0  0
    16  -1.942418469961342       3   0 0  3 0  0 0  0 0  0
    17  -.8762409531995715E-02   3   2 0  0 1  0 0  0 0  0
    18  0.5201085541418072E-01   3   1 1  0 1  0 0  0 0  0
    19  0.2702945380939244       3   0 2  0 1  0 0  0 0  0
    20  -.5020029148475391       3   0 0  2 1  0 0  0 0  0
    21  -.2347340915144694       3   0 0  1 2  0 0  0 0  0
    22  0.1977231310249129       3   0 0  0 3  0 0  0 0  0
    23  0.4549569730832834E-01   3   1 0  1 0  0 1  0 0  0
    24  0.4233893411940637       3   0 1  1 0  0 1  0 0  0
    25  -.1681762046029947       3   1 0  0 1  0 1  0 0  0
    26  -.3311971273916997E-01   3   0 1  0 1  0 1  0 0  0
    27  0.4534376128375472E-01   3   1 0  1 0  0 0  1 0  0
    28  0.4219754032361088       3   0 1  1 0  0 0  1 0  0
    29  -.1676145685480049       3   1 0  0 1  0 0  1 0  0
    30  -.3300910717015310E-01   3   0 1  0 1  0 0  1 0  0
    31  -.9083945859208306E-01   3   1 0  1 0  0 0  0 1  0
    32  -.4241326798895925       3   0 1  1 0  0 0  0 1  0
    33  -.4110855879194490E-01   3   1 0  0 1  0 0  0 1  0
    34  -.1167070944090991       3   0 1  0 1  0 0  0 1  0
    35  -.1798143748081166E-01   3   0 0  1 0  0 2  0 0  0
    36  0.1821220803859970       3   0 0  0 1  0 2  0 0  0
    37  -.7812831961276079E-02   3   0 0  1 0  0 1  1 0  0
    38  0.1235865723440824       3   0 0  0 1  0 1  1 0  0
    39  -.1790834148189015E-01   3   0 0  1 0  0 0  2 0  0
    40  0.1813075081666487       3   0 0  0 1  0 0  2 0  0
    41  0.1555760654513075E-01   3   0 0  1 0  0 1  0 1  0
    42  -.5733777853543523E-02   3   0 0  0 1  0 1  0 1  0
    43  0.1550565084315897E-01   3   0 0  1 0  0 0  1 1  0
    44  -.5714629506240451E-02   3   0 0  0 1  0 0  1 1  0
    45  0.1263935353568814E-01   3   0 0  1 0  0 0  0 2  0
    46  0.1633412705861869E-01   3   0 0  0 1  0 0  0 2  0
    47  -.8361239286143654E-01   4   3 0  1 0  0 0  0 0  0
    48  -.1651977830554826E-01   4   2 1  1 0  0 0  0 0  0
    49  -.1675420979007977       4   1 2  1 0  0 0  0 0  0
    50  -.4727876700399305       4   0 3  1 0  0 0  0 0  0
    51  -1.324419525481318       4   1 0  3 0  0 0  0 0  0
    52  -1.577647625024468       4   0 1  3 0  0 0  0 0  0
    53  0.1676307583764436E-01   4   3 0  0 1  0 0  0 0  0
    54  -.2647555091174418E-01   4   2 1  0 1  0 0  0 0  0
    55  0.1475863269562540       4   1 2  0 1  0 0  0 0  0
    56  0.2829632186540490E-01   4   0 3  0 1  0 0  0 0  0
    57  -1.914895905381250       4   1 0  2 1  0 0  0 0  0
    58  -.9944647281938268E-01   4   0 1  2 1  0 0  0 0  0
    59  -.5806682513484256       4   1 0  1 2  0 0  0 0  0
    60  -.6633215025155503E-01   4   0 1  1 2  0 0  0 0  0
    61  0.6982761898767112E-01   4   1 0  0 3  0 0  0 0  0
    62  0.1160110294298989       4   0 1  0 3  0 0  0 0  0
    63  -.2072058045708076E-02   4   2 0  1 0  0 1  0 0  0
    64  0.3593019184349482E-01   4   1 1  1 0  0 1  0 0  0
    65  0.8990069412078222E-01   4   0 2  1 0  0 1  0 0  0
    66   1.856974169256631       4   0 0  3 0  0 1  0 0  0
    67  0.1184691209519769E-01   4   2 0  0 1  0 1  0 0  0
    68  -.4932752386336205E-02   4   1 1  0 1  0 1  0 0  0
    69  -.4105387260330525       4   0 2  0 1  0 1  0 0  0
    70  0.7281907154979321       4   0 0  2 1  0 1  0 0  0
    71  0.4545135996037395       4   0 0  1 2  0 1  0 0  0
    72  -.2519943753081081       4   0 0  0 3  0 1  0 0  0
    73  -.2065138264700757E-02   4   2 0  1 0  0 0  1 0  0
    74  0.3581020048532605E-01   4   1 1  1 0  0 0  1 0  0
    75  0.8960046454130022E-01   4   0 2  1 0  0 0  1 0  0
    76   1.850772675715372       4   0 0  3 0  0 0  1 0  0
    77  0.1180734851372274E-01   4   2 0  0 1  0 0  1 0  0
    78  -.4916279118925743E-02   4   1 1  0 1  0 0  1 0  0
    79  -.4091677035923093       4   0 2  0 1  0 0  1 0  0
    80  0.7257588722909940       4   0 0  2 1  0 0  1 0  0
    81  0.4529957200343731       4   0 0  1 2  0 0  1 0  0
    82  -.2511528226808392       4   0 0  0 3  0 0  1 0  0
    83  0.4137196310408849E-02   4   2 0  1 0  0 0  0 1  0
    84  -.1029191166852336E-01   4   1 1  1 0  0 0  0 1  0
    85  0.3620695464951429E-01   4   0 2  1 0  0 0  0 1  0
    86  -3.707746844972005       4   0 0  3 0  0 0  0 1  0
    87  -.1489185107692474E-01   4   2 0  0 1  0 0  0 1  0
    88  -.9417267932309963E-01   4   1 1  0 1  0 0  0 1  0
    89  0.8822815343588086E-02   4   0 2  0 1  0 0  0 1  0
    90  -.9519466729413835       4   0 0  2 1  0 0  0 1  0
    91  -.4380411366091737       4   0 0  1 2  0 0  0 1  0
    92  -.9002219508579135E-01   4   0 0  0 3  0 0  0 1  0
    93  -.4478490887910854E-01   4   1 0  1 0  0 2  0 0  0
    94  -.4297231598566017       4   0 1  1 0  0 2  0 0  0
    95  0.1141146018298773       4   1 0  0 1  0 2  0 0  0
    96  -.1351110839752251E-01   4   0 1  0 1  0 2  0 0  0
    97  -.4407836050317611E-01   4   1 0  1 0  0 1  1 0  0
    98  -.4360099521255504       4   0 1  1 0  0 1  1 0  0
    99  0.6041220834977598E-01   4   1 0  0 1  0 1  1 0  0
   100  -.5983084521110082E-01   4   0 1  0 1  0 1  1 0  0
   101  -.4456174521641175E-01   4   1 0  1 0  0 0  2 0  0
   102  -.4275600269935286       4   0 1  1 0  0 0  2 0  0
   103  0.1136326328606928       4   1 0  0 1  0 0  2 0  0
   104  -.1336608249678931E-01   4   0 1  0 1  0 0  2 0  0
   105  0.8815248095306483E-01   4   1 0  1 0  0 1  0 1  0
   106  0.4486775894506264       4   0 1  1 0  0 1  0 1  0
   107  0.4771099719645876E-01   4   1 0  0 1  0 1  0 1  0
   108  0.1862122002236560       4   0 1  0 1  0 1  0 1  0
   109  0.8785808965224486E-01   4   1 0  1 0  0 0  1 1  0
   110  0.4471791996403899       4   0 1  1 0  0 0  1 1  0
   111  0.4755166302484809E-01   4   1 0  0 1  0 0  1 1  0
   112  0.1855903317151386       4   0 1  0 1  0 0  1 1  0
   113  -.4258555600661330E-01   4   1 0  1 0  0 0  0 2  0
   114  -.2379571465591562E-01   4   0 1  1 0  0 0  0 2  0
   115  -.6522771318708522E-02   4   1 0  0 1  0 0  0 2  0
   116  -.1084062435574867E-01   4   0 1  0 1  0 0  0 2  0
   117  0.1251177637309660E-01   4   0 0  1 0  0 3  0 0  0
   118  -.1550079992052387       4   0 0  0 1  0 3  0 0  0
   119  0.1593294330505174E-02   4   0 0  1 0  0 2  1 0  0
   120  -.1008560015127005       4   0 0  0 1  0 2  1 0  0
   121  0.1647779557714973E-02   4   0 0  1 0  0 1  2 0  0
   122  -.1011246748777688       4   0 0  0 1  0 1  2 0  0
   123  0.1244644912013017E-01   4   0 0  1 0  0 0  3 0  0
   124  -.1540636668237741       4   0 0  0 1  0 0  3 0  0
   125  -.3165748488171749E-02   4   0 0  1 0  0 2  0 1  0
   126  0.1951375797042551E-01   4   0 0  0 1  0 2  0 1  0
   127  0.9143516146111863E-02   4   0 0  1 0  0 1  1 1  0
   128  0.3320163574869082E-01   4   0 0  0 1  0 1  1 1  0
   129  -.3170443954325169E-02   4   0 0  1 0  0 0  2 1  0
   130  0.1939315084914475E-01   4   0 0  0 1  0 0  2 1  0
   131  -.1696361613001494E-01   4   0 0  1 0  0 1  0 2  0
   132  -.2751390906445551E-01   4   0 0  0 1  0 1  0 2  0
   133  -.1690696496188972E-01   4   0 0  1 0  0 0  1 2  0
   134  -.2742202446412941E-01   4   0 0  0 1  0 0  1 2  0
   135  0.2863958006842806E-02   4   0 0  1 0  0 0  0 3  0
   136  0.1977850784242950E-02   4   0 0  0 1  0 0  0 3  0
   -------------------------------------------------------
     I  COEFFICIENT            ORDER EXPONENTS
     1  -.2342600880103369       1   0 0  1 0  0 0  0 0  0
     2  0.9481204882753076       1   0 0  0 1  0 0  0 0  0
     3  -.1074554622052988E-01   2   1 0  1 0  0 0  0 0  0
     4  -.1320427819915858E-01   2   0 1  1 0  0 0  0 0  0
     5  -.4750182387860548E-01   2   1 0  0 1  0 0  0 0  0
     6  0.3980668101215648       2   0 1  0 1  0 0  0 0  0
     7  0.1331639063618864       2   0 0  1 0  0 1  0 0  0
     8  0.1020354705120528       2   0 0  0 1  0 1  0 0  0
     9  0.1327191962959607       2   0 0  1 0  0 0  1 0  0
    10  0.1016947160083899       2   0 0  0 1  0 0  1 0  0
    11  -.5001431906681838       2   0 0  1 0  0 0  0 1  0
    12  -.2037301865204428       2   0 0  0 1  0 0  0 1  0
    13  -.9845916453431950E-02   3   2 0  1 0  0 0  0 0  0
    14  -.2741495636129727E-01   3   1 1  1 0  0 0  0 0  0
    15  -.6627209898133242       3   0 2  1 0  0 0  0 0  0
    16  -7.120760842666328       3   0 0  3 0  0 0  0 0  0
    17  -.1139138419279238E-01   3   2 0  0 1  0 0  0 0  0
    18  0.2925528639930448E-01   3   1 1  0 1  0 0  0 0  0
    19  -.1292171864652267       3   0 2  0 1  0 0  0 0  0
    20  -5.209890212808230       3   0 0  2 1  0 0  0 0  0
    21  -2.153352853815639       3   0 0  1 2  0 0  0 0  0
    22  -.4036419252895813       3   0 0  0 3  0 0  0 0  0
    23  0.1397323731359750E-01   3   1 0  1 0  0 1  0 0  0
    24  -.1079247117462298       3   0 1  1 0  0 1  0 0  0
    25  0.6703455112474578E-01   3   1 0  0 1  0 1  0 0  0
    26  -.4282662610657281       3   0 1  0 1  0 1  0 0  0
    27  0.1392657272214255E-01   3   1 0  1 0  0 0  1 0  0
    28  -.1075642897145626       3   0 1  1 0  0 0  1 0  0
    29  0.6681068460967855E-01   3   1 0  0 1  0 0  1 0  0
    30  -.4268360362969036       3   0 1  0 1  0 0  1 0  0
    31  -.3864535625626978E-01   3   1 0  1 0  0 0  0 1  0
    32  0.2154890014607926       3   0 1  1 0  0 0  0 1  0
    33  -.1338452357344244       3   1 0  0 1  0 0  0 1  0
    34  0.4570354872410669       3   0 1  0 1  0 0  0 1  0
    35  -.9990195461259045E-01   3   0 0  1 0  0 2  0 0  0
    36  -.1175931069369799       3   0 0  0 1  0 2  0 0  0
    37  -.6686067889534111E-01   3   0 0  1 0  0 1  1 0  0
    38  -.1330456937851836       3   0 0  0 1  0 1  1 0  0
    39  -.9945668220431179E-01   3   0 0  1 0  0 0  2 0  0
    40  -.1169782389881305       3   0 0  0 1  0 0  2 0  0
    41  0.2666645881205221       3   0 0  1 0  0 1  0 1  0
    42  0.2661964371470906       3   0 0  0 1  0 1  0 1  0
    43  0.2657740433039648       3   0 0  1 0  0 0  1 1  0
    44  0.2653074557530548       3   0 0  0 1  0 0  1 1  0
    45  -.2662193157122434       3   0 0  1 0  0 0  0 2  0
    46  -.1638868531898514       3   0 0  0 1  0 0  0 2  0
    47  -.2304760807144090E-02   4   3 0  1 0  0 0  0 0  0
    48  0.1902902140352206E-02   4   2 1  1 0  0 0  0 0  0
    49  -.6354039047587612E-01   4   1 2  1 0  0 0  0 0  0
    50  0.8089424387483989E-01   4   0 3  1 0  0 0  0 0  0
    51  0.1270052101294282       4   1 0  3 0  0 0  0 0  0
    52   1.693206288330777       4   0 1  3 0  0 0  0 0  0
    53  0.7508922261035160E-01   4   3 0  0 1  0 0  0 0  0
    54  0.4685290061957974E-02   4   2 1  0 1  0 0  0 0  0
    55  -.1477821177389636       4   1 2  0 1  0 0  0 0  0
    56  0.4348272450559282       4   0 3  0 1  0 0  0 0  0
    57  -4.482225687914771       4   1 0  2 1  0 0  0 0  0
    58   5.499865350830637       4   0 1  2 1  0 0  0 0  0
    59  -2.507215868350765       4   1 0  1 2  0 0  0 0  0
    60   2.020247035715292       4   0 1  1 2  0 0  0 0  0
    61  -.5831182893254050       4   1 0  0 3  0 0  0 0  0
    62  0.1455564115548053       4   0 1  0 3  0 0  0 0  0
    63  0.4347427096686555E-02   4   2 0  1 0  0 1  0 0  0
    64  0.2936667459894907E-02   4   1 1  1 0  0 1  0 0  0
    65   1.028770433920260       4   0 2  1 0  0 1  0 0  0
    66   3.171633507767518       4   0 0  3 0  0 1  0 0  0
    67  0.1653526918061434E-01   4   2 0  0 1  0 1  0 0  0
    68  -.4427664421713060E-01   4   1 1  0 1  0 1  0 0  0
    69  0.3954405226888570       4   0 2  0 1  0 1  0 0  0
    70   5.397200901523334       4   0 0  2 1  0 1  0 0  0
    71   3.397266565786838       4   0 0  1 2  0 1  0 0  0
    72  0.8249631588045205       4   0 0  0 3  0 1  0 0  0
    73  0.4332908563522143E-02   4   2 0  1 0  0 0  1 0  0
    74  0.2926860256011261E-02   4   1 1  1 0  0 0  1 0  0
    75   1.025334783975840       4   0 2  1 0  0 0  1 0  0
    76   3.161041618532159       4   0 0  3 0  0 0  1 0  0
    77  0.1648004850672237E-01   4   2 0  0 1  0 0  1 0  0
    78  -.4412877930458127E-01   4   1 1  0 1  0 0  1 0  0
    79  0.3941199217413541       4   0 2  0 1  0 0  1 0  0
    80   5.379176576206470       4   0 0  2 1  0 0  1 0  0
    81   3.385921159364713       4   0 0  1 2  0 0  1 0  0
    82  0.8222081373369057       4   0 0  0 3  0 0  1 0  0
    83  -.1852625211364049E-01   4   2 0  1 0  0 0  0 1  0
    84  -.5863527715904274E-02   4   1 1  1 0  0 0  0 1  0
    85  -1.391384228082776       4   0 2  1 0  0 0  0 1  0
    86  -13.45343596896600       4   0 0  3 0  0 0  0 1  0
    87  -.3301531768733727E-01   4   2 0  0 1  0 0  0 1  0
    88  0.5915013712240706E-01   4   1 1  0 1  0 0  0 1  0
    89  -.5311260714997581       4   0 2  0 1  0 0  0 1  0
    90  -10.77637747772982       4   0 0  2 1  0 0  0 1  0
    91  -4.629834871335930       4   0 0  1 2  0 0  0 1  0
    92  -.8398874455622654       4   0 0  0 3  0 0  0 1  0
    93  -.9488619380744395E-02   4   1 0  1 0  0 2  0 0  0
    94  0.2103155046877775       4   0 1  1 0  0 2  0 0  0
    95  -.7266338960000786E-01   4   1 0  0 1  0 2  0 0  0
    96  0.4828909061558724       4   0 1  0 1  0 2  0 0  0
    97  -.5033798991144566E-02   4   1 0  1 0  0 1  1 0  0
    98  0.3120212117201156       4   0 1  1 0  0 1  1 0  0
    99  -.7825388466757757E-01   4   1 0  0 1  0 1  1 0  0
   100  0.5371459293587165       4   0 1  0 1  0 1  1 0  0
   101  -.9448526120965342E-02   4   1 0  1 0  0 0  2 0  0
   102  0.2090921333312084       4   0 1  1 0  0 0  2 0  0
   103  -.7229005806263880E-01   4   1 0  0 1  0 0  2 0  0
   104  0.4803813406386839       4   0 1  0 1  0 0  2 0  0
   105  0.2401103775263324E-01   4   1 0  1 0  0 1  0 1  0
   106  -.6247275093494409       4   0 1  1 0  0 1  0 1  0
   107  0.1565461127428473       4   1 0  0 1  0 1  0 1  0
   108  -.6463952195390045       4   0 1  0 1  0 1  0 1  0
   109  0.2393085123307503E-01   4   1 0  1 0  0 0  1 1  0
   110  -.6226411886679694       4   0 1  1 0  0 0  1 1  0
   111  0.1560233161831766       4   1 0  0 1  0 0  1 1  0
   112  -.6442365380422784       4   0 1  0 1  0 0  1 1  0
   113  -.2397094449285428E-01   4   1 0  1 0  0 0  0 2  0
   114  0.5159398482783092       4   0 1  1 0  0 0  0 2  0
   115  -.8936209659579997E-01   4   1 0  0 1  0 0  0 2  0
   116  0.1882803915495743       4   0 1  0 1  0 0  0 2  0
   117  0.8582718074950259E-01   4   0 0  1 0  0 3  0 0  0
   118  0.1287579838530148       4   0 0  0 1  0 3  0 0  0
   119  0.5770830043949617E-01   4   0 0  1 0  0 2  1 0  0
   120  0.1510274850329106       4   0 0  0 1  0 2  1 0  0
   121  0.5784772204490077E-01   4   0 0  1 0  0 1  2 0  0
   122  0.1509137752231958       4   0 0  0 1  0 1  2 0  0
   123  0.8530120502168061E-01   4   0 0  1 0  0 0  3 0  0
   124  0.1278616507990802       4   0 0  0 1  0 0  3 0  0
   125  -.2152878880754135       4   0 0  1 0  0 2  0 1  0
   126  -.3021152227179952       4   0 0  0 1  0 2  0 1  0
   127  -.1642513660734528       4   0 0  1 0  0 1  1 1  0
   128  -.3377911329418455       4   0 0  0 1  0 1  1 1  0
   129  -.2142946549056308       4   0 0  1 0  0 0  2 1  0
   130  -.3005422496441756       4   0 0  0 1  0 0  2 1  0
   131  0.1640812770518790       4   0 0  1 0  0 1  0 2  0
   132  0.2048143520418273       4   0 0  0 1  0 1  0 2  0
   133  0.1635333162903751       4   0 0  1 0  0 0  1 2  0
   134  0.2041303603620436       4   0 0  0 1  0 0  1 2  0
   135  -.2046509254333688E-01   4   0 0  1 0  0 0  0 3  0
   136  -.2705700200805608E-01   4   0 0  0 1  0 0  0 3  0
   -------------------------------------------------------
     I  COEFFICIENT            ORDER EXPONENTS
     1  -.1989503614003980       1   1 0  0 0  0 0  0 0  0
     2  -.4764366915081809E-01   1   0 1  0 0  0 0  0 0  0
     3   1.000000000000000       1   0 0  0 0  1 0  0 0  0
     4  0.1190949601580665       1   0 0  0 0  0 1  0 0  0
     5  -.1256351716645414       1   0 0  0 0  0 0  1 0  0
     6  0.6540211506474910E-02   1   0 0  0 0  0 0  0 1  0
     7  -.4343359598057862E-03   2   2 0  0 0  0 0  0 0  0
     8  -.3759122826799148E-01   2   1 1  0 0  0 0  0 0  0
     9  -.1193437704826873       2   0 2  0 0  0 0  0 0  0
    10  -.7595098707733890E-01   2   0 0  2 0  0 0  0 0  0
    11  0.3732027380895571E-01   2   0 0  1 1  0 0  0 0  0
    12  -.1194417750615415       2   0 0  0 2  0 0  0 0  0
    13  0.9895991833384506E-01   2   1 0  0 0  0 1  0 0  0
    14  0.2367938591180687E-01   2   0 1  0 0  0 1  0 0  0
    15  -.9899432843347908E-01   2   1 0  0 0  0 0  1 0  0
    16  -.2372567489101532E-01   2   0 1  0 0  0 0  1 0  0
    17  0.3441009963399454E-04   2   1 0  0 0  0 0  0 1  0
    18  0.4768995813002658E-01   2   0 1  0 0  0 0  0 1  0
    19  -.8938500678862174E-01   2   0 0  0 0  0 2  0 0  0
    20  0.6006060452731294E-01   2   0 0  0 0  0 1  1 0  0
    21  0.2973111459978869E-01   2   0 0  0 0  0 0  2 0  0
    22  -.3855511081359182E-03   2   0 0  0 0  0 1  0 1  0
    23  0.6112337937651102E-02   2   0 0  0 0  0 0  1 1  0
    24  -.6133499167995028E-02   2   0 0  0 0  0 0  0 2  0
    25  -.9385090274420398E-02   3   3 0  0 0  0 0  0 0  0
    26  0.1620631885423676E-02   3   2 1  0 0  0 0  0 0  0
    27  -.1029559062780344       3   1 2  0 0  0 0  0 0  0
    28  -.2293917673518424E-01   3   0 3  0 0  0 0  0 0  0
    29  -.1210550776035243E-01   3   1 0  2 0  0 0  0 0  0
    30  -.9801627204478192E-01   3   0 1  2 0  0 0  0 0  0
    31  -.1174510814745601E-01   3   1 0  1 1  0 0  0 0  0
    32  0.3988704744850776       3   0 1  1 1  0 0  0 0  0
    33  -.9075948433829466E-01   3   1 0  0 2  0 0  0 0  0
    34  0.2535627511778505E-01   3   0 1  0 2  0 0  0 0  0
    35  0.1034864785289564E-02   3   2 0  0 0  0 1  0 0  0
    36  0.1781670548829922E-01   3   1 1  0 0  0 1  0 0  0
    37  0.1691205238758779       3   0 2  0 0  0 1  0 0  0
    38  0.1073367778587256       3   0 0  2 0  0 1  0 0  0
    39  -.1856314629995663E-01   3   0 0  1 1  0 1  0 0  0
    40  0.1883647331403988       3   0 0  0 2  0 1  0 0  0
    41  0.5999689688980701E-03   3   2 0  0 0  0 0  1 0  0
    42  -.1958336513503223E-01   3   1 1  0 0  0 0  1 0  0
    43  0.5000774624546012E-01   3   0 2  0 0  0 0  1 0  0
    44  0.3153377227331531E-01   3   0 0  2 0  0 0  1 0  0
    45  0.1857026937539717E-01   3   0 0  1 1  0 0  1 0  0
    46  0.6909033705776403E-01   3   0 0  0 2  0 0  1 0  0
    47  -.1634833754187630E-02   3   2 0  0 0  0 0  0 1  0
    48  0.3935788791472447E-01   3   1 1  0 0  0 0  0 1  0
    49  0.1955927084403637E-01   3   0 2  0 0  0 0  0 1  0
    50  -.1388705501320410       3   0 0  2 0  0 0  0 1  0
    51  -.3732739688439619E-01   3   0 0  1 1  0 0  0 1  0
    52  -.1857152007507985E-01   3   0 0  0 2  0 0  0 1  0
    53  -.7632975846462439E-01   3   1 0  0 0  0 2  0 0  0
    54  -.7291026998571114E-02   3   0 1  0 0  0 2  0 0  0
    55  0.4577036657266799E-01   3   1 0  0 0  0 1  1 0  0
    56  0.3282572477379433E-01   3   0 1  0 0  0 1  1 0  0
    57  0.2264351470133803E-01   3   1 0  0 0  0 0  2 0  0
    58  0.1631851076816546E-01   3   0 1  0 0  0 0  2 0  0
    59  0.7929232022735752E-02   3   1 0  0 0  0 1  0 1  0
    60  -.6560244260026593E-01   3   0 1  0 0  0 1  0 1  0
    61  0.7936932458135038E-02   3   1 0  0 0  0 0  1 1  0
    62  -.1801139652809478E-01   3   0 1  0 0  0 0  1 1  0
    63  -.7950287290252395E-02   3   1 0  0 0  0 0  0 2  0
    64  -.5883038565846291E-02   3   0 1  0 0  0 0  0 2  0
    65  0.7515335238497756E-01   3   0 0  0 0  0 3  0 0  0
    66  -.4285324523922355E-01   3   0 0  0 0  0 2  1 0  0
    67  -.1297869809433800E-01   3   0 0  0 0  0 1  2 0  0
    68  -.1408988917987517E-01   3   0 0  0 0  0 0  3 0  0
    69  -.3836798338465546E-02   3   0 0  0 0  0 2  0 1  0
    70  -.8457322387502787E-02   3   0 0  0 0  0 1  1 1  0
    71  -.4213863565613899E-02   3   0 0  0 0  0 0  2 1  0
    72  0.8451010640352859E-02   3   0 0  0 0  0 1  0 2  0
    73  0.2330186821714202E-02   3   0 0  0 0  0 0  1 2  0
    74  0.4952669579743510E-03   3   0 0  0 0  0 0  0 3  0
    75  -.4359413935492708E-01   4   4 0  0 0  0 0  0 0  0
    76  -.4596247334378487E-01   4   3 1  0 0  0 0  0 0  0
    77  0.5656384177262187E-03   4   2 2  0 0  0 0  0 0  0
    78  -.1787414579155546E-01   4   1 3  0 0  0 0  0 0  0
    79  -.7943295961849438E-01   4   0 4  0 0  0 0  0 0  0
    80  -.2425786432766009E-02   4   2 0  2 0  0 0  0 0  0
    81  -.1351160121471880E-01   4   1 1  2 0  0 0  0 0  0
    82  -.5230892098336920       4   0 2  2 0  0 0  0 0  0
    83  -1.172223518492073       4   0 0  4 0  0 0  0 0  0
    84  -.9900453092424918E-02   4   2 0  1 1  0 0  0 0  0
    85  0.1133130737686538E-01   4   1 1  1 1  0 0  0 0  0
    86  -.4515705252067626E-02   4   0 2  1 1  0 0  0 0  0
    87  0.9860163455070992E-01   4   0 0  3 1  0 0  0 0  0
    88  -.1657715639355157E-02   4   2 0  0 2  0 0  0 0  0
    89  0.4036939834392075E-01   4   1 1  0 2  0 0  0 0  0
    90  -.1992384036598900       4   0 2  0 2  0 0  0 0  0
    91  -.2348855459930786       4   0 0  2 2  0 0  0 0  0
    92  -.8630523622929182E-01   4   0 0  1 3  0 0  0 0  0
    93  -.9804985169432533E-01   4   0 0  0 4  0 0  0 0  0
    94  0.4898840354127575E-02   4   3 0  0 0  0 1  0 0  0
    95  -.2009307715109903E-02   4   2 1  0 0  0 1  0 0  0
    96  0.1569356479434671       4   1 2  0 0  0 1  0 0  0
    97  0.1456197483115346E-01   4   0 3  0 0  0 1  0 0  0
    98  0.1891090140534595E-01   4   1 0  2 0  0 1  0 0  0
    99  0.1147192318435464       4   0 1  2 0  0 1  0 0  0
   100  0.2883230950159279E-01   4   1 0  1 1  0 1  0 0  0
   101  -.8128054807319842       4   0 1  1 1  0 1  0 0  0
   102  0.1405849645213516       4   1 0  0 2  0 1  0 0  0
   103  -.1162098364538408       4   0 1  0 2  0 1  0 0  0
   104  -.4440030290606887E-02   4   3 0  0 0  0 0  1 0  0
   105  -.3927719575968723E-03   4   2 1  0 0  0 0  1 0  0
   106  0.5414215271247069E-01   4   1 2  0 0  0 0  1 0  0
   107  -.8272874528092250E-02   4   0 3  0 0  0 0  1 0  0
   108  0.6822958732920682E-02   4   1 0  2 0  0 0  1 0  0
   109  0.1697341807494538E-01   4   0 1  2 0  0 0  1 0  0
   110  0.1706923007485153E-01   4   1 0  1 1  0 0  1 0  0
   111  -.4138802487108360       4   0 1  1 1  0 0  1 0  0
   112  0.4996116990289420E-01   4   1 0  0 2  0 0  1 0  0
   113  -.9063454583187684E-01   4   0 1  0 2  0 0  1 0  0
   114  0.8831771497826678E-02   4   3 0  0 0  0 0  0 1  0
   115  0.7814477872831113E-03   4   2 1  0 0  0 0  0 1  0
   116  -.5165988099868978E-02   4   1 2  0 0  0 0  0 1  0
   117  0.6252842990249169E-01   4   0 3  0 0  0 0  0 1  0
   118  -.2573386013826678E-01   4   1 0  2 0  0 0  0 1  0
   119  -.3367637787370951E-01   4   0 1  2 0  0 0  0 1  0
   120  -.3415643142898714E-01   4   1 0  1 1  0 0  0 1  0
   121  0.4289447804726646       4   0 1  1 1  0 0  0 1  0
   122  -.9027165747656505E-02   4   1 0  0 2  0 0  0 1  0
   123  0.1307755569323626       4   0 1  0 2  0 0  0 1  0
   124  -.1479729433742468E-02   4   2 0  0 0  0 2  0 0  0
   125  -.2798443310542844E-02   4   1 1  0 0  0 2  0 0  0
   126  -.2077308918997169       4   0 2  0 0  0 2  0 0  0
   127  -.1306500761358629       4   0 0  2 0  0 2  0 0  0
   128  -.1420989482009961E-01   4   0 0  1 1  0 2  0 0  0
   129  -.2523997336822943       4   0 0  0 2  0 2  0 0  0
   130  -.8907652600951585E-03   4   2 0  0 0  0 1  1 0  0
   131  0.3006701530899335E-01   4   1 1  0 0  0 1  1 0  0
   132  -.7729686071176743E-01   4   0 2  0 0  0 1  1 0  0
   133  -.4668150223604154E-01   4   0 0  2 0  0 1  1 0  0
   134  -.6545121996501932E-01   4   0 0  1 1  0 1  1 0  0
   135  -.1281037663749520       4   0 0  0 2  0 1  1 0  0
   136  -.4456141287849097E-03   4   2 0  0 0  0 0  2 0  0
   137  0.1495354230596019E-01   4   1 1  0 0  0 0  2 0  0
   138  -.3880053415130704E-01   4   0 2  0 0  0 0  2 0  0
   139  -.2344125796760411E-01   4   0 0  2 0  0 0  2 0  0
   140  -.3258532405233561E-01   4   0 0  1 1  0 0  2 0  0
   141  -.6415107035614670E-01   4   0 0  0 2  0 0  2 0  0
   142  0.2815359342290530E-02   4   2 0  0 0  0 1  0 1  0
   143  -.6010353966450610E-01   4   1 1  0 0  0 1  0 1  0
   144  -.1460292711643221E-01   4   0 2  0 0  0 1  0 1  0
   145  0.2006448766490417       4   0 0  2 0  0 1  0 1  0
   146  0.1309973022051317       4   0 0  1 1  0 1  0 1  0
   147  0.6780903431834417E-01   4   0 0  0 2  0 1  0 1  0
   148  0.1182024548766907E-02   4   2 0  0 0  0 0  1 1  0
   149  -.2080736965084925E-01   4   1 1  0 0  0 0  1 1  0
   150  0.4874690278001373E-02   4   0 2  0 0  0 0  1 1  0
   151  0.6203024589793446E-01   4   0 0  2 0  0 0  1 1  0
   152  0.9348132931889631E-01   4   0 0  1 1  0 0  1 1  0
   153  0.4913489591395336E-01   4   0 0  0 2  0 0  1 1  0
   154  -.1181275068434907E-02   4   2 0  0 0  0 0  0 2  0
   155  0.1097566742953194E-02   4   1 1  0 0  0 0  0 2  0
   156  -.2447478784683915E-01   4   0 2  0 0  0 0  0 2  0
   157  -.6190228620746759E-01   4   0 0  2 0  0 0  0 2  0
   158  -.7491191887761785E-01   4   0 0  1 1  0 0  0 2  0
   159  -.3061468500352897E-01   4   0 0  0 2  0 0  0 2  0
   160  0.6598472900736529E-01   4   1 0  0 0  0 3  0 0  0
   161  -.5986630359307840E-02   4   0 1  0 0  0 3  0 0  0
   162  -.3116072450220643E-01   4   1 0  0 0  0 2  1 0  0
   163  -.3986438277507780E-01   4   0 1  0 0  0 2  1 0  0
   164  -.8399143637889130E-02   4   1 0  0 0  0 1  2 0  0
   165  -.2348219600391434E-01   4   0 1  0 0  0 1  2 0  0
   166  -.1022832536239731E-01   4   1 0  0 0  0 0  3 0  0
   167  -.1321442966334254E-01   4   0 1  0 0  0 0  3 0  0
   168  -.1413394559064073E-01   4   1 0  0 0  0 2  0 1  0
   169  0.7969735484871485E-01   4   0 1  0 0  0 2  0 1  0
   170  -.1242099686514454E-01   4   1 0  0 0  0 1  1 1  0
   171  0.2821598323660103E-01   4   0 1  0 0  0 1  1 1  0
   172  -.6202909677594347E-02   4   1 0  0 0  0 0  2 1  0
   173  0.1416995268944524E-01   4   0 1  0 0  0 0  2 1  0
   174  0.1241521200047726E-01   4   1 0  0 0  0 1  0 2  0
   175  0.4598317433383535E-02   4   0 1  0 0  0 1  0 2  0
   176  0.4476475652031584E-02   4   1 0  0 0  0 0  1 2  0
   177  -.1260849515603683E-02   4   0 1  0 0  0 0  1 2  0
   178  -.3303710240013495E-03   4   1 0  0 0  0 0  0 3  0
   179  0.4770549259919678E-02   4   0 1  0 0  0 0  0 3  0
   180  -.6668043417678014E-01   4   0 0  0 0  0 4  0 0  0
   181  0.3396930441412343E-01   4   0 0  0 0  0 3  1 0  0
   182  0.8138673385128442E-02   4   0 0  0 0  0 2  2 0  0
   183  0.5501770798869270E-02   4   0 0  0 0  0 1  3 0  0
   184  0.8329861274072011E-02   4   0 0  0 0  0 0  4 0  0
   185  0.7292375138064664E-02   4   0 0  0 0  0 3  0 1  0
   186  0.1037447570504325E-01   4   0 0  0 0  0 2  1 1  0
   187  0.6153435116149228E-02   4   0 0  0 0  0 1  2 1  0
   188  0.3448451644468165E-02   4   0 0  0 0  0 0  3 1  0
   189  -.1037060305192030E-01   4   0 0  0 0  0 2  0 2  0
   190  -.3841927239938276E-02   4   0 0  0 0  0 1  1 2  0
   191  -.1928599676356006E-02   4   0 0  0 0  0 0  2 2  0
   192  -.2566328590932537E-03   4   0 0  0 0  0 1  0 3  0
   193  0.2361887091692156E-03   4   0 0  0 0  0 0  1 3  0
   194  -.3663391809997551E-03   4   0 0  0 0  0 0  0 4  0
   -------------------------------------------------------
     I  COEFFICIENT            ORDER EXPONENTS
     1   1.000000000000000       1   0 0  0 0  0 1  0 0  0
     -----------------------------------------------------
     I  COEFFICIENT            ORDER EXPONENTS
     1   1.000000000000000       1   0 0  0 0  0 0  1 0  0
     -----------------------------------------------------
     I  COEFFICIENT            ORDER EXPONENTS
     1   1.000000000000000       1   0 0  0 0  0 0  0 1  0
     -----------------------------------------------------
