     I  COEFFICIENT            ORDER EXPONENTS
     1   1.000000000000000       1   1 0  0 0  0 0  0 0  0
     2  0.3999730000000000       1   0 1  0 0  0 0  0 0  0
     3  -.2003209928982331       2   0 1  0 0  0 1  0 0  0
     4  -.1996520071017669       2   0 1  0 0  0 0  1 0  0
     5  0.1999865000000000       3   0 3  0 0  0 0  0 0  0
     6  0.1999865000000000       3   0 1  0 2  0 0  0 0  0
     7  0.1501575410480606       3   0 1  0 0  0 2  0 0  0
     8  0.1003269037003450       3   0 1  0 0  0 1  1 0  0
     9  0.1494885552515944       3   0 1  0 0  0 0  2 0  0
    10  -.3004814893473497       4   0 3  0 0  0 1  0 0  0
    11  -.3004814893473497       4   0 1  0 2  0 1  0 0  0
    12  -.2994780106526503       4   0 3  0 0  0 0  1 0  0
    13  -.2994780106526503       4   0 1  0 2  0 0  1 0  0
    14  -.1251172077211525       4   0 1  0 0  0 3  0 0  0
    15  -.7512099998072423E-01   4   0 1  0 0  0 2  1 0  0
    16  -.7536935556979325E-01   4   0 1  0 0  0 1  2 0  0
    17  -.1243654367283300       4   0 1  0 0  0 0  3 0  0
    ------------------------------------------------------
     I  COEFFICIENT            ORDER EXPONENTS
     1   1.000000000000000       1   0 1  0 0  0 0  0 0  0
     -----------------------------------------------------
     I  COEFFICIENT            ORDER EXPONENTS
     1   1.000000000000000       1   0 0  1 0  0 0  0 0  0
     2  0.3999730000000000       1   0 0  0 1  0 0  0 0  0
     3  -.2003209928982331       2   0 0  0 1  0 1  0 0  0
     4  -.1996520071017669       2   0 0  0 1  0 0  1 0  0
     5  0.1999865000000000       3   0 2  0 1  0 0  0 0  0
     6  0.1999865000000000       3   0 0  0 3  0 0  0 0  0
     7  0.1501575410480606       3   0 0  0 1  0 2  0 0  0
     8  0.1003269037003450       3   0 0  0 1  0 1  1 0  0
     9  0.1494885552515944       3   0 0  0 1  0 0  2 0  0
    10  -.3004814893473497       4   0 2  0 1  0 1  0 0  0
    11  -.3004814893473497       4   0 0  0 3  0 1  0 0  0
    12  -.2994780106526503       4   0 2  0 1  0 0  1 0  0
    13  -.2994780106526503       4   0 0  0 3  0 0  1 0  0
    14  -.1251172077211525       4   0 0  0 1  0 3  0 0  0
    15  -.7512099998072423E-01   4   0 0  0 1  0 2  1 0  0
    16  -.7536935556979325E-01   4   0 0  0 1  0 1  2 0  0
    17  -.1243654367283300       4   0 0  0 1  0 0  3 0  0
    ------------------------------------------------------
     I  COEFFICIENT            ORDER EXPONENTS
     1   1.000000000000000       1   0 0  0 1  0 0  0 0  0
     -----------------------------------------------------
     I  COEFFICIENT            ORDER EXPONENTS
     1   1.000000000000000       1   0 0  0 0  1 0  0 0  0
     2  0.9965903683439628E-01   1   0 0  0 0  0 1  0 0  0
     3  -.9965903683439625E-01   1   0 0  0 0  0 0  1 0  0
     4  -.1001604964491166       2   0 2  0 0  0 0  0 0  0
     5  -.1001604964491166       2   0 0  0 2  0 0  0 0  0
     6  -.7486929321459641E-01   2   0 0  0 0  0 2  0 0  0
     7  0.5007954959479657E-01   2   0 0  0 0  0 1  1 0  0
     8  0.2478974361979984E-01   2   0 0  0 0  0 0  2 0  0
     9  0.1501575410480606       3   0 2  0 0  0 1  0 0  0
    10  0.1501575410480606       3   0 0  0 2  0 1  0 0  0
    11  0.5016345185017253E-01   3   0 2  0 0  0 0  1 0  0
    12  0.5016345185017253E-01   3   0 0  0 2  0 0  1 0  0
    13  0.6241208785883624E-01   3   0 0  0 0  0 3  0 0  0
    14  -.3749767714731591E-01   3   0 0  0 0  0 2  1 0  0
    15  -.1258187244748062E-01   3   0 0  0 0  0 1  2 0  0
    16  -.1233253826403968E-01   3   0 0  0 0  0 0  3 0  0
    17  -.7512037233683744E-01   4   0 4  0 0  0 0  0 0  0
    18  -.1502407446736749       4   0 2  0 2  0 0  0 0  0
    19  -.7512037233683744E-01   4   0 0  0 4  0 0  0 0  0
    20  -.1876758115817288       4   0 2  0 0  0 2  0 0  0
    21  -.1876758115817288       4   0 0  0 2  0 2  0 0  0
    22  -.7512099998072422E-01   4   0 2  0 0  0 1  1 0  0
    23  -.7512099998072422E-01   4   0 0  0 2  0 1  1 0  0
    24  -.3768467778489669E-01   4   0 2  0 0  0 0  2 0  0
    25  -.3768467778489669E-01   4   0 0  0 2  0 0  2 0  0
    26  -.5461843416793016E-01   4   0 0  0 0  0 4  0 0  0
    27  0.3123747309521186E-01   4   0 0  0 0  0 3  1 0  0
    28  0.9390306078156014E-02   4   0 0  0 0  0 2  2 0  0
    29  0.6321668395376594E-02   4   0 0  0 0  0 1  3 0  0
    30  0.7668986599185600E-02   4   0 0  0 0  0 0  4 0  0
    ------------------------------------------------------
     I  COEFFICIENT            ORDER EXPONENTS
     1   1.000000000000000       1   0 0  0 0  0 1  0 0  0
     -----------------------------------------------------
     I  COEFFICIENT            ORDER EXPONENTS
     1   1.000000000000000       1   0 0  0 0  0 0  1 0  0
     -----------------------------------------------------
     I  COEFFICIENT            ORDER EXPONENTS
     1   1.000000000000000       1   0 0  0 0  0 0  0 1  0
     -----------------------------------------------------
