     I  COEFFICIENT            ORDER EXPONENTS
     1  0.4544030147626627E-04   0   0 0  0 0  0 0  0 0  0
     2   1.015753303082498       1   1 0  0 0  0 0  0 0  0
     3  0.2606106034675937       1   0 1  0 0  0 0  0 0  0
     4  0.1263990664249166E-05   1   0 0  1 0  0 0  0 0  0
     5  0.4969457477930137E-07   1   0 0  0 1  0 0  0 0  0
     6  -.2581293478117869E-06   1   0 0  0 0  0 1  0 0  0
     7  -.2572673070199903E-06   1   0 0  0 0  0 0  1 0  0
     8  0.5153966547931544E-06   1   0 0  0 0  0 0  0 1  0
     9  -.1052459062713459E-04   2   2 0  0 0  0 0  0 0  0
    10  0.6092071562177311E-05   2   1 1  0 0  0 0  0 0  0
    11  0.1349519230103244E-05   2   0 2  0 0  0 0  0 0  0
    12  -.1415534796867198E-05   2   1 0  1 0  0 0  0 0  0
    13  -.1177455369596438E-05   2   0 1  1 0  0 0  0 0  0
    14  0.1068506646437698E-04   2   0 0  2 0  0 0  0 0  0
    15  0.8365316090348078E-09   2   1 0  0 1  0 0  0 0  0
    16  0.5785561107113543E-08   2   0 1  0 1  0 0  0 0  0
    17  -.1269384413009582E-07   2   0 0  1 1  0 0  0 0  0
    18  0.7144264080548972E-06   2   0 0  0 2  0 0  0 0  0
    19  -.7904181323148136E-02   2   1 0  0 0  0 1  0 0  0
    20  -.1308278054346546       2   0 1  0 0  0 1  0 0  0
    21  -.6321446279425789E-06   2   0 0  1 0  0 1  0 0  0
    22  -.4954219096099113E-07   2   0 0  0 1  0 1  0 0  0
    23  -.7877784763499729E-02   2   1 0  0 0  0 0  1 0  0
    24  -.1303908969391828       2   0 1  0 0  0 0  1 0  0
    25  -.6300335372811022E-06   2   0 0  1 0  0 0  1 0  0
    26  -.4937674139128191E-07   2   0 0  0 1  0 0  1 0  0
    27  0.1578196608664809E-01   2   1 0  0 0  0 0  0 1  0
    28  0.6080989062433707E-03   2   0 1  0 0  0 0  0 1  0
    29  0.1262178165115202E-05   2   0 0  1 0  0 0  0 1  0
    30  0.4922435757295452E-07   2   0 0  0 1  0 0  0 1  0
    31  0.1935660317617074E-06   2   0 0  0 0  0 2  0 0  0
    32  0.1294321425094074E-06   2   0 0  0 0  0 1  1 0  0
    33  0.1927034808747217E-06   2   0 0  0 0  0 0  2 0  0
    34  -.2584391450255379E-06   2   0 0  0 0  0 1  0 1  0
    35  -.2575760696445158E-06   2   0 0  0 0  0 0  1 1  0
    36  0.3093547291504890E-09   2   0 0  0 0  0 0  0 2  0
    37  -.8757813419982422E-03   3   3 0  0 0  0 0  0 0  0
    38  0.6325111718385322E-01   3   2 1  0 0  0 0  0 0  0
    39  0.3198779448567270E-01   3   1 2  0 0  0 0  0 0  0
    40  0.1326725514777182       3   0 3  0 0  0 0  0 0  0
    41  -.9750006727780113E-06   3   2 0  1 0  0 0  0 0  0
    42  0.1864064206274006E-06   3   1 1  1 0  0 0  0 0  0
    43  0.1912147816221528E-05   3   0 2  1 0  0 0  0 0  0
    44  0.7209955026604640E-02   3   1 0  2 0  0 0  0 0  0
    45  0.6075473815126630E-01   3   0 1  2 0  0 0  0 0  0
    46  0.3302495543831448E-06   3   0 0  3 0  0 0  0 0  0
    47  0.4948847905750529E-05   3   2 0  0 1  0 0  0 0  0
    48  0.1297752685723900E-05   3   1 1  0 1  0 0  0 0  0
    49  0.2375516287189382E-06   3   0 2  0 1  0 0  0 0  0
    50  0.1534497725188570E-03   3   1 0  1 1  0 0  0 0  0
    51  -.9602268661588075E-04   3   0 1  1 1  0 0  0 0  0
    52  0.4765210440651796E-05   3   0 0  2 1  0 0  0 0  0
    53  0.1591087393184981E-01   3   1 0  0 2  0 0  0 0  0
    54  0.1320458948683866       3   0 1  0 2  0 0  0 0  0
    55  0.1876207310485691E-05   3   0 0  1 2  0 0  0 0  0
    56  0.1876872133415381E-06   3   0 0  0 3  0 0  0 0  0
    57  0.5135618982745692E-05   3   2 0  0 0  0 1  0 0  0
    58  -.6248464577521676E-05   3   1 1  0 0  0 1  0 0  0
    59  -.2039265790283516E-05   3   0 2  0 0  0 1  0 0  0
    60  0.6928765991701450E-06   3   1 0  1 0  0 1  0 0  0
    61  0.1172526278343475E-05   3   0 1  1 0  0 1  0 0  0
    62  -.5303802242609174E-05   3   0 0  2 0  0 1  0 0  0
    63  -.7077064437325037E-08   3   1 0  0 1  0 1  0 0  0
    64  -.1096616410740374E-07   3   0 1  0 1  0 1  0 0  0
    65  0.4896953657702576E-07   3   0 0  1 1  0 1  0 0  0
    66  -.1074336072183642E-05   3   0 0  0 2  0 1  0 0  0
    67  0.5118468228319947E-05   3   2 0  0 0  0 0  1 0  0
    68  -.6227597398343032E-05   3   1 1  0 0  0 0  1 0  0
    69  -.2032455521278554E-05   3   0 2  0 0  0 0  1 0  0
    70  0.6905626898946253E-06   3   1 0  1 0  0 0  1 0  0
    71  0.1168610545824154E-05   3   0 1  1 0  0 0  1 0  0
    72  -.5286089828566918E-05   3   0 0  2 0  0 0  1 0  0
    73  -.7053430091660881E-08   3   1 0  0 1  0 0  1 0  0
    74  -.1092954184469512E-07   3   0 1  0 1  0 0  1 0  0
    75  0.4880599942621645E-07   3   0 0  1 1  0 0  1 0  0
    76  -.1070748252642063E-05   3   0 0  0 2  0 0  1 0  0
    77  -.1025408721106572E-04   3   2 0  0 0  0 0  0 1  0
    78  0.6383990413957960E-05   3   1 1  0 0  0 0  0 1  0
    79  0.1372682851355881E-05   3   0 2  0 0  0 0  0 1  0
    80  -.1383439289064770E-05   3   1 0  1 0  0 0  0 1  0
    81  -.1163681454571172E-05   3   0 1  1 0  0 0  0 1  0
    82  0.1058989207133331E-04   3   0 0  2 0  0 0  0 1  0
    83  0.1329396291993815E-07   3   1 0  0 1  0 0  0 1  0
    84  0.1032458373785983E-07   3   0 1  0 1  0 0  0 1  0
    85  -.8508169187320532E-07   3   0 0  1 1  0 0  0 1  0
    86  0.7162315087158124E-06   3   0 0  0 2  0 0  0 1  0
    87  0.5932031231609340E-02   3   1 0  0 0  0 2  0 0  0
    88  0.9821839359937794E-01   3   0 1  0 0  0 2  0 0  0
    89  0.4740764618954653E-06   3   0 0  1 0  0 2  0 0  0
    90  0.4855968978557694E-07   3   0 0  0 1  0 2  0 0  0
    91  0.3972967269584783E-02   3   1 0  0 0  0 1  1 0  0
    92  0.6582534380546985E-01   3   0 1  0 0  0 1  1 0  0
    93  0.3168257159286804E-06   3   0 0  1 0  0 1  1 0  0
    94  0.4831367494308254E-07   3   0 0  0 1  0 1  1 0  0
    95  0.5905586804102871E-02   3   1 0  0 0  0 0  2 0  0
    96  0.9778047234595776E-01   3   0 1  0 0  0 0  2 0  0
    97  0.4719642201754235E-06   3   0 0  1 0  0 0  2 0  0
    98  0.4831684791863248E-07   3   0 0  0 1  0 0  2 0  0
    99  -.7932853921321776E-02   3   1 0  0 0  0 1  0 1  0
   100  -.6065935293446197E-03   3   0 1  0 0  0 1  0 1  0
   101  -.6323695634867040E-06   3   0 0  1 0  0 1  0 1  0
   102  -.4927639025409761E-07   3   0 0  0 1  0 1  0 1  0
   103  -.7906361607550611E-02   3   1 0  0 0  0 0  1 1  0
   104  -.6045677683423182E-03   3   0 1  0 0  0 0  1 1  0
   105  -.6302577216374313E-06   3   0 0  1 0  0 0  1 1  0
   106  -.4911182834421401E-07   3   0 0  0 1  0 0  1 1  0
   107  0.2862678499046135E-04   3   1 0  0 0  0 0  0 2  0
   108  -.2517283014646578E-05   3   0 1  0 0  0 0  0 2  0
   109  -.7878535348488469E-11   3   0 0  1 0  0 0  0 2  0
   110  -.1109205480553430E-11   3   0 0  0 1  0 0  0 2  0
   111  -.1613398945963659E-06   3   0 0  0 0  0 3  0 0  0
   112  -.9699471201038284E-07   3   0 0  0 0  0 2  1 0  0
   113  -.9731434077831039E-07   3   0 0  0 0  0 1  2 0  0
   114  -.1603702696813945E-06   3   0 0  0 0  0 0  3 0  0
   115  0.1938759657546018E-06   3   0 0  0 0  0 2  0 1  0
   116  0.1297411306642139E-06   3   0 0  0 0  0 1  1 1  0
   117  0.1930118638787917E-06   3   0 0  0 0  0 0  2 1  0
   118  -.3073018333617080E-09   3   0 0  0 0  0 1  0 2  0
   119  -.3062755776566105E-09   3   0 0  0 0  0 0  1 2  0
   120  -.1710696080622568E-11   3   0 0  0 0  0 0  0 3  0
   121  0.6269286990962501E-05   4   4 0  0 0  0 0  0 0  0
   122  -.8576462249258345E-06   4   3 1  0 0  0 0  0 0  0
   123  -.1745715268329955E-04   4   2 2  0 0  0 0  0 0  0
   124  -.1819070681667114E-04   4   1 3  0 0  0 0  0 0  0
   125  -.8688632716944771E-04   4   0 4  0 0  0 0  0 0  0
   126  0.3594752239770436E-06   4   3 0  1 0  0 0  0 0  0
   127  -.1536266405559398E-06   4   2 1  1 0  0 0  0 0  0
   128  0.5410920702734502E-07   4   1 2  1 0  0 0  0 0  0
   129  0.4151574870401785E-06   4   0 3  1 0  0 0  0 0  0
   130  -.5199367131709961E-05   4   2 0  2 0  0 0  0 0  0
   131  -.5148210087996011E-05   4   1 1  2 0  0 0  0 0  0
   132  -.1656743957956031E-04   4   0 2  2 0  0 0  0 0  0
   133  -.2958204440139853E-06   4   1 0  3 0  0 0  0 0  0
   134  -.6406297301825955E-07   4   0 1  3 0  0 0  0 0  0
   135  -.2640581385756078E-10   4   0 0  4 0  0 0  0 0  0
   136  0.1733593217043206E-06   4   3 0  0 1  0 0  0 0  0
   137  0.6287894142688577E-06   4   2 1  0 1  0 0  0 0  0
   138  -.6677032869015901E-06   4   1 2  0 1  0 0  0 0  0
   139  -.4168672664200414E-05   4   0 3  0 1  0 0  0 0  0
   140  0.5056276739385326E-05   4   2 0  1 1  0 0  0 0  0
   141  0.4276526799811647E-04   4   1 1  1 1  0 0  0 0  0
   142  0.5441087979440013E-05   4   0 2  1 1  0 0  0 0  0
   143  0.2976337163288272E-06   4   1 0  2 1  0 0  0 0  0
   144  0.3089342540806252E-05   4   0 1  2 1  0 0  0 0  0
   145  0.1117636410305181E-10   4   0 0  3 1  0 0  0 0  0
   146  -.2702978445051455E-04   4   2 0  0 2  0 0  0 0  0
   147  -.1521033057017544E-04   4   1 1  0 2  0 0  0 0  0
   148  -.1030986850739496E-03   4   0 2  0 2  0 0  0 0  0
   149  -.1168476751526011E-05   4   1 0  1 2  0 0  0 0  0
   150  0.9005194421831194E-06   4   0 1  1 2  0 0  0 0  0
   151  -.5248802580220143E-05   4   0 0  2 2  0 0  0 0  0
   152  -.6583391311304097E-06   4   1 0  0 3  0 0  0 0  0
   153  -.4119096576466526E-05   4   0 1  0 3  0 0  0 0  0
   154  0.8264296402442847E-08   4   0 0  1 3  0 0  0 0  0
   155  -.1703674095993008E-04   4   0 0  0 4  0 0  0 0  0
   156  -.6264090225518400E-03   4   3 0  0 0  0 1  0 0  0
   157  -.6507676971008719E-01   4   2 1  0 0  0 1  0 0  0
   158  -.4837310999512012E-01   4   1 2  0 0  0 1  0 0  0
   159  -.2006893031625452       4   0 3  0 0  0 1  0 0  0
   160  0.2714676607892278E-06   4   2 0  1 0  0 1  0 0  0
   161  -.3802449163145437E-06   4   1 1  1 0  0 1  0 0  0
   162  -.2888512109647869E-05   4   0 2  1 0  0 1  0 0  0
   163  -.2869953249971439E-02   4   1 0  2 0  0 1  0 0  0
   164  -.6069198546498044E-01   4   0 1  2 0  0 1  0 0  0
   165  -.9987018492393916E-07   4   0 0  3 0  0 1  0 0  0
   166  -.5054601732822247E-05   4   2 0  0 1  0 1  0 0  0
   167  -.1980889154246205E-05   4   1 1  0 1  0 1  0 0  0
   168  -.4783269020335354E-06   4   0 2  0 1  0 1  0 0  0
   169  0.3867059891347842E-03   4   1 0  1 1  0 1  0 0  0
   170  0.2727874443188554E-03   4   0 1  1 1  0 1  0 0  0
   171  -.4679478165883798E-05   4   0 0  2 1  0 1  0 0  0
   172  -.2395899500365352E-01   4   1 0  0 2  0 1  0 0  0
   173  -.1994214560909943       4   0 1  0 2  0 1  0 0  0
   174  -.2803794421987276E-05   4   0 0  1 2  0 1  0 0  0
   175  -.3757416489889346E-06   4   0 0  0 3  0 1  0 0  0
   176  -.6243170863408691E-03   4   3 0  0 0  0 0  1 0  0
   177  -.6485944134132222E-01   4   2 1  0 0  0 0  1 0  0
   178  -.4821156465207184E-01   4   1 2  0 0  0 0  1 0  0
   179  -.2000190873685034       4   0 3  0 0  0 0  1 0  0
   180  0.2705610757796355E-06   4   2 0  1 0  0 0  1 0  0
   181  -.3789750621444379E-06   4   1 1  1 0  0 0  1 0  0
   182  -.2878865723883139E-05   4   0 2  1 0  0 0  1 0  0
   183  -.2860368842800890E-02   4   1 0  2 0  0 0  1 0  0
   184  -.6048930038615785E-01   4   0 1  2 0  0 0  1 0  0
   185  -.9953666154110372E-07   4   0 0  3 0  0 0  1 0  0
   186  -.5037721541100307E-05   4   2 0  0 1  0 0  1 0  0
   187  -.1974273838051022E-05   4   1 1  0 1  0 0  1 0  0
   188  -.4767294962952921E-06   4   0 2  0 1  0 0  1 0  0
   189  0.3854145577655322E-03   4   1 0  1 1  0 0  1 0  0
   190  0.2718764518010935E-03   4   0 1  1 1  0 0  1 0  0
   191  -.4663850725231887E-05   4   0 0  2 1  0 0  1 0  0
   192  -.2387898228445131E-01   4   1 0  0 2  0 0  1 0  0
   193  -.1987554743598476       4   0 1  0 2  0 0  1 0  0
   194  -.2794430956793811E-05   4   0 0  1 2  0 0  1 0  0
   195  -.3744868337912316E-06   4   0 0  0 3  0 0  1 0  0
   196  0.1250726108892744E-02   4   3 0  0 0  0 0  0 1  0
   197  0.6668509386755610E-01   4   2 1  0 0  0 0  0 1  0
   198  0.3260908567584658E-01   4   1 2  0 0  0 0  0 1  0
   199  0.2690736097894601E-02   4   0 3  0 0  0 0  0 1  0
   200  -.5420287365827161E-06   4   2 0  1 0  0 0  0 1  0
   201  0.5728135577160735E-06   4   1 1  1 0  0 0  0 1  0
   202  0.1943082201087958E-05   4   0 2  1 0  0 0  0 1  0
   203  0.5730322092772313E-02   4   1 0  2 0  0 0  0 1  0
   204  0.6042654769987202E-01   4   0 1  2 0  0 0  0 1  0
   205  0.1994068464650408E-06   4   0 0  3 0  0 0  0 1  0
   206  0.5143475368168375E-05   4   2 0  0 1  0 0  0 1  0
   207  0.1359657620819108E-05   4   1 1  0 1  0 0  0 1  0
   208  0.2424015121721146E-06   4   0 2  0 1  0 0  0 1  0
   209  -.9255703194190432E-03   4   1 0  1 1  0 0  0 1  0
   210  -.3526185228885482E-03   4   0 1  1 1  0 0  0 1  0
   211  0.4578118450463902E-05   4   0 0  2 1  0 0  0 1  0
   212  0.1601622942440473E-01   4   1 0  0 2  0 0  0 1  0
   213  0.2039245845681795E-02   4   0 1  0 2  0 0  0 1  0
   214  0.1845810757809675E-05   4   0 0  1 2  0 0  0 1  0
   215  0.1871668427555145E-06   4   0 0  0 3  0 0  0 1  0
   216  -.1532861894059098E-04   4   2 0  0 0  0 2  0 0  0
   217  -.1810335323020743E-04   4   1 1  0 0  0 2  0 0  0
   218  -.1298023949029718E-03   4   0 2  0 0  0 2  0 0  0
   219  -.4639231685638482E-06   4   1 0  1 0  0 2  0 0  0
   220  0.1669503955894049E-06   4   0 1  1 0  0 2  0 0  0
   221  -.6560071118977659E-05   4   0 0  2 0  0 2  0 0  0
   222  -.6262174622860005E-06   4   1 0  0 1  0 2  0 0  0
   223  -.5233937370828557E-05   4   0 1  0 1  0 2  0 0  0
   224  0.2561389343263116E-07   4   0 0  1 1  0 2  0 0  0
   225  -.4269894917303396E-04   4   0 0  0 2  0 2  0 0  0
   226  -.1423540849413055E-04   4   2 0  0 0  0 1  1 0  0
   227  -.2232600523764701E-04   4   1 1  0 0  0 1  1 0  0
   228  -.1561779654851880E-03   4   0 2  0 0  0 1  1 0  0
   229  -.3031745807300513E-06   4   1 0  1 0  0 1  1 0  0
   230  0.1694625926588129E-06   4   0 1  1 0  0 1  1 0  0
   231  -.7853698507871643E-05   4   0 0  2 0  0 1  1 0  0
   232  -.7520057708060320E-06   4   1 0  0 1  0 1  1 0  0
   233  -.6291789322108275E-05   4   0 1  0 1  0 1  1 0  0
   234  0.4284749267152345E-07   4   0 0  1 1  0 1  1 0  0
   235  -.5133331161639183E-04   4   0 0  0 2  0 1  1 0  0
   236  -.1525365789343273E-04   4   2 0  0 0  0 0  2 0  0
   237  -.1800561621276323E-04   4   1 1  0 0  0 0  2 0  0
   238  -.1291081272835849E-03   4   0 2  0 0  0 0  2 0  0
   239  -.4618676288590870E-06   4   1 0  1 0  0 0  2 0  0
   240  0.1661098871896947E-06   4   0 1  1 0  0 0  2 0  0
   241  -.6525049323824546E-05   4   0 0  2 0  0 0  2 0  0
   242  -.6228704781889608E-06   4   1 0  0 1  0 0  2 0  0
   243  -.5205952342774367E-05   4   0 1  0 1  0 0  2 0  0
   244  0.2545680798468527E-07   4   0 0  1 1  0 0  2 0  0
   245  -.4247063751164715E-04   4   0 0  0 2  0 0  2 0  0
   246  0.1721913767805105E-04   4   2 0  0 0  0 1  0 1  0
   247  0.1411183645399477E-04   4   1 1  0 0  0 1  0 1  0
   248  0.2007922372066182E-05   4   0 2  0 0  0 1  0 1  0
   249  0.6092591733931887E-06   4   1 0  1 0  0 1  0 1  0
   250  -.1726658144905717E-06   4   0 1  1 0  0 1  0 1  0
   251  0.5229282707634864E-05   4   0 0  2 0  0 1  0 1  0
   252  0.5031466992260021E-06   4   1 0  0 1  0 1  0 1  0
   253  0.7604758058604110E-07   4   0 1  0 1  0 1  0 1  0
   254  -.3047043092371972E-07   4   0 0  1 1  0 1  0 1  0
   255  0.2551993194949061E-06   4   0 0  0 2  0 1  0 1  0
   256  0.1716163317806156E-04   4   2 0  0 0  0 0  1 1  0
   257  0.1406470900113429E-04   4   1 1  0 0  0 0  1 1  0
   258  0.2001216776572253E-05   4   0 2  0 0  0 0  1 1  0
   259  0.6072245102883897E-06   4   1 0  1 0  0 0  1 1  0
   260  -.1720891850731634E-06   4   0 1  1 0  0 0  1 1  0
   261  0.5211819156728387E-05   4   0 0  2 0  0 0  1 1  0
   262  0.5014664060602629E-06   4   1 0  0 1  0 0  1 1  0
   263  0.7579361443635523E-07   4   0 1  0 1  0 0  1 1  0
   264  -.3036867281437104E-07   4   0 0  1 1  0 0  1 1  0
   265  0.2543470637350902E-06   4   0 0  0 2  0 0  1 1  0
   266  -.4921472064017549E-06   4   2 0  0 0  0 0  0 2  0
   267  -.1012230967838863E-06   4   1 1  0 0  0 0  0 2  0
   268  -.2288016408994887E-08   4   0 2  0 0  0 0  0 2  0
   269  0.1084255905667820E-07   4   1 0  1 0  0 0  0 2  0
   270  0.2284021097116302E-08   4   0 1  1 0  0 0  0 2  0
   271  0.1556404636658846E-11   4   0 0  2 0  0 0  0 2  0
   272  -.1635320157477674E-08   4   1 0  0 1  0 0  0 2  0
   273  0.5065791691718112E-10   4   0 1  0 1  0 0  0 2  0
   274  0.2728077180230468E-12   4   0 0  1 1  0 0  0 2  0
   275  0.2174851655765856E-09   4   0 0  0 2  0 0  0 2  0
   276  -.4947581917162170E-02   4   1 0  0 0  0 3  0 0  0
   277  -.8194030838201406E-01   4   0 1  0 0  0 3  0 0  0
   278  -.3949401372089102E-06   4   0 0  1 0  0 3  0 0  0
   279  -.4928829409551926E-07   4   0 0  0 1  0 3  0 0  0
   280  -.2982002037806979E-02   4   1 0  0 0  0 2  1 0  0
   281  -.4943902636712996E-01   4   0 1  0 0  0 2  1 0  0
   282  -.2370504055688371E-06   4   0 0  1 0  0 2  1 0  0
   283  -.5001254990599199E-07   4   0 0  0 1  0 2  1 0  0
   284  -.2991765554021451E-02   4   1 0  0 0  0 1  2 0  0
   285  -.4960046599627027E-01   4   0 1  0 0  0 1  2 0  0
   286  -.2378347241812085E-06   4   0 0  1 0  0 1  2 0  0
   287  -.5000809730456805E-07   4   0 0  0 1  0 1  2 0  0
   288  -.4917835149619153E-02   4   1 0  0 0  0 0  3 0  0
   289  -.8144756509364419E-01   4   0 1  0 0  0 0  3 0  0
   290  -.3925672486215121E-06   4   0 0  1 0  0 0  3 0  0
   291  -.4895816122308437E-07   4   0 0  0 1  0 0  3 0  0
   292  0.5960680392556577E-02   4   1 0  0 0  0 2  0 1  0
   293  0.6046979537735275E-03   4   0 1  0 0  0 2  0 1  0
   294  0.4739502957355190E-06   4   0 0  1 0  0 2  0 1  0
   295  0.4928637232704732E-07   4   0 0  0 1  0 2  0 1  0
   296  0.4001590810402834E-02   4   1 0  0 0  0 1  1 1  0
   297  0.6028082738449833E-03   4   0 1  0 0  0 1  1 1  0
   298  0.3165820796536312E-06   4   0 0  1 0  0 1  1 1  0
   299  0.4929573819363036E-07   4   0 0  0 1  0 1  1 1  0
   300  0.5934092494051624E-02   4   1 0  0 0  0 0  2 1  0
   301  0.6016719632368144E-03   4   0 1  0 0  0 0  2 1  0
   302  0.4718388821774162E-06   4   0 0  1 0  0 0  2 1  0
   303  0.4903946383563928E-07   4   0 0  0 1  0 0  2 1  0
   304  -.2862011086558102E-04   4   1 0  0 0  0 1  0 2  0
   305  0.3788906717640583E-05   4   0 1  0 0  0 1  0 2  0
   306  0.1219935890134622E-10   4   0 0  1 0  0 1  0 2  0
   307  0.2202654932654487E-11   4   0 0  0 1  0 1  0 2  0
   308  -.2852453202790127E-04   4   1 0  0 0  0 0  1 2  0
   309  0.3776253401872517E-05   4   0 1  0 0  0 0  1 2  0
   310  0.1215861829988239E-10   4   0 0  1 0  0 0  1 2  0
   311  0.2195299014321918E-11   4   0 0  0 1  0 0  1 2  0
   312  -.3630902925611008E-07   4   1 0  0 0  0 0  0 3  0
   313  -.4437025179265916E-08   4   0 1  0 0  0 0  0 3  0
   314  -.2866968656612938E-11   4   0 0  1 0  0 0  0 3  0
   315  -.3567791878936419E-12   4   0 0  0 1  0 0  0 3  0
   316  -.1237236233502031E-04   4   0 0  0 0  0 4  0 0  0
   317  -.7117462352082024E-05   4   0 0  0 0  0 3  1 0  0
   318  -.6421833993716664E-05   4   0 0  0 0  0 2  2 0  0
   319  -.7154567993615619E-05   4   0 0  0 0  0 1  3 0  0
   320  -.1227796783973570E-04   4   0 0  0 0  0 0  4 0  0
   321  0.7194365660280564E-07   4   0 0  0 0  0 3  0 1  0
   322  0.8464207942541133E-07   4   0 0  0 0  0 2  1 1  0
   323  0.8457726498346781E-07   4   0 0  0 0  0 1  2 1  0
   324  0.7144240468319141E-07   4   0 0  0 0  0 0  3 1  0
   325  0.3820719634116968E-09   4   0 0  0 0  0 2  0 2  0
   326  0.5452041740065049E-09   4   0 0  0 0  0 1  1 2  0
   327  0.3798856341873082E-09   4   0 0  0 0  0 0  2 2  0
   328  -.3839684542770852E-12   4   0 0  0 0  0 1  0 3  0
   329  -.3826861650946780E-12   4   0 0  0 0  0 0  1 3  0
   -------------------------------------------------------
     I  COEFFICIENT            ORDER EXPONENTS
     1  0.5890386557260303E-05   0   0 0  0 0  0 0  0 0  0
     2  0.1218474904257102       1   1 0  0 0  0 0  0 0  0
     3   1.015753278777174       1   0 1  0 0  0 0  0 0  0
     4  0.9711281209943183E-05   1   0 0  1 0  0 0  0 0  0
     5  0.1264516148177177E-05   1   0 0  0 1  0 0  0 0  0
     6  -.1387710762000850E-07   1   0 0  0 0  0 1  0 0  0
     7  -.1383076406032972E-07   1   0 0  0 0  0 0  1 0  0
     8  0.5918094428913325E-05   1   0 0  0 0  0 0  0 1  0
     9  -.4657883304521412E-05   2   2 0  0 0  0 0  0 0  0
    10  0.1938983521132193E-04   2   1 1  0 0  0 0  0 0  0
    11  -.3967363099143807E-06   2   0 2  0 0  0 0  0 0  0
    12  -.6164927222667492E-06   2   1 0  1 0  0 0  0 0  0
    13  0.1116116064966826E-05   2   0 1  1 0  0 0  0 0  0
    14  0.3219993753755884E-05   2   0 0  2 0  0 0  0 0  0
    15  0.1304471952380278E-05   2   1 0  0 1  0 0  0 0  0
    16  0.3345563426566566E-06   2   0 1  0 1  0 0  0 0  0
    17  -.2046618825618004E-04   2   0 0  1 1  0 0  0 0  0
    18  0.3026495660403097E-06   2   0 0  0 2  0 0  0 0  0
    19  -.4464281085421121E-03   2   1 0  0 0  0 1  0 0  0
    20  -.7904168830647488E-02   2   0 1  0 0  0 1  0 0  0
    21  -.1806346690788847E-09   2   0 0  1 0  0 1  0 0  0
    22  -.6324098945417980E-06   2   0 0  0 1  0 1  0 0  0
    23  -.4449372310288209E-03   2   1 0  0 0  0 0  1 0  0
    24  -.7877772312718698E-02   2   0 1  0 0  0 0  1 0  0
    25  -.1800314271223150E-09   2   0 0  1 0  0 0  1 0  0
    26  -.6302979180041866E-06   2   0 0  0 1  0 0  1 0  0
    27  0.1227388557652816       2   1 0  0 0  0 0  0 1  0
    28  0.1578194114336634E-01   2   0 1  0 0  0 0  0 1  0
    29  0.9711641876039403E-05   2   0 0  1 0  0 0  0 1  0
    30  0.1262707812545960E-05   2   0 0  0 1  0 0  0 1  0
    31  0.1052092819732219E-07   2   0 0  0 0  0 2  0 0  0
    32  0.7186956987148965E-08   2   0 0  0 0  0 1  1 0  0
    33  0.1047379207843626E-07   2   0 0  0 0  0 0  2 0  0
    34  -.2822870633495578E-07   2   0 0  0 0  0 1  0 1  0
    35  -.2813443461976206E-07   2   0 0  0 0  0 0  1 1  0
    36  0.2818151580818830E-07   2   0 0  0 0  0 0  0 2  0
    37  -.3652003264650917E-01   3   3 0  0 0  0 0  0 0  0
    38  -.1789489898778498E-01   3   2 1  0 0  0 0  0 0  0
    39  -.6400520846703732E-01   3   1 2  0 0  0 0  0 0  0
    40  -.2214073861889246E-03   3   0 3  0 0  0 0  0 0  0
    41  -.7721884801897598E-05   3   2 0  1 0  0 0  0 0  0
    42  -.2003428748837427E-05   3   1 1  1 0  0 0  0 0  0
    43  -.1964543713962085E-06   3   0 2  1 0  0 0  0 0  0
    44  0.2788164294144510E-01   3   1 0  2 0  0 0  0 0  0
    45  0.7231603707937025E-02   3   0 1  2 0  0 0  0 0  0
    46  0.2498515837731789E-05   3   0 0  3 0  0 0  0 0  0
    47  -.9991164352313998E-06   3   2 0  0 1  0 0  0 0  0
    48  -.1010519601153085E-04   3   1 1  0 1  0 0  0 0  0
    49  -.6740032686021840E-06   3   0 2  0 1  0 0  0 0  0
    50  -.2301469040192346E-03   3   1 0  1 1  0 0  0 0  0
    51  -.2240294655471088E-03   3   0 1  1 1  0 0  0 0  0
    52  0.9661792657204426E-06   3   0 0  2 1  0 0  0 0  0
    53  0.6208868631315087E-01   3   1 0  0 2  0 0  0 0  0
    54  0.1585907525818302E-01   3   0 1  0 2  0 0  0 0  0
    55  0.1927869768560533E-06   3   0 0  1 2  0 0  0 0  0
    56  0.6452434232619819E-06   3   0 0  0 3  0 0  0 0  0
    57  0.7368542811269188E-06   3   2 0  0 0  0 1  0 0  0
    58  -.9458410079759831E-05   3   1 1  0 0  0 1  0 0  0
    59  0.4375679000291817E-06   3   0 2  0 0  0 1  0 0  0
    60  -.3317621795349634E-06   3   1 0  1 0  0 1  0 0  0
    61  -.5597508350021659E-06   3   0 1  1 0  0 1  0 0  0
    62  0.1307971850379118E-09   3   0 0  2 0  0 1  0 0  0
    63  -.7502325806562254E-06   3   1 0  0 1  0 1  0 0  0
    64  -.3521499364236587E-06   3   0 1  0 1  0 1  0 0  0
    65  0.1054538364474321E-04   3   0 0  1 1  0 1  0 0  0
    66  -.2959297313541903E-06   3   0 0  0 2  0 1  0 0  0
    67  0.7343935053439934E-06   3   2 0  0 0  0 0  1 0  0
    68  -.9426823065793112E-05   3   1 1  0 0  0 0  1 0  0
    69  0.4361066117944103E-06   3   0 2  0 0  0 0  1 0  0
    70  -.3306542368141282E-06   3   1 0  1 0  0 0  1 0  0
    71  -.5578815084140700E-06   3   0 1  1 0  0 0  1 0  0
    72  0.1303603787955223E-09   3   0 0  2 0  0 0  1 0  0
    73  -.7477271271176474E-06   3   1 0  0 1  0 0  1 0  0
    74  -.3509739073800691E-06   3   0 1  0 1  0 0  1 0  0
    75  0.1051016660745455E-04   3   0 0  1 1  0 0  1 0  0
    76  -.2949414535699065E-06   3   0 0  0 2  0 0  1 0  0
    77  -.6129131090992343E-05   3   2 0  0 0  0 0  0 1  0
    78  0.1888523314555310E-04   3   1 1  0 0  0 0  0 1  0
    79  -.4769382019091879E-06   3   0 2  0 0  0 0  0 1  0
    80  0.4592369408233742E-07   3   1 0  1 0  0 0  0 1  0
    81  0.1117632343416258E-05   3   0 1  1 0  0 0  0 1  0
    82  0.3219732596192010E-05   3   0 0  2 0  0 0  0 1  0
    83  0.1497959707773924E-05   3   1 0  0 1  0 0  0 1  0
    84  0.3685675011470591E-06   3   0 1  0 1  0 0  0 1  0
    85  -.2105555025242855E-04   3   0 0  1 1  0 0  0 1  0
    86  0.2882216188837340E-06   3   0 0  0 2  0 0  0 1  0
    87  0.3352105195930323E-03   3   1 0  0 0  0 2  0 0  0
    88  0.5932024767681006E-02   3   0 1  0 0  0 2  0 0  0
    89  0.1892353059932062E-09   3   0 0  1 0  0 2  0 0  0
    90  0.4738939971224264E-06   3   0 0  0 1  0 2  0 0  0
    91  0.2247287283503637E-03   3   1 0  0 0  0 1  1 0  0
    92  0.3972964153371832E-02   3   0 1  0 0  0 1  1 0  0
    93  0.1915493034491178E-09   3   0 0  1 0  0 1  1 0  0
    94  0.3165549008811601E-06   3   0 0  0 1  0 1  1 0  0
    95  0.3337158123445949E-03   3   1 0  0 0  0 0  2 0  0
    96  0.5905580366964533E-02   3   0 1  0 0  0 0  2 0  0
    97  0.1882834960006057E-09   3   0 0  1 0  0 0  2 0  0
    98  0.4717828168936491E-06   3   0 0  0 1  0 0  2 0  0
    99  -.8951457741391540E-03   3   1 0  0 0  0 1  0 1  0
   100  -.7932843584556509E-02   3   0 1  0 0  0 1  0 1  0
   101  -.5491341739628427E-09   3   0 0  1 0  0 1  0 1  0
   102  -.6322681373336586E-06   3   0 0  0 1  0 1  0 1  0
   103  -.8921563729785627E-03   3   1 0  0 0  0 0  1 1  0
   104  -.7906351305305741E-02   3   0 1  0 0  0 0  1 1  0
   105  -.5473003024472764E-09   3   0 0  1 0  0 0  1 1  0
   106  -.6301566342040339E-06   3   0 0  0 1  0 0  1 1  0
   107  0.8936489909503148E-03   3   1 0  0 0  0 0  0 2  0
   108  0.2862623119668948E-04   3   0 1  0 0  0 0  0 2  0
   109  0.5277775718785377E-09   3   0 0  1 0  0 0  0 2  0
   110  -.1324951445299657E-10   3   0 0  0 1  0 0  0 2  0
   111  -.8792703353689042E-08   3   0 0  0 0  0 3  0 0  0
   112  -.5342487233387347E-08   3   0 0  0 0  0 2  1 0  0
   113  -.5359623338675748E-08   3   0 0  0 0  0 1  2 0  0
   114  -.8739766663087185E-08   3   0 0  0 0  0 0  3 0  0
   115  0.2119977734802138E-07   3   0 0  0 0  0 2  0 1  0
   116  0.1421748055221125E-07   3   0 0  0 0  0 1  1 1  0
   117  0.2110523901252557E-07   3   0 0  0 0  0 0  2 1  0
   118  -.1419421937927854E-07   3   0 0  0 0  0 1  0 2  0
   119  -.1414681680294766E-07   3   0 0  0 0  0 0  1 2  0
   120  0.5317345800495128E-10   3   0 0  0 0  0 0  0 3  0
   121  -.7641203401438168E-06   4   4 0  0 0  0 0  0 0  0
   122  -.2555822711843602E-04   4   3 1  0 0  0 0  0 0  0
   123  -.7141183211291310E-05   4   2 2  0 0  0 0  0 0  0
   124  0.1032097730844799E-04   4   1 3  0 0  0 0  0 0  0
   125  0.1071710048748738E-05   4   0 4  0 0  0 0  0 0  0
   126  -.1255370973651698E-09   4   3 0  1 0  0 0  0 0  0
   127  -.1151367312606087E-05   4   2 1  1 0  0 0  0 0  0
   128  -.3741065821571146E-06   4   1 2  1 0  0 0  0 0  0
   129  -.3025680207601193E-07   4   0 3  1 0  0 0  0 0  0
   130  0.3537204281188055E-07   4   2 0  2 0  0 0  0 0  0
   131  0.1001993793402449E-04   4   1 1  2 0  0 0  0 0  0
   132  0.2508782430707773E-05   4   0 2  2 0  0 0  0 0  0
   133  -.1123522863015595E-09   4   1 0  3 0  0 0  0 0  0
   134  0.2924110111250911E-06   4   0 1  3 0  0 0  0 0  0
   135  0.7173727408790966E-06   4   0 0  4 0  0 0  0 0  0
   136  -.1772584481522019E-08   4   3 0  0 1  0 0  0 0  0
   137  -.1041893809000100E-08   4   2 1  0 1  0 0  0 0  0
   138  -.6512008029666049E-06   4   1 2  0 1  0 0  0 0  0
   139  -.1657510532161530E-06   4   0 3  0 1  0 0  0 0  0
   140  0.1392669365123629E-04   4   2 0  1 1  0 0  0 0  0
   141  -.1302249710726718E-06   4   1 1  1 1  0 0  0 0  0
   142  -.2024719116694403E-04   4   0 2  1 1  0 0  0 0  0
   143  0.5864791955182598E-06   4   1 0  2 1  0 0  0 0  0
   144  0.1493786478121286E-06   4   0 1  2 1  0 0  0 0  0
   145  -.5636997112852908E-05   4   0 0  3 1  0 0  0 0  0
   146  0.4663130102650434E-05   4   2 0  0 2  0 0  0 0  0
   147  0.5382988842050662E-04   4   1 1  0 2  0 0  0 0  0
   148  -.1877650650669154E-05   4   0 2  0 2  0 0  0 0  0
   149  -.3659207110909719E-09   4   1 0  1 2  0 0  0 0  0
   150  0.1286304226944440E-05   4   0 1  1 2  0 0  0 0  0
   151  -.2900298020620412E-05   4   0 0  2 2  0 0  0 0  0
   152  -.6475731804765528E-06   4   1 0  0 3  0 0  0 0  0
   153  -.1657314467440075E-06   4   0 1  0 3  0 0  0 0  0
   154  -.1637465962474282E-06   4   0 0  1 3  0 0  0 0  0
   155  -.3071808228021338E-05   4   0 0  0 4  0 0  0 0  0
   156  0.7372368604780050E-02   4   3 0  0 0  0 1  0 0  0
   157  0.1367103997859843E-01   4   2 1  0 0  0 1  0 0  0
   158  0.6506652107305129E-01   4   1 2  0 0  0 1  0 0  0
   159  0.3856777584271852E-03   4   0 3  0 0  0 1  0 0  0
   160  -.1470847748815256E-05   4   2 0  1 0  0 1  0 0  0
   161  0.6225816819432410E-06   4   1 1  1 0  0 1  0 0  0
   162  0.1638201246739411E-06   4   0 2  1 0  0 1  0 0  0
   163  0.1929112474476872E-01   4   1 0  2 0  0 1  0 0  0
   164  -.2966463722182801E-02   4   0 1  2 0  0 1  0 0  0
   165  0.5407750252397003E-06   4   0 0  3 0  0 1  0 0  0
   166  0.3011143924735205E-06   4   2 0  0 1  0 1  0 0  0
   167  0.1005524535814851E-04   4   1 1  0 1  0 1  0 0  0
   168  0.1006165160537436E-05   4   0 2  0 1  0 1  0 0  0
   169  0.8972004913156653E-02   4   1 0  1 1  0 1  0 0  0
   170  0.1977107717971646E-02   4   0 1  1 1  0 1  0 0  0
   171  -.2665743666900705E-06   4   0 0  2 1  0 1  0 0  0
   172  -.6216716205059122E-01   4   1 0  0 2  0 1  0 0  0
   173  -.2372107223877525E-01   4   0 1  0 2  0 1  0 0  0
   174  -.1567379527220322E-06   4   0 0  1 2  0 1  0 0  0
   175  -.9671871925556209E-06   4   0 0  0 3  0 1  0 0  0
   176  0.7347748070448838E-02   4   3 0  0 0  0 0  1 0  0
   177  0.1362538459602337E-01   4   2 1  0 0  0 0  1 0  0
   178  0.6484922693031778E-01   4   1 2  0 0  0 0  1 0  0
   179  0.3843897609056473E-03   4   0 3  0 0  0 0  1 0  0
   180  -.1465935751133511E-05   4   2 0  1 0  0 0  1 0  0
   181  0.6205025274006910E-06   4   1 1  1 0  0 0  1 0  0
   182  0.1632730360488224E-06   4   0 2  1 0  0 0  1 0  0
   183  0.1922670070081113E-01   4   1 0  2 0  0 0  1 0  0
   184  -.2956557011622154E-02   4   0 1  2 0  0 0  1 0  0
   185  0.5389690696794037E-06   4   0 0  3 0  0 0  1 0  0
   186  0.3001088001551250E-06   4   2 0  0 1  0 0  1 0  0
   187  0.1002166517153265E-04   4   1 1  0 1  0 0  1 0  0
   188  0.1002805002465367E-05   4   0 2  0 1  0 0  1 0  0
   189  0.8942042282850088E-02   4   1 0  1 1  0 0  1 0  0
   190  0.1970505030144886E-02   4   0 1  1 1  0 0  1 0  0
   191  -.2656841231742473E-06   4   0 0  2 1  0 0  1 0  0
   192  -.6195955051763691E-01   4   1 0  0 2  0 0  1 0  0
   193  -.2364185407908591E-01   4   0 1  0 2  0 0  1 0  0
   194  -.1562145154994290E-06   4   0 0  1 2  0 0  1 0  0
   195  -.9639572041007230E-06   4   0 0  0 3  0 0  1 0  0
   196  -.5124014932173812E-01   4   3 0  0 0  0 0  0 1  0
   197  -.2729642457462195E-01   4   2 1  0 0  0 0  0 1  0
   198  -.6591053953633155E-01   4   1 2  0 0  0 0  0 1  0
   199  -.3272527469551291E-03   4   0 3  0 0  0 0  0 1  0
   200  -.4785101301948831E-05   4   2 0  1 0  0 0  0 1  0
   201  -.1243084209343942E-05   4   1 1  1 0  0 0  0 1  0
   202  -.1306387893265275E-06   4   0 2  1 0  0 0  0 1  0
   203  -.1063618250413484E-01   4   1 0  2 0  0 0  0 1  0
   204  0.5923020733804721E-02   4   0 1  2 0  0 0  0 1  0
   205  0.1418771742812681E-05   4   0 0  3 0  0 0  0 1  0
   206  -.6012231926286563E-06   4   2 0  0 1  0 0  0 1  0
   207  -.9971714518150293E-05   4   1 1  0 1  0 0  0 1  0
   208  -.6609636257984098E-06   4   0 2  0 1  0 0  0 1  0
   209  -.1791404719600675E-01   4   1 0  1 1  0 0  0 1  0
   210  -.3723583282569936E-02   4   0 1  1 1  0 0  0 1  0
   211  0.5322584898642754E-06   4   0 0  2 1  0 0  0 1  0
   212  0.6203802625507718E-01   4   1 0  0 2  0 0  0 1  0
   213  0.1564477580149528E-01   4   0 1  0 2  0 0  0 1  0
   214  0.1201654913693491E-06   4   0 0  1 2  0 0  0 1  0
   215  0.6406575501323361E-06   4   0 0  0 3  0 0  0 1  0
   216  0.2061602124031660E-05   4   2 0  0 0  0 2  0 0  0
   217  0.3035306453294612E-04   4   1 1  0 0  0 2  0 0  0
   218  0.1520145920863914E-05   4   0 2  0 0  0 2  0 0  0
   219  0.4745610475242404E-07   4   1 0  1 0  0 2  0 0  0
   220  0.4962095399672750E-06   4   0 1  1 0  0 2  0 0  0
   221  0.4380264770262737E-07   4   0 0  2 0  0 2  0 0  0
   222  -.8117581425139515E-06   4   1 0  0 1  0 2  0 0  0
   223  -.2895618456540927E-06   4   0 1  0 1  0 2  0 0  0
   224  -.7194012055109268E-05   4   0 0  1 1  0 2  0 0  0
   225  -.6432020105406777E-05   4   0 0  0 2  0 2  0 0  0
   226  0.1923701322404261E-05   4   2 0  0 0  0 1  1 0  0
   227  0.2806634556185749E-04   4   1 1  0 0  0 1  1 0  0
   228  0.1585713744081405E-05   4   0 2  0 0  0 1  1 0  0
   229  0.9322107767754282E-07   4   1 0  1 0  0 1  1 0  0
   230  0.3476270556653638E-06   4   0 1  1 0  0 1  1 0  0
   231  0.9838016426358076E-07   4   0 0  2 0  0 1  1 0  0
   232  -.9736972060363944E-06   4   1 0  0 1  0 1  1 0  0
   233  -.4124953628790289E-06   4   0 1  0 1  0 1  1 0  0
   234  -.4435971128094451E-05   4   0 0  1 1  0 1  1 0  0
   235  -.7438035230312957E-05   4   0 0  0 2  0 1  1 0  0
   236  0.2051505094557406E-05   4   2 0  0 0  0 0  2 0  0
   237  0.3020483362667935E-04   4   1 1  0 0  0 0  2 0  0
   238  0.1512421488225857E-05   4   0 2  0 0  0 0  2 0  0
   239  0.4714196269684629E-07   4   1 0  1 0  0 0  2 0  0
   240  0.4939719516387779E-06   4   0 1  1 0  0 0  2 0  0
   241  0.4349209205623978E-07   4   0 0  2 0  0 0  2 0  0
   242  -.8074213555632285E-06   4   1 0  0 1  0 0  2 0  0
   243  -.2879060554816432E-06   4   0 1  0 1  0 0  2 0  0
   244  -.7162580038761399E-05   4   0 0  1 1  0 0  2 0  0
   245  -.6398120013578253E-05   4   0 0  0 2  0 0  2 0  0
   246  -.3684716457218146E-05   4   2 0  0 0  0 1  0 1  0
   247  -.3363219822028757E-04   4   1 1  0 0  0 1  0 1  0
   248  -.1517831656568185E-05   4   0 2  0 0  0 1  0 1  0
   249  -.9407111350654249E-07   4   1 0  1 0  0 1  0 1  0
   250  -.6735014517405088E-06   4   0 1  1 0  0 1  0 1  0
   251  -.6985563374683056E-06   4   0 0  2 0  0 1  0 1  0
   252  0.6482021245476487E-06   4   1 0  0 1  0 1  0 1  0
   253  0.1635541733763943E-06   4   0 1  0 1  0 1  0 1  0
   254  0.9195124438210036E-05   4   0 0  1 1  0 1  0 1  0
   255  0.5364978788284034E-05   4   0 0  0 2  0 1  0 1  0
   256  -.3672411092022913E-05   4   2 0  0 0  0 0  1 1  0
   257  -.3351988117059754E-04   4   1 1  0 0  0 0  1 1  0
   258  -.1512762752880261E-05   4   0 2  0 0  0 0  1 1  0
   259  -.9375695652337698E-07   4   1 0  1 0  0 0  1 1  0
   260  -.6712522471085087E-06   4   0 1  1 0  0 0  1 1  0
   261  -.6962234603143104E-06   4   0 0  2 0  0 0  1 1  0
   262  0.6460374087668030E-06   4   1 0  0 1  0 0  1 1  0
   263  0.1630079729140340E-06   4   0 1  0 1  0 0  1 1  0
   264  0.9164416684834298E-05   4   0 0  1 1  0 0  1 1  0
   265  0.5347062070940647E-05   4   0 0  0 2  0 0  1 1  0
   266  0.1320319048336464E-05   4   2 0  0 0  0 0  0 2  0
   267  0.6465564011210425E-06   4   1 1  0 0  0 0  0 2  0
   268  0.2406906544936431E-07   4   0 2  0 0  0 0  0 2  0
   269  0.8924931447788988E-11   4   1 0  1 0  0 0  0 2  0
   270  0.9359076032247460E-08   4   0 1  1 0  0 0  0 2  0
   271  0.1209104857412544E-05   4   0 0  2 0  0 0  0 2  0
   272  0.9197535870066688E-12   4   1 0  0 1  0 0  0 2  0
   273  0.3449587432621300E-13   4   0 1  0 1  0 0  0 2  0
   274  0.4717266234307911E-06   4   0 0  1 1  0 0  0 2  0
   275  0.2363769411636770E-07   4   0 0  0 2  0 0  0 2  0
   276  -.2796908265380812E-03   4   1 0  0 0  0 3  0 0  0
   277  -.4947574813410730E-02   4   0 1  0 0  0 3  0 0  0
   278  -.1800891551043249E-09   4   0 0  1 0  0 3  0 0  0
   279  -.3949487688525553E-06   4   0 0  0 1  0 3  0 0  0
   280  -.1688407011073939E-03   4   1 0  0 0  0 2  1 0  0
   281  -.2981995725039185E-02   4   0 1  0 0  0 2  1 0  0
   282  -.1722868017045474E-09   4   0 0  1 0  0 2  1 0  0
   283  -.2372197241942548E-06   4   0 0  0 1  0 2  1 0  0
   284  -.1693913096156671E-03   4   1 0  0 0  0 1  2 0  0
   285  -.2991759237410440E-02   4   0 1  0 0  0 1  2 0  0
   286  -.1723228741820439E-09   4   0 0  1 0  0 1  2 0  0
   287  -.2380032376251806E-06   4   0 0  0 1  0 1  2 0  0
   288  -.2780087754102334E-03   4   1 0  0 0  0 0  3 0  0
   289  -.4917828091958365E-02   4   0 1  0 0  0 0  3 0  0
   290  -.1789003075421195E-09   4   0 0  1 0  0 0  3 0  0
   291  -.3925755551461162E-06   4   0 0  0 1  0 0  3 0  0
   292  0.6727066002023185E-03   4   1 0  0 0  0 2  0 1  0
   293  0.5960671311290333E-02   4   0 1  0 0  0 2  0 1  0
   294  0.5373675888720466E-09   4   0 0  1 0  0 2  0 1  0
   295  0.4739825374253638E-06   4   0 0  0 1  0 2  0 1  0
   296  0.4517431449342782E-03   4   1 0  0 0  0 1  1 1  0
   297  0.4001582976365181E-02   4   0 1  0 0  0 1  1 1  0
   298  0.5256734703767012E-09   4   0 0  1 0  0 1  1 1  0
   299  0.3167470973970059E-06   4   0 0  0 1  0 1  1 1  0
   300  0.6697057363096735E-03   4   1 0  0 0  0 0  2 1  0
   301  0.5934083456194038E-02   4   0 1  0 0  0 0  2 1  0
   302  0.5346952516978849E-09   4   0 0  1 0  0 0  2 1  0
   303  0.4718707405827250E-06   4   0 0  0 1  0 0  2 1  0
   304  -.4510073107911570E-03   4   1 0  0 0  0 1  0 2  0
   305  -.2861955277056483E-04   4   0 1  0 0  0 1  0 2  0
   306  -.5392505169901288E-09   4   0 0  1 0  0 1  0 2  0
   307  0.1752965569921728E-10   4   0 0  0 1  0 1  0 2  0
   308  -.4495011407155340E-03   4   1 0  0 0  0 0  1 2  0
   309  -.2852397579669464E-04   4   0 1  0 0  0 0  1 2  0
   310  -.5374496526301055E-09   4   0 0  1 0  0 0  1 2  0
   311  0.1747111420292860E-10   4   0 0  0 1  0 0  1 2  0
   312  0.2286486852128303E-05   4   1 0  0 0  0 0  0 3  0
   313  -.3631127547507985E-07   4   0 1  0 0  0 0  0 3  0
   314  0.1829741988292853E-09   4   0 0  1 0  0 0  0 3  0
   315  -.2833913700553031E-11   4   0 0  0 1  0 0  0 3  0
   316  -.7472694755565021E-06   4   0 0  0 0  0 4  0 0  0
   317  -.4292738001972005E-06   4   0 0  0 0  0 3  1 0  0
   318  -.3871913655412183E-06   4   0 0  0 0  0 2  2 0  0
   319  -.4315192124911342E-06   4   0 0  0 0  0 1  3 0  0
   320  -.7415692210142995E-06   4   0 0  0 0  0 0  4 0  0
   321  0.8567420714423077E-06   4   0 0  0 0  0 3  0 1  0
   322  0.5183462110782416E-06   4   0 0  0 0  0 2  1 1  0
   323  0.5200270231032768E-06   4   0 0  0 0  0 1  2 1  0
   324  0.8515877273757181E-06   4   0 0  0 0  0 0  3 1  0
   325  -.3092899509188708E-08   4   0 0  0 0  0 2  0 2  0
   326  -.3704397584940941E-08   4   0 0  0 0  0 1  1 2  0
   327  -.3076385011741377E-08   4   0 0  0 0  0 0  2 2  0
   328  -.3142360930391056E-11   4   0 0  0 0  0 1  0 3  0
   329  -.3131866798950373E-11   4   0 0  0 0  0 0  1 3  0
   -------------------------------------------------------
     I  COEFFICIENT            ORDER EXPONENTS
     1  0.2889989584384415E-05   0   0 0  0 0  0 0  0 0  0
     2  0.1260371527390516E-05   1   1 0  0 0  0 0  0 0  0
     3  0.4875331901541518E-07   1   0 1  0 0  0 0  0 0  0
     4  0.9843041664280111       1   0 0  1 0  0 0  0 0  0
     5  0.2593843720886706       1   0 0  0 1  0 0  0 0  0
     6  -.8308343120784024E-07   1   0 0  0 0  0 1  0 0  0
     7  -.8280596834888035E-07   1   0 0  0 0  0 0  1 0  0
     8  0.1658893995597311E-06   1   0 0  0 0  0 0  0 1  0
     9  -.7109358365985608E-06   2   2 0  0 0  0 0  0 0  0
    10  -.2661438918365584E-08   2   1 1  0 0  0 0  0 0  0
    11  0.1528369173772095E-06   2   0 2  0 0  0 0  0 0  0
    12  0.2148406464766475E-04   2   1 0  1 0  0 0  0 0  0
    13  0.4205666469342537E-07   2   0 1  1 0  0 0  0 0  0
    14  0.6677879396789451E-06   2   0 0  2 0  0 0  0 0  0
    15  -.5825818347296872E-05   2   1 0  0 1  0 0  0 0  0
    16  -.1067970220411568E-06   2   0 1  0 1  0 0  0 0  0
    17  0.1105069542416240E-05   2   0 0  1 1  0 0  0 0  0
    18  0.3076903716792599E-06   2   0 0  0 2  0 0  0 0  0
    19  -.6321431366996810E-06   2   1 0  0 0  0 1  0 0  0
    20  -.4907009718307806E-07   2   0 1  0 0  0 1  0 0  0
    21  0.7846615976345495E-02   2   0 0  1 0  0 1  0 0  0
    22  -.1295995319933976       2   0 0  0 1  0 1  0 0  0
    23  -.6300320510183129E-06   2   1 0  0 0  0 0  1 0  0
    24  -.4890622420315936E-07   2   0 1  0 0  0 0  1 0  0
    25  0.7820411660150035E-02   2   0 0  1 0  0 0  1 0  0
    26  -.1291667254019474       2   0 0  0 1  0 0  1 0  0
    27  0.1262175187718057E-05   2   1 0  0 0  0 0  0 1  0
    28  0.4922300233620553E-07   2   0 1  0 0  0 0  0 1  0
    29  -.1566702763649567E-01   2   0 0  1 0  0 0  0 1  0
    30  -.6181146933253737E-03   2   0 0  0 1  0 0  0 1  0
    31  0.6219186689570324E-07   2   0 0  0 0  0 2  0 0  0
    32  0.4143898063902826E-07   2   0 0  0 0  0 1  1 0  0
    33  0.6191497869860717E-07   2   0 0  0 0  0 0  2 0  0
    34  -.8273954558428521E-07   2   0 0  0 0  0 1  0 1  0
    35  -.8246323115512292E-07   2   0 0  0 0  0 0  1 1  0
    36  -.3433055265598912E-09   2   0 0  0 0  0 0  0 2  0
    37  -.3259658715377481E-06   3   3 0  0 0  0 0  0 0  0
    38  0.4947227857596135E-05   3   2 1  0 0  0 0  0 0  0
    39  0.1911380487120005E-05   3   1 2  0 0  0 0  0 0  0
    40  0.1882037846583389E-06   3   0 3  0 0  0 0  0 0  0
    41  0.7245058603586762E-02   3   2 0  1 0  0 0  0 0  0
    42  0.1931649275037269E-03   3   1 1  1 0  0 0  0 0  0
    43  -.1553878823288417E-01   3   0 2  1 0  0 0  0 0  0
    44  0.9934388614040363E-06   3   1 0  2 0  0 0  0 0  0
    45  0.4766710798502014E-05   3   0 1  2 0  0 0  0 0  0
    46  -.1017471691802294E-02   3   0 0  3 0  0 0  0 0  0
    47  -.6019616578218950E-01   3   2 0  0 1  0 0  0 0  0
    48  -.9683268439048237E-04   3   1 1  0 1  0 0  0 0  0
    49  0.1279580105686084       3   0 2  0 1  0 0  0 0  0
    50  -.1791578757462611E-06   3   1 0  1 1  0 0  0 0  0
    51  0.1227601732777766E-05   3   0 1  1 1  0 0  0 0  0
    52  -.5778808156466517E-01   3   0 0  2 1  0 0  0 0  0
    53  0.1875984433307173E-05   3   1 0  0 2  0 0  0 0  0
    54  0.2339412838694221E-06   3   0 1  0 2  0 0  0 0  0
    55  -.3091947697338094E-01   3   0 0  1 2  0 0  0 0  0
    56  0.1273579660702472       3   0 0  0 3  0 0  0 0  0
    57  0.3498366774823330E-06   3   2 0  0 0  0 1  0 0  0
    58  -.1635072974663430E-08   3   1 1  0 0  0 1  0 0  0
    59  -.2290205498841149E-06   3   0 2  0 0  0 1  0 0  0
    60  -.1072030419445277E-04   3   1 0  1 0  0 1  0 0  0
    61  -.3387930221837986E-07   3   0 1  1 0  0 1  0 0  0
    62  -.3076665425064771E-06   3   0 0  2 0  0 1  0 0  0
    63  0.5847634959818296E-05   3   1 0  0 1  0 1  0 0  0
    64  0.1645084866697368E-06   3   0 1  0 1  0 1  0 0  0
    65  -.1077864712284477E-05   3   0 0  1 1  0 1  0 0  0
    66  -.4600842932568982E-06   3   0 0  0 2  0 1  0 0  0
    67  0.3486683737267822E-06   3   2 0  0 0  0 0  1 0  0
    68  -.1629612535499894E-08   3   1 1  0 0  0 0  1 0  0
    69  -.2282557199341657E-06   3   0 2  0 0  0 0  1 0  0
    70  -.1068450299790249E-04   3   1 0  1 0  0 0  1 0  0
    71  -.3376615994783761E-07   3   0 1  1 0  0 0  1 0  0
    72  -.3066390688303183E-06   3   0 0  2 0  0 0  1 0  0
    73  0.5828106378842067E-05   3   1 0  0 1  0 0  1 0  0
    74  0.1639590992122454E-06   3   0 1  0 1  0 0  1 0  0
    75  -.1074265108605415E-05   3   0 0  1 1  0 0  1 0  0
    76  -.4585478099711704E-06   3   0 0  0 2  0 0  1 0  0
    77  -.6985050512091746E-06   3   2 0  0 0  0 0  0 1  0
    78  0.5926124428526241E-08   3   1 1  0 0  0 0  0 1  0
    79  0.1516024350638664E-06   3   0 2  0 0  0 0  0 1  0
    80  0.2140480719235527E-04   3   1 0  1 0  0 0  0 1  0
    81  0.2558879747285928E-07   3   0 1  1 0  0 0  0 1  0
    82  0.6143056113367964E-06   3   0 0  2 0  0 0  0 1  0
    83  -.5849922991363634E-05   3   1 0  0 1  0 0  0 1  0
    84  -.1148735417993780E-06   3   0 1  0 1  0 0  0 1  0
    85  0.1047060278473675E-05   3   0 0  1 1  0 0  0 1  0
    86  0.3032513598695573E-06   3   0 0  0 2  0 0  0 1  0
    87  0.4738761701891761E-06   3   1 0  0 0  0 2  0 0  0
    88  0.4815661494455966E-07   3   0 1  0 0  0 2  0 0  0
    89  -.5874467564572185E-02   3   0 0  1 0  0 2  0 0  0
    90  0.9699014172202296E-01   3   0 0  0 1  0 2  0 0  0
    91  0.3166251254447946E-06   3   1 0  0 0  0 1  1 0  0
    92  0.4802414059156242E-07   3   0 1  0 0  0 1  1 0  0
    93  -.3915404575736283E-02   3   0 0  1 0  0 1  1 0  0
    94  0.6459711438224425E-01   3   0 0  0 1  0 1  1 0  0
    95  0.4717649322671483E-06   3   1 0  0 0  0 0  2 0  0
    96  0.4791560263108153E-07   3   0 1  0 0  0 0  2 0  0
    97  -.5848311492205582E-02   3   0 0  1 0  0 0  2 0  0
    98  0.9655837317912040E-01   3   0 0  0 1  0 0  2 0  0
    99  -.6321668940022827E-06   3   1 0  0 0  0 1  0 1  0
   100  -.4923113455636992E-07   3   0 1  0 0  0 1  0 1  0
   101  0.7817725804883697E-02   3   0 0  1 0  0 1  0 1  0
   102  0.6216431401821687E-03   3   0 0  0 1  0 1  0 1  0
   103  -.6300557289817561E-06   3   1 0  0 0  0 0  1 1  0
   104  -.4906672378101572E-07   3   0 1  0 0  0 0  1 1  0
   105  0.7791617969411905E-02   3   0 0  1 0  0 0  1 1  0
   106  0.6195671199646174E-03   3   0 0  0 1  0 0  1 1  0
   107  -.1014875426383484E-10   3   1 0  0 0  0 0  0 2  0
   108  -.7597880989646377E-12   3   0 1  0 0  0 0  0 2  0
   109  0.2884124597974883E-04   3   0 0  1 0  0 0  0 2  0
   110  -.2490600183959516E-05   3   0 0  0 1  0 0  0 2  0
   111  -.5176343096945810E-07   3   0 0  0 0  0 3  0 0  0
   112  -.3094163618254004E-07   3   0 0  0 0  0 2  1 0  0
   113  -.3104507397470475E-07   3   0 0  0 0  0 1  2 0  0
   114  -.5145263729129162E-07   3   0 0  0 0  0 0  3 0  0
   115  0.6184781238026968E-07   3   0 0  0 0  0 2  0 1  0
   116  0.4109469530136352E-07   3   0 0  0 0  0 1  1 1  0
   117  0.6157264805872794E-07   3   0 0  0 0  0 0  2 1  0
   118  0.3443909855037590E-09   3   0 0  0 0  0 1  0 2  0
   119  0.3432408680128689E-09   3   0 0  0 0  0 0  1 2  0
   120  -.3401981278800729E-12   3   0 0  0 0  0 0  0 3  0
   121  0.4365841437607340E-09   4   4 0  0 0  0 0  0 0  0
   122  -.1997784023496863E-09   4   3 1  0 0  0 0  0 0  0
   123  0.3155196511456526E-06   4   2 2  0 0  0 0  0 0  0
   124  -.5999003732747290E-10   4   1 3  0 0  0 0  0 0  0
   125  -.1009655993241193E-05   4   0 4  0 0  0 0  0 0  0
   126  -.4606464304215957E-05   4   3 0  1 0  0 0  0 0  0
   127  0.5269025656760415E-05   4   2 1  1 0  0 0  0 0  0
   128  0.2256244867088056E-04   4   1 2  1 0  0 0  0 0  0
   129  0.1087861246509892E-04   4   0 3  1 0  0 0  0 0  0
   130  -.2618868484999280E-06   4   2 0  2 0  0 0  0 0  0
   131  0.3063301769212015E-06   4   1 1  2 0  0 0  0 0  0
   132  0.1531017053639228E-05   4   0 2  2 0  0 0  0 0  0
   133  0.6331996548526640E-05   4   1 0  3 0  0 0  0 0  0
   134  0.2846743614795362E-05   4   0 1  3 0  0 0  0 0  0
   135  0.3620706671921854E-06   4   0 0  4 0  0 0  0 0  0
   136  -.1149178229786861E-05   4   3 0  0 1  0 0  0 0  0
   137  -.5352434037200931E-04   4   2 1  0 1  0 0  0 0  0
   138  -.1495606887667729E-04   4   1 2  0 1  0 0  0 0  0
   139  -.6683732808735967E-04   4   0 3  0 1  0 0  0 0  0
   140  -.2948465573989326E-06   4   2 0  1 1  0 0  0 0  0
   141  -.2472801547499004E-05   4   1 1  1 1  0 0  0 0  0
   142  0.8863667018441904E-06   4   0 2  1 1  0 0  0 0  0
   143  -.2492002986275656E-05   4   1 0  2 1  0 0  0 0  0
   144  -.1052506370655830E-04   4   0 1  2 1  0 0  0 0  0
   145  -.4197181420133229E-07   4   0 0  3 1  0 0  0 0  0
   146  0.8927202083525058E-06   4   2 0  0 2  0 0  0 0  0
   147  -.3302616587891180E-06   4   1 1  0 2  0 0  0 0  0
   148  -.6007468690430333E-05   4   0 2  0 2  0 0  0 0  0
   149  0.9284142212828923E-06   4   1 0  1 2  0 0  0 0  0
   150  0.1072905609905399E-04   4   0 1  1 2  0 0  0 0  0
   151  0.8480744898016923E-06   4   0 0  2 2  0 0  0 0  0
   152  -.6651328677296561E-05   4   1 0  0 3  0 0  0 0  0
   153  -.6602897919308912E-04   4   0 1  0 3  0 0  0 0  0
   154  0.1035718702481880E-05   4   0 0  1 3  0 0  0 0  0
   155  -.4949199273529962E-05   4   0 0  0 4  0 0  0 0  0
   156  0.9141551987479140E-07   4   3 0  0 0  0 1  0 0  0
   157  -.5051797931638163E-05   4   2 1  0 0  0 1  0 0  0
   158  -.2887293079827131E-05   4   1 2  0 0  0 1  0 0  0
   159  -.3779975228608334E-06   4   0 3  0 0  0 1  0 0  0
   160  -.2902808713867463E-02   4   2 0  1 0  0 1  0 0  0
   161  0.3180938980995211E-03   4   1 1  1 0  0 1  0 0  0
   162  0.2329325512528596E-01   4   0 2  1 0  0 1  0 0  0
   163  -.3021745078646537E-06   4   1 0  2 0  0 1  0 0  0
   164  -.4682101716937956E-05   4   0 1  2 0  0 1  0 0  0
   165  -.3817720706434891E-03   4   0 0  3 0  0 1  0 0  0
   166  0.6046548800945310E-01   4   2 0  0 1  0 1  0 0  0
   167  0.2728801736462316E-03   4   1 1  0 1  0 1  0 0  0
   168  -.1912322481965368       4   0 2  0 1  0 1  0 0  0
   169  0.3660380538980748E-06   4   1 0  1 1  0 1  0 0  0
   170  -.1814169196945275E-05   4   0 1  1 1  0 1  0 0  0
   171  0.5625516653803125E-01   4   0 0  2 1  0 1  0 0  0
   172  -.2803496470385216E-05   4   1 0  0 2  0 1  0 0  0
   173  -.4683740887332549E-06   4   0 1  0 2  0 1  0 0  0
   174  0.4615321836927896E-01   4   0 0  1 2  0 1  0 0  0
   175  -.1900422755570728       4   0 0  0 3  0 1  0 0  0
   176  0.9111023143003777E-07   4   3 0  0 0  0 0  1 0  0
   177  -.5034927103404011E-05   4   2 1  0 0  0 0  1 0  0
   178  -.2877650765096694E-05   4   1 2  0 0  0 0  1 0  0
   179  -.3767351740164206E-06   4   0 3  0 0  0 0  1 0  0
   180  -.2893114583605074E-02   4   2 0  1 0  0 0  1 0  0
   181  0.3170316015491637E-03   4   1 1  1 0  0 0  1 0  0
   182  0.2321546569040524E-01   4   0 2  1 0  0 0  1 0  0
   183  -.3011653752176363E-06   4   1 0  2 0  0 0  1 0  0
   184  -.4666465514756021E-05   4   0 1  2 0  0 0  1 0  0
   185  -.3804971164359950E-03   4   0 0  3 0  0 0  1 0  0
   186  0.6026355933453251E-01   4   2 0  0 1  0 0  1 0  0
   187  0.2719688714519924E-03   4   1 1  0 1  0 0  1 0  0
   188  -.1905936148909659       4   0 2  0 1  0 0  1 0  0
   189  0.3648156445265964E-06   4   1 0  1 1  0 0  1 0  0
   190  -.1808110653566565E-05   4   0 1  1 1  0 0  1 0  0
   191  0.5606729852256621E-01   4   0 0  2 1  0 0  1 0  0
   192  -.2794134000221731E-05   4   1 0  0 2  0 0  1 0  0
   193  -.4668099211028216E-06   4   0 1  0 2  0 0  1 0  0
   194  0.4599908650769246E-01   4   0 0  1 2  0 0  1 0  0
   195  -.1894076162473496       4   0 0  0 3  0 0  1 0  0
   196  -.1825257513048318E-06   4   3 0  0 0  0 0  0 1  0
   197  0.5139497177446042E-05   4   2 1  0 0  0 0  0 1  0
   198  0.1942182870683845E-05   4   1 2  0 0  0 0  0 1  0
   199  0.1901213430451329E-06   4   0 3  0 0  0 0  0 1  0
   200  0.5795923297472646E-02   4   2 0  1 0  0 0  0 1  0
   201  -.8282904271522762E-03   4   1 1  1 0  0 0  0 1  0
   202  -.1543114434992265E-01   4   0 2  1 0  0 0  0 1  0
   203  0.6033398830823165E-06   4   1 0  2 0  0 0  0 1  0
   204  0.4581856433191985E-05   4   0 1  2 0  0 0  0 1  0
   205  0.7622691870795190E-03   4   0 0  3 0  0 0  0 1  0
   206  -.6053288156179619E-01   4   2 0  0 1  0 0  0 1  0
   207  -.3511836763174951E-03   4   1 1  0 1  0 0  0 1  0
   208  -.2048168618321764E-02   4   0 2  0 1  0 0  0 1  0
   209  -.5516958226784353E-06   4   1 0  1 1  0 0  0 1  0
   210  0.1167076384956301E-05   4   0 1  1 1  0 0  0 1  0
   211  -.5453438349593239E-01   4   0 0  2 1  0 0  0 1  0
   212  0.1845661603992647E-05   4   1 0  0 2  0 0  0 1  0
   213  0.2333601583707291E-06   4   0 1  0 2  0 0  0 1  0
   214  -.3031335093020962E-01   4   0 0  1 2  0 0  0 1  0
   215  -.2624006406318900E-02   4   0 0  0 3  0 0  0 1  0
   216  0.3944590807836724E-06   4   2 0  0 0  0 2  0 0  0
   217  0.5298735881512181E-09   4   1 1  0 0  0 2  0 0  0
   218  -.2527693677945568E-05   4   0 2  0 0  0 2  0 0  0
   219  0.8042672659189593E-05   4   1 0  1 0  0 2  0 0  0
   220  0.1009270636147965E-04   4   0 1  1 0  0 2  0 0  0
   221  0.8169153952689155E-06   4   0 0  2 0  0 2  0 0  0
   222  -.2624832639103100E-05   4   1 0  0 1  0 2  0 0  0
   223  -.8247614039113509E-04   4   0 1  0 1  0 2  0 0  0
   224  0.1045690038130477E-05   4   0 0  1 1  0 2  0 0  0
   225  -.7483251066799271E-05   4   0 0  0 2  0 2  0 0  0
   226  0.4739615830466717E-06   4   2 0  0 0  0 1  1 0  0
   227  0.1321255540184203E-08   4   1 1  0 0  0 1  1 0  0
   228  -.3022008650653300E-05   4   0 2  0 0  0 1  1 0  0
   229  0.5478140226472678E-05   4   1 0  1 0  0 1  1 0  0
   230  0.1208015159570616E-04   4   0 1  1 0  0 1  1 0  0
   231  0.7258829956654483E-06   4   0 0  2 0  0 1  1 0  0
   232  -.2593556183161879E-05   4   1 0  0 1  0 1  1 0  0
   233  -.9860058404670733E-04   4   0 1  0 1  0 1  1 0  0
   234  0.1283079352702195E-05   4   0 0  1 1  0 1  1 0  0
   235  -.8938587188053793E-05   4   0 0  0 2  0 1  1 0  0
   236  0.3923503437023306E-06   4   2 0  0 0  0 0  2 0  0
   237  0.5258978266086804E-09   4   1 1  0 0  0 0  2 0  0
   238  -.2514206166919812E-05   4   0 2  0 0  0 0  2 0  0
   239  0.8006666284263308E-05   4   1 0  1 0  0 0  2 0  0
   240  0.1003882982080395E-04   4   0 1  1 0  0 0  2 0  0
   241  0.8129751816551163E-06   4   0 0  2 0  0 0  2 0  0
   242  -.2611736149113991E-05   4   1 0  0 1  0 0  2 0  0
   243  -.8203606389032090E-04   4   0 1  0 1  0 0  2 0  0
   244  0.1040055417924000E-05   4   0 0  1 1  0 0  2 0  0
   245  -.7443334718072990E-05   4   0 0  0 2  0 0  2 0  0
   246  -.3161411275928623E-06   4   2 0  0 0  0 1  0 1  0
   247  -.1055087659654609E-08   4   1 1  0 0  0 1  0 1  0
   248  -.1547639644601401E-07   4   0 2  0 0  0 1  0 1  0
   249  -.1088418809014439E-04   4   1 0  1 0  0 1  0 1  0
   250  -.8032397659632379E-05   4   0 1  1 0  0 1  0 1  0
   251  -.8628703361473040E-06   4   0 0  2 0  0 1  0 1  0
   252  0.2577732831180994E-05   4   1 0  0 1  0 1  0 1  0
   253  -.1259867131956945E-05   4   0 1  0 1  0 1  0 1  0
   254  -.7947511303903601E-06   4   0 0  1 1  0 1  0 1  0
   255  -.1195313083587714E-06   4   0 0  0 2  0 1  0 1  0
   256  -.3150853524542782E-06   4   2 0  0 0  0 0  1 1  0
   257  -.1051564121516526E-08   4   1 1  0 0  0 0  1 1  0
   258  -.1542471195077918E-07   4   0 2  0 0  0 0  1 1  0
   259  -.1084783959200135E-04   4   1 0  1 0  0 0  1 1  0
   260  -.8005572912669429E-05   4   0 1  1 0  0 0  1 1  0
   261  -.8599887210418527E-06   4   0 0  2 0  0 0  1 1  0
   262  0.2569124314289198E-05   4   1 0  0 1  0 0  1 1  0
   263  -.1255659718622374E-05   4   0 1  0 1  0 0  1 1  0
   264  -.7920970040790621E-06   4   0 0  1 1  0 0  1 1  0
   265  -.1191321252957875E-06   4   0 0  0 2  0 0  1 1  0
   266  -.2663293989147700E-10   4   2 0  0 0  0 0  0 2  0
   267  -.4497864704427593E-11   4   1 1  0 0  0 0  0 2  0
   268  0.1290806619583734E-10   4   0 2  0 0  0 0  0 2  0
   269  0.1711748592101265E-06   4   1 0  1 0  0 0  0 2  0
   270  -.2715491493847625E-07   4   0 1  1 0  0 0  0 2  0
   271  -.2858272849216898E-07   4   0 0  2 0  0 0  0 2  0
   272  0.3777585586340137E-07   4   1 0  0 1  0 0  0 2  0
   273  0.7756028919610895E-09   4   0 1  0 1  0 0  0 2  0
   274  -.6027675898976657E-08   4   0 0  1 1  0 0  0 2  0
   275  -.1410048869704190E-09   4   0 0  0 2  0 0  0 2  0
   276  -.3948391715648322E-06   4   1 0  0 0  0 3  0 0  0
   277  -.4894583283488977E-07   4   0 1  0 0  0 3  0 0  0
   278  0.4890017463832098E-02   4   0 0  1 0  0 3  0 0  0
   279  -.8071205250873766E-01   4   0 0  0 1  0 3  0 0  0
   280  -.2370483349940092E-06   4   1 0  0 0  0 2  1 0  0
   281  -.4978328575519951E-07   4   0 1  0 0  0 2  1 0  0
   282  0.2924437062275543E-02   4   0 0  1 0  0 2  1 0  0
   283  -.4821077499246616E-01   4   0 0  0 1  0 2  1 0  0
   284  -.2378321598448935E-06   4   1 0  0 0  0 1  2 0  0
   285  -.4977827183412373E-07   4   0 1  0 0  0 1  2 0  0
   286  0.2934201544106421E-02   4   0 0  1 0  0 1  2 0  0
   287  -.4837223514666536E-01   4   0 0  0 1  0 1  2 0  0
   288  -.3924667921440316E-06   4   1 0  0 0  0 0  3 0  0
   289  -.4861779700457093E-07   4   0 1  0 0  0 0  3 0  0
   290  0.4860654856024243E-02   4   0 0  1 0  0 0  3 0  0
   291  -.8022750603151430E-01   4   0 0  0 1  0 0  3 0  0
   292  0.4738470638394361E-06   4   1 0  0 0  0 2  0 1  0
   293  0.4924505131296023E-07   4   0 1  0 0  0 2  0 1  0
   294  -.5845552231170284E-02   4   0 0  1 0  0 2  0 1  0
   295  -.6235157876085737E-03   4   0 0  0 1  0 2  0 1  0
   296  0.3165776235050587E-06   4   1 0  0 0  0 1  1 1  0
   297  0.4925832619219589E-07   4   0 1  0 0  0 1  1 1  0
   298  -.3886463888360129E-02   4   0 0  1 0  0 1  1 1  0
   299  -.6253689943511221E-03   4   0 0  0 1  0 1  1 1  0
   300  0.4717360024378747E-06   4   1 0  0 0  0 0  2 1  0
   301  0.4899834326978670E-07   4   0 1  0 0  0 0  2 1  0
   302  -.5819541048269950E-02   4   0 0  1 0  0 0  2 1  0
   303  -.6203892820731217E-03   4   0 0  0 1  0 0  2 1  0
   304  0.1445336139293179E-10   4   1 0  0 0  0 1  0 2  0
   305  0.1677417829529537E-11   4   0 1  0 0  0 1  0 2  0
   306  -.2894232231960078E-04   4   0 0  1 0  0 1  0 2  0
   307  0.3735454340067288E-05   4   0 0  0 1  0 1  0 2  0
   308  0.1440509339441195E-10   4   1 0  0 0  0 0  1 2  0
   309  0.1671815976792822E-11   4   0 1  0 0  0 0  1 2  0
   310  -.2884566743451968E-04   4   0 0  1 0  0 0  1 2  0
   311  0.3722979532207236E-05   4   0 0  0 1  0 0  1 2  0
   312  -.2853649052210022E-11   4   1 0  0 0  0 0  0 3  0
   313  -.3566233068118694E-12   4   0 1  0 0  0 0  0 3  0
   314  0.3516593164496489E-07   4   0 0  1 0  0 0  0 3  0
   315  0.4455559857668679E-08   4   0 0  0 1  0 0  0 3  0
   316  -.7404984745093787E-06   4   0 0  0 0  0 4  0 0  0
   317  -.4205153968438459E-06   4   0 0  0 0  0 3  1 0  0
   318  -.3781570274268674E-06   4   0 0  0 0  0 2  2 0  0
   319  -.4227752046379991E-06   4   0 0  0 0  0 1  3 0  0
   320  -.7348579571115579E-06   4   0 0  0 0  0 0  4 0  0
   321  -.4479205109961735E-08   4   0 0  0 0  0 3  0 1  0
   322  -.5313294282673225E-08   4   0 0  0 0  0 2  1 1  0
   323  -.5309041101852161E-08   4   0 0  0 0  0 1  2 1  0
   324  -.4447924843723413E-08   4   0 0  0 0  0 0  3 1  0
   325  0.2284101362997274E-10   4   0 0  0 0  0 2  0 2  0
   326  0.3255391126214182E-10   4   0 0  0 0  0 1  1 2  0
   327  0.2271037646886930E-10   4   0 0  0 0  0 0  2 2  0
   328  0.2335277774876747E-13   4   0 0  0 0  0 1  0 3  0
   329  0.2327478953397316E-13   4   0 0  0 0  0 0  1 3  0
   -------------------------------------------------------
     I  COEFFICIENT            ORDER EXPONENTS
     1  0.1149855450746200E-05   0   0 0  0 0  0 0  0 0  0
     2  0.9711341735514692E-05   1   1 0  0 0  0 0  0 0  0
     3  0.1260897033553935E-05   1   0 1  0 0  0 0  0 0  0
     4  -.1200738697022867       1   0 0  1 0  0 0  0 0  0
     5  0.9843041894689702       1   0 0  0 1  0 0  0 0  0
     6  0.1235100619552055E-08   1   0 0  0 0  0 1  0 0  0
     7  0.1230975915695694E-08   1   0 0  0 0  0 0  1 0  0
     8  0.1147389373936270E-05   1   0 0  0 0  0 0  0 1  0
     9  -.1443003901354888E-06   2   2 0  0 0  0 0  0 0  0
    10  0.1297633850161097E-05   2   1 1  0 0  0 0  0 0  0
    11  0.7367038410441632E-06   2   0 2  0 0  0 0  0 0  0
    12  0.1384023128517652E-05   2   1 0  1 0  0 0  0 0  0
    13  -.2035377347762876E-04   2   0 1  1 0  0 0  0 0  0
    14  0.1031013520412491E-05   2   0 0  2 0  0 0  0 0  0
    15  -.2040866563585380E-04   2   1 0  0 1  0 0  0 0  0
    16  -.5392665127142895E-05   2   0 1  0 1  0 0  0 0  0
    17  -.9269962911945459E-06   2   0 0  1 1  0 0  0 0  0
    18  -.7122045647606568E-06   2   0 0  0 2  0 0  0 0  0
    19  -.2112243070257625E-09   2   1 0  0 0  0 1  0 0  0
    20  -.6324083716187412E-06   2   0 1  0 0  0 1  0 0  0
    21  -.4418715207038911E-03   2   0 0  1 0  0 1  0 0  0
    22  0.7846604750860795E-02   2   0 0  0 1  0 1  0 0  0
    23  -.2105189088592283E-09   2   1 0  0 0  0 0  1 0  0
    24  -.6302964001670438E-06   2   0 1  0 0  0 0  1 0  0
    25  -.4403958602304863E-03   2   0 0  1 0  0 0  1 0  0
    26  0.7820400472153538E-02   2   0 0  0 1  0 0  1 0  0
    27  0.9711763479057650E-05   2   1 0  0 0  0 0  0 1  0
    28  0.1262704771756494E-05   2   0 1  0 0  0 0  0 1  0
    29  -.1191916023213523       2   0 0  1 0  0 0  0 1  0
    30  -.1566700522301458E-01   2   0 0  0 1  0 0  0 1  0
    31  -.2659356373628170E-08   2   0 0  0 0  0 2  0 0  0
    32  -.4074072960776896E-08   2   0 0  0 0  0 1  1 0  0
    33  -.2643672412971764E-08   2   0 0  0 0  0 0  2 0  0
    34  0.9392768331781926E-08   2   0 0  0 0  0 1  0 1  0
    35  0.9361400532967869E-08   2   0 0  0 0  0 0  1 1  0
    36  -.9377072227770592E-08   2   0 0  0 0  0 0  0 2  0
    37  -.2551240938237562E-05   3   3 0  0 0  0 0  0 0  0
    38  -.1003354515668366E-05   3   2 1  0 0  0 0  0 0  0
    39  -.1965577858643205E-06   3   1 2  0 0  0 0  0 0  0
    40  0.6168997116854383E-06   3   0 3  0 0  0 0  0 0  0
    41  0.2703425852876596E-01   3   2 0  1 0  0 0  0 0  0
    42  -.1252357429933230E-03   3   1 1  1 0  0 0  0 0  0
    43  -.5888906789305408E-01   3   0 2  1 0  0 0  0 0  0
    44  0.7427737507806838E-05   3   1 0  2 0  0 0  0 0  0
    45  0.9702911527020763E-06   3   0 1  2 0  0 0  0 0  0
    46  -.3436040498277508E-01   3   0 0  3 0  0 0  0 0  0
    47  0.7222264605151761E-02   3   2 0  0 1  0 0  0 0  0
    48  -.2143673385216977E-03   3   1 1  0 1  0 0  0 0  0
    49  -.1558910561103487E-01   3   0 2  0 1  0 0  0 0  0
    50  0.1935793070118889E-05   3   1 0  1 1  0 0  0 0  0
    51  -.9327943383904411E-05   3   0 1  1 1  0 0  0 0  0
    52  -.1706211982920324E-01   3   0 0  2 1  0 0  0 0  0
    53  0.1929612291415205E-06   3   1 0  0 2  0 0  0 0  0
    54  -.5888631198639247E-06   3   0 1  0 2  0 0  0 0  0
    55  0.5706368160030657E-01   3   0 0  1 2  0 0  0 0  0
    56  -.2172407742809684E-03   3   0 0  0 3  0 0  0 0  0
    57  -.2530180725731160E-06   3   2 0  0 0  0 1  0 0  0
    58  -.7423158209542318E-06   3   1 1  0 0  0 1  0 0  0
    59  -.7360632008107393E-06   3   0 2  0 0  0 1  0 0  0
    60  0.2558447736717129E-05   3   1 0  1 0  0 1  0 0  0
    61  0.1042901395155635E-04   3   0 1  1 0  0 1  0 0  0
    62  -.1863674168349458E-06   3   0 0  2 0  0 1  0 0  0
    63  0.1049297945951889E-04   3   1 0  0 1  0 1  0 0  0
    64  0.5484673555721826E-05   3   0 1  0 1  0 1  0 0  0
    65  0.3733455579093883E-06   3   0 0  1 1  0 1  0 0  0
    66  0.7064018748039210E-06   3   0 0  0 2  0 1  0 0  0
    67  -.2521731012380993E-06   3   2 0  0 0  0 0  1 0  0
    68  -.7398368059816870E-06   3   1 1  0 0  0 0  1 0  0
    69  -.7336050668951631E-06   3   0 2  0 0  0 0  1 0  0
    70  0.2549903623730762E-05   3   1 0  1 0  0 0  1 0  0
    71  0.1039418553889822E-04   3   0 1  1 0  0 0  1 0  0
    72  -.1857450299698287E-06   3   0 0  2 0  0 0  1 0  0
    73  0.1045793742962737E-04   3   1 0  0 1  0 0  1 0  0
    74  0.5466357109432613E-05   3   0 1  0 1  0 0  1 0  0
    75  0.3720987446233478E-06   3   0 0  1 1  0 0  1 0  0
    76  0.7040427969359404E-06   3   0 0  0 2  0 0  1 0  0
    77  0.3608907836757283E-06   3   2 0  0 0  0 0  0 1  0
    78  0.1482152626935922E-05   3   1 1  0 0  0 0  0 1  0
    79  0.7329644266617362E-06   3   0 2  0 0  0 0  0 1  0
    80  -.3724328231930163E-05   3   1 0  1 0  0 0  0 1  0
    81  -.2082319949089171E-04   3   0 1  1 0  0 0  0 1  0
    82  0.1403125967095460E-05   3   0 0  2 0  0 0  0 1  0
    83  -.2095091688914619E-04   3   1 0  0 1  0 0  0 1  0
    84  -.5558365538011685E-05   3   0 1  0 1  0 0  0 1  0
    85  -.7454443024223650E-06   3   0 0  1 1  0 0  0 1  0
    86  -.6982401069791747E-06   3   0 0  0 2  0 0  0 1  0
    87  0.1797367090691894E-09   3   1 0  0 0  0 2  0 0  0
    88  0.4739227754047957E-06   3   0 1  0 0  0 2  0 0  0
    89  0.3306536574922705E-03   3   0 0  1 0  0 2  0 0  0
    90  -.5874459260407536E-02   3   0 0  0 1  0 2  0 0  0
    91  0.1744729775902799E-09   3   1 0  0 0  0 1  1 0  0
    92  0.3166289367198075E-06   3   0 1  0 0  0 1  1 0  0
    93  0.2201719097377158E-03   3   0 0  1 0  0 1  1 0  0
    94  -.3915399210496149E-02   3   0 0  0 1  0 1  1 0  0
    95  0.1788451332105817E-09   3   1 0  0 0  0 0  2 0  0
    96  0.4718113754465942E-06   3   0 1  0 0  0 0  2 0  0
    97  0.3291817771049965E-03   3   0 0  1 0  0 0  2 0  0
    98  -.5848303224732298E-02   3   0 0  0 1  0 0  2 0  0
    99  -.5450017433982010E-09   3   1 0  0 0  0 1  0 1  0
   100  -.6322609423456746E-06   3   0 1  0 0  0 1  0 1  0
   101  -.8814756768262963E-03   3   0 0  1 0  0 1  0 1  0
   102  0.7817715131674412E-02   3   0 0  0 1  0 1  0 1  0
   103  -.5431816724221759E-09   3   1 0  0 0  0 0  1 1  0
   104  -.6301494632442095E-06   3   0 1  0 0  0 0  1 1  0
   105  -.8785319279001531E-03   3   0 0  1 0  0 0  1 1  0
   106  0.7791607331846536E-02   3   0 0  0 1  0 0  1 1  0
   107  0.5555220862007050E-09   3   1 0  0 0  0 0  0 2  0
   108  -.7379590022993411E-11   3   0 1  0 0  0 0  0 2  0
   109  0.8800020123164255E-03   3   0 0  1 0  0 0  0 2  0
   110  0.2884064269045419E-04   3   0 0  0 1  0 0  0 2  0
   111  0.2498897247105318E-08   3   0 0  0 0  0 3  0 0  0
   112  0.2184319763378698E-08   3   0 0  0 0  0 2  1 0  0
   113  0.2185853756498909E-08   3   0 0  0 0  0 1  2 0  0
   114  0.2482744238416874E-08   3   0 0  0 0  0 0  3 0  0
   115  -.7021661182748872E-08   3   0 0  0 0  0 2  0 1  0
   116  -.4666286207599830E-08   3   0 0  0 0  0 1  1 1  0
   117  -.6990420135587066E-08   3   0 0  0 0  0 0  2 1  0
   118  0.4658428366702058E-08   3   0 0  0 0  0 1  0 2  0
   119  0.4642871223308891E-08   3   0 0  0 0  0 0  1 2  0
   120  0.2525754592023734E-10   3   0 0  0 0  0 0  0 3  0
   121  -.4634110968226158E-07   4   4 0  0 0  0 0  0 0  0
   122  -.4032622787971514E-06   4   3 1  0 0  0 0  0 0  0
   123  -.1898834711632527E-06   4   2 2  0 0  0 0  0 0  0
   124  -.1052833212875654E-07   4   1 3  0 0  0 0  0 0  0
   125  0.1850029033010931E-06   4   0 4  0 0  0 0  0 0  0
   126  -.7613366759890128E-11   4   3 0  1 0  0 0  0 0  0
   127  0.9342204836511130E-05   4   2 1  1 0  0 0  0 0  0
   128  -.1087186344179107E-07   4   1 2  1 0  0 0  0 0  0
   129  0.1017544733674781E-04   4   0 3  1 0  0 0  0 0  0
   130  0.2145185292832891E-08   4   2 0  2 0  0 0  0 0  0
   131  0.8830001043857598E-06   4   1 1  2 0  0 0  0 0  0
   132  0.2779815976026331E-06   4   0 2  2 0  0 0  0 0  0
   133  -.6813756091801071E-11   4   1 0  3 0  0 0  0 0  0
   134  0.1041718076986618E-09   4   0 1  3 0  0 0  0 0  0
   135  0.4350603840997858E-07   4   0 0  4 0  0 0  0 0  0
   136  0.4671158002260674E-05   4   3 0  0 1  0 0  0 0  0
   137  0.2474175022177497E-05   4   2 1  0 1  0 0  0 0  0
   138  -.2056751806045964E-04   4   1 2  0 1  0 0  0 0  0
   139  0.2693622991437462E-05   4   0 3  0 1  0 0  0 0  0
   140  0.5459370148928039E-06   4   2 0  1 1  0 0  0 0  0
   141  -.6421397037180988E-08   4   1 1  1 1  0 0  0 0  0
   142  -.3073487142844935E-05   4   0 2  1 1  0 0  0 0  0
   143  -.1781092519576319E-04   4   1 0  2 1  0 0  0 0  0
   144  0.6062976323635359E-10   4   0 1  2 1  0 0  0 0  0
   145  -.1421332035693798E-05   4   0 0  3 1  0 0  0 0  0
   146  0.1540588931825429E-06   4   2 0  0 2  0 0  0 0  0
   147  0.1307601468669068E-05   4   1 1  0 2  0 0  0 0  0
   148  0.1347154920611520E-06   4   0 2  0 2  0 0  0 0  0
   149  -.5885395501435084E-05   4   1 0  1 2  0 0  0 0  0
   150  0.1017526002676669E-04   4   0 1  1 2  0 0  0 0  0
   151  -.4060986306822117E-06   4   0 0  2 2  0 0  0 0  0
   152  -.4951709837597626E-06   4   1 0  0 3  0 0  0 0  0
   153  0.2693624180498438E-05   4   0 1  0 3  0 0  0 0  0
   154  -.6390069757581584E-06   4   0 0  1 3  0 0  0 0  0
   155  -.5771340693636536E-07   4   0 0  0 4  0 0  0 0  0
   156  -.5140246401200996E-06   4   3 0  0 0  0 1  0 0  0
   157  0.3081763601420456E-06   4   2 1  0 0  0 1  0 0  0
   158  0.1632407358955294E-06   4   1 2  0 0  0 1  0 0  0
   159  -.9290681011000663E-06   4   0 3  0 0  0 1  0 0  0
   160  0.2017747874456418E-01   4   2 0  1 0  0 1  0 0  0
   161  0.8797342055473145E-02   4   1 1  1 0  0 1  0 0  0
   162  0.5901073029266201E-01   4   0 2  1 0  0 1  0 0  0
   163  0.1693360681059889E-05   4   1 0  2 0  0 1  0 0  0
   164  -.2735113833713542E-06   4   0 1  2 0  0 1  0 0  0
   165  0.5821378531579037E-02   4   0 0  3 0  0 1  0 0  0
   166  -.2803909106590821E-02   4   2 0  0 1  0 1  0 0  0
   167  0.1983618875971709E-02   4   1 1  0 1  0 1  0 0  0
   168  0.2352982986502808E-01   4   0 2  0 1  0 1  0 0  0
   169  -.5270827035747640E-06   4   1 0  1 1  0 1  0 0  0
   170  0.9416789439292543E-05   4   0 1  1 1  0 1  0 0  0
   171  0.1264358564435935E-01   4   0 0  2 1  0 1  0 0  0
   172  -.1562650340819200E-06   4   1 0  0 2  0 1  0 0  0
   173  0.8916353045103875E-06   4   0 1  0 2  0 1  0 0  0
   174  -.5628732310923601E-01   4   0 0  1 2  0 1  0 0  0
   175  0.3765597455362214E-03   4   0 0  0 3  0 1  0 0  0
   176  -.5123080193191608E-06   4   3 0  0 0  0 0  1 0  0
   177  0.3071471838946638E-06   4   2 1  0 0  0 0  1 0  0
   178  0.1626955821793105E-06   4   1 2  0 0  0 0  1 0  0
   179  -.9259654139847942E-06   4   0 3  0 0  0 0  1 0  0
   180  0.2011009466018382E-01   4   2 0  1 0  0 0  1 0  0
   181  0.8767962723848357E-02   4   1 1  1 0  0 0  1 0  0
   182  0.5881365988164933E-01   4   0 2  1 0  0 0  1 0  0
   183  0.1687705586066931E-05   4   1 0  2 0  0 0  1 0  0
   184  -.2725979732090014E-06   4   0 1  2 0  0 0  1 0  0
   185  0.5801937635759093E-02   4   0 0  3 0  0 0  1 0  0
   186  -.2794545258400002E-02   4   2 0  0 1  0 0  1 0  0
   187  0.1976994443681866E-02   4   1 1  0 1  0 0  1 0  0
   188  0.2345125037245892E-01   4   0 2  0 1  0 0  1 0  0
   189  -.5253224744687229E-06   4   1 0  1 1  0 0  1 0  0
   190  0.9385341420330356E-05   4   0 1  1 1  0 0  1 0  0
   191  0.1260136151652294E-01   4   0 0  2 1  0 0  1 0  0
   192  -.1557431762038300E-06   4   1 0  0 2  0 0  1 0  0
   193  0.8886576268055975E-06   4   0 1  0 2  0 0  1 0  0
   194  -.5609934770468015E-01   4   0 0  1 2  0 0  1 0  0
   195  0.3753021982488449E-03   4   0 0  0 3  0 0  1 0  0
   196  -.1524908278798301E-05   4   3 0  0 0  0 0  0 1  0
   197  -.6153235440367356E-06   4   2 1  0 0  0 0  0 1  0
   198  -.1293785320937272E-06   4   1 2  0 0  0 0  0 1  0
   199  0.6212340917139742E-06   4   0 3  0 0  0 0  0 1  0
   200  -.1325331487598211E-01   4   2 0  1 0  0 0  0 1  0
   201  -.1756530477932104E-01   4   1 1  1 0  0 0  0 1  0
   202  -.5893532228125736E-01   4   0 2  1 0  0 0  0 1  0
   203  0.4046671240679993E-05   4   1 0  2 0  0 0  0 1  0
   204  0.5461093565803552E-06   4   0 1  2 0  0 0  0 1  0
   205  -.4598372115011309E-01   4   0 0  3 0  0 0  0 1  0
   206  0.5598454364990901E-02   4   2 0  0 1  0 0  0 1  0
   207  -.3746245981131473E-02   4   1 1  0 1  0 0  0 1  0
   208  -.1580286901541812E-01   4   0 2  0 1  0 0  0 1  0
   209  0.1052405178043491E-05   4   1 0  1 1  0 0  0 1  0
   210  -.9474187475718454E-05   4   0 1  1 1  0 0  0 1  0
   211  -.2524494716088205E-01   4   0 0  2 1  0 0  0 1  0
   212  0.1190469811442498E-06   4   1 0  0 2  0 0  0 1  0
   213  -.6025666915882356E-06   4   0 1  0 2  0 0  0 1  0
   214  0.5532298921360917E-01   4   0 0  1 2  0 0  0 1  0
   215  -.3173803952223296E-03   4   0 0  0 3  0 0  0 1  0
   216  0.5838249134187236E-08   4   2 0  0 0  0 2  0 0  0
   217  0.5168609576382351E-06   4   1 1  0 0  0 2  0 0  0
   218  0.3949113245531647E-06   4   0 2  0 0  0 2  0 0  0
   219  0.7639977450722440E-06   4   1 0  1 0  0 2  0 0  0
   220  0.1274883758588001E-04   4   0 1  1 0  0 2  0 0  0
   221  0.1161935462562186E-06   4   0 0  2 0  0 2  0 0  0
   222  -.7517244912677700E-05   4   1 0  0 1  0 2  0 0  0
   223  0.4743650737401929E-05   4   0 1  0 1  0 2  0 0  0
   224  -.1651540260246867E-05   4   0 0  1 1  0 2  0 0  0
   225  -.7181983458992409E-07   4   0 0  0 2  0 2  0 0  0
   226  0.9911533647059332E-08   4   2 0  0 0  0 1  1 0  0
   227  0.3683141553102049E-06   4   1 1  0 0  0 1  1 0  0
   228  0.4564717733912653E-06   4   0 2  0 0  0 1  1 0  0
   229  0.1512137105065467E-05   4   1 0  1 0  0 1  1 0  0
   230  0.1528801647234008E-04   4   0 1  1 0  0 1  1 0  0
   231  0.1057754764802966E-06   4   0 0  2 0  0 1  1 0  0
   232  -.4756896064966357E-05   4   1 0  0 1  0 1  1 0  0
   233  0.6775467010855882E-05   4   0 1  0 1  0 1  1 0  0
   234  -.1475500013429389E-05   4   0 0  1 1  0 1  1 0  0
   235  -.6834210844708548E-07   4   0 0  0 2  0 1  1 0  0
   236  0.5802201772111839E-08   4   2 0  0 0  0 0  2 0  0
   237  0.5145198594764723E-06   4   1 1  0 0  0 0  2 0  0
   238  0.3928302813863929E-06   4   0 2  0 0  0 0  2 0  0
   239  0.7589213786461804E-06   4   1 0  1 0  0 0  2 0  0
   240  0.1268073426826412E-04   4   0 1  1 0  0 0  2 0  0
   241  0.1156288876243919E-06   4   0 0  2 0  0 0  2 0  0
   242  -.7484197562371586E-05   4   1 0  0 1  0 0  2 0  0
   243  0.4716495417905186E-05   4   0 1  0 1  0 0  2 0  0
   244  -.1643561060318269E-05   4   0 0  1 1  0 0  2 0  0
   245  -.7146587069354546E-07   4   0 0  0 2  0 0  2 0  0
   246  -.5089724413059064E-07   4   2 0  0 0  0 1  0 1  0
   247  -.7148081081864865E-06   4   1 1  0 0  0 1  0 1  0
   248  -.3345058307706050E-06   4   0 2  0 0  0 1  0 1  0
   249  -.1520066568688989E-05   4   1 0  1 0  0 1  0 1  0
   250  -.1020047707873519E-04   4   0 1  1 0  0 1  0 1  0
   251  -.2058065070649284E-06   4   0 0  2 0  0 1  0 1  0
   252  0.9838087546270278E-05   4   1 0  0 1  0 1  0 1  0
   253  -.2735139729674667E-05   4   0 1  0 1  0 1  0 1  0
   254  0.1772584926129531E-05   4   0 0  1 1  0 1  0 1  0
   255  0.7332561410295002E-07   4   0 0  0 2  0 1  0 1  0
   256  -.5072726926719775E-07   4   2 0  0 0  0 0  1 1  0
   257  -.7124209571213040E-06   4   1 1  0 0  0 0  1 1  0
   258  -.3333887254368952E-06   4   0 2  0 0  0 0  1 1  0
   259  -.1514990201357619E-05   4   1 0  1 0  0 0  1 1  0
   260  -.1016641188075407E-04   4   0 1  1 0  0 0  1 1  0
   261  -.2051192020148944E-06   4   0 0  2 0  0 0  1 1  0
   262  0.9805232573171234E-05   4   1 0  0 1  0 0  1 1  0
   263  -.2726005541569710E-05   4   0 1  0 1  0 0  1 1  0
   264  0.1766665256296358E-05   4   0 0  1 1  0 0  1 1  0
   265  0.7308073814840288E-07   4   0 0  0 2  0 0  1 1  0
   266  0.8007253127566721E-07   4   2 0  0 0  0 0  0 2  0
   267  0.2984689025667633E-07   4   1 1  0 0  0 0  0 2  0
   268  0.1458678588085297E-08   4   0 2  0 0  0 0  0 2  0
   269  0.5412632005590491E-12   4   1 0  1 0  0 0  0 2  0
   270  0.5467141929977074E-13   4   0 1  1 0  0 0  0 2  0
   271  0.7332779651457018E-07   4   0 0  2 0  0 0  0 2  0
   272  0.1520534838994376E-06   4   1 0  0 1  0 0  0 2  0
   273  0.2090659003216624E-14   4   0 1  0 1  0 0  0 2  0
   274  0.3782385729173838E-07   4   0 0  1 1  0 0  0 2  0
   275  0.1432517491192614E-08   4   0 0  0 2  0 0  0 2  0
   276  -.1827893761731879E-09   4   1 0  0 0  0 3  0 0  0
   277  -.3948933302722253E-06   4   0 1  0 0  0 3  0 0  0
   278  -.2751341917441596E-03   4   0 0  1 0  0 3  0 0  0
   279  0.4890010657644060E-02   4   0 0  0 1  0 3  0 0  0
   280  -.1833466064205035E-09   4   1 0  0 0  0 2  1 0  0
   281  -.2370742426040770E-06   4   0 1  0 0  0 2  1 0  0
   282  -.1642842971600044E-03   4   0 0  1 0  0 2  1 0  0
   283  0.2924433228123513E-02   4   0 0  0 1  0 2  1 0  0
   284  -.1833407567470179E-09   4   1 0  0 0  0 1  2 0  0
   285  -.2378582080222422E-06   4   0 1  0 0  0 1  2 0  0
   286  -.1648349807401531E-03   4   0 0  1 0  0 1  2 0  0
   287  0.2934197695180055E-02   4   0 0  0 1  0 1  2 0  0
   288  -.1815685956175105E-09   4   1 0  0 0  0 0  3 0  0
   289  -.3925206363903652E-06   4   0 1  0 0  0 0  3 0  0
   290  -.2734825491312425E-03   4   0 0  1 0  0 0  3 0  0
   291  0.4860648090311276E-02   4   0 0  0 1  0 0  3 0  0
   292  0.5500412400634655E-09   4   1 0  0 0  0 2  0 1  0
   293  0.4739401815339105E-06   4   0 1  0 0  0 2  0 1  0
   294  0.6590367503942333E-03   4   0 0  1 0  0 2  0 1  0
   295  -.5845544546948146E-02   4   0 0  0 1  0 2  0 1  0
   296  0.5550411140481892E-09   4   1 0  0 0  0 1  1 1  0
   297  0.3166698154038028E-06   4   0 1  0 0  0 1  1 1  0
   298  0.4380736934366222E-03   4   0 0  1 0  0 1  1 1  0
   299  -.3886459173280347E-02   4   0 0  0 1  0 1  1 1  0
   300  0.5472775398586398E-09   4   1 0  0 0  0 0  2 1  0
   301  0.4718286551881438E-06   4   0 1  0 0  0 0  2 1  0
   302  0.6561043629483690E-03   4   0 0  1 0  0 0  2 1  0
   303  -.5819533397583012E-02   4   0 0  0 1  0 0  2 1  0
   304  -.5527330506765810E-09   4   1 0  0 0  0 1  0 2  0
   305  0.1169279291085561E-10   4   0 1  0 0  0 1  0 2  0
   306  -.4373375334347475E-03   4   0 0  1 0  0 1  0 2  0
   307  -.2894172193798889E-04   4   0 0  0 1  0 1  0 2  0
   308  -.5508871604637511E-09   4   1 0  0 0  0 0  1 2  0
   309  0.1165374402113234E-10   4   0 1  0 0  0 0  1 2  0
   310  -.4358770145250952E-03   4   0 0  1 0  0 0  1 2  0
   311  -.2884506905792678E-04   4   0 0  0 1  0 0  1 2  0
   312  0.1826993748472152E-09   4   1 0  0 0  0 0  0 3  0
   313  -.2862452329947522E-11   4   0 1  0 0  0 0  0 3  0
   314  -.2262488118861506E-05   4   0 0  1 0  0 0  0 3  0
   315  0.3516853842662730E-07   4   0 0  0 1  0 0  0 3  0
   316  0.4506063163456301E-07   4   0 0  0 0  0 4  0 0  0
   317  0.2525773547844360E-07   4   0 0  0 0  0 3  1 0  0
   318  0.2280861704378641E-07   4   0 0  0 0  0 2  2 0  0
   319  0.2539703481853936E-07   4   0 0  0 0  0 1  3 0  0
   320  0.4471794714466402E-07   4   0 0  0 0  0 0  4 0  0
   321  -.5102617103546205E-07   4   0 0  0 0  0 3  0 1  0
   322  -.3039426779480847E-07   4   0 0  0 0  0 2  1 1  0
   323  -.3049676667335332E-07   4   0 0  0 0  0 1  2 1  0
   324  -.5071998146090157E-07   4   0 0  0 0  0 0  3 1  0
   325  -.1894167129735223E-09   4   0 0  0 0  0 2  0 2  0
   326  -.2273159082548923E-09   4   0 0  0 0  0 1  1 2  0
   327  -.1884045741825806E-09   4   0 0  0 0  0 0  2 2  0
   328  0.1842000477863599E-12   4   0 0  0 0  0 1  0 3  0
   329  0.1835848989999301E-12   4   0 0  0 0  0 0  1 3  0
   -------------------------------------------------------
     I  COEFFICIENT            ORDER EXPONENTS
     1  0.4143002320513050E-08   0   0 0  0 0  0 0  0 0  0
     2  -.1735749947698205E-07   1   1 0  0 0  0 0  0 0  0
     3  -.2585793142803109E-06   1   0 1  0 0  0 0  0 0  0
     4  0.8757943798546488E-08   1   0 0  1 0  0 0  0 0  0
     5  -.8210006123143411E-07   1   0 0  0 1  0 0  0 0  0
     6   1.000000000000000       1   0 0  0 0  1 0  0 0  0
     7  0.6478274471693324E-01   1   0 0  0 0  0 1  0 0  0
     8  -.6478274471633799E-01   1   0 0  0 0  0 0  1 0  0
     9  -.5952760213347659E-12   1   0 0  0 0  0 0  0 1  0
    10  -.2548218476440458E-03   2   2 0  0 0  0 0  0 0  0
    11  -.7912354185799121E-02   2   1 1  0 0  0 0  0 0  0
    12  -.6541443105802656E-01   2   0 2  0 0  0 0  0 0  0
    13  -.8366717081643785E-10   2   1 0  1 0  0 0  0 0  0
    14  -.6321391991400850E-06   2   0 1  1 0  0 0  0 0  0
    15  -.2536187168746734E-03   2   0 0  2 0  0 0  0 0  0
    16  -.6321377631727998E-06   2   1 0  0 1  0 0  0 0  0
    17  -.4930377025310183E-07   2   0 1  0 1  0 0  0 0  0
    18  0.7838071566361991E-02   2   0 0  1 1  0 0  0 0  0
    19  -.6480032447011602E-01   2   0 0  0 2  0 0  0 0  0
    20  0.2580461915995270E-07   2   1 0  0 0  0 1  0 0  0
    21  0.3879719965308866E-06   2   0 1  0 0  0 1  0 0  0
    22  -.9669250840790036E-08   2   0 0  1 0  0 1  0 0  0
    23  0.1233198176479729E-06   2   0 0  0 1  0 1  0 0  0
    24  0.8476817863130122E-08   2   1 0  0 0  0 0  1 0  0
    25  0.1298223050276377E-06   2   0 1  0 0  0 0  1 0  0
    26  -.9374373518240557E-09   2   0 0  1 0  0 0  1 0  0
    27  0.4135542705795660E-07   2   0 0  0 1  0 0  1 0  0
    28  -.3428179112049082E-07   2   1 0  0 0  0 0  0 1  0
    29  -.2592192760331327E-06   2   0 1  0 0  0 0  0 1  0
    30  0.1060673699515321E-07   2   0 0  1 0  0 0  0 1  0
    31  -.8257543746986423E-07   2   0 0  0 1  0 0  0 1  0
    32  -.4866832415348563E-01   2   0 0  0 0  0 2  0 0  0
    33  0.3255390358914677E-01   2   0 0  0 0  0 1  1 0  0
    34  0.1611442056344708E-01   2   0 0  0 0  0 0  2 0  0
    35  0.8907936100778467E-12   2   0 0  0 0  0 1  0 1  0
    36  0.2965120137924121E-12   2   0 0  0 0  0 0  1 1  0
    37  -.2960082988273358E-12   2   0 0  0 0  0 0  0 2  0
    38  -.1006942755077605E-07   3   3 0  0 0  0 0  0 0  0
    39  0.4879444130873463E-05   3   2 1  0 0  0 0  0 0  0
    40  -.3164553586983815E-05   3   1 2  0 0  0 0  0 0  0
    41  -.6848631289509725E-06   3   0 3  0 0  0 0  0 0  0
    42  0.2090730745476291E-06   3   2 0  1 0  0 0  0 0  0
    43  0.7910820909022472E-06   3   1 1  1 0  0 0  0 0  0
    44  0.6015348216605841E-06   3   0 2  1 0  0 0  0 0  0
    45  -.6331145493437078E-06   3   1 0  2 0  0 0  0 0  0
    46  -.5548099580454245E-05   3   0 1  2 0  0 0  0 0  0
    47  0.8188750901377870E-07   3   0 0  3 0  0 0  0 0  0
    48  0.3991576718673123E-06   3   2 0  0 1  0 0  0 0  0
    49  0.1761151696169810E-07   3   1 1  0 1  0 0  0 0  0
    50  -.7708486555361387E-07   3   0 2  0 1  0 0  0 0  0
    51  -.1121654524437873E-04   3   1 0  1 1  0 0  0 0  0
    52  -.1033102514146465E-06   3   0 1  1 1  0 0  0 0  0
    53  -.2597871567292831E-06   3   0 0  2 1  0 0  0 0  0
    54  0.2844523157671234E-05   3   1 0  0 2  0 0  0 0  0
    55  -.3166934606700787E-06   3   0 1  0 2  0 0  0 0  0
    56  -.5333149426696395E-06   3   0 0  1 2  0 0  0 0  0
    57  -.1522457008142707E-06   3   0 0  0 3  0 0  0 0  0
    58  0.3823121451552063E-03   3   2 0  0 0  0 1  0 0  0
    59  0.1188031338474627E-01   3   1 1  0 0  0 1  0 0  0
    60  0.9821970730250661E-01   3   0 2  0 0  0 1  0 0  0
    61  0.2278677810284727E-09   3   1 0  1 0  0 1  0 0  0
    62  0.9482134070486247E-06   3   0 1  1 0  0 1  0 0  0
    63  0.3799061380191031E-03   3   0 0  2 0  0 1  0 0  0
    64  0.9476654340138722E-06   3   1 0  0 1  0 1  0 0  0
    65  0.9675426149139964E-07   3   0 1  0 1  0 1  0 0  0
    66  -.1173175617868197E-01   3   0 0  1 1  0 1  0 0  0
    67  0.9699154560205323E-01   3   0 0  0 2  0 1  0 0  0
    68  0.1279136993019370E-03   3   2 0  0 0  0 0  1 0  0
    69  0.3981045570797339E-02   3   1 1  0 0  0 0  1 0  0
    70  0.3291345640445469E-01   3   0 2  0 0  0 0  1 0  0
    71  0.1105129368133403E-09   3   1 0  1 0  0 0  1 0  0
    72  0.3168563542202204E-06   3   0 1  1 0  0 0  1 0  0
    73  0.1267107874028140E-03   3   0 0  2 0  0 0  1 0  0
    74  0.3165673882595017E-06   3   1 0  0 1  0 0  1 0  0
    75  0.4819100755704940E-07   3   0 1  0 1  0 0  1 0  0
    76  -.3906769951653648E-02   3   0 0  1 1  0 0  1 0  0
    77  0.3229940173241821E-01   3   0 0  0 2  0 0  1 0  0
    78  -.5102278332785482E-03   3   2 0  0 0  0 0  0 1  0
    79  -.7949010317935611E-02   3   1 1  0 0  0 0  0 1  0
    80  -.3043382995149404E-03   3   0 2  0 0  0 0  0 1  0
    81  -.3194586627018749E-09   3   1 0  1 0  0 0  0 1  0
    82  -.6323715404150255E-06   3   0 1  1 0  0 0  0 1  0
    83  -.5066188138194302E-03   3   0 0  2 0  0 0  0 1  0
    84  -.6321080026750754E-06   3   1 0  0 1  0 0  0 1  0
    85  -.4926477807452570E-07   3   0 1  0 1  0 0  0 1  0
    86  0.7800455209126465E-02   3   0 0  1 1  0 0  0 1  0
    87  0.3096897348483682E-03   3   0 0  0 2  0 0  0 1  0
    88  -.3219510911600823E-07   3   1 0  0 0  0 2  0 0  0
    89  -.4852458328979847E-06   3   0 1  0 0  0 2  0 0  0
    90  0.1122918997184018E-07   3   0 0  1 0  0 2  0 0  0
    91  -.1541434194930570E-06   3   0 0  0 1  0 2  0 0  0
    92  -.1279456430965326E-07   3   1 0  0 0  0 1  1 0  0
    93  -.1947618824370454E-06   3   0 1  0 0  0 1  1 0  0
    94  0.3115672483924866E-08   3   0 0  1 0  0 1  1 0  0
    95  -.6171735991064049E-07   3   0 0  0 1  0 1  1 0  0
    96  -.6418814432397589E-08   3   1 0  0 0  0 0  2 0  0
    97  -.9770067554461329E-07   3   0 1  0 0  0 0  2 0  0
    98  0.1568719956350218E-08   3   0 0  1 0  0 0  2 0  0
    99  -.3096062384065206E-07   3   0 0  0 1  0 0  2 0  0
   100  0.5137920683939752E-07   3   1 0  0 0  0 1  0 1  0
   101  0.3892968192734006E-06   3   0 1  0 0  0 1  0 1  0
   102  -.1590469831972231E-07   3   0 0  1 0  0 1  0 1  0
   103  0.1233638121384237E-06   3   0 0  0 1  0 1  0 1  0
   104  0.1715442179259330E-07   3   1 0  0 0  0 0  1 1  0
   105  0.1305059299792137E-06   3   0 1  0 0  0 0  1 1  0
   106  -.5315572053729621E-08   3   0 0  1 0  0 0  1 1  0
   107  0.4092700451107838E-07   3   0 0  0 1  0 0  1 1  0
   108  -.1712574032940574E-07   3   1 0  0 0  0 0  0 2  0
   109  -.6820138869921932E-09   3   0 1  0 0  0 0  0 2  0
   110  0.5306742978699524E-08   3   0 0  1 0  0 0  0 2  0
   111  0.4300308090082322E-09   3   0 0  0 1  0 0  0 2  0
   112  0.4057058995177590E-01   3   0 0  0 0  0 3  0 0  0
   113  -.2437513658181303E-01   3   0 0  0 0  0 2  1 0  0
   114  -.8178770034377848E-02   3   0 0  0 0  0 1  2 0  0
   115  -.8016691376471928E-02   3   0 0  0 0  0 0  3 0  0
   116  0.9564554669639673E-10   3   0 0  0 0  0 2  0 1  0
   117  0.4567433785358095E-10   3   0 0  0 0  0 1  1 1  0
   118  0.2288184618376736E-10   3   0 0  0 0  0 0  2 1  0
   119  -.7505320703484143E-13   3   0 0  0 0  0 1  0 2  0
   120  -.4999964320428324E-13   3   0 0  0 0  0 0  1 2  0
   121  -.1480396138373899E-15   3   0 0  0 0  0 0  0 3  0
   122  -.1674983166252532E-02   4   4 0  0 0  0 0  0 0  0
   123  -.2387915118210704E-02   4   3 1  0 0  0 0  0 0  0
   124  -.3289164519807214E-01   4   2 2  0 0  0 0  0 0  0
   125  -.1621874645983064E-01   4   1 3  0 0  0 0  0 0  0
   126  -.5017960801143791E-01   4   0 4  0 0  0 0  0 0  0
   127  0.5230760969261726E-06   4   3 0  1 0  0 0  0 0  0
   128  0.6760613112419728E-06   4   2 1  1 0  0 0  0 0  0
   129  -.6301242234443097E-07   4   1 2  1 0  0 0  0 0  0
   130  -.9557353543990429E-06   4   0 3  1 0  0 0  0 0  0
   131  -.9865428369844264E-02   4   2 0  2 0  0 0  0 0  0
   132  -.7973510684822823E-02   4   1 1  2 0  0 0  0 0  0
   133  -.3113937576600507E-01   4   0 2  2 0  0 0  0 0  0
   134  -.5313994124306426E-06   4   1 0  3 0  0 0  0 0  0
   135  -.2379713186820717E-06   4   0 1  3 0  0 0  0 0  0
   136  -.1623565110960903E-02   4   0 0  4 0  0 0  0 0  0
   137  0.2276892235959630E-06   4   3 0  0 1  0 0  0 0  0
   138  -.4923526736440601E-05   4   2 1  0 1  0 0  0 0  0
   139  -.1600962762533894E-05   4   1 2  0 1  0 0  0 0  0
   140  -.2131346793641431E-06   4   0 3  0 1  0 0  0 0  0
   141  -.8058950233153627E-02   4   2 0  1 1  0 0  0 0  0
   142  -.1934064893302093E-02   4   1 1  1 1  0 0  0 0  0
   143  0.7583541011858968E-02   4   0 2  1 1  0 0  0 0  0
   144  -.7207103968307653E-06   4   1 0  2 1  0 0  0 0  0
   145  -.4811119172459165E-05   4   0 1  2 1  0 0  0 0  0
   146  -.2045170859038202E-02   4   0 0  3 1  0 0  0 0  0
   147  0.2940637688924173E-01   4   2 0  0 2  0 0  0 0  0
   148  -.8172461050642491E-02   4   1 1  0 2  0 0  0 0  0
   149  -.9768984469708451E-01   4   0 2  0 2  0 0  0 0  0
   150  0.5018547602150191E-07   4   1 0  1 2  0 0  0 0  0
   151  -.1561607224542664E-05   4   0 1  1 2  0 0  0 0  0
   152  0.2781275681222894E-01   4   0 0  2 2  0 0  0 0  0
   153  -.9420710725419517E-06   4   1 0  0 3  0 0  0 0  0
   154  -.2120174677050610E-06   4   0 1  0 3  0 0  0 0  0
   155  0.1529564794213077E-01   4   0 0  1 3  0 0  0 0  0
   156  -.4751765044075290E-01   4   0 0  0 4  0 0  0 0  0
   157  -.1211255461828785E-05   4   3 0  0 0  0 1  0 0  0
   158  -.3072667981506390E-04   4   2 1  0 0  0 1  0 0  0
   159  -.1819561384101516E-04   4   1 2  0 0  0 1  0 0  0
   160  -.8654462044338367E-04   4   0 3  0 0  0 1  0 0  0
   161  -.1337647163690841E-06   4   2 0  1 0  0 1  0 0  0
   162  -.9603964314071226E-06   4   1 1  1 0  0 1  0 0  0
   163  0.3651926533801609E-06   4   0 2  1 0  0 1  0 0  0
   164  -.2199033187230089E-05   4   1 0  2 0  0 1  0 0  0
   165  -.1358159533494063E-04   4   0 1  2 0  0 1  0 0  0
   166  -.6537639340030904E-07   4   0 0  3 0  0 1  0 0  0
   167  0.7603280125610635E-06   4   2 0  0 1  0 1  0 0  0
   168  -.4236909486710414E-06   4   1 1  0 1  0 1  0 0  0
   169  -.5132890327025131E-05   4   0 2  0 1  0 1  0 0  0
   170  0.1556925076204465E-04   4   1 0  1 1  0 1  0 0  0
   171  0.6643275091517370E-05   4   0 1  1 1  0 1  0 0  0
   172  0.1631269711347709E-05   4   0 0  2 1  0 1  0 0  0
   173  -.6161843700763162E-05   4   1 0  0 2  0 1  0 0  0
   174  -.8417127315118619E-04   4   0 1  0 2  0 1  0 0  0
   175  0.1040274120428653E-05   4   0 0  1 2  0 1  0 0  0
   176  -.4990023366916782E-05   4   0 0  0 3  0 1  0 0  0
   177  -.6343189017803245E-06   4   3 0  0 0  0 0  1 0  0
   178  -.1430133456989608E-04   4   2 1  0 0  0 0  1 0  0
   179  -.1122815728593890E-04   4   1 2  0 0  0 0  1 0  0
   180  -.5206661608997008E-04   4   0 3  0 0  0 0  1 0  0
   181  -.5753695005733038E-07   4   2 0  1 0  0 0  1 0  0
   182  -.3255078722412612E-06   4   1 1  1 0  0 0  1 0  0
   183  0.2026716783384957E-06   4   0 2  1 0  0 0  1 0  0
   184  -.9424647589321341E-06   4   1 0  2 0  0 0  1 0  0
   185  -.8152126755215572E-05   4   0 1  2 0  0 0  1 0  0
   186  -.3344163370819787E-07   4   0 0  3 0  0 0  1 0  0
   187  0.4552844301057461E-06   4   2 0  0 1  0 0  1 0  0
   188  -.2550862500603815E-06   4   1 1  0 1  0 0  1 0  0
   189  -.3076944359757437E-05   4   0 2  0 1  0 0  1 0  0
   190  0.5123717091213696E-05   4   1 0  1 1  0 0  1 0  0
   191  0.3965136368219023E-05   4   0 1  1 1  0 0  1 0  0
   192  0.7229523176197675E-06   4   0 0  2 1  0 0  1 0  0
   193  -.3431956539013768E-05   4   1 0  0 2  0 0  1 0  0
   194  -.5045961412288984E-04   4   0 1  0 2  0 0  1 0  0
   195  0.6377280525168770E-06   4   0 0  1 2  0 0  1 0  0
   196  -.2980271420160226E-05   4   0 0  0 3  0 0  1 0  0
   197  0.1432974721733437E-05   4   3 0  0 0  0 0  0 1  0
   198  0.1722912301886275E-04   4   2 1  0 0  0 0  0 1  0
   199  0.7110449900902064E-05   4   1 2  0 0  0 0  0 1  0
   200  0.6741192266552537E-06   4   0 3  0 0  0 0  0 1  0
   201  0.1070253593461308E-06   4   2 0  1 0  0 0  0 1  0
   202  0.6297074930281452E-06   4   1 1  1 0  0 0  0 1  0
   203  -.1641766426518825E-06   4   0 2  1 0  0 0  0 1  0
   204  0.1763766513023625E-05   4   1 0  2 0  0 0  0 1  0
   205  0.5552421313036295E-05   4   0 1  2 0  0 0  0 1  0
   206  0.7735992938952313E-07   4   0 0  3 0  0 0  0 1  0
   207  -.2960424744468346E-06   4   2 0  0 1  0 0  0 1  0
   208  0.1704359475354840E-06   4   1 1  0 1  0 0  0 1  0
   209  0.6241323526911815E-08   4   0 2  0 1  0 0  0 1  0
   210  -.1056383989112296E-04   4   1 0  1 1  0 0  0 1  0
   211  -.2640195851549961E-05   4   0 1  1 1  0 0  0 1  0
   212  -.8636138864699712E-06   4   0 0  2 1  0 0  0 1  0
   213  0.2726677836304495E-05   4   1 0  0 2  0 0  0 1  0
   214  -.9323220033669666E-07   4   0 1  0 2  0 0  0 1  0
   215  -.3942432253176776E-06   4   0 0  1 2  0 0  0 1  0
   216  -.3955628287682284E-07   4   0 0  0 3  0 0  0 1  0
   217  -.4781296240360297E-03   4   2 0  0 0  0 2  0 0  0
   218  -.1486700323300332E-01   4   1 1  0 0  0 2  0 0  0
   219  -.1229127505043897       4   0 2  0 0  0 2  0 0  0
   220  -.3173027232321551E-09   4   1 0  1 0  0 2  0 0  0
   221  -.1184789531917752E-05   4   0 1  1 0  0 2  0 0  0
   222  -.4745206076065437E-03   4   0 0  2 0  0 2  0 0  0
   223  -.1184481005882193E-05   4   1 0  0 1  0 2  0 0  0
   224  -.1473623547191263E-06   4   0 1  0 1  0 2  0 0  0
   225  0.1464416857925240E-01   4   0 0  1 1  0 2  0 0  0
   226  -.1210705475978826       4   0 0  0 2  0 2  0 0  0
   227  -.1918473760932744E-03   4   2 0  0 0  0 1  1 0  0
   228  -.5980017667680080E-02   4   1 1  0 0  0 1  1 0  0
   229  -.4944097355339533E-01   4   0 2  0 0  0 1  1 0  0
   230  -.1936946184429501E-09   4   1 0  1 0  0 1  1 0  0
   231  -.4739901123608019E-06   4   0 1  1 0  0 1  1 0  0
   232  -.1894414707010814E-03   4   0 0  2 0  0 1  1 0  0
   233  -.4741251669873654E-06   4   1 0  0 1  0 1  1 0  0
   234  -.9977616365632392E-07   4   0 1  0 1  0 1  1 0  0
   235  0.5831466029533338E-02   4   0 0  1 1  0 1  1 0  0
   236  -.4821290317412091E-01   4   0 0  0 2  0 1  1 0  0
   237  -.9623886857107598E-04   4   2 0  0 0  0 0  2 0  0
   238  -.2999772604516509E-02   4   1 1  0 0  0 0  2 0  0
   239  -.2480120552115522E-01   4   0 2  0 0  0 0  2 0  0
   240  -.9895842177686276E-10   4   1 0  1 0  0 0  2 0  0
   241  -.2377735074192819E-06   4   0 1  1 0  0 0  2 0  0
   242  -.9503592943485590E-04   4   0 0  2 0  0 0  2 0  0
   243  -.2378538535975573E-06   4   1 0  0 1  0 0  2 0  0
   244  -.4987527803848491E-07   4   0 1  0 1  0 0  2 0  0
   245  0.2925497914335850E-02   4   0 0  1 1  0 0  2 0  0
   246  -.2418718048999829E-01   4   0 0  0 2  0 0  2 0  0
   247  0.7657905589354073E-03   4   2 0  0 0  0 1  0 1  0
   248  0.1195338747881057E-01   4   1 1  0 0  0 1  0 1  0
   249  0.6072798836954190E-03   4   0 2  0 0  0 1  0 1  0
   250  0.6123406917030170E-09   4   1 0  1 0  0 1  0 1  0
   251  0.9478195419153128E-06   4   0 1  1 0  0 1  0 1  0
   252  0.7585728586813704E-03   4   0 0  2 0  0 1  0 1  0
   253  0.9476056118757526E-06   4   1 0  0 1  0 1  0 1  0
   254  0.9852123997481057E-07   4   0 1  0 1  0 1  0 1  0
   255  -.1165629014051649E-01   4   0 0  1 1  0 1  0 1  0
   256  -.6206625331212038E-03   4   0 0  0 2  0 1  0 1  0
   257  0.2564075069501787E-03   4   2 0  0 0  0 0  1 1  0
   258  0.4017461882747420E-02   4   1 1  0 0  0 0  1 1  0
   259  0.3029428544075043E-03   4   0 2  0 0  0 0  1 1  0
   260  0.2929672206719392E-09   4   1 0  1 0  0 0  1 1  0
   261  0.3164993368917146E-06   4   0 1  1 0  0 0  1 1  0
   262  0.2527988652746585E-03   4   0 0  2 0  0 0  1 1  0
   263  0.3165479016679487E-06   4   1 0  0 1  0 0  1 1  0
   264  0.4925594023637292E-07   4   0 1  0 1  0 0  1 1  0
   265  -.3868921267044825E-02   4   0 0  1 1  0 0  1 1  0
   266  -.3109650595105452E-03   4   0 0  0 2  0 0  1 1  0
   267  -.2559841184439901E-03   4   2 0  0 0  0 0  0 2  0
   268  -.3641259994692943E-04   4   1 1  0 0  0 0  0 2  0
   269  0.1396432790987708E-05   4   0 2  0 0  0 0  0 2  0
   270  -.2991706728150600E-09   4   1 0  1 0  0 0  0 2  0
   271  0.5458505274764412E-10   4   0 1  1 0  0 0  0 2  0
   272  -.2523755481361217E-03   4   0 0  2 0  0 0  0 2  0
   273  0.5872591609307982E-10   4   1 0  0 1  0 0  0 2  0
   274  0.8990349876056396E-11   4   0 1  0 1  0 0  0 2  0
   275  -.3784951404165080E-04   4   0 0  1 1  0 0  0 2  0
   276  0.1279310842067471E-05   4   0 0  0 2  0 0  0 2  0
   277  -.2991485539710223E-05   4   1 0  0 0  0 3  0 0  0
   278  -.4948985841760349E-04   4   0 1  0 0  0 3  0 0  0
   279  0.1779686795734009E-06   4   0 0  1 0  0 3  0 0  0
   280  -.2962921310308254E-05   4   0 0  0 1  0 3  0 0  0
   281  -.1290766529808790E-05   4   1 0  0 0  0 2  1 0  0
   282  -.2135302788158289E-04   4   0 1  0 0  0 2  1 0  0
   283  0.7688634698697971E-07   4   0 0  1 0  0 2  1 0  0
   284  -.1261586486967052E-05   4   0 0  0 1  0 2  1 0  0
   285  -.7763993564068081E-06   4   1 0  0 0  0 1  2 0  0
   286  -.1284414983940937E-04   4   0 1  0 0  0 1  2 0  0
   287  0.4592265269960857E-07   4   0 0  1 0  0 1  2 0  0
   288  -.7563447985049786E-06   4   0 0  0 1  0 1  2 0  0
   289  -.4324982776425132E-06   4   1 0  0 0  0 0  3 0  0
   290  -.7154780763568178E-05   4   0 1  0 0  0 0  3 0  0
   291  0.2576254632517802E-07   4   0 0  1 0  0 0  3 0  0
   292  -.4227900840984719E-06   4   0 0  0 1  0 0  3 0  0
   293  0.2573346747461883E-05   4   1 0  0 0  0 2  0 1  0
   294  0.2163224817723242E-06   4   0 1  0 0  0 2  0 1  0
   295  -.1529277784206331E-06   4   0 0  1 0  0 2  0 1  0
   296  -.1340877961402285E-07   4   0 0  0 1  0 2  0 1  0
   297  0.1040134634017928E-05   4   1 0  0 0  0 1  1 1  0
   298  0.1699060956726686E-06   4   0 1  0 0  0 1  1 1  0
   299  -.6055954994109896E-07   4   0 0  1 0  0 1  1 1  0
   300  -.1058626553075103E-07   4   0 0  0 1  0 1  1 1  0
   301  0.5217447006230887E-06   4   1 0  0 0  0 0  2 1  0
   302  0.8488749362187564E-07   4   0 1  0 0  0 0  2 1  0
   303  -.3038259653024121E-07   4   0 0  1 0  0 0  2 1  0
   304  -.5288932592287282E-08   4   0 0  0 1  0 0  2 1  0
   305  -.6860286023769536E-08   4   1 0  0 0  0 1  0 2  0
   306  0.6779453723485339E-09   4   0 1  0 0  0 1  0 2  0
   307  -.4257028655150765E-09   4   0 0  1 0  0 1  0 2  0
   308  0.3952792722881647E-10   4   0 0  0 1  0 1  0 2  0
   309  -.4376577151485984E-08   4   1 0  0 0  0 0  1 2  0
   310  0.4592947742181002E-09   4   0 1  0 0  0 0  1 2  0
   311  -.2739268031691657E-09   4   0 0  1 0  0 0  1 2  0
   312  0.2641167471335203E-10   4   0 0  0 1  0 0  1 2  0
   313  -.3141989635285793E-11   4   1 0  0 0  0 0  0 3  0
   314  -.3839614526234504E-12   4   0 1  0 0  0 0  0 3  0
   315  0.1843159271901043E-12   4   0 0  1 0  0 0  0 3  0
   316  0.2336818579302333E-13   4   0 0  0 1  0 0  0 3  0
   317  -.3550437812749174E-01   4   0 0  0 0  0 4  0 0  0
   318  0.2030572287669248E-01   4   0 0  0 0  0 3  1 0  0
   319  0.6104108646625432E-02   4   0 0  0 0  0 2  2 0  0
   320  0.4109360277346929E-02   4   0 0  0 0  0 1  3 0  0
   321  0.4985176481287413E-02   4   0 0  0 0  0 0  4 0  0
   322  -.3410562130879399E-10   4   0 0  0 0  0 3  0 1  0
   323  0.4758127223735763E-10   4   0 0  0 0  0 2  1 1  0
   324  0.2488704929293979E-10   4   0 0  0 0  0 1  2 1  0
   325  0.1566035565831929E-10   4   0 0  0 0  0 0  3 1  0
   326  0.7468382629817076E-13   4   0 0  0 0  0 2  0 2  0
   327  0.4315644548264341E-13   4   0 0  0 0  0 1  1 2  0
   328  0.3745094331748285E-13   4   0 0  0 0  0 0  2 2  0
   329  -.1475452253185497E-15   4   0 0  0 0  0 0  1 3  0
   -------------------------------------------------------
     I  COEFFICIENT            ORDER EXPONENTS
     1   1.000000000000000       1   0 0  0 0  0 1  0 0  0
     -----------------------------------------------------
     I  COEFFICIENT            ORDER EXPONENTS
     1   1.000000000000000       1   0 0  0 0  0 0  1 0  0
     -----------------------------------------------------
     I  COEFFICIENT            ORDER EXPONENTS
     1   1.000000000000000       1   0 0  0 0  0 0  0 1  0
     -----------------------------------------------------
