     I  COEFFICIENT            ORDER EXPONENTS
     1   1.147144049107768       1   1 0  0 0  0 0  0 0  0
     2  0.3085599184108507       1   0 1  0 0  0 0  0 0  0
     3  -.7527741886831085E-01   2   1 0  0 0  0 1  0 0  0
     4  -.1599824257625917       2   0 1  0 0  0 1  0 0  0
     5  -.7502602472689335E-01   2   1 0  0 0  0 0  1 0  0
     6  -.1594481533981683       2   0 1  0 0  0 0  1 0  0
     7  0.1503034435952042       2   1 0  0 0  0 0  0 1  0
     8  0.1087066074990904E-01   2   0 1  0 0  0 0  0 1  0
     9  0.1719185257232890       3   3 0  0 0  0 0  0 0  0
    10  0.7567742644055037       3   2 1  0 0  0 0  0 0  0
    11  0.3482130227566023       3   1 2  0 0  0 0  0 0  0
    12  0.1840607710162737       3   0 3  0 0  0 0  0 0  0
    13  -.1241489830982643       3   1 0  2 0  0 0  0 0  0
    14  0.4766088884024611       3   0 1  2 0  0 0  0 0  0
    15  -.1133530922392094       3   1 0  1 1  0 0  0 0  0
    16  -.2075062760044566E-01   3   0 1  1 1  0 0  0 0  0
    17  0.1462218943464338       3   1 0  0 2  0 0  0 0  0
    18  0.1692686341390186       3   0 1  0 2  0 0  0 0  0
    19  0.5722316887116408E-01   3   1 0  0 0  0 2  0 0  0
    20  0.1226494668920858       3   0 1  0 0  0 2  0 0  0
    21  0.3928866615647034E-01   3   1 0  0 0  0 1  1 0  0
    22  0.8556407577325739E-01   3   0 1  0 0  0 1  1 0  0
    23  0.5696646453743412E-01   3   1 0  0 0  0 0  2 0  0
    24  0.1220969969517974       3   0 1  0 0  0 0  2 0  0
    25  -.7845758503048750E-01   3   1 0  0 0  0 1  0 1  0
    26  -.1089815803224554E-01   3   0 1  0 0  0 1  0 1  0
    27  -.7819557050444581E-01   3   1 0  0 0  0 0  1 1  0
    28  -.1086176288051575E-01   3   0 1  0 0  0 0  1 1  0
    29  0.3174855969864582E-02   3   1 0  0 0  0 0  0 2  0
    30  0.9299706471747578E-05   3   0 1  0 0  0 0  0 2  0
    31  -.2065089012939970       4   3 0  0 0  0 1  0 0  0
    32  -.9131508886717630       4   2 1  0 0  0 1  0 0  0
    33  -.5556037656041179       4   1 2  0 0  0 1  0 0  0
    34  -.2957201341484170       4   0 3  0 0  0 1  0 0  0
    35  0.1163070744346806       4   1 0  2 0  0 1  0 0  0
    36  -.4761428943064475       4   0 1  2 0  0 1  0 0  0
    37  0.1724418533336469       4   1 0  1 1  0 1  0 0  0
    38  0.4132628957597106E-01   4   0 1  1 1  0 1  0 0  0
    39  -.2205915645002752       4   1 0  0 2  0 1  0 0  0
    40  -.2640329949036108       4   0 1  0 2  0 1  0 0  0
    41  -.2058192505499078       4   3 0  0 0  0 0  1 0  0
    42  -.9101013581871501       4   2 1  0 0  0 0  1 0  0
    43  -.5537482884408218       4   1 2  0 0  0 0  1 0  0
    44  -.2947325563283786       4   0 3  0 0  0 0  1 0  0
    45  0.1159186589236558       4   1 0  2 0  0 0  1 0  0
    46  -.4745527822129983       4   0 1  2 0  0 0  1 0  0
    47  0.1718659718499975       4   1 0  1 1  0 0  1 0  0
    48  0.4118827757659538E-01   4   0 1  1 1  0 0  1 0  0
    49  -.2198548837293992       4   1 0  0 2  0 0  1 0  0
    50  -.2631512384744250       4   0 1  0 2  0 0  1 0  0
    51  0.4123281518439142       4   3 0  0 0  0 0  0 1  0
    52   1.066477982453419       4   2 1  0 0  0 0  0 1  0
    53  0.4129260085317468       4   1 2  0 0  0 0  0 1  0
    54  0.3827037742797657E-01   4   0 3  0 0  0 0  0 1  0
    55  -.2322257333583380       4   1 0  2 0  0 0  0 1  0
    56  0.4740867881169855       4   0 1  2 0  0 0  0 1  0
    57  -.2309547329444359       4   1 0  1 1  0 0  0 1  0
    58  -.4101331195167357E-01   4   0 1  1 1  0 0  0 1  0
    59  0.1480026595368071       4   1 0  0 2  0 0  0 1  0
    60  0.1937833096097955E-01   4   0 1  0 2  0 0  0 1  0
    61  -.4821286276510772E-01   4   1 0  0 0  0 3  0 0  0
    62  -.1040147636940374       4   0 1  0 0  0 3  0 0  0
    63  -.3022262866139688E-01   4   1 0  0 0  0 2  1 0  0
    64  -.6680820370852139E-01   4   0 1  0 0  0 2  1 0  0
    65  -.3031194154910402E-01   4   1 0  0 0  0 1  2 0  0
    66  -.6699284445359946E-01   4   0 1  0 0  0 1  2 0  0
    67  -.4792105163742716E-01   4   1 0  0 0  0 0  3 0  0
    68  -.1033825361366055       4   0 1  0 0  0 0  3 0  0
    69  0.6041487921439226E-01   4   1 0  0 0  0 2  0 1  0
    70  0.1090409411437578E-01   4   0 1  0 0  0 2  0 1  0
    71  0.4249180810806105E-01   4   1 0  0 0  0 1  1 1  0
    72  0.1090986900446934E-01   4   0 1  0 0  0 1  1 1  0
    73  0.6014216738651745E-01   4   1 0  0 0  0 0  2 1  0
    74  0.1084946200802424E-01   4   0 1  0 0  0 0  2 1  0
    75  -.3203198237934947E-02   4   1 0  0 0  0 1  0 2  0
    76  -.1179156824196578E-04   4   0 1  0 0  0 1  0 2  0
    77  -.3192500936102648E-02   4   1 0  0 0  0 0  1 2  0
    78  -.1175218948517957E-04   4   0 1  0 0  0 0  1 2  0
    79  0.1532907810296573E-04   4   1 0  0 0  0 0  0 3  0
    80  -.1451787229377123E-05   4   0 1  0 0  0 0  0 3  0
    ------------------------------------------------------
     I  COEFFICIENT            ORDER EXPONENTS
     1   1.023916065123547       1   1 0  0 0  0 0  0 0  0
     2   1.147144038604511       1   0 1  0 0  0 0  0 0  0
     3  -.2884205452921663E-01   2   1 0  0 0  0 1  0 0  0
     4  -.7527741217760762E-01   2   0 1  0 0  0 1  0 0  0
     5  -.2874573449534601E-01   2   1 0  0 0  0 0  1 0  0
     6  -.7502601805853423E-01   2   0 1  0 0  0 0  1 0  0
     7   1.081503854148111       2   1 0  0 0  0 0  0 1  0
     8  0.1503034302361420       2   0 1  0 0  0 0  0 1  0
     9  -1.107493871194392       3   3 0  0 0  0 0  0 0  0
    10  -.7339595311001066       3   2 1  0 0  0 0  0 0  0
    11  -.6433879395273209       3   1 2  0 0  0 0  0 0  0
    12  -.9468696875138377E-02   3   0 3  0 0  0 0  0 0  0
    13  -2.261026764099980       3   1 0  2 0  0 0  0 0  0
    14  -.5861342243006395E-01   3   0 1  2 0  0 0  0 0  0
    15  -1.232152459255425       3   1 0  1 1  0 0  0 0  0
    16  -.2365939900824316       3   0 1  1 1  0 0  0 0  0
    17  0.4490269714788751       3   1 0  0 2  0 0  0 0  0
    18  0.1256433586836432       3   0 1  0 2  0 0  0 0  0
    19  0.2189570237492640E-01   3   1 0  0 0  0 2  0 0  0
    20  0.5722316310487530E-01   3   0 1  0 0  0 2  0 0  0
    21  0.1499542419914809E-01   3   1 0  0 0  0 1  1 0  0
    22  0.3928866130849683E-01   3   0 1  0 0  0 1  1 0  0
    23  0.2179754103642317E-01   3   1 0  0 0  0 0  2 0  0
    24  0.5696645879849753E-01   3   0 1  0 0  0 0  2 0  0
    25  -.5878682894900038E-01   3   1 0  0 0  0 1  0 1  0
    26  -.7845757534063956E-01   3   0 1  0 0  0 1  0 1  0
    27  -.5859050627199541E-01   3   1 0  0 0  0 0  1 1  0
    28  -.7819556084695817E-01   3   0 1  0 0  0 0  1 1  0
    29  0.5868866761049856E-01   3   1 0  0 0  0 0  0 2  0
    30  0.3174852975727963E-02   3   0 1  0 0  0 0  0 2  0
    31  0.7063244130559750       4   3 0  0 0  0 1  0 0  0
    32  0.8044435730810129       4   2 1  0 0  0 1  0 0  0
    33  0.7346556474636372       4   1 2  0 0  0 1  0 0  0
    34  0.1939424146456283E-01   4   0 3  0 0  0 1  0 0  0
    35   1.003095954569290       4   1 0  2 0  0 1  0 0  0
    36  0.1986170787396166E-01   4   0 1  2 0  0 1  0 0  0
    37   1.240794742018354       4   1 0  1 1  0 1  0 0  0
    38  0.3475906747062818       4   0 1  1 1  0 1  0 0  0
    39  -.4299910742233587       4   1 0  0 2  0 1  0 0  0
    40  -.1797756053003123       4   0 1  0 2  0 1  0 0  0
    41  0.7039655938768365       4   3 0  0 0  0 0  1 0  0
    42  0.8017570781876635       4   2 1  0 0  0 0  1 0  0
    43  0.7322022141697173       4   1 2  0 0  0 0  1 0  0
    44  0.1932947305519293E-01   4   0 3  0 0  0 0  1 0  0
    45  0.9997460463225766       4   1 0  2 0  0 0  1 0  0
    46  0.1979537832822201E-01   4   0 1  2 0  0 0  1 0  0
    47   1.236651022247750       4   1 0  1 1  0 0  1 0  0
    48  0.3464298716321838       4   0 1  1 1  0 0  1 0  0
    49  -.4285550893218225       4   1 0  0 2  0 0  1 0  0
    50  -.1791752322452621       4   0 1  0 2  0 0  1 0  0
    51  -2.517783878127198       4   3 0  0 0  0 0  0 1  0
    52  -1.606200651268664       4   2 1  0 0  0 0  0 1  0
    53  -.8234699221060203       4   1 2  0 0  0 0  0 1  0
    54  -.1978632076947510E-01   4   0 3  0 0  0 0  0 1  0
    55  -4.263868764991851       4   1 0  2 0  0 0  0 1  0
    56  -.3965708620218167E-01   4   0 1  2 0  0 0  0 1  0
    57  -2.477445764266102       4   1 0  1 1  0 0  0 1  0
    58  -.4574265562560328       4   0 1  1 1  0 0  0 1  0
    59  0.4095191920663062       4   1 0  0 2  0 0  0 1  0
    60  0.1076641201782881       4   0 1  0 2  0 0  0 1  0
    61  -.1842960401232747E-01   4   1 0  0 0  0 3  0 0  0
    62  -.4821285744258710E-01   4   0 1  0 0  0 3  0 0  0
    63  -.1150908915629363E-01   4   1 0  0 0  0 2  1 0  0
    64  -.3022262422503345E-01   4   0 1  0 0  0 2  1 0  0
    65  -.1154344815220223E-01   4   1 0  0 0  0 1  2 0  0
    66  -.3031193710839046E-01   4   0 1  0 0  0 1  2 0  0
    67  -.1831813043123420E-01   4   1 0  0 0  0 0  3 0  0
    68  -.4792104634895182E-01   4   0 1  0 0  0 0  3 0  0
    69  0.4490219881834934E-01   4   1 0  0 0  0 2  0 1  0
    70  0.6041487034304389E-01   4   0 1  0 0  0 2  0 1  0
    71  0.3110965041784359E-01   4   1 0  0 0  0 1  1 1  0
    72  0.4249180004985413E-01   4   0 1  0 0  0 1  1 1  0
    73  0.4470029840948145E-01   4   1 0  0 0  0 0  2 1  0
    74  0.6014215855825140E-01   4   0 1  0 0  0 0  2 1  0
    75  -.3106360955277003E-01   4   1 0  0 0  0 1  0 2  0
    76  -.3203195027331159E-02   4   0 1  0 0  0 1  0 2  0
    77  -.3095987048240625E-01   4   1 0  0 0  0 0  1 2  0
    78  -.3192497736220750E-02   4   0 1  0 0  0 0  1 2  0
    79  0.1111604141559646E-02   4   1 0  0 0  0 0  0 3  0
    80  0.1532893736541283E-04   4   0 1  0 0  0 0  0 3  0
    ------------------------------------------------------
     I  COEFFICIENT            ORDER EXPONENTS
     1  0.8591118666790029       1   0 0  1 0  0 0  0 0  0
     2  0.2868672633008080       1   0 0  0 1  0 0  0 0  0
     3  0.6901128890951769E-01   2   0 0  1 0  0 1  0 0  0
     4  -.1382563228225288       2   0 0  0 1  0 1  0 0  0
     5  0.6878082094204044E-01   2   0 0  1 0  0 0  1 0  0
     6  -.1377946062799853       2   0 0  0 1  0 0  1 0  0
     7  -.1377921098515580       2   0 0  1 0  0 0  0 1  0
     8  -.1081633419829418E-01   2   0 0  0 1  0 0  0 1  0
     9  -.1502611209233855       3   2 0  1 0  0 0  0 0  0
    10  -.1036533951967560       3   1 1  1 0  0 0  0 0  0
    11  -.1408980591879094       3   0 2  1 0  0 0  0 0  0
    12  0.5903383617981567E-01   3   0 0  3 0  0 0  0 0  0
    13  -.4999949905592128       3   2 0  0 1  0 0  0 0  0
    14  -.2161968732838804E-01   3   1 1  0 1  0 0  0 0  0
    15  0.1264553808677130       3   0 2  0 1  0 0  0 0  0
    16  -.2760469489054992       3   0 0  2 1  0 0  0 0  0
    17  -.2361854948185270       3   0 0  1 2  0 0  0 0  0
    18  0.1192436388280420       3   0 0  0 3  0 0  0 0  0
    19  -.5095727118385956E-01   3   0 0  1 0  0 2  0 0  0
    20  0.1009261428001859       3   0 0  0 1  0 2  0 0  0
    21  -.3302306907368527E-01   3   0 0  1 0  0 1  1 0  0
    22  0.6384375427438965E-01   3   0 0  0 1  0 1  1 0  0
    23  -.5073195444556539E-01   3   0 0  1 0  0 0  2 0  0
    24  0.1004824876588005       3   0 0  0 1  0 0  2 0  0
    25  0.6592632253188657E-01   3   0 0  1 0  0 1  0 1  0
    26  0.1081660577029653E-01   3   0 0  0 1  0 1  0 1  0
    27  0.6570615702277557E-01   3   0 0  1 0  0 0  1 1  0
    28  0.1078048296798008E-01   3   0 0  0 1  0 0  1 1  0
    29  0.3079815148448104E-02   3   0 0  1 0  0 0  0 2  0
    30  0.1778982915582629E-04   3   0 0  0 1  0 0  0 2  0
    31  0.1555031410496559       4   2 0  1 0  0 1  0 0  0
    32  0.1530126762826578       4   1 1  1 0  0 1  0 0  0
    33  0.2099249677781657       4   0 2  1 0  0 1  0 0  0
    34  -.3633700276479712E-01   4   0 0  3 0  0 1  0 0  0
    35  0.5112813443276283       4   2 0  0 1  0 1  0 0  0
    36  0.4349641919071645E-01   4   1 1  0 1  0 1  0 0  0
    37  -.1783186714741521       4   0 2  0 1  0 1  0 0  0
    38  0.1870229215034187       4   0 0  2 1  0 1  0 0  0
    39  0.3308742626944542       4   0 0  1 2  0 1  0 0  0
    40  -.1656157706041579       4   0 0  0 3  0 1  0 0  0
    41  0.1549838275660147       4   2 0  1 0  0 0  1 0  0
    42  0.1525016798781824       4   1 1  1 0  0 0  1 0  0
    43  0.2092239088440251       4   0 2  1 0  0 0  1 0  0
    44  -.3621565283344874E-01   4   0 0  3 0  0 0  1 0  0
    45  0.5095738849525291       4   2 0  0 1  0 0  1 0  0
    46  0.4335115989355021E-01   4   1 1  0 1  0 0  1 0  0
    47  -.1777231639502768       4   0 2  0 1  0 0  1 0  0
    48  0.1863983455351723       4   0 0  2 1  0 0  1 0  0
    49  0.3297692852332491       4   0 0  1 2  0 0  1 0  0
    50  -.1650626852954144       4   0 0  0 3  0 0  1 0  0
    51  -.3104869686156690       4   2 0  1 0  0 0  0 1  0
    52  -.2018609609640833       4   1 1  1 0  0 0  0 1  0
    53  -.1373527582463707       4   0 2  1 0  0 0  0 1  0
    54  0.7255265559824542E-01   4   0 0  3 0  0 0  0 1  0
    55  -.5208602387209439       4   2 0  0 1  0 0  0 1  0
    56  -.4360820442748831E-01   4   1 1  0 1  0 0  0 1  0
    57  -.2332430717870834E-01   4   0 2  0 1  0 0  0 1  0
    58  -.9737431813309111E-01   4   0 0  2 1  0 0  0 1  0
    59  -.1882725582906498       4   0 0  1 2  0 0  0 1  0
    60  -.2705246058455293E-01   4   0 0  0 3  0 0  0 1  0
    61  0.4194721484528671E-01   4   0 0  1 0  0 3  0 0  0
    62  -.8229427901211225E-01   4   0 0  0 1  0 3  0 0  0
    63  0.2395747877808564E-01   4   0 0  1 0  0 2  1 0  0
    64  -.4509337942669565E-01   4   0 0  0 1  0 2  1 0  0
    65  0.2404689398949325E-01   4   0 0  1 0  0 1  2 0  0
    66  -.4527835518060988E-01   4   0 0  0 1  0 1  2 0  0
    67  0.4169721696084877E-01   4   0 0  1 0  0 0  3 0  0
    68  -.8180699462747976E-01   4   0 0  0 1  0 0  3 0  0
    69  -.4788458094622686E-01   4   0 0  1 0  0 2  0 1  0
    70  -.1080221193752534E-01   4   0 0  0 1  0 2  0 1  0
    71  -.2996260738778717E-01   4   0 0  1 0  0 1  1 1  0
    72  -.1078779360855817E-01   4   0 0  0 1  0 1  1 1  0
    73  -.4767463598090879E-01   4   0 0  1 0  0 0  2 1  0
    74  -.1074812391335216E-01   4   0 0  0 1  0 0  2 1  0
    75  -.3060437891766139E-02   4   0 0  1 0  0 1  0 2  0
    76  -.2879991364030440E-04   4   0 0  0 1  0 1  0 2  0
    77  -.3050217347973172E-02   4   0 0  1 0  0 0  1 2  0
    78  -.2870373433885897E-04   4   0 0  0 1  0 0  1 2  0
    79  -.1632501905225367E-04   4   0 0  1 0  0 0  0 3  0
    80  0.1378053503942922E-05   4   0 0  0 1  0 0  0 3  0
    ------------------------------------------------------
     I  COEFFICIENT            ORDER EXPONENTS
     1  -.9130592064882577       1   0 0  1 0  0 0  0 0  0
     2  0.8591118720050752       1   0 0  0 1  0 0  0 0  0
     3  -.2670006652655831E-01   2   0 0  1 0  0 1  0 0  0
     4  0.6901128740930886E-01   2   0 0  0 1  0 1  0 0  0
     5  -.2661089980961776E-01   2   0 0  1 0  0 0  1 0  0
     6  0.6878081944684143E-01   2   0 0  0 1  0 0  1 0  0
     7  -.8597482401520821       2   0 0  1 0  0 0  0 1  0
     8  -.1377921068561503       2   0 0  0 1  0 0  0 1  0
     9  -2.711509812231526       3   2 0  1 0  0 0  0 0  0
    10  -1.182557874292055       3   1 1  1 0  0 0  0 0  0
    11  -.5077203317207702       3   0 2  1 0  0 0  0 0  0
    12  -.6145056728541701       3   0 0  3 0  0 0  0 0  0
    13  -.2237511861310273       3   2 0  0 1  0 0  0 0  0
    14  -.2682388353070057       3   1 1  0 1  0 0  0 0  0
    15  -.1630316091433141       3   0 2  0 1  0 0  0 0  0
    16  -.4992918448062810       3   0 0  2 1  0 0  0 0  0
    17  0.3603443278484265       3   0 0  1 2  0 0  0 0  0
    18  -.7895265522866506E-02   3   0 0  0 3  0 0  0 0  0
    19  0.1975358328708625E-01   3   0 0  1 0  0 2  0 0  0
    20  -.5095727061273770E-01   3   0 0  0 1  0 2  0 0  0
    21  0.1285319879065879E-01   3   0 0  1 0  0 1  1 0  0
    22  -.3302306942546154E-01   3   0 0  0 1  0 1  1 0  0
    23  0.1966615275816353E-01   3   0 0  1 0  0 0  2 0  0
    24  -.5073195387576333E-01   3   0 0  0 1  0 0  2 0  0
    25  -.5236036536483139E-01   3   0 0  1 0  0 1  0 1  0
    26  0.6592632324162784E-01   3   0 0  0 1  0 1  0 1  0
    27  -.5218550430698572E-01   3   0 0  1 0  0 0  1 1  0
    28  0.6570615773014644E-01   3   0 0  0 1  0 0  1 1  0
    29  0.5227293483590893E-01   3   0 0  1 0  0 0  0 2  0
    30  0.3079812942188087E-02   3   0 0  0 1  0 0  0 2  0
    31   1.451943175149035       4   2 0  1 0  0 1  0 0  0
    32   1.165925986313165       4   1 1  1 0  0 1  0 0  0
    33  0.5176577164319385       4   0 2  1 0  0 1  0 0  0
    34  0.2090919806511443       4   0 0  3 0  0 1  0 0  0
    35  0.2678750259362832       4   2 0  0 1  0 1  0 0  0
    36  0.4109292653798256       4   1 1  0 1  0 1  0 0  0
    37  0.2546342074078240       4   0 2  0 1  0 1  0 0  0
    38  0.4508350973756505       4   0 0  2 1  0 1  0 0  0
    39  -.3072157001146411       4   0 0  1 2  0 1  0 0  0
    40  0.1545223727529943E-01   4   0 0  0 3  0 1  0 0  0
    41   1.447094310597211       4   2 0  1 0  0 0  1 0  0
    42   1.162032295925106       4   1 1  1 0  0 0  1 0  0
    43  0.5159289627216377       4   0 2  1 0  0 0  1 0  0
    44  0.2083937035350676       4   0 0  3 0  0 0  1 0  0
    45  0.2669804387790085       4   2 0  0 1  0 0  1 0  0
    46  0.4095569387059487       4   1 1  0 1  0 0  1 0  0
    47  0.2537838388788679       4   0 2  0 1  0 0  1 0  0
    48  0.4493295024186302       4   0 0  2 1  0 0  1 0  0
    49  -.3061897320578013       4   0 0  1 2  0 0  1 0  0
    50  0.1540063346128454E-01   4   0 0  0 3  0 0  1 0  0
    51  -5.610547297977776       4   2 0  1 0  0 0  0 1  0
    52  -2.327958282238272       4   1 1  1 0  0 0  0 1  0
    53  -.5258663474328050       4   0 2  1 0  0 0  0 1  0
    54  -1.031991357040381       4   0 0  3 0  0 0  0 1  0
    55  -.5348554647152929       4   2 0  0 1  0 0  0 1  0
    56  -.5522473687787727       4   1 1  0 1  0 0  0 1  0
    57  -.1823548280000640       4   0 2  0 1  0 0  0 1  0
    58  -.9001645997942819       4   0 0  2 1  0 0  0 1  0
    59  0.2530611043240150       4   0 0  1 2  0 0  0 1  0
    60  -.1506233969085074E-01   4   0 0  0 3  0 0  0 1  0
    61  -.1628735980939416E-01   4   0 0  1 0  0 3  0 0  0
    62  0.4194721472259117E-01   4   0 0  0 1  0 3  0 0  0
    63  -.9366595621600651E-02   4   0 0  1 0  0 2  1 0  0
    64  0.2395747955083203E-01   4   0 0  0 1  0 2  1 0  0
    65  -.9400991704280584E-02   4   0 0  1 0  0 1  2 0  0
    66  0.2404689475775608E-01   4   0 0  0 1  0 1  2 0  0
    67  -.1619018300247763E-01   4   0 0  1 0  0 0  3 0  0
    68  0.4169721683748170E-01   4   0 0  0 1  0 0  3 0  0
    69  0.3847509176269662E-01   4   0 0  1 0  0 2  0 1  0
    70  -.4788458249313004E-01   4   0 0  0 1  0 2  0 1  0
    71  0.2468197586110351E-01   4   0 0  1 0  0 1  1 1  0
    72  -.2996260976625288E-01   4   0 0  0 1  0 1  1 1  0
    73  0.3830538795354998E-01   4   0 0  1 0  0 0  2 1  0
    74  -.4767463751867445E-01   4   0 0  0 1  0 0  2 1  0
    75  -.2463589701083279E-01   4   0 0  1 0  0 1  0 2  0
    76  -.3060435865371421E-02   4   0 0  0 1  0 1  0 2  0
    77  -.2455362373060874E-01   4   0 0  1 0  0 0  1 2  0
    78  -.3050215328345744E-02   4   0 0  0 1  0 0  1 2  0
    79  -.1027804698155757E-02   4   0 0  1 0  0 0  0 3  0
    80  -.1632489688632287E-04   4   0 0  0 1  0 0  0 3  0
    ------------------------------------------------------
     I  COEFFICIENT            ORDER EXPONENTS
     1   1.000000000000000       1   0 0  0 0  1 0  0 0  0
     2  0.7417624506054102E-01   1   0 0  0 0  0 1  0 0  0
     3  -.7417624506054110E-01   1   0 0  0 0  0 0  1 0  0
     4  -.2199588369195302E-01   2   2 0  0 0  0 0  0 0  0
     5  -.7745454035458438E-01   2   1 1  0 0  0 0  0 0  0
     6  -.8014764691378731E-01   2   0 2  0 0  0 0  0 0  0
     7  -.2003652440438150E-01   2   0 0  2 0  0 0  0 0  0
     8  0.6694779256589189E-01   2   0 0  1 1  0 0  0 0  0
     9  -.6928736373259135E-01   2   0 0  0 2  0 0  0 0  0
    10  -.5572523292818601E-01   2   0 0  0 0  0 2  0 0  0
    11  0.3727422079583102E-01   2   0 0  0 0  0 1  1 0  0
    12  0.1845101213235503E-01   2   0 0  0 0  0 0  2 0  0
    13  0.3347419728057677E-01   3   2 0  0 0  0 1  0 0  0
    14  0.1188266293454481       3   1 1  0 0  0 1  0 0  0
    15  0.1230398302346500       3   0 2  0 0  0 1  0 0  0
    16  0.2955646786836008E-01   3   0 0  2 0  0 1  0 0  0
    17  -.9781820105102429E-01   3   0 0  1 1  0 1  0 0  0
    18  0.1013248202320493       3   0 0  0 2  0 1  0 0  0
    19  0.1151319242669949E-01   3   2 0  0 0  0 0  1 0  0
    20  0.4149172500128634E-01   3   1 1  0 0  0 0  1 0  0
    21  0.4301570665120207E-01   3   0 2  0 0  0 0  1 0  0
    22  0.9554840850865116E-02   3   0 0  2 0  0 0  1 0  0
    23  -.3099014475184701E-01   3   0 0  1 1  0 0  1 0  0
    24  0.3216108239566634E-01   3   0 0  0 2  0 0  1 0  0
    25  -.4498738970727706E-01   3   2 0  0 0  0 0  0 1  0
    26  -.8286381399215065E-01   3   1 1  0 0  0 0  0 1  0
    27  -.5760243058277124E-02   3   0 2  0 0  0 0  0 1  0
    28  -.3911130871922514E-01   3   0 0  2 0  0 0  0 1  0
    29  0.6186055323697934E-01   3   0 0  1 1  0 0  0 1  0
    30  0.5088824837467060E-02   3   0 0  0 2  0 0  0 1  0
    31  0.4645333198884810E-01   3   0 0  0 0  0 3  0 0  0
    32  -.2790953011017228E-01   3   0 0  0 0  0 2  1 0  0
    33  -.9364690685658747E-02   3   0 0  0 0  0 1  2 0  0
    34  -.9179111193017092E-02   3   0 0  0 0  0 0  3 0  0
    35  -.1891807493339827       4   4 0  0 0  0 0  0 0  0
    36  -.3777616069537513       4   3 1  0 0  0 0  0 0  0
    37  -.5021972799732937       4   2 2  0 0  0 0  0 0  0
    38  -.1958972521717585       4   1 3  0 0  0 0  0 0  0
    39  -.7477663592448958E-01   4   0 4  0 0  0 0  0 0  0
    40  -.6236224175183049       4   2 0  2 0  0 0  0 0  0
    41  -.2423096688622365       4   1 1  2 0  0 0  0 0  0
    42  -.2923390296227976       4   0 2  2 0  0 0  0 0  0
    43  -.6723815770608491E-01   4   0 0  4 0  0 0  0 0  0
    44  -.2222243337868497       4   2 0  1 1  0 0  0 0  0
    45  -.1628389161128996E-01   4   1 1  1 1  0 0  0 0  0
    46  0.6026560784458412E-01   4   0 2  1 1  0 0  0 0  0
    47  -.1330266504869549       4   0 0  3 1  0 0  0 0  0
    48  0.1843380283183097       4   2 0  0 2  0 0  0 0  0
    49  -.8637233208009759E-01   4   1 1  0 2  0 0  0 0  0
    50  -.1135725446885297       4   0 2  0 2  0 0  0 0  0
    51  0.7827381841882614E-01   4   0 0  2 2  0 0  0 0  0
    52  0.1044213808399927       4   0 0  1 3  0 0  0 0  0
    53  -.4203199397853289E-01   4   0 0  0 4  0 0  0 0  0
    54  -.4233786220658220E-01   4   2 0  0 0  0 2  0 0  0
    55  -.1512409015193791       4   1 1  0 0  0 2  0 0  0
    56  -.1567040581068803       4   0 2  0 0  0 2  0 0  0
    57  -.3646276888726724E-01   4   0 0  2 0  0 2  0 0  0
    58  0.1197359512616351       4   0 0  1 1  0 2  0 0  0
    59  -.1241399730698667       4   0 0  0 2  0 2  0 0  0
    60  -.1774502641231288E-01   4   2 0  0 0  0 1  1 0  0
    61  -.6488917390966298E-01   4   1 1  0 0  0 1  1 0  0
    62  -.6739091556346005E-01   4   0 2  0 0  0 1  1 0  0
    63  -.1383029200134041E-01   4   0 0  2 0  0 1  1 0  0
    64  0.4389609619803135E-01   4   0 0  1 1  0 1  1 0  0
    65  -.4569272843061915E-01   4   0 0  0 2  0 1  1 0  0
    66  -.8898526666678508E-02   4   2 0  0 0  0 0  2 0  0
    67  -.3253375689138599E-01   4   1 1  0 0  0 0  2 0  0
    68  -.3378745349386754E-01   4   0 2  0 0  0 0  2 0  0
    69  -.6941187227333556E-02   4   0 0  2 0  0 0  2 0  0
    70  0.2203736811458286E-01   4   0 0  1 1  0 0  2 0  0
    71  -.2293851345691271E-01   4   0 0  0 2  0 0  2 0  0
    72  0.6894655354490037E-01   4   2 0  0 0  0 1  0 1  0
    73  0.1297177182575234       4   1 1  0 0  0 1  0 1  0
    74  0.1167954107327164E-01   4   0 2  0 0  0 1  0 1  0
    75  0.5719936190751423E-01   4   0 0  2 0  0 1  0 1  0
    76  -.8773159661925281E-01   4   0 0  1 1  0 1  0 1  0
    77  -.1000178612579558E-01   4   0 0  0 2  0 1  0 1  0
    78  0.2402888731896971E-01   4   2 0  0 0  0 0  1 1  0
    79  0.4697323768986245E-01   4   1 1  0 0  0 0  1 1  0
    80  0.5918702597589337E-02   4   0 2  0 0  0 0  1 1  0
    81  0.1815782560514215E-01   4   0 0  2 0  0 0  1 1  0
    82  -.2599054292350341E-01   4   0 0  1 1  0 0  1 1  0
    83  -.4913491842554383E-02   4   0 0  0 2  0 0  1 1  0
    84  -.2399402557829708E-01   4   2 0  0 0  0 0  0 2  0
    85  -.5481663981542456E-02   4   1 1  0 0  0 0  0 2  0
    86  -.1587572480149235E-03   4   0 2  0 0  0 0  0 2  0
    87  -.1812293939671565E-01   4   0 0  2 0  0 0  0 2  0
    88  -.4999483465601182E-02   4   0 0  1 1  0 0  0 2  0
    89  -.1755982720256094E-03   4   0 0  0 2  0 0  0 2  0
    90  -.4065251367415504E-01   4   0 0  0 0  0 4  0 0  0
    91  0.2325005873007566E-01   4   0 0  0 0  0 3  1 0  0
    92  0.6989207070144872E-02   4   0 0  0 0  0 2  2 0  0
    93  0.4705219305562168E-02   4   0 0  0 0  0 1  3 0  0
    94  0.5708028568372275E-02   4   0 0  0 0  0 0  4 0  0
    ------------------------------------------------------
     I  COEFFICIENT            ORDER EXPONENTS
     1   1.000000000000000       1   0 0  0 0  0 1  0 0  0
     -----------------------------------------------------
     I  COEFFICIENT            ORDER EXPONENTS
     1   1.000000000000000       1   0 0  0 0  0 0  1 0  0
     -----------------------------------------------------
     I  COEFFICIENT            ORDER EXPONENTS
     1   1.000000000000000       1   0 0  0 0  0 0  0 1  0
     -----------------------------------------------------
