     I  COEFFICIENT            ORDER EXPONENTS
     1   1.000000000000000       1   1 0  0 0  0 0  0 0  0
     2  0.5000000000000000       1   0 1  0 0  0 0  0 0  0
     3  -.2504181443475348       2   0 1  0 0  0 1  0 0  0
     4  -.2495818556524652       2   0 1  0 0  0 0  1 0  0
     5  0.2500000000000000       3   0 3  0 0  0 0  0 0  0
     6  0.2500000000000000       3   0 1  0 2  0 0  0 0  0
     7  0.1877095967078535       3   0 1  0 0  0 2  0 0  0
     8  0.1254170952793626       3   0 1  0 0  0 1  1 0  0
     9  0.1868733080127839       3   0 1  0 0  0 0  2 0  0
    10  -.3756272165213023       4   0 3  0 0  0 1  0 0  0
    11  -.3756272165213023       4   0 1  0 2  0 1  0 0  0
    12  -.3743727834786977       4   0 3  0 0  0 0  1 0  0
    13  -.3743727834786977       4   0 1  0 2  0 0  1 0  0
    14  -.1564070671284718       4   0 1  0 0  0 3  0 0  0
    15  -.9390758873814511E-01   4   0 1  0 0  0 2  1 0  0
    16  -.9421805418089876E-01   4   0 1  0 0  0 1  2 0  0
    17  -.1554672899524843       4   0 1  0 0  0 0  3 0  0
    ------------------------------------------------------
     I  COEFFICIENT            ORDER EXPONENTS
     1   1.000000000000000       1   0 1  0 0  0 0  0 0  0
     -----------------------------------------------------
     I  COEFFICIENT            ORDER EXPONENTS
     1   1.000000000000000       1   0 0  1 0  0 0  0 0  0
     2  0.5000000000000000       1   0 0  0 1  0 0  0 0  0
     3  -.2504181443475348       2   0 0  0 1  0 1  0 0  0
     4  -.2495818556524652       2   0 0  0 1  0 0  1 0  0
     5  0.2500000000000000       3   0 2  0 1  0 0  0 0  0
     6  0.2500000000000000       3   0 0  0 3  0 0  0 0  0
     7  0.1877095967078535       3   0 0  0 1  0 2  0 0  0
     8  0.1254170952793626       3   0 0  0 1  0 1  1 0  0
     9  0.1868733080127839       3   0 0  0 1  0 0  2 0  0
    10  -.3756272165213023       4   0 2  0 1  0 1  0 0  0
    11  -.3756272165213023       4   0 0  0 3  0 1  0 0  0
    12  -.3743727834786977       4   0 2  0 1  0 0  1 0  0
    13  -.3743727834786977       4   0 0  0 3  0 0  1 0  0
    14  -.1564070671284718       4   0 0  0 1  0 3  0 0  0
    15  -.9390758873814511E-01   4   0 0  0 1  0 2  1 0  0
    16  -.9421805418089876E-01   4   0 0  0 1  0 1  2 0  0
    17  -.1554672899524843       4   0 0  0 1  0 0  3 0  0
    ------------------------------------------------------
     I  COEFFICIENT            ORDER EXPONENTS
     1   1.000000000000000       1   0 0  0 1  0 0  0 0  0
     -----------------------------------------------------
     I  COEFFICIENT            ORDER EXPONENTS
     1   1.000000000000000       1   0 0  0 0  1 0  0 0  0
     2  0.1245822053418559       1   0 0  0 0  0 1  0 0  0
     3  -.1245822053418559       1   0 0  0 0  0 0  1 0  0
     4  -.1252090721737674       2   0 2  0 0  0 0  0 0  0
     5  -.1252090721737674       2   0 0  0 2  0 0  0 0  0
     6  -.9359293404129329E-01   2   0 0  0 0  0 2  0 0  0
     7  0.6260366274073070E-01   2   0 0  0 0  0 1  1 0  0
     8  0.3098927130056259E-01   2   0 0  0 0  0 0  2 0  0
     9  0.1877095967078536       3   0 2  0 0  0 1  0 0  0
    10  0.1877095967078536       3   0 0  0 2  0 1  0 0  0
    11  0.6270854763968133E-01   3   0 2  0 0  0 0  1 0  0
    12  0.6270854763968133E-01   3   0 0  0 2  0 0  1 0  0
    13  0.7802037619893873E-01   3   0 0  0 0  0 3  0 0  0
    14  -.4687526051422958E-01   3   0 0  0 0  0 2  1 0  0
    15  -.1572840222650107E-01   3   0 0  0 0  0 1  2 0  0
    16  -.1541671345820804E-01   3   0 0  0 0  0 0  3 0  0
    17  -.9390680413032558E-01   4   0 4  0 0  0 0  0 0  0
    18  -.1878136082606512       4   0 2  0 2  0 0  0 0  0
    19  -.9390680413032558E-01   4   0 0  0 4  0 0  0 0  0
    20  -.2346106006927078       4   0 2  0 0  0 2  0 0  0
    21  -.2346106006927078       4   0 0  0 2  0 2  0 0  0
    22  -.9390758873814511E-01   4   0 2  0 0  0 1  1 0  0
    23  -.9390758873814511E-01   4   0 0  0 2  0 1  1 0  0
    24  -.4710902709044944E-01   4   0 2  0 0  0 0  2 0  0
    25  -.4710902709044944E-01   4   0 0  0 2  0 0  2 0  0
    26  -.6827765145138566E-01   4   0 0  0 0  0 4  0 0  0
    27  0.3904947720872641E-01   4   0 0  0 0  0 3  1 0  0
    28  0.1173867495825470E-01   4   0 0  0 0  0 2  2 0  0
    29  0.7902618920997905E-02   4   0 0  0 0  0 1  3 0  0
    30  0.9586880363406526E-02   4   0 0  0 0  0 0  4 0  0
    ------------------------------------------------------
     I  COEFFICIENT            ORDER EXPONENTS
     1   1.000000000000000       1   0 0  0 0  0 1  0 0  0
     -----------------------------------------------------
     I  COEFFICIENT            ORDER EXPONENTS
     1   1.000000000000000       1   0 0  0 0  0 0  1 0  0
     -----------------------------------------------------
     I  COEFFICIENT            ORDER EXPONENTS
     1   1.000000000000000       1   0 0  0 0  0 0  0 1  0
     -----------------------------------------------------
