     I  COEFFICIENT            ORDER EXPONENTS
     1  -.1098483831641961E-03   0   0 0  0 0  0 0  0 0  0
     2  0.9038252130480386       1   1 0  0 0  0 0  0 0  0
     3  0.3351670181772606       1   0 1  0 0  0 0  0 0  0
     4  0.7911155357794283E-05   1   0 0  1 0  0 0  0 0  0
     5  0.4146049971932968E-06   1   0 0  0 1  0 0  0 0  0
     6  0.2967793716902903E-06   1   0 0  0 0  0 1  0 0  0
     7  0.2957882564733458E-06   1   0 0  0 0  0 0  1 0  0
     8  -.5925676282906993E-06   1   0 0  0 0  0 0  0 1  0
     9  -.9330056284131043E-04   2   2 0  0 0  0 0  0 0  0
    10  0.1486817365373885E-04   2   1 1  0 0  0 0  0 0  0
    11  0.3000420270518851E-05   2   0 2  0 0  0 0  0 0  0
    12  -.1976017940054577E-03   2   1 0  1 0  0 0  0 0  0
    13  0.4020652457034575E-04   2   0 1  1 0  0 0  0 0  0
    14  0.9457387094348346E-04   2   0 0  2 0  0 0  0 0  0
    15  -.7870628223966866E-06   2   1 0  0 1  0 0  0 0  0
    16  0.1804828461867139E-05   2   0 1  0 1  0 0  0 0  0
    17  0.2393174993755002E-05   2   0 0  1 1  0 0  0 0  0
    18  0.2479774059812961E-05   2   0 0  0 2  0 0  0 0  0
    19  0.4762227361138569E-01   2   1 0  0 0  0 1  0 0  0
    20  -.1653769819744754       2   0 1  0 0  0 1  0 0  0
    21  -.3906059832202222E-05   2   0 0  1 0  0 1  0 0  0
    22  -.3963335657115852E-06   2   0 0  0 1  0 1  0 0  0
    23  0.4746323573831755E-01   2   1 0  0 0  0 0  1 0  0
    24  -.1648246941168591       2   0 1  0 0  0 0  1 0  0
    25  -.3893015275513060E-05   2   0 0  1 0  0 0  1 0  0
    26  -.3950099823851904E-06   2   0 0  0 1  0 0  1 0  0
    27  -.9508550934970296E-01   2   1 0  0 0  0 0  0 1  0
    28  -.4965342085925995E-02   2   0 1  0 0  0 0  0 1  0
    29  0.7799075107715319E-05   2   0 0  1 0  0 0  0 1  0
    30  0.3767385509035089E-06   2   0 0  0 1  0 0  0 1  0
    31  -.2055553812027995E-06   2   0 0  0 0  0 2  0 0  0
    32  -.1149537098426425E-06   2   0 0  0 0  0 1  1 0  0
    33  -.2046769668580259E-06   2   0 0  0 0  0 0  2 0  0
    34  0.2293499982134694E-06   2   0 0  0 0  0 1  0 1  0
    35  0.2285840680479323E-06   2   0 0  0 0  0 0  1 1  0
    36  0.6731853227624081E-07   2   0 0  0 0  0 0  0 2  0
    37  0.2582467236127432E-01   3   3 0  0 0  0 0  0 0  0
    38  -.1977228172408881       3   2 1  0 0  0 0  0 0  0
    39  -.1723077573095815       3   1 2  0 0  0 0  0 0  0
    40  0.1496145287365822       3   0 3  0 0  0 0  0 0  0
    41  -.4945836661171290E-05   3   2 0  1 0  0 0  0 0  0
    42  -.9906517935833531E-05   3   1 1  1 0  0 0  0 0  0
    43  0.1060658527912870E-04   3   0 2  1 0  0 0  0 0  0
    44  -.1544156165365999E-01   3   1 0  2 0  0 0  0 0  0
    45  -.2955763124390686       3   0 1  2 0  0 0  0 0  0
    46  0.2746062983411062E-05   3   0 0  3 0  0 0  0 0  0
    47  0.1825238882822406E-04   3   2 0  0 1  0 0  0 0  0
    48  0.5758574913357115E-05   3   1 1  0 1  0 0  0 0  0
    49  0.1633624591365834E-05   3   0 2  0 1  0 0  0 0  0
    50  -.2424190201421786E-01   3   1 0  1 1  0 0  0 0  0
    51  -.9200007465898710E-02   3   0 1  1 1  0 0  0 0  0
    52  0.2840924140696339E-04   3   0 0  2 1  0 0  0 0  0
    53  -.9258227357723187E-01   3   1 0  0 2  0 0  0 0  0
    54  0.1532287279668428       3   0 1  0 2  0 0  0 0  0
    55  0.1282261241435332E-04   3   0 0  1 2  0 0  0 0  0
    56  0.1525273884647063E-05   3   0 0  0 3  0 0  0 0  0
    57  0.4718083159685200E-04   3   2 0  0 0  0 1  0 0  0
    58  -.1326139796625100E-04   3   1 1  0 0  0 1  0 0  0
    59  -.4446180960387082E-05   3   0 2  0 0  0 1  0 0  0
    60  0.9899198977355610E-04   3   1 0  1 0  0 1  0 0  0
    61  -.4061607215627595E-04   3   0 1  1 0  0 1  0 0  0
    62  -.4893245759867263E-04   3   0 0  2 0  0 1  0 0  0
    63  0.1144390949618888E-05   3   1 0  0 1  0 1  0 0  0
    64  -.2814365908715999E-05   3   0 1  0 1  0 1  0 0  0
    65  -.3658588218245358E-05   3   0 0  1 1  0 1  0 0  0
    66  -.3805401143460507E-05   3   0 0  0 2  0 1  0 0  0
    67  0.4702326794989171E-04   3   2 0  0 0  0 0  1 0  0
    68  -.1321711061147856E-04   3   1 1  0 0  0 0  1 0  0
    69  -.4431332631872871E-05   3   0 2  0 0  0 0  1 0  0
    70  0.9866139918410119E-04   3   1 0  1 0  0 0  1 0  0
    71  -.4048043197704278E-04   3   0 1  1 0  0 0  1 0  0
    72  -.4876904427565501E-04   3   0 0  2 0  0 0  1 0  0
    73  0.1140569176973662E-05   3   1 0  0 1  0 0  1 0  0
    74  -.2804967139312575E-05   3   0 1  0 1  0 0  1 0  0
    75  -.3646370110109009E-05   3   0 0  1 1  0 0  1 0  0
    76  -.3792692743417426E-05   3   0 0  0 2  0 0  1 0  0
    77  -.9420409954674360E-04   3   2 0  0 0  0 0  0 1  0
    78  0.1161033492399071E-04   3   1 1  0 0  0 0  0 1  0
    79  0.2876673051222864E-05   3   0 2  0 0  0 0  0 1  0
    80  -.1976533889576566E-03   3   1 0  1 0  0 0  0 1  0
    81  0.4088997956297147E-04   3   0 1  1 0  0 0  0 1  0
    82  0.9770150187432696E-04   3   0 0  2 0  0 0  0 1  0
    83  -.1497897304195687E-05   3   1 0  0 1  0 0  0 1  0
    84  0.2009676124295369E-05   3   0 1  0 1  0 0  0 1  0
    85  0.4911783334597630E-05   3   0 0  1 1  0 0  0 1  0
    86  0.2638545767252370E-05   3   0 0  0 2  0 0  0 1  0
    87  -.3542138123456381E-01   3   1 0  0 0  0 2  0 0  0
    88  0.1226855885648615       3   0 1  0 0  0 2  0 0  0
    89  0.2932203427090072E-05   3   0 0  1 0  0 2  0 0  0
    90  0.3295654833397394E-06   3   0 0  0 1  0 2  0 0  0
    91  -.2330148846483832E-01   3   1 0  0 0  0 1  1 0  0
    92  0.8027758803648967E-01   3   0 1  0 0  0 1  1 0  0
    93  0.1960947596621116E-05   3   0 0  1 0  0 1  1 0  0
    94  0.3139689783038250E-06   3   0 0  0 1  0 1  1 0  0
    95  -.3526418061923491E-01   3   1 0  0 0  0 0  2 0  0
    96  0.1221418252892780       3   0 1  0 0  0 0  2 0  0
    97  0.2919136771159180E-05   3   0 0  1 0  0 0  2 0  0
    98  0.3279406160896676E-06   3   0 0  0 1  0 0  2 0  0
    99  0.4652209819838360E-01   3   1 0  0 0  0 1  0 1  0
   100  0.5104817296454538E-02   3   0 1  0 0  0 1  0 1  0
   101  -.3909457944295997E-05   3   0 0  1 0  0 1  0 1  0
   102  -.3825986153121428E-06   3   0 0  0 1  0 1  0 1  0
   103  0.4636673443712107E-01   3   1 0  0 0  0 0  1 1  0
   104  0.5087769406388748E-02   3   0 1  0 0  0 0  1 1  0
   105  -.3896402039376753E-05   3   0 0  1 0  0 0  1 1  0
   106  -.3813209008016313E-06   3   0 0  0 1  0 0  1 1  0
   107  0.1098300998425048E-02   3   1 0  0 0  0 0  0 2  0
   108  -.1309642363607300E-03   3   0 1  0 0  0 0  0 2  0
   109  -.1491702225592735E-08   3   0 0  1 0  0 0  0 2  0
   110  -.2867960423806606E-09   3   0 0  0 1  0 0  0 2  0
   111  0.1600878370871976E-06   3   0 0  0 0  0 3  0 0  0
   112  0.6928159727210455E-07   3   0 0  0 0  0 2  1 0  0
   113  0.6973379967959926E-07   3   0 0  0 0  0 1  2 0  0
   114  0.1591706044403325E-06   3   0 0  0 0  0 0  3 0  0
   115  -.1383381747724993E-06   3   0 0  0 0  0 2  0 1  0
   116  -.4793167392426369E-07   3   0 0  0 0  0 1  1 1  0
   117  -.1377961492732520E-06   3   0 0  0 0  0 0  2 1  0
   118  -.6704295180503289E-07   3   0 0  0 0  0 1  0 2  0
   119  -.6681905723531725E-07   3   0 0  0 0  0 0  1 2  0
   120  -.2583518373494034E-09   3   0 0  0 0  0 0  0 3  0
   121  -.8701244704243882E-04   4   4 0  0 0  0 0  0 0  0
   122  0.5092403583258775E-04   4   3 1  0 0  0 0  0 0  0
   123  -.3452435740528925E-04   4   2 2  0 0  0 0  0 0  0
   124  -.1622981818329945E-03   4   1 3  0 0  0 0  0 0  0
   125  0.1682518426128169E-03   4   0 4  0 0  0 0  0 0  0
   126  -.1042922235907823E-03   4   3 0  1 0  0 0  0 0  0
   127  0.5743467707104300E-04   4   2 1  1 0  0 0  0 0  0
   128  -.6095390842071437E-04   4   1 2  1 0  0 0  0 0  0
   129  0.7173193369805801E-04   4   0 3  1 0  0 0  0 0  0
   130  -.2057500932436134E-03   4   2 0  2 0  0 0  0 0  0
   131  0.1161977642838277E-04   4   1 1  2 0  0 0  0 0  0
   132  -.1196415076109850E-03   4   0 2  2 0  0 0  0 0  0
   133  -.2812193875162308E-03   4   1 0  3 0  0 0  0 0  0
   134  0.6956582895366206E-04   4   0 1  3 0  0 0  0 0  0
   135  0.8558378244856720E-08   4   0 0  4 0  0 0  0 0  0
   136  -.8594895733521141E-04   4   3 0  0 1  0 0  0 0  0
   137  0.1144351391048977E-03   4   2 1  0 1  0 0  0 0  0
   138  -.1213144577188866E-03   4   1 2  0 1  0 0  0 0  0
   139  0.1538059269607578E-03   4   0 3  0 1  0 0  0 0  0
   140  -.1911046187016153E-03   4   2 0  1 1  0 0  0 0  0
   141  0.2597864579863981E-03   4   1 1  1 1  0 0  0 0  0
   142  0.4916399589137741E-04   4   0 2  1 1  0 0  0 0  0
   143  -.4149851021264724E-03   4   1 0  2 1  0 0  0 0  0
   144  0.5351205002867218E-03   4   0 1  2 1  0 0  0 0  0
   145  0.1998729232299670E-07   4   0 0  3 1  0 0  0 0  0
   146  -.1850132062639860E-03   4   2 0  0 2  0 0  0 0  0
   147  -.1593243832728534E-03   4   1 1  0 2  0 0  0 0  0
   148  0.2155129461261473E-03   4   0 2  0 2  0 0  0 0  0
   149  -.3512937459499722E-03   4   1 0  1 2  0 0  0 0  0
   150  0.1710422546800252E-03   4   0 1  1 2  0 0  0 0  0
   151  -.4745356360811856E-04   4   0 0  2 2  0 0  0 0  0
   152  -.1402707042765651E-03   4   1 0  0 3  0 0  0 0  0
   153  0.1645980853147592E-03   4   0 1  0 3  0 0  0 0  0
   154  -.1467554850814693E-05   4   0 0  1 3  0 0  0 0  0
   155  0.3806086003821670E-04   4   0 0  0 4  0 0  0 0  0
   156  -.2232126463587542E-01   4   3 0  0 0  0 1  0 0  0
   157  0.1571216017653752       4   2 1  0 0  0 1  0 0  0
   158  0.2480862523383562       4   1 2  0 0  0 1  0 0  0
   159  -.2150148762744548       4   0 3  0 0  0 1  0 0  0
   160  0.5424420753921600E-05   4   2 0  1 0  0 1  0 0  0
   161  0.1485773463249960E-04   4   1 1  1 0  0 1  0 0  0
   162  -.1539391615401123E-04   4   0 2  1 0  0 1  0 0  0
   163  0.2286476600086751E-01   4   1 0  2 0  0 1  0 0  0
   164  0.3020330654000150       4   0 1  2 0  0 1  0 0  0
   165  -.3478064122554759E-05   4   0 0  3 0  0 1  0 0  0
   166  -.1598342872046555E-04   4   2 0  0 1  0 1  0 0  0
   167  -.7575559754217200E-05   4   1 1  0 1  0 1  0 0  0
   168  -.3279767905285101E-05   4   0 2  0 1  0 1  0 0  0
   169  0.3646496052396502E-01   4   1 0  1 1  0 1  0 0  0
   170  0.1862445829157703E-01   4   0 1  1 1  0 1  0 0  0
   171  -.3150869323369478E-04   4   0 0  2 1  0 1  0 0  0
   172  0.1368084927473108       4   1 0  0 2  0 1  0 0  0
   173  -.2217115762361649       4   0 1  0 2  0 1  0 0  0
   174  -.1987245935290476E-04   4   0 0  1 2  0 1  0 0  0
   175  -.3096842393897673E-05   4   0 0  0 3  0 1  0 0  0
   176  -.2224672123039189E-01   4   3 0  0 0  0 0  1 0  0
   177  0.1565968833203518       4   2 1  0 0  0 0  1 0  0
   178  0.2472577511577665       4   1 2  0 0  0 0  1 0  0
   179  -.2142968192392154       4   0 3  0 0  0 0  1 0  0
   180  0.5406305526027068E-05   4   2 0  1 0  0 0  1 0  0
   181  0.1480811620113602E-04   4   1 1  1 0  0 0  1 0  0
   182  -.1534250710741041E-04   4   0 2  1 0  0 0  1 0  0
   183  0.2278840753502407E-01   4   1 0  2 0  0 0  1 0  0
   184  0.3010244051098858       4   0 1  2 0  0 0  1 0  0
   185  -.3466448887109421E-05   4   0 0  3 0  0 0  1 0  0
   186  -.1593005095591819E-04   4   2 0  0 1  0 0  1 0  0
   187  -.7550260649003417E-05   4   1 1  0 1  0 0  1 0  0
   188  -.3268814893758068E-05   4   0 2  0 1  0 0  1 0  0
   189  0.3634318326883882E-01   4   1 0  1 1  0 0  1 0  0
   190  0.1856226062630014E-01   4   0 1  1 1  0 0  1 0  0
   191  -.3140346777562556E-04   4   0 0  2 1  0 0  1 0  0
   192  0.1363516113333375       4   1 0  0 2  0 0  1 0  0
   193  -.2209711551087117       4   0 1  0 2  0 0  1 0  0
   194  -.1980609390185883E-04   4   0 0  1 2  0 0  1 0  0
   195  -.3086500274754532E-05   4   0 0  0 3  0 0  1 0  0
   196  0.4456798586626674E-01   4   3 0  0 0  0 0  0 1  0
   197  -.1159956678448396       4   2 1  0 0  0 0  0 1  0
   198  -.1507284888769596       4   1 2  0 0  0 0  0 1  0
   199  -.1953189069607692E-01   4   0 3  0 0  0 0  0 1  0
   200  -.1083072627994882E-04   4   2 0  1 0  0 0  0 1  0
   201  -.1975933289780201E-04   4   1 1  1 0  0 0  0 1  0
   202  0.9523252703164512E-05   4   0 2  1 0  0 0  0 1  0
   203  -.4565317353589323E-01   4   1 0  2 0  0 0  0 1  0
   204  -.3074811580708301       4   0 1  2 0  0 0  0 1  0
   205  0.6944513009664749E-05   4   0 0  3 0  0 0  0 1  0
   206  0.1366109084815959E-04   4   2 0  0 1  0 0  0 1  0
   207  0.3608670576506631E-05   4   1 1  0 1  0 0  0 1  0
   208  0.1647709024945671E-05   4   0 2  0 1  0 0  0 1  0
   209  -.4856624177858855E-01   4   1 0  1 1  0 0  0 1  0
   210  -.1878670398607453E-01   4   0 1  1 1  0 0  0 1  0
   211  0.3450291960235811E-04   4   0 0  2 1  0 0  0 1  0
   212  -.8799555692618495E-01   4   1 0  0 2  0 0  0 1  0
   213  -.1700345255565296E-01   4   0 1  0 2  0 0  0 1  0
   214  0.1403332842605805E-04   4   0 0  1 2  0 0  0 1  0
   215  0.1607521014711620E-05   4   0 0  0 3  0 0  0 1  0
   216  -.7792241231670047E-04   4   2 0  0 0  0 2  0 0  0
   217  -.1744673238568652E-03   4   1 1  0 0  0 2  0 0  0
   218  0.2621782319068327E-03   4   0 2  0 0  0 2  0 0  0
   219  -.9032040128155727E-04   4   1 0  1 0  0 2  0 0  0
   220  0.2447776082176375E-04   4   0 1  1 0  0 2  0 0  0
   221  -.6038998830540599E-04   4   0 0  2 0  0 2  0 0  0
   222  -.1179621131819162E-03   4   1 0  0 1  0 2  0 0  0
   223  0.1880525099854628E-03   4   0 1  0 1  0 2  0 0  0
   224  -.3349567743589363E-05   4   0 0  1 1  0 2  0 0  0
   225  0.9499748571975193E-04   4   0 0  0 2  0 2  0 0  0
   226  -.5681196760008978E-04   4   2 0  0 0  0 1  1 0  0
   227  -.2098452498376016E-03   4   1 1  0 0  0 1  1 0  0
   228  0.3067508131069363E-03   4   0 2  0 0  0 1  1 0  0
   229  -.6874718518361996E-04   4   1 0  1 0  0 1  1 0  0
   230  0.2139850828687963E-04   4   0 1  1 0  0 1  1 0  0
   231  -.7316777944183939E-04   4   0 0  2 0  0 1  1 0  0
   232  -.1401522995279836E-03   4   1 0  0 1  0 1  1 0  0
   233  0.2208092908019479E-03   4   0 1  0 1  0 1  1 0  0
   234  -.5217210162664712E-05   4   0 0  1 1  0 1  1 0  0
   235  0.1117255716810482E-03   4   0 0  0 2  0 1  1 0  0
   236  -.7756732129137157E-04   4   2 0  0 0  0 0  2 0  0
   237  -.1735342818191726E-03   4   1 1  0 0  0 0  2 0  0
   238  0.2607904618195454E-03   4   0 2  0 0  0 0  2 0  0
   239  -.8990397707359502E-04   4   1 0  1 0  0 0  2 0  0
   240  0.2436028474981950E-04   4   0 1  1 0  0 0  2 0  0
   241  -.6006613733956733E-04   4   0 0  2 0  0 0  2 0  0
   242  -.1173341464107706E-03   4   1 0  0 1  0 0  2 0  0
   243  0.1870557916938921E-03   4   0 1  0 1  0 0  2 0  0
   244  -.3329670013775099E-05   4   0 0  1 1  0 0  2 0  0
   245  0.9449367741955974E-04   4   0 0  0 2  0 0  2 0  0
   246  0.6303042641125570E-04   4   2 0  0 0  0 1  0 1  0
   247  0.1217413781772381E-03   4   1 1  0 0  0 1  0 1  0
   248  0.2795450340281731E-04   4   0 2  0 0  0 1  0 1  0
   249  0.1248079593164166E-03   4   1 0  1 0  0 1  0 1  0
   250  -.2159294274399344E-04   4   0 1  1 0  0 1  0 1  0
   251  0.4943781157259299E-04   4   0 0  2 0  0 1  0 1  0
   252  0.9075788165491238E-04   4   1 0  0 1  0 1  0 1  0
   253  0.2077128561006765E-04   4   0 1  0 1  0 1  0 1  0
   254  0.3010324589288545E-05   4   0 0  1 1  0 1  0 1  0
   255  0.3951459499949729E-05   4   0 0  0 2  0 1  0 1  0
   256  0.6281993194732420E-04   4   2 0  0 0  0 0  1 1  0
   257  0.1213348144333963E-03   4   1 1  0 0  0 0  1 1  0
   258  0.2786114740725664E-04   4   0 2  0 0  0 0  1 1  0
   259  0.1243911545129829E-03   4   1 0  1 0  0 0  1 1  0
   260  -.2152083161978940E-04   4   0 1  1 0  0 0  1 1  0
   261  0.4927271058506326E-04   4   0 0  2 0  0 0  1 1  0
   262  0.9045478943843484E-04   4   1 0  0 1  0 0  1 1  0
   263  0.2070191846663220E-04   4   0 1  0 1  0 0  1 1  0
   264  0.3000271402331698E-05   4   0 0  1 1  0 0  1 1  0
   265  0.3938263327933415E-05   4   0 0  0 2  0 0  1 1  0
   266  0.2296074072206803E-04   4   2 0  0 0  0 0  0 2  0
   267  0.6729465380712344E-05   4   1 1  0 0  0 0  0 2  0
   268  0.2107935868498958E-06   4   0 2  0 0  0 0  0 2  0
   269  -.8565892049921205E-05   4   1 0  1 0  0 0  0 2  0
   270  -.2888455212038665E-05   4   0 1  1 0  0 0  0 2  0
   271  0.1636390438003121E-08   4   0 0  2 0  0 0  0 2  0
   272  0.2191375370683491E-05   4   1 0  0 1  0 0  0 2  0
   273  -.5788883940535199E-07   4   0 1  0 1  0 0  0 2  0
   274  0.3510206365039848E-09   4   0 0  1 1  0 0  0 2  0
   275  -.2101791623632851E-07   4   0 0  0 2  0 0  0 2  0
   276  0.2932996521964749E-01   4   1 0  0 0  0 3  0 0  0
   277  -.1013590104474772       4   0 1  0 0  0 3  0 0  0
   278  -.2440548296366590E-05   4   0 0  1 0  0 3  0 0  0
   279  -.3794171505566259E-06   4   0 0  0 1  0 3  0 0  0
   280  0.1716764562145347E-01   4   1 0  0 0  0 2  1 0  0
   281  -.5877780044873747E-01   4   0 1  0 0  0 2  1 0  0
   282  -.1461880501068600E-05   4   0 0  1 0  0 2  1 0  0
   283  -.4288070217604043E-06   4   0 0  0 1  0 2  1 0  0
   284  0.1722808031797832E-01   4   1 0  0 0  0 1  2 0  0
   285  -.5898940914473184E-01   4   0 1  0 0  0 1  2 0  0
   286  -.1466742166016160E-05   4   0 0  1 0  0 1  2 0  0
   287  -.4285532631285211E-06   4   0 0  0 1  0 1  2 0  0
   288  0.2915447106148337E-01   4   1 0  0 0  0 0  3 0  0
   289  -.1007534507106147       4   0 1  0 0  0 0  3 0  0
   290  -.2425889898831019E-05   4   0 0  1 0  0 0  3 0  0
   291  -.3768028987830664E-06   4   0 0  0 1  0 0  3 0  0
   292  -.3431465551413006E-01   4   1 0  0 0  0 2  0 1  0
   293  -.5202310866891220E-02   4   0 1  0 0  0 2  0 1  0
   294  0.2927134810073193E-05   4   0 0  1 0  0 2  0 1  0
   295  0.3790289330629547E-06   4   0 0  0 1  0 2  0 1  0
   296  -.2218822917842901E-01   4   1 0  0 0  0 1  1 1  0
   297  -.5299096331689925E-02   4   0 1  0 0  0 1  1 1  0
   298  0.1951329147295567E-05   4   0 0  1 0  0 1  1 1  0
   299  0.3754788274255511E-06   4   0 0  0 1  0 1  1 1  0
   300  -.3416300978896358E-01   4   1 0  0 0  0 0  2 1  0
   301  -.5176089041146972E-02   4   0 1  0 0  0 0  2 1  0
   302  0.2914101141877061E-05   4   0 0  1 0  0 0  2 1  0
   303  0.3771361710094626E-06   4   0 0  0 1  0 0  2 1  0
   304  -.1113366314910547E-02   4   1 0  0 0  0 1  0 2  0
   305  0.1946185748376515E-03   4   0 1  0 0  0 1  0 2  0
   306  0.2650223593361398E-08   4   0 0  1 0  0 1  0 2  0
   307  0.6042948147087913E-09   4   0 0  0 1  0 1  0 2  0
   308  -.1109648151176616E-02   4   1 0  0 0  0 0  1 2  0
   309  0.1939686326603051E-03   4   0 1  0 0  0 0  1 2  0
   310  0.2641372988557458E-08   4   0 0  1 0  0 0  1 2  0
   311  0.6022767304157933E-09   4   0 0  0 1  0 0  1 2  0
   312  0.8804156412273588E-05   4   1 0  0 0  0 0  0 3  0
   313  0.1435167194655658E-05   4   0 1  0 0  0 0  0 3  0
   314  -.7693969564361204E-09   4   0 0  1 0  0 0  0 3  0
   315  -.1153943667283842E-09   4   0 0  0 1  0 0  0 3  0
   316  0.2872368114729369E-04   4   0 0  0 0  0 4  0 0  0
   317  0.1571098304893855E-04   4   0 0  0 0  0 3  1 0  0
   318  0.1398336468982785E-04   4   0 0  0 0  0 2  2 0  0
   319  0.1580293785401706E-04   4   0 0  0 0  0 1  3 0  0
   320  0.2850588513494807E-04   4   0 0  0 0  0 0  4 0  0
   321  0.1140375632798959E-05   4   0 0  0 0  0 3  0 1  0
   322  0.1381392441592735E-05   4   0 0  0 0  0 2  1 1  0
   323  0.1380166025726457E-05   4   0 0  0 0  0 1  2 1  0
   324  0.1132364184601547E-05   4   0 0  0 0  0 0  3 1  0
   325  -.3654208931128388E-07   4   0 0  0 0  0 2  0 2  0
   326  -.5191631898911138E-07   4   0 0  0 0  0 1  1 2  0
   327  -.3633336541209892E-07   4   0 0  0 0  0 0  2 2  0
   328  -.2308133033409709E-09   4   0 0  0 0  0 1  0 3  0
   329  -.2300424863669906E-09   4   0 0  0 0  0 0  1 3  0
   -------------------------------------------------------
     I  COEFFICIENT            ORDER EXPONENTS
     1  0.1833169020443609E-04   0   0 0  0 0  0 0  0 0  0
     2  -.5462949067360809       1   1 0  0 0  0 0  0 0  0
     3  0.9038251567278374       1   0 1  0 0  0 0  0 0  0
     4  0.4596931161824304E-04   1   0 0  1 0  0 0  0 0  0
     5  0.7924011969500607E-05   1   0 0  0 1  0 0  0 0  0
     6  -.1102359827261520E-06   1   0 0  0 0  0 1  0 0  0
     7  -.1098678420453974E-06   1   0 0  0 0  0 0  1 0  0
     8  0.1855179402920741E-04   1   0 0  0 0  0 0  0 1  0
     9  -.3004497957038128E-05   2   2 0  0 0  0 0  0 0  0
    10  0.1753860391136384E-03   2   1 1  0 0  0 0  0 0  0
    11  0.2327132929626596E-04   2   0 2  0 0  0 0  0 0  0
    12  0.1332695544314079E-03   2   1 0  1 0  0 0  0 0  0
    13  0.2227204375569169E-03   2   0 1  1 0  0 0  0 0  0
    14  -.6030304970086615E-04   2   0 0  2 0  0 0  0 0  0
    15  0.1972393913306628E-03   2   1 0  0 1  0 0  0 0  0
    16  0.7283926757771514E-04   2   0 1  0 1  0 0  0 0  0
    17  -.1873434908083315E-03   2   0 0  1 1  0 0  0 0  0
    18  -.2154026386951483E-04   2   0 0  0 2  0 0  0 0  0
    19  -.1271054553506648E-01   2   1 0  0 0  0 1  0 0  0
    20  0.4762230350980052E-01   2   0 1  0 0  0 1  0 0  0
    21  -.3608701366561296E-07   2   0 0  1 0  0 1  0 0  0
    22  -.3912294677750662E-05   2   0 0  0 1  0 1  0 0  0
    23  -.1266809779004841E-01   2   1 0  0 0  0 0  1 0  0
    24  0.4746326553688460E-01   2   0 1  0 0  0 0  1 0  0
    25  -.3596649859014794E-07   2   0 0  1 0  0 0  1 0  0
    26  -.3899229299363998E-05   2   0 0  0 1  0 0  1 0  0
    27  -.5209162634109661       2   1 0  0 0  0 0  0 1  0
    28  -.9508556904668475E-01   2   0 1  0 0  0 0  0 1  0
    29  0.4604136513049892E-04   2   0 0  1 0  0 0  0 1  0
    30  0.7811523977114749E-05   2   0 0  0 1  0 0  0 1  0
    31  0.8298567405361754E-07   2   0 0  0 0  0 2  0 0  0
    32  0.5592239784062203E-07   2   0 0  0 0  0 1  1 0  0
    33  0.8261515930573147E-07   2   0 0  0 0  0 0  2 0  0
    34  -.2219127102445075E-06   2   0 0  0 0  0 1  0 1  0
    35  -.2211716174160430E-06   2   0 0  0 0  0 0  1 1  0
    36  0.2215488961675610E-06   2   0 0  0 0  0 0  0 2  0
    37  -.2026382903620586       3   3 0  0 0  0 0  0 0  0
    38  -.1833990772693161       3   2 1  0 0  0 0  0 0  0
    39  0.2338599623363088       3   1 2  0 0  0 0  0 0  0
    40  -.4087352255648201E-02   3   0 3  0 0  0 0  0 0  0
    41  -.4663086110501233E-04   3   2 0  1 0  0 0  0 0  0
    42  -.1710735002872994E-04   3   1 1  1 0  0 0  0 0  0
    43  -.1810291070391064E-05   3   0 2  1 0  0 0  0 0  0
    44  -.6201820442282903       3   1 0  2 0  0 0  0 0  0
    45  -.3588725101111679E-01   3   0 1  2 0  0 0  0 0  0
    46  0.1218757487654208E-04   3   0 0  3 0  0 0  0 0  0
    47  -.6490275478868270E-05   3   2 0  0 1  0 0  0 0  0
    48  -.4921383425477777E-04   3   1 1  0 1  0 0  0 0  0
    49  -.4230613945929933E-05   3   0 2  0 1  0 0  0 0  0
    50  -.3479101027442869       3   1 0  1 1  0 0  0 0  0
    51  -.9921309456167610E-01   3   0 1  1 1  0 0  0 0  0
    52  0.5633666616981582E-05   3   0 0  2 1  0 0  0 0  0
    53  -.2812817978558412       3   1 0  0 2  0 0  0 0  0
    54  -.1043411747306093       3   0 1  0 2  0 0  0 0  0
    55  0.1299492513528674E-05   3   0 0  1 2  0 0  0 0  0
    56  0.4039066052664396E-05   3   0 0  0 3  0 0  0 0  0
    57  0.3105157681913730E-05   3   2 0  0 0  0 1  0 0  0
    58  -.8256178033229967E-04   3   1 1  0 0  0 1  0 0  0
    59  -.2369520185115282E-04   3   0 2  0 0  0 1  0 0  0
    60  -.7132434734747690E-04   3   1 0  1 0  0 1  0 0  0
    61  -.1271657146086734E-03   3   0 1  1 0  0 1  0 0  0
    62  0.2829651864956040E-04   3   0 0  2 0  0 1  0 0  0
    63  -.9985158678322997E-04   3   1 0  0 1  0 1  0 0  0
    64  -.7638373196591750E-04   3   0 1  0 1  0 1  0 0  0
    65  0.9448091356169322E-04   3   0 0  1 1  0 1  0 0  0
    66  0.2110474428931899E-04   3   0 0  0 2  0 1  0 0  0
    67  0.3094787793291664E-05   3   2 0  0 0  0 0  1 0  0
    68  -.8228605956247842E-04   3   1 1  0 0  0 0  1 0  0
    69  -.2361607008740986E-04   3   0 2  0 0  0 0  1 0  0
    70  -.7108615476153069E-04   3   1 0  1 0  0 0  1 0  0
    71  -.1267410359185373E-03   3   0 1  1 0  0 0  1 0  0
    72  0.2820202047045155E-04   3   0 0  2 0  0 0  1 0  0
    73  -.9951812551016802E-04   3   1 0  0 1  0 0  1 0  0
    74  -.7612864321547489E-04   3   0 1  0 1  0 0  1 0  0
    75  0.9416538802293014E-04   3   0 0  1 1  0 0  1 0  0
    76  0.2103426353758354E-04   3   0 0  0 2  0 0  1 0  0
    77  -.9204443432243290E-05   3   2 0  0 0  0 0  0 1  0
    78  0.1648478398947776E-03   3   1 1  0 0  0 0  0 1  0
    79  0.2403994264229683E-04   3   0 2  0 0  0 0  0 1  0
    80  0.2756800565404172E-03   3   1 0  1 0  0 0  0 1  0
    81  0.2539067505272118E-03   3   0 1  1 0  0 0  0 1  0
    82  -.1168015888208790E-03   3   0 0  2 0  0 0  0 1  0
    83  0.1993697122933973E-03   3   1 0  0 1  0 0  0 1  0
    84  0.7967310760367710E-04   3   0 1  0 1  0 0  0 1  0
    85  -.1886463015846239E-03   3   0 0  1 1  0 0  0 1  0
    86  -.2059874395738827E-04   3   0 0  0 2  0 0  0 1  0
    87  0.9424697967364205E-02   3   1 0  0 0  0 2  0 0  0
    88  -.3542142197376102E-01   3   0 1  0 0  0 2  0 0  0
    89  0.5483982487455371E-07   3   0 0  1 0  0 2  0 0  0
    90  0.2973398345803827E-05   3   0 0  0 1  0 2  0 0  0
    91  0.6160644995576549E-02   3   1 0  0 0  0 1  1 0  0
    92  -.2330152580412896E-01   3   0 1  0 0  0 1  1 0  0
    93  0.5906262876952425E-07   3   0 0  1 0  0 1  1 0  0
    94  0.2009395014360008E-05   3   0 0  0 1  0 1  1 0  0
    95  0.9382936587517396E-02   3   1 0  0 0  0 0  2 0  0
    96  -.3526422116003241E-01   3   0 1  0 0  0 0  2 0  0
    97  0.5455806162565770E-07   3   0 0  1 0  0 0  2 0  0
    98  0.2960113219930771E-05   3   0 0  0 1  0 0  2 0  0
    99  -.2501001946680300E-01   3   1 0  0 0  0 1  0 1  0
   100  0.4652213817254651E-01   3   0 1  0 0  0 1  0 1  0
   101  -.1369177828631836E-06   3   0 0  1 0  0 1  0 1  0
   102  -.3945195384146508E-05   3   0 0  0 1  0 1  0 1  0
   103  -.2492649677878818E-01   3   1 0  0 0  0 0  1 1  0
   104  0.4636677427778717E-01   3   0 1  0 0  0 0  1 1  0
   105  -.1364605364674128E-06   3   0 0  1 0  0 0  1 1  0
   106  -.3932020131577595E-05   3   0 0  0 1  0 0  1 1  0
   107  0.2496824583511291E-01   3   1 0  0 0  0 0  0 2  0
   108  0.1098301119063212E-02   3   0 1  0 0  0 0  0 2  0
   109  0.1158727228013658E-06   3   0 0  1 0  0 0  0 2  0
   110  -.6658808381863389E-09   3   0 0  0 1  0 0  0 2  0
   111  -.6768490792514558E-07   3   0 0  0 0  0 3  0 0  0
   112  -.3713685461162064E-07   3   0 0  0 0  0 2  1 0  0
   113  -.3728874830684118E-07   3   0 0  0 0  0 1  2 0  0
   114  -.6728404800515902E-07   3   0 0  0 0  0 0  3 0  0
   115  0.1571773379887868E-06   3   0 0  0 0  0 2  0 1  0
   116  0.9287186729901308E-07   3   0 0  0 0  0 1  1 1  0
   117  0.1564973574000288E-06   3   0 0  0 0  0 0  2 1  0
   118  -.9264677426890417E-07   3   0 0  0 0  0 1  0 2  0
   119  -.9233737396500182E-07   3   0 0  0 0  0 0  1 2  0
   120  -.1218824931134034E-07   3   0 0  0 0  0 0  0 3  0
   121  -.3912734460538700E-04   4   4 0  0 0  0 0  0 0  0
   122  0.2455308983061839E-03   4   3 1  0 0  0 0  0 0  0
   123  0.1238869058534921E-03   4   2 2  0 0  0 0  0 0  0
   124  0.8387985081995771E-04   4   1 3  0 0  0 0  0 0  0
   125  0.8709668997330024E-05   4   0 4  0 0  0 0  0 0  0
   126  0.4971846343612846E-08   4   3 0  1 0  0 0  0 0  0
   127  0.2090688312259123E-03   4   2 1  1 0  0 0  0 0  0
   128  0.6631316486331124E-04   4   1 2  1 0  0 0  0 0  0
   129  -.3555478078526744E-05   4   0 3  1 0  0 0  0 0  0
   130  -.1611757618003312E-04   4   2 0  2 0  0 0  0 0  0
   131  0.4723295646657472E-03   4   1 1  2 0  0 0  0 0  0
   132  -.7416503251100698E-04   4   0 2  2 0  0 0  0 0  0
   133  0.1016459592792161E-07   4   1 0  3 0  0 0  0 0  0
   134  0.2132309761332566E-03   4   0 1  3 0  0 0  0 0  0
   135  0.5517673433585498E-04   4   0 0  4 0  0 0  0 0  0
   136  0.1669864235667431E-07   4   3 0  0 1  0 0  0 0  0
   137  0.1388041359144562E-07   4   2 1  0 1  0 0  0 0  0
   138  -.9670321718877497E-04   4   1 2  0 1  0 0  0 0  0
   139  -.3587934218997901E-04   4   0 3  0 1  0 0  0 0  0
   140  0.4910926075273857E-03   4   2 0  1 1  0 0  0 0  0
   141  0.4704213300530303E-03   4   1 1  1 1  0 0  0 0  0
   142  -.1921903924458228E-03   4   0 2  1 1  0 0  0 0  0
   143  0.4264585830247766E-03   4   1 0  2 1  0 0  0 0  0
   144  0.1442959728293553E-03   4   0 1  2 1  0 0  0 0  0
   145  0.1194652997937751E-03   4   0 0  3 1  0 0  0 0  0
   146  0.3119601801524612E-05   4   2 0  0 2  0 0  0 0  0
   147  0.4761918371398306E-03   4   1 1  0 2  0 0  0 0  0
   148  -.2679186264205007E-04   4   0 2  0 2  0 0  0 0  0
   149  0.5980145573640324E-04   4   1 0  1 2  0 0  0 0  0
   150  0.2076909876275741E-03   4   0 1  1 2  0 0  0 0  0
   151  0.4263655355098360E-04   4   0 0  2 2  0 0  0 0  0
   152  -.9673655820526542E-04   4   1 0  0 3  0 0  0 0  0
   153  -.3587964435158429E-04   4   0 1  0 3  0 0  0 0  0
   154  -.1956749143910745E-04   4   0 0  1 3  0 0  0 0  0
   155  -.3728641950968341E-04   4   0 0  0 4  0 0  0 0  0
   156  0.6503900929255674E-01   4   3 0  0 0  0 1  0 0  0
   157  0.1639454545501923       4   2 1  0 0  0 1  0 0  0
   158  -.2121988061117226       4   1 2  0 0  0 1  0 0  0
   159  0.7909163308010402E-02   4   0 3  0 0  0 1  0 0  0
   160  0.3386392975610889E-04   4   2 0  1 0  0 1  0 0  0
   161  0.2140597125788026E-04   4   1 1  1 0  0 1  0 0  0
   162  0.3241305835316067E-05   4   0 2  1 0  0 1  0 0  0
   163  0.3771038537803801       4   1 0  2 0  0 1  0 0  0
   164  0.5475899957369099E-01   4   0 1  2 0  0 1  0 0  0
   165  -.8176537270615468E-05   4   0 0  3 0  0 1  0 0  0
   166  0.7577526108163421E-05   4   2 0  0 1  0 1  0 0  0
   167  0.5156802393403559E-04   4   1 1  0 1  0 1  0 0  0
   168  0.6634147125430243E-05   4   0 2  0 1  0 1  0 0  0
   169  0.3575506359966980       4   1 0  1 1  0 1  0 0  0
   170  0.1551613456038752       4   0 1  1 1  0 1  0 0  0
   171  -.6453756806702687E-05   4   0 0  2 1  0 1  0 0  0
   172  0.2803707652342486       4   1 0  0 2  0 1  0 0  0
   173  0.1608581992636092       4   0 1  0 2  0 1  0 0  0
   174  -.2216251033972916E-05   4   0 0  1 2  0 1  0 0  0
   175  -.6146108717687950E-05   4   0 0  0 3  0 1  0 0  0
   176  0.6482180702731589E-01   4   3 0  0 0  0 0  1 0  0
   177  0.1633979473773176       4   2 1  0 0  0 0  1 0  0
   178  -.2114901535373613       4   1 2  0 0  0 0  1 0  0
   179  0.7882750110679787E-02   4   0 3  0 0  0 0  1 0  0
   180  0.3375083882294401E-04   4   2 0  1 0  0 0  1 0  0
   181  0.2133448453787207E-04   4   1 1  1 0  0 0  1 0  0
   182  0.3230481270528990E-05   4   0 2  1 0  0 0  1 0  0
   183  0.3758444894056251       4   1 0  2 0  0 0  1 0  0
   184  0.5457612811118012E-01   4   0 1  2 0  0 0  1 0  0
   185  -.8149231159462541E-05   4   0 0  3 0  0 0  1 0  0
   186  0.7552220436174712E-05   4   2 0  0 1  0 0  1 0  0
   187  0.5139580895514281E-04   4   1 1  0 1  0 0  1 0  0
   188  0.6611991932735065E-05   4   0 2  0 1  0 0  1 0  0
   189  0.3563565709437106       4   1 0  1 1  0 0  1 0  0
   190  0.1546431735697405       4   0 1  1 1  0 0  1 0  0
   191  -.6432204039940465E-05   4   0 0  2 1  0 0  1 0  0
   192  0.2794344476922238       4   1 0  0 2  0 0  1 0  0
   193  0.1603210021930733       4   0 1  0 2  0 0  1 0  0
   194  -.2208849710519443E-05   4   0 0  1 2  0 0  1 0  0
   195  -.6125583362975400E-05   4   0 0  0 3  0 0  1 0  0
   196  -.3324991066819298       4   3 0  0 0  0 0  0 1  0
   197  -.3273434019275106       4   2 1  0 0  0 0  0 1  0
   198  0.1898289973127762       4   1 2  0 0  0 0  0 1  0
   199  -.7617208907393968E-02   4   0 3  0 0  0 0  0 1  0
   200  -.1142456296840659E-03   4   2 0  1 0  0 0  0 1  0
   201  -.4274045579575241E-04   4   1 1  1 0  0 0  0 1  0
   202  -.4661496035454075E-05   4   0 2  1 0  0 0  0 1  0
   203  -1.373130387414300       4   1 0  2 0  0 0  0 1  0
   204  -.1093351276848702       4   0 1  2 0  0 0  0 1  0
   205  0.2851334330662032E-04   4   0 0  3 0  0 0  0 1  0
   206  -.1512974654433850E-04   4   2 0  0 1  0 0  0 1  0
   207  -.5374999863440072E-04   4   1 1  0 1  0 0  0 1  0
   208  -.4784911166305452E-05   4   0 2  0 1  0 0  0 1  0
   209  -.7139072069404132       4   1 0  1 1  0 0  0 1  0
   210  -.2105914246119424       4   0 1  1 1  0 0  0 1  0
   211  0.1288596084664454E-04   4   0 0  2 1  0 0  0 1  0
   212  -.2785234150706308       4   1 0  0 2  0 0  0 1  0
   213  -.1124968519954632       4   0 1  0 2  0 0  0 1  0
   214  0.3125608230964185E-05   4   0 0  1 2  0 0  0 1  0
   215  0.4193559975334572E-05   4   0 0  0 3  0 0  0 1  0
   216  -.4895442491442388E-04   4   2 0  0 0  0 2  0 0  0
   217  0.1924957152210632E-03   4   1 1  0 0  0 2  0 0  0
   218  0.8254266233505539E-05   4   0 2  0 0  0 2  0 0  0
   219  -.7647872880202347E-04   4   1 0  1 0  0 2  0 0  0
   220  0.3411081503891494E-04   4   0 1  1 0  0 2  0 0  0
   221  -.3516058257460550E-04   4   0 0  2 0  0 2  0 0  0
   222  -.1206800469510529E-03   4   1 0  0 1  0 2  0 0  0
   223  -.6434682238397176E-04   4   0 1  0 1  0 2  0 0  0
   224  -.1264621012205307E-03   4   0 0  1 1  0 2  0 0  0
   225  -.8023515866902388E-04   4   0 0  0 2  0 2  0 0  0
   226  -.4665367177953153E-04   4   2 0  0 0  0 1  1 0  0
   227  0.1588386276203185E-03   4   1 1  0 0  0 1  1 0  0
   228  0.5335496330124652E-05   4   0 2  0 0  0 1  1 0  0
   229  -.9293167565270011E-04   4   1 0  1 0  0 1  1 0  0
   230  -.4132290334048893E-05   4   0 1  1 0  0 1  1 0  0
   231  -.3312825094880948E-04   4   0 0  2 0  0 1  1 0  0
   232  -.1443024992212698E-03   4   1 0  0 1  0 1  1 0  0
   233  -.9256150142780121E-04   4   0 1  0 1  0 1  1 0  0
   234  -.1169025354078364E-03   4   0 0  1 1  0 1  1 0  0
   235  -.9406842322564697E-04   4   0 0  0 2  0 1  1 0  0
   236  -.4871303664987390E-04   4   2 0  0 0  0 0  2 0  0
   237  0.1915876361943184E-03   4   1 1  0 0  0 0  2 0  0
   238  0.8217791411791781E-05   4   0 2  0 0  0 0  2 0  0
   239  -.7606814692721767E-04   4   1 0  1 0  0 0  2 0  0
   240  0.3400379964983102E-04   4   0 1  1 0  0 0  2 0  0
   241  -.3498784433828609E-04   4   0 0  2 0  0 0  2 0  0
   242  -.1200360735129837E-03   4   1 0  0 1  0 0  2 0  0
   243  -.6397737396007448E-04   4   0 1  0 1  0 0  2 0  0
   244  -.1258445702488770E-03   4   0 0  1 1  0 0  2 0  0
   245  -.7981013381360659E-04   4   0 0  0 2  0 0  2 0  0
   246  0.9191037581204567E-04   4   2 0  0 0  0 1  0 1  0
   247  -.1811798010494554E-03   4   1 1  0 0  0 1  0 1  0
   248  -.7081105535791166E-05   4   0 2  0 0  0 1  0 1  0
   249  0.1229457280602806E-03   4   1 0  1 0  0 1  0 1  0
   250  -.4483023293541166E-04   4   0 1  1 0  0 1  0 1  0
   251  0.8586627829057377E-04   4   0 0  2 0  0 1  0 1  0
   252  0.9594871263423997E-04   4   1 0  0 1  0 1  0 1  0
   253  0.3875108099989438E-04   4   0 1  0 1  0 1  0 1  0
   254  0.1839151699374209E-03   4   0 0  1 1  0 1  0 1  0
   255  0.7027065499854778E-04   4   0 0  0 2  0 1  0 1  0
   256  0.9160343476170159E-04   4   2 0  0 0  0 0  1 1  0
   257  -.1805747385856814E-03   4   1 1  0 0  0 0  1 1  0
   258  -.7057457694602856E-05   4   0 2  0 0  0 0  1 1  0
   259  0.1225351423067931E-03   4   1 0  1 0  0 0  1 1  0
   260  -.4468051927509006E-04   4   0 1  1 0  0 0  1 1  0
   261  0.8557952192150512E-04   4   0 0  2 0  0 0  1 1  0
   262  0.9562828527905934E-04   4   1 0  0 1  0 0  1 1  0
   263  0.3862166908748530E-04   4   0 1  0 1  0 0  1 1  0
   264  0.1833009725202526E-03   4   0 0  1 1  0 0  1 1  0
   265  0.7003598129100288E-04   4   0 0  0 2  0 0  1 1  0
   266  -.3919267562650236E-04   4   2 0  0 0  0 0  0 2  0
   267  -.3098038962651561E-04   4   1 1  0 0  0 0  0 2  0
   268  -.1594268206282559E-05   4   0 2  0 0  0 0  0 2  0
   269  -.2319001876330200E-08   4   1 0  1 0  0 0  0 2  0
   270  -.8585113478241830E-05   4   0 1  1 0  0 0  0 2  0
   271  -.6816912456538334E-04   4   0 0  2 0  0 0  0 2  0
   272  -.3155686474758034E-09   4   1 0  0 1  0 0  0 2  0
   273  -.1623513129583780E-10   4   0 1  0 1  0 0  0 2  0
   274  -.2986745077104261E-04   4   0 0  1 1  0 0  0 2  0
   275  -.1775989177542379E-05   4   0 0  0 2  0 0  0 2  0
   276  -.7784896808002404E-02   4   1 0  0 0  0 3  0 0  0
   277  0.2932998418784637E-01   4   0 1  0 0  0 3  0 0  0
   278  -.3792777935005882E-07   4   0 0  1 0  0 3  0 0  0
   279  -.2448980795680646E-05   4   0 0  0 1  0 3  0 0  0
   280  -.4510833324689004E-02   4   1 0  0 0  0 2  1 0  0
   281  0.1716763850862881E-01   4   0 1  0 0  0 2  1 0  0
   282  -.2011981006729327E-07   4   0 0  1 0  0 2  1 0  0
   283  -.1435590672679914E-05   4   0 0  0 1  0 2  1 0  0
   284  -.4527104032331154E-02   4   1 0  0 0  0 1  2 0  0
   285  0.1722807333548550E-01   4   0 1  0 0  0 1  2 0  0
   286  -.2020838198607078E-07   4   0 0  1 0  0 1  2 0  0
   287  -.1440626132978110E-05   4   0 0  0 1  0 1  2 0  0
   288  -.7738392686083102E-02   4   1 0  0 0  0 0  3 0  0
   289  0.2915448994650104E-01   4   0 1  0 0  0 0  3 0  0
   290  -.3770430284427333E-07   4   0 0  1 0  0 0  3 0  0
   291  -.2434323908678654E-05   4   0 0  0 1  0 0  3 0  0
   292  0.1844084781635773E-01   4   1 0  0 0  0 2  0 1  0
   293  -.3431467889451030E-01   4   0 1  0 0  0 2  0 1  0
   294  0.1121634803577079E-06   4   0 0  1 0  0 2  0 1  0
   295  0.2938586757062800E-05   4   0 0  0 1  0 2  0 1  0
   296  0.1191527364134085E-01   4   1 0  0 0  0 1  1 1  0
   297  -.2218823607541828E-01   4   0 1  0 0  0 1  1 1  0
   298  0.8757298904356648E-07   4   0 0  1 0  0 1  1 1  0
   299  0.1938657408871458E-05   4   0 0  0 1  0 1  1 1  0
   300  0.1835936739115968E-01   4   1 0  0 0  0 0  2 1  0
   301  -.3416303307974679E-01   4   0 1  0 0  0 0  2 1  0
   302  0.1116426746416987E-06   4   0 0  1 0  0 0  2 1  0
   303  0.2925536003371378E-05   4   0 0  0 1  0 0  2 1  0
   304  -.1189348774659332E-01   4   1 0  0 0  0 1  0 2  0
   305  -.1113366568369064E-02   4   0 1  0 0  0 1  0 2  0
   306  -.1095627299651855E-06   4   0 0  1 0  0 1  0 2  0
   307  0.1787934312119751E-08   4   0 0  0 1  0 1  0 2  0
   308  -.1185376862251271E-01   4   1 0  0 0  0 0  1 2  0
   309  -.1109648403788805E-02   4   0 1  0 0  0 0  1 2  0
   310  -.1091968376585174E-06   4   0 0  1 0  0 0  1 2  0
   311  0.1781963381951290E-08   4   0 0  0 1  0 0  1 2  0
   312  -.4069964886685566E-03   4   1 0  0 0  0 0  0 3  0
   313  0.8804244677833577E-05   4   0 1  0 0  0 0  0 3  0
   314  0.3429561541042366E-07   4   0 0  1 0  0 0  0 3  0
   315  -.7460450647109574E-09   4   0 0  0 1  0 0  0 3  0
   316  -.8293452173282534E-05   4   0 0  0 0  0 4  0 0  0
   317  -.4588411850736252E-05   4   0 0  0 0  0 3  1 0  0
   318  -.4097979198740630E-05   4   0 0  0 0  0 2  2 0  0
   319  -.4614585584991921E-05   4   0 0  0 0  0 1  3 0  0
   320  -.8230480836621754E-05   4   0 0  0 0  0 0  4 0  0
   321  0.9284862431182129E-05   4   0 0  0 0  0 3  0 1  0
   322  0.5289781613850430E-05   4   0 0  0 0  0 2  1 1  0
   323  0.5309639059249586E-05   4   0 0  0 0  0 1  2 1  0
   324  0.9229548146824803E-05   4   0 0  0 0  0 0  3 1  0
   325  0.2230129662412138E-06   4   0 0  0 0  0 2  0 2  0
   326  0.2690654263410283E-06   4   0 0  0 0  0 1  1 2  0
   327  0.2218189177411040E-06   4   0 0  0 0  0 0  2 2  0
   328  -.1415919491446863E-08   4   0 0  0 0  0 1  0 3  0
   329  -.1411190930475728E-08   4   0 0  0 0  0 0  1 3  0
   -------------------------------------------------------
     I  COEFFICIENT            ORDER EXPONENTS
     1  -.1195532839721827E-03   0   0 0  0 0  0 0  0 0  0
     2  0.7690281876421770E-05   1   1 0  0 0  0 0  0 0  0
     3  0.3396772537130898E-06   1   0 1  0 0  0 0  0 0  0
     4   1.098315450189526       1   0 0  1 0  0 0  0 0  0
     5  0.3445624491058579       1   0 0  0 1  0 0  0 0  0
     6  0.1309341864718090E-05   1   0 0  0 0  0 1  0 0  0
     7  0.1304969227095092E-05   1   0 0  0 0  0 0  1 0  0
     8  -.2614311091984507E-05   1   0 0  0 0  0 0  0 1  0
     9  -.9551027263678183E-04   2   2 0  0 0  0 0  0 0  0
    10  0.3537963804021087E-05   2   1 1  0 0  0 0  0 0  0
    11  -.5911321407594695E-05   2   0 2  0 0  0 0  0 0  0
    12  0.1825748975867131E-03   2   1 0  1 0  0 0  0 0  0
    13  -.1495159727114635E-05   2   0 1  1 0  0 0  0 0  0
    14  0.8976260769124589E-04   2   0 0  2 0  0 0  0 0  0
    15  -.1810517175321872E-04   2   1 0  0 1  0 0  0 0  0
    16  -.1599362407576265E-05   2   0 1  0 1  0 0  0 0  0
    17  -.5079104490345816E-04   2   0 0  1 1  0 0  0 0  0
    18  -.1118995781356058E-04   2   0 0  0 2  0 0  0 0  0
    19  -.3906021957763108E-05   2   1 0  0 0  0 1  0 0  0
    20  -.3589620122147060E-06   2   0 1  0 0  0 1  0 0  0
    21  -.4976606162608848E-01   2   0 0  1 0  0 1  0 0  0
    22  -.1747852961369216       2   0 0  0 1  0 1  0 0  0
    23  -.3892977527558252E-05   2   1 0  0 0  0 0  1 0  0
    24  -.3577632337733099E-06   2   0 1  0 0  0 0  1 0  0
    25  -.4959986442482543E-01   2   0 0  1 0  0 0  1 0  0
    26  -.1742015885641152       2   0 0  0 1  0 0  1 0  0
    27  0.7798999485321400E-05   2   1 0  0 0  0 0  0 1  0
    28  0.3770479922749540E-06   2   0 1  0 0  0 0  0 1  0
    29  0.9936592605091511E-01   2   0 0  1 0  0 0  0 1  0
    30  0.4424435595179636E-02   2   0 0  0 1  0 0  0 1  0
    31  -.9722765540462644E-06   2   0 0  0 0  0 2  0 0  0
    32  -.6374709331393986E-06   2   0 0  0 0  0 1  1 0  0
    33  -.9679651302440076E-06   2   0 0  0 0  0 0  2 0  0
    34  0.1272773928909423E-05   2   0 0  0 0  0 1  0 1  0
    35  0.1268523412434765E-05   2   0 0  0 0  0 0  1 1  0
    36  0.3650308237704063E-07   2   0 0  0 0  0 0  0 2  0
    37  -.1700938997028974E-05   3   3 0  0 0  0 0  0 0  0
    38  0.1803546237375122E-04   3   2 1  0 0  0 0  0 0  0
    39  0.1066826818831561E-04   3   1 2  0 0  0 0  0 0  0
    40  0.1388735712120891E-05   3   0 3  0 0  0 0  0 0  0
    41  -.1608933969585753E-01   3   2 0  1 0  0 0  0 0  0
    42  -.2961564841545465E-01   3   1 1  1 0  0 0  0 0  0
    43  0.1016015754286632       3   0 2  1 0  0 0  0 0  0
    44  0.8397095800962577E-05   3   1 0  2 0  0 0  0 0  0
    45  0.2861053358743063E-04   3   0 1  2 0  0 0  0 0  0
    46  0.5353659218712398E-01   3   0 0  3 0  0 0  0 0  0
    47  0.2783199408261068       3   2 0  0 1  0 0  0 0  0
    48  -.9346021302937340E-02   3   1 1  0 1  0 0  0 0  0
    49  0.1862221750685679       3   0 2  0 1  0 0  0 0  0
    50  0.1120090615671166E-04   3   1 0  1 1  0 0  0 0  0
    51  0.9973999844654101E-05   3   0 1  1 1  0 0  0 0  0
    52  0.3913325237728893       3   0 0  2 1  0 0  0 0  0
    53  0.1289848684337992E-04   3   1 0  0 2  0 0  0 0  0
    54  0.1810354187965293E-05   3   0 1  0 2  0 0  0 0  0
    55  0.2184522770596418       3   0 0  1 2  0 0  0 0  0
    56  0.1920866910810769       3   0 0  0 3  0 0  0 0  0
    57  0.4627023221857645E-04   3   2 0  0 0  0 1  0 0  0
    58  -.5434991166886195E-05   3   1 1  0 0  0 1  0 0  0
    59  0.8849998765888188E-05   3   0 2  0 0  0 1  0 0  0
    60  -.9114007376401139E-04   3   1 0  1 0  0 1  0 0  0
    61  0.2182988862868476E-05   3   0 1  1 0  0 1  0 0  0
    62  -.3914014373246904E-04   3   0 0  2 0  0 1  0 0  0
    63  0.1808798314954855E-04   3   1 0  0 1  0 1  0 0  0
    64  0.2440215775819538E-05   3   0 1  0 1  0 1  0 0  0
    65  0.5683212272868090E-04   3   0 0  1 1  0 1  0 0  0
    66  0.1729473930890352E-04   3   0 0  0 2  0 1  0 0  0
    67  0.4611570958115578E-04   3   2 0  0 0  0 0  1 0  0
    68  -.5416840638367161E-05   3   1 1  0 0  0 0  1 0  0
    69  0.8820443583541342E-05   3   0 2  0 0  0 0  1 0  0
    70  -.9083570519057886E-04   3   1 0  1 0  0 0  1 0  0
    71  0.2175698620732200E-05   3   0 1  1 0  0 0  1 0  0
    72  -.3900943251818518E-04   3   0 0  2 0  0 0  1 0  0
    73  0.1802757708007634E-04   3   1 0  0 1  0 0  1 0  0
    74  0.2432066506636498E-05   3   0 1  0 1  0 0  1 0  0
    75  0.5664232792817912E-04   3   0 0  1 1  0 0  1 0  0
    76  0.1723698233204259E-04   3   0 0  0 2  0 0  1 0  0
    77  -.9238594179973216E-04   3   2 0  0 0  0 0  0 1  0
    78  0.7313868001231651E-05   3   1 1  0 0  0 0  0 1  0
    79  -.5847799534240109E-05   3   0 2  0 0  0 0  0 1  0
    80  0.1819757789545913E-03   3   1 0  1 0  0 0  0 1  0
    81  -.2863527756486808E-05   3   0 1  1 0  0 0  0 1  0
    82  0.7814957625064529E-04   3   0 0  2 0  0 0  0 1  0
    83  -.1801038847640654E-04   3   1 0  0 1  0 0  0 1  0
    84  -.1673557467303597E-05   3   0 1  0 1  0 0  0 1  0
    85  -.6268340575342364E-04   3   0 0  1 1  0 0  0 1  0
    86  -.1215180601383885E-04   3   0 0  0 2  0 0  0 1  0
    87  0.2934931671172120E-05   3   1 0  0 0  0 2  0 0  0
    88  0.2807662102515247E-06   3   0 1  0 0  0 2  0 0  0
    89  0.3756469164900404E-01   3   0 0  1 0  0 2  0 0  0
    90  0.1320910304364879       3   0 0  0 1  0 2  0 0  0
    91  0.1963735784293287E-05   3   1 0  0 0  0 1  1 0  0
    92  0.2674545749573498E-06   3   0 1  0 0  0 1  1 0  0
    93  0.2544432087906044E-01   3   0 0  1 0  0 1  1 0  0
    94  0.8968011440599084E-01   3   0 0  0 1  0 1  1 0  0
    95  0.2921851248408929E-05   3   1 0  0 0  0 0  2 0  0
    96  0.2793819805774805E-06   3   0 1  0 0  0 0  2 0  0
    97  0.3739675523201083E-01   3   0 0  1 0  0 0  2 0  0
    98  0.1315001568447015       3   0 0  0 1  0 0  2 0  0
    99  -.3912289283462713E-05   3   1 0  0 0  0 1  0 1  0
   100  -.3689884548394883E-06   3   0 1  0 0  0 1  0 1  0
   101  -.5080781877064902E-01   3   0 0  1 0  0 1  0 1  0
   102  -.4292136001389029E-02   3   0 0  0 1  0 1  0 1  0
   103  -.3899223923090697E-05   3   1 0  0 0  0 0  1 1  0
   104  -.3677561924002357E-06   3   0 1  0 0  0 0  1 1  0
   105  -.5063814254942506E-01   3   0 0  1 0  0 0  1 1  0
   106  -.4277802116658134E-02   3   0 0  0 1  0 0  1 1  0
   107  -.1410695228079745E-08   3   1 0  0 0  0 0  0 2  0
   108  -.3144223299751975E-09   3   0 1  0 0  0 0  0 2  0
   109  0.1040081466810029E-02   3   0 0  1 0  0 0  0 2  0
   110  -.1394438065173233E-03   3   0 0  0 1  0 0  0 2  0
   111  0.8040005949423844E-06   3   0 0  0 0  0 3  0 0  0
   112  0.4679823439474736E-06   3   0 0  0 0  0 2  1 0  0
   113  0.4696521280836115E-06   3   0 0  0 0  0 1  2 0  0
   114  0.7991942666419075E-06   3   0 0  0 0  0 0  3 0  0
   115  -.9352943090575687E-06   3   0 0  0 0  0 2  0 1  0
   116  -.6000545674898547E-06   3   0 0  0 0  0 1  1 1  0
   117  -.9311688673282611E-06   3   0 0  0 0  0 0  2 1  0
   118  -.3745759494090463E-07   3   0 0  0 0  0 1  0 2  0
   119  -.3733250271450286E-07   3   0 0  0 0  0 0  1 2  0
   120  0.5946443005062338E-09   3   0 0  0 0  0 0  0 3  0
   121  -.1399481570916383E-08   4   4 0  0 0  0 0  0 0  0
   122  -.1027956841530938E-07   4   3 1  0 0  0 0  0 0  0
   123  0.4783646534302063E-04   4   2 2  0 0  0 0  0 0  0
   124  -.1602760782158039E-05   4   1 3  0 0  0 0  0 0  0
   125  0.4682506750417959E-04   4   0 4  0 0  0 0  0 0  0
   126  -.1219966750661300E-03   4   3 0  1 0  0 0  0 0  0
   127  -.2677449959574751E-03   4   2 1  1 0  0 0  0 0  0
   128  0.5455081587696715E-04   4   1 2  1 0  0 0  0 0  0
   129  0.1186855468575579E-03   4   0 3  1 0  0 0  0 0  0
   130  -.1684675681525352E-03   4   2 0  2 0  0 0  0 0  0
   131  -.2460735453339228E-03   4   1 1  2 0  0 0  0 0  0
   132  0.2993633332273454E-03   4   0 2  2 0  0 0  0 0  0
   133  -.6288516046810971E-04   4   1 0  3 0  0 0  0 0  0
   134  -.7904236211998110E-04   4   0 1  3 0  0 0  0 0  0
   135  -.6694812703439668E-04   4   0 0  4 0  0 0  0 0  0
   136  0.6259614716831967E-04   4   3 0  0 1  0 0  0 0  0
   137  -.4049849577579629E-03   4   2 1  0 1  0 0  0 0  0
   138  -.1800616372781828E-03   4   1 2  0 1  0 0  0 0  0
   139  0.1705729178439427E-03   4   0 3  0 1  0 0  0 0  0
   140  0.6780680269519474E-04   4   2 0  1 1  0 0  0 0  0
   141  -.5123435999449490E-03   4   1 1  1 1  0 0  0 0  0
   142  0.1977846240527378E-03   4   0 2  1 1  0 0  0 0  0
   143  0.3935293232403770E-04   4   1 0  2 1  0 0  0 0  0
   144  -.6856965996235043E-04   4   0 1  2 1  0 0  0 0  0
   145  0.1524938352568507E-03   4   0 0  3 1  0 0  0 0  0
   146  0.1726932432910776E-03   4   2 0  0 2  0 0  0 0  0
   147  -.8018369236538043E-04   4   1 1  0 2  0 0  0 0  0
   148  0.2948513069697340E-03   4   0 2  0 2  0 0  0 0  0
   149  -.6905984382319399E-04   4   1 0  1 2  0 0  0 0  0
   150  0.1379686579248792E-03   4   0 1  1 2  0 0  0 0  0
   151  0.3097051470263200E-03   4   0 0  2 2  0 0  0 0  0
   152  -.8967380317113430E-04   4   1 0  0 3  0 0  0 0  0
   153  0.1846739072242628E-03   4   0 1  0 3  0 0  0 0  0
   154  0.2687375737928270E-03   4   0 0  1 3  0 0  0 0  0
   155  0.2643539550886589E-03   4   0 0  0 4  0 0  0 0  0
   156  0.1863151523327443E-05   4   3 0  0 0  0 1  0 0  0
   157  -.1554829810836635E-04   4   2 1  0 0  0 1  0 0  0
   158  -.1547826477497937E-04   4   1 2  0 0  0 1  0 0  0
   159  -.2795271888691262E-05   4   0 3  0 0  0 1  0 0  0
   160  0.2365319524949838E-01   4   2 0  1 0  0 1  0 0  0
   161  0.4722973894040809E-01   4   1 1  1 0  0 1  0 0  0
   162  -.1546217581349976       4   0 2  1 0  0 1  0 0  0
   163  -.1060522771896831E-04   4   1 0  2 0  0 1  0 0  0
   164  -.3191575622852163E-04   4   0 1  2 0  0 1  0 0  0
   165  -.6435308519262156E-01   4   0 0  3 0  0 1  0 0  0
   166  -.2747335189436292       4   2 0  0 1  0 1  0 0  0
   167  0.1898037290605769E-01   4   1 1  0 1  0 1  0 0  0
   168  -.2877352232283521       4   0 2  0 1  0 1  0 0  0
   169  -.1741134052609490E-04   4   1 0  1 1  0 1  0 0  0
   170  -.1621832067915483E-04   4   0 1  1 1  0 1  0 0  0
   171  -.4499796820442192       4   0 0  2 1  0 1  0 0  0
   172  -.1999473437489342E-04   4   1 0  0 2  0 1  0 0  0
   173  -.3792547298476110E-05   4   0 1  0 2  0 1  0 0  0
   174  -.3407751109269211       4   0 0  1 2  0 1  0 0  0
   175  -.3001076148055646       4   0 0  0 3  0 1  0 0  0
   176  0.1856929400085452E-05   4   3 0  0 0  0 0  1 0  0
   177  -.1549637349256239E-04   4   2 1  0 0  0 0  1 0  0
   178  -.1542657404033091E-04   4   1 2  0 0  0 0  1 0  0
   179  -.2785936885086687E-05   4   0 3  0 0  0 0  1 0  0
   180  0.2357420376970329E-01   4   2 0  1 0  0 0  1 0  0
   181  0.4707201196399419E-01   4   1 1  1 0  0 0  1 0  0
   182  -.1541053880904980       4   0 2  1 0  0 0  1 0  0
   183  -.1056981082825925E-04   4   1 0  2 0  0 0  1 0  0
   184  -.3180917135545616E-04   4   0 1  2 0  0 0  1 0  0
   185  -.6413817361830690E-01   4   0 0  3 0  0 0  1 0  0
   186  -.2738160273750861       4   2 0  0 1  0 0  1 0  0
   187  0.1891698663933618E-01   4   1 1  0 1  0 0  1 0  0
   188  -.2867743115700304       4   0 2  0 1  0 0  1 0  0
   189  -.1735319415141403E-04   4   1 0  1 1  0 0  1 0  0
   190  -.1616415847668503E-04   4   0 1  1 1  0 0  1 0  0
   191  -.4484769438057959       4   0 0  2 1  0 0  1 0  0
   192  -.1992796057796332E-04   4   1 0  0 2  0 0  1 0  0
   193  -.3779881824735810E-05   4   0 1  0 2  0 0  1 0  0
   194  -.3396370688990054       4   0 0  1 2  0 0  1 0  0
   195  -.2991053846907272       4   0 0  0 3  0 0  1 0  0
   196  -.3720080923412962E-05   4   3 0  0 0  0 0  0 1  0
   197  0.1300920922717749E-04   4   2 1  0 0  0 0  0 1  0
   198  0.9568302438679210E-05   4   1 2  0 0  0 0  0 1  0
   199  0.1415001637415315E-05   4   0 3  0 0  0 0  0 1  0
   200  -.4722739901920394E-01   4   2 0  1 0  0 0  0 1  0
   201  -.6468610248894896E-01   4   1 1  1 0  0 0  0 1  0
   202  0.1055239953681709       4   0 2  1 0  0 0  0 1  0
   203  0.2117503854722931E-04   4   1 0  2 0  0 0  0 1  0
   204  0.3511439399654824E-04   4   0 1  2 0  0 0  0 1  0
   205  0.1284912588109410       4   0 0  3 0  0 0  0 1  0
   206  0.2702296054926083       4   2 0  0 1  0 0  0 1  0
   207  -.1920531693951720E-01   4   1 1  0 1  0 0  0 1  0
   208  0.1584300959267918E-01   4   0 2  0 1  0 0  0 1  0
   209  0.2356362852079969E-04   4   1 0  1 1  0 0  0 1  0
   210  0.1243447946653381E-04   4   0 1  1 1  0 0  0 1  0
   211  0.5071241020771542       4   0 0  2 1  0 0  0 1  0
   212  0.1412572126609814E-04   4   1 0  0 2  0 0  0 1  0
   213  0.2141366559317717E-05   4   0 1  0 2  0 0  0 1  0
   214  0.2435076257066751       4   0 0  1 2  0 0  0 1  0
   215  0.2295292625307502E-01   4   0 0  0 3  0 0  0 1  0
   216  0.5923902963296784E-04   4   2 0  0 0  0 2  0 0  0
   217  -.3658593796417235E-05   4   1 1  0 0  0 2  0 0  0
   218  0.1175245992254754E-03   4   0 2  0 0  0 2  0 0  0
   219  0.4982167470672973E-04   4   1 0  1 0  0 2  0 0  0
   220  0.1241386930666778E-03   4   0 1  1 0  0 2  0 0  0
   221  0.1986723662997583E-03   4   0 0  2 0  0 2  0 0  0
   222  -.3973735908630908E-04   4   1 0  0 1  0 2  0 0  0
   223  0.2337054641058610E-03   4   0 1  0 1  0 2  0 0  0
   224  0.2512523493652825E-03   4   0 0  1 1  0 2  0 0  0
   225  0.3818962721004804E-03   4   0 0  0 2  0 2  0 0  0
   226  0.7046575374040472E-04   4   2 0  0 0  0 1  1 0  0
   227  -.5701970472162336E-05   4   1 1  0 0  0 1  1 0  0
   228  0.1430908526983245E-03   4   0 2  0 0  0 1  1 0  0
   229  0.2275752906300438E-04   4   1 0  1 0  0 1  1 0  0
   230  0.1498828610850029E-03   4   0 1  1 0  0 1  1 0  0
   231  0.2013340645876267E-03   4   0 0  2 0  0 1  1 0  0
   232  -.4264777634782008E-04   4   1 0  0 1  0 1  1 0  0
   233  0.2842626389127211E-03   4   0 1  0 1  0 1  1 0  0
   234  0.3146655341404208E-03   4   0 0  1 1  0 1  1 0  0
   235  0.4672025448053266E-03   4   0 0  0 2  0 1  1 0  0
   236  0.5892353417389838E-04   4   2 0  0 0  0 0  2 0  0
   237  -.3636854607474992E-05   4   1 1  0 0  0 0  2 0  0
   238  0.1168931868117444E-03   4   0 2  0 0  0 0  2 0  0
   239  0.4961729161140162E-04   4   1 0  1 0  0 0  2 0  0
   240  0.1234738512389372E-03   4   0 1  1 0  0 0  2 0  0
   241  0.1976727016960413E-03   4   0 0  2 0  0 0  2 0  0
   242  -.3953344083220848E-04   4   1 0  0 1  0 0  2 0  0
   243  0.2324503311996444E-03   4   0 1  0 1  0 0  2 0  0
   244  0.2498878511387833E-03   4   0 0  1 1  0 0  2 0  0
   245  0.3798407755243338E-03   4   0 0  0 2  0 0  2 0  0
   246  -.4654094521086543E-04   4   2 0  0 0  0 1  0 1  0
   247  0.3300067435672500E-05   4   1 1  0 0  0 1  0 1  0
   248  -.3849047106367037E-05   4   0 2  0 0  0 1  0 1  0
   249  -.6049533953739735E-04   4   1 0  1 0  0 1  0 1  0
   250  -.1024032942402620E-03   4   0 1  1 0  0 1  0 1  0
   251  -.2479614058468856E-03   4   0 0  2 0  0 1  0 1  0
   252  0.4242690458570681E-04   4   1 0  0 1  0 1  0 1  0
   253  -.1844491087006212E-04   4   0 1  0 1  0 1  0 1  0
   254  -.2080061549379130E-03   4   0 0  1 1  0 1  0 1  0
   255  -.3339644377234674E-04   4   0 0  0 2  0 1  0 1  0
   256  -.4638551850870246E-04   4   2 0  0 0  0 0  1 1  0
   257  0.3289046632461089E-05   4   1 1  0 0  0 0  1 1  0
   258  -.3836192947614992E-05   4   0 2  0 0  0 0  1 1  0
   259  -.6029331117123730E-04   4   1 0  1 0  0 0  1 1  0
   260  -.1020613113638451E-03   4   0 1  1 0  0 0  1 1  0
   261  -.2471333215997821E-03   4   0 0  2 0  0 0  1 1  0
   262  0.4228521700646163E-04   4   1 0  0 1  0 0  1 1  0
   263  -.1838331281580589E-04   4   0 1  0 1  0 0  1 1  0
   264  -.2073115040118278E-03   4   0 0  1 1  0 0  1 1  0
   265  -.3328491404092444E-04   4   0 0  0 2  0 0  1 1  0
   266  -.1353021292856311E-08   4   2 0  0 0  0 0  0 2  0
   267  -.3008305655783436E-09   4   1 1  0 0  0 0  0 2  0
   268  -.2398570604747735E-07   4   0 2  0 0  0 0  0 2  0
   269  -.1091475925242637E-04   4   1 0  1 0  0 0  0 2  0
   270  0.1936620594995795E-05   4   0 1  1 0  0 0  0 2  0
   271  0.3197668575428242E-04   4   0 0  2 0  0 0  0 2  0
   272  -.2678710023110128E-05   4   1 0  0 1  0 0  0 2  0
   273  -.9266837165994220E-07   4   0 1  0 1  0 0  0 2  0
   274  0.8003182367868529E-05   4   0 0  1 1  0 0  0 2  0
   275  0.1977558039914188E-06   4   0 0  0 2  0 0  0 2  0
   276  -.2441912693021908E-05   4   1 0  0 0  0 3  0 0  0
   277  -.3495654615956115E-06   4   0 1  0 0  0 3  0 0  0
   278  -.3147283672439869E-01   4   0 0  1 0  0 3  0 0  0
   279  -.1107616599676248       4   0 0  0 1  0 3  0 0  0
   280  -.1461896929052243E-05   4   1 0  0 0  0 2  1 0  0
   281  -.4225866928384068E-06   4   0 1  0 0  0 2  1 0  0
   282  -.1930962475099420E-01   4   0 0  1 0  0 2  1 0  0
   283  -.6817484078321892E-01   4   0 0  0 1  0 2  1 0  0
   284  -.1466765323626469E-05   4   1 0  0 0  0 1  2 0  0
   285  -.4222150557584931E-06   4   0 1  0 0  0 1  2 0  0
   286  -.1937002806946842E-01   4   0 0  1 0  0 1  2 0  0
   287  -.6838632027990749E-01   4   0 0  0 1  0 1  2 0  0
   288  -.2427247433426842E-05   4   1 0  0 0  0 0  3 0  0
   289  -.3471110988551736E-06   4   0 1  0 0  0 0  3 0  0
   290  -.3128304350576983E-01   4   0 0  1 0  0 0  3 0  0
   291  -.1100933605778340       4   0 0  0 1  0 0  3 0  0
   292  0.2928577395196166E-05   4   1 0  0 0  0 2  0 1  0
   293  0.3725182962721378E-06   4   0 1  0 0  0 2  0 1  0
   294  0.3859857888189394E-01   4   0 0  1 0  0 2  0 1  0
   295  0.4186179939272281E-02   4   0 0  0 1  0 2  0 1  0
   296  0.1951392222655931E-05   4   1 0  0 0  0 1  1 1  0
   297  0.3760204439842774E-06   4   0 1  0 0  0 1  1 1  0
   298  0.2647031954801709E-01   4   0 0  1 0  0 1  1 1  0
   299  0.4080883703333388E-02   4   0 0  0 1  0 1  1 1  0
   300  0.2915538804065081E-05   4   1 0  0 0  0 0  2 1  0
   301  0.3706463725570852E-06   4   0 1  0 0  0 0  2 1  0
   302  0.3842547653033013E-01   4   0 0  1 0  0 0  2 1  0
   303  0.4165385705588616E-02   4   0 0  0 1  0 0  2 1  0
   304  0.2578465053351394E-08   4   1 0  0 0  0 1  0 2  0
   305  0.6388334839762540E-09   4   0 1  0 0  0 1  0 2  0
   306  -.1025858117787642E-02   4   0 0  1 0  0 1  0 2  0
   307  0.2116032838282729E-03   4   0 0  0 1  0 1  0 2  0
   308  0.2569854091149820E-08   4   1 0  0 0  0 0  1 2  0
   309  0.6367000554108883E-09   4   0 1  0 0  0 0  1 2  0
   310  -.1022432193724247E-02   4   0 0  1 0  0 0  1 2  0
   311  0.2108966200415609E-03   4   0 0  0 1  0 0  1 2  0
   312  -.7756423962450773E-09   4   1 0  0 0  0 0  0 3  0
   313  -.1107554991248071E-09   4   0 1  0 0  0 0  0 3  0
   314  -.1062420737025402E-04   4   0 0  1 0  0 0  0 3  0
   315  -.1389494772966122E-05   4   0 0  0 1  0 0  0 3  0
   316  0.3310296082968990E-04   4   0 0  0 0  0 4  0 0  0
   317  0.1954761955377249E-04   4   0 0  0 0  0 3  1 0  0
   318  0.1774735208217151E-04   4   0 0  0 0  0 2  2 0  0
   319  0.1964332228810489E-04   4   0 0  0 0  0 1  3 0  0
   320  0.3284956505585462E-04   4   0 0  0 0  0 0  4 0  0
   321  -.9997305897848504E-06   4   0 0  0 0  0 3  0 1  0
   322  -.1141598819366804E-05   4   0 0  0 0  0 2  1 1  0
   323  -.1140871426659120E-05   4   0 0  0 0  0 1  2 1  0
   324  -.9928227462351429E-06   4   0 0  0 0  0 0  3 1  0
   325  -.4241167132717776E-07   4   0 0  0 0  0 2  0 2  0
   326  -.6068766846701991E-07   4   0 0  0 0  0 1  1 2  0
   327  -.4216869928946847E-07   4   0 0  0 0  0 0  2 2  0
   328  0.2392942927458589E-09   4   0 0  0 0  0 1  0 3  0
   329  0.2384951529217879E-09   4   0 0  0 0  0 0  1 3  0
   -------------------------------------------------------
     I  COEFFICIENT            ORDER EXPONENTS
     1  -.4040461169505252E-04   0   0 0  0 0  0 0  0 0  0
     2  0.4595618134738986E-04   1   1 0  0 0  0 0  0 0  0
     3  0.7703131251484803E-05   1   0 1  0 0  0 0  0 0  0
     4  0.5987213163506316       1   0 0  1 0  0 0  0 0  0
     5   1.098315500039941       1   0 0  0 1  0 0  0 0  0
     6  0.3235459125284611E-06   1   0 0  0 0  0 1  0 0  0
     7  0.3224654085988107E-06   1   0 0  0 0  0 0  1 0  0
     8  -.4105062301618041E-04   1   0 0  0 0  0 0  0 1  0
     9  -.4639036735879426E-04   2   2 0  0 0  0 0  0 0  0
    10  0.2052002864368258E-03   2   1 1  0 0  0 0  0 0  0
    11  0.1421687329660167E-04   2   0 2  0 0  0 0  0 0  0
    12  0.9432756295232047E-04   2   1 0  1 0  0 0  0 0  0
    13  -.1932781288369893E-03   2   0 1  1 0  0 0  0 0  0
    14  0.3214549432577648E-04   2   0 0  2 0  0 0  0 0  0
    15  -.1628522185228600E-03   2   1 0  0 1  0 0  0 0  0
    16  -.6001238005375469E-04   2   0 1  0 1  0 0  0 0  0
    17  -.1870435371989903E-03   2   0 0  1 1  0 0  0 0  0
    18  -.1004378939165597E-04   2   0 0  0 2  0 0  0 0  0
    19  -.2963551059840078E-07   2   1 0  0 0  0 1  0 0  0
    20  -.3912246788917699E-05   2   0 1  0 0  0 1  0 0  0
    21  -.1355346319636610E-01   2   0 0  1 0  0 1  0 0  0
    22  -.4976608493456548E-01   2   0 0  0 1  0 1  0 0  0
    23  -.2953654076318852E-07   2   1 0  0 0  0 0  1 0  0
    24  -.3899181570459098E-05   2   0 1  0 0  0 0  1 0  0
    25  -.1350820046957929E-01   2   0 0  1 0  0 0  1 0  0
    26  -.4959988765546178E-01   2   0 0  0 1  0 0  1 0  0
    27  0.4601535339875154E-04   2   1 0  0 0  0 0  0 1  0
    28  0.7811428359571017E-05   2   0 1  0 0  0 0  0 1  0
    29  0.6257829800165796       2   0 0  1 0  0 0  0 1  0
    30  0.9936597259002976E-01   2   0 0  0 1  0 0  0 1  0
    31  -.2460425890904509E-06   2   0 0  0 0  0 2  0 0  0
    32  -.1690577775913504E-06   2   0 0  0 0  0 1  1 0  0
    33  -.2449386228006863E-06   2   0 0  0 0  0 0  2 0  0
    34  0.6611562201273167E-06   2   0 0  0 0  0 1  0 1  0
    35  0.6589482432489031E-06   2   0 0  0 0  0 0  1 1  0
    36  -.6600563304003491E-06   2   0 0  0 0  0 0  0 2  0
    37  -.1300841556808191E-04   3   3 0  0 0  0 0  0 0  0
    38  -.7325974346463958E-05   3   2 1  0 0  0 0  0 0  0
    39  -.1542558408401150E-05   3   1 2  0 0  0 0  0 0  0
    40  0.3742680859074696E-05   3   0 3  0 0  0 0  0 0  0
    41  -.5267241897649891       3   2 0  1 0  0 0  0 0  0
    42  -.3691873314007130       3   1 1  1 0  0 0  0 0  0
    43  0.2876777863904082       3   0 2  1 0  0 0  0 0  0
    44  0.2925287011499148E-04   3   1 0  2 0  0 0  0 0  0
    45  0.6533280430319513E-05   3   0 1  2 0  0 0  0 0  0
    46  -.3137851116440545       3   0 0  3 0  0 0  0 0  0
    47  0.2565931996793823E-02   3   2 0  0 1  0 0  0 0  0
    48  -.9129992665600251E-01   3   1 1  0 1  0 0  0 0  0
    49  0.9016312921110244E-01   3   0 2  0 1  0 0  0 0  0
    50  0.8977665486337219E-05   3   1 0  1 1  0 0  0 0  0
    51  -.4308682198504036E-04   3   0 1  1 1  0 0  0 0  0
    52  -.2426045699385870       3   0 0  2 1  0 0  0 0  0
    53  0.1031922912334466E-05   3   1 0  0 2  0 0  0 0  0
    54  -.3589536780301791E-05   3   0 1  0 2  0 0  0 0  0
    55  -.3483578325556633       3   0 0  1 2  0 0  0 0  0
    56  -.4534578685894173E-02   3   0 0  0 3  0 0  0 0  0
    57  0.2132073604340606E-04   3   2 0  0 0  0 1  0 0  0
    58  -.1084305990712214E-03   3   1 1  0 0  0 1  0 0  0
    59  -.1478882134929887E-04   3   0 2  0 0  0 1  0 0  0
    60  -.5279975342781258E-04   3   1 0  1 0  0 1  0 0  0
    61  0.1002178341600296E-03   3   0 1  1 0  0 1  0 0  0
    62  -.1640471103172973E-04   3   0 0  2 0  0 1  0 0  0
    63  0.7054193237723030E-04   3   1 0  0 1  0 1  0 0  0
    64  0.5857941429181746E-04   3   0 1  0 1  0 1  0 0  0
    65  0.8902299338306761E-04   3   0 0  1 1  0 1  0 0  0
    66  0.8390867489388851E-05   3   0 0  0 2  0 1  0 0  0
    67  0.2124953397228615E-04   3   2 0  0 0  0 0  1 0  0
    68  -.1080684875938796E-03   3   1 1  0 0  0 0  1 0  0
    69  -.1473943305860523E-04   3   0 2  0 0  0 0  1 0  0
    70  -.5262342500317163E-04   3   1 0  1 0  0 0  1 0  0
    71  0.9988314977854893E-04   3   0 1  1 0  0 0  1 0  0
    72  -.1634992636579628E-04   3   0 0  2 0  0 0  1 0  0
    73  0.7030635272013647E-04   3   1 0  0 1  0 0  1 0  0
    74  0.5838378429039149E-04   3   0 1  0 1  0 0  1 0  0
    75  0.8872569494585861E-04   3   0 0  1 1  0 0  1 0  0
    76  0.8362845607667056E-05   3   0 0  0 2  0 0  1 0  0
    77  -.8896063737448513E-04   3   2 0  0 0  0 0  0 1  0
    78  0.2164990866651012E-03   3   1 1  0 0  0 0  0 1  0
    79  0.1531138111130274E-04   3   0 2  0 0  0 0  0 1  0
    80  0.1997507413833047E-03   3   1 0  1 0  0 0  0 1  0
    81  -.2001009839385796E-03   3   0 1  1 0  0 0  0 1  0
    82  0.6490013172329117E-04   3   0 0  2 0  0 0  0 1  0
    83  -.1408482850973677E-03   3   1 0  0 1  0 0  0 1  0
    84  -.5695081852845410E-04   3   0 1  0 1  0 0  0 1  0
    85  -.1777486883289357E-03   3   0 0  1 1  0 0  0 1  0
    86  -.6709923705401130E-05   3   0 0  0 2  0 0  0 1  0
    87  0.5129143007414797E-07   3   1 0  0 0  0 2  0 0  0
    88  0.2892964208481806E-05   3   0 1  0 0  0 2  0 0  0
    89  0.1026765861909009E-01   3   0 0  1 0  0 2  0 0  0
    90  0.3756477455287287E-01   3   0 0  0 1  0 2  0 0  0
    91  0.5627510465394088E-07   3   1 0  0 0  0 1  1 0  0
    92  0.1912465104681227E-05   3   0 1  0 0  0 1  1 0  0
    93  0.7003634596090727E-02   3   0 0  1 0  0 1  1 0  0
    94  0.2544441179706887E-01   3   0 0  0 1  0 1  1 0  0
    95  0.5102617149954031E-07   3   1 0  0 0  0 0  2 0  0
    96  0.2880109549948372E-05   3   0 1  0 0  0 0  2 0  0
    97  0.1022167450289876E-01   3   0 0  1 0  0 0  2 0  0
    98  0.3739683770720200E-01   3   0 0  0 1  0 0  2 0  0
    99  -.1267444832645810E-06   3   1 0  0 0  0 1  0 1  0
   100  -.3879532108591936E-05   3   0 1  0 0  0 1  0 1  0
   101  -.2753892181722259E-01   3   0 0  1 0  0 1  0 1  0
   102  -.5080790329338122E-01   3   0 0  0 1  0 1  0 1  0
   103  -.1263212113057284E-06   3   1 0  0 0  0 0  1 1  0
   104  -.3866576143068582E-05   3   0 1  0 0  0 0  1 1  0
   105  -.2744695368508287E-01   3   0 0  1 0  0 0  1 1  0
   106  -.5063822678988568E-01   3   0 0  0 1  0 0  1 1  0
   107  0.1045541543664611E-06   3   1 0  0 0  0 0  0 2  0
   108  -.1920999268602781E-08   3   0 1  0 0  0 0  0 2  0
   109  0.2749291930294980E-01   3   0 0  1 0  0 0  0 2  0
   110  0.1040084918348773E-02   3   0 0  0 1  0 0  0 2  0
   111  0.2057422911023623E-06   3   0 0  0 0  0 3  0 0  0
   112  0.1252817568865149E-06   3   0 0  0 0  0 2  1 0  0
   113  0.1256813702764449E-06   3   0 0  0 0  0 1  2 0  0
   114  0.2045031641140341E-06   3   0 0  0 0  0 0  3 0  0
   115  -.4964463156507489E-06   3   0 0  0 0  0 2  0 1  0
   116  -.3328291576954715E-06   3   0 0  0 0  0 1  1 1  0
   117  -.4942326458949498E-06   3   0 0  0 0  0 0  2 1  0
   118  0.3322767776129201E-06   3   0 0  0 0  0 1  0 2  0
   119  0.3311671163562890E-06   3   0 0  0 0  0 0  1 2  0
   120  -.1129187856269985E-08   3   0 0  0 0  0 0  0 3  0
   121  -.4188840331300624E-04   4   4 0  0 0  0 0  0 0  0
   122  0.5386709193998012E-04   4   3 1  0 0  0 0  0 0  0
   123  0.3849544129548157E-04   4   2 2  0 0  0 0  0 0  0
   124  -.1980396587334745E-04   4   1 3  0 0  0 0  0 0  0
   125  0.3529714898296732E-04   4   0 4  0 0  0 0  0 0  0
   126  0.5322689463141632E-08   4   3 0  1 0  0 0  0 0  0
   127  0.3383394125955507E-03   4   2 1  1 0  0 0  0 0  0
   128  0.5929267137047327E-04   4   1 2  1 0  0 0  0 0  0
   129  0.9236280828862347E-04   4   0 3  1 0  0 0  0 0  0
   130  -.1725492844624006E-04   4   2 0  2 0  0 0  0 0  0
   131  0.6546033321353734E-03   4   1 1  2 0  0 0  0 0  0
   132  0.1199451653992272E-04   4   0 2  2 0  0 0  0 0  0
   133  0.1088187041665627E-07   4   1 0  3 0  0 0  0 0  0
   134  -.1664236224347239E-07   4   0 1  3 0  0 0  0 0  0
   135  0.5907033366728088E-04   4   0 0  4 0  0 0  0 0  0
   136  0.1691543640688909E-03   4   3 0  0 1  0 0  0 0  0
   137  0.1169175094342699E-03   4   2 1  0 1  0 0  0 0  0
   138  -.1738521138204933E-03   4   1 2  0 1  0 0  0 0  0
   139  0.2895129336451218E-04   4   0 3  0 1  0 0  0 0  0
   140  0.2803747111254003E-03   4   2 0  1 1  0 0  0 0  0
   141  0.4844835871766497E-03   4   1 1  1 1  0 0  0 0  0
   142  -.4789409725212170E-03   4   0 2  1 1  0 0  0 0  0
   143  0.3022830894915353E-03   4   1 0  2 1  0 0  0 0  0
   144  -.1200622149585222E-07   4   0 1  2 1  0 0  0 0  0
   145  0.4515750470042581E-03   4   0 0  3 1  0 0  0 0  0
   146  -.8430777304463677E-04   4   2 0  0 2  0 0  0 0  0
   147  0.1889883598296963E-03   4   1 1  0 2  0 0  0 0  0
   148  0.2124732726254663E-04   4   0 2  0 2  0 0  0 0  0
   149  0.9653492120549647E-04   4   1 0  1 2  0 0  0 0  0
   150  0.9239054919142614E-04   4   0 1  1 2  0 0  0 0  0
   151  0.1769405129460396E-03   4   0 0  2 2  0 0  0 0  0
   152  0.1066924868349463E-05   4   1 0  0 3  0 0  0 0  0
   153  0.2895096988058236E-04   4   0 1  0 3  0 0  0 0  0
   154  -.1068210952325993E-03   4   0 0  1 3  0 0  0 0  0
   155  -.1596066192024427E-04   4   0 0  0 4  0 0  0 0  0
   156  0.8782938770225788E-05   4   3 0  0 0  0 1  0 0  0
   157  0.8862134796930029E-05   4   2 1  0 0  0 1  0 0  0
   158  0.2631296532508892E-05   4   1 2  0 0  0 1  0 0  0
   159  -.5532212484359588E-05   4   0 3  0 0  0 1  0 0  0
   160  0.2838561253902351       4   2 0  1 0  0 1  0 0  0
   161  0.3899833459328370       4   1 1  1 0  0 1  0 0  0
   162  -.2861342094560695       4   0 2  1 0  0 1  0 0  0
   163  -.1716133104955526E-04   4   1 0  2 0  0 1  0 0  0
   164  -.7800457370954183E-05   4   0 1  2 0  0 1  0 0  0
   165  0.1716953464478204       4   0 0  3 0  0 1  0 0  0
   166  -.4591746542070306E-02   4   2 0  0 1  0 1  0 0  0
   167  0.1388505047073207       4   1 1  0 1  0 1  0 0  0
   168  -.1313860042271993       4   0 2  0 1  0 1  0 0  0
   169  -.9387740364461941E-05   4   1 0  1 1  0 1  0 0  0
   170  0.4139820282469510E-04   4   0 1  1 1  0 1  0 0  0
   171  0.2506174268021003       4   0 0  2 1  0 1  0 0  0
   172  -.1604146744709735E-05   4   1 0  0 2  0 1  0 0  0
   173  0.5164116383025407E-05   4   0 1  0 2  0 1  0 0  0
   174  0.3806966719791732       4   0 0  1 2  0 1  0 0  0
   175  0.9008223921127840E-02   4   0 0  0 3  0 1  0 0  0
   176  0.8753607539367184E-05   4   3 0  0 0  0 0  1 0  0
   177  0.8832539085468276E-05   4   2 1  0 0  0 0  1 0  0
   178  0.2622509135935687E-05   4   1 2  0 0  0 0  1 0  0
   179  -.5513737278533644E-05   4   0 3  0 0  0 0  1 0  0
   180  0.2829081682471589       4   2 0  1 0  0 0  1 0  0
   181  0.3886809696041592       4   1 1  1 0  0 0  1 0  0
   182  -.2851786444938562       4   0 2  1 0  0 0  1 0  0
   183  -.1710401959879520E-04   4   1 0  2 0  0 0  1 0  0
   184  -.7774407204610653E-05   4   0 1  2 0  0 0  1 0  0
   185  0.1711219579754972       4   0 0  3 0  0 0  1 0  0
   186  -.4576412087239105E-02   4   2 0  0 1  0 0  1 0  0
   187  0.1383868038533197       4   1 1  0 1  0 0  1 0  0
   188  -.1309472315882939       4   0 2  0 1  0 0  1 0  0
   189  -.9356389356891978E-05   4   1 0  1 1  0 0  1 0  0
   190  0.4125995066605383E-04   4   0 1  1 1  0 0  1 0  0
   191  0.2497804725895039       4   0 0  2 1  0 0  1 0  0
   192  -.1598789585822159E-05   4   1 0  0 2  0 0  1 0  0
   193  0.5146870459561884E-05   4   0 1  0 2  0 0  1 0  0
   194  0.3794253091397808       4   0 0  1 2  0 0  1 0  0
   195  0.8978140334937448E-02   4   0 0  0 3  0 0  1 0  0
   196  -.3054496187767511E-04   4   3 0  0 0  0 0  0 1  0
   197  -.1769467388239847E-04   4   2 1  0 0  0 0  0 1  0
   198  -.3711247260043399E-05   4   1 2  0 0  0 0  0 1  0
   199  0.3560588044743843E-05   4   0 3  0 0  0 0  0 1  0
   200  -1.093488483402387       4   2 0  1 0  0 0  0 1  0
   201  -.7786643155369969       4   1 1  1 0  0 0  0 1  0
   202  0.2836350675595196       4   0 2  1 0  0 0  0 1  0
   203  0.6351822076334259E-04   4   1 0  2 0  0 0  0 1  0
   204  0.1557486457556608E-04   4   0 1  2 0  0 0  0 1  0
   205  -.6566024160673707       4   0 0  3 0  0 0  0 1  0
   206  0.9168158629305732E-02   4   2 0  0 1  0 0  0 1  0
   207  -.1859373819046382       4   1 1  0 1  0 0  0 1  0
   208  0.8200697739328740E-01   4   0 2  0 1  0 0  0 1  0
   209  0.1874412972135691E-04   4   1 0  1 1  0 0  0 1  0
   210  -.3957133150570783E-04   4   0 1  1 1  0 0  0 1  0
   211  -.5003978993915738       4   0 0  2 1  0 0  0 1  0
   212  0.2171013418197765E-05   4   1 0  0 2  0 0  0 1  0
   213  -.3131913281983598E-05   4   0 1  0 2  0 0  0 1  0
   214  -.4117641485632809       4   0 0  1 2  0 0  0 1  0
   215  -.8917206884276916E-02   4   0 0  0 3  0 0  0 1  0
   216  -.1542352873653169E-04   4   2 0  0 0  0 2  0 0  0
   217  0.2007224235402063E-04   4   1 1  0 0  0 2  0 0  0
   218  0.7342804977138782E-04   4   0 2  0 0  0 2  0 0  0
   219  -.7749385620359419E-04   4   1 0  1 0  0 2  0 0  0
   220  0.1150409946331572E-03   4   0 1  1 0  0 2  0 0  0
   221  -.8022459061726580E-04   4   0 0  2 0  0 2  0 0  0
   222  -.1036513343315692E-03   4   1 0  0 1  0 2  0 0  0
   223  0.4947105399812269E-04   4   0 1  0 1  0 2  0 0  0
   224  -.3485276616719246E-03   4   0 0  1 1  0 2  0 0  0
   225  -.2548251459519104E-04   4   0 0  0 2  0 2  0 0  0
   226  -.8029626419372661E-05   4   2 0  0 0  0 1  1 0  0
   227  -.1601173461343481E-04   4   1 1  0 0  0 1  1 0  0
   228  0.8367009190799522E-04   4   0 2  0 0  0 1  1 0  0
   229  -.9548713957381678E-04   4   1 0  1 0  0 1  1 0  0
   230  0.1374143941262030E-03   4   0 1  1 0  0 1  1 0  0
   231  -.8498694783516889E-04   4   0 0  2 0  0 1  1 0  0
   232  -.9203695921471414E-04   4   1 0  0 1  0 1  1 0  0
   233  0.6980817611256200E-04   4   0 1  0 1  0 1  1 0  0
   234  -.3407630300424556E-03   4   0 0  1 1  0 1  1 0  0
   235  -.2906818847291312E-04   4   0 0  0 2  0 1  1 0  0
   236  -.1535861305055802E-04   4   2 0  0 0  0 0  2 0  0
   237  0.2003194586085383E-04   4   1 1  0 0  0 0  2 0  0
   238  0.7304312069939531E-04   4   0 2  0 0  0 0  2 0  0
   239  -.7707561716652897E-04   4   1 0  1 0  0 0  2 0  0
   240  0.1144273548513613E-03   4   0 1  1 0  0 0  2 0  0
   241  -.7981476516185138E-04   4   0 0  2 0  0 0  2 0  0
   242  -.1031515016468560E-03   4   1 0  0 1  0 0  2 0  0
   243  0.4918927738154110E-04   4   0 1  0 1  0 0  2 0  0
   244  -.3467947286236071E-03   4   0 0  1 1  0 0  2 0  0
   245  -.2534887636514772E-04   4   0 0  0 2  0 0  2 0  0
   246  0.4045260433532124E-04   4   2 0  0 0  0 1  0 1  0
   247  -.1547714516463751E-04   4   1 1  0 0  0 1  0 1  0
   248  -.5911351911855952E-04   4   0 2  0 0  0 1  0 1  0
   249  0.1252386693799688E-03   4   1 0  1 0  0 1  0 1  0
   250  -.9121592455838853E-04   4   0 1  1 0  0 1  0 1  0
   251  0.1592688675203622E-03   4   0 0  2 0  0 1  0 1  0
   252  0.1394076574866275E-03   4   1 0  0 1  0 1  0 1  0
   253  -.2637333828334301E-04   4   0 1  0 1  0 1  0 1  0
   254  0.4196746083314272E-03   4   0 0  1 1  0 1  0 1  0
   255  0.2699468264575430E-04   4   0 0  0 2  0 1  0 1  0
   256  0.4031751006817109E-04   4   2 0  0 0  0 0  1 1  0
   257  -.1542545816900541E-04   4   1 1  0 0  0 0  1 1  0
   258  -.5891610543716071E-04   4   0 2  0 0  0 0  1 1  0
   259  0.1248204261905188E-03   4   1 0  1 0  0 0  1 1  0
   260  -.9091130267598752E-04   4   0 1  1 0  0 0  1 1  0
   261  0.1587369781329907E-03   4   0 0  2 0  0 0  1 1  0
   262  0.1389420959824250E-03   4   1 0  0 1  0 0  1 1  0
   263  -.2628526269794535E-04   4   0 1  0 1  0 0  1 1  0
   264  0.4182730759805290E-03   4   0 0  1 1  0 0  1 1  0
   265  0.2690453203792785E-04   4   0 0  0 2  0 0  1 1  0
   266  -.4195834448046669E-04   4   2 0  0 0  0 0  0 2  0
   267  -.2458244664074506E-04   4   1 1  0 0  0 0  0 2  0
   268  -.1716762482132914E-05   4   0 2  0 0  0 0  0 2  0
   269  -.2482644474358315E-08   4   1 0  1 0  0 0  0 2  0
   270  -.3401623047554891E-09   4   0 1  1 0  0 0  0 2  0
   271  -.7297954441038667E-04   4   0 0  2 0  0 0  0 2  0
   272  -.8829390419192528E-05   4   1 0  0 1  0 0  0 2  0
   273  -.1738077895192242E-10   4   0 1  0 1  0 0  0 2  0
   274  -.4142792103904179E-04   4   0 0  1 1  0 0  0 2  0
   275  -.1911306768522203E-05   4   0 0  0 2  0 0  0 2  0
   276  -.3507439644611740E-07   4   1 0  0 0  0 3  0 0  0
   277  -.2435379725283482E-05   4   0 1  0 0  0 3  0 0  0
   278  -.8627888007703720E-02   4   0 0  1 0  0 3  0 0  0
   279  -.3147286620108965E-01   4   0 0  0 1  0 3  0 0  0
   280  -.1879579842525050E-07   4   1 0  0 0  0 2  1 0  0
   281  -.1491098168727361E-05   4   0 1  0 0  0 2  1 0  0
   282  -.5353889666326028E-02   4   0 0  1 0  0 2  1 0  0
   283  -.1930959637564089E-01   4   0 0  0 1  0 2  1 0  0
   284  -.1887675691701757E-07   4   1 0  0 0  0 1  2 0  0
   285  -.1495787667310188E-05   4   0 1  0 0  0 1  2 0  0
   286  -.5370145945179964E-02   4   0 0  1 0  0 1  2 0  0
   287  -.1936999998342302E-01   4   0 0  0 1  0 1  2 0  0
   288  -.3486741692221579E-07   4   1 0  0 0  0 0  3 0  0
   289  -.2420698594570435E-05   4   0 1  0 0  0 0  3 0  0
   290  -.8575758039184783E-02   4   0 0  1 0  0 0  3 0  0
   291  -.3128307288202596E-01   4   0 0  0 1  0 0  3 0  0
   292  0.1041684363107431E-06   4   1 0  0 0  0 2  0 1  0
   293  0.2920991046138323E-05   4   0 1  0 0  0 2  0 1  0
   294  0.2096992563069354E-01   4   0 0  1 0  0 2  0 1  0
   295  0.3859861661674480E-01   4   0 0  0 1  0 2  0 1  0
   296  0.8174176530052982E-07   4   1 0  0 0  0 1  1 1  0
   297  0.1968808945371356E-05   4   0 1  0 0  0 1  1 1  0
   298  0.1444449754350012E-01   4   0 0  1 0  0 1  1 1  0
   299  0.2647031080655585E-01   4   0 0  0 1  0 1  1 1  0
   300  0.1036840674840170E-06   4   1 0  0 0  0 0  2 1  0
   301  0.2907948707969571E-05   4   0 1  0 0  0 0  2 1  0
   302  0.2087577591641009E-01   4   0 0  1 0  0 0  2 1  0
   303  0.3842551415375760E-01   4   0 0  0 1  0 0  2 1  0
   304  -.1029574305467753E-06   4   1 0  0 0  0 1  0 2  0
   305  0.3088301784728540E-08   4   0 1  0 0  0 1  0 2  0
   306  -.1442273246516289E-01   4   0 0  1 0  0 1  0 2  0
   307  -.1025861644341280E-02   4   0 0  0 1  0 1  0 2  0
   308  -.1026135970938921E-06   4   1 0  0 0  0 0  1 2  0
   309  0.3077988187539684E-08   4   0 1  0 0  0 0  1 2  0
   310  -.1437456675359313E-01   4   0 0  1 0  0 0  1 2  0
   311  -.1022435708500755E-02   4   0 0  0 1  0 0  1 2  0
   312  0.3367229174075019E-07   4   1 0  0 0  0 0  0 3  0
   313  -.7747632601626503E-09   4   0 1  0 0  0 0  0 3  0
   314  0.4347933052694656E-03   4   0 0  1 0  0 0  0 3  0
   315  -.1062416128512728E-04   4   0 0  0 1  0 0  0 3  0
   316  0.9416324612911960E-05   4   0 0  0 0  0 4  0 0  0
   317  0.5534982037135834E-05   4   0 0  0 0  0 3  1 0  0
   318  0.5021090585517507E-05   4   0 0  0 0  0 2  2 0  0
   319  0.5562381336198363E-05   4   0 0  0 0  0 1  3 0  0
   320  0.9344287026871325E-05   4   0 0  0 0  0 0  4 0  0
   321  -.1095565330568815E-04   4   0 0  0 0  0 3  0 1  0
   322  -.6860818632906431E-05   4   0 0  0 0  0 2  1 1  0
   323  -.6881147829845915E-05   4   0 0  0 0  0 1  2 1  0
   324  -.1088935493743173E-04   4   0 0  0 0  0 0  3 1  0
   325  0.2212068556620249E-06   4   0 0  0 0  0 2  0 2  0
   326  0.2630261653393654E-06   4   0 0  0 0  0 1  1 2  0
   327  0.2200289230576763E-06   4   0 0  0 0  0 0  2 2  0
   328  0.1829649540603822E-08   4   0 0  0 0  0 1  0 3  0
   329  0.1823539299547873E-08   4   0 0  0 0  0 0  1 3  0
   -------------------------------------------------------
     I  COEFFICIENT            ORDER EXPONENTS
     1  0.1704241573415334E-07   0   0 0  0 0  0 0  0 0  0
     2  -.6243723167894385E-07   1   1 0  0 0  0 0  0 0  0
     3  0.3051941223656538E-06   1   0 1  0 0  0 0  0 0  0
     4  0.4285900878660926E-06   1   0 0  1 0  0 0  0 0  0
     5  0.1326591127171525E-05   1   0 0  0 1  0 0  0 0  0
     6   1.000000000000000       1   0 0  0 0  1 0  0 0  0
     7  0.8471589115225885E-01   1   0 0  0 0  0 1  0 0  0
     8  -.8471589115556488E-01   1   0 0  0 0  0 0  1 0  0
     9  0.3293089110586773E-11   1   0 0  0 0  0 0  0 1  0
    10  -.7263847870139831E-02   2   2 0  0 0  0 0  0 0  0
    11  0.4730236439036055E-01   2   1 1  0 0  0 0  0 0  0
    12  -.8271665107724045E-01   2   0 2  0 0  0 0  0 0  0
    13  -.1626905714063373E-07   2   1 0  1 0  0 0  0 0  0
    14  -.3897232729757605E-05   2   0 1  1 0  0 0  0 0  0
    15  -.7455012948154606E-02   2   0 0  2 0  0 0  0 0  0
    16  -.3897352789372925E-05   2   1 0  0 1  0 0  0 0  0
    17  -.3764900524466249E-06   2   0 1  0 1  0 0  0 0  0
    18  -.4998882320184944E-01   2   0 0  1 1  0 0  0 0  0
    19  -.8741093797134183E-01   2   0 0  0 2  0 0  0 0  0
    20  0.7596731367880645E-07   2   1 0  0 0  0 1  0 0  0
    21  -.4313150479086363E-06   2   0 1  0 0  0 1  0 0  0
    22  -.6254515031958621E-06   2   0 0  1 0  0 1  0 0  0
    23  -.1974798036479799E-05   2   0 0  0 1  0 1  0 0  0
    24  0.1369739950640130E-07   2   1 0  0 0  0 0  1 0  0
    25  -.1267331479428908E-06   2   0 1  0 0  0 0  1 0  0
    26  -.1976375442315850E-06   2   0 0  1 0  0 0  1 0  0
    27  -.6504796775359684E-06   2   0 0  0 1  0 0  1 0  0
    28  -.8967840246728668E-07   2   1 0  0 0  0 0  0 1  0
    29  0.2529241971465197E-06   2   0 1  0 0  0 0  0 1  0
    30  0.8231099806693119E-06   2   0 0  1 0  0 0  0 1  0
    31  0.1298774498050906E-05   2   0 0  0 1  0 0  0 1  0
    32  -.6364318877577110E-01   2   0 0  0 0  0 2  0 0  0
    33  0.4257048640538047E-01   2   0 0  0 0  0 1  1 0  0
    34  0.2107270237649502E-01   2   0 0  0 0  0 0  2 0  0
    35  -.6149374362587061E-11   2   0 0  0 0  0 1  0 1  0
    36  -.2857707261744158E-11   2   0 0  0 0  0 0  1 1  0
    37  0.2857367703534273E-11   2   0 0  0 0  0 0  0 2  0
    38  -.1046956376942089E-04   3   3 0  0 0  0 0  0 0  0
    39  0.5006704389454768E-04   3   2 1  0 0  0 0  0 0  0
    40  -.5816751872550573E-05   3   1 2  0 0  0 0  0 0  0
    41  -.1337903612134944E-05   3   0 3  0 0  0 0  0 0  0
    42  0.7437919265978040E-05   3   2 0  1 0  0 0  0 0  0
    43  0.1138559242611171E-03   3   1 1  1 0  0 0  0 0  0
    44  -.1686171356769091E-04   3   0 2  1 0  0 0  0 0  0
    45  -.1251530321208956E-05   3   1 0  2 0  0 0  0 0  0
    46  -.4415644480280943E-04   3   0 1  2 0  0 0  0 0  0
    47  -.2489702419372358E-05   3   0 0  3 0  0 0  0 0  0
    48  0.5277019397314398E-04   3   2 0  0 1  0 0  0 0  0
    49  0.2186318759746425E-05   3   1 1  0 1  0 0  0 0  0
    50  0.2741620599156056E-05   3   0 2  0 1  0 0  0 0  0
    51  -.8304506055950956E-04   3   1 0  1 1  0 0  0 0  0
    52  0.1668556296785122E-05   3   0 1  1 1  0 0  0 0  0
    53  -.2915968118195197E-04   3   0 0  2 1  0 0  0 0  0
    54  0.1047375571030932E-04   3   1 0  0 2  0 0  0 0  0
    55  -.1172224145712598E-06   3   0 1  0 2  0 0  0 0  0
    56  0.3077667083818632E-04   3   0 0  1 2  0 0  0 0  0
    57  0.6098965117362772E-05   3   0 0  0 3  0 0  0 0  0
    58  0.1083225447063352E-01   3   2 0  0 0  0 1  0 0  0
    59  -.7018132888109410E-01   3   1 1  0 0  0 1  0 0  0
    60  0.1227584055729886       3   0 2  0 0  0 1  0 0  0
    61  0.2706604096025824E-07   3   1 0  1 0  0 1  0 0  0
    62  0.5809690956767634E-05   3   0 1  1 0  0 1  0 0  0
    63  0.1121368027688823E-01   3   0 0  2 0  0 1  0 0  0
    64  0.5870644454884853E-05   3   1 0  0 1  0 1  0 0  0
    65  0.6068643926488850E-06   3   0 1  0 1  0 1  0 0  0
    66  0.7554783320037445E-01   3   0 0  1 1  0 1  0 0  0
    67  0.1321342326808440       3   0 0  0 2  0 1  0 0  0
    68  0.3580677135752421E-02   3   2 0  0 0  0 0  1 0  0
    69  -.2296002774952460E-01   3   1 1  0 0  0 0  1 0  0
    70  0.4018339801444188E-01   3   0 2  0 0  0 0  1 0  0
    71  0.1262588245181600E-07   3   1 0  1 0  0 0  1 0  0
    72  0.1929424425292784E-05   3   0 1  1 0  0 0  1 0  0
    73  0.3770944422192905E-02   3   0 0  2 0  0 0  1 0  0
    74  0.1965509204126289E-05   3   1 0  0 1  0 0  1 0  0
    75  0.2883590785644931E-06   3   0 1  0 1  0 0  1 0  0
    76  0.2564008831715550E-01   3   0 0  1 1  0 0  1 0  0
    77  0.4486494624036871E-01   3   0 0  0 2  0 0  1 0  0
    78  -.1441295317571469E-01   3   2 0  0 0  0 0  0 1  0
    79  0.4583907674032970E-01   3   1 1  0 0  0 0  0 1  0
    80  0.2491298017629705E-02   3   0 2  0 0  0 0  0 1  0
    81  -.4435952527765931E-07   3   1 0  1 0  0 0  0 1  0
    82  -.3875279302304155E-05   3   0 1  1 0  0 0  0 1  0
    83  -.1498465615808898E-01   3   0 0  2 0  0 0  0 1  0
    84  -.3901018998827708E-05   3   1 0  0 1  0 0  0 1  0
    85  -.3727386556075625E-06   3   0 1  0 1  0 0  0 1  0
    86  -.5119924807170830E-01   3   0 0  1 1  0 0  0 1  0
    87  -.2177575199753253E-02   3   0 0  0 2  0 0  0 1  0
    88  -.8252464293131237E-07   3   1 0  0 0  0 2  0 0  0
    89  0.5130446652107177E-06   3   0 1  0 0  0 2  0 0  0
    90  0.7693857643131585E-06   3   0 0  1 0  0 2  0 0  0
    91  0.2453681820000576E-05   3   0 0  0 1  0 2  0 0  0
    92  -.1314809194366490E-07   3   1 0  0 0  0 1  1 0  0
    93  0.1637072918550983E-06   3   0 1  0 0  0 1  1 0  0
    94  0.2882071582666570E-06   3   0 0  1 0  0 1  1 0  0
    95  0.9588490485939576E-06   3   0 0  0 1  0 1  1 0  0
    96  -.6678769521996398E-08   3   1 0  0 0  0 0  2 0  0
    97  0.8229761649669588E-07   3   0 1  0 0  0 0  2 0  0
    98  0.1446617456666938E-06   3   0 0  1 0  0 0  2 0  0
    99  0.4811059799637763E-06   3   0 0  0 1  0 0  2 0  0
   100  0.1021878918851657E-06   3   1 0  0 0  0 1  0 1  0
   101  -.3269565481541308E-06   3   0 1  0 0  0 1  0 1  0
   102  -.1201467261981153E-05   3   0 0  1 0  0 1  0 1  0
   103  -.1916358047332814E-05   3   0 0  0 1  0 1  0 1  0
   104  0.1276620017640672E-07   3   1 0  0 0  0 0  1 1  0
   105  -.7462695189461107E-07   3   0 1  0 0  0 0  1 1  0
   106  -.3798333837631082E-06   3   0 0  1 0  0 0  1 1  0
   107  -.6198439486501456E-06   3   0 0  0 1  0 0  1 1  0
   108  -.1263051548863898E-07   3   1 0  0 0  0 0  0 2  0
   109  -.5213180058659394E-07   3   0 1  0 0  0 0  0 2  0
   110  0.3790851264749431E-06   3   0 0  1 0  0 0  0 2  0
   111  -.3067652807367908E-07   3   0 0  0 1  0 0  0 2  0
   112  0.5305380810233492E-01   3   0 0  0 0  0 3  0 0  0
   113  -.3187519211168699E-01   3   0 0  0 0  0 2  1 0  0
   114  -.1069532333731428E-01   3   0 0  0 0  0 1  2 0  0
   115  -.1048337018523660E-01   3   0 0  0 0  0 0  3 0  0
   116  0.9603365805421376E-09   3   0 0  0 0  0 2  0 1  0
   117  0.3321768481221235E-09   3   0 0  0 0  0 1  1 1  0
   118  0.1668546284077283E-09   3   0 0  0 0  0 0  2 1  0
   119  0.4693779192578461E-10   3   0 0  0 0  0 1  0 2  0
   120  0.2978161415917764E-10   3   0 0  0 0  0 0  1 2  0
   121  -.6083881057909711E-13   3   0 0  0 0  0 0  0 3  0
   122  -.1863913276660756E-01   4   4 0  0 0  0 0  0 0  0
   123  -.5322057845943150E-01   4   3 1  0 0  0 0  0 0  0
   124  0.7235048851946160E-01   4   2 2  0 0  0 0  0 0  0
   125  0.7984367566027381E-01   4   1 3  0 0  0 0  0 0  0
   126  -.5408346130202450E-01   4   0 4  0 0  0 0  0 0  0
   127  -.1029114392558314E-04   4   3 0  1 0  0 0  0 0  0
   128  -.4527684095154628E-05   4   2 1  1 0  0 0  0 0  0
   129  0.3144756641520762E-05   4   1 2  1 0  0 0  0 0  0
   130  -.5447496306526914E-05   4   0 3  1 0  0 0  0 0  0
   131  -.1655322864421490       4   2 0  2 0  0 0  0 0  0
   132  -.9322010431243577E-01   4   1 1  2 0  0 0  0 0  0
   133  0.1243818606118474       4   0 2  2 0  0 0  0 0  0
   134  0.6087569272932817E-05   4   1 0  3 0  0 0  0 0  0
   135  -.7398183157320416E-06   4   0 1  3 0  0 0  0 0  0
   136  -.4452055241279480E-01   4   0 0  4 0  0 0  0 0  0
   137  -.1255339859417357E-05   4   3 0  0 1  0 0  0 0  0
   138  -.1954310071324629E-04   4   2 1  0 1  0 0  0 0  0
   139  -.8553100266042247E-05   4   1 2  0 1  0 0  0 0  0
   140  -.1566434142248034E-05   4   0 3  0 1  0 0  0 0  0
   141  -.8505810504902110E-01   4   2 0  1 1  0 0  0 0  0
   142  -.2424263147316838E-01   4   1 1  1 1  0 0  0 0  0
   143  -.5635105976557206E-01   4   0 2  1 1  0 0  0 0  0
   144  -.3031333522672643E-05   4   1 0  2 1  0 0  0 0  0
   145  -.2800251992553194E-04   4   0 1  2 1  0 0  0 0  0
   146  -.1124624536923973       4   0 0  3 1  0 0  0 0  0
   147  -.1579516943467747       4   2 0  0 2  0 0  0 0  0
   148  0.4215272540468378E-01   4   1 1  0 2  0 0  0 0  0
   149  -.1286639025695861       4   0 2  0 2  0 0  0 0  0
   150  -.5531147799623953E-05   4   1 0  1 2  0 0  0 0  0
   151  -.1124075871330953E-04   4   0 1  1 2  0 0  0 0  0
   152  -.2390499239808855       4   0 0  2 2  0 0  0 0  0
   153  -.6434030070259573E-05   4   1 0  0 3  0 0  0 0  0
   154  -.1676228253740284E-05   4   0 1  0 3  0 0  0 0  0
   155  -.1178154459420082       4   0 0  1 3  0 0  0 0  0
   156  -.7541519925629414E-01   4   0 0  0 4  0 0  0 0  0
   157  0.4458579737992132E-04   4   3 0  0 0  0 1  0 0  0
   158  -.1563771616228447E-03   4   2 1  0 0  0 1  0 0  0
   159  -.1690841201163194E-03   4   1 2  0 0  0 1  0 0  0
   160  0.1756348111490547E-03   4   0 3  0 0  0 1  0 0  0
   161  0.5147017383698646E-04   4   2 0  1 0  0 1  0 0  0
   162  -.1535745977888666E-03   4   1 1  1 0  0 1  0 0  0
   163  0.7670191359262764E-04   4   0 2  1 0  0 1  0 0  0
   164  0.4895416800417344E-04   4   1 0  2 0  0 1  0 0  0
   165  -.9252644408355666E-04   4   0 1  2 0  0 1  0 0  0
   166  0.8892432940126667E-04   4   0 0  3 0  0 1  0 0  0
   167  0.1429191622937087E-03   4   2 0  0 1  0 1  0 0  0
   168  -.7513262342698958E-04   4   1 1  0 1  0 1  0 0  0
   169  0.2163711374689928E-03   4   0 2  0 1  0 1  0 0  0
   170  0.1312904916040563E-03   4   1 0  1 1  0 1  0 0  0
   171  0.8745608059649404E-04   4   0 1  1 1  0 1  0 0  0
   172  0.4054241265558783E-03   4   0 0  2 1  0 1  0 0  0
   173  -.6933538400946343E-04   4   1 0  0 2  0 1  0 0  0
   174  0.2097795817202188E-03   4   0 1  0 2  0 1  0 0  0
   175  0.2593473012623029E-03   4   0 0  1 2  0 1  0 0  0
   176  0.2556106939223331E-03   4   0 0  0 3  0 1  0 0  0
   177  0.1876261108874131E-04   4   3 0  0 0  0 0  1 0  0
   178  -.5632126235183284E-04   4   2 1  0 0  0 0  1 0  0
   179  -.1011958903631411E-03   4   1 2  0 0  0 0  1 0  0
   180  0.1028841898745266E-03   4   0 3  0 0  0 0  1 0  0
   181  0.2601763400080318E-04   4   2 0  1 0  0 0  1 0  0
   182  -.5027977958729139E-04   4   1 1  1 0  0 0  1 0  0
   183  0.4316356652557707E-04   4   0 2  1 0  0 0  1 0  0
   184  0.2537312724681913E-04   4   1 0  2 0  0 0  1 0  0
   185  -.5460394044310979E-04   4   0 1  2 0  0 0  1 0  0
   186  0.4579774872524537E-04   4   0 0  3 0  0 0  1 0  0
   187  0.8603179012358322E-04   4   2 0  0 1  0 0  1 0  0
   188  -.4418589533184397E-04   4   1 1  0 1  0 0  1 0  0
   189  0.1298676783897067E-03   4   0 2  0 1  0 0  1 0  0
   190  0.4451001703671997E-04   4   1 0  1 1  0 0  1 0  0
   191  0.5341498555648627E-04   4   0 1  1 1  0 0  1 0  0
   192  0.2081202190072813E-03   4   0 0  2 1  0 0  1 0  0
   193  -.3804266495289671E-04   4   1 0  0 2  0 0  1 0  0
   194  0.1259102002739208E-03   4   0 1  0 2  0 0  1 0  0
   195  0.1631094829063400E-03   4   0 0  1 2  0 0  1 0  0
   196  0.1564990366106335E-03   4   0 0  0 3  0 0  1 0  0
   197  -.4625668373449935E-04   4   3 0  0 0  0 0  0 1  0
   198  0.6603394533222375E-04   4   2 1  0 0  0 0  0 1  0
   199  0.5780877159868290E-04   4   1 2  0 0  0 0  0 1  0
   200  0.8900648950691381E-05   4   0 3  0 0  0 0  0 1  0
   201  -.4824083932821108E-04   4   2 0  1 0  0 0  0 1  0
   202  0.1087157082173504E-03   4   1 1  1 0  0 0  0 1  0
   203  -.3347380601321543E-04   4   0 2  1 0  0 0  0 1  0
   204  -.4438953351141821E-04   4   1 0  2 0  0 0  0 1  0
   205  0.2938594381382469E-04   4   0 1  2 0  0 0  0 1  0
   206  -.9605387321289755E-04   4   0 0  3 0  0 0  0 1  0
   207  -.6353888709232339E-04   4   2 0  0 1  0 0  0 1  0
   208  0.2853343169938621E-04   4   1 1  0 1  0 0  0 1  0
   209  0.1309877820104549E-05   4   0 2  0 1  0 0  0 1  0
   210  -.8108981092297945E-04   4   1 0  1 1  0 0  0 1  0
   211  -.3671882651449139E-04   4   0 1  1 1  0 0  0 1  0
   212  -.2518848751391571E-03   4   0 0  2 1  0 0  0 1  0
   213  0.3130835982837111E-04   4   1 0  0 2  0 0  0 1  0
   214  -.1868228126634461E-05   4   0 1  0 2  0 0  0 1  0
   215  -.1089037792292927E-03   4   0 0  1 2  0 0  0 1  0
   216  -.1163626109069690E-04   4   0 0  0 3  0 0  0 1  0
   217  -.1347923728296227E-01   4   2 0  0 0  0 2  0 0  0
   218  0.8697130917466064E-01   4   1 1  0 0  0 2  0 0  0
   219  -.1521695584929902       4   0 2  0 0  0 2  0 0  0
   220  -.3871928051114101E-07   4   1 0  1 0  0 2  0 0  0
   221  -.7288081594761188E-05   4   0 1  1 0  0 2  0 0  0
   222  -.1405005298268961E-01   4   0 0  2 0  0 2  0 0  0
   223  -.7294307441547881E-05   4   1 0  0 1  0 2  0 0  0
   224  -.1086358891979121E-05   4   0 1  0 1  0 2  0 0  0
   225  -.9501157294179632E-01   4   0 0  1 1  0 2  0 0  0
   226  -.1662142689090183       4   0 0  0 2  0 2  0 0  0
   227  -.5300183360645582E-02   4   2 0  0 0  0 1  1 0  0
   228  0.3362111725274133E-01   4   1 1  0 0  0 1  1 0  0
   229  -.5889415451140088E-01   4   0 2  0 0  0 1  1 0  0
   230  -.2548235796790642E-07   4   1 0  1 0  0 1  1 0  0
   231  -.2933287889290607E-05   4   0 1  1 0  0 1  1 0  0
   232  -.5678960477008639E-02   4   0 0  2 0  0 1  1 0  0
   233  -.2880944076681902E-05   4   1 0  0 1  0 1  1 0  0
   234  -.8446258694418743E-06   4   0 1  0 1  0 1  1 0  0
   235  -.3896864214037501E-01   4   0 0  1 1  0 1  1 0  0
   236  -.6823197364210158E-01   4   0 0  0 2  0 1  1 0  0
   237  -.2659247231421317E-02   4   2 0  0 0  0 0  2 0  0
   238  0.1687108550033490E-01   4   1 1  0 0  0 0  2 0  0
   239  -.2955280915671591E-01   4   0 2  0 0  0 0  2 0  0
   240  -.9340671649970328E-08   4   1 0  1 0  0 0  2 0  0
   241  -.1473260418692726E-05   4   0 1  1 0  0 0  2 0  0
   242  -.2848636377916874E-02   4   0 0  2 0  0 0  2 0  0
   243  -.1442103683557328E-05   4   1 0  0 1  0 0  2 0  0
   244  -.4214759855679609E-06   4   0 1  0 1  0 0  2 0  0
   245  -.1954483220356169E-01   4   0 0  1 1  0 0  2 0  0
   246  -.3422170203727473E-01   4   0 0  0 2  0 0  2 0  0
   247  0.2142636541020112E-01   4   2 0  0 0  0 1  0 1  0
   248  -.6720091276265273E-01   4   1 1  0 0  0 1  0 1  0
   249  -.5042348289074120E-02   4   0 2  0 0  0 1  0 1  0
   250  0.7998538604520454E-07   4   1 0  1 0  0 1  0 1  0
   251  0.5808159835750202E-05   4   0 1  1 0  0 1  0 1  0
   252  0.2256533241019518E-01   4   0 0  2 0  0 1  0 1  0
   253  0.5814171002418531E-05   4   1 0  0 1  0 1  0 1  0
   254  0.7419434669450985E-06   4   0 1  0 1  0 1  0 1  0
   255  0.7789585328748720E-01   4   0 0  1 1  0 1  0 1  0
   256  0.4257280956885603E-02   4   0 0  0 2  0 1  0 1  0
   257  0.7037962769056524E-02   4   2 0  0 0  0 0  1 1  0
   258  -.2144306822842779E-01   4   1 1  0 0  0 0  1 1  0
   259  -.2550822939911066E-02   4   0 2  0 0  0 0  1 1  0
   260  0.3565453271413541E-07   4   1 0  1 0  0 0  1 1  0
   261  0.1939324088428133E-05   4   0 1  1 0  0 0  1 1  0
   262  0.7605235234861123E-02   4   0 0  2 0  0 0  1 1  0
   263  0.1919747115788745E-05   4   1 0  0 1  0 0  1 1  0
   264  0.3692124558041822E-06   4   0 1  0 1  0 0  1 1  0
   265  0.2677786247357771E-01   4   0 0  1 1  0 0  1 1  0
   266  0.2080008313008147E-02   4   0 0  0 2  0 0  1 1  0
   267  -.7025677784731113E-02   4   2 0  0 0  0 0  0 2  0
   268  -.1517110570239192E-02   4   1 1  0 0  0 0  0 2  0
   269  0.5963554750094406E-04   4   0 2  0 0  0 0  0 2  0
   270  -.4179648712216356E-07   4   1 0  1 0  0 0  0 2  0
   271  0.1665589884800627E-07   4   0 1  1 0  0 0  0 2  0
   272  -.7592941147880602E-02   4   0 0  2 0  0 0  0 2  0
   273  0.1564377685922048E-07   4   1 0  0 1  0 0  0 2  0
   274  0.3338130346070040E-08   4   0 1  0 1  0 0  0 2  0
   275  -.1137565908569281E-02   4   0 0  1 1  0 0  0 2  0
   276  0.9772574277013461E-04   4   0 0  0 2  0 0  0 2  0
   277  -.3297345873386667E-04   4   1 0  0 0  0 3  0 0  0
   278  0.1149460833719744E-03   4   0 1  0 0  0 3  0 0  0
   279  0.3778546298688863E-04   4   0 0  1 0  0 3  0 0  0
   280  0.1324388184442633E-03   4   0 0  0 1  0 3  0 0  0
   281  -.1353536521817828E-04   4   1 0  0 0  0 2  1 0  0
   282  0.4720313225230411E-04   4   0 1  0 0  0 2  1 0  0
   283  0.1673705442317819E-04   4   0 0  1 0  0 2  1 0  0
   284  0.5868109859096169E-04   4   0 0  0 1  0 2  1 0  0
   285  -.8032151113674535E-05   4   1 0  0 0  0 1  2 0  0
   286  0.2802026575318518E-04   4   0 1  0 0  0 1  2 0  0
   287  0.1012946999209592E-04   4   0 0  1 0  0 1  2 0  0
   288  0.3552279147037566E-04   4   0 0  0 1  0 1  2 0  0
   289  -.4538158671247926E-05   4   1 0  0 0  0 0  3 0  0
   290  0.1582625011068574E-04   4   0 1  0 0  0 0  3 0  0
   291  0.5606324219122070E-05   4   0 0  1 0  0 0  3 0  0
   292  0.1965602414911176E-04   4   0 0  0 1  0 0  3 0  0
   293  0.2759816024552697E-04   4   1 0  0 0  0 2  0 1  0
   294  0.3364849268780649E-05   4   0 1  0 0  0 2  0 1  0
   295  -.3300338962123507E-04   4   0 0  1 0  0 2  0 1  0
   296  -.3026329759165417E-05   4   0 0  0 1  0 2  0 1  0
   297  0.1028538279163295E-04   4   1 0  0 0  0 1  1 1  0
   298  0.2689552094792903E-05   4   0 1  0 0  0 1  1 1  0
   299  -.1386097121063603E-04   4   0 0  1 0  0 1  1 1  0
   300  -.2315813212601259E-05   4   0 0  0 1  0 1  1 1  0
   301  0.5162858920142376E-05   4   1 0  0 0  0 0  2 1  0
   302  0.1343639398305870E-05   4   0 1  0 0  0 0  2 1  0
   303  -.6950692863185743E-05   4   0 0  1 0  0 0  2 1  0
   304  -.1157142685385756E-05   4   0 0  0 1  0 0  2 1  0
   305  0.5109751233112054E-06   4   1 0  0 0  0 1  0 2  0
   306  -.6096718518186106E-07   4   0 1  0 0  0 1  0 2  0
   307  0.4616421864409197E-06   4   0 0  1 0  0 1  0 2  0
   308  -.8203998550333878E-07   4   0 0  0 1  0 1  0 2  0
   309  0.3337892167929322E-06   4   1 0  0 0  0 0  1 2  0
   310  -.3983903870335904E-07   4   0 1  0 0  0 0  1 2  0
   311  0.2821952028487200E-06   4   0 0  1 0  0 0  1 2  0
   312  -.5791470670454486E-07   4   0 0  0 1  0 0  1 2  0
   313  -.1415961048592566E-08   4   1 0  0 0  0 0  0 3  0
   314  -.2308245776328937E-09   4   0 1  0 0  0 0  0 3  0
   315  0.1829463219742804E-08   4   0 0  1 0  0 0  0 3  0
   316  0.2392760373944353E-09   4   0 0  0 1  0 0  0 3  0
   317  -.4642880299038288E-01   4   0 0  0 0  0 4  0 0  0
   318  0.2655359736180499E-01   4   0 0  0 0  0 3  1 0  0
   319  0.7982277755081150E-02   4   0 0  0 0  0 2  2 0  0
   320  0.5373766662432273E-02   4   0 0  0 0  0 1  3 0  0
   321  0.6519066949606546E-02   4   0 0  0 0  0 0  4 0  0
   322  -.4998966825174387E-09   4   0 0  0 0  0 3  0 1  0
   323  0.2624820984829166E-09   4   0 0  0 0  0 2  1 1  0
   324  0.5069092271098749E-10   4   0 0  0 0  0 1  2 1  0
   325  0.7933902955012260E-10   4   0 0  0 0  0 0  3 1  0
   326  -.2619304245502251E-11   4   0 0  0 0  0 2  0 2  0
   327  0.4250156197295112E-10   4   0 0  0 0  0 1  1 2  0
   328  0.2290826300914068E-10   4   0 0  0 0  0 0  2 2  0
   329  0.2618441172710410E-13   4   0 0  0 0  0 1  0 3  0
   330  -.3433617119955563E-13   4   0 0  0 0  0 0  1 3  0
   -------------------------------------------------------
     I  COEFFICIENT            ORDER EXPONENTS
     1   1.000000000000000       1   0 0  0 0  0 1  0 0  0
     -----------------------------------------------------
     I  COEFFICIENT            ORDER EXPONENTS
     1   1.000000000000000       1   0 0  0 0  0 0  1 0  0
     -----------------------------------------------------
     I  COEFFICIENT            ORDER EXPONENTS
     1   1.000000000000000       1   0 0  0 0  0 0  0 1  0
     -----------------------------------------------------
