     I  COEFFICIENT            ORDER EXPONENTS
     1  0.8985435716196595E-04   0   0 0  0 0  0 0  0 0  0
     2  0.9999970497071548       1   1 0  0 0  0 0  0 0  0
     3  0.2599997093950452       1   0 1  0 0  0 0  0 0  0
     4  0.2120893663157269E-05   1   0 0  1 0  0 0  0 0  0
     5  0.1798088442590191E-06   1   0 0  0 1  0 0  0 0  0
     6  0.2371460668091693E-10   1   0 0  0 0  0 1  0 0  0
     7  0.2363541022922586E-10   1   0 0  0 0  0 0  1 0  0
     8  -.4734999033325541E-10   1   0 0  0 0  0 0  0 1  0
     9  -.3094368115429214E-01   2   2 0  0 0  0 0  0 0  0
    10  -.3525896761784133E-02   2   1 1  0 0  0 0  0 0  0
    11  -.2292376445264827E-03   2   0 2  0 0  0 0  0 0  0
    12  0.3922335328697803E-04   2   1 0  1 0  0 0  0 0  0
    13  0.2304774920693831E-05   2   0 1  1 0  0 0  0 0  0
    14  0.3094370482653966E-01   2   0 0  2 0  0 0  0 0  0
    15  0.2233820043793513E-05   2   1 0  0 1  0 0  0 0  0
    16  0.3093576686628903E-06   2   0 1  0 1  0 0  0 0  0
    17  0.3525857359274729E-02   2   0 0  1 1  0 0  0 0  0
    18  0.2292268565559423E-03   2   0 0  0 2  0 0  0 0  0
    19  0.1477611504583400E-05   2   1 0  0 0  0 1  0 0  0
    20  -.1302171607668209       2   0 1  0 0  0 1  0 0  0
    21  -.1031097842064065E-05   2   0 0  1 0  0 1  0 0  0
    22  -.1720177008504639E-06   2   0 0  0 1  0 1  0 0  0
    23  0.1472676918871991E-05   2   1 0  0 0  0 0  1 0  0
    24  -.1297822915614076       2   0 1  0 0  0 0  1 0  0
    25  -.1027654419579306E-05   2   0 0  1 0  0 0  1 0  0
    26  -.1714432358534450E-06   2   0 0  0 1  0 0  1 0  0
    27  -.2950291190616424E-05   2   1 0  0 0  0 0  0 1  0
    28  -.2570679212978506E-06   2   0 1  0 0  0 0  0 1  0
    29  0.2058753587657480E-05   2   0 0  1 0  0 0  0 1  0
    30  0.1636523906263011E-06   2   0 0  0 1  0 0  0 1  0
    31  -.3058331968179788E-10   2   0 0  0 0  0 2  0 0  0
    32  -.2723185351046726E-10   2   0 0  0 0  0 1  1 0  0
    33  -.3043571312434981E-10   2   0 0  0 0  0 0  2 0  0
    34  0.2371459342811398E-10   2   0 0  0 0  0 1  0 1  0
    35  0.2363539690484981E-10   2   0 0  0 0  0 0  1 1  0
    36  0.3130137584726391E-03   3   3 0  0 0  0 0  0 0  0
    37  -.1966286241550076E-04   3   2 1  0 0  0 0  0 0  0
    38  -.1304522733355068E-04   3   1 2  0 0  0 0  0 0  0
    39  0.1299984165215128       3   0 3  0 0  0 0  0 0  0
    40  0.6422671744400848E-04   3   2 0  1 0  0 0  0 0  0
    41  -.1098329829574744E-04   3   1 1  1 0  0 0  0 0  0
    42  0.2509168262736980E-05   3   0 2  1 0  0 0  0 0  0
    43  0.1484231193934425E-03   3   1 0  2 0  0 0  0 0  0
    44  -.3455266330461676E-04   3   0 1  2 0  0 0  0 0  0
    45  -.2154511330523098E-04   3   0 0  3 0  0 0  0 0  0
    46  0.5557042450708464E-05   3   2 0  0 1  0 0  0 0  0
    47  0.2529381017854425E-05   3   1 1  0 1  0 0  0 0  0
    48  0.3818707689676347E-06   3   0 2  0 1  0 0  0 0  0
    49  0.4962604575441229E-04   3   1 0  1 1  0 0  0 0  0
    50  -.1326783722798301E-06   3   0 1  1 1  0 0  0 0  0
    51  0.1646958401838558E-04   3   0 0  2 1  0 0  0 0  0
    52  -.6473196786563418E-05   3   1 0  0 2  0 0  0 0  0
    53  0.1299992786170477       3   0 1  0 2  0 0  0 0  0
    54  0.5279934111380036E-05   3   0 0  1 2  0 0  0 0  0
    55  0.6365348604039581E-06   3   0 0  0 3  0 0  0 0  0
    56  0.1549768935622321E-01   3   2 0  0 0  0 1  0 0  0
    57  0.3531761821863624E-02   3   1 1  0 0  0 1  0 0  0
    58  0.3444240553452084E-03   3   0 2  0 0  0 1  0 0  0
    59  -.1965139856640513E-04   3   1 0  1 0  0 1  0 0  0
    60  -.2268023417845993E-05   3   0 1  1 0  0 1  0 0  0
    61  -.1549771972076784E-01   3   0 0  2 0  0 1  0 0  0
    62  -.2237614489235112E-05   3   1 0  0 1  0 1  0 0  0
    63  -.4548602709795987E-06   3   0 1  0 1  0 1  0 0  0
    64  -.3531749303397690E-02   3   0 0  1 1  0 1  0 0  0
    65  -.3444144110729022E-03   3   0 0  0 2  0 1  0 0  0
    66  0.1544593375184379E-01   3   2 0  0 0  0 0  1 0  0
    67  0.3519967259241312E-02   3   1 1  0 0  0 0  1 0  0
    68  0.3432738274151833E-03   3   0 2  0 0  0 0  1 0  0
    69  -.1958577136312806E-04   3   1 0  1 0  0 0  1 0  0
    70  -.2260449196938597E-05   3   0 1  1 0  0 0  1 0  0
    71  -.1544596401498393E-01   3   0 0  2 0  0 0  1 0  0
    72  -.2230141821045889E-05   3   1 0  0 1  0 0  1 0  0
    73  -.4533412336775695E-06   3   0 1  0 1  0 0  1 0  0
    74  -.3519954782581299E-02   3   0 0  1 1  0 0  1 0  0
    75  -.3432642153509762E-03   3   0 0  0 2  0 0  1 0  0
    76  -.3094364416073770E-01   3   2 0  0 0  0 0  0 1  0
    77  -.3525852754993738E-02   3   1 1  0 0  0 0  0 1  0
    78  -.2292268980539335E-03   3   0 2  0 0  0 0  0 1  0
    79  0.3924037099275465E-04   3   1 0  1 0  0 0  0 1  0
    80  0.2228777584105947E-05   3   0 1  1 0  0 0  0 1  0
    81  0.3094369679386927E-01   3   0 0  2 0  0 0  0 1  0
    82  0.2233194540406442E-05   3   1 0  0 1  0 0  0 1  0
    83  0.2901493933802975E-06   3   0 1  0 1  0 0  0 1  0
    84  0.3525855257672199E-02   3   0 0  1 1  0 0  0 1  0
    85  0.2292262784923834E-03   3   0 0  0 2  0 0  0 1  0
    86  -.1107595717230029E-05   3   1 0  0 0  0 2  0 0  0
    87  0.9760862480361433E-01   3   0 1  0 0  0 2  0 0  0
    88  0.7728956245951077E-06   3   0 0  1 0  0 2  0 0  0
    89  0.1396460261878196E-06   3   0 0  0 1  0 2  0 0  0
    90  -.7400347142901815E-06   3   1 0  0 0  0 1  1 0  0
    91  0.6521650926443248E-01   3   0 1  0 0  0 1  1 0  0
    92  0.5164066041830183E-06   3   0 0  1 0  0 1  1 0  0
    93  0.1315954608344060E-06   3   0 0  0 1  0 1  1 0  0
    94  -.1102661126271987E-05   3   1 0  0 0  0 0  2 0  0
    95  0.9717375653772602E-01   3   0 1  0 0  0 0  2 0  0
    96  0.7694521985788438E-06   3   0 0  1 0  0 0  2 0  0
    97  0.1389599326355853E-06   3   0 0  0 1  0 0  2 0  0
    98  0.1477612620102744E-05   3   1 0  0 0  0 1  0 1  0
    99  0.2574973000916201E-06   3   0 1  0 0  0 1  0 1  0
   100  -.1031098425548851E-05   3   0 0  1 0  0 1  0 1  0
   101  -.1639263017134246E-06   3   0 0  0 1  0 1  0 1  0
   102  0.1472678030665981E-05   3   1 0  0 0  0 0  1 1  0
   103  0.2566373700668180E-06   3   0 1  0 0  0 0  1 1  0
   104  -.1027655001115504E-05   3   0 0  1 0  0 0  1 1  0
   105  -.1633788585028780E-06   3   0 0  0 1  0 0  1 1  0
   106  -.5523674029703363E-10   3   0 0  0 0  0 3  0 0  0
   107  -.9138420207328716E-10   3   0 0  0 0  0 2  1 0  0
   108  -.9120220250421549E-10   3   0 0  0 0  0 1  2 0  0
   109  -.5480795860256322E-10   3   0 0  0 0  0 0  3 0  0
   110  0.4221395677630754E-10   3   0 0  0 0  0 2  0 1  0
   111  0.5458637341779838E-10   3   0 0  0 0  0 1  1 1  0
   112  0.4198183286820366E-10   3   0 0  0 0  0 0  2 1  0
   113  0.5238970888763238E-03   4   4 0  0 0  0 0  0 0  0
   114  -.1186742678385662       4   3 1  0 0  0 0  0 0  0
   115  -.6954089508713508E-01   4   2 2  0 0  0 0  0 0  0
   116  -.1381974835956666E-01   4   1 3  0 0  0 0  0 0  0
   117  -.1271186613062360E-02   4   0 4  0 0  0 0  0 0  0
   118  0.1086644248659274E-05   4   3 0  1 0  0 0  0 0  0
   119  0.7581254006721236E-04   4   2 1  1 0  0 0  0 0  0
   120  0.6861323060559906E-04   4   1 2  1 0  0 0  0 0  0
   121  0.5925016822316088E-05   4   0 3  1 0  0 0  0 0  0
   122  0.1056642380709240E-02   4   2 0  2 0  0 0  0 0  0
   123  -.1186750318266758       4   1 1  2 0  0 0  0 0  0
   124  0.3870707973366361E-01   4   0 2  2 0  0 0  0 0  0
   125  -.5109531001930173E-05   4   1 0  3 0  0 0  0 0  0
   126  0.7510592111449435E-04   4   0 1  3 0  0 0  0 0  0
   127  -.8823755301371326E-03   4   0 0  4 0  0 0  0 0  0
   128  0.7526497430878695E-04   4   3 0  0 1  0 0  0 0  0
   129  0.2937851524119094E-04   4   2 1  0 1  0 0  0 0  0
   130  0.1274354924005082E-04   4   1 2  0 1  0 0  0 0  0
   131  -.6862104296740267E-04   4   0 3  0 1  0 0  0 0  0
   132  0.1194988872449370       4   2 0  1 1  0 0  0 0  0
   133  0.3108521390790997E-01   4   1 1  1 1  0 0  0 0  0
   134  0.6569988288912523E-02   4   0 2  1 1  0 0  0 0  0
   135  0.7308539293796284E-04   4   1 0  2 1  0 0  0 0  0
   136  0.9598013708449222E-05   4   0 1  2 1  0 0  0 0  0
   137  0.1183969921025782       4   0 0  3 1  0 0  0 0  0
   138  -.2316416231441534E-01   4   2 0  0 2  0 0  0 0  0
   139  -.1247033321585036E-02   4   1 1  0 2  0 0  0 0  0
   140  0.1439401207694365E-03   4   0 2  0 2  0 0  0 0  0
   141  0.4864115326167947E-04   4   1 0  1 2  0 0  0 0  0
   142  0.9367430663832308E-05   4   0 1  1 2  0 0  0 0  0
   143  0.5399766162403084E-01   4   0 0  2 2  0 0  0 0  0
   144  0.4768333948144400E-05   4   1 0  0 3  0 0  0 0  0
   145  -.6891563946704317E-04   4   0 1  0 3  0 0  0 0  0
   146  0.1204537141135744E-01   4   0 0  1 3  0 0  0 0  0
   147  0.9536453892304342E-03   4   0 0  0 4  0 0  0 0  0
   148  -.3338730636114745E-03   4   3 0  0 0  0 1  0 0  0
   149  -.6564131820090644E-04   4   2 1  0 0  0 1  0 0  0
   150  -.1336017055427757E-04   4   1 2  0 0  0 1  0 0  0
   151  -.1953275134414020       4   0 3  0 0  0 1  0 0  0
   152  -.1059895246490575E-04   4   2 0  1 0  0 1  0 0  0
   153  0.1400654208732731E-04   4   1 1  1 0  0 1  0 0  0
   154  0.1285749113457458E-05   4   0 2  1 0  0 1  0 0  0
   155  -.2514420493260427E-03   4   1 0  2 0  0 1  0 0  0
   156  0.8446035614234434E-04   4   0 1  2 0  0 1  0 0  0
   157  0.3209616693260169E-04   4   0 0  3 0  0 1  0 0  0
   158  -.1530590904999178E-04   4   2 0  0 1  0 1  0 0  0
   159  -.3604540238284512E-05   4   1 1  0 1  0 1  0 0  0
   160  -.1785749651161714E-06   4   0 2  0 1  0 1  0 0  0
   161  -.4295493036107940E-04   4   1 0  1 1  0 1  0 0  0
   162  0.9993544335848784E-05   4   0 1  1 1  0 1  0 0  0
   163  0.2086120679852085E-04   4   0 0  2 1  0 1  0 0  0
   164  0.9125222376458261E-05   4   1 0  0 2  0 1  0 0  0
   165  -.1953241009366497       4   0 1  0 2  0 1  0 0  0
   166  0.8820578881161807E-05   4   0 0  1 2  0 1  0 0  0
   167  0.1050771563455614E-05   4   0 0  0 3  0 1  0 0  0
   168  -.3327580714473966E-03   4   3 0  0 0  0 0  1 0  0
   169  -.6542210448335914E-04   4   2 1  0 0  0 0  1 0  0
   170  -.1331555334169237E-04   4   1 2  0 0  0 0  1 0  0
   171  -.1946752037145944       4   0 3  0 0  0 0  1 0  0
   172  -.1056355653084086E-04   4   2 0  1 0  0 0  1 0  0
   173  0.1395976627227939E-04   4   1 1  1 0  0 0  1 0  0
   174  0.1281455265457284E-05   4   0 2  1 0  0 0  1 0  0
   175  -.2506023412296004E-03   4   1 0  2 0  0 0  1 0  0
   176  0.8417829494747835E-04   4   0 1  2 0  0 0  1 0  0
   177  0.3198897956552515E-04   4   0 0  3 0  0 0  1 0  0
   178  -.1525479390919545E-04   4   2 0  0 1  0 0  1 0  0
   179  -.3592502627112065E-05   4   1 1  0 1  0 0  1 0  0
   180  -.1779786016818145E-06   4   0 2  0 1  0 0  1 0  0
   181  -.4281147940315210E-04   4   1 0  1 1  0 0  1 0  0
   182  0.9960170204142680E-05   4   0 1  1 1  0 0  1 0  0
   183  0.2079153935706375E-04   4   0 0  2 1  0 0  1 0  0
   184  0.9094748065746710E-05   4   1 0  0 2  0 0  1 0  0
   185  -.1946718026061375       4   0 1  0 2  0 0  1 0  0
   186  0.8791121948452343E-05   4   0 0  1 2  0 0  1 0  0
   187  0.1047262439219152E-05   4   0 0  0 3  0 0  1 0  0
   188  0.6256344625423469E-03   4   3 0  0 0  0 0  0 1  0
   189  0.4464241636490974E-04   4   2 1  0 0  0 0  0 1  0
   190  0.2004546743390838E-05   4   1 2  0 0  0 0  0 1  0
   191  0.2108879330117133E-06   4   0 3  0 0  0 0  0 1  0
   192  0.4267064861985415E-04   4   2 0  1 0  0 0  0 1  0
   193  -.1116532094007729E-04   4   1 1  1 0  0 0  0 1  0
   194  -.4599954978939394E-06   4   0 2  1 0  0 0  0 1  0
   195  0.4610464517790441E-03   4   1 0  2 0  0 0  0 1  0
   196  -.8389614338574086E-04   4   0 1  2 0  0 0  0 1  0
   197  -.4277489756558472E-04   4   0 0  3 0  0 0  0 1  0
   198  0.1112121747622004E-04   4   2 0  0 1  0 0  0 1  0
   199  0.2252494528194208E-05   4   1 1  0 1  0 0  0 1  0
   200  0.1690843716154885E-06   4   0 2  0 1  0 0  0 1  0
   201  0.6435675876041034E-04   4   1 0  1 1  0 0  0 1  0
   202  -.4313685804115737E-05   4   0 1  1 1  0 0  0 1  0
   203  -.1111765879002820E-04   4   0 0  2 1  0 0  0 1  0
   204  -.9151267634772452E-05   4   1 0  0 2  0 0  0 1  0
   205  -.1077026144493406E-05   4   0 1  0 2  0 0  0 1  0
   206  -.3704119553230670E-05   4   0 0  1 2  0 0  0 1  0
   207  -.3348020068314602E-06   4   0 0  0 3  0 0  0 1  0
   208  -.1161685825069921E-01   4   2 0  0 0  0 2  0 0  0
   209  -.3531767664313061E-02   4   1 1  0 0  0 2  0 0  0
   210  -.6838821228533975E-03   4   0 2  0 0  0 2  0 0  0
   211  0.1471287567450908E-04   4   1 0  1 0  0 2  0 0  0
   212  0.2261427858356761E-05   4   0 1  1 0  0 2  0 0  0
   213  0.1161686652449274E-01   4   0 0  2 0  0 2  0 0  0
   214  0.2240436887370383E-05   4   1 0  0 1  0 2  0 0  0
   215  -.8724898256839788E-04   4   0 1  0 1  0 2  0 0  0
   216  0.3531759100212682E-02   4   0 0  1 1  0 2  0 0  0
   217  0.3462607826320886E-03   4   0 0  0 2  0 2  0 0  0
   218  -.7761748961101662E-02   4   2 0  0 0  0 1  1 0  0
   219  -.3531737911977915E-02   4   1 1  0 0  0 1  1 0  0
   220  -.8199206352786490E-03   4   0 2  0 0  0 1  1 0  0
   221  0.9828186340822977E-05   4   1 0  1 0  0 1  1 0  0
   222  0.2253514346282752E-05   4   0 1  1 0  0 1  1 0  0
   223  0.7761755449214013E-02   4   0 0  2 0  0 1  1 0  0
   224  0.2241170044697878E-05   4   1 0  0 1  0 1  1 0  0
   225  -.1046083884117150E-03   4   0 1  0 1  0 1  1 0  0
   226  0.3531731637064910E-02   4   0 0  1 1  0 1  1 0  0
   227  0.4151402771400498E-03   4   0 0  0 2  0 1  1 0  0
   228  -.1156510250146569E-01   4   2 0  0 0  0 0  2 0  0
   229  -.3514075840792590E-02   4   1 1  0 0  0 0  2 0  0
   230  -.6802291604469569E-03   4   0 2  0 0  0 0  2 0  0
   231  0.1464733005597462E-04   4   1 0  1 0  0 0  2 0  0
   232  0.2250112780360049E-05   4   0 1  1 0  0 0  2 0  0
   233  0.1156511073679457E-01   4   0 0  2 0  0 0  2 0  0
   234  0.2229212522481417E-05   4   1 0  0 1  0 0  2 0  0
   235  -.8678293509247972E-04   4   0 1  0 1  0 0  2 0  0
   236  0.3514067315770400E-02   4   0 0  1 1  0 0  2 0  0
   237  0.3444112260049915E-03   4   0 0  0 2  0 0  2 0  0
   238  0.1549772711112819E-01   4   2 0  0 0  0 1  0 1  0
   239  0.3531744140444353E-02   4   1 1  0 0  0 1  0 1  0
   240  0.3444141164974771E-03   4   0 2  0 0  0 1  0 1  0
   241  -.1962889478202223E-04   4   1 0  1 0  0 1  0 1  0
   242  -.2234225558963592E-05   4   0 1  1 0  0 1  0 1  0
   243  -.1549773657566489E-01   4   0 0  2 0  0 1  0 1  0
   244  -.2240203820154888E-05   4   1 0  0 1  0 1  0 1  0
   245  -.4362355896909552E-06   4   0 1  0 1  0 1  0 1  0
   246  -.3531749435950459E-02   4   0 0  1 1  0 1  0 1  0
   247  -.3444152407957167E-03   4   0 0  0 2  0 1  0 1  0
   248  0.1544597138066365E-01   4   2 0  0 0  0 0  1 1  0
   249  0.3519949636870362E-02   4   1 1  0 0  0 0  1 1  0
   250  0.3432639217589764E-03   4   0 2  0 0  0 0  1 1  0
   251  -.1956334273168798E-04   4   1 0  1 0  0 0  1 1  0
   252  -.2226764208341127E-05   4   0 1  1 0  0 0  1 1  0
   253  -.1544598081359288E-01   4   0 0  2 0  0 0  1 1  0
   254  -.2232722504716123E-05   4   1 0  0 1  0 0  1 1  0
   255  -.4347787507987643E-06   4   0 1  0 1  0 0  1 1  0
   256  -.3519954914691399E-02   4   0 0  1 1  0 0  1 1  0
   257  -.3432650423028739E-03   4   0 0  0 2  0 0  1 1  0
   258  -.3172649858789788E-13   4   2 0  0 0  0 0  0 2  0
   259  -.6910856861055891E-14   4   1 1  0 0  0 0  0 2  0
   260  -.4102699118576786E-15   4   0 2  0 0  0 0  0 2  0
   261  0.6803198062814043E-13   4   1 0  1 0  0 0  0 2  0
   262  0.9457744789559739E-14   4   0 1  1 0  0 0  0 2  0
   263  -.1825119347639580E-13   4   0 0  2 0  0 0  0 2  0
   264  0.6563411443534250E-14   4   1 0  0 1  0 0  0 2  0
   265  0.9215179825040942E-15   4   0 1  0 1  0 0  0 2  0
   266  -.5943431669621112E-14   4   0 0  1 1  0 0  0 2  0
   267  -.2992118010413398E-15   4   0 0  0 2  0 0  0 2  0
   268  -.8390655571650886E-06   4   1 0  0 0  0 3  0 0  0
   269  -.8133183721537972E-01   4   0 1  0 0  0 3  0 0  0
   270  0.4371593478969936E-06   4   0 0  1 0  0 3  0 0  0
   271  0.9819670507715833E-07   4   0 0  0 1  0 3  0 0  0
   272  -.9913194962438226E-06   4   1 0  0 0  0 2  1 0  0
   273  -.4883229413993474E-01   4   0 1  0 0  0 2  1 0  0
   274  0.5164851394477931E-06   4   0 0  1 0  0 2  1 0  0
   275  0.1255415274650053E-06   4   0 0  0 1  0 2  1 0  0
   276  -.9905427656230782E-06   4   1 0  0 0  0 1  2 0  0
   277  -.4899373523727688E-01   4   0 1  0 0  0 1  2 0  0
   278  0.5160804552301613E-06   4   0 0  1 0  0 1  2 0  0
   279  0.1254029048386101E-06   4   0 0  0 1  0 1  2 0  0
   280  -.8332126346687716E-06   4   1 0  0 0  0 0  3 0  0
   281  -.8084315169167018E-01   4   0 1  0 0  0 0  3 0  0
   282  0.4341099314709710E-06   4   0 0  1 0  0 0  3 0  0
   283  0.9749587764631377E-07   4   0 0  0 1  0 0  3 0  0
   284  0.7628097185054342E-06   4   1 0  0 0  0 2  0 1  0
   285  0.1389125605122777E-06   4   0 1  0 0  0 2  0 1  0
   286  -.3974295056720325E-06   4   0 0  1 0  0 2  0 1  0
   287  -.7237443203193808E-07   4   0 0  0 1  0 2  0 1  0
   288  0.9145489556180017E-06   4   1 0  0 0  0 1  1 1  0
   289  0.1981043336466207E-06   4   0 1  0 0  0 1  1 1  0
   290  -.4764872134292784E-06   4   0 0  1 0  0 1  1 1  0
   291  -.1032139912176504E-06   4   0 0  0 1  0 1  1 1  0
   292  0.7587351630331698E-06   4   1 0  0 0  0 0  2 1  0
   293  0.1381178608378343E-06   4   0 1  0 0  0 0  2 1  0
   294  -.3953066313926727E-06   4   0 0  1 0  0 0  2 1  0
   295  -.7196038748821638E-07   4   0 0  0 1  0 0  2 1  0
   296  -.2459174591101133E-04   4   0 0  0 0  0 4  0 0  0
   297  -.1405786980647319E-04   4   0 0  0 0  0 3  1 0  0
   298  -.1266353861762768E-04   4   0 0  0 0  0 2  2 0  0
   299  -.1413225656438987E-04   4   0 0  0 0  0 1  3 0  0
   300  -.2440427198395094E-04   4   0 0  0 0  0 0  4 0  0
   301  -.3603531118843812E-11   4   0 0  0 0  0 3  0 1  0
   302  0.3363905133914959E-10   4   0 0  0 0  0 2  1 1  0
   303  0.3345255035695446E-10   4   0 0  0 0  0 1  2 1  0
   304  -.3641462208816374E-11   4   0 0  0 0  0 0  3 1  0
   -------------------------------------------------------
     I  COEFFICIENT            ORDER EXPONENTS
     1  -.3890120721000344E-07   0   0 0  0 0  0 0  0 0  0
     2  -.3470607744098661E-04   1   1 0  0 0  0 0  0 0  0
     3  0.9999939267009023       1   0 1  0 0  0 0  0 0  0
     4  0.2209482495503811E-04   1   0 0  1 0  0 0  0 0  0
     5  0.3748040863624393E-05   1   0 0  0 1  0 0  0 0  0
     6  -.1900732739566995E-07   1   0 0  0 0  0 1  0 0  0
     7  -.1894385111258813E-07   1   0 0  0 0  0 0  1 0  0
     8  -.9500283207433769E-09   1   0 0  0 0  0 0  0 1  0
     9  -.2380337115794769       2   2 0  0 0  0 0  0 0  0
    10  -.6189046556508271E-01   2   1 1  0 0  0 0  0 0  0
    11  -.6282824442279989E-02   2   0 2  0 0  0 0  0 0  0
    12  0.3023724742316006E-03   2   1 0  1 0  0 0  0 0  0
    13  0.3919396826350691E-04   2   0 1  1 0  0 0  0 0  0
    14  0.2380347847685356       2   0 0  2 0  0 0  0 0  0
    15  0.3930801379177053E-04   2   1 0  0 1  0 0  0 0  0
    16  0.7967671348051295E-05   2   0 1  0 1  0 0  0 0  0
    17  0.6189082677430837E-01   2   0 0  1 1  0 0  0 0  0
    18  0.6282889606971398E-02   2   0 0  0 2  0 0  0 0  0
    19  -.4705877042675077E-10   2   1 0  0 0  0 1  0 0  0
    20  0.3041722484456728E-05   2   0 1  0 0  0 1  0 0  0
    21  -.7340954014783361E-11   2   0 0  1 0  0 1  0 0  0
    22  -.1846036848446624E-05   2   0 0  0 1  0 1  0 0  0
    23  -.4690161424971270E-10   2   1 0  0 0  0 0  1 0  0
    24  0.3031564441976515E-05   2   0 1  0 0  0 0  1 0  0
    25  -.7316438463300674E-11   2   0 0  1 0  0 0  1 0  0
    26  -.1839871880844140E-05   2   0 0  0 1  0 0  1 0  0
    27  -.3470598407400808E-04   2   1 0  0 0  0 0  0 1  0
    28  -.6073288035781566E-05   2   0 1  0 0  0 0  0 1  0
    29  0.2209484028663727E-04   2   0 0  1 0  0 0  0 1  0
    30  0.3685907132226074E-05   2   0 0  0 1  0 0  0 1  0
    31  0.4728037478478358E-08   2   0 0  0 0  0 2  0 0  0
    32  -.9456087903829228E-08   2   0 0  0 0  0 1  1 0  0
    33  0.4728037502005086E-08   2   0 0  0 0  0 0  2 0  0
    34  0.4679553464825058E-14   2   0 0  0 0  0 1  0 1  0
    35  0.4663925841220192E-14   2   0 0  0 0  0 0  1 1  0
    36  0.6229107771038223E-02   3   3 0  0 0  0 0  0 0  0
    37  0.1768077881206577E-02   3   2 1  0 0  0 0  0 0  0
    38  0.1996784812581994E-03   3   1 2  0 0  0 0  0 0  0
    39  0.1183222523463816E-04   3   0 3  0 0  0 0  0 0  0
    40  0.1417389875509932E-05   3   2 0  1 0  0 0  0 0  0
    41  -.1277619262427436E-03   3   1 1  1 0  0 0  0 0  0
    42  -.1111796235849302E-04   3   0 2  1 0  0 0  0 0  0
    43  0.6229182835497947E-02   3   1 0  2 0  0 0  0 0  0
    44  -.6804598172866046E-03   3   0 1  2 0  0 0  0 0  0
    45  -.2029177570336345E-05   3   0 0  3 0  0 0  0 0  0
    46  -.6382645153889314E-04   3   2 0  0 1  0 0  0 0  0
    47  -.4431330509610098E-04   3   1 1  0 1  0 0  0 0  0
    48  -.4153618239557470E-05   3   0 2  0 1  0 0  0 0  0
    49  0.2942485890765071E-02   3   1 0  1 1  0 0  0 0  0
    50  0.1560338207283386E-03   3   0 1  1 1  0 0  0 0  0
    51  0.6304810715399947E-04   3   0 0  2 1  0 0  0 0  0
    52  0.1026417628752799E-03   3   1 0  0 2  0 0  0 0  0
    53  0.1271762394208225E-04   3   0 1  0 2  0 0  0 0  0
    54  0.1097027752672354E-04   3   0 0  1 2  0 0  0 0  0
    55  0.2605580002650993E-05   3   0 0  0 3  0 0  0 0  0
    56  -.5734907265367124E-06   3   2 0  0 0  0 1  0 0  0
    57  0.3099687598801883E-01   3   1 1  0 0  0 1  0 0  0
    58  0.6293330620542673E-02   3   0 2  0 0  0 1  0 0  0
    59  -.4007214950787178E-06   3   1 0  1 0  0 1  0 0  0
    60  -.1961742793552307E-04   3   0 1  1 0  0 1  0 0  0
    61  0.5699637879884461E-07   3   0 0  2 0  0 1  0 0  0
    62  -.1976095934654650E-04   3   1 0  0 1  0 1  0 0  0
    63  -.7990798355636472E-05   3   0 1  0 1  0 1  0 0  0
    64  -.3099722694461523E-01   3   0 0  1 1  0 1  0 0  0
    65  -.6293394304336953E-02   3   0 0  0 2  0 1  0 0  0
    66  -.5715755146216349E-06   3   2 0  0 0  0 0  1 0  0
    67  0.3089335977900495E-01   3   1 1  0 0  0 0  1 0  0
    68  0.6272313608113960E-02   3   0 2  0 0  0 0  1 0  0
    69  -.3993832579590169E-06   3   1 0  1 0  0 0  1 0  0
    70  -.1955191417951519E-04   3   0 1  1 0  0 0  1 0  0
    71  0.5680603544208251E-07   3   0 0  2 0  0 0  1 0  0
    72  -.1969496625747454E-04   3   1 0  0 1  0 0  1 0  0
    73  -.7964112532424233E-05   3   0 1  0 1  0 0  1 0  0
    74  -.3089370956355750E-01   3   0 0  1 1  0 0  1 0  0
    75  -.6272377079231587E-02   3   0 0  0 2  0 0  1 0  0
    76  -.2380325508838733       3   2 0  0 0  0 0  0 1  0
    77  -.6189022564361660E-01   3   1 1  0 0  0 0  0 1  0
    78  -.6282822861715800E-02   3   0 2  0 0  0 0  0 1  0
    79  0.3031578521482216E-03   3   1 0  1 0  0 0  0 1  0
    80  0.3917393611921695E-04   3   0 1  1 0  0 0  0 1  0
    81  0.2380346761477199       3   0 0  2 0  0 0  0 1  0
    82  0.3942357667774580E-04   3   1 0  0 1  0 0  0 1  0
    83  0.7978388452668075E-05   3   0 1  0 1  0 0  0 1  0
    84  0.6189093989797689E-01   3   0 0  1 1  0 0  0 1  0
    85  0.6282879259982876E-02   3   0 0  0 2  0 0  0 1  0
    86  -.7170331122589541E-10   3   1 0  0 0  0 2  0 0  0
    87  -.2280051689189089E-05   3   0 1  0 0  0 2  0 0  0
    88  -.1051873057382202E-10   3   0 0  1 0  0 2  0 0  0
    89  0.1383751244873001E-05   3   0 0  0 1  0 2  0 0  0
    90  -.9195611400468788E-10   3   1 0  0 0  0 1  1 0  0
    91  -.1523416069316492E-05   3   0 1  0 0  0 1  1 0  0
    92  -.1337411762809023E-10   3   0 0  1 0  0 1  1 0  0
    93  0.9245405465094192E-06   3   0 0  0 1  0 1  1 0  0
    94  -.7131030314971111E-10   3   1 0  0 0  0 0  2 0  0
    95  -.2269893522452893E-05   3   0 1  0 0  0 0  2 0  0
    96  -.1046128011492171E-10   3   0 0  1 0  0 0  2 0  0
    97  0.1377586328593647E-05   3   0 0  0 1  0 0  2 0  0
    98  0.1032433660828373E-09   3   1 0  0 0  0 1  0 1  0
    99  0.3041748892889583E-05   3   0 1  0 0  0 1  0 1  0
   100  0.1436217174508393E-10   3   0 0  1 0  0 1  0 1  0
   101  -.1846025563526593E-05   3   0 0  0 1  0 1  0 1  0
   102  0.1028985778868529E-09   3   1 0  0 0  0 0  1 1  0
   103  0.3031590762300155E-05   3   0 1  0 0  0 0  1 1  0
   104  0.1431420821098127E-10   3   0 0  1 0  0 0  1 1  0
   105  -.1839860633610806E-05   3   0 0  0 1  0 0  1 1  0
   106  -.3022844803133090E-08   3   0 0  0 0  0 3  0 0  0
   107  0.1763835568626404E-08   3   0 0  0 0  0 2  1 0  0
   108  0.1739907960565200E-08   3   0 0  0 0  0 1  2 0  0
   109  -.3010637752442145E-08   3   0 0  0 0  0 0  3 0  0
   110  0.6763199878493547E-09   3   0 0  0 0  0 2  0 1  0
   111  0.6336347647805765E-09   3   0 0  0 0  0 1  1 1  0
   112  0.6730033403458689E-09   3   0 0  0 0  0 0  2 1  0
   113  0.5452929697699561E-02   4   4 0  0 0  0 0  0 0  0
   114  0.3658794865074768E-02   4   3 1  0 0  0 0  0 0  0
   115  0.1794447507876055       4   2 2  0 0  0 0  0 0  0
   116  0.1557550775749664E-01   4   1 3  0 0  0 0  0 0  0
   117  -.1566995947677045E-02   4   0 4  0 0  0 0  0 0  0
   118  -.4443077993186141E-05   4   3 0  1 0  0 0  0 0  0
   119  0.1084790640572248E-05   4   2 1  1 0  0 0  0 0  0
   120  -.7536334200639272E-04   4   1 2  1 0  0 0  0 0  0
   121  0.9808569875346423E-05   4   0 3  1 0  0 0  0 0  0
   122  0.1163967216993274E-01   4   2 0  2 0  0 0  0 0  0
   123  0.3760658566688499E-02   4   1 1  2 0  0 0  0 0  0
   124  0.5982088240518205E-01   4   0 2  2 0  0 0  0 0  0
   125  -.1425771768189226E-04   4   1 0  3 0  0 0  0 0  0
   126  -.1223278398848333E-05   4   0 1  3 0  0 0  0 0  0
   127  -.9306708923171397E-02   4   0 0  4 0  0 0  0 0  0
   128  -.5162155366600416E-06   4   3 0  0 1  0 0  0 0  0
   129  -.2266121062921591E-03   4   2 1  0 1  0 0  0 0  0
   130  -.4907846666494946E-04   4   1 2  0 1  0 0  0 0  0
   131  0.1498196401157055E-09   4   0 3  0 1  0 0  0 0  0
   132  0.4911168465271921E-02   4   2 0  1 1  0 0  0 0  0
   133  -.2364638603299369       4   1 1  1 1  0 0  0 0  0
   134  0.1560441639530553E-01   4   0 2  1 1  0 0  0 0  0
   135  -.5518910484276478E-05   4   1 0  2 1  0 0  0 0  0
   136  -.7643851563322144E-04   4   0 1  2 1  0 0  0 0  0
   137  -.6521476822790658E-02   4   0 0  3 1  0 0  0 0  0
   138  -.1780545499027140       4   2 0  0 2  0 0  0 0  0
   139  -.1081489792927326       4   1 1  0 2  0 0  0 0  0
   140  -.9413017436930687E-02   4   0 2  0 2  0 0  0 0  0
   141  0.7432958046239954E-04   4   1 0  1 2  0 0  0 0  0
   142  0.9584407140252747E-05   4   0 1  1 2  0 0  0 0  0
   143  -.6120588394249517E-01   4   0 0  2 2  0 0  0 0  0
   144  0.2934036290241932E-04   4   1 0  0 3  0 0  0 0  0
   145  0.7950734410146172E-05   4   0 1  0 3  0 0  0 0  0
   146  0.1527318915636560E-01   4   0 0  1 3  0 0  0 0  0
   147  0.4704702338874545E-02   4   0 0  0 4  0 0  0 0  0
   148  -.3118196223054048E-02   4   3 0  0 0  0 1  0 0  0
   149  -.1708045652789651E-02   4   2 1  0 0  0 1  0 0  0
   150  -.2686600253770067E-03   4   1 2  0 0  0 1  0 0  0
   151  -.2825446716995033E-04   4   0 3  0 0  0 1  0 0  0
   152  0.4390579366475319E-06   4   2 0  1 0  0 1  0 0  0
   153  0.2144004360437942E-04   4   1 1  1 0  0 1  0 0  0
   154  0.1812005588083069E-04   4   0 2  1 0  0 1  0 0  0
   155  -.3118178228065140E-02   4   1 0  2 0  0 1  0 0  0
   156  0.7850337781582564E-03   4   0 1  2 0  0 1  0 0  0
   157  -.5895144074224049E-06   4   0 0  3 0  0 1  0 0  0
   158  -.3218019418321181E-04   4   2 0  0 1  0 1  0 0  0
   159  -.1954593062823916E-04   4   1 1  0 1  0 1  0 0  0
   160  -.2126224381290454E-08   4   0 2  0 1  0 1  0 0  0
   161  -.2905045047855522E-02   4   1 0  1 1  0 1  0 0  0
   162  -.2013517567073312E-03   4   0 1  1 1  0 1  0 0  0
   163  -.5387298866359838E-04   4   0 0  2 1  0 1  0 0  0
   164  -.2172635308461129E-03   4   1 0  0 2  0 1  0 0  0
   165  -.4347626201358619E-04   4   0 1  0 2  0 1  0 0  0
   166  -.1425326589091522E-05   4   0 0  1 2  0 1  0 0  0
   167  0.3396859170191920E-05   4   0 0  0 3  0 1  0 0  0
   168  -.3107782791323107E-02   4   3 0  0 0  0 0  1 0  0
   169  -.1702341516318993E-02   4   2 1  0 0  0 0  1 0  0
   170  -.2677628166601782E-03   4   1 2  0 0  0 0  1 0  0
   171  -.2816010942483678E-04   4   0 3  0 0  0 0  1 0  0
   172  0.4375916723325395E-06   4   2 0  1 0  0 0  1 0  0
   173  0.2136844309741598E-04   4   1 1  1 0  0 0  1 0  0
   174  0.1805954270225625E-04   4   0 2  1 0  0 0  1 0  0
   175  -.3107764856429617E-02   4   1 0  2 0  0 0  1 0  0
   176  0.7824121036160771E-03   4   0 1  2 0  0 0  1 0  0
   177  -.5875456833277812E-06   4   0 0  3 0  0 0  1 0  0
   178  -.3207272620132618E-04   4   2 0  0 1  0 0  1 0  0
   179  -.1948065564242881E-04   4   1 1  0 1  0 0  1 0  0
   180  -.2119123707775938E-08   4   0 2  0 1  0 0  1 0  0
   181  -.2895343449201215E-02   4   1 0  1 1  0 0  1 0  0
   182  -.2006793286044166E-03   4   0 1  1 1  0 0  1 0  0
   183  -.5369307609573572E-04   4   0 0  2 1  0 0  1 0  0
   184  -.2165379642737761E-03   4   1 0  0 2  0 0  1 0  0
   185  -.4333107003254459E-04   4   0 1  0 2  0 0  1 0  0
   186  -.1420566612467784E-05   4   0 0  1 2  0 0  1 0  0
   187  0.3385515124295638E-05   4   0 0  0 3  0 0  1 0  0
   188  0.1245447715039059E-01   4   3 0  0 0  0 0  0 1  0
   189  0.3534367880727436E-02   4   2 1  0 0  0 0  0 1  0
   190  0.3790701451480835E-03   4   1 2  0 0  0 0  0 1  0
   191  0.2712472976020629E-04   4   0 3  0 0  0 0  0 1  0
   192  0.6726893642699285E-08   4   2 0  1 0  0 0  0 1  0
   193  -.8537050135062608E-04   4   1 1  1 0  0 0  0 1  0
   194  -.1668211485014090E-04   4   0 2  1 0  0 0  0 1  0
   195  0.1245447606575042E-01   4   1 0  2 0  0 0  0 1  0
   196  -.1526114464422254E-02   4   0 1  2 0  0 0  0 1  0
   197  0.5179449531054358E-08   4   0 0  3 0  0 0  0 1  0
   198  0.1571175442877466E-06   4   2 0  0 1  0 0  0 1  0
   199  0.5456744255439278E-07   4   1 1  0 1  0 0  0 1  0
   200  -.1126694521481215E-05   4   0 2  0 1  0 0  0 1  0
   201  0.5718697509288333E-02   4   1 0  1 1  0 0  0 1  0
   202  0.2609480563422517E-03   4   0 1  1 1  0 0  0 1  0
   203  0.8553302182523413E-04   4   0 0  2 1  0 0  0 1  0
   204  0.2464729062108396E-03   4   1 0  0 2  0 0  0 1  0
   205  0.3581049236100928E-04   4   0 1  0 2  0 0  0 1  0
   206  0.5543121831844575E-05   4   0 0  1 2  0 0  0 1  0
   207  -.1132193369736410E-05   4   0 0  0 3  0 0  0 1  0
   208  -.4091448546365767E-06   4   2 0  0 0  0 2  0 0  0
   209  -.2323509014371103E-01   4   1 1  0 0  0 2  0 0  0
   210  -.6293397450854098E-02   4   0 2  0 0  0 2  0 0  0
   211  -.3034216681881524E-06   4   1 0  1 0  0 2  0 0  0
   212  0.1470241043691734E-04   4   0 1  1 0  0 2  0 0  0
   213  0.1740621447673864E-06   4   0 0  2 0  0 2  0 0  0
   214  0.1469801797678752E-04   4   1 0  0 1  0 2  0 0  0
   215  0.7971562344934342E-05   4   0 1  0 1  0 2  0 0  0
   216  0.2323492912585837E-01   4   0 0  1 1  0 2  0 0  0
   217  0.6293392578049177E-02   4   0 0  0 2  0 2  0 0  0
   218  -.4748794049112818E-06   4   2 0  0 0  0 1  1 0  0
   219  -.1552448321807438E-01   4   1 1  0 0  0 1  1 0  0
   220  -.6293357073394684E-02   4   0 2  0 0  0 1  1 0  0
   221  -.3783787156565789E-06   4   1 0  1 0  0 1  1 0  0
   222  0.9812468477546686E-05   4   0 1  1 0  0 1  1 0  0
   223  0.2138113366851335E-06   4   0 0  2 0  0 1  1 0  0
   224  0.9782110083268898E-05   4   1 0  0 1  0 1  1 0  0
   225  0.7965812909354979E-05   4   0 1  0 1  0 1  1 0  0
   226  0.1552426241104356E-01   4   0 0  1 1  0 1  1 0  0
   227  0.6293334035339216E-02   4   0 0  0 2  0 1  1 0  0
   228  -.4069855408229306E-06   4   2 0  0 0  0 0  2 0  0
   229  -.2313157241263889E-01   4   1 1  0 0  0 0  2 0  0
   230  -.6261871664855062E-02   4   0 2  0 0  0 0  2 0  0
   231  -.3017765596310183E-06   4   1 0  1 0  0 0  2 0  0
   232  0.1463692601321211E-04   4   0 1  1 0  0 0  2 0  0
   233  0.1731238333228161E-06   4   0 0  2 0  0 0  2 0  0
   234  0.1463259891398402E-04   4   1 0  0 1  0 0  2 0  0
   235  0.7931639570413969E-05   4   0 1  0 1  0 0  2 0  0
   236  0.2313141230121666E-01   4   0 0  1 1  0 0  2 0  0
   237  0.6261866846791811E-02   4   0 0  0 2  0 0  2 0  0
   238  0.6544280241383131E-06   4   2 0  0 0  0 1  0 1  0
   239  0.3099726163221154E-01   4   1 1  0 0  0 1  0 1  0
   240  0.6293385156182427E-02   4   0 2  0 0  0 1  0 1  0
   241  0.4852501100135928E-06   4   1 0  1 0  0 1  0 1  0
   242  -.1961749245987810E-04   4   0 1  1 0  0 1  0 1  0
   243  -.2783830396871549E-06   4   0 0  2 0  0 1  0 1  0
   244  -.1961318151463265E-04   4   1 0  0 1  0 1  0 1  0
   245  -.7972054788139223E-05   4   0 1  0 1  0 1  0 1  0
   246  -.3099707753451468E-01   4   0 0  1 1  0 1  0 1  0
   247  -.6293368363233557E-02   4   0 0  0 2  0 1  0 1  0
   248  0.6522425165490110E-06   4   2 0  0 0  0 0  1 1  0
   249  0.3089374413531226E-01   4   1 1  0 0  0 0  1 1  0
   250  0.6272367961628180E-02   4   0 2  0 0  0 0  1 1  0
   251  0.4836295837440535E-06   4   1 0  1 0  0 0  1 1  0
   252  -.1955197848838659E-04   4   0 1  1 0  0 0  1 1  0
   253  -.2774533602802029E-06   4   0 0  2 0  0 0  1 1  0
   254  -.1954768193984063E-04   4   1 0  0 1  0 0  1 1  0
   255  -.7945431560365627E-05   4   0 1  0 1  0 0  1 1  0
   256  -.3089356065242229E-01   4   0 0  1 1  0 0  1 1  0
   257  -.6272351224760294E-02   4   0 0  0 2  0 0  1 1  0
   258  0.3707218049087345E-12   4   2 0  0 0  0 0  0 2  0
   259  0.1213283799476453E-12   4   1 1  0 0  0 0  0 2  0
   260  0.1078601879066600E-13   4   0 2  0 0  0 0  0 2  0
   261  0.3110373290170000E-12   4   1 0  1 0  0 0  0 2  0
   262  0.3827088426450700E-13   4   0 1  1 0  0 0  0 2  0
   263  0.2142334955540478E-12   4   0 0  2 0  0 0  0 2  0
   264  0.4260077043800940E-13   4   1 0  0 1  0 0  0 2  0
   265  0.8209685484069111E-14   4   0 1  0 1  0 0  0 2  0
   266  0.8064012924186992E-13   4   0 0  1 1  0 0  0 2  0
   267  0.6655492817009155E-14   4   0 0  0 2  0 0  0 2  0
   268  -.6688220341194782E-05   4   1 0  0 0  0 3  0 0  0
   269  -.2990325615838972E-05   4   0 1  0 0  0 3  0 0  0
   270  0.3484616076377054E-05   4   0 0  1 0  0 3  0 0  0
   271  0.1557982755547036E-05   4   0 0  0 1  0 3  0 0  0
   272  -.4015697288530404E-05   4   1 0  0 0  0 2  1 0  0
   273  -.3532955507725221E-05   4   0 1  0 0  0 2  1 0  0
   274  0.2092170843367277E-05   4   0 0  1 0  0 2  1 0  0
   275  0.1840685657801389E-05   4   0 0  0 1  0 2  1 0  0
   276  -.4028973013822095E-05   4   1 0  0 0  0 1  2 0  0
   277  -.3530187257354087E-05   4   0 1  0 0  0 1  2 0  0
   278  0.2099087799546444E-05   4   0 0  1 0  0 1  2 0  0
   279  0.1839243435370482E-05   4   0 0  0 1  0 1  2 0  0
   280  -.6648033848549906E-05   4   1 0  0 0  0 0  3 0  0
   281  -.2969466499591815E-05   4   0 1  0 0  0 0  3 0  0
   282  0.3463678659219919E-05   4   0 0  1 0  0 0  3 0  0
   283  0.1547115013840146E-05   4   0 0  0 1  0 0  3 0  0
   284  0.8026766251419956E-05   4   1 0  0 0  0 2  0 1  0
   285  0.2718558879190566E-05   4   0 1  0 0  0 2  0 1  0
   286  -.4182009789920770E-05   4   0 0  1 0  0 2  0 1  0
   287  -.1416390241460305E-05   4   0 0  0 1  0 2  0 1  0
   288  0.5363124957663526E-05   4   1 0  0 0  0 1  1 1  0
   289  0.3259356215238081E-05   4   0 1  0 0  0 1  1 1  0
   290  -.2794171926209918E-05   4   0 0  1 0  0 1  1 1  0
   291  -.1698137700464539E-05   4   0 0  0 1  0 1  1 1  0
   292  0.7991005047764697E-05   4   1 0  0 0  0 0  2 1  0
   293  0.2704037641342862E-05   4   0 1  0 0  0 0  2 1  0
   294  -.4163378014199260E-05   4   0 0  1 0  0 0  2 1  0
   295  -.1408824584300817E-05   4   0 0  0 1  0 0  2 1  0
   296  0.1519663827395334E-08   4   0 0  0 0  0 4  0 0  0
   297  -.1765795048832744E-08   4   0 0  0 0  0 3  1 0  0
   298  -.1160762851101664E-08   4   0 0  0 0  0 2  2 0  0
   299  -.1745895612849943E-08   4   0 0  0 0  0 1  3 0  0
   300  0.1512457689791275E-08   4   0 0  0 0  0 0  4 0  0
   301  -.4184006881194258E-10   4   0 0  0 0  0 3  0 1  0
   302  0.5905874452952034E-09   4   0 0  0 0  0 2  1 1  0
   303  0.5874200917350375E-09   4   0 0  0 0  0 1  2 1  0
   304  -.4261333701710394E-10   4   0 0  0 0  0 0  3 1  0
   -------------------------------------------------------
     I  COEFFICIENT            ORDER EXPONENTS
     1  0.4673410986400581E-04   0   0 0  0 0  0 0  0 0  0
     2  0.1996614509313673E-05   1   1 0  0 0  0 0  0 0  0
     3  0.1474961757866862E-06   1   0 1  0 0  0 0  0 0  0
     4   1.000002950293741       1   0 0  1 0  0 0  0 0  0
     5  0.2600002235309508       1   0 0  0 1  0 0  0 0  0
     6  -.5716082095273741E-10   1   0 0  0 0  0 1  0 0  0
     7  -.5696992837642106E-10   1   0 0  0 0  0 0  1 0  0
     8  0.1141307631609847E-09   1   0 0  0 0  0 0  0 1  0
     9  0.1960408602350170E-04   2   2 0  0 0  0 0  0 0  0
    10  0.2235608540701969E-05   2   1 1  0 0  0 0  0 0  0
    11  0.1453208391196051E-06   2   0 2  0 0  0 0  0 0  0
    12  0.6188743863833699E-01   2   1 0  1 0  0 0  0 0  0
    13  0.3525853880280059E-02   2   0 1  1 0  0 0  0 0  0
    14  -.1958266185442767E-04   2   0 0  2 0  0 0  0 0  0
    15  0.3525817997151349E-02   2   1 0  0 1  0 0  0 0  0
    16  0.4584443718147735E-03   2   0 1  0 1  0 0  0 0  0
    17  -.2160645985144400E-05   2   0 0  1 1  0 0  0 0  0
    18  -.1261335192301747E-06   2   0 0  0 2  0 0  0 0  0
    19  -.1031097649729102E-05   2   1 0  0 0  0 1  0 0  0
    20  -.1558338536636564E-06   2   0 1  0 0  0 1  0 0  0
    21  -.1477612426124012E-05   2   0 0  1 0  0 1  0 0  0
    22  -.1302176757612695       2   0 0  0 1  0 1  0 0  0
    23  -.1027654227886694E-05   2   1 0  0 0  0 0  1 0  0
    24  -.1553134357424461E-06   2   0 1  0 0  0 0  1 0  0
    25  -.1472677837334998E-05   2   0 0  1 0  0 0  1 0  0
    26  -.1297828048359967       2   0 0  0 1  0 0  1 0  0
    27  0.2058753798447011E-05   2   1 0  0 0  0 0  0 1  0
    28  0.1636521179306144E-06   2   0 1  0 0  0 0  0 1  0
    29  0.2950292971192910E-05   2   0 0  1 0  0 0  0 1  0
    30  0.2570674087666753E-06   2   0 0  0 1  0 0  0 1  0
    31  0.3618453500132529E-10   2   0 0  0 0  0 2  0 0  0
    32  0.2064026996819220E-10   2   0 0  0 0  0 1  1 0  0
    33  0.3602922950127101E-10   2   0 0  0 0  0 0  2 0  0
    34  -.5716082784750895E-10   2   0 0  0 0  0 1  0 1  0
    35  -.5696993531354813E-10   2   0 0  0 0  0 0  1 1  0
    36  0.2125932183875814E-04   3   3 0  0 0  0 0  0 0  0
    37  0.5475057279322388E-05   3   2 1  0 0  0 0  0 0  0
    38  0.4120201372956850E-05   3   1 2  0 0  0 0  0 0  0
    39  0.4346244876994803E-06   3   0 3  0 0  0 0  0 0  0
    40  0.1476554463066301E-03   3   2 0  1 0  0 0  0 0  0
    41  0.4934252027920683E-04   3   1 1  1 0  0 0  0 0  0
    42  -.6034095061726233E-06   3   0 2  1 0  0 0  0 0  0
    43  -.6418658140826089E-04   3   1 0  2 0  0 0  0 0  0
    44  0.1655156622859232E-04   3   0 1  2 0  0 0  0 0  0
    45  0.3127830790057445E-03   3   0 0  3 0  0 0  0 0  0
    46  0.3437831682560814E-07   3   2 0  0 1  0 0  0 0  0
    47  0.6058846213059665E-05   3   1 1  0 1  0 0  0 0  0
    48  0.1300008507549034       3   0 2  0 1  0 0  0 0  0
    49  0.1100578643586784E-04   3   1 0  1 1  0 0  0 0  0
    50  0.4848841562951774E-05   3   0 1  1 1  0 0  0 0  0
    51  0.1492410915306730E-04   3   0 0  2 1  0 0  0 0  0
    52  0.3668902579263698E-05   3   1 0  0 2  0 0  0 0  0
    53  0.9229737270888880E-06   3   0 1  0 2  0 0  0 0  0
    54  0.4979268052945568E-05   3   0 0  1 2  0 0  0 0  0
    55  0.1300005761629920       3   0 0  0 3  0 0  0 0  0
    56  -.9815066097930062E-05   3   2 0  0 0  0 1  0 0  0
    57  -.2233915965724605E-05   3   1 1  0 0  0 1  0 0  0
    58  -.2168260688486608E-06   3   0 2  0 0  0 1  0 0  0
    59  -.3099546590819071E-01   3   1 0  1 0  0 1  0 0  0
    60  -.3531740261542446E-02   3   0 1  1 0  0 1  0 0  0
    61  0.9805517895284690E-05   3   0 0  2 0  0 1  0 0  0
    62  -.3531726216496981E-02   3   1 0  0 1  0 1  0 0  0
    63  -.6888184255982772E-03   3   0 1  0 1  0 1  0 0  0
    64  0.2209133379647307E-05   3   0 0  1 1  0 1  0 0  0
    65  0.2009048087360428E-06   3   0 0  0 2  0 1  0 0  0
    66  -.9782288006548430E-05   3   2 0  0 0  0 0  1 0  0
    67  -.2226455649010245E-05   3   1 1  0 0  0 0  1 0  0
    68  -.2161019632108300E-06   3   0 2  0 0  0 0  1 0  0
    69  -.3089195440823565E-01   3   1 0  1 0  0 0  1 0  0
    70  -.3519945770922149E-02   3   0 1  1 0  0 0  1 0  0
    71  0.9772771690785487E-05   3   0 0  2 0  0 0  1 0  0
    72  -.3519931772781084E-02   3   1 0  0 1  0 0  1 0  0
    73  -.6865180688741054E-03   3   0 1  0 1  0 0  1 0  0
    74  0.2201755826091399E-05   3   0 0  1 1  0 0  1 0  0
    75  0.2002338732463115E-06   3   0 0  0 2  0 0  1 0  0
    76  0.1960199437334812E-04   3   2 0  0 0  0 0  0 1  0
    77  0.2233197256709499E-05   3   1 1  0 0  0 0  0 1  0
    78  0.1445363557080681E-06   3   0 2  0 0  0 0  0 1  0
    79  0.6188744900758165E-01   3   1 0  1 0  0 0  0 1  0
    80  0.3525846232352532E-02   3   0 1  1 0  0 0  0 1  0
    81  -.1956910101538842E-04   3   0 0  2 0  0 0  0 1  0
    82  0.3525850722034764E-02   3   1 0  0 1  0 0  0 1  0
    83  0.4584527457912661E-03   3   0 1  0 1  0 0  0 1  0
    84  -.2238946188757280E-05   3   0 0  1 1  0 0  0 1  0
    85  -.1461017408463254E-06   3   0 0  0 2  0 0  0 1  0
    86  0.7728953517597333E-06   3   1 0  0 0  0 2  0 0  0
    87  0.1275151014183442E-06   3   0 1  0 0  0 2  0 0  0
    88  0.1107597451697610E-05   3   0 0  1 0  0 2  0 0  0
    89  0.9760918234931389E-01   3   0 0  0 1  0 2  0 0  0
    90  0.5164066165649722E-06   3   1 0  0 0  0 1  1 0  0
    91  0.1234905037775980E-06   3   0 1  0 0  0 1  1 0  0
    92  0.7400373120302975E-06   3   0 0  1 0  0 1  1 0  0
    93  0.6521707527061552E-01   3   0 0  0 1  0 1  1 0  0
    94  0.7694519266322940E-06   3   1 0  0 0  0 0  2 0  0
    95  0.1268830535025758E-06   3   0 1  0 0  0 0  2 0  0
    96  0.1102662850613483E-05   3   0 0  1 0  0 0  2 0  0
    97  0.9717431127635499E-01   3   0 0  0 1  0 0  2 0  0
    98  -.1031098041023106E-05   3   1 0  0 0  0 1  0 1  0
    99  -.1639261162433365E-06   3   0 1  0 0  0 1  0 1  0
   100  -.1477614296811037E-05   3   0 0  1 0  0 1  0 1  0
   101  -.2574976727809902E-06   3   0 0  0 1  0 1  0 1  0
   102  -.1027654617873944E-05   3   1 0  0 0  0 0  1 1  0
   103  -.1633786736521359E-06   3   0 1  0 0  0 0  1 1  0
   104  -.1472679701774733E-05   3   0 0  1 0  0 0  1 1  0
   105  -.2566377415116956E-06   3   0 0  0 1  0 0  1 1  0
   106  0.8285040400747420E-10   3   0 0  0 0  0 3  0 0  0
   107  0.1001910686702698E-09   3   0 0  0 0  0 2  1 0  0
   108  0.1001028171857531E-09   3   0 0  0 0  0 1  2 0  0
   109  0.8226863979172204E-10   3   0 0  0 0  0 0  3 0  0
   110  -.7150577245271795E-10   3   0 0  0 0  0 2  0 1  0
   111  -.9140764250103485E-10   3   0 0  0 0  0 1  1 1  0
   112  -.7111434291626139E-10   3   0 0  0 0  0 0  2 1  0
   113  -.5554350667643810E-06   4   4 0  0 0  0 0  0 0  0
   114  0.7505674446199804E-04   4   3 1  0 0  0 0  0 0  0
   115  0.3422374089694671E-04   4   2 2  0 0  0 0  0 0  0
   116  0.7628520023733029E-05   4   1 3  0 0  0 0  0 0  0
   117  -.1690284824857473E-04   4   0 4  0 0  0 0  0 0  0
   118  -.2107960728027542E-02   4   3 0  1 0  0 0  0 0  0
   119  0.1178474051564753       4   2 1  1 0  0 0  0 0  0
   120  0.7716186985028724E-01   4   1 2  1 0  0 0  0 0  0
   121  0.7533353940732537E-02   4   0 3  1 0  0 0  0 0  0
   122  -.5754431170582091E-05   4   2 0  2 0  0 0  0 0  0
   123  0.7427175039205193E-04   4   1 1  2 0  0 0  0 0  0
   124  -.1473771607048913E-04   4   0 2  2 0  0 0  0 0  0
   125  -.7131929107624343E-03   4   1 0  3 0  0 0  0 0  0
   126  0.1189471270084458       4   0 1  3 0  0 0  0 0  0
   127  -.7824250789731617E-06   4   0 0  4 0  0 0  0 0  0
   128  0.1186749301426668       4   3 0  0 1  0 0  0 0  0
   129  0.1529115833643790E-01   4   2 1  0 1  0 0  0 0  0
   130  0.1478306984752596E-01   4   1 2  0 1  0 0  0 0  0
   131  0.1724523106585196E-02   4   0 3  0 1  0 0  0 0  0
   132  -.7639916644326482E-04   4   2 0  1 1  0 0  0 0  0
   133  0.1925997331010054E-04   4   1 1  1 1  0 0  0 0  0
   134  -.7866061857668367E-06   4   0 2  1 1  0 0  0 0  0
   135  0.1186690189007533       4   1 0  2 1  0 0  0 0  0
   136  0.4637590968827159E-01   4   0 1  2 1  0 0  0 0  0
   137  -.7568807026910888E-04   4   0 0  3 1  0 0  0 0  0
   138  0.2451697980704861E-04   4   2 0  0 2  0 0  0 0  0
   139  0.4132098761522581E-05   4   1 1  0 2  0 0  0 0  0
   140  -.1049320799845960E-03   4   0 2  0 2  0 0  0 0  0
   141  0.1082472546426681       4   1 0  1 2  0 0  0 0  0
   142  0.2010601104075486E-01   4   0 1  1 2  0 0  0 0  0
   143  -.4418969779958749E-04   4   0 0  2 2  0 0  0 0  0
   144  0.9307662260705443E-02   4   1 0  0 3  0 0  0 0  0
   145  0.2186002385434146E-02   4   0 1  0 3  0 0  0 0  0
   146  -.8740332614771637E-05   4   0 0  1 3  0 0  0 0  0
   147  -.8831919069021714E-04   4   0 0  0 4  0 0  0 0  0
   148  0.1072365876434102E-04   4   3 0  0 0  0 1  0 0  0
   149  0.1402066214201473E-05   4   2 1  0 0  0 1  0 0  0
   150  0.1817913968570117E-05   4   1 2  0 0  0 1  0 0  0
   151  0.2997471319720176E-06   4   0 3  0 0  0 1  0 0  0
   152  -.1693295261518254E-03   4   2 0  1 0  0 1  0 0  0
   153  0.2120463631899075E-04   4   1 1  1 0  0 1  0 0  0
   154  0.2200337025629109E-04   4   0 2  1 0  0 1  0 0  0
   155  0.5351864259383104E-04   4   1 0  2 0  0 1  0 0  0
   156  0.4153236050122394E-05   4   0 1  2 0  0 1  0 0  0
   157  -.2515712051219783E-03   4   0 0  3 0  0 1  0 0  0
   158  0.3087909973107685E-04   4   2 0  0 1  0 1  0 0  0
   159  0.1203771250225039E-04   4   1 1  0 1  0 1  0 0  0
   160  -.1953221249863600       4   0 2  0 1  0 1  0 0  0
   161  0.5292483702077509E-04   4   1 0  1 1  0 1  0 0  0
   162  0.1040078878640884E-04   4   0 1  1 1  0 1  0 0  0
   163  0.9285908171173562E-05   4   0 0  2 1  0 1  0 0  0
   164  0.8288422675467547E-05   4   1 0  0 2  0 1  0 0  0
   165  0.2171598040094785E-05   4   0 1  0 2  0 1  0 0  0
   166  0.1256736364438469E-04   4   0 0  1 2  0 1  0 0  0
   167  -.1953246855491279       4   0 0  0 3  0 1  0 0  0
   168  0.1068784636497289E-04   4   3 0  0 0  0 0  1 0  0
   169  0.1397383917206850E-05   4   2 1  0 0  0 0  1 0  0
   170  0.1811842919267726E-05   4   1 2  0 0  0 0  1 0  0
   171  0.2987461057145740E-06   4   0 3  0 0  0 0  1 0  0
   172  -.1687640384997511E-03   4   2 0  1 0  0 0  1 0  0
   173  0.2113382197096820E-04   4   1 1  1 0  0 0  1 0  0
   174  0.2192988848085764E-04   4   0 2  1 0  0 0  1 0  0
   175  0.5333991338915093E-04   4   1 0  2 0  0 0  1 0  0
   176  0.4139366031375456E-05   4   0 1  2 0  0 0  1 0  0
   177  -.2507310657008069E-03   4   0 0  3 0  0 0  1 0  0
   178  0.3077597684402107E-04   4   2 0  0 1  0 0  1 0  0
   179  0.1199751172934577E-04   4   1 1  0 1  0 0  1 0  0
   180  -.1946698332546702       4   0 2  0 1  0 0  1 0  0
   181  0.5274809087083372E-04   4   1 0  1 1  0 0  1 0  0
   182  0.1036605463364038E-04   4   0 1  1 1  0 0  1 0  0
   183  0.9254897239158315E-05   4   0 0  2 1  0 0  1 0  0
   184  0.8260742915274923E-05   4   1 0  0 2  0 0  1 0  0
   185  0.2164345838399044E-05   4   0 1  0 2  0 0  1 0  0
   186  0.1252539406535464E-04   4   0 0  1 2  0 0  1 0  0
   187  -.1946723852662615       4   0 0  0 3  0 0  1 0  0
   188  -.5168144565340045E-07   4   3 0  0 0  0 0  0 1  0
   189  -.1347137339656767E-07   4   2 1  0 0  0 0  0 1  0
   190  -.3214373878779701E-06   4   1 2  0 0  0 0  0 1  0
   191  -.4161584882673385E-07   4   0 3  0 0  0 0  0 1  0
   192  0.3788052421559282E-03   4   2 0  1 0  0 0  0 1  0
   193  0.2159140913082273E-04   4   1 1  1 0  0 0  0 1  0
   194  -.1497627993316833E-04   4   0 2  1 0  0 0  0 1  0
   195  -.8549908481641920E-04   4   1 0  2 0  0 0  0 1  0
   196  0.1702039799750691E-07   4   0 1  2 0  0 0  0 1  0
   197  0.5433943613026995E-03   4   0 0  3 0  0 0  0 1  0
   198  -.4113490819356644E-04   4   2 0  0 1  0 0  0 1  0
   199  -.3782649442998615E-05   4   1 1  0 1  0 0  0 1  0
   200  -.1641395890061973E-05   4   0 2  0 1  0 0  0 1  0
   201  -.3337369789941916E-04   4   1 0  1 1  0 0  0 1  0
   202  -.4512871372512176E-05   4   0 1  1 1  0 0  0 1  0
   203  0.1874560472196407E-05   4   0 0  2 1  0 0  0 1  0
   204  -.3842683929197319E-05   4   1 0  0 2  0 0  0 1  0
   205  -.7104739962843448E-06   4   0 1  0 2  0 0  0 1  0
   206  -.8162130594227951E-05   4   0 0  1 2  0 0  0 1  0
   207  -.6702729694612751E-06   4   0 0  0 3  0 0  0 1  0
   208  0.7361517711788669E-05   4   2 0  0 0  0 2  0 0  0
   209  0.2234592188072657E-05   4   1 1  0 0  0 2  0 0  0
   210  -.4363457587208241E-04   4   0 2  0 0  0 2  0 0  0
   211  0.2323370627062592E-01   4   1 0  1 0  0 2  0 0  0
   212  0.3531760840977982E-02   4   0 1  1 0  0 2  0 0  0
   213  -.7362948448631199E-05   4   0 0  2 0  0 2  0 0  0
   214  0.3531745023780980E-02   4   1 0  0 1  0 2  0 0  0
   215  0.6925109801080195E-03   4   0 1  0 1  0 2  0 0  0
   216  -.2212536338256129E-05   4   0 0  1 1  0 2  0 0  0
   217  -.1319747380071547E-03   4   0 0  0 2  0 2  0 0  0
   218  0.4923512143160005E-05   4   2 0  0 0  0 1  1 0  0
   219  0.2236785118342362E-05   4   1 1  0 0  0 1  1 0  0
   220  -.5231400903068316E-04   4   0 2  0 0  0 1  1 0  0
   221  0.1552347455633431E-01   4   1 0  1 0  0 1  1 0  0
   222  0.3531737184339983E-02   4   0 1  1 0  0 1  1 0  0
   223  -.4916251541690273E-05   4   0 0  2 0  0 1  1 0  0
   224  0.3531723000107762E-02   4   1 0  0 1  0 1  1 0  0
   225  0.8302703240538118E-03   4   0 1  0 1  0 1  1 0  0
   226  -.2217727924698352E-05   4   0 0  1 1  0 1  1 0  0
   227  -.1582306616048049E-03   4   0 0  0 2  0 1  1 0  0
   228  0.7328712210274520E-05   4   2 0  0 0  0 0  2 0  0
   229  0.2223394663843152E-05   4   1 1  0 0  0 0  2 0  0
   230  -.4340150206722325E-04   4   0 2  0 0  0 0  2 0  0
   231  0.2313019484534122E-01   4   1 0  1 0  0 0  2 0  0
   232  0.3514069041459618E-02   4   0 1  1 0  0 0  2 0  0
   233  -.7330150292712437E-05   4   0 0  2 0  0 0  2 0  0
   234  0.3514053300769852E-02   4   1 0  0 1  0 0  2 0  0
   235  0.6888119192856332E-03   4   0 1  0 1  0 0  2 0  0
   236  -.2201444292468478E-05   4   0 0  1 1  0 0  2 0  0
   237  -.1312697881376199E-03   4   0 0  0 2  0 0  2 0  0
   238  -.9820462992906987E-05   4   2 0  0 0  0 1  0 1  0
   239  -.2234783016251047E-05   4   1 1  0 0  0 1  0 1  0
   240  -.2176557913957383E-06   4   0 2  0 0  0 1  0 1  0
   241  -.3099544275186464E-01   4   1 0  1 0  0 1  0 1  0
   242  -.3531750821341161E-02   4   0 1  1 0  0 1  0 1  0
   243  0.9821950225273549E-05   4   0 0  2 0  0 1  0 1  0
   244  -.3531749605586352E-02   4   1 0  0 1  0 1  0 1  0
   245  -.6888299203859719E-03   4   0 1  0 1  0 1  0 1  0
   246  0.2239846223669855E-05   4   0 0  1 1  0 1  0 1  0
   247  0.2187469760952808E-06   4   0 0  0 2  0 1  0 1  0
   248  -.9787666878221701E-05   4   2 0  0 0  0 0  1 1  0
   249  -.2227319803961496E-05   4   1 1  0 0  0 0  1 1  0
   250  -.2169289148420557E-06   4   0 2  0 0  0 0  1 1  0
   251  -.3089193132924173E-01   4   1 0  1 0  0 0  1 1  0
   252  -.3519956295455687E-02   4   0 1  1 0  0 0  1 1  0
   253  0.9789149143873017E-05   4   0 0  2 0  0 0  1 1  0
   254  -.3519955083760976E-02   4   1 0  0 1  0 0  1 1  0
   255  -.6865295252742002E-03   4   0 1  0 1  0 0  1 1  0
   256  0.2232366102449223E-05   4   0 0  1 1  0 0  1 1  0
   257  0.2180164554549711E-06   4   0 0  0 2  0 0  1 1  0
   258  0.3456652603229500E-13   4   2 0  0 0  0 0  0 2  0
   259  0.6010235528778992E-14   4   1 1  0 0  0 0  0 2  0
   260  0.3687599758815628E-15   4   0 2  0 0  0 0  0 2  0
   261  -.2790168500377496E-13   4   1 0  1 0  0 0  0 2  0
   262  -.3968010956413926E-14   4   0 1  1 0  0 0  0 2  0
   263  -.6331631818939804E-13   4   0 0  2 0  0 0  0 2  0
   264  0.2207796121833595E-15   4   1 0  0 1  0 0  0 2  0
   265  -.2256230593563412E-15   4   0 1  0 1  0 0  0 2  0
   266  -.1341230204746474E-13   4   0 0  1 1  0 0  0 2  0
   267  -.7738919810612110E-15   4   0 0  0 2  0 0  0 2  0
   268  0.4371593315722638E-06   4   1 0  0 0  0 3  0 0  0
   269  0.1083046317311223E-06   4   0 1  0 0  0 3  0 0  0
   270  0.8390657645700118E-06   4   0 0  1 0  0 3  0 0  0
   271  -.8133146713251579E-01   4   0 0  0 1  0 3  0 0  0
   272  0.5164850516979343E-06   4   1 0  0 0  0 2  1 0  0
   273  0.1316105011055992E-06   4   0 1  0 0  0 2  1 0  0
   274  0.9913216595099738E-06   4   0 0  1 0  0 2  1 0  0
   275  -.4883168928415633E-01   4   0 0  0 1  0 2  1 0  0
   276  0.5160803678390061E-06   4   1 0  0 0  0 1  2 0  0
   277  0.1314919419268300E-06   4   0 1  0 0  0 1  2 0  0
   278  0.9905449190882023E-06   4   0 0  1 0  0 1  2 0  0
   279  -.4899313156375021E-01   4   0 0  0 1  0 1  2 0  0
   280  0.4341099153747033E-06   4   1 0  0 0  0 0  3 0  0
   281  0.1075430702736984E-06   4   0 1  0 0  0 0  3 0  0
   282  0.8332128374346225E-06   4   0 0  1 0  0 0  3 0  0
   283  -.8084278446928125E-01   4   0 0  0 1  0 0  3 0  0
   284  -.3974295093064635E-06   4   1 0  0 0  0 2  0 1  0
   285  -.7237451043454772E-07   4   0 1  0 0  0 2  0 1  0
   286  -.7628099196204351E-06   4   0 0  1 0  0 2  0 1  0
   287  -.1389125682667251E-06   4   0 0  0 1  0 2  0 1  0
   288  -.4764869994679816E-06   4   1 0  0 0  0 1  1 1  0
   289  -.1032141023986909E-06   4   0 1  0 0  0 1  1 1  0
   290  -.9145509865740316E-06   4   0 0  1 0  0 1  1 1  0
   291  -.1981047085534766E-06   4   0 0  0 1  0 1  1 1  0
   292  -.3953066353728896E-06   4   1 0  0 0  0 0  2 1  0
   293  -.7196046544329918E-07   4   0 1  0 0  0 0  2 1  0
   294  -.7587353600852473E-06   4   0 0  1 0  0 0  2 1  0
   295  -.1381178680491813E-06   4   0 0  0 1  0 0  2 1  0
   296  -.1279268688972552E-04   4   0 0  0 0  0 4  0 0  0
   297  -.7312849582244339E-05   4   0 0  0 0  0 3  1 0  0
   298  -.6587502159308632E-05   4   0 0  0 0  0 2  2 0  0
   299  -.7351546395045385E-05   4   0 0  0 0  0 1  3 0  0
   300  -.1269516263816056E-04   4   0 0  0 0  0 0  4 0  0
   301  0.8497778590188066E-11   4   0 0  0 0  0 3  0 1  0
   302  -.5140952824320396E-10   4   0 0  0 0  0 2  1 1  0
   303  -.5110957351778995E-10   4   0 0  0 0  0 1  2 1  0
   304  0.8540766528046633E-11   4   0 0  0 0  0 0  3 1  0
   -------------------------------------------------------
     I  COEFFICIENT            ORDER EXPONENTS
     1  0.7486468803824536E-07   0   0 0  0 0  0 0  0 0  0
     2  0.2209483745110898E-04   1   1 0  0 0  0 0  0 0  0
     3  0.3623761706991442E-05   1   0 1  0 0  0 0  0 0  0
     4  0.3470624542575515E-04   1   0 0  1 0  0 0  0 0  0
     5   1.000006073315934       1   0 0  0 1  0 0  0 0  0
     6  0.3654778334863468E-07   1   0 0  0 0  0 1  0 0  0
     7  0.3642572950097551E-07   1   0 0  0 0  0 0  1 0  0
     8  0.1891176028560537E-08   1   0 0  0 0  0 0  0 1  0
     9  0.1507990037027342E-03   2   2 0  0 0  0 0  0 0  0
    10  0.3929276389524306E-04   2   1 1  0 0  0 0  0 0  0
    11  0.3949246130960218E-05   2   0 2  0 0  0 0  0 0  0
    12  0.4760710561829151       2   1 0  1 0  0 0  0 0  0
    13  0.6189085569188109E-01   2   0 1  1 0  0 0  0 0  0
    14  -.1500313524545860E-03   2   0 0  2 0  0 0  0 0  0
    15  0.6189070618170624E-01   2   1 0  0 1  0 0  0 0  0
    16  0.1256573984801065E-01   2   0 1  0 1  0 0  0 0  0
    17  -.3905047646479751E-04   2   0 0  1 1  0 0  0 0  0
    18  -.4005532887842773E-05   2   0 0  0 2  0 0  0 0  0
    19  -.1365025461042726E-10   2   1 0  0 0  0 1  0 0  0
    20  -.1846033749762862E-05   2   0 1  0 0  0 1  0 0  0
    21  -.3655643891497841E-10   2   0 0  1 0  0 1  0 0  0
    22  -.3041739332005141E-05   2   0 0  0 1  0 1  0 0  0
    23  -.1360466871637767E-10   2   1 0  0 0  0 0  1 0  0
    24  -.1839868792508611E-05   2   0 1  0 0  0 0  1 0  0
    25  -.3643435631469918E-10   2   0 0  1 0  0 0  1 0  0
    26  -.3031581233738362E-05   2   0 0  0 1  0 0  1 0  0
    27  0.2209486534676201E-04   2   1 0  0 0  0 0  0 1  0
    28  0.3685905720996224E-05   2   0 1  0 0  0 0  0 1  0
    29  0.3470631976570148E-04   2   0 0  1 0  0 0  0 1  0
    30  0.6073321734464883E-05   2   0 0  0 1  0 0  0 1  0
    31  -.9091203523728818E-08   2   0 0  0 0  0 2  0 0  0
    32  0.1818239992819523E-07   2   0 0  0 0  0 1  1 0  0
    33  -.9091203509652014E-08   2   0 0  0 0  0 0  2 0  0
    34  0.2996933854355264E-14   2   0 0  0 0  0 1  0 1  0
    35  0.2986925295489310E-14   2   0 0  0 0  0 0  1 1  0
    36  -.1182936092319325E-05   3   3 0  0 0  0 0  0 0  0
    37  -.6473462274852170E-04   3   2 1  0 0  0 0  0 0  0
    38  -.1126708818325910E-04   3   1 2  0 0  0 0  0 0  0
    39  0.1064447851175046E-05   3   0 3  0 0  0 0  0 0  0
    40  0.6221115184622288E-02   3   2 0  1 0  0 0  0 0  0
    41  0.2939466652840118E-02   3   1 1  1 0  0 0  0 0  0
    42  0.1370674075109505E-03   3   0 2  1 0  0 0  0 0  0
    43  -.1125754811781263E-05   3   1 0  2 0  0 0  0 0  0
    44  0.6395594029739666E-04   3   0 1  2 0  0 0  0 0  0
    45  0.6226758426802982E-02   3   0 0  3 0  0 0  0 0  0
    46  -.6817947482632061E-03   3   2 0  0 1  0 0  0 0  0
    47  0.1555293106561438E-03   3   1 1  0 1  0 0  0 0  0
    48  0.2482170583301907E-04   3   0 2  0 1  0 0  0 0  0
    49  0.1278023834440100E-03   3   1 0  1 1  0 0  0 0  0
    50  0.1612889769649875E-06   3   0 1  1 1  0 0  0 0  0
    51  0.1766892115511560E-02   3   0 0  2 1  0 0  0 0  0
    52  0.1111934344959688E-04   3   1 0  0 2  0 0  0 0  0
    53  0.4697486118705018E-06   3   0 1  0 2  0 0  0 0  0
    54  0.1647742536711985E-03   3   0 0  1 2  0 0  0 0  0
    55  0.1182223163262163E-04   3   0 0  0 3  0 0  0 0  0
    56  -.6918454342874009E-08   3   2 0  0 0  0 1  0 0  0
    57  -.1971664134650821E-04   3   1 1  0 0  0 1  0 0  0
    58  -.3969921947587675E-05   3   0 2  0 0  0 1  0 0  0
    59  -.6311277916159596E-06   3   1 0  1 0  0 1  0 0  0
    60  -.3099723723167844E-01   3   0 1  1 0  0 1  0 0  0
    61  -.4076358908314723E-06   3   0 0  2 0  0 1  0 0  0
    62  -.3099710628895927E-01   3   1 0  0 1  0 1  0 0  0
    63  -.1258675505188409E-01   3   0 1  0 1  0 1  0 0  0
    64  0.1945596604744458E-04   3   0 0  1 1  0 1  0 0  0
    65  0.3987273554249590E-05   3   0 0  0 2  0 1  0 0  0
    66  -.6895349686583487E-08   3   2 0  0 0  0 0  1 0  0
    67  -.1965079626045955E-04   3   1 1  0 0  0 0  1 0  0
    68  -.3956664118952293E-05   3   0 2  0 0  0 0  1 0  0
    69  -.6290200967527554E-06   3   1 0  1 0  0 0  1 0  0
    70  -.3089371981626638E-01   3   0 1  1 0  0 0  1 0  0
    71  -.4062745626094952E-06   3   0 0  2 0  0 0  1 0  0
    72  -.3089358931083947E-01   3   1 0  0 1  0 0  1 0  0
    73  -.1254472071373914E-01   3   0 1  0 1  0 0  1 0  0
    74  0.1939099150456753E-04   3   0 0  1 1  0 0  1 0  0
    75  0.3973957778724863E-05   3   0 0  0 2  0 0  1 0  0
    76  0.1508053388564914E-03   3   2 0  0 0  0 0  0 1  0
    77  0.3937183553499854E-04   3   1 1  0 0  0 0  0 1  0
    78  0.3986795074985027E-05   3   0 2  0 0  0 0  0 1  0
    79  0.4760723264739266       3   1 0  1 0  0 0  0 1  0
    80  0.6189098449375704E-01   3   0 1  1 0  0 0  0 1  0
    81  -.1492396472948377E-03   3   0 0  2 0  0 0  0 1  0
    82  0.6189069887219763E-01   3   1 0  0 1  0 0  0 1  0
    83  0.1256574841609470E-01   3   0 1  0 1  0 0  0 1  0
    84  -.3887310031403868E-04   3   0 0  1 1  0 0  0 1  0
    85  -.3956544038145363E-05   3   0 0  0 2  0 0  0 1  0
    86  -.1836851364466132E-10   3   1 0  0 0  0 2  0 0  0
    87  0.1383750721981987E-05   3   0 1  0 0  0 2  0 0  0
    88  -.5303913459135385E-10   3   0 0  1 0  0 2  0 0  0
    89  0.2280028908546498E-05   3   0 0  0 1  0 2  0 0  0
    90  -.2282100698829556E-10   3   1 0  0 0  0 1  1 0  0
    91  0.9245429464924207E-06   3   0 1  0 0  0 1  1 0  0
    92  -.6607647918075367E-10   3   0 0  1 0  0 1  1 0  0
    93  0.1523382449555823E-05   3   0 0  0 1  0 1  1 0  0
    94  -.1826905924900877E-10   3   1 0  0 0  0 0  2 0  0
    95  0.1377585803306667E-05   3   0 1  0 0  0 0  2 0  0
    96  -.5275168072679506E-10   3   0 0  1 0  0 0  2 0  0
    97  0.2269870874023440E-05   3   0 0  0 1  0 0  2 0  0
    98  0.2691319484785015E-10   3   1 0  0 0  0 1  0 1  0
    99  -.1846024367157511E-05   3   0 1  0 0  0 1  0 1  0
   100  0.7817629616471608E-10   3   0 0  1 0  0 1  0 1  0
   101  -.3041725209852565E-05   3   0 0  0 1  0 1  0 1  0
   102  0.2682331629638955E-10   3   1 0  0 0  0 0  1 1  0
   103  -.1839859441237167E-05   3   0 1  0 0  0 0  1 1  0
   104  0.7791522086395989E-10   3   0 0  1 0  0 0  1 1  0
   105  -.3031567158354286E-05   3   0 0  0 1  0 0  1 1  0
   106  0.5586863188679529E-08   3   0 0  0 0  0 3  0 0  0
   107  -.3635200519814544E-08   3   0 0  0 0  0 2  1 0  0
   108  -.3589097406121304E-08   3   0 0  0 0  0 1  2 0  0
   109  0.5564926447946751E-08   3   0 0  0 0  0 0  3 0  0
   110  -.1083968925799041E-08   3   0 0  0 0  0 2  0 1  0
   111  -.9838433823269787E-09   3   0 0  0 0  0 1  1 1  0
   112  -.1078706127583973E-08   3   0 0  0 0  0 0  2 1  0
   113  -.8117593178961758E-06   4   4 0  0 0  0 0  0 0  0
   114  -.3706868264133376E-06   4   3 1  0 0  0 0  0 0  0
   115  -.3777567926905897E-04   4   2 2  0 0  0 0  0 0  0
   116  0.9769746638743564E-05   4   1 3  0 0  0 0  0 0  0
   117  0.2971652130858210E-05   4   0 4  0 0  0 0  0 0  0
   118  -.2250636531024008E-01   4   3 0  1 0  0 0  0 0  0
   119  -.1223859017779394E-01   4   2 1  1 0  0 0  0 0  0
   120  0.1168477099059923       4   1 2  1 0  0 0  0 0  0
   121  0.4628687912369359E-01   4   0 3  1 0  0 0  0 0  0
   122  0.1753961497684169E-04   4   2 0  2 0  0 0  0 0  0
   123  0.9105936374766804E-05   4   1 1  2 0  0 0  0 0  0
   124  -.1124442463956547E-03   4   0 2  2 0  0 0  0 0  0
   125  -.7012912306078240E-02   4   1 0  3 0  0 0  0 0  0
   126  -.8145498366059668E-03   4   0 1  3 0  0 0  0 0  0
   127  0.8538965976192605E-05   4   0 0  4 0  0 0  0 0  0
   128  -.3696027202543281E-02   4   3 0  0 1  0 0  0 0  0
   129  -.1210282168795119       4   2 1  0 1  0 0  0 0  0
   130  0.1510748759427501E-01   4   1 2  0 1  0 0  0 0  0
   131  0.1254704580910418E-01   4   0 3  0 1  0 0  0 0  0
   132  0.7258746950310175E-05   4   2 0  1 1  0 0  0 0  0
   133  -.1474304722371667E-03   4   1 1  1 1  0 0  0 0  0
   134  -.6835035104246095E-04   4   0 2  1 1  0 0  0 0  0
   135  -.3585553115885931E-02   4   1 0  2 1  0 0  0 0  0
   136  -.3574969752149423       4   0 1  2 1  0 0  0 0  0
   137  0.9433527548963474E-05   4   0 0  3 1  0 0  0 0  0
   138  0.3794719107925719E-04   4   2 0  0 2  0 0  0 0  0
   139  0.9980571289758941E-05   4   1 1  0 2  0 0  0 0  0
   140  -.5975896736272774E-05   4   0 2  0 2  0 0  0 0  0
   141  -.1196203605580846       4   1 0  1 2  0 0  0 0  0
   142  -.7743760545166502E-01   4   0 1  1 2  0 0  0 0  0
   143  0.1150968604696667E-03   4   0 0  2 2  0 0  0 0  0
   144  0.1543865294187283E-01   4   1 0  0 3  0 0  0 0  0
   145  -.3680068807084314E-05   4   0 1  0 3  0 0  0 0  0
   146  0.9980232337942499E-05   4   0 0  1 3  0 0  0 0  0
   147  -.9992533059562198E-06   4   0 0  0 4  0 0  0 0  0
   148  -.3344242140781155E-06   4   3 0  0 0  0 1  0 0  0
   149  0.1045939729927546E-04   4   2 1  0 0  0 1  0 0  0
   150  0.1807061771133148E-04   4   1 2  0 0  0 1  0 0  0
   151  0.4527154859291787E-05   4   0 3  0 0  0 1  0 0  0
   152  -.3120944571292778E-02   4   2 0  1 0  0 1  0 0  0
   153  -.2741318395806170E-02   4   1 1  1 0  0 1  0 0  0
   154  -.1102737052533770E-03   4   0 2  1 0  0 1  0 0  0
   155  -.3239999726010508E-06   4   1 0  2 0  0 1  0 0  0
   156  -.9651216496491568E-04   4   0 1  2 0  0 1  0 0  0
   157  -.3118966327323244E-02   4   0 0  3 0  0 1  0 0  0
   158  0.7022128239414781E-03   4   2 0  0 1  0 1  0 0  0
   159  -.2015187633290678E-03   4   1 1  0 1  0 1  0 0  0
   160  -.1739935301969264E-04   4   0 2  0 1  0 1  0 0  0
   161  -.1072235771561672E-03   4   1 0  1 1  0 1  0 0  0
   162  -.5853754489562372E-04   4   0 1  1 1  0 1  0 0  0
   163  -.1955550406887221E-02   4   0 0  2 1  0 1  0 0  0
   164  -.1375798334051465E-05   4   1 0  0 2  0 1  0 0  0
   165  -.3392991198078566E-05   4   0 1  0 2  0 1  0 0  0
   166  -.3115613623299370E-03   4   0 0  1 2  0 1  0 0  0
   167  -.2390978111136957E-04   4   0 0  0 3  0 1  0 0  0
   168  -.3333073813089644E-06   4   3 0  0 0  0 0  1 0  0
   169  0.1042446741932844E-04   4   2 1  0 0  0 0  1 0  0
   170  0.1801026963493982E-04   4   1 2  0 0  0 0  1 0  0
   171  0.4512036112846852E-05   4   0 3  0 0  0 0  1 0  0
   172  -.3110521961262884E-02   4   2 0  1 0  0 0  1 0  0
   173  -.2732163573618585E-02   4   1 1  1 0  0 0  1 0  0
   174  -.1099054385959839E-03   4   0 2  1 0  0 0  1 0  0
   175  -.3229179523065903E-06   4   1 0  2 0  0 0  1 0  0
   176  -.9618985592174657E-04   4   0 1  2 0  0 0  1 0  0
   177  -.3108550323775802E-02   4   0 0  3 0  0 0  1 0  0
   178  0.6998677356981939E-03   4   2 0  0 1  0 0  1 0  0
   179  -.2008457774965426E-03   4   1 1  0 1  0 0  1 0  0
   180  -.1734124667737301E-04   4   0 2  0 1  0 0  1 0  0
   181  -.1068654966119070E-03   4   1 0  1 1  0 0  1 0  0
   182  -.5834205471993812E-04   4   0 1  1 1  0 0  1 0  0
   183  -.1949019711189803E-02   4   0 0  2 1  0 0  1 0  0
   184  -.1371203760457316E-05   4   1 0  0 2  0 0  1 0  0
   185  -.3381660069542467E-05   4   0 1  0 2  0 0  1 0  0
   186  -.3105208816341584E-03   4   0 0  1 2  0 0  1 0  0
   187  -.2382993274487317E-04   4   0 0  0 3  0 0  1 0  0
   188  0.2969997480277550E-08   4   3 0  0 0  0 0  0 1  0
   189  -.4266785969525626E-04   4   2 1  0 0  0 0  0 1  0
   190  -.1667742714062571E-04   4   1 2  0 0  0 0  0 1  0
   191  -.2259829703902741E-05   4   0 3  0 0  0 0  0 1  0
   192  0.1245447224120135E-01   4   2 0  1 0  0 0  0 1  0
   193  0.5554214026100577E-02   4   1 1  1 0  0 0  0 1  0
   194  0.1823278868723618E-03   4   0 2  1 0  0 0  0 1  0
   195  0.4517541778313287E-08   4   1 0  2 0  0 0  0 1  0
   196  0.1283572257863729E-03   4   0 1  2 0  0 0  0 1  0
   197  0.1245447115634543E-01   4   0 0  3 0  0 0  0 1  0
   198  -.1443891442558784E-02   4   2 0  0 1  0 0  0 1  0
   199  0.2609431005470185E-03   4   1 1  0 1  0 0  0 1  0
   200  0.2495732372866316E-04   4   0 2  0 1  0 0  0 1  0
   201  0.1710289629650755E-03   4   1 0  1 1  0 0  0 1  0
   202  0.4449532616651701E-04   4   0 1  1 1  0 0  0 1  0
   203  0.3781068879400109E-02   4   0 0  2 1  0 0  0 1  0
   204  0.5538314227641081E-05   4   1 0  0 2  0 0  0 1  0
   205  0.2256186318898923E-05   4   0 1  0 2  0 0  0 1  0
   206  0.4004528768554955E-03   4   0 0  1 2  0 0  0 1  0
   207  0.2495446530271703E-04   4   0 0  0 3  0 0  0 1  0
   208  0.9054664618196981E-07   4   2 0  0 0  0 2  0 0  0
   209  0.1470242004705378E-04   4   1 1  0 0  0 2  0 0  0
   210  0.3967553594165601E-05   4   0 2  0 0  0 2  0 0  0
   211  -.5831531998744561E-06   4   1 0  1 0  0 2  0 0  0
   212  0.2323489834621197E-01   4   0 1  1 0  0 2  0 0  0
   213  -.2128759671881501E-06   4   0 0  2 0  0 2  0 0  0
   214  0.2323492912848722E-01   4   1 0  0 1  0 2  0 0  0
   215  0.1258676533455684E-01   4   0 1  0 1  0 2  0 0  0
   216  -.1477847297316579E-04   4   0 0  1 1  0 2  0 0  0
   217  -.4009196839289429E-05   4   0 0  0 2  0 2  0 0  0
   218  0.1010028354386367E-06   4   2 0  0 0  0 1  1 0  0
   219  0.9812389211856046E-05   4   1 1  0 0  0 1  1 0  0
   220  0.3973320522411020E-05   4   0 2  0 0  0 1  1 0  0
   221  -.6892199269386390E-06   4   1 0  1 0  0 1  1 0  0
   222  0.1552423412602470E-01   4   0 1  1 0  0 1  1 0  0
   223  -.2773738939188754E-06   4   0 0  2 0  0 1  1 0  0
   224  0.1552426235938855E-01   4   1 0  0 1  0 1  1 0  0
   225  0.1258665838508974E-01   4   0 1  0 1  0 1  1 0  0
   226  -.9935180896001733E-05   4   0 0  1 1  0 1  1 0  0
   227  -.4009318278276087E-05   4   0 0  0 2  0 1  1 0  0
   228  0.9007560642553047E-07   4   2 0  0 0  0 0  2 0  0
   229  0.1463693572361141E-04   4   1 1  0 0  0 0  2 0  0
   230  0.3947669085604247E-05   4   0 2  0 0  0 0  2 0  0
   231  -.5800548707939443E-06   4   1 0  1 0  0 0  2 0  0
   232  0.2313138167159090E-01   4   0 1  1 0  0 0  2 0  0
   233  -.2117018985465571E-06   4   0 0  2 0  0 0  2 0  0
   234  0.2313141230392298E-01   4   1 0  0 1  0 0  2 0  0
   235  0.1252371395441067E-01   4   0 1  0 1  0 0  2 0  0
   236  -.1471252963006554E-04   4   0 0  1 1  0 0  2 0  0
   237  -.3989113151736795E-05   4   0 0  0 2  0 0  2 0  0
   238  -.1448155275426575E-06   4   2 0  0 0  0 1  0 1  0
   239  -.1961749337163819E-04   4   1 1  0 0  0 1  0 1  0
   240  -.3981691166625487E-05   4   0 2  0 0  0 1  0 1  0
   241  0.9328110438253170E-06   4   1 0  1 0  0 1  0 1  0
   242  -.3099704176597704E-01   4   0 1  1 0  0 1  0 1  0
   243  0.3404348646058514E-06   4   0 0  2 0  0 1  0 1  0
   244  -.3099707753293591E-01   4   1 0  0 1  0 1  0 1  0
   245  -.1258673131432679E-01   4   0 1  0 1  0 1  0 1  0
   246  0.1970422257077380E-04   4   0 0  1 1  0 1  0 1  0
   247  0.3994611936975469E-05   4   0 0  0 2  0 1  0 1  0
   248  -.1443319060827707E-06   4   2 0  0 0  0 0  1 1  0
   249  -.1955197939710180E-04   4   1 1  0 0  0 0  1 1  0
   250  -.3968394033869891E-05   4   0 2  0 0  0 0  1 1  0
   251  0.9296958569296124E-06   4   1 0  1 0  0 0  1 1  0
   252  -.3089352500333621E-01   4   0 1  1 0  0 0  1 1  0
   253  0.3392979588539915E-06   4   0 0  2 0  0 0  1 1  0
   254  -.3089356065084886E-01   4   1 0  0 1  0 0  1 1  0
   255  -.1254469705545497E-01   4   0 1  0 1  0 0  1 1  0
   256  0.1963841895808455E-04   4   0 0  1 1  0 0  1 1  0
   257  0.3981271654414513E-05   4   0 0  0 2  0 0  1 1  0
   258  0.1928501670250659E-12   4   2 0  0 0  0 0  0 2  0
   259  0.6311523848996238E-13   4   1 1  0 0  0 0  0 2  0
   260  0.5610904835818347E-14   4   0 2  0 0  0 0  0 2  0
   261  0.1618013884830150E-12   4   1 0  1 0  0 0  0 2  0
   262  0.1990847348340678E-13   4   0 1  1 0  0 0  0 2  0
   263  0.1114447482508954E-12   4   0 0  2 0  0 0  0 2  0
   264  0.2216090177752205E-13   4   1 0  0 1  0 0  0 2  0
   265  0.4270672429332344E-14   4   0 1  0 1  0 0  0 2  0
   266  0.4194917637734177E-13   4   0 0  1 1  0 0  0 2  0
   267  0.3503521515035680E-14   4   0 0  0 2  0 0  0 2  0
   268  0.3484618422129458E-05   4   1 0  0 0  0 3  0 0  0
   269  0.1557982031388105E-05   4   0 1  0 0  0 3  0 0  0
   270  0.6688236789190164E-05   4   0 0  1 0  0 3  0 0  0
   271  0.2990327332053204E-05   4   0 0  0 1  0 3  0 0  0
   272  0.2092168484896808E-05   4   1 0  0 0  0 2  1 0  0
   273  0.1840685333929227E-05   4   0 1  0 0  0 2  1 0  0
   274  0.4015611799152332E-05   4   0 0  1 0  0 2  1 0  0
   275  0.3532937200341421E-05   4   0 0  0 1  0 2  1 0  0
   276  0.2099085464577641E-05   4   1 0  0 0  0 1  2 0  0
   277  0.1839243109500707E-05   4   0 1  0 0  0 1  2 0  0
   278  0.4028888034709704E-05   4   0 0  1 0  0 1  2 0  0
   279  0.3530169050028707E-05   4   0 0  0 1  0 1  2 0  0
   280  0.3463680997122436E-05   4   1 0  0 0  0 0  3 0  0
   281  0.1547114293843215E-05   4   0 1  0 0  0 0  3 0  0
   282  0.6648050356523734E-05   4   0 0  1 0  0 0  3 0  0
   283  0.2969468237629672E-05   4   0 0  0 1  0 0  3 0  0
   284  -.4182012912001576E-05   4   1 0  0 0  0 2  0 1  0
   285  -.1416389654421105E-05   4   0 1  0 0  0 2  0 1  0
   286  -.8026788204244998E-05   4   0 0  1 0  0 2  0 1  0
   287  -.2718560598689886E-05   4   0 0  0 1  0 2  0 1  0
   288  -.2794165682122111E-05   4   1 0  0 0  0 1  1 1  0
   289  -.1698136778682506E-05   4   0 1  0 0  0 1  1 1  0
   290  -.5362988744661506E-05   4   0 0  1 0  0 1  1 1  0
   291  -.3259336153026927E-05   4   0 0  0 1  0 1  1 1  0
   292  -.4163381136247677E-05   4   1 0  0 0  0 0  2 1  0
   293  -.1408824000756650E-05   4   0 1  0 0  0 0  2 1  0
   294  -.7991027154723130E-05   4   0 0  1 0  0 0  2 1  0
   295  -.2704039388599466E-05   4   0 0  0 1  0 0  2 1  0
   296  -.2939447253137701E-08   4   0 0  0 0  0 4  0 0  0
   297  0.3138056106597182E-08   4   0 0  0 0  0 3  1 0  0
   298  0.1967944834150490E-08   4   0 0  0 0  0 2  2 0  0
   299  0.3101419355632146E-08   4   0 0  0 0  0 1  3 0  0
   300  -.2925047602501026E-08   4   0 0  0 0  0 0  4 0  0
   301  0.9897265829904520E-10   4   0 0  0 0  0 3  0 1  0
   302  -.8828931083490732E-09   4   0 0  0 0  0 2  1 1  0
   303  -.8779762513988950E-09   4   0 0  0 0  0 1  2 1  0
   304  0.9994618957980587E-10   4   0 0  0 0  0 0  3 1  0
   -------------------------------------------------------
     I  COEFFICIENT            ORDER EXPONENTS
     1  0.1679648079751674E-07   0   0 0  0 0  0 0  0 0  0
     2  0.1900719648587502E-07   1   1 0  0 0  0 0  0 0  0
     3  0.4965608481416333E-08   1   0 1  0 0  0 0  0 0  0
     4  -.3654785163123228E-07   1   0 0  1 0  0 0  0 0  0
     5  -.9559589305017973E-08   1   0 0  0 1  0 0  0 0  0
     6   1.000000000000000       1   0 0  0 0  1 0  0 0  0
     7  0.6478273842156813E-01   1   0 0  0 0  0 1  0 0  0
     8  -.6478273842157282E-01   1   0 0  0 0  0 0  1 0  0
     9  -.6099289093965081E-09   2   2 0  0 0  0 0  0 0  0
    10  0.1477542703119494E-05   2   1 1  0 0  0 0  0 0  0
    11  -.6510858038770727E-01   2   0 2  0 0  0 0  0 0  0
    12  -.2275711136241488E-08   2   1 0  1 0  0 0  0 0  0
    13  -.1031227073175154E-05   2   0 1  1 0  0 0  0 0  0
    14  0.5779106964236173E-09   2   0 0  2 0  0 0  0 0  0
    15  -.1031227689577710E-05   2   1 0  0 1  0 0  0 0  0
    16  -.1639425956178433E-06   2   0 1  0 1  0 0  0 0  0
    17  -.1477547338677000E-05   2   0 0  1 1  0 0  0 0  0
    18  -.6510883787633003E-01   2   0 0  0 2  0 0  0 0  0
    19  -.9455953276246488E-08   2   1 0  0 0  0 1  0 0  0
    20  -.4994816966083653E-08   2   0 1  0 0  0 1  0 0  0
    21  0.1818247049281587E-07   2   0 0  1 0  0 1  0 0  0
    22  0.9558960315359763E-08   2   0 0  0 1  0 1  0 0  0
    23  0.9456082995318150E-08   2   1 0  0 0  0 0  1 0  0
    24  -.3546453309817636E-10   2   0 1  0 0  0 0  1 0  0
    25  -.1818240178505395E-07   2   0 0  1 0  0 0  1 0  0
    26  0.3648395054577943E-10   2   0 0  0 1  0 0  1 0  0
    27  -.1310652558251899E-12   2   1 0  0 0  0 0  0 1  0
    28  0.2370365313303855E-10   2   0 1  0 0  0 0  0 1  0
    29  -.6856576049941033E-13   2   0 0  1 0  0 0  0 1  0
    30  -.5716710533817781E-10   2   0 0  0 1  0 0  0 1  0
    31  -.4866831942384563E-01   2   0 0  0 0  0 2  0 0  0
    32  0.3255390042610998E-01   2   0 0  0 0  0 1  1 0  0
    33  0.1611441899772230E-01   2   0 0  0 0  0 0  2 0  0
    34  -.2597683196424737E-14   2   0 0  0 0  0 1  0 1  0
    35  -.5238928241729150E-15   2   0 0  0 0  0 0  1 1  0
    36  -.2227007131308528E-06   3   3 0  0 0  0 0  0 0  0
    37  0.1549765790597940E-01   3   2 1  0 0  0 0  0 0  0
    38  0.1765878805556893E-02   3   1 2  0 0  0 0  0 0  0
    39  0.1148097913871476E-03   3   0 3  0 0  0 0  0 0  0
    40  -.1416767271484505E-06   3   2 0  1 0  0 0  0 0  0
    41  -.1965940081992532E-04   3   1 1  1 0  0 0  0 0  0
    42  -.1133691926011710E-05   3   0 2  1 0  0 0  0 0  0
    43  -.2227010212710474E-06   3   1 0  2 0  0 0  0 0  0
    44  -.1549773153169444E-01   3   0 1  2 0  0 0  0 0  0
    45  -.1416927544749717E-06   3   0 0  3 0  0 0  0 0  0
    46  -.9822890562051660E-05   3   2 0  0 1  0 0  0 0  0
    47  -.2236976907623149E-05   3   1 1  0 1  0 0  0 0  0
    48  -.2269465179470832E-06   3   0 2  0 1  0 0  0 0  0
    49  -.3099549489296631E-01   3   1 0  1 1  0 0  0 0  0
    50  -.3531748378602072E-02   3   0 1  1 1  0 0  0 0  0
    51  0.9785841700676531E-05   3   0 0  2 1  0 0  0 0  0
    52  -.1765864906628834E-02   3   1 0  0 2  0 0  0 0  0
    53  -.3444094940810569E-03   3   0 1  0 2  0 0  0 0  0
    54  0.1103417673058519E-05   3   0 0  1 2  0 0  0 0  0
    55  0.6390446426219273E-07   3   0 0  0 3  0 0  0 0  0
    56  0.5697537351133306E-09   3   2 0  0 0  0 1  0 0  0
    57  -.2215092358595897E-05   3   1 1  0 0  0 1  0 0  0
    58  0.9760862481242533E-01   3   0 2  0 0  0 1  0 0  0
    59  0.2238906489015044E-08   3   1 0  1 0  0 1  0 0  0
    60  0.1545984982773205E-05   3   0 1  1 0  0 1  0 0  0
    61  -.5940986888381008E-09   3   0 0  2 0  0 1  0 0  0
    62  0.1545984198728512E-05   3   1 0  0 1  0 1  0 0  0
    63  0.2671945042334590E-06   3   0 1  0 1  0 1  0 0  0
    64  0.2215091675509730E-05   3   0 0  1 1  0 1  0 0  0
    65  0.9760918234068362E-01   3   0 0  0 2  0 1  0 0  0
    66  -.1438953277843223E-10   3   2 0  0 0  0 0  1 0  0
    67  -.7400020751588369E-06   3   1 1  0 0  0 0  1 0  0
    68  0.3260825463670752E-01   3   0 2  0 0  0 0  1 0  0
    69  -.7452649379064494E-11   3   1 0  1 0  0 0  1 0  0
    70  0.5164716980140767E-06   3   0 1  1 0  0 0  1 0  0
    71  -.3908472170666320E-11   3   0 0  2 0  0 0  1 0  0
    72  0.5164706695432332E-06   3   1 0  0 1  0 0  1 0  0
    73  0.1275595919003128E-06   3   0 1  0 1  0 0  1 0  0
    74  0.7400012533845555E-06   3   0 0  1 1  0 0  1 0  0
    75  0.3260853763095695E-01   3   0 0  0 2  0 0  1 0  0
    76  -.5799337304130261E-09   3   2 0  0 0  0 0  0 1  0
    77  0.1477545910498247E-05   3   1 1  0 0  0 0  0 1  0
    78  0.1287442720826259E-06   3   0 2  0 0  0 0  0 1  0
    79  -.2250032249346138E-08   3   1 0  1 0  0 0  0 1  0
    80  -.1031227777928613E-05   3   0 1  1 0  0 0  0 1  0
    81  0.5919847759245426E-09   3   0 0  2 0  0 0  0 1  0
    82  -.1031227393557742E-05   3   1 0  0 1  0 0  0 1  0
    83  -.1639428776060375E-06   3   0 1  0 1  0 0  0 1  0
    84  -.1477546060967199E-05   3   0 0  1 1  0 0  0 1  0
    85  -.1287445278156860E-06   3   0 0  0 2  0 0  0 1  0
    86  0.6321242452537445E-08   3   1 0  0 0  0 2  0 0  0
    87  0.4767921581723292E-08   3   0 1  0 0  0 2  0 0  0
    88  -.1224707974383708E-07   3   0 0  1 0  0 2  0 0  0
    89  -.9238014413353657E-08   3   0 0  0 1  0 2  0 0  0
    90  -.5187816510837953E-08   3   1 0  0 0  0 1  1 0  0
    91  -.1827498822425490E-09   3   0 1  0 0  0 1  1 0  0
    92  0.9877664461909065E-08   3   0 0  1 0  0 1  1 0  0
    93  0.2003262000836154E-09   3   0 0  0 1  0 1  1 0  0
    94  -.2570394506463075E-08   3   1 0  0 0  0 0  2 0  0
    95  -.8298258467631936E-10   3   0 1  0 0  0 0  2 0  0
    96  0.4893710250351597E-08   3   0 0  1 0  0 0  2 0  0
    97  0.8428790480026152E-10   3   0 0  0 1  0 0  2 0  0
    98  0.5647294464047246E-09   3   1 0  0 0  0 1  0 1  0
    99  0.8444425759702592E-10   3   0 1  0 0  0 1  0 1  0
   100  -.1042277011750549E-08   3   0 0  1 0  0 1  0 1  0
   101  -.1430022208351288E-09   3   0 0  0 1  0 1  0 1  0
   102  0.2396147860975990E-09   3   1 0  0 0  0 0  1 1  0
   103  0.5459175972815685E-10   3   0 1  0 0  0 0  1 1  0
   104  -.4210601848473534E-09   3   0 0  1 0  0 0  1 1  0
   105  -.9140457043709961E-10   3   0 0  0 1  0 0  1 1  0
   106  0.4057056879427560E-01   3   0 0  0 0  0 3  0 0  0
   107  -.2437514158231441E-01   3   0 0  0 0  0 2  1 0  0
   108  -.8178773663254018E-02   3   0 0  0 0  0 1  2 0  0
   109  -.8016693066881030E-02   3   0 0  0 0  0 0  3 0  0
   110  0.2890383032514546E-14   3   0 0  0 0  0 2  0 1  0
   111  0.1399173698679984E-14   3   0 0  0 0  0 1  1 1  0
   112  0.7806377373686421E-15   3   0 0  0 0  0 0  2 1  0
   113  -.1064740224860394E-02   4   4 0  0 0  0 0  0 0  0
   114  -.4821361115027789E-03   4   3 1  0 0  0 0  0 0  0
   115  -.6174167945458455E-04   4   2 2  0 0  0 0  0 0  0
   116  -.5295033293365640E-05   4   1 3  0 0  0 0  0 0  0
   117  -.4883179748973290E-01   4   0 4  0 0  0 0  0 0  0
   118  -.1886661036597943E-06   4   3 0  1 0  0 0  0 0  0
   119  -.1075106890857686E-04   4   2 1  1 0  0 0  0 0  0
   120  0.1254962213970893E-04   4   1 2  1 0  0 0  0 0  0
   121  0.9094699483947753E-06   4   0 3  1 0  0 0  0 0  0
   122  -.2129481663368156E-02   4   2 0  2 0  0 0  0 0  0
   123  -.3997046521937332E-03   4   1 1  2 0  0 0  0 0  0
   124  0.3259003779826599E-04   4   0 2  2 0  0 0  0 0  0
   125  -.6237713449604523E-07   4   1 0  3 0  0 0  0 0  0
   126  0.3214139587251768E-04   4   0 1  3 0  0 0  0 0  0
   127  -.1064984709093427E-02   4   0 0  4 0  0 0  0 0  0
   128  0.1071970762516482E-04   4   3 0  0 1  0 0  0 0  0
   129  -.4181767272405698E-05   4   2 1  0 1  0 0  0 0  0
   130  0.3656025226748017E-06   4   1 2  0 1  0 0  0 0  0
   131  0.1401651123997433E-06   4   0 3  0 1  0 0  0 0  0
   132  -.3173020390639202E-03   4   2 0  1 1  0 0  0 0  0
   133  -.6010877274846824E-04   4   1 1  1 1  0 0  0 0  0
   134  0.8898588329816366E-05   4   0 2  1 1  0 0  0 0  0
   135  0.5351384449593582E-04   4   1 0  2 1  0 0  0 0  0
   136  0.9735007538271635E-05   4   0 1  2 1  0 0  0 0  0
   137  -.3999252691510435E-03   4   0 0  3 1  0 0  0 0  0
   138  0.4681355089981015E-06   4   2 0  0 2  0 0  0 0  0
   139  0.4362668754793359E-05   4   1 1  0 2  0 0  0 0  0
   140  -.9766160620683709E-01   4   0 2  0 2  0 0  0 0  0
   141  0.2646638524268851E-04   4   1 0  1 2  0 0  0 0  0
   142  0.5926550294833781E-05   4   0 1  1 2  0 0  0 0  0
   143  -.1894574677480077E-04   4   0 0  2 2  0 0  0 0  0
   144  0.2763123712181232E-05   4   1 0  0 3  0 0  0 0  0
   145  0.7689979109128990E-06   4   0 1  0 3  0 0  0 0  0
   146  0.4272392144152254E-05   4   0 0  1 3  0 0  0 0  0
   147  -.4883102003335926E-01   4   0 0  0 4  0 0  0 0  0
   148  -.1432858365820059E-06   4   3 0  0 0  0 1  0 0  0
   149  -.2323372651017311E-01   4   2 1  0 0  0 1  0 0  0
   150  -.3531768164523622E-02   4   1 2  0 0  0 1  0 0  0
   151  -.4559246575127230E-03   4   0 3  0 0  0 1  0 0  0
   152  -.7448601404263307E-07   4   2 0  1 0  0 1  0 0  0
   153  0.2941940861835046E-04   4   1 1  1 0  0 1  0 0  0
   154  0.2262488190344039E-05   4   0 2  1 0  0 1  0 0  0
   155  -.1432858061035240E-06   4   1 0  2 0  0 1  0 0  0
   156  0.2323372971031997E-01   4   0 1  2 0  0 1  0 0  0
   157  -.7447398207577939E-07   4   0 0  3 0  0 1  0 0  0
   158  0.1471984470107325E-04   4   2 0  0 1  0 1  0 0  0
   159  0.4473050816092364E-05   4   1 1  0 1  0 1  0 0  0
   160  -.8724940135217981E-04   4   0 2  0 1  0 1  0 0  0
   161  0.4646740583223893E-01   4   1 0  1 1  0 1  0 0  0
   162  0.7063517104916677E-02   4   0 1  1 1  0 1  0 0  0
   163  -.1472965142785504E-04   4   0 0  2 1  0 1  0 0  0
   164  0.3531747776327020E-02   4   1 0  0 2  0 1  0 0  0
   165  0.6925113022023698E-03   4   0 1  0 2  0 1  0 0  0
   166  -.2212665028219192E-05   4   0 0  1 2  0 1  0 0  0
   167  -.8797679069364451E-04   4   0 0  0 3  0 1  0 0  0
   168  -.1012252112010148E-06   4   3 0  0 0  0 0  1 0  0
   169  -.7761757947695212E-02   4   2 1  0 0  0 0  1 0  0
   170  -.1765869069892672E-02   4   1 2  0 0  0 0  1 0  0
   171  -.2733084371008662E-03   4   0 3  0 0  0 0  1 0  0
   172  -.4261183487462562E-07   4   2 0  1 0  0 0  1 0  0
   173  0.9827575531489485E-05   4   1 1  1 0  0 0  1 0  0
   174  0.1128123654517259E-05   4   0 2  1 0  0 0  1 0  0
   175  -.1012254883843497E-06   4   1 0  2 0  0 0  1 0  0
   176  0.7761751131386491E-02   4   0 1  2 0  0 0  1 0  0
   177  -.4261581120862545E-07   4   0 0  3 0  0 0  1 0  0
   178  0.4919388645608103E-05   4   2 0  0 1  0 0  1 0  0
   179  0.2237582438852188E-05   4   1 1  0 1  0 0  1 0  0
   180  -.5230425046599283E-04   4   0 2  0 1  0 0  1 0  0
   181  0.1552346056565708E-01   4   1 0  1 1  0 0  1 0  0
   182  0.3531730813193606E-02   4   0 1  1 1  0 0  1 0  0
   183  -.4919050072806800E-05   4   0 0  2 1  0 0  1 0  0
   184  0.1765862131546420E-02   4   1 0  0 2  0 0  1 0  0
   185  0.4151350249370616E-03   4   0 1  0 2  0 0  1 0  0
   186  -.1108361433743320E-05   4   0 0  1 2  0 0  1 0  0
   187  -.5274028767953135E-04   4   0 0  0 3  0 0  1 0  0
   188  0.9405716608396283E-07   4   3 0  0 0  0 0  0 1  0
   189  0.1549772711304220E-01   4   2 1  0 0  0 0  0 1  0
   190  0.1765872070497219E-02   4   1 2  0 0  0 0  0 1  0
   191  0.1148047055209066E-03   4   0 3  0 0  0 0  0 1  0
   192  0.4890988296572884E-07   4   2 0  1 0  0 0  0 1  0
   193  -.1962696933535601E-04   4   1 1  1 0  0 0  0 1  0
   194  -.1117906367390519E-05   4   0 2  1 0  0 0  0 1  0
   195  0.9405716376517575E-07   4   1 0  2 0  0 0  0 1  0
   196  -.1549773657778561E-01   4   0 1  2 0  0 0  0 1  0
   197  0.4890183446021987E-07   4   0 0  3 0  0 0  0 1  0
   198  -.9819498094935513E-05   4   2 0  0 1  0 0  0 1  0
   199  -.2236369785259839E-05   4   1 1  0 1  0 0  0 1  0
   200  -.2179423186587488E-06   4   0 2  0 1  0 0  0 1  0
   201  -.3099544275028398E-01   4   1 0  1 1  0 0  0 1  0
   202  -.3531748391005227E-02   4   0 1  1 1  0 0  0 1  0
   203  0.9820987081303775E-05   4   0 0  2 1  0 0  0 1  0
   204  -.1765876540437977E-02   4   1 0  0 2  0 0  0 1  0
   205  -.3444150537231839E-03   4   0 1  0 2  0 0  0 1  0
   206  0.1119813679803476E-05   4   0 0  1 2  0 0  0 1  0
   207  0.7290854868618806E-07   4   0 0  0 3  0 0  0 1  0
   208  -.1003239779586839E-04   4   2 0  0 0  0 2  0 0  0
   209  -.2517324362592085E-05   4   1 1  0 0  0 2  0 0  0
   210  -.1219977558398678       4   0 2  0 0  0 2  0 0  0
   211  0.1045104294943606E-04   4   1 0  1 0  0 2  0 0  0
   212  0.1311236625335246E-05   4   0 1  1 0  0 2  0 0  0
   213  0.1003240703680886E-04   4   0 0  2 0  0 2  0 0  0
   214  0.1311238688116672E-05   4   1 0  0 1  0 2  0 0  0
   215  0.3097068036167322E-06   4   0 1  0 1  0 2  0 0  0
   216  0.2517325109049994E-05   4   0 0  1 1  0 2  0 0  0
   217  -.1219972006820362       4   0 0  0 2  0 2  0 0  0
   218  -.4015444398311999E-05   4   2 0  0 0  0 1  1 0  0
   219  -.1982691436660030E-05   4   1 1  0 0  0 1  1 0  0
   220  -.4883229415273611E-01   4   0 2  0 0  0 1  1 0  0
   221  0.4184130054093103E-05   4   1 0  1 0  0 1  1 0  0
   222  0.1032874371153259E-05   4   0 1  1 0  0 1  1 0  0
   223  0.4015435173937296E-05   4   0 0  2 0  0 1  1 0  0
   224  0.1032875042534349E-05   4   1 0  0 1  0 1  1 0  0
   225  0.2571242041865385E-06   4   0 1  0 1  0 1  1 0  0
   226  0.1982692026605770E-05   4   0 0  1 1  0 1  1 0  0
   227  -.4883168927126626E-01   4   0 0  0 2  0 1  1 0  0
   228  -.2014357716136691E-05   4   2 0  0 0  0 0  2 0  0
   229  -.9905686416419300E-06   4   1 1  0 0  0 0  2 0  0
   230  -.2449686762632459E-01   4   0 2  0 0  0 0  2 0  0
   231  0.2098979990882563E-05   4   1 0  1 0  0 0  2 0  0
   232  0.5160326193992332E-06   4   0 1  1 0  0 0  2 0  0
   233  0.2014358082729446E-05   4   0 0  2 0  0 0  2 0  0
   234  0.5160329569477328E-06   4   1 0  0 1  0 0  2 0  0
   235  0.1284352540742499E-06   4   0 1  0 1  0 0  2 0  0
   236  0.9905694665713297E-06   4   0 0  1 1  0 0  2 0  0
   237  -.2449656577415821E-01   4   0 0  0 2  0 0  2 0  0
   238  0.8026938919307116E-05   4   2 0  0 0  0 1  0 1  0
   239  0.1525721597176809E-05   4   1 1  0 0  0 1  0 1  0
   240  0.1389216269038867E-06   4   0 2  0 0  0 1  0 1  0
   241  -.8361323848041411E-05   4   1 0  1 0  0 1  0 1  0
   242  -.7946658970916162E-06   4   0 1  1 0  0 1  0 1  0
   243  -.8026946229634061E-05   4   0 0  2 0  0 1  0 1  0
   244  -.7946673585251845E-06   4   1 0  0 1  0 1  0 1  0
   245  -.1447158218283518E-06   4   0 1  0 1  0 1  0 1  0
   246  -.1525721909159542E-05   4   0 0  1 1  0 1  0 1  0
   247  -.1389215901707393E-06   4   0 0  0 2  0 1  0 1  0
   248  0.2681387191452704E-05   4   2 0  0 0  0 0  1 1  0
   249  0.9145835014189225E-06   4   1 1  0 0  0 0  1 1  0
   250  0.9905667776777739E-07   4   0 2  0 0  0 0  1 1  0
   251  -.2794027061005980E-05   4   1 0  1 0  0 0  1 1  0
   252  -.4764232541151702E-06   4   0 1  1 0  0 0  1 1  0
   253  -.2681382625652855E-05   4   0 0  2 0  0 0  1 1  0
   254  -.4764236829071501E-06   4   1 0  0 1  0 0  1 1  0
   255  -.1031974212663563E-06   4   0 1  0 1  0 0  1 1  0
   256  -.9145839624181894E-06   4   0 0  1 1  0 0  1 1  0
   257  -.9905689432216596E-07   4   0 0  0 2  0 0  1 1  0
   258  -.5762519962397642E-08   4   1 0  0 0  0 3  0 0  0
   259  -.9837191411128071E-04   4   0 1  0 0  0 3  0 0  0
   260  0.1101217401438081E-07   4   0 0  1 0  0 3  0 0  0
   261  -.5116126711480801E-04   4   0 0  0 1  0 3  0 0  0
   262  0.3000486057102013E-08   4   1 0  0 0  0 2  1 0  0
   263  -.4217360806842729E-04   4   0 1  0 0  0 2  1 0  0
   264  -.5956832744879640E-08   4   0 0  1 0  0 2  1 0  0
   265  -.2193855137455845E-04   4   0 0  0 1  0 2  1 0  0
   266  0.8540763756775973E-09   4   1 0  0 0  0 1  2 0  0
   267  -.2532707647418475E-04   4   0 1  0 0  0 1  2 0  0
   268  -.1780721078543223E-08   4   0 0  1 0  0 1  2 0  0
   269  -.1317500582238836E-04   4   0 0  0 1  0 1  2 0  0
   270  0.9857484631882618E-09   4   1 0  0 0  0 0  3 0  0
   271  -.1413226433297266E-04   4   0 1  0 0  0 0  3 0  0
   272  -.1957699226955824E-08   4   0 0  1 0  0 0  3 0  0
   273  -.7351531494516680E-05   4   0 0  0 1  0 0  3 0  0
   274  -.1275430966528810E-09   4   1 0  0 0  0 2  0 1  0
   275  -.1081482752646005E-10   4   0 1  0 0  0 2  0 1  0
   276  0.2997036814377216E-09   4   0 0  1 0  0 2  0 1  0
   277  0.2549164253333607E-10   4   0 0  0 1  0 2  0 1  0
   278  0.3932158377916191E-09   4   1 0  0 0  0 1  1 1  0
   279  0.6728835100646659E-10   4   0 1  0 0  0 1  1 1  0
   280  -.6401834580617664E-09   4   0 0  1 0  0 1  1 1  0
   281  -.1028122067277887E-09   4   0 0  0 1  0 1  1 1  0
   282  0.1954548911653765E-09   4   1 0  0 0  0 0  2 1  0
   283  0.3346454237809275E-10   4   0 1  0 0  0 0  2 1  0
   284  -.3179643882627110E-09   4   0 0  1 0  0 0  2 1  0
   285  -.5110201497453544E-10   4   0 0  0 1  0 0  2 1  0
   286  -.3550437692038576E-01   4   0 0  0 0  0 4  0 0  0
   287  0.2030570240403850E-01   4   0 0  0 0  0 3  1 0  0
   288  0.6104099539411825E-02   4   0 0  0 0  0 2  2 0  0
   289  0.4109354178336896E-02   4   0 0  0 0  0 1  3 0  0
   290  0.4985171400904917E-02   4   0 0  0 0  0 0  4 0  0
   291  -.1559124675777625E-14   4   0 0  0 0  0 3  0 1  0
   292  0.1962594117914377E-14   4   0 0  0 0  0 2  1 1  0
   293  0.2558262294459300E-14   4   0 0  0 0  0 1  2 1  0
   294  0.5958060746488388E-15   4   0 0  0 0  0 0  3 1  0
   -------------------------------------------------------
     I  COEFFICIENT            ORDER EXPONENTS
     1   1.000000000000000       1   0 0  0 0  0 1  0 0  0
     -----------------------------------------------------
     I  COEFFICIENT            ORDER EXPONENTS
     1   1.000000000000000       1   0 0  0 0  0 0  1 0  0
     -----------------------------------------------------
     I  COEFFICIENT            ORDER EXPONENTS
     1   1.000000000000000       1   0 0  0 0  0 0  0 1  0
     -----------------------------------------------------
