     I  COEFFICIENT            ORDER EXPONENTS
     1  -.7608298737211780E-04   0   0 0  0 0  0 0  0 0  0
     2   1.118199611772442       1   1 0  0 0  0 0  0 0  0
     3  0.2580541749704826       1   0 1  0 0  0 0  0 0  0
     4  0.5803470817148955E-05   1   0 0  1 0  0 0  0 0  0
     5  0.4188193173099283E-06   1   0 0  0 1  0 0  0 0  0
     6  -.1491984152722204E-05   1   0 0  0 0  0 1  0 0  0
     7  -.1487001568559265E-05   1   0 0  0 0  0 0  1 0  0
     8  0.2978985721281456E-05   1   0 0  0 0  0 0  0 1  0
     9  0.1530322787728977E-03   2   2 0  0 0  0 0  0 0  0
    10  0.1099477077574508E-04   2   1 1  0 0  0 0  0 0  0
    11  0.2956050229250779E-05   2   0 2  0 0  0 0  0 0  0
    12  0.3421891425334765E-03   2   1 0  1 0  0 0  0 0  0
    13  -.5855680233982565E-04   2   0 1  1 0  0 0  0 0  0
    14  -.1535214406588755E-03   2   0 0  2 0  0 0  0 0  0
    15  0.3589677208696717E-05   2   1 0  0 1  0 0  0 0  0
    16  -.2052641613622512E-05   2   0 1  0 1  0 0  0 0  0
    17  -.1382732872677100E-06   2   0 0  1 1  0 0  0 0  0
    18  0.2234410804409948E-05   2   0 0  0 2  0 0  0 0  0
    19  -.6026956254630107E-01   2   1 0  0 0  0 1  0 0  0
    20  -.1332957593779507       2   0 1  0 0  0 1  0 0  0
    21  -.2853097121607516E-05   2   0 0  1 0  0 1  0 0  0
    22  -.4058830839135949E-06   2   0 0  0 1  0 1  0 0  0
    23  -.6006828817800180E-01   2   1 0  0 0  0 0  1 0  0
    24  -.1328506089797678       2   0 1  0 0  0 0  1 0  0
    25  -.2843569006642236E-05   2   0 0  1 0  0 0  1 0  0
    26  -.4045276093113763E-06   2   0 0  0 1  0 0  1 0  0
    27  0.1203378507243033       2   1 0  0 0  0 0  0 1  0
    28  0.8092193387236065E-02   2   0 1  0 0  0 0  0 1  0
    29  0.5696666128249761E-05   2   0 0  1 0  0 0  0 1  0
    30  0.3915913759150523E-06   2   0 0  0 1  0 0  0 1  0
    31  0.1140206883726029E-05   2   0 0  0 0  0 2  0 0  0
    32  0.7907494655124585E-06   2   0 0  0 0  0 1  1 0  0
    33  0.1135078702880987E-05   2   0 0  0 0  0 0  2 0  0
    34  -.1579124687054416E-05   2   0 0  0 0  0 1  0 1  0
    35  -.1573851091056278E-05   2   0 0  0 0  0 0  1 1  0
    36  0.8699487792243582E-07   2   0 0  0 0  0 0  0 2  0
    37  0.1751167951172626       3   3 0  0 0  0 0  0 0  0
    38  0.6769189533586947       3   2 1  0 0  0 0  0 0  0
    39  0.2724167365712235       3   1 2  0 0  0 0  0 0  0
    40  0.1492947634647842       3   0 3  0 0  0 0  0 0  0
    41  0.2992216991499909E-04   3   2 0  1 0  0 0  0 0  0
    42  0.1606767285052250E-04   3   1 1  1 0  0 0  0 0  0
    43  0.9902465751596017E-05   3   0 2  1 0  0 0  0 0  0
    44  -.2215077175652045       3   1 0  2 0  0 0  0 0  0
    45  0.4537473703189815       3   0 1  2 0  0 0  0 0  0
    46  -.7649927463839052E-05   3   0 0  3 0  0 0  0 0  0
    47  0.3070372285211166E-04   3   2 0  0 1  0 0  0 0  0
    48  0.8299773793230677E-05   3   1 1  0 1  0 0  0 0  0
    49  0.1357438756718545E-05   3   0 2  0 1  0 0  0 0  0
    50  -.1071718794457643       3   1 0  1 1  0 0  0 0  0
    51  -.1517487337424842E-01   3   0 1  1 1  0 0  0 0  0
    52  0.1579679102930639E-04   3   0 0  2 1  0 0  0 0  0
    53  0.1156199651557600       3   1 0  0 2  0 0  0 0  0
    54  0.1387884678351387       3   0 1  0 2  0 0  0 0  0
    55  0.7303129537547430E-05   3   0 0  1 2  0 0  0 0  0
    56  0.8229526360060547E-06   3   0 0  0 3  0 0  0 0  0
    57  -.7983465421061994E-04   3   2 0  0 0  0 1  0 0  0
    58  -.1387026685682685E-04   3   1 1  0 0  0 1  0 0  0
    59  -.4801273384403649E-05   3   0 2  0 0  0 1  0 0  0
    60  -.1779108257144643E-03   3   1 0  1 0  0 1  0 0  0
    61  0.5836951029442588E-04   3   0 1  1 0  0 1  0 0  0
    62  0.7948350875957162E-04   3   0 0  2 0  0 1  0 0  0
    63  -.4979795497503943E-05   3   1 0  0 1  0 1  0 0  0
    64  0.2802135848043876E-05   3   0 1  0 1  0 1  0 0  0
    65  0.2525851567187340E-06   3   0 0  1 1  0 1  0 0  0
    66  -.3460566317860071E-05   3   0 0  0 2  0 1  0 0  0
    67  -.7956804086690625E-04   3   2 0  0 0  0 0  1 0  0
    68  -.1382394614232638E-04   3   1 1  0 0  0 0  1 0  0
    69  -.4785239200204488E-05   3   0 2  0 0  0 0  1 0  0
    70  -.1773166802196832E-03   3   1 0  1 0  0 0  1 0  0
    71  0.5817458128190113E-04   3   0 1  1 0  0 0  1 0  0
    72  0.7921806809035302E-04   3   0 0  2 0  0 0  1 0  0
    73  -.4963165126373612E-05   3   1 0  0 1  0 0  1 0  0
    74  0.2792777921772856E-05   3   0 1  0 1  0 0  1 0  0
    75  0.2517416311361204E-06   3   0 0  1 1  0 0  1 0  0
    76  -.3449009517542239E-05   3   0 0  0 2  0 0  1 0  0
    77  0.1594026950775267E-03   3   2 0  0 0  0 0  0 1  0
    78  0.1669944222340889E-04   3   1 1  0 0  0 0  0 1  0
    79  0.3674412126105811E-05   3   0 2  0 0  0 0  0 1  0
    80  0.3552275059341484E-03   3   1 0  1 0  0 0  0 1  0
    81  -.5798728923650149E-04   3   0 1  1 0  0 0  0 1  0
    82  -.1587015768499246E-03   3   0 0  2 0  0 0  0 1  0
    83  0.6353283415180758E-05   3   1 0  0 1  0 0  0 1  0
    84  -.1489630542571523E-05   3   0 1  0 1  0 0  0 1  0
    85  -.3660535005870985E-06   3   0 0  1 1  0 0  0 1  0
    86  0.2440754226582602E-05   3   0 0  0 2  0 0  0 1  0
    87  0.4571642373606961E-01   3   1 0  0 0  0 2  0 0  0
    88  0.1019556252095196       3   0 1  0 0  0 2  0 0  0
    89  0.2134283352985780E-05   3   0 0  1 0  0 2  0 0  0
    90  0.3495897043722569E-06   3   0 0  0 1  0 2  0 0  0
    91  0.3125985529797337E-01   3   1 0  0 0  0 1  1 0  0
    92  0.7082341461943169E-01   3   0 1  0 0  0 1  1 0  0
    93  0.1426118643023309E-05   3   0 0  1 0  0 1  1 0  0
    94  0.3345829422303505E-06   3   0 0  0 1  0 1  1 0  0
    95  0.4551155335704511E-01   3   1 0  0 0  0 0  2 0  0
    96  0.1014968775115163       3   0 1  0 0  0 0  2 0  0
    97  0.2124774455394210E-05   3   0 0  1 0  0 0  2 0  0
    98  0.3478635439740952E-06   3   0 0  0 1  0 0  2 0  0
    99  -.6242328340165347E-01   3   1 0  0 0  0 1  0 1  0
   100  -.8143497910260868E-02   3   0 1  0 0  0 1  0 1  0
   101  -.2849904073153331E-05   3   0 0  1 0  0 1  0 1  0
   102  -.3921455211560271E-06   3   0 0  0 1  0 1  0 1  0
   103  -.6221481653375158E-01   3   1 0  0 0  0 0  1 1  0
   104  -.8116302136334784E-02   3   0 1  0 0  0 0  1 1  0
   105  -.2840386621593976E-05   3   0 0  1 0  0 0  1 1  0
   106  -.3908359240938046E-06   3   0 0  0 1  0 0  1 1  0
   107  0.2150165463218886E-02   3   1 0  0 0  0 0  0 2  0
   108  0.3771349284527223E-04   3   0 1  0 0  0 0  0 2  0
   109  0.2051767891552290E-08   3   0 0  1 0  0 0  0 2  0
   110  0.4360168682691844E-10   3   0 0  0 1  0 0  0 2  0
   111  -.9646569252019978E-06   3   0 0  0 0  0 3  0 0  0
   112  -.6141692647202192E-06   3   0 0  0 0  0 2  1 0  0
   113  -.6159088435322774E-06   3   0 0  0 0  0 1  2 0  0
   114  -.9588025299703722E-06   3   0 0  0 0  0 0  3 0  0
   115  0.1227811206197365E-05   3   0 0  0 0  0 2  0 1  0
   116  0.8788265850869807E-06   3   0 0  0 0  0 1  1 1  0
   117  0.1222243394791098E-05   3   0 0  0 0  0 0  2 1  0
   118  -.8810092138360913E-07   3   0 0  0 0  0 1  0 2  0
   119  -.8780670226953527E-07   3   0 0  0 0  0 0  1 2  0
   120  0.6392892694216208E-09   3   0 0  0 0  0 0  0 3  0
   121  -.1000343787014703E-03   4   4 0  0 0  0 0  0 0  0
   122  0.4294357906292581E-03   4   3 1  0 0  0 0  0 0  0
   123  0.5271857149523207E-03   4   2 2  0 0  0 0  0 0  0
   124  0.3125149435957058E-03   4   1 3  0 0  0 0  0 0  0
   125  0.1902503289780420E-03   4   0 4  0 0  0 0  0 0  0
   126  -.2145990518491296E-03   4   3 0  1 0  0 0  0 0  0
   127  0.2354437536144818E-05   4   2 1  1 0  0 0  0 0  0
   128  -.1809423053784289E-03   4   1 2  1 0  0 0  0 0  0
   129  -.1216718372728976E-03   4   0 3  1 0  0 0  0 0  0
   130  -.1129944447681743E-02   4   2 0  2 0  0 0  0 0  0
   131  -.1749463651664234E-04   4   1 1  2 0  0 0  0 0  0
   132  0.2543150719229781E-03   4   0 2  2 0  0 0  0 0  0
   133  -.8867610821212986E-03   4   1 0  3 0  0 0  0 0  0
   134  0.1933969441035759E-03   4   0 1  3 0  0 0  0 0  0
   135  -.1448969217323372E-07   4   0 0  4 0  0 0  0 0  0
   136  -.1968876760932973E-03   4   3 0  0 1  0 0  0 0  0
   137  -.1053469336875331E-03   4   2 1  0 1  0 0  0 0  0
   138  0.1743619201333706E-03   4   1 2  0 1  0 0  0 0  0
   139  0.1476869356439626E-03   4   0 3  0 1  0 0  0 0  0
   140  -.6368536903745342E-03   4   2 0  1 1  0 0  0 0  0
   141  -.8541089279516443E-03   4   1 1  1 1  0 0  0 0  0
   142  -.9707533115290500E-04   4   0 2  1 1  0 0  0 0  0
   143  -.8375492392133587E-03   4   1 0  2 1  0 0  0 0  0
   144  -.6991498122673702E-03   4   0 1  2 1  0 0  0 0  0
   145  -.1934563896320769E-07   4   0 0  3 1  0 0  0 0  0
   146  0.4576505273798127E-03   4   2 0  0 2  0 0  0 0  0
   147  0.2166756671647713E-03   4   1 1  0 2  0 0  0 0  0
   148  0.2060690056471852E-03   4   0 2  0 2  0 0  0 0  0
   149  0.2026741208694358E-04   4   1 0  1 2  0 0  0 0  0
   150  -.2317518734600047E-03   4   0 1  1 2  0 0  0 0  0
   151  0.7165640069153774E-04   4   0 0  2 2  0 0  0 0  0
   152  0.1407831403967990E-03   4   1 0  0 3  0 0  0 0  0
   153  0.1326599976967737E-03   4   0 1  0 3  0 0  0 0  0
   154  -.2394486771156537E-05   4   0 0  1 3  0 0  0 0  0
   155  0.3211309000236955E-04   4   0 0  0 4  0 0  0 0  0
   156  -.1839580125120034       4   3 0  0 0  0 1  0 0  0
   157  -.7921293518602056       4   2 1  0 0  0 1  0 0  0
   158  -.4302604782941440       4   1 2  0 0  0 1  0 0  0
   159  -.2373841654636090       4   0 3  0 0  0 1  0 0  0
   160  -.2694544844156157E-04   4   2 0  1 0  0 1  0 0  0
   161  -.2393823180640641E-04   4   1 1  1 0  0 1  0 0  0
   162  -.1554028857777513E-04   4   0 2  1 0  0 1  0 0  0
   163  0.1681282467787782       4   1 0  2 0  0 1  0 0  0
   164  -.4543920831271804       4   0 1  2 0  0 1  0 0  0
   165  0.5531166988336865E-05   4   0 0  3 0  0 1  0 0  0
   166  -.3484687300320222E-04   4   2 0  0 1  0 1  0 0  0
   167  -.1382523445699200E-04   4   1 1  0 1  0 1  0 0  0
   168  -.2862133923346424E-05   4   0 2  0 1  0 1  0 0  0
   169  0.1546429215687914       4   1 0  1 1  0 1  0 0  0
   170  0.2932459332379659E-01   4   0 1  1 1  0 1  0 0  0
   171  -.1286959165144628E-04   4   0 0  2 1  0 1  0 0  0
   172  -.1738521424120016       4   1 0  0 2  0 1  0 0  0
   173  -.2151384073839479       4   0 1  0 2  0 1  0 0  0
   174  -.1041740489628178E-04   4   0 0  1 2  0 1  0 0  0
   175  -.1636305699410414E-05   4   0 0  0 3  0 1  0 0  0
   176  -.1833436720190959       4   3 0  0 0  0 0  1 0  0
   177  -.7894839811594527       4   2 1  0 0  0 0  1 0  0
   178  -.4288235936990991       4   1 2  0 0  0 0  1 0  0
   179  -.2365914046415724       4   0 3  0 0  0 0  1 0  0
   180  -.2685546225476192E-04   4   2 0  1 0  0 0  1 0  0
   181  -.2385828842733609E-04   4   1 1  1 0  0 0  1 0  0
   182  -.1548839071035192E-04   4   0 2  1 0  0 0  1 0  0
   183  0.1675667708822556       4   1 0  2 0  0 0  1 0  0
   184  -.4528746093704825       4   0 1  2 0  0 0  1 0  0
   185  0.5512695274017029E-05   4   0 0  3 0  0 0  1 0  0
   186  -.3473049946314967E-04   4   2 0  0 1  0 0  1 0  0
   187  -.1377906413130257E-04   4   1 1  0 1  0 0  1 0  0
   188  -.2852575629357342E-05   4   0 2  0 1  0 0  1 0  0
   189  0.1541264808475430       4   1 0  1 1  0 0  1 0  0
   190  0.2922666181828169E-01   4   0 1  1 1  0 0  1 0  0
   191  -.1282661276093373E-04   4   0 0  2 1  0 0  1 0  0
   192  -.1732715511705335       4   1 0  0 2  0 0  1 0  0
   193  -.2144199378080343       4   0 1  0 2  0 0  1 0  0
   194  -.1038261525286587E-04   4   0 0  1 2  0 0  1 0  0
   195  -.1630841143470751E-05   4   0 0  0 3  0 0  1 0  0
   196  0.3673016845311001       4   3 0  0 0  0 0  0 1  0
   197  0.9046943796609636       4   2 1  0 0  0 0  0 1  0
   198  0.3142505988507953       4   1 2  0 0  0 0  0 1  0
   199  0.2609127971082975E-01   4   0 3  0 0  0 0  0 1  0
   200  0.5380091069632362E-04   4   2 0  1 0  0 0  0 1  0
   201  0.3172884738322009E-04   4   1 1  1 0  0 0  0 1  0
   202  0.1122374778493501E-04   4   0 2  1 0  0 0  0 1  0
   203  -.3356950176610346       4   1 0  2 0  0 0  0 1  0
   204  0.4535193221786813       4   0 1  2 0  0 0  0 1  0
   205  -.1104386226235393E-04   4   0 0  3 0  0 0  0 1  0
   206  0.3887364961424029E-04   4   2 0  0 1  0 0  0 1  0
   207  0.1100475100183317E-04   4   1 1  0 1  0 0  0 1  0
   208  0.1642393282548219E-05   4   0 2  0 1  0 0  0 1  0
   209  -.2015975229705721       4   1 0  1 1  0 0  0 1  0
   210  -.2820150839358187E-01   4   0 1  1 1  0 0  0 1  0
   211  0.9899413383073558E-05   4   0 0  2 1  0 0  0 1  0
   212  0.1158837632710154       4   1 0  0 2  0 0  0 1  0
   213  0.1319294168656585E-01   4   0 1  0 2  0 0  0 1  0
   214  0.6193761074052806E-05   4   0 0  1 2  0 0  0 1  0
   215  0.7982889348629973E-06   4   0 0  0 3  0 0  0 1  0
   216  0.3137066384370623E-03   4   2 0  0 0  0 2  0 0  0
   217  0.2885217262288597E-03   4   1 1  0 0  0 2  0 0  0
   218  0.2747955536321926E-03   4   0 2  0 0  0 2  0 0  0
   219  0.6425815888988380E-04   4   1 0  1 0  0 2  0 0  0
   220  -.5300881654463087E-04   4   0 1  1 0  0 2  0 0  0
   221  0.8975708355940491E-04   4   0 0  2 0  0 2  0 0  0
   222  0.1514059503102473E-03   4   1 0  0 1  0 2  0 0  0
   223  0.1852683882086724E-03   4   0 1  0 1  0 2  0 0  0
   224  -.5229456649489406E-05   4   0 0  1 1  0 2  0 0  0
   225  0.8145371388954296E-04   4   0 0  0 2  0 2  0 0  0
   226  0.3226515308755505E-03   4   2 0  0 0  0 1  1 0  0
   227  0.3636941195896956E-03   4   1 1  0 0  0 1  1 0  0
   228  0.3391730840861452E-03   4   0 2  0 0  0 1  1 0  0
   229  0.1152182954635616E-04   4   1 0  1 0  0 1  1 0  0
   230  -.5753536670484389E-04   4   0 1  1 0  0 1  1 0  0
   231  0.1075943066362267E-03   4   0 0  2 0  0 1  1 0  0
   232  0.1814781676494113E-03   4   1 0  0 1  0 1  1 0  0
   233  0.2257667474829542E-03   4   0 1  0 1  0 1  1 0  0
   234  -.8044890742086003E-05   4   0 0  1 1  0 1  1 0  0
   235  0.9935786834372100E-04   4   0 0  0 2  0 1  1 0  0
   236  0.3121202349031354E-03   4   2 0  0 0  0 0  2 0  0
   237  0.2869508971689679E-03   4   1 1  0 0  0 0  2 0  0
   238  0.2733115089202053E-03   4   0 2  0 0  0 0  2 0  0
   239  0.6402432535559163E-04   4   1 0  1 0  0 0  2 0  0
   240  -.5273571827308001E-04   4   0 1  1 0  0 0  2 0  0
   241  0.8927767426682822E-04   4   0 0  2 0  0 0  2 0  0
   242  0.1505972902383425E-03   4   1 0  0 1  0 0  2 0  0
   243  0.1842726897995828E-03   4   0 1  0 1  0 0  2 0  0
   244  -.5198559283454618E-05   4   0 0  1 1  0 0  2 0  0
   245  0.8101578735105661E-04   4   0 0  0 2  0 0  2 0  0
   246  -.3951172059316616E-03   4   2 0  0 0  0 1  0 1  0
   247  -.2432071967836972E-03   4   1 1  0 0  0 1  0 1  0
   248  -.3384243036469883E-04   4   0 2  0 0  0 1  0 1  0
   249  -.7585369400657188E-04   4   1 0  1 0  0 1  0 1  0
   250  0.5657753128259182E-04   4   0 1  1 0  0 1  0 1  0
   251  -.7176035701184122E-04   4   0 0  2 0  0 1  0 1  0
   252  -.1224741975378939E-03   4   1 0  0 1  0 1  0 1  0
   253  -.1487125451477260E-04   4   0 1  0 1  0 1  0 1  0
   254  0.4456959892081627E-05   4   0 0  1 1  0 1  0 1  0
   255  -.4014959053905472E-05   4   0 0  0 2  0 1  0 1  0
   256  -.3937976847228085E-03   4   2 0  0 0  0 0  1 1  0
   257  -.2423949895462394E-03   4   1 1  0 0  0 0  1 1  0
   258  -.3372941123023708E-04   4   0 2  0 0  0 0  1 1  0
   259  -.7560037535451386E-04   4   1 0  1 0  0 0  1 1  0
   260  0.5638858670778927E-04   4   0 1  1 0  0 0  1 1  0
   261  -.7152070834149614E-04   4   0 0  2 0  0 0  1 1  0
   262  -.1220651864931649E-03   4   1 0  0 1  0 0  1 1  0
   263  -.1482159093282804E-04   4   0 1  0 1  0 0  1 1  0
   264  0.4442075566579423E-05   4   0 0  1 1  0 0  1 1  0
   265  -.4001550820741316E-05   4   0 0  0 2  0 0  1 1  0
   266  0.5428896218178899E-04   4   2 0  0 0  0 0  0 2  0
   267  0.1150830080248899E-04   4   1 1  0 0  0 0  0 2  0
   268  0.5021912088059809E-06   4   0 2  0 0  0 0  0 2  0
   269  -.2519404679517277E-04   4   1 0  1 0  0 0  0 2  0
   270  -.3913948286610349E-05   4   0 1  1 0  0 0  0 2  0
   271  -.1682517112764396E-08   4   0 0  2 0  0 0  0 2  0
   272  0.8167102876762426E-06   4   1 0  0 1  0 0  0 2  0
   273  -.1343475849694073E-06   4   0 1  0 1  0 0  0 2  0
   274  -.3241543599229637E-09   4   0 0  1 1  0 0  0 2  0
   275  0.5942181398821101E-08   4   0 0  0 2  0 0  0 2  0
   276  -.3845344034726681E-01   4   1 0  0 0  0 3  0 0  0
   277  -.8631625920698202E-01   4   0 1  0 0  0 3  0 0  0
   278  -.1779017882697120E-05   4   0 0  1 0  0 3  0 0  0
   279  -.3940650027291586E-06   4   0 0  0 1  0 3  0 0  0
   280  -.2395190942642184E-01   4   1 0  0 0  0 2  1 0  0
   281  -.5509015557434685E-01   4   0 1  0 0  0 2  1 0  0
   282  -.1068489000132863E-05   4   0 0  1 0  0 2  1 0  0
   283  -.4388547476050541E-06   4   0 0  0 1  0 2  1 0  0
   284  -.2402390943232887E-01   4   1 0  0 0  0 1  2 0  0
   285  -.5524513417837521E-01   4   0 1  0 0  0 1  2 0  0
   286  -.1072018529239116E-05   4   0 0  1 0  0 1  2 0  0
   287  -.4386237875876036E-06   4   0 0  0 1  0 1  2 0  0
   288  -.3822095321832097E-01   4   1 0  0 0  0 0  3 0  0
   289  -.8579219065943278E-01   4   0 1  0 0  0 0  3 0  0
   290  -.1768327997982959E-05   4   0 0  1 0  0 0  3 0  0
   291  -.3913606534491937E-06   4   0 0  0 1  0 0  3 0  0
   292  0.4787921643373962E-01   4   1 0  0 0  0 2  0 1  0
   293  0.8171690027371916E-02   4   0 1  0 0  0 2  0 1  0
   294  0.2137763114442122E-05   4   0 0  1 0  0 2  0 1  0
   295  0.3935911870912114E-06   4   0 0  0 1  0 2  0 1  0
   296  0.3343159510936057E-01   4   1 0  0 0  0 1  1 1  0
   297  0.8199603023270422E-02   4   0 1  0 0  0 1  1 1  0
   298  0.1430346859444427E-05   4   0 0  1 0  0 1  1 1  0
   299  0.3950228240912054E-06   4   0 0  0 1  0 1  1 1  0
   300  0.4766349692149292E-01   4   1 0  0 0  0 0  2 1  0
   301  0.8130708533509055E-02   4   0 1  0 0  0 0  2 1  0
   302  0.2128235535736300E-05   4   0 0  1 0  0 0  2 1  0
   303  0.3916171591206213E-06   4   0 0  0 1  0 0  2 1  0
   304  -.2171676814089406E-02   4   1 0  0 0  0 1  0 2  0
   305  -.5623292109845165E-04   4   0 1  0 0  0 1  0 2  0
   306  -.2878358235369190E-08   4   0 0  1 0  0 1  0 2  0
   307  -.4308221044548468E-10   4   0 0  0 1  0 1  0 2  0
   308  -.2164424349322144E-02   4   1 0  0 0  0 0  1 2  0
   309  -.5604512737316685E-04   4   0 1  0 0  0 0  1 2  0
   310  -.2868745759170311E-08   4   0 0  1 0  0 0  1 2  0
   311  -.4293833442706636E-10   4   0 0  0 1  0 0  1 2  0
   312  0.1192341232534059E-04   4   1 0  0 0  0 0  0 3  0
   313  -.2874766879312862E-06   4   0 1  0 0  0 0  0 3  0
   314  0.5478560650298393E-09   4   0 0  1 0  0 0  0 3  0
   315  -.1492817641340464E-10   4   0 0  0 1  0 0  0 3  0
   316  0.2347685082331902E-04   4   0 0  0 0  0 4  0 0  0
   317  0.1452443149752704E-04   4   0 0  0 0  0 3  1 0  0
   318  0.1334090313990444E-04   4   0 0  0 0  0 2  2 0  0
   319  0.1458757376297803E-04   4   0 0  0 0  0 1  3 0  0
   320  0.2329604263179299E-04   4   0 0  0 0  0 0  4 0  0
   321  -.1772989495649918E-05   4   0 0  0 0  0 3  0 1  0
   322  -.2104395213703577E-05   4   0 0  0 0  0 2  1 1  0
   323  -.2102705424776222E-05   4   0 0  0 0  0 1  2 1  0
   324  -.1760605845546143E-05   4   0 0  0 0  0 0  3 1  0
   325  0.1038108750269916E-07   4   0 0  0 0  0 2  0 2  0
   326  0.1476580900311762E-07   4   0 0  0 0  0 1  1 2  0
   327  0.1032176342404159E-07   4   0 0  0 0  0 0  2 2  0
   328  0.4548286622077355E-10   4   0 0  0 0  0 1  0 3  0
   329  0.4533097304650333E-10   4   0 0  0 0  0 0  1 3  0
   -------------------------------------------------------
     I  COEFFICIENT            ORDER EXPONENTS
     1  0.7279662116144387E-05   0   0 0  0 0  0 0  0 0  0
     2  0.9702241648128420       1   1 0  0 0  0 0  0 0  0
     3   1.118199633773792       1   0 1  0 0  0 0  0 0  0
     4  0.4543633999232657E-04   1   0 0  1 0  0 0  0 0  0
     5  0.5761389900015314E-05   1   0 0  0 1  0 0  0 0  0
     6  -.6392156952507922E-06   1   0 0  0 0  0 1  0 0  0
     7  -.6370809902715021E-06   1   0 0  0 0  0 0  1 0  0
     8  0.8555958801666716E-05   1   0 0  0 0  0 0  0 1  0
     9  -.9630258452761693E-04   2   2 0  0 0  0 0  0 0  0
    10  -.3409736000477869E-03   2   1 1  0 0  0 0  0 0  0
    11  -.4227664675164032E-04   2   0 2  0 0  0 0  0 0  0
    12  0.6107796252249004E-03   2   1 0  1 0  0 0  0 0  0
    13  -.2520432758052266E-03   2   0 1  1 0  0 0  0 0  0
    14  -.2277385908093627E-03   2   0 0  2 0  0 0  0 0  0
    15  -.2564508832959737E-03   2   1 0  0 1  0 0  0 0  0
    16  -.6455364665827415E-04   2   0 1  0 1  0 0  0 0  0
    17  0.2550002402110033E-03   2   0 0  1 1  0 0  0 0  0
    18  0.3991891324887247E-04   2   0 0  0 2  0 0  0 0  0
    19  -.2115853039553826E-01   2   1 0  0 0  0 1  0 0  0
    20  -.6026957121653995E-01   2   0 1  0 0  0 1  0 0  0
    21  -.4358456558213632E-07   2   0 0  1 0  0 1  0 0  0
    22  -.2832315082644303E-05   2   0 0  0 1  0 1  0 0  0
    23  -.2108787002138608E-01   2   1 0  0 0  0 0  1 0  0
    24  -.6006829681928533E-01   2   0 1  0 0  0 0  1 0  0
    25  -.4343901191401074E-07   2   0 0  1 0  0 0  1 0  0
    26  -.2822856370734019E-05   2   0 0  0 1  0 0  1 0  0
    27   1.012470565229767       2   1 0  0 0  0 0  0 1  0
    28  0.1203378680358253       2   0 1  0 0  0 0  0 1  0
    29  0.4552336356982273E-04   2   0 0  1 0  0 0  0 1  0
    30  0.5655171453378324E-05   2   0 0  0 1  0 0  0 1  0
    31  0.4831718438438588E-06   2   0 0  0 0  0 2  0 0  0
    32  0.3281579376468513E-06   2   0 0  0 0  0 1  1 0  0
    33  0.4810103050347432E-06   2   0 0  0 0  0 0  2 0  0
    34  -.1294486312985946E-05   2   0 0  0 0  0 1  0 1  0
    35  -.1290163286504408E-05   2   0 0  0 0  0 0  1 1  0
    36  0.1292320162742331E-05   2   0 0  0 0  0 0  0 2  0
    37  -.8917981805477952       3   3 0  0 0  0 0  0 0  0
    38  -.5554285822894851       3   2 1  0 0  0 0  0 0  0
    39  -.5687318992830538       3   1 2  0 0  0 0  0 0  0
    40  -.5017483391479760E-02   3   0 3  0 0  0 0  0 0  0
    41  0.1920260417451960E-03   3   2 0  1 0  0 0  0 0  0
    42  0.4537636443722287E-04   3   1 1  1 0  0 0  0 0  0
    43  0.3742834288968357E-05   3   0 2  1 0  0 0  0 0  0
    44  -3.389448805130359       3   1 0  2 0  0 0  0 0  0
    45  -.1669958273493694       3   0 1  2 0  0 0  0 0  0
    46  -.7004417433473629E-04   3   0 0  3 0  0 0  0 0  0
    47  0.2654887223400149E-04   3   2 0  0 1  0 0  0 0  0
    48  -.3676692090687048E-04   3   1 1  0 1  0 0  0 0  0
    49  -.2103731330954106E-05   3   0 2  0 1  0 0  0 0  0
    50  -1.342668392527588       3   1 0  1 1  0 0  0 0  0
    51  -.2158510035044812       3   0 1  1 1  0 0  0 0  0
    52  -.2690116415343006E-04   3   0 0  2 1  0 0  0 0  0
    53  0.4158645858449186       3   1 0  0 2  0 0  0 0  0
    54  0.1007738523921496       3   0 1  0 2  0 0  0 0  0
    55  -.4345126508580296E-05   3   0 0  1 2  0 0  0 0  0
    56  0.2542841534799435E-05   3   0 0  0 3  0 0  0 0  0
    57  0.5902274263867329E-04   3   2 0  0 0  0 1  0 0  0
    58  0.1957468083660746E-03   3   1 1  0 0  0 1  0 0  0
    59  0.4364049426356819E-04   3   0 2  0 0  0 1  0 0  0
    60  -.2533676377567788E-03   3   1 0  1 0  0 1  0 0  0
    61  0.1032430312685068E-03   3   0 1  1 0  0 1  0 0  0
    62  0.1100101905080358E-03   3   0 0  2 0  0 1  0 0  0
    63  0.1035347513944142E-03   3   1 0  0 1  0 1  0 0  0
    64  0.5862806062308468E-04   3   0 1  0 1  0 1  0 0  0
    65  -.1071262923003160E-03   3   0 0  1 1  0 1  0 0  0
    66  -.3991503177293608E-04   3   0 0  0 2  0 1  0 0  0
    67  0.5882563211160254E-04   3   2 0  0 0  0 0  1 0  0
    68  0.1950930983748957E-03   3   1 1  0 0  0 0  1 0  0
    69  0.4349475381774369E-04   3   0 2  0 0  0 0  1 0  0
    70  -.2525214990246808E-03   3   1 0  1 0  0 0  1 0  0
    71  0.1028982440322649E-03   3   0 1  1 0  0 0  1 0  0
    72  0.1096428038759529E-03   3   0 0  2 0  0 0  1 0  0
    73  0.1031889899386562E-03   3   1 0  0 1  0 0  1 0  0
    74  0.5843226816387348E-04   3   0 1  0 1  0 0  1 0  0
    75  -.1067685366455529E-03   3   0 0  1 1  0 0  1 0  0
    76  -.3978173276650017E-04   3   0 0  0 2  0 0  1 0  0
    77  -.2141509592778925E-03   3   2 0  0 0  0 0  0 1  0
    78  -.3908399067409711E-03   3   1 1  0 0  0 0  0 1  0
    79  -.4485860132967236E-04   3   0 2  0 0  0 0  0 1  0
    80  0.1116668762006363E-02   3   1 0  1 0  0 0  0 1  0
    81  -.2061412753007721E-03   3   0 1  1 0  0 0  0 1  0
    82  -.4473915851933506E-03   3   0 0  2 0  0 0  0 1  0
    83  -.2067237413330691E-03   3   1 0  0 1  0 0  0 1  0
    84  -.5250668212868352E-04   3   0 1  0 1  0 0  0 1  0
    85  0.2138948289458681E-03   3   0 0  1 1  0 0  0 1  0
    86  0.3977785129056408E-04   3   0 0  0 2  0 0  0 1  0
    87  0.1601396084446244E-01   3   1 0  0 0  0 2  0 0  0
    88  0.4571645318426755E-01   3   0 1  0 0  0 2  0 0  0
    89  0.5946394444836365E-07   3   0 0  1 0  0 2  0 0  0
    90  0.2099098644334884E-05   3   0 0  0 1  0 2  0 0  0
    91  0.1090350480693857E-01   3   1 0  0 0  0 1  1 0  0
    92  0.3125989381095146E-01   3   0 1  0 0  0 1  1 0  0
    93  0.6339854326541381E-07   3   0 0  1 0  0 1  1 0  0
    94  0.1388761389452844E-05   3   0 0  0 1  0 1  1 0  0
    95  0.1594227461195075E-01   3   1 0  0 0  0 0  2 0  0
    96  0.4551158264259048E-01   3   0 1  0 0  0 0  2 0  0
    97  0.5915949858955466E-07   3   0 0  1 0  0 0  2 0  0
    98  0.2089769627012362E-05   3   0 0  0 1  0 0  2 0  0
    99  -.4293140329130070E-01   3   1 0  0 0  0 1  0 1  0
   100  -.6242330181444994E-01   3   0 1  0 0  0 1  0 1  0
   101  -.1350220256616919E-06   3   0 0  1 0  0 1  0 1  0
   102  -.2821235075535740E-05   3   0 0  0 1  0 1  0 1  0
   103  -.4278803090377047E-01   3   1 0  0 0  0 0  1 1  0
   104  -.6221483488505721E-01   3   0 1  0 0  0 0  1 1  0
   105  -.1345711102779767E-06   3   0 0  1 0  0 0  1 1  0
   106  -.2811813366074742E-05   3   0 0  0 1  0 0  1 1  0
   107  0.4285970152966163E-01   3   1 0  0 0  0 0  0 2  0
   108  0.2150160932053746E-02   3   0 1  0 0  0 0  0 2  0
   109  0.1110164789398499E-06   3   0 0  1 0  0 0  0 2  0
   110  0.4396380153318830E-08   3   0 0  0 1  0 0  0 2  0
   111  -.4063509663758749E-06   3   0 0  0 0  0 3  0 0  0
   112  -.2529687955171770E-06   3   0 0  0 0  0 2  1 0  0
   113  -.2537303431740037E-06   3   0 0  0 0  0 1  2 0  0
   114  -.4038944255109829E-06   3   0 0  0 0  0 0  3 0  0
   115  0.9888728443284520E-06   3   0 0  0 0  0 2  0 1  0
   116  0.6852861732136200E-06   3   0 0  0 0  0 1  1 1  0
   117  0.9844261548634625E-06   3   0 0  0 0  0 0  2 1  0
   118  -.6842796449208799E-06   3   0 0  0 0  0 1  0 2  0
   119  -.6819944457680702E-06   3   0 0  0 0  0 0  1 2  0
   120  0.2465130931547527E-07   3   0 0  0 0  0 0  0 3  0
   121  0.2383374415865132E-03   4   4 0  0 0  0 0  0 0  0
   122  0.1169111402707900E-02   4   3 1  0 0  0 0  0 0  0
   123  0.3548443554461471E-03   4   2 2  0 0  0 0  0 0  0
   124  -.1650833824872812E-03   4   1 3  0 0  0 0  0 0  0
   125  -.1818483344319265E-04   4   0 4  0 0  0 0  0 0  0
   126  0.2757967321773420E-07   4   3 0  1 0  0 0  0 0  0
   127  0.9197101369904484E-03   4   2 1  1 0  0 0  0 0  0
   128  0.1510993764978958E-03   4   1 2  1 0  0 0  0 0  0
   129  -.8364381637971206E-05   4   0 3  1 0  0 0  0 0  0
   130  -.8262611461966205E-04   4   2 0  2 0  0 0  0 0  0
   131  0.1815693752638870E-02   4   1 1  2 0  0 0  0 0  0
   132  -.1869703705630003E-03   4   0 2  2 0  0 0  0 0  0
   133  0.1312678766103979E-07   4   1 0  3 0  0 0  0 0  0
   134  0.1165408873640472E-02   4   0 1  3 0  0 0  0 0  0
   135  -.1758398377780137E-03   4   0 0  4 0  0 0  0 0  0
   136  -.8948609333208999E-07   4   3 0  0 1  0 0  0 0  0
   137  -.4898694281776103E-07   4   2 1  0 1  0 0  0 0  0
   138  0.1429869832642464E-03   4   1 2  0 1  0 0  0 0  0
   139  0.3464627259119925E-04   4   0 3  0 1  0 0  0 0  0
   140  0.3644444134933776E-02   4   2 0  1 1  0 0  0 0  0
   141  0.1639785462021874E-02   4   1 1  1 1  0 0  0 0  0
   142  0.3018921162753729E-03   4   0 2  1 1  0 0  0 0  0
   143  0.2330936150004426E-02   4   1 0  2 1  0 0  0 0  0
   144  0.5765014242633927E-03   4   0 1  2 1  0 0  0 0  0
   145  0.1337880027966522E-03   4   0 0  3 1  0 0  0 0  0
   146  0.2361766966748582E-03   4   2 0  0 2  0 0  0 0  0
   147  -.6412799062893317E-03   4   1 1  0 2  0 0  0 0  0
   148  0.2565217142306658E-04   4   0 2  0 2  0 0  0 0  0
   149  0.2308677215621743E-03   4   1 0  1 2  0 0  0 0  0
   150  -.2726623947785397E-03   4   0 1  1 2  0 0  0 0  0
   151  0.4813174674644755E-04   4   0 0  2 2  0 0  0 0  0
   152  0.1429692830673880E-03   4   1 0  0 3  0 0  0 0  0
   153  0.3464696105589726E-04   4   0 1  0 3  0 0  0 0  0
   154  -.4373286423272856E-04   4   0 0  1 3  0 0  0 0  0
   155  0.3694897708339805E-04   4   0 0  0 4  0 0  0 0  0
   156  0.6988342284594159       4   3 0  0 0  0 1  0 0  0
   157  0.6528858246709620       4   2 1  0 0  0 1  0 0  0
   158  0.6363641273387222       4   1 2  0 0  0 1  0 0  0
   159  0.1080008835625633E-01   4   0 3  0 0  0 1  0 0  0
   160  -.4671093240478265E-04   4   2 0  1 0  0 1  0 0  0
   161  -.3228237376635142E-04   4   1 1  1 0  0 1  0 0  0
   162  -.4517470354327351E-05   4   0 2  1 0  0 1  0 0  0
   163   1.210175777576985       4   1 0  2 0  0 1  0 0  0
   164  0.9140691782732516E-01   4   0 1  2 0  0 1  0 0  0
   165  0.2233520955973030E-04   4   0 0  3 0  0 1  0 0  0
   166  -.2167588849670676E-04   4   2 0  0 1  0 1  0 0  0
   167  0.3447102332171994E-04   4   1 1  0 1  0 1  0 0  0
   168  0.2947497980309811E-05   4   0 2  0 1  0 1  0 0  0
   169   1.254496597948506       4   1 0  1 1  0 1  0 0  0
   170  0.3032394904097520       4   0 1  1 1  0 1  0 0  0
   171  0.2268093294739768E-04   4   0 0  2 1  0 1  0 0  0
   172  -.3989627224035351       4   1 0  0 2  0 1  0 0  0
   173  -.1454236055503491       4   0 1  0 2  0 1  0 0  0
   174  0.5786896806341947E-05   4   0 0  1 2  0 1  0 0  0
   175  -.3736926723660224E-05   4   0 0  0 3  0 1  0 0  0
   176  0.6965004232692578       4   3 0  0 0  0 0  1 0  0
   177  0.6507054673499416       4   2 1  0 0  0 0  1 0  0
   178  0.6342389453674702       4   1 2  0 0  0 0  1 0  0
   179  0.1076402071498473E-01   4   0 3  0 0  0 0  1 0  0
   180  -.4655493801864085E-04   4   2 0  1 0  0 0  1 0  0
   181  -.3217456454868825E-04   4   1 1  1 0  0 0  1 0  0
   182  -.4502383949955671E-05   4   0 2  1 0  0 0  1 0  0
   183   1.206134311953672       4   1 0  2 0  0 0  1 0  0
   184  0.9110165810970587E-01   4   0 1  2 0  0 0  1 0  0
   185  0.2226061958420966E-04   4   0 0  3 0  0 0  1 0  0
   186  -.2160350036943040E-04   4   2 0  0 1  0 0  1 0  0
   187  0.3435590495764722E-04   4   1 1  0 1  0 0  1 0  0
   188  0.2937654607154483E-05   4   0 2  0 1  0 0  1 0  0
   189   1.250307119883324       4   1 0  1 1  0 0  1 0  0
   190  0.3022268011799457       4   0 1  1 1  0 0  1 0  0
   191  0.2260518840473694E-04   4   0 0  2 1  0 0  1 0  0
   192  -.3976303588267295       4   1 0  0 2  0 0  1 0  0
   193  -.1449379533719302       4   0 1  0 2  0 0  1 0  0
   194  0.5767571064625811E-05   4   0 0  1 2  0 0  1 0  0
   195  -.3724446998672882E-05   4   0 0  0 3  0 0  1 0  0
   196  -2.287132832276467       4   3 0  0 0  0 0  0 1  0
   197  -1.303591292020905       4   2 1  0 0  0 0  0 1  0
   198  -.7018711734231377       4   1 2  0 0  0 0  0 1  0
   199  -.1152914228828027E-01   4   0 3  0 0  0 0  0 1  0
   200  0.2852919121686192E-03   4   2 0  1 0  0 0  0 1  0
   201  0.6445693831503991E-04   4   1 1  1 0  0 0  0 1  0
   202  0.5277020015314687E-05   4   0 2  1 0  0 0  0 1  0
   203  -5.805758894661016       4   1 0  2 0  0 0  0 1  0
   204  -.1825085759370333       4   0 1  2 0  0 0  0 1  0
   205  -.1146400034786761E-03   4   0 0  3 0  0 0  0 1  0
   206  0.4327938886613742E-04   4   2 0  0 1  0 0  0 1  0
   207  -.3206000737249658E-04   4   1 1  0 1  0 0  0 1  0
   208  -.1677689925555994E-05   4   0 2  0 1  0 0  0 1  0
   209  -2.504803717831839       4   1 0  1 1  0 0  0 1  0
   210  -.3896152880852159       4   0 1  1 1  0 0  0 1  0
   211  -.4528612135213498E-04   4   0 0  2 1  0 0  0 1  0
   212  0.3807284953853443       4   1 0  0 2  0 0  0 1  0
   213  0.8881385413797985E-01   4   0 1  0 2  0 0  0 1  0
   214  -.7209341362387445E-05   4   0 0  1 2  0 0  0 1  0
   215  0.2375690652734207E-05   4   0 0  0 3  0 0  0 1  0
   216  -.1891967291085760E-03   4   2 0  0 0  0 2  0 0  0
   217  -.5313406646508563E-03   4   1 1  0 0  0 2  0 0  0
   218  -.2894982982897401E-04   4   0 2  0 0  0 2  0 0  0
   219  -.2735349466224512E-03   4   1 0  1 0  0 2  0 0  0
   220  -.1958550343389150E-03   4   0 1  1 0  0 2  0 0  0
   221  -.6091619455201686E-04   4   0 0  2 0  0 2  0 0  0
   222  0.1730140046310205E-03   4   1 0  0 1  0 2  0 0  0
   223  0.5871324239874720E-04   4   0 1  0 1  0 2  0 0  0
   224  0.1074185411867094E-04   4   0 0  1 1  0 2  0 0  0
   225  0.7769224642734297E-04   4   0 0  0 2  0 2  0 0  0
   226  -.2094318561168106E-03   4   2 0  0 0  0 1  1 0  0
   227  -.5249655060250213E-03   4   1 1  0 0  0 1  1 0  0
   228  -.3326665917757533E-04   4   0 2  0 0  0 1  1 0  0
   229  -.3155798299802550E-03   4   1 0  1 0  0 1  1 0  0
   230  -.1802861150525032E-03   4   0 1  1 0  0 1  1 0  0
   231  -.3875385547767164E-04   4   0 0  2 0  0 1  1 0  0
   232  0.2026218837656591E-03   4   1 0  0 1  0 1  1 0  0
   233  0.8256296739926707E-04   4   0 1  0 1  0 1  1 0  0
   234  -.4716180694177277E-04   4   0 0  1 1  0 1  1 0  0
   235  0.8780941515518651E-04   4   0 0  0 2  0 1  1 0  0
   236  -.1882151874828000E-03   4   2 0  0 0  0 0  2 0  0
   237  -.5286896365003083E-03   4   1 1  0 0  0 0  2 0  0
   238  -.2879760171864273E-04   4   0 2  0 0  0 0  2 0  0
   239  -.2720945074457738E-03   4   1 0  1 0  0 0  2 0  0
   240  -.1948999239508015E-03   4   0 1  1 0  0 0  2 0  0
   241  -.6064805012247221E-04   4   0 0  2 0  0 0  2 0  0
   242  0.1720978775183360E-03   4   1 0  0 1  0 0  2 0  0
   243  0.5837930310205383E-04   4   0 1  0 1  0 0  2 0  0
   244  0.1078473101106511E-04   4   0 0  1 1  0 0  2 0  0
   245  0.7728616499800330E-04   4   0 0  0 2  0 0  2 0  0
   246  0.3815831232529229E-03   4   2 0  0 0  0 1  0 1  0
   247  0.6478214167310240E-03   4   1 1  0 0  0 1  0 1  0
   248  0.3172251941001045E-04   4   0 2  0 0  0 1  0 1  0
   249  0.4313266543947836E-03   4   1 0  1 0  0 1  0 1  0
   250  0.2562098889207203E-03   4   0 1  1 0  0 1  0 1  0
   251  0.1317025529597832E-03   4   0 0  2 0  0 1  0 1  0
   252  -.1311047605787154E-03   4   1 0  0 1  0 1  0 1  0
   253  -.3058377533345087E-04   4   0 1  0 1  0 1  0 1  0
   254  -.1086530993167040E-05   4   0 0  1 1  0 1  0 1  0
   255  -.6223743710241536E-04   4   0 0  0 2  0 1  0 1  0
   256  0.3803088000482792E-03   4   2 0  0 0  0 0  1 1  0
   257  0.6456579723502353E-03   4   1 1  0 0  0 0  1 1  0
   258  0.3161657986465182E-04   4   0 2  0 0  0 0  1 1  0
   259  0.4298862092309860E-03   4   1 0  1 0  0 0  1 1  0
   260  0.2553542582944823E-03   4   0 1  1 0  0 0  1 1  0
   261  0.1312627231845125E-03   4   0 0  2 0  0 0  1 1  0
   262  -.1306669271724044E-03   4   1 0  0 1  0 0  1 1  0
   263  -.3048163870261474E-04   4   0 1  0 1  0 0  1 1  0
   264  -.1082902447844103E-05   4   0 0  1 1  0 0  1 1  0
   265  -.6202959088107039E-04   4   0 0  0 2  0 0  1 1  0
   266  -.1750481529220833E-03   4   2 0  0 0  0 0  0 2  0
   267  -.6782646297440729E-04   4   1 1  0 0  0 0  0 2  0
   268  -.2707167650355614E-05   4   0 2  0 0  0 0  0 2  0
   269  -.3579453748432719E-08   4   1 0  1 0  0 0  0 2  0
   270  -.1473680454327978E-04   4   0 1  1 0  0 0  0 2  0
   271  -.1026471744133228E-03   4   0 0  2 0  0 0  0 2  0
   272  -.3723700968116786E-09   4   1 0  0 1  0 0  0 2  0
   273  -.2568979294317184E-10   4   0 1  0 1  0 0  0 2  0
   274  -.4038662937977567E-04   4   0 0  1 1  0 0  0 2  0
   275  -.2219236687059178E-05   4   0 0  0 2  0 0  0 2  0
   276  -.1344646460413375E-01   4   1 0  0 0  0 3  0 0  0
   277  -.3845343599876100E-01   4   0 1  0 0  0 3  0 0  0
   278  -.3296530965414707E-07   4   0 0  1 0  0 3  0 0  0
   279  -.1771319355383709E-05   4   0 0  0 1  0 3  0 0  0
   280  -.8320139939908173E-02   4   1 0  0 0  0 2  1 0  0
   281  -.2395186704367668E-01   4   0 1  0 0  0 2  1 0  0
   282  -.3780449894563446E-08   4   0 0  1 0  0 2  1 0  0
   283  -.1092565262605566E-05   4   0 0  0 1  0 2  1 0  0
   284  -.8345594566001506E-02   4   1 0  0 0  0 1  2 0  0
   285  -.2402386724018336E-01   4   0 1  0 0  0 1  2 0  0
   286  -.3926095698610466E-08   4   0 0  1 0  0 1  2 0  0
   287  -.1095935749342292E-05   4   0 0  0 1  0 1  2 0  0
   288  -.1336526031315737E-01   4   1 0  0 0  0 0  3 0  0
   289  -.3822094896213193E-01   4   0 1  0 0  0 0  3 0  0
   290  -.3279388391852228E-07   4   0 0  1 0  0 0  3 0  0
   291  -.1760627967258916E-05   4   0 0  0 1  0 0  3 0  0
   292  0.3264560090209517E-01   4   1 0  0 0  0 2  0 1  0
   293  0.4787921049893967E-01   4   0 1  0 0  0 2  0 1  0
   294  0.9989662880689760E-07   4   0 0  1 0  0 2  0 1  0
   295  0.2128142970221757E-05   4   0 0  0 1  0 2  0 1  0
   296  0.2242802000639960E-01   4   1 0  0 0  0 1  1 1  0
   297  0.3343156498938824E-01   4   0 1  0 0  0 1  1 1  0
   298  0.6500433515013237E-07   4   0 0  1 0  0 1  1 1  0
   299  0.1439648658818619E-05   4   0 0  0 1  0 1  1 1  0
   300  0.3249912870110560E-01   4   1 0  0 0  0 0  2 1  0
   301  0.4766349105680645E-01   4   0 1  0 0  0 0  2 1  0
   302  0.9945447387861021E-07   4   0 0  1 0  0 0  2 1  0
   303  0.2118631986651398E-05   4   0 0  0 1  0 0  2 1  0
   304  -.2239392959650101E-01   4   1 0  0 0  0 1  0 2  0
   305  -.2171671849501754E-02   4   0 1  0 0  0 1  0 2  0
   306  -.9799278701659787E-07   4   0 0  1 0  0 1  0 2  0
   307  -.5130299536052483E-08   4   0 0  0 1  0 1  0 2  0
   308  -.2231914352136043E-01   4   1 0  0 0  0 0  1 2  0
   309  -.2164419401314027E-02   4   0 1  0 0  0 0  1 2  0
   310  -.9766553333378836E-07   4   0 0  1 0  0 0  1 2  0
   311  -.5113166546286125E-08   4   0 0  0 1  0 0  1 2  0
   312  0.6177905294015333E-03   4   1 0  0 0  0 0  0 3  0
   313  0.1192312890338630E-04   4   0 1  0 0  0 0  0 3  0
   314  0.2821394834578687E-07   4   0 0  1 0  0 0  0 3  0
   315  0.4835689039771227E-09   4   0 0  0 1  0 0  0 3  0
   316  0.1052865495008191E-04   4   0 0  0 0  0 4  0 0  0
   317  0.6310287799723435E-05   4   0 0  0 0  0 3  1 0  0
   318  0.5752594080146053E-05   4   0 0  0 0  0 2  2 0  0
   319  0.6340055278785477E-05   4   0 0  0 0  0 1  3 0  0
   320  0.1044790595245873E-04   4   0 0  0 0  0 0  4 0  0
   321  -.1240460299445532E-04   4   0 0  0 0  0 3  0 1  0
   322  -.7994936655096534E-05   4   0 0  0 0  0 2  1 1  0
   323  -.8016818715591494E-05   4   0 0  0 0  0 1  2 1  0
   324  -.1232915894329071E-04   4   0 0  0 0  0 0  3 1  0
   325  0.4282168143463409E-06   4   0 0  0 0  0 2  0 2  0
   326  0.5156507528361426E-06   4   0 0  0 0  0 1  1 2  0
   327  0.4259257290498933E-06   4   0 0  0 0  0 0  2 2  0
   328  -.1886568799607257E-08   4   0 0  0 0  0 1  0 3  0
   329  -.1880268472753170E-08   4   0 0  0 0  0 0  1 3  0
   330  -.9960298730924739E-15   4   0 0  0 0  0 0  0 4  0
   -------------------------------------------------------
     I  COEFFICIENT            ORDER EXPONENTS
     1  -.8070621025233572E-04   0   0 0  0 0  0 0  0 0  0
     2  0.5585578418656205E-05   1   1 0  0 0  0 0  0 0  0
     3  0.3647786007924990E-06   1   0 1  0 0  0 0  0 0  0
     4  0.8860291650515211       1   0 0  1 0  0 0  0 0  0
     5  0.2420229016583952       1   0 0  0 1  0 0  0 0  0
     6  -.2599685257506629E-05   1   0 0  0 0  0 1  0 0  0
     7  -.2591003428970390E-05   1   0 0  0 0  0 0  1 0  0
     8  0.5190688686477059E-05   1   0 0  0 0  0 0  0 1  0
     9  0.1710539875815403E-03   2   2 0  0 0  0 0  0 0  0
    10  0.7733520588856650E-05   2   1 1  0 0  0 0  0 0  0
    11  0.6416056638335120E-05   2   0 2  0 0  0 0  0 0  0
    12  -.3039232722047362E-03   2   1 0  1 0  0 0  0 0  0
    13  -.3791040564122185E-05   2   0 1  1 0  0 0  0 0  0
    14  -.1753725680817628E-03   2   0 0  2 0  0 0  0 0  0
    15  -.6212474892732761E-05   2   1 0  0 1  0 0  0 0  0
    16  0.2136529191661692E-05   2   0 1  0 1  0 0  0 0  0
    17  0.3953522625369153E-04   2   0 0  1 1  0 0  0 0  0
    18  0.1227956604725100E-04   2   0 0  0 2  0 0  0 0  0
    19  -.2852456031602551E-05   2   1 0  0 0  0 1  0 0  0
    20  -.3790825837401170E-06   2   0 1  0 0  0 1  0 0  0
    21  0.5603371291675727E-01   2   0 0  1 0  0 1  0 0  0
    22  -.1172382289808450       2   0 0  0 1  0 1  0 0  0
    23  -.2842930057601637E-05   2   1 0  0 0  0 0  1 0  0
    24  -.3778166112599432E-06   2   0 1  0 0  0 0  1 0  0
    25  0.5584658446096121E-01   2   0 0  1 0  0 0  1 0  0
    26  -.1168467038148786       2   0 0  0 1  0 0  1 0  0
    27  0.5695386089204197E-05   2   1 0  0 0  0 0  0 1  0
    28  0.3921205942075667E-06   2   0 1  0 0  0 0  0 1  0
    29  -.1118802973777184       2   0 0  1 0  0 0  0 1  0
    30  -.7937968862671637E-02   2   0 0  0 1  0 0  0 1  0
    31  0.1933829960509188E-05   2   0 0  0 0  0 2  0 0  0
    32  0.1272383031957237E-05   2   0 0  0 0  0 1  1 0  0
    33  0.1925247196219225E-05   2   0 0  0 0  0 0  2 0  0
    34  -.2540315845737057E-05   2   0 0  0 0  0 1  0 1  0
    35  -.2531832285453388E-05   2   0 0  0 0  0 0  1 1  0
    36  -.5926649308845873E-07   2   0 0  0 0  0 0  0 2  0
    37  0.1029717182043560E-04   3   3 0  0 0  0 0  0 0  0
    38  0.3063723380165104E-04   3   2 1  0 0  0 0  0 0  0
    39  0.9845441043368213E-05   3   1 2  0 0  0 0  0 0  0
    40  0.9195441025044932E-06   3   0 3  0 0  0 0  0 0  0
    41  -.2461616558288216       3   2 0  1 0  0 0  0 0  0
    42  -.1026606904983143       3   1 1  1 0  0 0  0 0  0
    43  -.1160697044304507       3   0 2  1 0  0 0  0 0  0
    44  -.2386982109735022E-04   3   1 0  2 0  0 0  0 0  0
    45  0.1590979060253141E-04   3   0 1  2 0  0 0  0 0  0
    46  0.8779041598835079E-01   3   0 0  3 0  0 0  0 0  0
    47  -.4817235256440864       3   2 0  0 1  0 0  0 0  0
    48  -.1592241899685633E-01   3   1 1  0 1  0 0  0 0  0
    49  0.1097774056182932       3   0 2  0 1  0 0  0 0  0
    50  -.1416041836431838E-04   3   1 0  1 1  0 0  0 0  0
    51  0.3325231253712955E-05   3   0 1  1 1  0 0  0 0  0
    52  -.2937604626895667       3   0 0  2 1  0 0  0 0  0
    53  0.7213008976539927E-05   3   1 0  0 2  0 0  0 0  0
    54  0.1020245253723209E-05   3   0 1  0 2  0 0  0 0  0
    55  -.1966577760800063       3   0 0  1 2  0 0  0 0  0
    56  0.1041081226644711       3   0 0  0 3  0 0  0 0  0
    57  -.8972763148013072E-04   3   2 0  0 0  0 1  0 0  0
    58  -.1116241350420334E-04   3   1 1  0 0  0 1  0 0  0
    59  -.9730727246396332E-05   3   0 2  0 0  0 1  0 0  0
    60  0.1560561278276790E-03   3   1 0  1 0  0 1  0 0  0
    61  0.5633250477352123E-05   3   0 1  1 0  0 1  0 0  0
    62  0.9028805523005694E-04   3   0 0  2 0  0 1  0 0  0
    63  0.6343145817824493E-05   3   1 0  0 1  0 1  0 0  0
    64  -.3008708966477156E-05   3   0 1  0 1  0 1  0 0  0
    65  -.3064228551943150E-04   3   0 0  1 1  0 1  0 0  0
    66  -.1755684330667617E-04   3   0 0  0 2  0 1  0 0  0
    67  -.8942797985529453E-04   3   2 0  0 0  0 0  1 0  0
    68  -.1112513585306662E-04   3   1 1  0 0  0 0  1 0  0
    69  -.9698230810436638E-05   3   0 2  0 0  0 0  1 0  0
    70  0.1555349676064865E-03   3   1 0  1 0  0 0  1 0  0
    71  0.5614437848167630E-05   3   0 1  1 0  0 0  1 0  0
    72  0.8998653203138686E-04   3   0 0  2 0  0 0  1 0  0
    73  0.6321962444102057E-05   3   1 0  0 1  0 0  1 0  0
    74  -.2998661175004544E-05   3   0 1  0 1  0 0  1 0  0
    75  -.3053995348978657E-04   3   0 0  1 1  0 0  1 0  0
    76  -.1749821101540697E-04   3   0 0  0 2  0 0  1 0  0
    77  0.1791556113354253E-03   3   2 0  0 0  0 0  0 1  0
    78  0.1455402876841324E-04   3   1 1  0 0  0 0  0 1  0
    79  0.6596844780162773E-05   3   0 2  0 0  0 0  0 1  0
    80  -.3115910954341649E-03   3   1 0  1 0  0 0  0 1  0
    81  -.7456647761397461E-05   3   0 1  1 0  0 0  0 1  0
    82  -.1802745872614440E-03   3   0 0  2 0  0 0  0 1  0
    83  -.6452633369193784E-05   3   1 0  0 1  0 0  0 1  0
    84  0.1734311758158484E-05   3   0 1  0 1  0 0  0 1  0
    85  0.2164701275552674E-04   3   0 0  1 1  0 0  0 1  0
    86  0.1049592222758130E-04   3   0 0  0 2  0 0  0 1  0
    87  0.2128819643905365E-05   3   1 0  0 0  0 2  0 0  0
    88  0.3437584961297233E-06   3   0 1  0 0  0 2  0 0  0
    89  -.4148055656654221E-01   3   0 0  1 0  0 2  0 0  0
    90  0.8589864323524533E-01   3   0 0  0 1  0 2  0 0  0
    91  0.1421403993774479E-05   3   1 0  0 0  0 1  1 0  0
    92  0.3407864222309768E-06   3   0 1  0 0  0 1  1 0  0
    93  -.2702402943616779E-01   3   0 0  1 0  0 1  1 0  0
    94  0.5476713376259561E-01   3   0 0  0 1  0 1  1 0  0
    95  0.2119336865196227E-05   3   1 0  0 0  0 0  2 0  0
    96  0.3420414509793421E-06   3   0 1  0 0  0 0  2 0  0
    97  -.4129690507516182E-01   3   0 0  1 0  0 0  2 0  0
    98  0.8552032946760754E-01   3   0 0  0 1  0 0  2 0  0
    99  -.2845787133791202E-05   3   1 0  0 0  0 1  0 1  0
   100  -.4011113346731730E-06   3   0 1  0 0  0 1  0 1  0
   101  0.5395158356432766E-01   3   0 0  1 0  0 1  0 1  0
   102  0.7911780498851327E-02   3   0 0  0 1  0 1  0 1  0
   103  -.2836283431035296E-05   3   1 0  0 0  0 0  1 1  0
   104  -.3997717956572393E-06   3   0 1  0 0  0 0  1 1  0
   105  0.5377140852336360E-01   3   0 0  1 0  0 0  1 1  0
   106  0.7885358561230543E-02   3   0 0  0 1  0 0  1 1  0
   107  0.3169105705619841E-08   3   1 0  0 0  0 0  0 2  0
   108  -.3097921513989470E-10   3   0 1  0 0  0 0  0 2  0
   109  0.2078606436658989E-02   3   0 0  1 0  0 0  0 2  0
   110  0.3937825630331571E-04   3   0 0  0 1  0 0  0 2  0
   111  -.1601449635529679E-05   3   0 0  0 0  0 3  0 0  0
   112  -.9378258820285516E-06   3   0 0  0 0  0 2  1 0  0
   113  -.9411234173097145E-06   3   0 0  0 0  0 1  2 0  0
   114  -.1591866700284490E-05   3   0 0  0 0  0 0  3 0  0
   115  0.1874579885307824E-05   3   0 0  0 0  0 2  0 1  0
   116  0.1213262135916906E-05   3   0 0  0 0  0 1  1 1  0
   117  0.1866293709896254E-05   3   0 0  0 0  0 0  2 1  0
   118  0.5910984328435851E-07   3   0 0  0 0  0 1  0 2  0
   119  0.5891244187866053E-07   3   0 0  0 0  0 0  1 2  0
   120  0.1702336713570307E-09   3   0 0  0 0  0 0  0 3  0
   121  0.3505536176168925E-07   4   4 0  0 0  0 0  0 0  0
   122  0.3526687093351666E-07   4   3 1  0 0  0 0  0 0  0
   123  -.8280485630888167E-04   4   2 2  0 0  0 0  0 0  0
   124  -.2730045002891280E-05   4   1 3  0 0  0 0  0 0  0
   125  0.2927548627292410E-04   4   0 4  0 0  0 0  0 0  0
   126  -.1534890578740761E-02   4   3 0  1 0  0 0  0 0  0
   127  -.1181212667094857E-02   4   2 1  1 0  0 0  0 0  0
   128  -.6202645597352725E-03   4   1 2  1 0  0 0  0 0  0
   129  -.1649820523682032E-03   4   0 3  1 0  0 0  0 0  0
   130  -.1206337483434380E-02   4   2 0  2 0  0 0  0 0  0
   131  -.4927706276790891E-03   4   1 1  2 0  0 0  0 0  0
   132  -.3027566381116450E-03   4   0 2  2 0  0 0  0 0  0
   133  -.2520988207954430E-03   4   1 0  3 0  0 0  0 0  0
   134  -.1998280099257250E-03   4   0 1  3 0  0 0  0 0  0
   135  -.2977819192794454E-03   4   0 0  4 0  0 0  0 0  0
   136  0.1660993350130486E-03   4   3 0  0 1  0 0  0 0  0
   137  0.7901665496940288E-03   4   2 1  0 1  0 0  0 0  0
   138  0.1833748624946896E-03   4   1 2  0 1  0 0  0 0  0
   139  0.1108707820789444E-03   4   0 3  0 1  0 0  0 0  0
   140  -.1593956031992731E-03   4   2 0  1 1  0 0  0 0  0
   141  0.3705021149603319E-03   4   1 1  1 1  0 0  0 0  0
   142  -.2030928382663461E-03   4   0 2  1 1  0 0  0 0  0
   143  0.1100530133726904E-03   4   1 0  2 1  0 0  0 0  0
   144  0.1832198784443660E-03   4   0 1  2 1  0 0  0 0  0
   145  0.1461281853812568E-03   4   0 0  3 1  0 0  0 0  0
   146  -.2202713304333096E-03   4   2 0  0 2  0 0  0 0  0
   147  0.5245523012118854E-04   4   1 1  0 2  0 0  0 0  0
   148  0.1619352713291982E-03   4   0 2  0 2  0 0  0 0  0
   149  -.1287194140128409E-03   4   1 0  1 2  0 0  0 0  0
   150  -.1342429789005133E-03   4   0 1  1 2  0 0  0 0  0
   151  -.2812054691732495E-04   4   0 0  2 2  0 0  0 0  0
   152  0.7335584330456266E-04   4   1 0  0 3  0 0  0 0  0
   153  0.1015254082624797E-03   4   0 1  0 3  0 0  0 0  0
   154  -.1949060021995966E-03   4   0 0  1 3  0 0  0 0  0
   155  0.1243939840459305E-03   4   0 0  0 4  0 0  0 0  0
   156  -.9502631312779880E-05   4   3 0  0 0  0 1  0 0  0
   157  -.3469478580738633E-04   4   2 1  0 0  0 1  0 0  0
   158  -.1547452068644120E-04   4   1 2  0 0  0 1  0 0  0
   159  -.1898973241243567E-05   4   0 3  0 0  0 1  0 0  0
   160  0.2047839741160986       4   2 0  1 0  0 1  0 0  0
   161  0.1456201671728632       4   1 1  1 0  0 1  0 0  0
   162  0.1738296182596396       4   0 2  1 0  0 1  0 0  0
   163  0.1812732528466519E-04   4   1 0  2 0  0 1  0 0  0
   164  -.1309808263507532E-04   4   0 1  2 0  0 1  0 0  0
   165  -.5494024530900127E-01   4   0 0  3 0  0 1  0 0  0
   166  0.4891154277008638       4   2 0  0 1  0 1  0 0  0
   167  0.3112063082758038E-01   4   1 1  0 1  0 1  0 0  0
   168  -.1570277834519095       4   0 2  0 1  0 1  0 0  0
   169  0.2023050631067184E-04   4   1 0  1 1  0 1  0 0  0
   170  -.3883110990843325E-05   4   0 1  1 1  0 1  0 0  0
   171  0.2217677705334037       4   0 0  2 1  0 1  0 0  0
   172  -.1027716033960659E-04   4   1 0  0 2  0 1  0 0  0
   173  -.2033643721737628E-05   4   0 1  0 2  0 1  0 0  0
   174  0.2792575520303712       4   0 0  1 2  0 1  0 0  0
   175  -.1467244214011068       4   0 0  0 3  0 1  0 0  0
   176  -.9470896618950072E-05   4   3 0  0 0  0 0  1 0  0
   177  -.3457892017303234E-04   4   2 1  0 0  0 0  1 0  0
   178  -.1542284245543515E-04   4   1 2  0 0  0 0  1 0  0
   179  -.1892631488899587E-05   4   0 3  0 0  0 0  1 0  0
   180  0.2041000838854965       4   2 0  1 0  0 0  1 0  0
   181  0.1451338585633266       4   1 1  1 0  0 0  1 0  0
   182  0.1732491022391348       4   0 2  1 0  0 0  1 0  0
   183  0.1806678782941441E-04   4   1 0  2 0  0 0  1 0  0
   184  -.1305434068313588E-04   4   0 1  2 0  0 0  1 0  0
   185  -.5475676856383165E-01   4   0 0  3 0  0 0  1 0  0
   186  0.4874819929358387       4   2 0  0 1  0 0  1 0  0
   187  0.3101670133072831E-01   4   1 1  0 1  0 0  1 0  0
   188  -.1565033783196259       4   0 2  0 1  0 0  1 0  0
   189  0.2016294513707071E-04   4   1 0  1 1  0 0  1 0  0
   190  -.3870143073395499E-05   4   0 1  1 1  0 0  1 0  0
   191  0.2210271617412127       4   0 0  2 1  0 0  1 0  0
   192  -.1024283905257756E-04   4   1 0  0 2  0 0  1 0  0
   193  -.2026852228019297E-05   4   0 1  0 2  0 0  1 0  0
   194  0.2783249521407575       4   0 0  1 2  0 0  1 0  0
   195  -.1462344250582776       4   0 0  0 3  0 0  1 0  0
   196  0.1897352793172999E-04   4   3 0  0 0  0 0  0 1  0
   197  0.3863647217876768E-04   4   2 1  0 0  0 0  0 1  0
   198  0.1120648105513990E-04   4   1 2  0 0  0 0  0 1  0
   199  0.1032972422629700E-05   4   0 3  0 0  0 0  0 1  0
   200  -.4088840580015958       4   2 0  1 0  0 0  0 1  0
   201  -.1880933352378779       4   1 1  1 0  0 0  0 1  0
   202  -.1149393116378734       4   0 2  1 0  0 0  0 1  0
   203  -.3619411311407969E-04   4   1 0  2 0  0 0  0 1  0
   204  0.1024263271567973E-04   4   0 1  2 0  0 0  0 1  0
   205  0.1096970138728334       4   0 0  3 0  0 0  0 1  0
   206  -.4948738949926161       4   2 0  0 1  0 0  0 1  0
   207  -.3029249416459570E-01   4   1 1  0 1  0 0  0 1  0
   208  -.1580105508334432E-01   4   0 2  0 1  0 0  0 1  0
   209  -.2623303308342428E-04   4   1 0  1 1  0 0  0 1  0
   210  0.1102791556812912E-05   4   0 1  1 1  0 0  0 1  0
   211  -.1490344695850495       4   0 0  2 1  0 0  0 1  0
   212  0.6093981439104319E-05   4   1 0  0 2  0 0  0 1  0
   213  0.9997601885873000E-06   4   0 1  0 2  0 0  0 1  0
   214  -.1642669520111167       4   0 0  1 2  0 0  0 1  0
   215  -.1936552153402922E-01   4   0 0  0 3  0 0  0 1  0
   216  -.1048477230102424E-03   4   2 0  0 0  0 2  0 0  0
   217  -.6031170114900895E-05   4   1 1  0 0  0 2  0 0  0
   218  0.7222675142060100E-04   4   0 2  0 0  0 2  0 0  0
   219  -.1570125266746558E-03   4   1 0  1 0  0 2  0 0  0
   220  -.1357945233768471E-03   4   0 1  1 0  0 2  0 0  0
   221  -.1239396607066528E-03   4   0 0  2 0  0 2  0 0  0
   222  0.2445764685884963E-04   4   1 0  0 1  0 2  0 0  0
   223  0.1246407411398207E-03   4   0 1  0 1  0 2  0 0  0
   224  -.2124789117978388E-03   4   0 0  1 1  0 2  0 0  0
   225  0.1933516510339636E-03   4   0 0  0 2  0 2  0 0  0
   226  -.1266079805459925E-03   4   2 0  0 0  0 1  1 0  0
   227  -.9305640304586885E-05   4   1 1  0 0  0 1  1 0  0
   228  0.8447184145064835E-04   4   0 2  0 0  0 1  1 0  0
   229  -.1309723702174310E-03   4   1 0  1 0  0 1  1 0  0
   230  -.1626472716061136E-03   4   0 1  1 0  0 1  1 0  0
   231  -.8523012101471436E-04   4   0 0  2 0  0 1  1 0  0
   232  0.2011270235178000E-04   4   1 0  0 1  0 1  1 0  0
   233  0.1454867030062544E-03   4   0 1  0 1  0 1  1 0  0
   234  -.2535326961508547E-03   4   0 0  1 1  0 1  1 0  0
   235  0.2237386937570997E-03   4   0 0  0 2  0 1  1 0  0
   236  -.1042861687457072E-03   4   2 0  0 0  0 0  2 0  0
   237  -.5995490191219660E-05   4   1 1  0 0  0 0  2 0  0
   238  0.7184449541845496E-04   4   0 2  0 0  0 0  2 0  0
   239  -.1562694768536585E-03   4   1 0  1 0  0 0  2 0  0
   240  -.1350694422830246E-03   4   0 1  1 0  0 0  2 0  0
   241  -.1233834397074729E-03   4   0 0  2 0  0 0  2 0  0
   242  0.2434238497775353E-04   4   1 0  0 1  0 0  2 0  0
   243  0.1239815633246747E-03   4   0 1  0 1  0 0  2 0  0
   244  -.2113459788131817E-03   4   0 0  1 1  0 0  2 0  0
   245  0.1923323444229464E-03   4   0 0  0 2  0 0  2 0  0
   246  0.8520168590793014E-04   4   2 0  0 0  0 1  0 1  0
   247  0.5208288524448580E-05   4   1 1  0 0  0 1  0 1  0
   248  0.4763301171305830E-05   4   0 2  0 0  0 1  0 1  0
   249  0.2157625587346627E-03   4   1 0  1 0  0 1  0 1  0
   250  0.1068904215789939E-03   4   0 1  1 0  0 1  0 1  0
   251  0.9395546280010838E-04   4   0 0  2 0  0 1  0 1  0
   252  -.2118910803125047E-04   4   1 0  0 1  0 1  0 1  0
   253  0.1540523330028299E-04   4   0 1  0 1  0 1  0 1  0
   254  0.1441631464281741E-03   4   0 0  1 1  0 1  0 1  0
   255  0.2917881301981450E-04   4   0 0  0 2  0 1  0 1  0
   256  0.8491714899104133E-04   4   2 0  0 0  0 0  1 1  0
   257  0.5190895085067397E-05   4   1 1  0 0  0 0  1 1  0
   258  0.4747393797935763E-05   4   0 2  0 0  0 0  1 1  0
   259  0.2150420047621891E-03   4   1 0  1 0  0 0  1 1  0
   260  0.1065334536308020E-03   4   0 1  1 0  0 0  1 1  0
   261  0.9364169204046758E-04   4   0 0  2 0  0 0  1 1  0
   262  -.2111834554097120E-04   4   1 0  0 1  0 0  1 1  0
   263  0.1535378645929026E-04   4   0 1  0 1  0 0  1 1  0
   264  0.1436817036400819E-03   4   0 0  1 1  0 0  1 1  0
   265  0.2908136835769706E-04   4   0 0  0 2  0 0  1 1  0
   266  0.1792382583650269E-08   4   2 0  0 0  0 0  0 2  0
   267  0.3390109811473542E-09   4   1 1  0 0  0 0  0 2  0
   268  0.6784378160620789E-08   4   0 2  0 0  0 0  0 2  0
   269  -.1898613198400523E-04   4   1 0  1 0  0 0  0 2  0
   270  0.1020995370466367E-05   4   0 1  1 0  0 0  0 2  0
   271  0.4395737612465632E-04   4   0 0  2 0  0 0  0 2  0
   272  -.3573966984030712E-05   4   1 0  0 1  0 0  0 2  0
   273  -.1060275090822552E-06   4   0 1  0 1  0 0  0 2  0
   274  0.1042580029001362E-04   4   0 0  1 1  0 0  0 2  0
   275  0.4970935485097373E-06   4   0 0  0 2  0 0  0 2  0
   276  -.1776429198086609E-05   4   1 0  0 0  0 3  0 0  0
   277  -.3805260542148015E-06   4   0 1  0 0  0 3  0 0  0
   278  0.3421757228843242E-01   4   0 0  1 0  0 3  0 0  0
   279  -.7025980908310686E-01   4   0 0  0 1  0 3  0 0  0
   280  -.1068983652270829E-05   4   1 0  0 0  0 2  1 0  0
   281  -.4206982318514616E-06   4   0 1  0 0  0 2  1 0  0
   282  0.1971604014996790E-01   4   0 0  1 0  0 2  1 0  0
   283  -.3903479036132966E-01   4   0 0  0 1  0 2  1 0  0
   284  -.1072497779159241E-05   4   1 0  0 0  0 1  2 0  0
   285  -.4204906293554507E-06   4   0 1  0 0  0 1  2 0  0
   286  0.1978811102416096E-01   4   0 0  1 0  0 1  2 0  0
   287  -.3919003214033609E-01   4   0 0  0 1  0 1  2 0  0
   288  -.1765751457756776E-05   4   1 0  0 0  0 0  3 0  0
   289  -.3779197422858468E-06   4   0 1  0 0  0 0  3 0  0
   290  0.3401335340999938E-01   4   0 0  1 0  0 0  3 0  0
   291  -.6984289214360485E-01   4   0 0  0 1  0 0  3 0  0
   292  0.2136298251258422E-05   4   1 0  0 0  0 2  0 1  0
   293  0.3972128873491816E-06   4   0 1  0 0  0 2  0 1  0
   294  -.3940749130733472E-01   4   0 0  1 0  0 2  0 1  0
   295  -.7881977711847128E-02   4   0 0  0 1  0 2  0 1  0
   296  0.1431516405819163E-05   4   1 0  0 0  0 1  1 1  0
   297  0.3933360068706271E-06   4   0 1  0 0  0 1  1 1  0
   298  -.2495993934529897E-01   4   0 0  1 0  0 1  1 1  0
   299  -.7852285743886597E-02   4   0 0  0 1  0 1  1 1  0
   300  0.2126773611673956E-05   4   1 0  0 0  0 0  2 1  0
   301  0.3952295810816762E-06   4   0 1  0 0  0 0  2 1  0
   302  -.3923420954635653E-01   4   0 0  1 0  0 0  2 1  0
   303  -.7842543677304690E-02   4   0 0  0 1  0 0  2 1  0
   304  -.4025393868118913E-08   4   1 0  0 0  0 1  0 2  0
   305  0.6990723521012022E-10   4   0 1  0 0  0 1  0 2  0
   306  -.2064168756534970E-02   4   0 0  1 0  0 1  0 2  0
   307  -.5956861862994132E-04   4   0 0  0 1  0 1  0 2  0
   308  -.4011950787172891E-08   4   1 0  0 0  0 0  1 2  0
   309  0.6967377516804525E-10   4   0 1  0 0  0 0  1 2  0
   310  -.2057275322353866E-02   4   0 0  1 0  0 0  1 2  0
   311  -.5936968511227746E-04   4   0 0  0 1  0 0  1 2  0
   312  0.5663784324429829E-09   4   1 0  0 0  0 0  0 3  0
   313  -.1554788857498290E-10   4   0 1  0 0  0 0  0 3  0
   314  -.1192293147775008E-04   4   0 0  1 0  0 0  0 3  0
   315  0.2678449436821122E-06   4   0 0  0 1  0 0  0 3  0
   316  0.2153985411947381E-04   4   0 0  0 0  0 4  0 0  0
   317  0.1115022172919393E-04   4   0 0  0 0  0 3  1 0  0
   318  0.9776672456417589E-05   4   0 0  0 0  0 2  2 0  0
   319  0.1122365994866087E-04   4   0 0  0 0  0 1  3 0  0
   320  0.2137757799322038E-04   4   0 0  0 0  0 0  4 0  0
   321  0.1866411684466696E-05   4   0 0  0 0  0 3  0 1  0
   322  0.2193949256676571E-05   4   0 0  0 0  0 2  1 1  0
   323  0.2192277281792170E-05   4   0 0  0 0  0 1  2 1  0
   324  0.1853411014749846E-05   4   0 0  0 0  0 0  3 1  0
   325  0.1194498997243124E-07   4   0 0  0 0  0 2  0 2  0
   326  0.1707410289709527E-07   4   0 0  0 0  0 1  1 2  0
   327  0.1187658877994947E-07   4   0 0  0 0  0 0  2 2  0
   328  -.4611324960905313E-10   4   0 0  0 0  0 1  0 3  0
   329  -.4595925122590301E-10   4   0 0  0 0  0 0  1 3  0
   -------------------------------------------------------
     I  COEFFICIENT            ORDER EXPONENTS
     1  0.5873288746669820E-04   0   0 0  0 0  0 0  0 0  0
     2  0.4538835165162128E-04   1   1 0  0 0  0 0  0 0  0
     3  0.5543407409085852E-05   1   0 1  0 0  0 0  0 0  0
     4  -.8881487765535865       1   0 0  1 0  0 0  0 0  0
     5  0.8860291364467470       1   0 0  0 1  0 0  0 0  0
     6  0.8028932006850358E-06   1   0 0  0 0  0 1  0 0  0
     7  0.8002118833673907E-06   1   0 0  0 0  0 0  1 0  0
     8  0.5712978238264587E-04   1   0 0  0 0  0 0  0 1  0
     9  0.2661808219000424E-04   2   2 0  0 0  0 0  0 0  0
    10  -.2617044214966211E-03   2   1 1  0 0  0 0  0 0  0
    11  -.6183463729754452E-05   2   0 2  0 0  0 0  0 0  0
    12  0.6609781575845501E-04   2   1 0  1 0  0 0  0 0  0
    13  0.2586484491565904E-03   2   0 1  1 0  0 0  0 0  0
    14  0.4119322085253291E-04   2   0 0  2 0  0 0  0 0  0
    15  0.3282054161946958E-03   2   1 0  0 1  0 0  0 0  0
    16  0.7230096029170460E-04   2   0 1  0 1  0 0  0 0  0
    17  0.3336196602301303E-03   2   0 0  1 1  0 0  0 0  0
    18  0.1348822952717880E-04   2   0 0  0 2  0 0  0 0  0
    19  -.1983004001294269E-07   2   1 0  0 0  0 1  0 0  0
    20  -.2831542814227968E-05   2   0 1  0 0  0 1  0 0  0
    21  -.1995666623412707E-01   2   0 0  1 0  0 1  0 0  0
    22  0.5603372786453288E-01   2   0 0  0 1  0 1  0 0  0
    23  -.1976381622421368E-07   2   1 0  0 0  0 0  1 0  0
    24  -.2822086681361409E-05   2   0 1  0 0  0 0  1 0  0
    25  -.1989001956838165E-01   2   0 0  1 0  0 0  1 0  0
    26  0.5584659935881775E-01   2   0 0  0 1  0 0  1 0  0
    27  0.4542794550785845E-04   2   1 0  0 0  0 0  0 1  0
    28  0.5653629495589379E-05   2   0 1  0 0  0 0  0 1  0
    29  -.8483020907510779       2   0 0  1 0  0 0  0 1  0
    30  -.1118803272233507       2   0 0  0 1  0 0  0 1  0
    31  -.5956372470176342E-06   2   0 0  0 0  0 2  0 0  0
    32  -.3897507883601097E-06   2   0 0  0 0  0 1  1 0  0
    33  -.5929972754338132E-06   2   0 0  0 0  0 0  2 0  0
    34  0.1581006184675681E-05   2   0 0  0 0  0 1  0 1  0
    35  0.1575726305286268E-05   2   0 0  0 0  0 0  1 1  0
    36  -.1578360209315218E-05   2   0 0  0 0  0 0  0 2  0
    37  0.7080476290650359E-04   3   3 0  0 0  0 0  0 0  0
    38  0.2602796516461777E-04   3   2 1  0 0  0 0  0 0  0
    39  0.4460996977338333E-05   3   1 2  0 0  0 0  0 0  0
    40  0.3159399856320769E-05   3   0 3  0 0  0 0  0 0  0
    41  -3.788163416285893       3   2 0  1 0  0 0  0 0  0
    42  -1.312369815650406       3   1 1  1 0  0 0  0 0  0
    43  -.5049461418335122       3   0 2  1 0  0 0  0 0  0
    44  -.2291406680090462E-03   3   1 0  2 0  0 0  0 0  0
    45  -.2606633840573140E-04   3   0 1  2 0  0 0  0 0  0
    46  -.5391671712587339       3   0 0  3 0  0 0  0 0  0
    47  -.3057161474220526       3   2 0  0 1  0 0  0 0  0
    48  -.2398584076262357       3   1 1  0 1  0 0  0 0  0
    49  -.1318985930282106       3   0 2  0 1  0 0  0 0  0
    50  -.5994313693637557E-04   3   1 0  1 1  0 0  0 0  0
    51  -.5478003690314801E-04   3   0 1  1 1  0 0  0 0  0
    52  -.4107358221621627       3   0 0  2 1  0 0  0 0  0
    53  -.5062044460868445E-05   3   1 0  0 2  0 0  0 0  0
    54  -.3673503882318298E-05   3   0 1  0 2  0 0  0 0  0
    55  0.3786943788257865       3   0 0  1 2  0 0  0 0  0
    56  -.4323909439187802E-02   3   0 0  0 3  0 0  0 0  0
    57  0.5238352694530243E-05   3   2 0  0 0  0 1  0 0  0
    58  0.1096824083931220E-03   3   1 1  0 0  0 1  0 0  0
    59  0.5168978287739848E-05   3   0 2  0 0  0 1  0 0  0
    60  -.2652806776517143E-04   3   1 0  1 0  0 1  0 0  0
    61  -.1108263695966550E-03   3   0 1  1 0  0 1  0 0  0
    62  -.3156893322931141E-04   3   0 0  2 0  0 1  0 0  0
    63  -.1798022664239485E-03   3   1 0  0 1  0 1  0 0  0
    64  -.7149571187330417E-04   3   0 1  0 1  0 1  0 0  0
    65  -.1778157847107584E-03   3   0 0  1 1  0 1  0 0  0
    66  -.1581727208544281E-04   3   0 0  0 2  0 1  0 0  0
    67  0.5220858853775016E-05   3   2 0  0 0  0 0  1 0  0
    68  0.1093161164120595E-03   3   1 1  0 0  0 0  1 0  0
    69  0.5151716127610011E-05   3   0 2  0 0  0 0  1 0  0
    70  -.2643947544997810E-04   3   1 0  1 0  0 0  1 0  0
    71  -.1104562572781144E-03   3   0 1  1 0  0 0  1 0  0
    72  -.3146350659561545E-04   3   0 0  2 0  0 0  1 0  0
    73  -.1792018043322333E-03   3   1 0  0 1  0 0  1 0  0
    74  -.7125694700368434E-04   3   0 1  0 1  0 0  1 0  0
    75  -.1772219566119756E-03   3   0 0  1 1  0 0  1 0  0
    76  -.1576444921245848E-04   3   0 0  0 2  0 0  1 0  0
    77  0.1615887064169913E-04   3   2 0  0 0  0 0  0 1  0
    78  -.2189985248051824E-03   3   1 1  0 0  0 0  0 1  0
    79  -.4137230685595474E-05   3   0 2  0 0  0 0  0 1  0
    80  0.1190653589736046E-03   3   1 0  1 0  0 0  0 1  0
    81  0.2212826268747702E-03   3   0 1  1 0  0 0  0 1  0
    82  0.1042256606774588E-03   3   0 0  2 0  0 0  0 1  0
    83  0.3590040707561814E-03   3   1 0  0 1  0 0  0 1  0
    84  0.7045169858528396E-04   3   0 1  0 1  0 0  0 1  0
    85  0.3550377413227349E-03   3   0 0  1 1  0 0  0 1  0
    86  0.1809349177072179E-04   3   0 0  0 2  0 0  0 1  0
    87  0.6560173694988440E-07   3   1 0  0 0  0 2  0 0  0
    88  0.2179282286312656E-05   3   0 1  0 0  0 2  0 0  0
    89  0.1481204319155095E-01   3   0 0  1 0  0 2  0 0  0
    90  -.4148060837541911E-01   3   0 0  0 1  0 2  0 0  0
    91  0.7741743379895620E-07   3   1 0  0 0  0 1  1 0  0
    92  0.1486760227167187E-05   3   0 1  0 0  0 1  1 0  0
    93  0.9701554560140725E-02   3   0 0  1 0  0 1  1 0  0
    94  -.2702408046229825E-01   3   0 0  0 1  0 1  1 0  0
    95  0.6525338498217761E-07   3   1 0  0 0  0 0  2 0  0
    96  0.2169521853356832E-05   3   0 1  0 0  0 0  2 0  0
    97  0.1474637784403232E-01   3   0 0  1 0  0 0  2 0  0
    98  -.4129695662581657E-01   3   0 0  0 1  0 0  2 0  0
    99  -.1335533260055155E-06   3   1 0  0 0  0 1  0 1  0
   100  -.2878330156517369E-05   3   0 1  0 0  0 1  0 1  0
   101  -.3932562799771488E-01   3   0 0  1 0  0 1  0 1  0
   102  0.5395162074513729E-01   3   0 0  0 1  0 1  0 1  0
   103  -.1331073154457907E-06   3   1 0  0 0  0 0  1 1  0
   104  -.2868717774088587E-05   3   0 1  0 0  0 0  1 1  0
   105  -.3919429734590953E-01   3   0 0  1 0  0 0  1 1  0
   106  0.5377144558000537E-01   3   0 0  0 1  0 0  1 1  0
   107  0.8444104295835701E-07   3   1 0  0 0  0 0  0 2  0
   108  0.6661534694340899E-09   3   0 1  0 0  0 0  0 2  0
   109  0.3925995537639763E-01   3   0 0  1 0  0 0  0 2  0
   110  0.2078614015909270E-02   3   0 0  0 1  0 0  0 2  0
   111  0.4931495174172310E-06   3   0 0  0 0  0 3  0 0  0
   112  0.2885227817779985E-06   3   0 0  0 0  0 2  1 0  0
   113  0.2895395795217388E-06   3   0 0  0 0  0 1  2 0  0
   114  0.4901990042963200E-06   3   0 0  0 0  0 0  3 0  0
   115  -.1172364368336022E-05   3   0 0  0 0  0 2  0 1  0
   116  -.7664342946339044E-06   3   0 0  0 0  0 1  1 1  0
   117  -.1167169396385434E-05   3   0 0  0 0  0 0  2 1  0
   118  0.7650885379243014E-06   3   0 0  0 0  0 1  0 2  0
   119  0.7625334718900003E-06   3   0 0  0 0  0 0  1 2  0
   120  0.1691273316689582E-07   3   0 0  0 0  0 0  0 3  0
   121  0.2594186537806702E-03   4   4 0  0 0  0 0  0 0  0
   122  0.3525278698473140E-03   4   3 1  0 0  0 0  0 0  0
   123  0.4718278110535095E-04   4   2 2  0 0  0 0  0 0  0
   124  -.5411646191040916E-04   4   1 3  0 0  0 0  0 0  0
   125  -.4985970223915002E-04   4   0 4  0 0  0 0  0 0  0
   126  0.3001912603514713E-07   4   3 0  1 0  0 0  0 0  0
   127  0.2393269994635122E-02   4   2 1  1 0  0 0  0 0  0
   128  0.2072477003874861E-03   4   1 2  1 0  0 0  0 0  0
   129  -.1595427800713533E-03   4   0 3  1 0  0 0  0 0  0
   130  -.8993448649560838E-04   4   2 0  2 0  0 0  0 0  0
   131  0.3416026797429263E-02   4   1 1  2 0  0 0  0 0  0
   132  0.2058406067639606E-03   4   0 2  2 0  0 0  0 0  0
   133  0.1428786665161476E-07   4   1 0  3 0  0 0  0 0  0
   134  0.9516928143071388E-07   4   0 1  3 0  0 0  0 0  0
   135  -.1913930672987682E-03   4   0 0  4 0  0 0  0 0  0
   136  0.1196666894436883E-02   4   3 0  0 1  0 0  0 0  0
   137  0.6077185458991525E-03   4   2 1  0 1  0 0  0 0  0
   138  0.3376875706180324E-03   4   1 2  0 1  0 0  0 0  0
   139  -.4167097506800252E-04   4   0 3  0 1  0 0  0 0  0
   140  0.2938598035081381E-02   4   2 0  1 1  0 0  0 0  0
   141  0.1869845318985408E-02   4   1 1  1 1  0 0  0 0  0
   142  0.9046723968554580E-03   4   0 2  1 1  0 0  0 0  0
   143  0.5112231377503148E-03   4   1 0  2 1  0 0  0 0  0
   144  0.5556282147269532E-07   4   0 1  2 1  0 0  0 0  0
   145  0.7016884332218401E-03   4   0 0  3 1  0 0  0 0  0
   146  -.1616533292135988E-03   4   2 0  0 2  0 0  0 0  0
   147  -.3080821731861281E-03   4   1 1  0 2  0 0  0 0  0
   148  -.3168349862363564E-04   4   0 2  0 2  0 0  0 0  0
   149  0.5224551895630885E-04   4   1 0  1 2  0 0  0 0  0
   150  -.1594992676459478E-03   4   0 1  1 2  0 0  0 0  0
   151  0.2929151668684600E-03   4   0 0  2 2  0 0  0 0  0
   152  -.1724031930695304E-04   4   1 0  0 3  0 0  0 0  0
   153  -.4167022570783521E-04   4   0 1  0 3  0 0  0 0  0
   154  0.1421947180100979E-03   4   0 0  1 3  0 0  0 0  0
   155  0.1067892210263421E-04   4   0 0  0 4  0 0  0 0  0
   156  -.2225972120943797E-04   4   3 0  0 0  0 1  0 0  0
   157  -.2080288498711739E-04   4   2 1  0 0  0 1  0 0  0
   158  -.5791366267105271E-05   4   1 2  0 0  0 1  0 0  0
   159  -.4827704622985837E-05   4   0 3  0 0  0 1  0 0  0
   160   1.608285043749541       4   2 0  1 0  0 1  0 0  0
   161   1.209605120966486       4   1 1  1 0  0 1  0 0  0
   162  0.5163820124189411       4   0 2  1 0  0 1  0 0  0
   163  0.8631932560289192E-04   4   1 0  2 0  0 1  0 0  0
   164  0.2148484701043946E-04   4   0 1  2 0  0 1  0 0  0
   165  0.3014190827195071       4   0 0  3 0  0 1  0 0  0
   166  0.2912371428158919       4   2 0  0 1  0 1  0 0  0
   167  0.3492647220542118       4   1 1  0 1  0 1  0 0  0
   168  0.2046489006983032       4   0 2  0 1  0 1  0 0  0
   169  0.5412685809187942E-04   4   1 0  1 1  0 1  0 0  0
   170  0.5792500960093475E-04   4   0 1  1 1  0 1  0 0  0
   171  0.4194861242739219       4   0 0  2 1  0 1  0 0  0
   172  0.7054648032333641E-05   4   1 0  0 2  0 1  0 0  0
   173  0.5798069393282188E-05   4   0 1  0 2  0 1  0 0  0
   174  -.3337027447639718       4   0 0  1 2  0 1  0 0  0
   175  0.8976860740438571E-02   4   0 0  0 3  0 1  0 0  0
   176  -.2218538333247880E-04   4   3 0  0 0  0 0  1 0  0
   177  -.2073341231537927E-04   4   2 1  0 0  0 0  1 0  0
   178  -.5772025599316220E-05   4   1 2  0 0  0 0  1 0  0
   179  -.4811582169839106E-05   4   0 3  0 0  0 0  1 0  0
   180   1.602914064725474       4   2 0  1 0  0 0  1 0  0
   181   1.205565561090351       4   1 1  1 0  0 0  1 0  0
   182  0.5146575190103333       4   0 2  1 0  0 0  1 0  0
   183  0.8603105625102126E-04   4   1 0  2 0  0 0  1 0  0
   184  0.2141309687940580E-04   4   0 1  2 0  0 0  1 0  0
   185  0.3004124728669610       4   0 0  3 0  0 0  1 0  0
   186  0.2902645362551520       4   2 0  0 1  0 0  1 0  0
   187  0.3480983283833295       4   1 1  0 1  0 0  1 0  0
   188  0.2039654615547126       4   0 2  0 1  0 0  1 0  0
   189  0.5394609770952060E-04   4   1 0  1 1  0 0  1 0  0
   190  0.5773156502918747E-04   4   0 1  1 1  0 0  1 0  0
   191  0.4180852213785567       4   0 0  2 1  0 0  1 0  0
   192  0.7031088547806204E-05   4   1 0  0 2  0 0  1 0  0
   193  0.5778706339940066E-05   4   0 1  0 2  0 0  1 0  0
   194  -.3325883213914685       4   0 0  1 2  0 0  1 0  0
   195  0.8946881893762299E-02   4   0 0  0 3  0 0  1 0  0
   196  0.1152498674484202E-03   4   3 0  0 0  0 0  0 1  0
   197  0.4153629730249660E-04   4   2 1  0 0  0 0  0 1  0
   198  0.7102394889083185E-05   4   1 2  0 0  0 0  0 1  0
   199  0.3320487080183428E-05   4   0 3  0 0  0 0  0 1  0
   200  -6.999362524760899       4   2 0  1 0  0 0  0 1  0
   201  -2.415170682056835       4   1 1  1 0  0 0  0 1  0
   202  -.5260933895957639       4   0 2  1 0  0 0  0 1  0
   203  -.4014910498629590E-03   4   1 0  2 0  0 0  0 1  0
   204  -.4289794388984539E-04   4   0 1  2 0  0 0  0 1  0
   205  -1.140998726845203       4   0 0  3 0  0 0  0 1  0
   206  -.5815016790710451       4   2 0  0 1  0 0  0 1  0
   207  -.4575046428113041       4   1 1  0 1  0 0  0 1  0
   208  -.1448171761965945       4   0 2  0 1  0 0  0 1  0
   209  -.1080729558014003E-03   4   1 0  1 1  0 0  0 1  0
   210  -.6087653772715408E-04   4   0 1  1 1  0 0  0 1  0
   211  -.8375713456524767       4   0 0  2 1  0 0  0 1  0
   212  -.9023692119451310E-05   4   1 0  0 2  0 0  0 1  0
   213  -.4229767968585709E-05   4   0 1  0 2  0 0  0 1  0
   214  0.2875966873296526       4   0 0  1 2  0 0  0 1  0
   215  -.9275923755824624E-02   4   0 0  0 3  0 0  0 1  0
   216  -.1329524750386350E-03   4   2 0  0 0  0 2  0 0  0
   217  -.2464553984222469E-03   4   1 1  0 0  0 2  0 0  0
   218  -.1061666586200427E-03   4   0 2  0 0  0 2  0 0  0
   219  -.2430423164937733E-03   4   1 0  1 0  0 2  0 0  0
   220  -.2031699837707839E-03   4   0 1  1 0  0 2  0 0  0
   221  -.1332387728234022E-03   4   0 0  2 0  0 2  0 0  0
   222  0.3278656793677240E-04   4   1 0  0 1  0 2  0 0  0
   223  -.7514594673807937E-04   4   0 1  0 1  0 2  0 0  0
   224  0.3266421789077183E-03   4   0 0  1 1  0 2  0 0  0
   225  0.1001410118786131E-04   4   0 0  0 2  0 2  0 0  0
   226  -.1252040918333795E-03   4   2 0  0 0  0 1  1 0  0
   227  -.2365958650939494E-03   4   1 1  0 0  0 1  1 0  0
   228  -.1253146348906251E-03   4   0 2  0 0  0 1  1 0  0
   229  -.2781958452186882E-03   4   1 0  1 0  0 1  1 0  0
   230  -.2462416902425873E-03   4   0 1  1 0  0 1  1 0  0
   231  -.1339131095271077E-03   4   0 0  2 0  0 1  1 0  0
   232  -.3026012212863696E-04   4   1 0  0 1  0 1  1 0  0
   233  -.1083260578457857E-03   4   0 1  0 1  0 1  1 0  0
   234  0.2648776422168223E-03   4   0 0  1 1  0 1  1 0  0
   235  0.6156668281371855E-05   4   0 0  0 2  0 1  1 0  0
   236  -.1322994072045502E-03   4   2 0  0 0  0 0  2 0  0
   237  -.2452372794717474E-03   4   1 1  0 0  0 0  2 0  0
   238  -.1056028592874980E-03   4   0 2  0 0  0 0  2 0  0
   239  -.2417661327622556E-03   4   1 0  1 0  0 0  2 0  0
   240  -.2020803130034430E-03   4   0 1  1 0  0 0  2 0  0
   241  -.1325702066949259E-03   4   0 0  2 0  0 0  2 0  0
   242  0.3272760281213938E-04   4   1 0  0 1  0 0  2 0  0
   243  -.7471411047957640E-04   4   0 1  0 1  0 0  2 0  0
   244  0.3251090461891009E-03   4   0 0  1 1  0 0  2 0  0
   245  0.9970378095492203E-05   4   0 0  0 2  0 0  2 0  0
   246  0.2909795374233459E-03   4   2 0  0 0  0 1  0 1  0
   247  0.3530442287338162E-03   4   1 1  0 0  0 1  0 1  0
   248  0.9351014638204681E-04   4   0 2  0 0  0 1  0 1  0
   249  0.3821421904589032E-03   4   1 0  1 0  0 1  0 1  0
   250  0.1665000372985678E-03   4   0 1  1 0  0 1  0 1  0
   251  0.2561519796638956E-03   4   0 0  2 0  0 1  0 1  0
   252  -.4939600763378953E-04   4   1 0  0 1  0 1  0 1  0
   253  0.4583035997582219E-04   4   0 1  0 1  0 1  0 1  0
   254  -.2998885059029465E-03   4   0 0  1 1  0 1  0 1  0
   255  -.7651603142184041E-05   4   0 0  0 2  0 1  0 1  0
   256  0.2900077911536105E-03   4   2 0  0 0  0 0  1 1  0
   257  0.3518652131392433E-03   4   1 1  0 0  0 0  1 1  0
   258  0.9319786278735210E-04   4   0 2  0 0  0 0  1 1  0
   259  0.3808660002106980E-03   4   1 0  1 0  0 0  1 1  0
   260  0.1659439989201018E-03   4   0 1  1 0  0 0  1 1  0
   261  0.2552965424296222E-03   4   0 0  2 0  0 0  1 1  0
   262  -.4923104625340177E-04   4   1 0  0 1  0 0  1 1  0
   263  0.4567730632214782E-04   4   0 1  0 1  0 0  1 1  0
   264  -.2988870075174308E-03   4   0 0  1 1  0 0  1 1  0
   265  -.7626050084822194E-05   4   0 0  0 2  0 0  1 1  0
   266  -.1905313570354673E-03   4   2 0  0 0  0 0  0 2  0
   267  -.5908864808972808E-04   4   1 1  0 0  0 0  0 2  0
   268  -.2958938435557049E-05   4   0 2  0 0  0 0  0 2  0
   269  -.3896060419667962E-08   4   1 0  1 0  0 0  0 2  0
   270  -.4186307110929511E-09   4   0 1  1 0  0 0  0 2  0
   271  -.1117264313296242E-03   4   0 0  2 0  0 0  0 2  0
   272  -.1240276783418921E-04   4   1 0  0 1  0 0  0 2  0
   273  -.2796208374764894E-10   4   0 1  0 1  0 0  0 2  0
   274  -.5745757645827492E-04   4   0 0  1 1  0 0  0 2  0
   275  -.2427849435047156E-05   4   0 0  0 2  0 0  0 2  0
   276  -.2803208154531118E-07   4   1 0  0 0  0 3  0 0  0
   277  -.1778283535942327E-05   4   0 1  0 0  0 3  0 0  0
   278  -.1224451128757869E-01   4   0 0  1 0  0 3  0 0  0
   279  0.3421758805250502E-01   4   0 0  0 1  0 3  0 0  0
   280  0.9345493658133056E-08   4   1 0  0 0  0 2  1 0  0
   281  -.1023047107841342E-05   4   0 1  0 0  0 2  1 0  0
   282  -.7118110440683383E-02   4   0 0  1 0  0 2  1 0  0
   283  0.1971601645395267E-01   4   0 0  0 1  0 2  1 0  0
   284  0.9158725116788470E-08   4   1 0  0 0  0 1  2 0  0
   285  -.1026800605138459E-05   4   0 1  0 0  0 1  2 0  0
   286  -.7143585555979182E-02   4   0 0  1 0  0 1  2 0  0
   287  0.1978808752555178E-01   4   0 0  0 1  0 1  2 0  0
   288  -.2790721230469172E-07   4   1 0  0 0  0 0  3 0  0
   289  -.1767672954586194E-05   4   0 1  0 0  0 0  3 0  0
   290  -.1217132841077052E-01   4   0 0  1 0  0 0  3 0  0
   291  0.3401336913453993E-01   4   0 0  0 1  0 0  3 0  0
   292  0.8474553095415943E-07   4   1 0  0 0  0 2  0 1  0
   293  0.2134581168781859E-05   4   0 1  0 0  0 2  0 1  0
   294  0.2903961970463745E-01   4   0 0  1 0  0 2  0 1  0
   295  -.3940750305836851E-01   4   0 0  0 1  0 2  0 1  0
   296  0.3626224292081451E-07   4   1 0  0 0  0 1  1 1  0
   297  0.1395767683100686E-05   4   0 1  0 0  0 1  1 1  0
   298  0.1882187449453835E-01   4   0 0  1 0  0 1  1 1  0
   299  -.2495992583599605E-01   4   0 0  0 1  0 1  1 1  0
   300  0.8440196726540986E-07   4   1 0  0 0  0 0  2 1  0
   301  0.2125121956177711E-05   4   0 1  0 0  0 0  2 1  0
   302  0.2891121141305077E-01   4   0 0  1 0  0 0  2 1  0
   303  -.3923422128070458E-01   4   0 0  0 1  0 0  2 1  0
   304  -.8547374673640813E-07   4   1 0  0 0  0 1  0 2  0
   305  -.1440559918361844E-08   4   0 1  0 0  0 1  0 2  0
   306  -.1878775587686369E-01   4   0 0  1 0  0 1  0 2  0
   307  -.2064175918876590E-02   4   0 0  0 1  0 1  0 2  0
   308  -.8518830125358670E-07   4   1 0  0 0  0 0  1 2  0
   309  -.1435749068982141E-08   4   0 1  0 0  0 0  1 2  0
   310  -.1872501286801941E-01   4   0 0  1 0  0 0  1 2  0
   311  -.2057282460776367E-02   4   0 0  0 1  0 0  1 2  0
   312  0.2874033675742228E-07   4   1 0  0 0  0 0  0 3  0
   313  0.5146680281839342E-09   4   0 1  0 0  0 0  0 3  0
   314  -.5823955438369167E-03   4   0 0  1 0  0 0  0 3  0
   315  -.1192321738816711E-04   4   0 0  0 1  0 0  0 3  0
   316  -.1039977592524940E-04   4   0 0  0 0  0 4  0 0  0
   317  -.5638610318012695E-05   4   0 0  0 0  0 3  1 0  0
   318  -.5009093406996927E-05   4   0 0  0 0  0 2  2 0  0
   319  -.5672249701704945E-05   4   0 0  0 0  0 1  3 0  0
   320  -.1032100274238808E-04   4   0 0  0 0  0 0  4 0  0
   321  0.1149673854918887E-04   4   0 0  0 0  0 3  0 1  0
   322  0.6334265287599889E-05   4   0 0  0 0  0 2  1 1  0
   323  0.6359933611929320E-05   4   0 0  0 0  0 1  2 1  0
   324  0.1142860599806291E-04   4   0 0  0 0  0 0  3 1  0
   325  0.4444935631097698E-06   4   0 0  0 0  0 2  0 2  0
   326  0.5304630076921170E-06   4   0 0  0 0  0 1  1 2  0
   327  0.4421233872119738E-06   4   0 0  0 0  0 0  2 2  0
   328  0.2053071928444054E-08   4   0 0  0 0  0 1  0 3  0
   329  0.2046215552887100E-08   4   0 0  0 0  0 0  1 3  0
   330  -.1120126718808339E-14   4   0 0  0 0  0 0  0 4  0
   -------------------------------------------------------
     I  COEFFICIENT            ORDER EXPONENTS
     1  0.1011062063283344E-07   0   0 0  0 0  0 0  0 0  0
     2  -.7329108094498003E-06   1   1 0  0 0  0 0  0 0  0
     3  -.1503398559107320E-05   1   0 1  0 0  0 0  0 0  0
     4  0.1597456391919881E-05   1   0 0  1 0  0 0  0 0  0
     5  -.2497723756827162E-05   1   0 0  0 1  0 0  0 0  0
     6   1.000000000000000       1   0 0  0 0  1 0  0 0  0
     7  0.6229109768942678E-01   1   0 0  0 0  0 1  0 0  0
     8  -.6229109759258811E-01   1   0 0  0 0  0 0  1 0  0
     9  -.9684644975234775E-10   1   0 0  0 0  0 0  0 1  0
    10  -.1740776260678015E-01   2   2 0  0 0  0 0  0 0  0
    11  -.6193335445957065E-01   2   1 1  0 0  0 0  0 0  0
    12  -.6674922734328259E-01   2   0 2  0 0  0 0  0 0  0
    13  -.6528047900340117E-07   2   1 0  1 0  0 0  0 0  0
    14  -.2861518260419499E-05   2   0 1  1 0  0 0  0 0  0
    15  -.1604204225663797E-01   2   0 0  2 0  0 0  0 0  0
    16  -.2861398015171694E-05   2   1 0  0 1  0 0  0 0  0
    17  -.3934014469650355E-06   2   0 1  0 1  0 0  0 0  0
    18  0.5447747126619541E-01   2   0 0  1 1  0 0  0 0  0
    19  -.5871896619587028E-01   2   0 0  0 2  0 0  0 0  0
    20  0.1125170767955480E-05   2   1 0  0 0  0 1  0 0  0
    21  0.2305332228583428E-05   2   0 1  0 0  0 1  0 0  0
    22  -.2372568314043351E-05   2   0 0  1 0  0 1  0 0  0
    23  0.3663652889415032E-05   2   0 0  0 1  0 1  0 0  0
    24  0.3933836723110411E-06   2   1 0  0 0  0 0  1 0  0
    25  0.8042470067286959E-06   2   0 1  0 0  0 0  1 0  0
    26  -.7778358913196180E-06   2   0 0  1 0  0 0  1 0  0
    27  0.1170338204971705E-05   2   0 0  0 1  0 0  1 0  0
    28  -.1518536081685407E-05   2   1 0  0 0  0 0  0 1  0
    29  -.1606128933821660E-05   2   0 1  0 0  0 0  0 1  0
    30  0.3150389560115328E-05   2   0 0  1 0  0 0  0 1  0
    31  -.2336222235272129E-05   2   0 0  0 1  0 0  0 1  0
    32  -.4679646331436373E-01   2   0 0  0 0  0 2  0 0  0
    33  0.3130182879453525E-01   2   0 0  0 0  0 1  1 0  0
    34  0.1549463437498578E-01   2   0 0  0 0  0 0  2 0  0
    35  0.1447332371761796E-09   2   0 0  0 0  0 1  0 1  0
    36  0.4804921149741616E-10   2   0 0  0 0  0 0  1 1  0
    37  -.4796862737526137E-10   2   0 0  0 0  0 0  0 2  0
    38  -.4034999459593508E-04   3   3 0  0 0  0 0  0 0  0
    39  -.8245764375354518E-04   3   2 1  0 0  0 0  0 0  0
    40  -.6321793404145497E-05   3   1 2  0 0  0 0  0 0  0
    41  -.1564922833282714E-05   3   0 3  0 0  0 0  0 0  0
    42  0.5551911264121392E-04   3   2 0  1 0  0 0  0 0  0
    43  -.1306206645381317E-03   3   1 1  1 0  0 0  0 0  0
    44  0.3553432467878192E-04   3   0 2  1 0  0 0  0 0  0
    45  -.4333979109432239E-04   3   1 0  2 0  0 0  0 0  0
    46  0.7544767618566814E-04   3   0 1  2 0  0 0  0 0  0
    47  -.1686772766360117E-04   3   0 0  3 0  0 0  0 0  0
    48  -.6405706623667741E-04   3   2 0  0 1  0 0  0 0  0
    49  0.2446710252674887E-05   3   1 1  0 1  0 0  0 0  0
    50  -.1137153735624247E-05   3   0 2  0 1  0 0  0 0  0
    51  0.1495194178360093E-03   3   1 0  1 1  0 0  0 0  0
    52  0.2222026828897867E-05   3   0 1  1 1  0 0  0 0  0
    53  0.1084246116399241E-03   3   0 0  2 1  0 0  0 0  0
    54  0.2598006463829560E-05   3   1 0  0 2  0 0  0 0  0
    55  -.2227155916845585E-05   3   0 1  0 2  0 0  0 0  0
    56  -.1254723565758131E-04   3   0 0  1 2  0 0  0 0  0
    57  -.5494539123869779E-05   3   0 0  0 3  0 0  0 0  0
    58  0.2644841550504075E-01   3   2 0  0 0  0 1  0 0  0
    59  0.9478736039028633E-01   3   1 1  0 0  0 1  0 0  0
    60  0.1022094307186391       3   0 2  0 0  0 1  0 0  0
    61  0.1419980980022712E-06   3   1 0  1 0  0 1  0 0  0
    62  0.4305600162682853E-05   3   0 1  1 0  0 1  0 0  0
    63  0.2371702224588437E-01   3   0 0  2 0  0 1  0 0  0
    64  0.4234756196751015E-05   3   1 0  0 1  0 1  0 0  0
    65  0.6906231888897457E-06   3   0 1  0 1  0 1  0 0  0
    66  -.7987558918032112E-01   3   0 0  1 1  0 1  0 0  0
    67  0.8614795140674916E-01   3   0 0  0 2  0 1  0 0  0
    68  0.9068410900107376E-02   3   2 0  0 0  0 0  1 0  0
    69  0.3295045741079653E-01   3   1 1  0 0  0 0  1 0  0
    70  0.3556399163797499E-01   3   0 2  0 0  0 0  1 0  0
    71  0.7057025112477003E-07   3   1 0  1 0  0 0  1 0  0
    72  0.1444889710604368E-05   3   0 1  1 0  0 0  1 0  0
    73  0.7702761496812434E-02   3   0 0  2 0  0 0  1 0  0
    74  0.1404035479185447E-05   3   1 0  0 1  0 0  1 0  0
    75  0.3356608517598720E-06   3   0 1  0 1  0 0  1 0  0
    76  -.2549466158422014E-01   3   0 0  1 1  0 0  1 0  0
    77  0.2753285747811417E-01   3   0 0  0 2  0 0  1 0  0
    78  -.3551685362129495E-01   3   2 0  0 0  0 0  0 1  0
    79  -.6580457364126541E-01   3   1 1  0 0  0 0  0 1  0
    80  -.4275136986147091E-02   3   0 2  0 0  0 0  0 1  0
    81  -.2084637710342304E-06   3   1 0  1 0  0 0  0 1  0
    82  -.2870267232141185E-05   3   0 1  1 0  0 0  0 1  0
    83  -.3141981580754118E-01   3   0 0  2 0  0 0  0 1  0
    84  -.2843781252146239E-05   3   1 0  0 1  0 0  0 1  0
    85  -.3957711943270771E-06   3   0 1  0 1  0 0  0 1  0
    86  0.5089289474784199E-01   3   0 0  1 1  0 0  0 1  0
    87  0.3756990413492412E-02   3   0 0  0 2  0 0  0 1  0
    88  -.1429570021540626E-05   3   1 0  0 0  0 2  0 0  0
    89  -.2933168372666846E-05   3   0 1  0 0  0 2  0 0  0
    90  0.2940382150960157E-05   3   0 0  1 0  0 2  0 0  0
    91  -.4498951787329557E-05   3   0 0  0 1  0 2  0 0  0
    92  -.6094102931498500E-06   3   1 0  0 0  0 1  1 0  0
    93  -.1256889044422736E-05   3   0 1  0 0  0 1  1 0  0
    94  0.1137045683084939E-05   3   0 0  1 0  0 1  1 0  0
    95  -.1672869867691197E-05   3   0 0  0 1  0 1  1 0  0
    96  -.3055582821762653E-06   3   1 0  0 0  0 0  2 0  0
    97  -.6301780700085501E-06   3   0 1  0 0  0 0  2 0  0
    98  0.5705679827452579E-06   3   0 0  1 0  0 0  2 0  0
    99  -.8397320625660980E-06   3   0 0  0 1  0 0  2 0  0
   100  0.2343434410297991E-05   3   1 0  0 0  0 1  0 1  0
   101  0.2512720009603703E-05   3   0 1  0 0  0 1  0 1  0
   102  -.4645289665751404E-05   3   0 0  1 0  0 1  0 1  0
   103  0.3343609445523197E-05   3   0 0  0 1  0 1  0 1  0
   104  0.8271978440037047E-06   3   1 0  0 0  0 0  1 1  0
   105  0.9089093180828484E-06   3   0 1  0 0  0 0  1 1  0
   106  -.1500393591633173E-05   3   0 0  1 0  0 0  1 1  0
   107  0.1011798891393130E-05   3   0 0  0 1  0 0  1 1  0
   108  -.8260562427416414E-06   3   1 0  0 0  0 0  0 2  0
   109  -.1046853765900509E-06   3   0 1  0 0  0 0  0 2  0
   110  0.1497653977055455E-05   3   0 0  1 0  0 0  0 2  0
   111  0.1585216734686035E-06   3   0 0  0 1  0 0  0 2  0
   112  0.3901015813760554E-01   3   0 0  0 0  0 3  0 0  0
   113  -.2343763981750025E-01   3   0 0  0 0  0 2  1 0  0
   114  -.7864207358909898E-02   3   0 0  0 0  0 1  2 0  0
   115  -.7708359944672674E-02   3   0 0  0 0  0 0  3 0  0
   116  -.2565462339807775E-08   3   0 0  0 0  0 2  0 1  0
   117  -.1020744757246905E-08   3   0 0  0 0  0 1  1 1  0
   118  -.5120852063167132E-09   3   0 0  0 0  0 0  2 1  0
   119  -.7317351362251425E-11   3   0 0  0 0  0 1  0 2  0
   120  -.1082672133658655E-10   3   0 0  0 0  0 0  1 2  0
   121  -.1304630711033431E-12   3   0 0  0 0  0 0  0 3  0
   122  -.1968894589808174       4   4 0  0 0  0 0  0 0  0
   123  -.3382410065656050       4   3 1  0 0  0 0  0 0  0
   124  -.4296612615442156       4   2 2  0 0  0 0  0 0  0
   125  -.1501645890634525       4   1 3  0 0  0 0  0 0  0
   126  -.5980741767361145E-01   4   0 4  0 0  0 0  0 0  0
   127  0.1544926938665018E-04   4   3 0  1 0  0 0  0 0  0
   128  -.1240027725411768E-04   4   2 1  1 0  0 0  0 0  0
   129  -.7931167751242641E-05   4   1 2  1 0  0 0  0 0  0
   130  -.4951171364598657E-05   4   0 3  1 0  0 0  0 0  0
   131  -.7124226667196932       4   2 0  2 0  0 0  0 0  0
   132  -.1802077876769160       4   1 1  2 0  0 0  0 0  0
   133  -.2716511608390395       4   0 2  2 0  0 0  0 0  0
   134  -.2748806795792421E-04   4   1 0  3 0  0 0  0 0  0
   135  -.6362456266434826E-06   4   0 1  3 0  0 0  0 0  0
   136  -.7591267986727489E-01   4   0 0  4 0  0 0  0 0  0
   137  -.4431512748281014E-05   4   3 0  0 1  0 0  0 0  0
   138  -.3032720237226348E-04   4   2 1  0 1  0 0  0 0  0
   139  -.8994061990630618E-05   4   1 2  0 1  0 0  0 0  0
   140  -.1152276887059895E-05   4   0 3  0 1  0 0  0 0  0
   141  -.1558843032223510       4   2 0  1 1  0 0  0 0  0
   142  0.7725929152480671E-02   4   1 1  1 1  0 0  0 0  0
   143  0.5170033576958032E-01   4   0 2  1 1  0 0  0 0  0
   144  -.1014995345914090E-05   4   1 0  2 1  0 0  0 0  0
   145  -.1799264721399193E-04   4   0 1  2 1  0 0  0 0  0
   146  -.1505066402216118       4   0 0  3 1  0 0  0 0  0
   147  0.1902420186320530       4   2 0  0 2  0 0  0 0  0
   148  -.6557280198147059E-01   4   1 1  0 2  0 0  0 0  0
   149  -.9474212171805965E-01   4   0 2  0 2  0 0  0 0  0
   150  0.4655782743826436E-05   4   1 0  1 2  0 0  0 0  0
   151  -.5690166742670243E-05   4   0 1  1 2  0 0  0 0  0
   152  0.9708591883577870E-01   4   0 0  2 2  0 0  0 0  0
   153  -.3768769191418679E-05   4   1 0  0 3  0 0  0 0  0
   154  -.9661206289189162E-06   4   0 1  0 3  0 0  0 0  0
   155  0.8898137985153692E-01   4   0 0  1 3  0 0  0 0  0
   156  -.3703865871401865E-01   4   0 0  0 4  0 0  0 0  0
   157  0.2293587374495189E-03   4   3 0  0 0  0 1  0 0  0
   158  0.6445502718683229E-03   4   2 1  0 0  0 1  0 0  0
   159  0.2986636656501121E-03   4   1 2  0 0  0 1  0 0  0
   160  0.1842102106952879E-03   4   0 3  0 0  0 1  0 0  0
   161  0.7675254229322939E-04   4   2 0  1 0  0 1  0 0  0
   162  0.1908651275432795E-03   4   1 1  1 0  0 1  0 0  0
   163  -.9227155690712607E-04   4   0 2  1 0  0 1  0 0  0
   164  0.8970374776612816E-04   4   1 0  2 0  0 1  0 0  0
   165  0.2253154545314849E-03   4   0 1  2 0  0 1  0 0  0
   166  0.1266062326180838E-03   4   0 0  3 0  0 1  0 0  0
   167  -.1512275701272001E-03   4   2 0  0 1  0 1  0 0  0
   168  0.1089843240436236E-03   4   1 1  0 1  0 1  0 0  0
   169  0.1633038451052984E-03   4   0 2  0 1  0 1  0 0  0
   170  -.2584641790906749E-03   4   1 0  1 1  0 1  0 0  0
   171  -.8419493293242897E-04   4   0 1  1 1  0 1  0 0  0
   172  -.2488751434867345E-03   4   0 0  2 1  0 1  0 0  0
   173  0.8118323691616399E-04   4   1 0  0 2  0 1  0 0  0
   174  0.1480690098277981E-03   4   0 1  0 2  0 1  0 0  0
   175  -.2053807671748962E-03   4   0 0  1 2  0 1  0 0  0
   176  0.1298124318555502E-03   4   0 0  0 3  0 1  0 0  0
   177  0.1183577432621996E-03   4   3 0  0 0  0 0  1 0  0
   178  0.3371918937634569E-03   4   2 1  0 0  0 0  1 0  0
   179  0.1892848802382196E-03   4   1 2  0 0  0 0  1 0  0
   180  0.1138317491319216E-03   4   0 3  0 0  0 0  1 0  0
   181  0.4726293171604830E-04   4   2 0  1 0  0 0  1 0  0
   182  0.5523702553935537E-04   4   1 1  1 0  0 0  1 0  0
   183  -.5088505828309317E-04   4   0 2  1 0  0 0  1 0  0
   184  0.5490897606977672E-04   4   1 0  2 0  0 0  1 0  0
   185  0.1372484844969917E-03   4   0 1  2 0  0 0  1 0  0
   186  0.5139015627916242E-04   4   0 0  3 0  0 0  1 0  0
   187  -.8781836366137255E-04   4   2 0  0 1  0 0  1 0  0
   188  0.6642553652490175E-04   4   1 1  0 1  0 0  1 0  0
   189  0.9804201344179564E-04   4   0 2  0 1  0 0  1 0  0
   190  -.9240505301374957E-04   4   1 0  1 1  0 0  1 0  0
   191  -.4961720085588993E-04   4   0 1  1 1  0 0  1 0  0
   192  -.8389771802080416E-04   4   0 0  2 1  0 0  1 0  0
   193  0.4552664633543577E-04   4   1 0  0 2  0 0  1 0  0
   194  0.8889752298943533E-04   4   0 1  0 2  0 0  1 0  0
   195  -.1217459344263212E-03   4   0 0  1 2  0 0  1 0  0
   196  0.7526497261325113E-04   4   0 0  0 3  0 0  1 0  0
   197  -.2408630353894459E-03   4   3 0  0 0  0 0  0 1  0
   198  -.4030130057988776E-03   4   2 1  0 0  0 0  0 1  0
   199  -.1274144575440342E-03   4   1 2  0 0  0 0  0 1  0
   200  -.1177300960873958E-04   4   0 3  0 0  0 0  0 1  0
   201  -.7041396783977358E-04   4   2 0  1 0  0 0  0 1  0
   202  -.1128567089881011E-03   4   1 1  1 0  0 0  0 1  0
   203  0.4267697142538110E-04   4   0 2  1 0  0 0  0 1  0
   204  -.8768392196776862E-04   4   1 0  2 0  0 0  0 1  0
   205  -.1030253885700385E-03   4   0 1  2 0  0 0  0 1  0
   206  -.1262474925671183E-03   4   0 0  3 0  0 0  0 1  0
   207  0.4490734671097586E-04   4   2 0  0 1  0 0  0 1  0
   208  -.4535617138846872E-04   4   1 1  0 1  0 0  0 1  0
   209  -.7416760610455627E-06   4   0 2  0 1  0 0  0 1  0
   210  0.1821203428532319E-03   4   1 0  1 1  0 0  0 1  0
   211  0.3209761808316171E-04   4   0 1  1 1  0 0  0 1  0
   212  0.1007682660242781E-03   4   0 0  2 1  0 0  0 1  0
   213  -.3474522264213063E-04   4   1 0  0 2  0 0  0 1  0
   214  0.1061085559703873E-06   4   0 1  0 2  0 0  0 1  0
   215  0.6833351513360534E-04   4   0 0  1 2  0 0  0 1  0
   216  0.9294499005441719E-05   4   0 0  0 3  0 0  0 1  0
   217  -.3341000323301743E-01   4   2 0  0 0  0 2  0 0  0
   218  -.1204256286785480       4   1 1  0 0  0 2  0 0  0
   219  -.1299191149270761       4   0 2  0 0  0 2  0 0  0
   220  -.1902828559311889E-06   4   1 0  1 0  0 2  0 0  0
   221  -.5353112830569086E-05   4   0 1  1 0  0 2  0 0  0
   222  -.2931302283212734E-01   4   0 0  2 0  0 2  0 0  0
   223  -.5350059234685786E-05   4   1 0  0 1  0 2  0 0  0
   224  -.1162054971807917E-05   4   0 1  0 1  0 2  0 0  0
   225  0.9805803742162887E-01   4   0 0  1 1  0 2  0 0  0
   226  -.1058254616514169       4   0 0  0 2  0 2  0 0  0
   227  -.1393722787638419E-01   4   2 0  0 0  0 1  1 0  0
   228  -.5132530681258549E-01   4   1 1  0 0  0 1  1 0  0
   229  -.5547174426903033E-01   4   0 2  0 0  0 1  1 0  0
   230  -.1129258940930601E-06   4   1 0  1 0  0 1  1 0  0
   231  -.2121116580593977E-05   4   0 1  1 0  0 1  1 0  0
   232  -.1120604521456793E-01   4   0 0  2 0  0 1  1 0  0
   233  -.2188127581989328E-05   4   1 0  0 1  0 1  1 0  0
   234  -.8620239065983689E-06   4   0 1  0 1  0 1  1 0  0
   235  0.3641366297393139E-01   4   0 0  1 1  0 1  1 0  0
   236  -.3940741910696412E-01   4   0 0  0 2  0 1  1 0  0
   237  -.6989303025307599E-02   4   2 0  0 0  0 0  2 0  0
   238  -.2573450787614592E-01   4   1 1  0 0  0 0  2 0  0
   239  -.2781314455026057E-01   4   0 2  0 0  0 0  2 0  0
   240  -.5044514524507001E-07   4   1 0  1 0  0 0  2 0  0
   241  -.1059798163893373E-05   4   0 1  1 0  0 0  2 0  0
   242  -.5623735762400033E-02   4   0 0  2 0  0 0  2 0  0
   243  -.1099550703896229E-05   4   1 0  0 1  0 0  2 0  0
   244  -.4311847859537570E-06   4   0 1  0 1  0 0  2 0  0
   245  0.1827881447890942E-01   4   0 0  1 1  0 0  2 0  0
   246  -.1978112239996623E-01   4   0 0  0 2  0 0  2 0  0
   247  0.5430876830523931E-01   4   2 0  0 0  0 1  0 1  0
   248  0.1026016107251016       4   1 1  0 0  0 1  0 1  0
   249  0.8681335833077175E-02   4   0 2  0 0  0 1  0 1  0
   250  0.3849843669636622E-06   4   1 0  1 0  0 1  0 1  0
   251  0.4295084950226245E-05   4   0 1  1 0  0 1  0 1  0
   252  0.4611501590303590E-01   4   0 0  2 0  0 1  0 1  0
   253  0.4297829330615597E-05   4   1 0  0 1  0 1  0 1  0
   254  0.7911322309268540E-06   4   0 1  0 1  0 1  0 1  0
   255  -.7277834158378248E-01   4   0 0  1 1  0 1  0 1  0
   256  -.7385790785178324E-02   4   0 0  0 2  0 1  0 1  0
   257  0.1884737266350886E-01   4   2 0  0 0  0 0  1 1  0
   258  0.3689317585627594E-01   4   1 1  0 0  0 0  1 1  0
   259  0.4405713477377345E-02   4   0 2  0 0  0 0  1 1  0
   260  0.1766249474313005E-06   4   1 0  1 0  0 0  1 1  0
   261  0.1429612885315296E-05   4   0 1  1 0  0 0  1 1  0
   262  0.1475070268874863E-01   4   0 0  2 0  0 0  1 1  0
   263  0.1458657472522080E-05   4   1 0  0 1  0 0  1 1  0
   264  0.3953579924238374E-06   4   0 1  0 1  0 0  1 1  0
   265  -.2198175161814712E-01   4   0 0  1 1  0 0  1 1  0
   266  -.3629186570518775E-02   4   0 0  0 2  0 0  1 1  0
   267  -.1881963253857375E-01   4   2 0  0 0  0 0  0 2  0
   268  -.3942789099877835E-02   4   1 1  0 0  0 0  0 2  0
   269  -.1308173062146357E-03   4   0 2  0 0  0 0  0 2  0
   270  -.1957016320608983E-06   4   1 0  1 0  0 0  0 2  0
   271  -.8492680320883858E-08   4   0 1  1 0  0 0  0 2  0
   272  -.1472293570340827E-01   4   0 0  2 0  0 0  0 2  0
   273  -.1088251301469919E-07   4   1 0  0 1  0 0  0 2  0
   274  0.5715657357289055E-10   4   0 1  0 1  0 0  0 2  0
   275  -.3512879100376744E-02   4   0 0  1 1  0 0  0 2  0
   276  -.1280047015981570E-03   4   0 0  0 2  0 0  0 2  0
   277  0.4307772934676990E-04   4   1 0  0 0  0 3  0 0  0
   278  0.9407096766885894E-04   4   0 1  0 0  0 3  0 0  0
   279  -.4064034388031430E-04   4   0 0  1 0  0 3  0 0  0
   280  0.8633603798478761E-04   4   0 0  0 1  0 3  0 0  0
   281  0.2004211934548392E-04   4   1 0  0 0  0 2  1 0  0
   282  0.4380228619774715E-04   4   0 1  0 0  0 2  1 0  0
   283  -.1584124564291144E-04   4   0 0  1 0  0 2  1 0  0
   284  0.3369432247715405E-04   4   0 0  0 1  0 2  1 0  0
   285  0.1228227887478499E-04   4   1 0  0 0  0 1  2 0  0
   286  0.2685447058924302E-04   4   0 1  0 0  0 1  2 0  0
   287  -.9272738360241833E-05   4   0 0  1 0  0 1  2 0  0
   288  0.1973685608325305E-04   4   0 0  0 1  0 1  2 0  0
   289  0.6709539853559135E-05   4   1 0  0 0  0 0  3 0  0
   290  0.1466363275246696E-04   4   0 1  0 0  0 0  3 0  0
   291  -.5314902145763839E-05   4   0 0  1 0  0 0  3 0  0
   292  0.1130459490849862E-04   4   0 0  0 1  0 0  3 0  0
   293  -.3842908211695588E-04   4   1 0  0 0  0 2  0 1  0
   294  -.5496185004199011E-05   4   0 1  0 0  0 2  0 1  0
   295  0.3332008031225136E-04   4   0 0  1 0  0 2  0 1  0
   296  0.5411363150269101E-05   4   0 0  0 1  0 2  0 1  0
   297  -.1735049613429660E-04   4   1 0  0 0  0 1  1 1  0
   298  -.4434279093535904E-05   4   0 1  0 0  0 1  1 1  0
   299  0.1138164537526154E-04   4   0 0  1 0  0 1  1 1  0
   300  0.4149407800412310E-05   4   0 0  0 1  0 1  1 1  0
   301  -.8695744674692126E-05   4   1 0  0 0  0 0  2 1  0
   302  -.2215179906784043E-05   4   0 1  0 0  0 0  2 1  0
   303  0.5717766894686874E-05   4   0 0  1 0  0 0  2 1  0
   304  0.2073316609523051E-05   4   0 0  0 1  0 0  2 1  0
   305  0.1136642279983822E-05   4   1 0  0 0  0 1  0 2  0
   306  0.5325998982092397E-07   4   0 1  0 0  0 1  0 2  0
   307  0.1138474482714954E-05   4   0 0  1 0  0 1  0 2  0
   308  0.5771819629062449E-07   4   0 0  0 1  0 1  0 2  0
   309  0.7949319724143794E-06   4   1 0  0 0  0 0  1 2  0
   310  0.4715521115223000E-07   4   0 1  0 0  0 0  1 2  0
   311  0.7791075545993873E-06   4   0 0  1 0  0 0  1 2  0
   312  0.5078907212362161E-07   4   0 0  0 1  0 0  1 2  0
   313  -.1886498496994895E-08   4   1 0  0 0  0 0  0 3  0
   314  0.4548878052774258E-10   4   0 1  0 0  0 0  0 3  0
   315  0.2053334210104764E-08   4   0 0  1 0  0 0  0 3  0
   316  -.4609771622767590E-10   4   0 0  0 1  0 0  0 3  0
   317  -.3413882817517647E-01   4   0 0  0 0  0 4  0 0  0
   318  0.1952470605215797E-01   4   0 0  0 0  0 3  1 0  0
   319  0.5869322640888921E-02   4   0 0  0 0  0 2  2 0  0
   320  0.3951299537594034E-02   4   0 0  0 0  0 1  3 0  0
   321  0.4793432115864833E-02   4   0 0  0 0  0 0  4 0  0
   322  0.1236563223988227E-08   4   0 0  0 0  0 3  0 1  0
   323  -.8121440913149418E-09   4   0 0  0 0  0 2  1 1  0
   324  -.2970674340388190E-09   4   0 0  0 0  0 1  2 1  0
   325  -.2946126197523431E-09   4   0 0  0 0  0 0  3 1  0
   326  -.1077423943918121E-10   4   0 0  0 0  0 2  0 2  0
   327  -.2486574132003767E-10   4   0 0  0 0  0 1  1 2  0
   328  -.5201637811523341E-11   4   0 0  0 0  0 0  2 2  0
   329  0.6565584006711559E-13   4   0 0  0 0  0 1  0 3  0
   330  -.6415656738884211E-13   4   0 0  0 0  0 0  1 3  0
   -------------------------------------------------------
     I  COEFFICIENT            ORDER EXPONENTS
     1   1.000000000000000       1   0 0  0 0  0 1  0 0  0
     -----------------------------------------------------
     I  COEFFICIENT            ORDER EXPONENTS
     1   1.000000000000000       1   0 0  0 0  0 0  1 0  0
     -----------------------------------------------------
     I  COEFFICIENT            ORDER EXPONENTS
     1   1.000000000000000       1   0 0  0 0  0 0  0 1  0
     -----------------------------------------------------
