     I  COEFFICIENT            ORDER EXPONENTS
     1  0.9116621273621946E-04   0   0 0  0 0  0 0  0 0  0
     2   1.296864015659529       1   1 0  0 0  0 0  0 0  0
     3  0.2688547267538836       1   0 1  0 0  0 0  0 0  0
     4  0.1130672933592319E-04   1   0 0  1 0  0 0  0 0  0
     5  0.6265370199058163E-06   1   0 0  0 1  0 0  0 0  0
     6  0.8261710911041320E-06   1   0 0  0 0  0 1  0 0  0
     7  0.8234120356629693E-06   1   0 0  0 0  0 0  1 0  0
     8  -.1649583128302680E-05   1   0 0  0 0  0 0  0 1  0
     9  -.5504384312463741E-01   2   2 0  0 0  0 0  0 0  0
    10  -.8135836506028095E-02   2   1 1  0 0  0 0  0 0  0
    11  -.4715084936102077E-03   2   0 2  0 0  0 0  0 0  0
    12  0.3744744598566429E-03   2   1 0  1 0  0 0  0 0  0
    13  -.2017579111515084E-03   2   0 1  1 0  0 0  0 0  0
    14  0.4516187170035138E-01   2   0 0  2 0  0 0  0 0  0
    15  0.4154523784657014E-04   2   1 0  0 1  0 0  0 0  0
    16  0.4001164153210994E-05   2   0 1  0 1  0 0  0 0  0
    17  0.6703453945238694E-02   2   0 0  1 1  0 0  0 0  0
    18  0.4430716327216212E-03   2   0 0  0 2  0 0  0 0  0
    19  -.1550484731146315       2   1 0  0 0  0 1  0 0  0
    20  -.1441530968476792       2   0 1  0 0  0 1  0 0  0
    21  -.5914607894959963E-05   2   0 0  1 0  0 1  0 0  0
    22  -.6569347734865307E-06   2   0 0  0 1  0 1  0 0  0
    23  -.1545306780259758       2   1 0  0 0  0 0  1 0  0
    24  -.1436716876208559       2   0 1  0 0  0 0  1 0  0
    25  -.5894855653239582E-05   2   0 0  1 0  0 0  1 0  0
    26  -.6547408944212064E-06   2   0 0  0 1  0 0  1 0  0
    27  0.3095791511013099       2   1 0  0 0  0 0  0 1  0
    28  0.1897005770891136E-01   2   0 1  0 0  0 0  0 1  0
    29  0.1180946213576097E-04   2   0 0  1 0  0 0  0 1  0
    30  0.6851368298741061E-06   2   0 0  0 1  0 0  0 1  0
    31  -.6995856720169559E-06   2   0 0  0 0  0 2  0 0  0
    32  -.5738212754302283E-06   2   0 0  0 0  0 1  1 0  0
    33  -.6962911994332751E-06   2   0 0  0 0  0 0  2 0  0
    34  0.1146761369575932E-05   2   0 0  0 0  0 1  0 1  0
    35  0.1142931680749742E-05   2   0 0  0 0  0 0  1 1  0
    36  -.3200503323902003E-06   2   0 0  0 0  0 0  0 2  0
    37   1.339576729523758       3   3 0  0 0  0 0  0 0  0
    38   2.577757840624291       3   2 1  0 0  0 0  0 0  0
    39  0.8237137706112452       3   1 2  0 0  0 0  0 0  0
    40  0.1897178272240477       3   0 3  0 0  0 0  0 0  0
    41  0.1411885631529262E-01   3   2 0  1 0  0 0  0 0  0
    42  0.2234359984230723E-02   3   1 1  1 0  0 0  0 0  0
    43  0.1493030923384536E-03   3   0 2  1 0  0 0  0 0  0
    44  -.6125766647350768       3   1 0  2 0  0 0  0 0  0
    45   1.131898031910686       3   0 1  2 0  0 0  0 0  0
    46  -.3861577950147269E-02   3   0 0  3 0  0 0  0 0  0
    47  0.1328281481520940E-02   3   2 0  0 1  0 0  0 0  0
    48  0.3161167607294994E-03   3   1 1  0 1  0 0  0 0  0
    49  0.2217596202392270E-04   3   0 2  0 1  0 0  0 0  0
    50  -.5558086131830072       3   1 0  1 1  0 0  0 0  0
    51  -.7840864227237948E-01   3   0 1  1 1  0 0  0 0  0
    52  -.8627907316245142E-03   3   0 0  2 1  0 0  0 0  0
    53  0.2886763741463894       3   1 0  0 2  0 0  0 0  0
    54  0.1570490954085165       3   0 1  0 2  0 0  0 0  0
    55  -.1013283779475519E-03   3   0 0  1 2  0 0  0 0  0
    56  -.4157137972721092E-05   3   0 0  0 3  0 0  0 0  0
    57  0.3133293915608580E-01   3   2 0  0 0  0 1  0 0  0
    58  0.8583353128188019E-02   3   1 1  0 0  0 1  0 0  0
    59  0.7187608961046891E-03   3   0 2  0 0  0 1  0 0  0
    60  -.2240013166183360E-03   3   1 0  1 0  0 1  0 0  0
    61  0.2045702536942190E-03   3   0 1  1 0  0 1  0 0  0
    62  -.2137708219561446E-01   3   0 0  2 0  0 1  0 0  0
    63  -.6397211596550893E-04   3   1 0  0 1  0 1  0 0  0
    64  -.9026323753354879E-05   3   0 1  0 1  0 1  0 0  0
    65  -.6414486811141437E-02   3   0 0  1 1  0 1  0 0  0
    66  -.6574210065653104E-03   3   0 0  0 2  0 1  0 0  0
    67  0.3122830064090237E-01   3   2 0  0 0  0 0  1 0  0
    68  0.8554688427370963E-02   3   1 1  0 0  0 0  1 0  0
    69  0.7163605444311796E-03   3   0 2  0 0  0 0  1 0  0
    70  -.2232532487446738E-03   3   1 0  1 0  0 0  1 0  0
    71  0.2038870771977325E-03   3   0 1  1 0  0 0  1 0  0
    72  -.2130569195262575E-01   3   0 0  2 0  0 0  1 0  0
    73  -.6375847666424728E-04   3   1 0  0 1  0 0  1 0  0
    74  -.8996179721529129E-05   3   0 1  0 1  0 0  1 0  0
    75  -.6393065189242578E-02   3   0 0  1 1  0 0  1 0  0
    76  -.6552255036910213E-03   3   0 0  0 2  0 0  1 0  0
    77  -.6256133699972234E-01   3   2 0  0 0  0 0  0 1  0
    78  -.9002326708633995E-02   3   1 1  0 0  0 0  0 1  0
    79  -.4921178203872179E-03   3   0 2  0 0  0 0  0 1  0
    80  0.4480716176330492E-03   3   1 0  1 0  0 0  0 1  0
    81  -.2065913707297230E-03   3   0 1  1 0  0 0  0 1  0
    82  0.4268284319958426E-01   3   0 0  2 0  0 0  0 1  0
    83  0.8633149526364502E-04   3   1 0  0 1  0 0  0 1  0
    84  0.1004258861468041E-04   3   0 1  0 1  0 0  0 1  0
    85  0.6104189082978053E-02   3   0 0  1 1  0 0  0 1  0
    86  0.4265151958744588E-03   3   0 0  0 2  0 0  0 1  0
    87  0.1194473500048415       3   1 0  0 0  0 2  0 0  0
    88  0.1128402981539216       3   0 1  0 0  0 2  0 0  0
    89  0.4599210745378609E-05   3   0 0  1 0  0 2  0 0  0
    90  0.6971778912367292E-06   3   0 0  0 1  0 2  0 0  0
    91  0.8408239917063844E-01   3   1 0  0 0  0 1  1 0  0
    92  0.8173514893273101E-01   3   0 1  0 0  0 1  1 0  0
    93  0.3231828658992552E-05   3   0 0  1 0  0 1  1 0  0
    94  0.7200865690555141E-06   3   0 0  0 1  0 1  1 0  0
    95  0.1189080478358350       3   1 0  0 0  0 0  2 0  0
    96  0.1123269800932414       3   0 1  0 0  0 0  2 0  0
    97  0.4578454905772401E-05   3   0 0  1 0  0 0  2 0  0
    98  0.6936472280741762E-06   3   0 0  0 1  0 0  2 0  0
    99  -.1679290556019014       3   1 0  0 0  0 1  0 1  0
   100  -.1911002527135361E-01   3   0 1  0 0  0 1  0 1  0
   101  -.6402502504051801E-05   3   0 0  1 0  0 1  0 1  0
   102  -.7281876610563352E-06   3   0 0  0 1  0 1  0 1  0
   103  -.1673682449180764       3   1 0  0 0  0 0  1 1  0
   104  -.1904620602159966E-01   3   0 1  0 0  0 0  1 1  0
   105  -.6381120904574473E-05   3   0 0  1 0  0 0  1 1  0
   106  -.7257558280499067E-06   3   0 0  0 1  0 0  1 1  0
   107  0.1285921069577390E-01   3   1 0  0 0  0 0  0 2  0
   108  0.1080943864960354E-03   3   0 1  0 0  0 0  0 2  0
   109  0.4273967106787752E-06   3   0 0  1 0  0 0  0 2  0
   110  0.4355360698524618E-07   3   0 0  0 1  0 0  0 2  0
   111  0.6372701379803209E-06   3   0 0  0 0  0 3  0 0  0
   112  0.5126690398895600E-06   3   0 0  0 0  0 2  1 0  0
   113  0.5132825499090902E-06   3   0 0  0 0  0 1  2 0  0
   114  0.6332246503504907E-06   3   0 0  0 0  0 0  3 0  0
   115  -.1025282647394794E-05   3   0 0  0 0  0 2  0 1  0
   116  -.9044729488720595E-06   3   0 0  0 0  0 1  1 1  0
   117  -.1020348370201867E-05   3   0 0  0 0  0 0  2 1  0
   118  0.3306535444315093E-06   3   0 0  0 0  0 1  0 2  0
   119  0.3295493040742923E-06   3   0 0  0 0  0 0  1 2  0
   120  -.6712810588088849E-08   3   0 0  0 0  0 0  0 3  0
   121   16.82498394692242       4   4 0  0 0  0 0  0 0  0
   122   4.700855060511775       4   3 1  0 0  0 0  0 0  0
   123  0.7095594449423672       4   2 2  0 0  0 0  0 0  0
   124  0.4282081919880949E-01   4   1 3  0 0  0 0  0 0  0
   125  0.2110225402494163E-03   4   0 4  0 0  0 0  0 0  0
   126  0.9180780812212576E-02   4   3 0  1 0  0 0  0 0  0
   127  0.1971834187990840E-02   4   2 1  1 0  0 0  0 0  0
   128  -.2025537552862292E-03   4   1 2  1 0  0 0  0 0  0
   129  -.1257824414013938E-03   4   0 3  1 0  0 0  0 0  0
   130  -83.38490601477555       4   2 0  2 0  0 0  0 0  0
   131  -11.63050919449348       4   1 1  2 0  0 0  0 0  0
   132  -.5896790485262970       4   0 2  2 0  0 0  0 0  0
   133  -.9299824287006733E-02   4   1 0  3 0  0 0  0 0  0
   134  -.2673586001695893E-03   4   0 1  3 0  0 0  0 0  0
   135   11.70040673482826       4   0 0  4 0  0 0  0 0  0
   136  0.3316911664970601E-03   4   3 0  0 1  0 0  0 0  0
   137  0.2594756867569214E-03   4   2 1  0 1  0 0  0 0  0
   138  0.2051120664082115E-03   4   1 2  0 1  0 0  0 0  0
   139  0.6378749013521687E-04   4   0 3  0 1  0 0  0 0  0
   140  -13.02105182792038       4   2 0  1 1  0 0  0 0  0
   141  -2.975831172053440       4   1 1  1 1  0 0  0 0  0
   142  -.1754805365533493       4   0 2  1 1  0 0  0 0  0
   143  -.3055490668237793E-02   4   1 0  2 1  0 0  0 0  0
   144  -.6626200996530340E-03   4   0 1  2 1  0 0  0 0  0
   145   3.320680869425424       4   0 0  3 1  0 0  0 0  0
   146  -.9511114796644251       4   2 0  0 2  0 0  0 0  0
   147  -.2328358782830137       4   1 1  0 2  0 0  0 0  0
   148  -.1500212414733451E-01   4   0 2  0 2  0 0  0 0  0
   149  -.4979062616541033E-03   4   1 0  1 2  0 0  0 0  0
   150  -.2365373765576040E-03   4   0 1  1 2  0 0  0 0  0
   151  0.6575314928084242       4   0 0  2 2  0 0  0 0  0
   152  0.9245435738721897E-04   4   1 0  0 3  0 0  0 0  0
   153  0.4565298360049121E-04   4   0 1  0 3  0 0  0 0  0
   154  0.7132129874307067E-01   4   0 0  1 3  0 0  0 0  0
   155  0.3514158249979304E-02   4   0 0  0 4  0 0  0 0  0
   156  -1.787371434825987       4   3 0  0 0  0 1  0 0  0
   157  -3.491670095350940       4   2 1  0 0  0 1  0 0  0
   158  -1.384577557381734       4   1 2  0 0  0 1  0 0  0
   159  -.3231841685643161       4   0 3  0 0  0 1  0 0  0
   160  0.5473958086545211E-03   4   2 0  1 0  0 1  0 0  0
   161  -.4704921969681122E-04   4   1 1  1 0  0 1  0 0  0
   162  -.5647559506069363E-04   4   0 2  1 0  0 1  0 0  0
   163  0.5039238492621703       4   1 0  2 0  0 1  0 0  0
   164  -1.152656001814194       4   0 1  2 0  0 1  0 0  0
   165  -.1987986251867731E-03   4   0 0  3 0  0 1  0 0  0
   166  -.5800817748351034E-04   4   2 0  0 1  0 1  0 0  0
   167  -.4247248119649988E-04   4   1 1  0 1  0 1  0 0  0
   168  -.1007554333800720E-04   4   0 2  0 1  0 1  0 0  0
   169  0.8482140373342624       4   1 0  1 1  0 1  0 0  0
   170  0.1546551423667245       4   0 1  1 1  0 1  0 0  0
   171  -.9444654989685766E-04   4   0 0  2 1  0 1  0 0  0
   172  -.4344796119105510       4   1 0  0 2  0 1  0 0  0
   173  -.2502412634712806       4   0 1  0 2  0 1  0 0  0
   174  -.4214260588225733E-04   4   0 0  1 2  0 1  0 0  0
   175  -.6382741469318736E-05   4   0 0  0 3  0 1  0 0  0
   176  -1.781402384425395       4   3 0  0 0  0 0  1 0  0
   177  -3.480009421819146       4   2 1  0 0  0 0  1 0  0
   178  -1.379953664964902       4   1 2  0 0  0 0  1 0  0
   179  -.3221048727037855       4   0 3  0 0  0 0  1 0  0
   180  0.5455677425305612E-03   4   2 0  1 0  0 0  1 0  0
   181  -.4689209557687953E-04   4   1 1  1 0  0 0  1 0  0
   182  -.5628699090894722E-04   4   0 2  1 0  0 0  1 0  0
   183  0.5022409607501906       4   1 0  2 0  0 0  1 0  0
   184  -1.148806627456226       4   0 1  2 0  0 0  1 0  0
   185  -.1981347234424635E-03   4   0 0  3 0  0 0  1 0  0
   186  -.5781445516687043E-04   4   2 0  0 1  0 0  1 0  0
   187  -.4233064141101340E-04   4   1 1  0 1  0 0  1 0  0
   188  -.1004189536488513E-04   4   0 2  0 1  0 0  1 0  0
   189  0.8453813679513407       4   1 0  1 1  0 0  1 0  0
   190  0.1541386608332774       4   0 1  1 1  0 0  1 0  0
   191  -.9413113911792673E-04   4   0 0  2 1  0 0  1 0  0
   192  -.4330286372272845       4   1 0  0 2  0 0  1 0  0
   193  -.2494055654821183       4   0 1  0 2  0 0  1 0  0
   194  -.4200186773817466E-04   4   0 0  1 2  0 0  1 0  0
   195  -.6361425863182242E-05   4   0 0  0 3  0 0  1 0  0
   196   3.570514975124881       4   3 0  0 0  0 0  0 1  0
   197   4.394581481744131       4   2 1  0 0  0 0  0 1  0
   198   1.117170632212023       4   1 2  0 0  0 0  0 1  0
   199  0.7613495671512695E-01   4   0 3  0 0  0 0  0 1  0
   200  0.4992711893896518E-03   4   2 0  1 0  0 0  0 1  0
   201  0.3089012280719311E-03   4   1 1  1 0  0 0  0 1  0
   202  0.5286169546862282E-04   4   0 2  1 0  0 0  0 1  0
   203  -1.010467425979820       4   1 0  2 0  0 0  0 1  0
   204   1.169019135910283       4   0 1  2 0  0 0  0 1  0
   205  -.8989623884001737E-05   4   0 0  3 0  0 0  0 1  0
   206  0.2155872998924386E-03   4   2 0  0 1  0 0  0 1  0
   207  0.6371463851737060E-04   4   1 1  0 1  0 0  0 1  0
   208  0.7005835295869575E-05   4   0 2  0 1  0 0  0 1  0
   209  -1.139261698885695       4   1 0  1 1  0 0  0 1  0
   210  -.1521999472392746       4   0 1  1 1  0 0  0 1  0
   211  -.7376805969532372E-05   4   0 0  2 1  0 0  0 1  0
   212  0.2900041979272739       4   1 0  0 2  0 0  0 1  0
   213  0.2847550141526855E-01   4   0 1  0 2  0 0  0 1  0
   214  0.1367881591865211E-04   4   0 0  1 2  0 0  0 1  0
   215  0.2433086093269671E-05   4   0 0  0 3  0 0  0 1  0
   216  -.2687693655155242E-01   4   2 0  0 0  0 2  0 0  0
   217  -.1007316851184557E-01   4   1 1  0 0  0 2  0 0  0
   218  -.1350593940579857E-02   4   0 2  0 0  0 2  0 0  0
   219  -.1591368555291149E-04   4   1 0  1 0  0 2  0 0  0
   220  -.6192584939698149E-04   4   0 1  1 0  0 2  0 0  0
   221  0.1502319864696768E-01   4   0 0  2 0  0 2  0 0  0
   222  0.1346161572324858E-03   4   1 0  0 1  0 2  0 0  0
   223  0.7698308983120423E-04   4   0 1  0 1  0 2  0 0  0
   224  0.6251373930926802E-02   4   0 0  1 1  0 2  0 0  0
   225  0.7083485325723434E-03   4   0 0  0 2  0 2  0 0  0
   226  -.2131617782901815E-01   4   2 0  0 0  0 1  1 0  0
   227  -.1072940441025358E-01   4   1 1  0 0  0 1  1 0  0
   228  -.1660361691191231E-02   4   0 2  0 0  0 1  1 0  0
   229  -.7678351045612564E-04   4   1 0  1 0  0 1  1 0  0
   230  -.7085000322683719E-04   4   0 1  1 0  0 1  1 0  0
   231  0.9149179030519419E-02   4   0 0  2 0  0 1  1 0  0
   232  0.1617485237665998E-03   4   1 0  0 1  0 1  1 0  0
   233  0.9512762872880386E-04   4   0 1  0 1  0 1  1 0  0
   234  0.6056015581922796E-02   4   0 0  1 1  0 1  1 0  0
   235  0.8388157436563532E-03   4   0 0  0 2  0 1  1 0  0
   236  -.2675158574061907E-01   4   2 0  0 0  0 0  2 0  0
   237  -.1002161267594506E-01   4   1 1  0 0  0 0  2 0  0
   238  -.1343311092506206E-02   4   0 2  0 0  0 0  2 0  0
   239  -.1573232878132363E-04   4   1 0  1 0  0 0  2 0  0
   240  -.6160073950381655E-04   4   0 1  1 0  0 0  2 0  0
   241  0.1495775047933935E-01   4   0 0  2 0  0 0  2 0  0
   242  0.1338965120890723E-03   4   1 0  0 1  0 0  2 0  0
   243  0.7656715683939581E-04   4   0 1  0 1  0 0  2 0  0
   244  0.6220384794530687E-02   4   0 0  1 1  0 0  2 0  0
   245  0.7045823121403288E-03   4   0 0  0 2  0 0  2 0  0
   246  0.4130338570166230E-01   4   2 0  0 0  0 1  0 1  0
   247  0.1102629995003711E-01   4   1 1  0 0  0 1  0 1  0
   248  0.8866109914661774E-03   4   0 2  0 0  0 1  0 1  0
   249  0.5074955579141829E-04   4   1 0  1 0  0 1  0 1  0
   250  0.6997346630601393E-04   4   0 1  1 0  0 1  0 1  0
   251  -.1868556607543729E-01   4   0 0  2 0  0 1  0 1  0
   252  -.1101231046815134E-03   4   1 0  0 1  0 1  0 1  0
   253  -.1178771494125740E-04   4   0 1  0 1  0 1  0 1  0
   254  -.5605576378592987E-02   4   0 0  1 1  0 1  0 1  0
   255  -.6171088591089718E-03   4   0 0  0 2  0 1  0 1  0
   256  0.4116545019135617E-01   4   2 0  0 0  0 0  1 1  0
   257  0.1098947685951892E-01   4   1 1  0 0  0 0  1 1  0
   258  0.8836500928020197E-03   4   0 2  0 0  0 0  1 1  0
   259  0.5058007414343819E-04   4   1 0  1 0  0 0  1 1  0
   260  0.6973978508064179E-04   4   0 1  1 0  0 0  1 1  0
   261  -.1862316433649543E-01   4   0 0  2 0  0 0  1 1  0
   262  -.1097553409647465E-03   4   1 0  0 1  0 0  1 1  0
   263  -.1174834905276810E-04   4   0 1  0 1  0 0  1 1  0
   264  -.5586856168973218E-02   4   0 0  1 1  0 0  1 1  0
   265  -.6150479814363634E-03   4   0 0  0 2  0 0  1 1  0
   266  -.8477743819128740E-02   4   2 0  0 0  0 0  0 2  0
   267  -.1011596461568697E-02   4   1 1  0 0  0 0  0 2  0
   268  -.2485641091248662E-04   4   0 2  0 0  0 0  0 2  0
   269  -.6067132377344823E-04   4   1 0  1 0  0 0  0 2  0
   270  -.8352857887817258E-05   4   0 1  1 0  0 0  0 2  0
   271  -.2240339919500588E-02   4   0 0  2 0  0 0  0 2  0
   272  0.1643490021411773E-05   4   1 0  0 1  0 0  0 2  0
   273  -.3111395227975106E-06   4   0 1  0 1  0 0  0 2  0
   274  -.5605469809678997E-03   4   0 0  1 1  0 0  0 2  0
   275  -.1480341820050224E-04   4   0 0  0 2  0 0  0 2  0
   276  -.1016965334414118       4   1 0  0 0  0 3  0 0  0
   277  -.9722312289060814E-01   4   0 1  0 0  0 3  0 0  0
   278  -.6457121604086078E-05   4   0 0  1 0  0 3  0 0  0
   279  -.1368869001084649E-05   4   0 0  0 1  0 3  0 0  0
   280  -.6625067559431615E-01   4   1 0  0 0  0 2  1 0  0
   281  -.6604037573137338E-01   4   0 1  0 0  0 2  1 0  0
   282  -.4157438045145902E-05   4   0 0  1 0  0 2  1 0  0
   283  -.1412462144519142E-05   4   0 0  0 1  0 2  1 0  0
   284  -.6642653514159526E-01   4   1 0  0 0  0 1  2 0  0
   285  -.6619495468567010E-01   4   0 1  0 0  0 1  2 0  0
   286  -.4168849951629333E-05   4   0 0  1 0  0 1  2 0  0
   287  -.1412220871124868E-05   4   0 0  0 1  0 1  2 0  0
   288  -.1010768465188114       4   1 0  0 0  0 0  3 0  0
   289  -.9662619476287498E-01   4   0 1  0 0  0 0  3 0  0
   290  -.6417856876306237E-05   4   0 0  1 0  0 0  3 0  0
   291  -.1359661246602541E-05   4   0 0  0 1  0 0  3 0  0
   292  0.1324379055888354       4   1 0  0 0  0 2  0 1  0
   293  0.1918636253895655E-01   4   0 1  0 0  0 2  0 1  0
   294  0.7569882366970534E-05   4   0 0  1 0  0 2  0 1  0
   295  0.1330064414278552E-05   4   0 0  0 1  0 2  0 1  0
   296  0.9718042339126920E-01   4   1 0  0 0  0 1  1 1  0
   297  0.1926168603814044E-01   4   0 1  0 0  0 1  1 1  0
   298  0.5273510511884258E-05   4   0 0  1 0  0 1  1 1  0
   299  0.1365558141518118E-05   4   0 0  0 1  0 1  1 1  0
   300  0.1318333496834750       4   1 0  0 0  0 0  2 1  0
   301  0.1909012548994205E-01   4   0 1  0 0  0 0  2 1  0
   302  0.7535796595426489E-05   4   0 0  1 0  0 0  2 1  0
   303  0.1323342384387833E-05   4   0 0  0 1  0 0  2 1  0
   304  -.1309549884581570E-01   4   1 0  0 0  0 1  0 2  0
   305  -.1513965473741500E-03   4   0 1  0 0  0 1  0 2  0
   306  -.7892088947507875E-08   4   0 0  1 0  0 1  0 2  0
   307  0.4808718686380640E-08   4   0 0  0 1  0 1  0 2  0
   308  -.1305176552261832E-01   4   1 0  0 0  0 0  1 2  0
   309  -.1508909481435005E-03   4   0 1  0 0  0 0  1 2  0
   310  -.7865732771156616E-08   4   0 0  1 0  0 0  1 2  0
   311  0.4792659638091231E-08   4   0 0  0 1  0 0  1 2  0
   312  0.1429059649099420E-03   4   1 0  0 0  0 0  0 3  0
   313  -.7327158408230544E-05   4   0 1  0 0  0 0  0 3  0
   314  0.9862518174080854E-08   4   0 0  1 0  0 0  0 3  0
   315  -.4560559984243790E-09   4   0 0  0 1  0 0  0 3  0
   316  -.3042699169076308E-04   4   0 0  0 0  0 4  0 0  0
   317  -.2042827661074907E-04   4   0 0  0 0  0 3  1 0  0
   318  -.1910949678209735E-04   4   0 0  0 0  0 2  2 0  0
   319  -.2049867096381232E-04   4   0 0  0 0  0 1  3 0  0
   320  -.3018999231790483E-04   4   0 0  0 0  0 0  4 0  0
   321  0.4874246704981364E-05   4   0 0  0 0  0 3  0 1  0
   322  0.5789613977094510E-05   4   0 0  0 0  0 2  1 1  0
   323  0.5784947037043505E-05   4   0 0  0 0  0 1  2 1  0
   324  0.4840194847313780E-05   4   0 0  0 0  0 0  3 1  0
   325  -.3303707013363876E-07   4   0 0  0 0  0 2  0 2  0
   326  -.4595861955587328E-07   4   0 0  0 0  0 1  1 2  0
   327  -.3284999956255114E-07   4   0 0  0 0  0 0  2 2  0
   328  -.1357804639634559E-08   4   0 0  0 0  0 1  0 3  0
   329  -.1353270157226353E-08   4   0 0  0 0  0 0  1 3  0
   330  -.6318922357778189E-15   4   0 0  0 0  0 0  0 4  0
   -------------------------------------------------------
     I  COEFFICIENT            ORDER EXPONENTS
     1  0.3882542479495379E-04   0   0 0  0 0  0 0  0 0  0
     2   2.536134169865074       1   1 0  0 0  0 0  0 0  0
     3   1.296860456088663       1   0 1  0 0  0 0  0 0  0
     4  0.8978489593031626E-04   1   0 0  1 0  0 0  0 0  0
     5  0.1092463431939744E-04   1   0 0  0 1  0 0  0 0  0
     6  0.1451034028096747E-05   1   0 0  0 0  0 1  0 0  0
     7  0.1446188199704016E-05   1   0 0  0 0  0 0  1 0  0
     8  0.3592820254826301E-04   1   0 0  0 0  0 0  0 1  0
     9  -.5166042073548677       2   2 0  0 0  0 0  0 0  0
    10  -.1200188849204233       2   1 1  0 0  0 0  0 0  0
    11  -.9294812249799174E-02   2   0 2  0 0  0 0  0 0  0
    12  0.2751560102643252E-02   2   1 0  1 0  0 0  0 0  0
    13  -.1992684991732819E-03   2   0 1  1 0  0 0  0 0  0
    14  0.3487977851136665       2   0 0  2 0  0 0  0 0  0
    15  0.2707282381334296E-03   2   1 0  0 1  0 0  0 0  0
    16  0.2231586663251126E-04   2   0 1  0 1  0 0  0 0  0
    17  0.8134632079317312E-01   2   0 0  1 1  0 0  0 0  0
    18  0.7618842120148624E-02   2   0 0  0 2  0 0  0 0  0
    19  -.1359803881787688       2   1 0  0 0  0 1  0 0  0
    20  -.1550465803097857       2   0 1  0 0  0 1  0 0  0
    21  -.3096075896229790E-05   2   0 0  1 0  0 1  0 0  0
    22  -.5997440206610329E-05   2   0 0  0 1  0 1  0 0  0
    23  -.1355262722772188       2   1 0  0 0  0 0  1 0  0
    24  -.1545287915422827       2   0 1  0 0  0 0  1 0  0
    25  -.3085736336858628E-05   2   0 0  1 0  0 0  1 0  0
    26  -.5977411340662115E-05   2   0 0  0 1  0 0  1 0  0
    27   2.807640829979619       2   1 0  0 0  0 0  0 1  0
    28  0.3095753717735473       2   0 1  0 0  0 0  0 1  0
    29  0.9596703858402881E-04   2   0 0  1 0  0 0  0 1  0
    30  0.1197490908179967E-04   2   0 0  0 1  0 0  0 1  0
    31  -.1143783484551049E-05   2   0 0  0 0  0 2  0 0  0
    32  -.8385654212950060E-06   2   0 0  0 0  0 1  1 0  0
    33  -.1138563517000532E-05   2   0 0  0 0  0 0  2 0  0
    34  0.3126130792170905E-05   2   0 0  0 0  0 1  0 1  0
    35  0.3115690862398327E-05   2   0 0  0 0  0 0  1 1  0
    36  -.3120910404905021E-05   2   0 0  0 0  0 0  0 2  0
    37  -9.497538840220253       3   3 0  0 0  0 0  0 0  0
    38  -4.888231842792151       3   2 1  0 0  0 0  0 0  0
    39  -1.980703337392862       3   1 2  0 0  0 0  0 0  0
    40  -.4044396127774407E-01   3   0 3  0 0  0 0  0 0  0
    41  0.1267227173872278       3   2 0  1 0  0 0  0 0  0
    42  0.2884750973766938E-01   3   1 1  1 0  0 0  0 0  0
    43  0.2173370796819803E-02   3   0 2  1 0  0 0  0 0  0
    44  -13.43181645564353       3   1 0  2 0  0 0  0 0  0
    45  0.3947575938707754E-01   3   0 1  2 0  0 0  0 0  0
    46  -.2952986319708551E-01   3   0 0  3 0  0 0  0 0  0
    47  0.1839971064396068E-01   3   2 0  0 1  0 0  0 0  0
    48  0.5614586323978488E-02   3   1 1  0 1  0 0  0 0  0
    49  0.4775805463655003E-03   3   0 2  0 1  0 0  0 0  0
    50  -6.901295840063217       3   1 0  1 1  0 0  0 0  0
    51  -1.028829656608326       3   0 1  1 1  0 0  0 0  0
    52  -.1016203626415859E-01   3   0 0  2 1  0 0  0 0  0
    53  0.9411258814546322       3   1 0  0 2  0 0  0 0  0
    54  0.2135310421984372       3   0 1  0 2  0 0  0 0  0
    55  -.1809461342798904E-02   3   0 0  1 2  0 0  0 0  0
    56  -.1238685530548990E-03   3   0 0  0 3  0 0  0 0  0
    57  0.7686027953680902E-01   3   2 0  0 0  0 1  0 0  0
    58  0.7417590563458959E-01   3   1 1  0 0  0 1  0 0  0
    59  0.9924840619294622E-02   3   0 2  0 0  0 1  0 0  0
    60  -.1136940481761213E-02   3   1 0  1 0  0 1  0 0  0
    61  0.1255663594334939E-03   3   0 1  1 0  0 1  0 0  0
    62  0.1190160270527955E-01   3   0 0  2 0  0 1  0 0  0
    63  -.4175426397159485E-03   3   1 0  0 1  0 1  0 0  0
    64  -.6289738959239011E-04   3   0 1  0 1  0 1  0 0  0
    65  -.3485529042239120E-01   3   0 0  1 1  0 1  0 0  0
    66  -.7392815126222787E-02   3   0 0  0 2  0 1  0 0  0
    67  0.7660359932282618E-01   3   2 0  0 0  0 0  1 0  0
    68  0.7392819007272251E-01   3   1 1  0 0  0 0  1 0  0
    69  0.9891695928314256E-02   3   0 2  0 0  0 0  1 0  0
    70  -.1133143590468288E-02   3   1 0  1 0  0 0  1 0  0
    71  0.1251470219004679E-03   3   0 1  1 0  0 0  1 0  0
    72  0.1186185648073322E-01   3   0 0  2 0  0 0  1 0  0
    73  -.4161482272215434E-03   3   1 0  0 1  0 0  1 0  0
    74  -.6268733941410749E-04   3   0 1  0 1  0 0  1 0  0
    75  -.3473888877178574E-01   3   0 0  1 1  0 0  1 0  0
    76  -.7368126309320482E-02   3   0 0  0 2  0 0  1 0  0
    77  -.6700620886003987       3   2 0  0 0  0 0  0 1  0
    78  -.1481034812897180       3   1 1  0 0  0 0  0 1  0
    79  -.1052173671554550E-01   3   0 2  0 0  0 0  0 1  0
    80  0.5029973140122808E-02   3   1 0  1 0  0 0  0 1  0
    81  -.2489032764215021E-03   3   0 1  1 0  0 0  0 1  0
    82  0.3250307766772625       3   0 0  2 0  0 0  0 1  0
    83  0.8361421624513103E-03   3   1 0  0 1  0 0  0 1  0
    84  0.1038845542434610E-03   3   0 1  0 1  0 0  0 1  0
    85  0.6959393852257777E-01   3   0 0  1 1  0 0  0 1  0
    86  0.7142117285889441E-02   3   0 0  0 2  0 0  0 1  0
    87  0.1044108659275662       3   1 0  0 0  0 2  0 0  0
    88  0.1194460546665711       3   0 1  0 0  0 2  0 0  0
    89  0.2178893696221382E-05   3   0 0  1 0  0 2  0 0  0
    90  0.4719743152312340E-05   3   0 0  0 1  0 2  0 0  0
    91  0.7305036846696092E-01   3   1 0  0 0  0 1  1 0  0
    92  0.8408158673575317E-01   3   0 1  0 0  0 1  1 0  0
    93  0.1266345577450202E-05   3   0 0  1 0  0 1  1 0  0
    94  0.3456114414314022E-05   3   0 0  0 1  0 1  1 0  0
    95  0.1039402002504274       3   1 0  0 0  0 0  2 0  0
    96  0.1189067581800272       3   0 1  0 0  0 0  2 0  0
    97  0.2169502605887325E-05   3   0 0  1 0  0 0  2 0  0
    98  0.4698210277515315E-05   3   0 0  0 1  0 0  2 0  0
    99  -.2818714940589399       3   1 0  0 0  0 1  0 1  0
   100  -.1679270996056281       3   0 1  0 0  0 1  0 1  0
   101  -.5709087896407640E-05   3   0 0  1 0  0 1  0 1  0
   102  -.6897634074278698E-05   3   0 0  0 1  0 1  0 1  0
   103  -.2809301647293173       3   1 0  0 0  0 0  1 1  0
   104  -.1673662954539879       3   0 1  0 0  0 0  1 1  0
   105  -.5690022002922304E-05   3   0 0  1 0  0 0  1 1  0
   106  -.6874598948712702E-05   3   0 0  0 1  0 0  1 1  0
   107  0.2814004814393288       3   1 0  0 0  0 0  0 2  0
   108  0.1285900407980055E-01   3   0 1  0 0  0 0  0 2  0
   109  0.5738288593681876E-05   3   0 0  1 0  0 0  0 2  0
   110  0.9216616824316923E-06   3   0 0  0 1  0 0  0 2  0
   111  0.9904249675767163E-06   3   0 0  0 0  0 3  0 0  0
   112  0.6853050373728762E-06   3   0 0  0 0  0 2  1 0  0
   113  0.6868169221078909E-06   3   0 0  0 0  0 1  2 0  0
   114  0.9843231068477968E-06   3   0 0  0 0  0 0  3 0  0
   115  -.2515114063015784E-05   3   0 0  0 0  0 2  0 1  0
   116  -.1908591068688240E-05   3   0 0  0 0  0 1  1 1  0
   117  -.2503527729955283E-05   3   0 0  0 0  0 0  2 1  0
   118  0.1907439282452950E-05   3   0 0  0 0  0 1  0 2  0
   119  0.1901069257179759E-05   3   0 0  0 0  0 0  1 2  0
   120  -.2293136983844550E-06   3   0 0  0 0  0 0  0 3  0
   121   191.7091755687047       4   4 0  0 0  0 0  0 0  0
   122   98.95297627836788       4   3 1  0 0  0 0  0 0  0
   123   24.45932387319926       4   2 2  0 0  0 0  0 0  0
   124   2.835258718601389       4   1 3  0 0  0 0  0 0  0
   125  0.1268727361403287       4   0 4  0 0  0 0  0 0  0
   126  0.8766846840461148E-01   4   3 0  1 0  0 0  0 0  0
   127  0.3530208186357071E-01   4   2 1  1 0  0 0  0 0  0
   128  0.5910667789283986E-02   4   1 2  1 0  0 0  0 0  0
   129  0.3221670226897287E-03   4   0 3  1 0  0 0  0 0  0
   130  -700.7048831006433       4   2 0  2 0  0 0  0 0  0
   131  -147.2517635261407       4   1 1  2 0  0 0  0 0  0
   132  -10.70728903905749       4   0 2  2 0  0 0  0 0  0
   133  -.6768783658469672E-01   4   1 0  3 0  0 0  0 0  0
   134  -.5483487939019366E-02   4   0 1  3 0  0 0  0 0  0
   135   84.18293355535812       4   0 0  4 0  0 0  0 0  0
   136  0.1210101701337902E-01   4   3 0  0 1  0 0  0 0  0
   137  0.6081654105667236E-02   4   2 1  0 1  0 0  0 0  0
   138  0.1214838690309239E-02   4   1 2  0 1  0 0  0 0  0
   139  0.9543634077295862E-04   4   0 3  0 1  0 0  0 0  0
   140  -183.6198753255896       4   2 0  1 1  0 0  0 0  0
   141  -55.76357229726713       4   1 1  1 1  0 0  0 0  0
   142  -4.579309848652293       4   0 2  1 1  0 0  0 0  0
   143  -.2132481045812501E-01   4   1 0  2 1  0 0  0 0  0
   144  -.2901732495946495E-02   4   0 1  2 1  0 0  0 0  0
   145   34.90917386443844       4   0 0  3 1  0 0  0 0  0
   146  -19.17972205477152       4   2 0  0 2  0 0  0 0  0
   147  -6.562870854815004       4   1 1  0 2  0 0  0 0  0
   148  -.5891802108733953       4   0 2  0 2  0 0  0 0  0
   149  -.4084641658715762E-02   4   1 0  1 2  0 0  0 0  0
   150  -.9836071667200475E-03   4   0 1  1 2  0 0  0 0  0
   151   8.903706130051312       4   0 0  2 2  0 0  0 0  0
   152  -.2079431729094066E-03   4   1 0  0 3  0 0  0 0  0
   153  -.3488619306532708E-04   4   0 1  0 3  0 0  0 0  0
   154   1.262922170471872       4   0 0  1 3  0 0  0 0  0
   155  0.8050462495697497E-01   4   0 0  0 4  0 0  0 0  0
   156   7.184061289769813       4   3 0  0 0  0 1  0 0  0
   157   5.802313782513750       4   2 1  0 0  0 1  0 0  0
   158   2.516504877956717       4   1 2  0 0  0 1  0 0  0
   159  0.8494348131462968E-01   4   0 3  0 0  0 1  0 0  0
   160  0.1127797564196724E-01   4   2 0  1 0  0 1  0 0  0
   161  0.3310737795816259E-02   4   1 1  1 0  0 1  0 0  0
   162  0.2523210226798276E-03   4   0 2  1 0  0 1  0 0  0
   163   4.861335454222056       4   1 0  2 0  0 1  0 0  0
   164  -.4440268873715160       4   0 1  2 0  0 1  0 0  0
   165  -.1989579807285280E-02   4   0 0  3 0  0 1  0 0  0
   166  0.2234801390246142E-02   4   2 0  0 1  0 1  0 0  0
   167  0.9078373534107307E-03   4   1 1  0 1  0 1  0 0  0
   168  0.7887447306876949E-04   4   0 2  0 1  0 1  0 0  0
   169   6.895412224914988       4   1 0  1 1  0 1  0 0  0
   170   1.469609569243350       4   0 1  1 1  0 1  0 0  0
   171  -.8976639669857845E-03   4   0 0  2 1  0 1  0 0  0
   172  -.8288321828683579       4   1 0  0 2  0 1  0 0  0
   173  -.2878170998069056       4   0 1  0 2  0 1  0 0  0
   174  -.1912949787098811E-03   4   0 0  1 2  0 1  0 0  0
   175  -.3244426945911644E-04   4   0 0  0 3  0 1  0 0  0
   176   7.160069620727699       4   3 0  0 0  0 0  1 0  0
   177   5.782936554740733       4   2 1  0 0  0 0  1 0  0
   178   2.508100836045133       4   1 2  0 0  0 0  1 0  0
   179  0.8465980668982229E-01   4   0 3  0 0  0 0  1 0  0
   180  0.1124031206308710E-01   4   2 0  1 0  0 0  1 0  0
   181  0.3299681358199909E-02   4   1 1  1 0  0 0  1 0  0
   182  0.2514783791910936E-03   4   0 2  1 0  0 0  1 0  0
   183   4.845100688590763       4   1 0  2 0  0 0  1 0  0
   184  -.4425440289021907       4   0 1  2 0  0 0  1 0  0
   185  -.1982935468053768E-02   4   0 0  3 0  0 0  1 0  0
   186  0.2227338116595354E-02   4   2 0  0 1  0 0  1 0  0
   187  0.9048055678442451E-03   4   1 1  0 1  0 0  1 0  0
   188  0.7861106631632020E-04   4   0 2  0 1  0 0  1 0  0
   189   6.872384519368464       4   1 0  1 1  0 0  1 0  0
   190   1.464701706547836       4   0 1  1 1  0 0  1 0  0
   191  -.8946661561461678E-03   4   0 0  2 1  0 0  1 0  0
   192  -.8260642405275633       4   1 0  0 2  0 0  1 0  0
   193  -.2868559147160912       4   0 1  0 2  0 0  1 0  0
   194  -.1906561359114268E-03   4   0 0  1 2  0 0  1 0  0
   195  -.3233591957960137E-04   4   0 0  0 3  0 0  1 0  0
   196  -23.82019293847855       4   3 0  0 0  0 0  0 1  0
   197  -11.56714779389192       4   2 1  0 0  0 0  0 1  0
   198  -3.038979522843425       4   1 2  0 0  0 0  0 1  0
   199  -.8831116553550379E-01   4   0 3  0 0  0 0  0 1  0
   200  0.5055312556669643E-03   4   2 0  1 0  0 0  0 1  0
   201  0.2050394321582877E-03   4   1 1  1 0  0 0  0 1  0
   202  0.2701487634536573E-04   4   0 2  1 0  0 0  0 1  0
   203  -23.17750390813015       4   1 0  2 0  0 0  0 1  0
   204  0.8786465962393676       4   0 1  2 0  0 0  0 1  0
   205  -.6416816180718836E-03   4   0 0  3 0  0 0  0 1  0
   206  0.2263665343435291E-03   4   2 0  0 1  0 0  0 1  0
   207  -.9198082708659676E-04   4   1 1  0 1  0 0  0 1  0
   208  -.2997472072348904E-05   4   0 2  0 1  0 0  0 1  0
   209  -13.78842526713729       4   1 0  1 1  0 0  0 1  0
   210  -1.910696042371017       4   0 1  1 1  0 0  0 1  0
   211  -.3847542375344726E-03   4   0 0  2 1  0 0  0 1  0
   212  0.7099870501279446       4   1 0  0 2  0 0  0 1  0
   213  0.1466707947653436       4   0 1  0 2  0 0  0 1  0
   214  -.5246964263071994E-04   4   0 0  1 2  0 0  0 1  0
   215  0.7424072060670761E-05   4   0 0  0 3  0 0  0 1  0
   216  -.6028027326888206E-01   4   2 0  0 0  0 2  0 0  0
   217  -.6139619577102284E-01   4   1 1  0 0  0 2  0 0  0
   218  -.1033772752214613E-01   4   0 2  0 0  0 2  0 0  0
   219  -.5306756981765334E-03   4   1 0  1 0  0 2  0 0  0
   220  -.2467077310913947E-03   4   0 1  1 0  0 2  0 0  0
   221  -.7503548741913150E-02   4   0 0  2 0  0 2  0 0  0
   222  0.1255964109136430E-03   4   1 0  0 1  0 2  0 0  0
   223  0.4000361272190528E-04   4   0 1  0 1  0 2  0 0  0
   224  0.2389797950889204E-01   4   0 0  1 1  0 2  0 0  0
   225  0.7120261458918916E-02   4   0 0  0 2  0 2  0 0  0
   226  -.4534138977683092E-01   4   2 0  0 0  0 1  1 0  0
   227  -.5022741253231015E-01   4   1 1  0 0  0 1  1 0  0
   228  -.1077136140485208E-01   4   0 2  0 0  0 1  1 0  0
   229  -.6303688824102868E-03   4   1 0  1 0  0 1  1 0  0
   230  -.2531616827095092E-03   4   0 1  1 0  0 1  1 0  0
   231  -.2837007614736425E-02   4   0 0  2 0  0 1  1 0  0
   232  0.1423319030144918E-03   4   1 0  0 1  0 1  1 0  0
   233  0.5561287364182561E-04   4   0 1  0 1  0 1  1 0  0
   234  0.1266477359268390E-01   4   0 0  1 1  0 1  1 0  0
   235  0.6932128644660456E-02   4   0 0  0 2  0 1  1 0  0
   236  -.6000325277942938E-01   4   2 0  0 0  0 0  2 0  0
   237  -.6110728997598365E-01   4   1 1  0 0  0 0  2 0  0
   238  -.1028521811401027E-01   4   0 2  0 0  0 0  2 0  0
   239  -.5278508897984584E-03   4   1 0  1 0  0 0  2 0  0
   240  -.2454611081122629E-03   4   0 1  1 0  0 0  2 0  0
   241  -.7473752930977755E-02   4   0 0  2 0  0 0  2 0  0
   242  0.1249393094095306E-03   4   1 0  0 1  0 0  2 0  0
   243  0.3977715637628995E-04   4   0 1  0 1  0 0  2 0  0
   244  0.2379702311192352E-01   4   0 0  1 1  0 0  2 0  0
   245  0.7084907692536426E-02   4   0 0  0 2  0 0  2 0  0
   246  0.1680483651220817       4   2 0  0 0  0 1  0 1  0
   247  0.1022429196357128       4   1 1  0 0  0 1  0 1  0
   248  0.1173902202438274E-01   4   0 2  0 0  0 1  0 1  0
   249  0.8505222206992151E-03   4   1 0  1 0  0 1  0 1  0
   250  0.3279266701329882E-03   4   0 1  1 0  0 1  0 1  0
   251  0.1767994303449866E-01   4   0 0  2 0  0 1  0 1  0
   252  -.8071312178976165E-04   4   1 0  0 1  0 1  0 1  0
   253  -.1623990175189910E-04   4   0 1  0 1  0 1  0 1  0
   254  -.2471069804557581E-01   4   0 0  1 1  0 1  0 1  0
   255  -.6660019354913534E-02   4   0 0  0 2  0 1  0 1  0
   256  0.1674871559958694       4   2 0  0 0  0 0  1 1  0
   257  0.1019014723413673       4   1 1  0 0  0 0  1 1  0
   258  0.1169981874925375E-01   4   0 2  0 0  0 0  1 1  0
   259  0.8476818429784650E-03   4   1 0  1 0  0 0  1 1  0
   260  0.3268315363607988E-03   4   0 1  1 0  0 0  1 1  0
   261  0.1762089964318300E-01   4   0 0  2 0  0 0  1 1  0
   262  -.8044357474287133E-04   4   1 0  0 1  0 0  1 1  0
   263  -.1618566747794294E-04   4   0 1  0 1  0 0  1 1  0
   264  -.2462817496212800E-01   4   0 0  1 1  0 0  1 1  0
   265  -.6637777760120262E-02   4   0 0  0 2  0 0  1 1  0
   266  -.1699075423975892       4   2 0  0 0  0 0  0 2  0
   267  -.2994543303878672E-01   4   1 1  0 0  0 0  0 2  0
   268  -.1259641437144032E-02   4   0 2  0 0  0 0  0 2  0
   269  -.6787575356753039E-05   4   1 0  1 0  0 0  0 2  0
   270  -.3449851295515927E-04   4   0 1  1 0  0 0  0 2  0
   271  -.1748786655735213E-01   4   0 0  2 0  0 0  0 2  0
   272  -.8041079696519509E-06   4   1 0  0 1  0 0  0 2  0
   273  -.3170719569888169E-07   4   0 1  0 1  0 0  0 2  0
   274  -.1064146011835334E-01   4   0 0  1 1  0 0  0 2  0
   275  -.4316957525192270E-03   4   0 0  0 2  0 0  0 2  0
   276  -.8869329037844084E-01   4   1 0  0 0  0 3  0 0  0
   277  -.1016995084001165       4   0 1  0 0  0 3  0 0  0
   278  -.3206524800524282E-05   4   0 0  1 0  0 3  0 0  0
   279  -.7157005560504118E-05   4   0 0  0 1  0 3  0 0  0
   280  -.5727122726253107E-01   4   1 0  0 0  0 2  1 0  0
   281  -.6625423938346159E-01   4   0 1  0 0  0 2  1 0  0
   282  -.1694684529078350E-05   4   0 0  1 0  0 2  1 0  0
   283  -.4966212112347178E-05   4   0 0  0 1  0 2  1 0  0
   284  -.5742714773135698E-01   4   1 0  0 0  0 1  2 0  0
   285  -.6643009593131163E-01   4   0 1  0 0  0 1  2 0  0
   286  -.1702204229424747E-05   4   0 0  1 0  0 1  2 0  0
   287  -.4977066841341650E-05   4   0 0  0 1  0 1  2 0  0
   288  -.8815368472805300E-01   4   1 0  0 0  0 0  3 0  0
   289  -.1010798006440647       4   0 1  0 0  0 0  3 0  0
   290  -.3187641935697070E-05   4   0 0  1 0  0 0  3 0  0
   291  -.7112888911090586E-05   4   0 0  0 1  0 0  3 0  0
   292  0.2188972429169881       4   1 0  0 0  0 2  0 1  0
   293  0.1324410081788919       4   0 1  0 0  0 2  0 1  0
   294  0.4374436064557604E-05   4   0 0  1 0  0 2  0 1  0
   295  0.8170191536048826E-05   4   0 0  0 1  0 2  0 1  0
   296  0.1563113292714098       4   1 0  0 0  0 1  1 1  0
   297  0.9718424067776013E-01   4   0 1  0 0  0 1  1 1  0
   298  0.2739261877634714E-05   4   0 0  1 0  0 1  1 1  0
   299  0.5998422029619119E-05   4   0 0  0 1  0 1  1 1  0
   300  0.2179052142080847       4   1 0  0 0  0 0  2 1  0
   301  0.1318364355381710       4   0 1  0 0  0 0  2 1  0
   302  0.4355253355927857E-05   4   0 0  1 0  0 0  2 1  0
   303  0.8132890544508029E-05   4   0 0  0 1  0 0  2 1  0
   304  -.1560833961858374       4   1 0  0 0  0 1  0 2  0
   305  -.1309579501244232E-01   4   0 1  0 0  0 1  0 2  0
   306  -.1187290383715285E-05   4   0 0  1 0  0 1  0 2  0
   307  0.2701390198763316E-07   4   0 0  0 1  0 1  0 2  0
   308  -.1555621449000766       4   1 0  0 0  0 0  1 2  0
   309  -.1305206070017561E-01   4   0 1  0 0  0 0  1 2  0
   310  -.1183325345445894E-05   4   0 0  1 0  0 0  1 2  0
   311  0.2692368719552770E-07   4   0 0  0 1  0 0  1 2  0
   312  0.1007736222814262E-01   4   1 0  0 0  0 0  0 3  0
   313  0.1429040663479052E-03   4   0 1  0 0  0 0  0 3  0
   314  0.6463657550350279E-06   4   0 0  1 0  0 0  0 3  0
   315  0.1238626651313603E-07   4   0 0  0 1  0 0  0 3  0
   316  -.3221571877055872E-04   4   0 0  0 0  0 4  0 0  0
   317  -.2046704293954335E-04   4   0 0  0 0  0 3  1 0  0
   318  -.1891851561504292E-04   4   0 0  0 0  0 2  2 0  0
   319  -.2054985266538888E-04   4   0 0  0 0  0 1  3 0  0
   320  -.3196671720270513E-04   4   0 0  0 0  0 0  4 0  0
   321  0.3942996808033165E-04   4   0 0  0 0  0 3  0 1  0
   322  0.2753152139627465E-04   4   0 0  0 0  0 2  1 1  0
   323  0.2759046529627493E-04   4   0 0  0 0  0 1  2 1  0
   324  0.3918663197727730E-04   4   0 0  0 0  0 0  3 1  0
   325  -.3019535660363826E-05   4   0 0  0 0  0 2  0 2  0
   326  -.3651893712145725E-05   4   0 0  0 0  0 1  1 2  0
   327  -.3003353836713366E-05   4   0 0  0 0  0 0  2 2  0
   328  0.2648258132312405E-07   4   0 0  0 0  0 1  0 3  0
   329  0.2639414091304708E-07   4   0 0  0 0  0 0  1 3  0
   330  0.9980626096347751E-13   4   0 0  0 0  0 0  0 4  0
   -------------------------------------------------------
     I  COEFFICIENT            ORDER EXPONENTS
     1  -.8141740060107157E-05   0   0 0  0 0  0 0  0 0  0
     2  0.1115167477634830E-04   1   1 0  0 0  0 0  0 0  0
     3  0.6460715937750305E-06   1   0 1  0 0  0 0  0 0  0
     4  0.7279812521611640       1   0 0  1 0  0 0  0 0  0
     5  0.2314038515203181       1   0 0  0 1  0 0  0 0  0
     6  -.1076132419244872E-04   1   0 0  0 0  0 1  0 0  0
     7  -.1072538600678103E-04   1   0 0  0 0  0 0  1 0  0
     8  0.2148671019807288E-04   1   0 0  0 0  0 0  0 1  0
     9  0.2137076521242376E-03   2   2 0  0 0  0 0  0 0  0
    10  0.4507417473597282E-04   2   1 1  0 0  0 0  0 0  0
    11  0.2379112647513672E-04   2   0 2  0 0  0 0  0 0  0
    12  0.9191740400114590E-01   2   1 0  1 0  0 0  0 0  0
    13  0.6701666717245564E-02   2   0 1  1 0  0 0  0 0  0
    14  -.1613419227203948E-03   2   0 0  2 0  0 0  0 0  0
    15  0.7728179114381657E-02   2   1 0  0 1  0 0  0 0  0
    16  0.9034470540273349E-03   2   0 1  0 1  0 0  0 0  0
    17  0.5632340289620106E-04   2   0 0  1 1  0 0  0 0  0
    18  0.3378010828573370E-04   2   0 0  0 2  0 0  0 0  0
    19  -.5700860111678095E-05   2   1 0  0 0  0 1  0 0  0
    20  -.6648347353873397E-06   2   0 1  0 0  0 1  0 0  0
    21  0.1301636075850365       2   0 0  1 0  0 1  0 0  0
    22  -.1066533848022258       2   0 0  0 1  0 1  0 0  0
    23  -.5681821695448351E-05   2   1 0  0 0  0 0  1 0  0
    24  -.6626144738534240E-06   2   0 1  0 0  0 0  1 0  0
    25  0.1297289172241746       2   0 0  1 0  0 0  1 0  0
    26  -.1062972084547275       2   0 0  0 1  0 0  1 0  0
    27  0.1138268355125298E-04   2   1 0  0 0  0 0  0 1  0
    28  0.6813756711114657E-06   2   0 1  0 0  0 0  0 1  0
    29  -.2598925247770782       2   0 0  1 0  0 0  0 1  0
    30  -.1845325825712603E-01   2   0 0  0 1  0 0  0 1  0
    31  0.7839634980594988E-05   2   0 0  0 0  0 2  0 0  0
    32  0.4937342206420226E-05   2   0 0  0 0  0 1  1 0  0
    33  0.7805209680200502E-05   2   0 0  0 0  0 0  2 0  0
    34  -.9855292499553918E-05   2   0 0  0 0  0 1  0 1  0
    35  -.9822380069324651E-05   2   0 0  0 0  0 0  1 1  0
    36  -.9045139723095909E-06   2   0 0  0 0  0 0  0 2  0
    37  0.4949526780511182E-02   3   3 0  0 0  0 0  0 0  0
    38  0.1336863648924060E-02   3   2 1  0 0  0 0  0 0  0
    39  0.1751283943531670E-03   3   1 2  0 0  0 0  0 0  0
    40  0.8705488384482933E-05   3   0 3  0 0  0 0  0 0  0
    41  -.9254669432699165       3   2 0  1 0  0 0  0 0  0
    42  -.4771996063801397       3   1 1  1 0  0 0  0 0  0
    43  -.2734684936675207       3   0 2  1 0  0 0  0 0  0
    44  -.1173297184310762E-01   3   1 0  2 0  0 0  0 0  0
    45  -.8585590494820981E-03   3   0 1  2 0  0 0  0 0  0
    46  0.9845237980373990E-01   3   0 0  3 0  0 0  0 0  0
    47  -1.228398074761586       3   2 0  0 1  0 0  0 0  0
    48  -.8600894093376293E-01   3   1 1  0 1  0 0  0 0  0
    49  0.8623841167381824E-01   3   0 2  0 1  0 0  0 0  0
    50  -.2043825692674606E-02   3   1 0  1 1  0 0  0 0  0
    51  -.2299102856595753E-03   3   0 1  1 1  0 0  0 0  0
    52  -.2999599299184023       3   0 0  2 1  0 0  0 0  0
    53  -.1234048151755317E-03   3   1 0  0 2  0 0  0 0  0
    54  -.1589829529027139E-04   3   0 1  0 2  0 0  0 0  0
    55  -.3799832060656461       3   0 0  1 2  0 0  0 0  0
    56  0.7939709690922282E-01   3   0 0  0 3  0 0  0 0  0
    57  -.1526035081858005E-03   3   2 0  0 0  0 1  0 0  0
    58  -.6631474430229423E-04   3   1 1  0 0  0 1  0 0  0
    59  -.3540717953742716E-04   3   0 2  0 0  0 1  0 0  0
    60  -.4394446259989124E-01   3   1 0  1 0  0 1  0 0  0
    61  -.6396976662291417E-02   3   0 1  1 0  0 1  0 0  0
    62  0.4167678355820038E-04   3   0 0  2 0  0 1  0 0  0
    63  -.7957349594847363E-02   3   1 0  0 1  0 1  0 0  0
    64  -.1353946527461103E-02   3   0 1  0 1  0 1  0 0  0
    65  -.2775942712947147E-05   3   0 0  1 1  0 1  0 0  0
    66  -.4388224844121580E-04   3   0 0  0 2  0 1  0 0  0
    67  -.1520938782264535E-03   3   2 0  0 0  0 0  1 0  0
    68  -.6609328163184441E-04   3   1 1  0 0  0 0  1 0  0
    69  -.3528893481499063E-04   3   0 2  0 0  0 0  1 0  0
    70  -.4379770703080543E-01   3   1 0  1 0  0 0  1 0  0
    71  -.6375613516744432E-02   3   0 1  1 0  0 0  1 0  0
    72  0.4153760105995364E-04   3   0 0  2 0  0 0  1 0  0
    73  -.7930775476082020E-02   3   1 0  0 1  0 0  1 0  0
    74  -.1349424929485077E-02   3   0 1  0 1  0 0  1 0  0
    75  -.2766672260460455E-05   3   0 0  1 1  0 0  1 0  0
    76  -.4373570064061119E-04   3   0 0  0 2  0 0  1 0  0
    77  0.3051698790235680E-03   3   2 0  0 0  0 0  0 1  0
    78  0.8747479665298743E-04   3   1 1  0 0  0 0  0 1  0
    79  0.2312411030505453E-04   3   0 2  0 0  0 0  0 1  0
    80  0.8774227927077656E-01   3   1 0  1 0  0 0  0 1  0
    81  0.6071012245938351E-02   3   0 1  1 0  0 0  0 1  0
    82  -.8356107485192566E-04   3   0 0  2 0  0 0  0 1  0
    83  0.8160047029757140E-02   3   1 0  0 1  0 0  0 1  0
    84  0.8965010928624676E-03   3   0 1  0 1  0 0  0 1  0
    85  -.5090607613869610E-04   3   0 0  1 1  0 0  0 1  0
    86  0.2004345370981377E-04   3   0 0  0 2  0 0  0 1  0
    87  0.4328270259642679E-05   3   1 0  0 0  0 2  0 0  0
    88  0.6665739354579386E-06   3   0 1  0 0  0 2  0 0  0
    89  -.9456448055806502E-01   3   0 0  1 0  0 2  0 0  0
    90  0.7535445206313286E-01   3   0 0  0 1  0 2  0 0  0
    91  0.2978572467252498E-05   3   1 0  0 0  0 1  1 0  0
    92  0.6784895614000486E-06   3   0 1  0 0  0 1  1 0  0
    93  -.5920173079115603E-01   3   0 0  1 0  0 1  1 0  0
    94  0.4426339094950758E-01   3   0 0  0 1  0 1  1 0  0
    95  0.4308842127783693E-05   3   1 0  0 0  0 0  2 0  0
    96  0.6632149343607719E-06   3   0 1  0 0  0 0  2 0  0
    97  -.9414982180635598E-01   3   0 0  1 0  0 0  2 0  0
    98  0.7502889033786636E-01   3   0 0  0 1  0 0  2 0  0
    99  -.5973883332390969E-05   3   1 0  0 0  0 1  0 1  0
   100  -.7043702131222450E-06   3   0 1  0 0  0 1  0 1  0
   101  0.1181672602155873       3   0 0  1 0  0 1  0 1  0
   102  0.1833442031493261E-01   3   0 0  0 1  0 1  0 1  0
   103  -.5953933136251780E-05   3   1 0  0 0  0 0  1 1  0
   104  -.7020179201287902E-06   3   0 1  0 0  0 0  1 1  0
   105  0.1177726324856234       3   0 0  1 0  0 0  1 1  0
   106  0.1827319125151956E-01   3   0 0  0 1  0 0  1 1  0
   107  0.2958300900819696E-06   3   1 0  0 0  0 0  0 2  0
   108  0.4791035394221143E-07   3   0 1  0 0  0 0  0 2  0
   109  0.1197627027531161E-01   3   0 0  1 0  0 0  0 2  0
   110  0.1494349788039493E-03   3   0 0  0 1  0 0  0 2  0
   111  -.6382678151560566E-05   3   0 0  0 0  0 3  0 0  0
   112  -.3473366040632084E-05   3   0 0  0 0  0 2  1 0  0
   113  -.3487833037491290E-05   3   0 0  0 0  0 1  2 0  0
   114  -.6344924774202928E-05   3   0 0  0 0  0 0  3 0  0
   115  0.6941532635087002E-05   3   0 0  0 0  0 2  0 1  0
   116  0.4047026403744888E-05   3   0 0  0 0  0 1  1 1  0
   117  0.6911593245096851E-05   3   0 0  0 0  0 0  2 1  0
   118  0.8904712374860337E-06   3   0 0  0 0  0 1  0 2  0
   119  0.8874974472635486E-06   3   0 0  0 0  0 0  1 2  0
   120  0.1036652466096898E-07   3   0 0  0 0  0 0  0 3  0
   121  0.2443620256343412E-02   4   4 0  0 0  0 0  0 0  0
   122  0.7516736623163528E-03   4   3 1  0 0  0 0  0 0  0
   123  0.5505093882173487E-04   4   2 2  0 0  0 0  0 0  0
   124  0.4876528768508815E-05   4   1 3  0 0  0 0  0 0  0
   125  0.9071720390138628E-05   4   0 4  0 0  0 0  0 0  0
   126  -57.51892790279170       4   3 0  1 0  0 0  0 0  0
   127  -13.14430539193059       4   2 1  1 0  0 0  0 0  0
   128  -1.471631255827386       4   1 2  1 0  0 0  0 0  0
   129  -.5650712436546690E-01   4   0 3  1 0  0 0  0 0  0
   130  -.1512295165774020E-01   4   2 0  2 0  0 0  0 0  0
   131  -.2748261698439415E-02   4   1 1  2 0  0 0  0 0  0
   132  -.2625847370202262E-03   4   0 2  2 0  0 0  0 0  0
   133   46.68030704921218       4   1 0  3 0  0 0  0 0  0
   134   3.296215921219257       4   0 1  3 0  0 0  0 0  0
   135  0.1269318417793498E-02   4   0 0  4 0  0 0  0 0  0
   136  -5.058347613905156       4   3 0  0 1  0 0  0 0  0
   137  -1.818718229562394       4   2 1  0 1  0 0  0 0  0
   138  -.2171758214603102       4   1 2  0 1  0 0  0 0  0
   139  -.8457336868922328E-02   4   0 3  0 1  0 0  0 0  0
   140  -.2422249877041665E-02   4   2 0  1 1  0 0  0 0  0
   141  -.4360441351470403E-03   4   1 1  1 1  0 0  0 0  0
   142  -.1851523196018982E-03   4   0 2  1 1  0 0  0 0  0
   143   10.76608959433011       4   1 0  2 1  0 0  0 0  0
   144   1.248120043776950       4   0 1  2 1  0 0  0 0  0
   145  0.6176193476032030E-03   4   0 0  3 1  0 0  0 0  0
   146  -.3108222855154501E-03   4   2 0  0 2  0 0  0 0  0
   147  -.1984313611744656E-04   4   1 1  0 2  0 0  0 0  0
   148  0.3910424762207501E-04   4   0 2  0 2  0 0  0 0  0
   149   1.545309047629355       4   1 0  1 2  0 0  0 0  0
   150  0.2004979387409525       4   0 1  1 2  0 0  0 0  0
   151  0.2122452060267691E-03   4   0 0  2 2  0 0  0 0  0
   152  0.8825092273953869E-01   4   1 0  0 3  0 0  0 0  0
   153  0.1274094575823125E-01   4   0 1  0 3  0 0  0 0  0
   154  -.9914156078315507E-04   4   0 0  1 3  0 0  0 0  0
   155  0.3035282902511452E-04   4   0 0  0 4  0 0  0 0  0
   156  0.2193073171918865E-03   4   3 0  0 0  0 1  0 0  0
   157  -.6947059915579186E-04   4   2 1  0 0  0 1  0 0  0
   158  -.5209289126831261E-04   4   1 2  0 0  0 1  0 0  0
   159  -.6651628442970228E-05   4   0 3  0 0  0 1  0 0  0
   160  0.9701931502819497       4   2 0  1 0  0 1  0 0  0
   161  0.6908968006899249       4   1 1  1 0  0 1  0 0  0
   162  0.4037417945698237       4   0 2  1 0  0 1  0 0  0
   163  -.5813214941290909E-03   4   1 0  2 0  0 1  0 0  0
   164  -.8296530934160557E-04   4   0 1  2 0  0 1  0 0  0
   165  0.1005666063254520       4   0 0  3 0  0 1  0 0  0
   166   1.297006504587166       4   2 0  0 1  0 1  0 0  0
   167  0.1736024870269442       4   1 1  0 1  0 1  0 0  0
   168  -.1086422592722423       4   0 2  0 1  0 1  0 0  0
   169  -.6936619966584014E-04   4   1 0  1 1  0 1  0 0  0
   170  -.2190298704094287E-04   4   0 1  1 1  0 1  0 0  0
   171  -.4399468450985410E-03   4   0 0  2 1  0 1  0 0  0
   172  -.4697395358112178E-04   4   1 0  0 2  0 1  0 0  0
   173  -.8985217929266338E-05   4   0 1  0 2  0 1  0 0  0
   174  0.4908458019223688       4   0 0  1 2  0 1  0 0  0
   175  -.1003787526202659       4   0 0  0 3  0 1  0 0  0
   176  0.2185749252536281E-03   4   3 0  0 0  0 0  1 0  0
   177  -.6923859729000983E-04   4   2 1  0 0  0 0  1 0  0
   178  -.5191892345869298E-04   4   1 2  0 0  0 0  1 0  0
   179  -.6629414870207103E-05   4   0 3  0 0  0 0  1 0  0
   180  0.9669531232234967       4   2 0  1 0  0 0  1 0  0
   181  0.6885895030882230       4   1 1  1 0  0 0  1 0  0
   182  0.4023934709513201       4   0 2  1 0  0 0  1 0  0
   183  -.5793801308344785E-03   4   1 0  2 0  0 0  1 0  0
   184  -.8268824095877665E-04   4   0 1  2 0  0 0  1 0  0
   185  0.1002307571952280       4   0 0  3 0  0 0  1 0  0
   186   1.292675061751649       4   2 0  0 1  0 0  1 0  0
   187  0.1730227295268866       4   1 1  0 1  0 0  1 0  0
   188  -.1082794409410353       4   0 2  0 1  0 0  1 0  0
   189  -.6913454644937007E-04   4   1 0  1 1  0 0  1 0  0
   190  -.2182984050238689E-04   4   0 1  1 1  0 0  1 0  0
   191  -.4384776122126704E-03   4   0 0  2 1  0 0  1 0  0
   192  -.4681708081758867E-04   4   1 0  0 2  0 0  1 0  0
   193  -.8955211173180205E-05   4   0 1  0 2  0 0  1 0  0
   194  0.4892065884530751       4   0 0  1 2  0 0  1 0  0
   195  -.1000435308404694       4   0 0  0 3  0 0  1 0  0
   196  0.1802721457252278E-03   4   3 0  0 0  0 0  0 1  0
   197  0.2192370426213193E-03   4   2 1  0 0  0 0  0 1  0
   198  0.5150043996974079E-04   4   1 2  0 0  0 0  0 1  0
   199  0.3909571973848376E-05   4   0 3  0 0  0 0  0 1  0
   200  -1.942013272810059       4   2 0  1 0  0 0  0 1  0
   201  -.9037325817060956       4   1 1  1 0  0 0  0 1  0
   202  -.2593056095847989       4   0 2  1 0  0 0  0 1  0
   203  -.1554921260251672E-03   4   1 0  2 0  0 0  0 1  0
   204  -.1243376418293340E-04   4   0 1  2 0  0 0  0 1  0
   205  -.1995783797604135       4   0 0  3 0  0 0  0 1  0
   206  -1.362202631851611       4   2 0  0 1  0 0  0 1  0
   207  -.1748850023711832       4   1 1  0 1  0 0  0 1  0
   208  -.4181239224000888E-01   4   0 2  0 1  0 0  0 1  0
   209  -.1663458996022522E-03   4   1 0  1 1  0 0  0 1  0
   210  -.1283542686552467E-04   4   0 1  1 1  0 0  0 1  0
   211  0.3014607785280951       4   0 0  2 1  0 0  0 1  0
   212  0.1477201180986949E-04   4   1 0  0 2  0 0  0 1  0
   213  0.2382677496999127E-05   4   0 1  0 2  0 0  0 1  0
   214  -.2199503322344386       4   0 0  1 2  0 0  0 1  0
   215  -.3775744453425230E-01   4   0 0  0 3  0 0  0 1  0
   216  -.1000624985880094E-03   4   2 0  0 0  0 2  0 0  0
   217  -.1275566238424146E-04   4   1 1  0 0  0 2  0 0  0
   218  0.2103874293083574E-04   4   0 2  0 0  0 2  0 0  0
   219  0.3208624579304700E-01   4   1 0  1 0  0 2  0 0  0
   220  0.6504336090074047E-02   4   0 1  1 0  0 2  0 0  0
   221  -.2014708901433914E-04   4   0 0  2 0  0 2  0 0  0
   222  0.8139767653396357E-02   4   1 0  0 1  0 2  0 0  0
   223  0.1597543029913833E-02   4   0 1  0 1  0 2  0 0  0
   224  -.1347632682530474E-03   4   0 0  1 1  0 2  0 0  0
   225  0.4827406842712848E-04   4   0 0  0 2  0 2  0 0  0
   226  -.1220615574792969E-03   4   2 0  0 0  0 1  1 0  0
   227  -.1936466061950132E-04   4   1 1  0 0  0 1  1 0  0
   228  0.2326681313682212E-04   4   0 2  0 0  0 1  1 0  0
   229  0.2010674973367928E-01   4   1 0  1 0  0 1  1 0  0
   230  0.6333334909606423E-02   4   0 1  1 0  0 1  1 0  0
   231  0.2321452499703825E-04   4   0 0  2 0  0 1  1 0  0
   232  0.8329212885972046E-02   4   1 0  0 1  0 1  1 0  0
   233  0.1924186571136256E-02   4   0 1  0 1  0 1  1 0  0
   234  -.1523543447266885E-03   4   0 0  1 1  0 1  1 0  0
   235  0.5216878712474781E-04   4   0 0  0 2  0 1  1 0  0
   236  -.9952451645803308E-04   4   2 0  0 0  0 0  2 0  0
   237  -.1268072915734258E-04   4   1 1  0 0  0 0  2 0  0
   238  0.2092963203015012E-04   4   0 2  0 0  0 0  2 0  0
   239  0.3194551761832069E-01   4   1 0  1 0  0 0  2 0  0
   240  0.6472039105541936E-02   4   0 1  1 0  0 0  2 0  0
   241  -.2011856967365138E-04   4   0 0  2 0  0 0  2 0  0
   242  0.8098676345961286E-02   4   1 0  0 1  0 0  2 0  0
   243  0.1588994947586544E-02   4   0 1  0 1  0 0  2 0  0
   244  -.1340588180772021E-03   4   0 0  1 1  0 0  2 0  0
   245  0.4802574320570091E-04   4   0 0  0 2  0 0  2 0  0
   246  0.8602441921269552E-04   4   2 0  0 0  0 1  0 1  0
   247  0.1153359473228331E-04   4   1 1  0 0  0 1  0 1  0
   248  0.4317691793147961E-05   4   0 2  0 0  0 1  0 1  0
   249  -.3987777346813671E-01   4   1 0  1 0  0 1  0 1  0
   250  -.5690401309865182E-02   4   0 1  1 0  0 1  0 1  0
   251  -.4687337709261162E-04   4   0 0  2 0  0 1  0 1  0
   252  -.8646576853970163E-02   4   1 0  0 1  0 1  0 1  0
   253  -.1393600269669047E-02   4   0 1  0 1  0 1  0 1  0
   254  0.6773896447314750E-04   4   0 0  1 1  0 1  0 1  0
   255  0.2111698313882141E-04   4   0 0  0 2  0 1  0 1  0
   256  0.8573713472109067E-04   4   2 0  0 0  0 0  1 1  0
   257  0.1149507749578970E-04   4   1 1  0 0  0 0  1 1  0
   258  0.4303272563084532E-05   4   0 2  0 0  0 0  1 1  0
   259  -.3974459888838400E-01   4   1 0  1 0  0 0  1 1  0
   260  -.5671397821526741E-02   4   0 1  1 0  0 0  1 1  0
   261  -.4671684021121104E-04   4   0 0  2 0  0 0  1 1  0
   262  -.8617701013152410E-02   4   1 0  0 1  0 0  1 1  0
   263  -.1388946245281150E-02   4   0 1  0 1  0 0  1 1  0
   264  0.6751274552103354E-04   4   0 0  1 1  0 0  1 1  0
   265  0.2104646151460370E-04   4   0 0  0 2  0 0  1 1  0
   266  -.1303110142846950E-06   4   2 0  0 0  0 0  0 2  0
   267  -.2639716624091590E-07   4   1 1  0 0  0 0  0 2  0
   268  0.8507104569705425E-08   4   0 2  0 0  0 0  0 2  0
   269  -.4339922193360127E-02   4   1 0  1 0  0 0  0 2  0
   270  -.6526375842036800E-03   4   0 1  1 0  0 0  0 2  0
   271  0.7390745252593179E-04   4   0 0  2 0  0 0  0 2  0
   272  0.4513202928099149E-03   4   1 0  0 1  0 0  0 2  0
   273  -.8015394195714841E-05   4   0 1  0 1  0 0  0 2  0
   274  0.1927671744472256E-04   4   0 0  1 1  0 0  0 2  0
   275  0.9461642283346329E-06   4   0 0  0 2  0 0  0 2  0
   276  -.6567878652060320E-05   4   1 0  0 0  0 3  0 0  0
   277  -.1360288540144797E-05   4   0 1  0 0  0 3  0 0  0
   278  0.7681482639574078E-01   4   0 0  1 0  0 3  0 0  0
   279  -.5974994611099835E-01   4   0 0  0 1  0 3  0 0  0
   280  -.4381359215173638E-05   4   1 0  0 0  0 2  1 0  0
   281  -.1423101047765984E-05   4   0 1  0 0  0 2  1 0  0
   282  0.4137243053450776E-01   4   0 0  1 0  0 2  1 0  0
   283  -.2859422111699421E-01   4   0 0  0 1  0 2  1 0  0
   284  -.4392202389686517E-05   4   1 0  0 0  0 1  2 0  0
   285  -.1422763641323026E-05   4   0 1  0 0  0 1  2 0  0
   286  0.4154868898760777E-01   4   0 0  1 0  0 1  2 0  0
   287  -.2874929159957881E-01   4   0 0  0 1  0 1  2 0  0
   288  -.6527686453677572E-05   4   1 0  0 0  0 0  3 0  0
   289  -.1351106062716261E-05   4   0 1  0 0  0 0  3 0  0
   290  0.7636118285857252E-01   4   0 0  1 0  0 0  3 0  0
   291  -.5940305187689409E-01   4   0 0  0 1  0 0  3 0  0
   292  0.7740915816270256E-05   4   1 0  0 0  0 2  0 1  0
   293  0.1318289266200673E-05   4   0 1  0 0  0 2  0 1  0
   294  -.8268272189583167E-01   4   0 0  1 0  0 2  0 1  0
   295  -.1821753346987043E-01   4   0 0  0 1  0 2  0 1  0
   296  0.5576119690970383E-05   4   1 0  0 0  0 1  1 1  0
   297  0.1366957701189348E-05   4   0 1  0 0  0 1  1 1  0
   298  -.4743296966834967E-01   4   0 0  1 0  0 1  1 1  0
   299  -.1810096847831815E-01   4   0 0  0 1  0 1  1 1  0
   300  0.7705753574574347E-05   4   1 0  0 0  0 0  2 1  0
   301  0.1311604223360780E-05   4   0 1  0 0  0 0  2 1  0
   302  -.8232739439356734E-01   4   0 0  1 0  0 0  2 1  0
   303  -.1812647004071502E-01   4   0 0  0 1  0 0  2 1  0
   304  -.6102489371390334E-07   4   1 0  0 0  0 1  0 2  0
   305  0.2213142843756039E-08   4   0 1  0 0  0 1  0 2  0
   306  -.1177001350968069E-01   4   0 0  1 0  0 1  0 2  0
   307  -.2342624328901003E-03   4   0 0  0 1  0 1  0 2  0
   308  -.6082109686495519E-07   4   1 0  0 0  0 0  1 2  0
   309  0.2205751900327909E-08   4   0 1  0 0  0 0  1 2  0
   310  -.1173070673634526E-01   4   0 0  1 0  0 0  1 2  0
   311  -.2334800973096665E-03   4   0 0  0 1  0 0  1 2  0
   312  0.1071136117480815E-07   4   1 0  0 0  0 0  0 3  0
   313  -.4018297196435321E-09   4   0 1  0 0  0 0  0 3  0
   314  -.1507616223608527E-03   4   0 0  1 0  0 0  0 3  0
   315  0.6463011678961321E-05   4   0 0  0 1  0 0  0 3  0
   316  0.6718569881131692E-05   4   0 0  0 0  0 4  0 0  0
   317  0.2883952837297474E-05   4   0 0  0 0  0 3  1 0  0
   318  0.2378728598154231E-05   4   0 0  0 0  0 2  2 0  0
   319  0.2911086063031543E-05   4   0 0  0 0  0 1  3 0  0
   320  0.6668940362610501E-05   4   0 0  0 0  0 0  4 0  0
   321  0.1534715441385209E-05   4   0 0  0 0  0 3  0 1  0
   322  0.1797838961579392E-05   4   0 0  0 0  0 2  1 1  0
   323  0.1796495208434693E-05   4   0 0  0 0  0 1  2 1  0
   324  0.1524035559268976E-05   4   0 0  0 0  0 0  3 1  0
   325  0.1660798304011127E-07   4   0 0  0 0  0 2  0 2  0
   326  0.2403011483581610E-07   4   0 0  0 0  0 1  1 2  0
   327  0.1651239441886275E-07   4   0 0  0 0  0 0  2 2  0
   328  -.3954492699950479E-09   4   0 0  0 0  0 1  0 3  0
   329  -.3941286398353121E-09   4   0 0  0 0  0 0  1 3  0
   330  0.2610073692640649E-14   4   0 0  0 0  0 0  0 4  0
   -------------------------------------------------------
     I  COEFFICIENT            ORDER EXPONENTS
     1  0.1835507565678337E-03   0   0 0  0 0  0 0  0 0  0
     2  0.8944115112068609E-04   1   1 0  0 0  0 0  0 0  0
     3  0.1121389422415624E-04   1   0 1  0 0  0 0  0 0  0
     4  -2.031258688283736       1   0 0  1 0  0 0  0 0  0
     5  0.7279842909505283       1   0 0  0 1  0 0  0 0  0
     6  0.9417252933363986E-05   1   0 0  0 0  0 1  0 0  0
     7  0.9385803366531264E-05   1   0 0  0 0  0 0  1 0  0
     8  0.1647477002695804E-03   1   0 0  0 0  0 0  0 1  0
     9  0.1202967982949213E-02   2   2 0  0 0  0 0  0 0  0
    10  0.2233491960038961E-03   2   1 1  0 0  0 0  0 0  0
    11  0.7659909980077285E-04   2   0 2  0 0  0 0  0 0  0
    12  0.6715907659300354       2   1 0  1 0  0 0  0 0  0
    13  0.7802638468648584E-01   2   0 1  1 0  0 0  0 0  0
    14  0.7213256656153152E-03   2   0 0  2 0  0 0  0 0  0
    15  0.9999753597202790E-01   2   1 0  0 1  0 0  0 0  0
    16  0.1557974927662156E-01   2   0 1  0 1  0 0  0 0  0
    17  0.6229128193484760E-03   2   0 0  1 1  0 0  0 0  0
    18  -.2349333388158554E-04   2   0 0  0 2  0 0  0 0  0
    19  -.3802170597522023E-05   2   1 0  0 0  0 1  0 0  0
    20  -.6231794047033973E-05   2   0 1  0 0  0 1  0 0  0
    21  -.1172318184814747       2   0 0  1 0  0 1  0 0  0
    22  0.1301622243425743       2   0 0  0 1  0 1  0 0  0
    23  -.3789472986110056E-05   2   1 0  0 0  0 0  1 0  0
    24  -.6210982540243549E-05   2   0 1  0 0  0 0  1 0  0
    25  -.1168403147238131       2   0 0  1 0  0 0  1 0  0
    26  0.1297275386011456       2   0 0  0 1  0 0  1 0  0
    27  0.9703322009949942E-04   2   1 0  0 0  0 0  0 1  0
    28  0.1244283706279040E-04   2   0 1  0 0  0 0  0 1  0
    29  -1.797186554848220       2   0 0  1 0  0 0  0 1  0
    30  -.2598897628772653       2   0 0  0 1  0 0  0 1  0
    31  -.6890386154907601E-05   2   0 0  0 0  0 2  0 0  0
    32  -.4380274720151571E-05   2   0 0  0 0  0 1  1 0  0
    33  -.6860061119253425E-05   2   0 0  0 0  0 0  2 0  0
    34  0.1816100147584661E-04   2   0 0  0 0  0 1  0 1  0
    35  0.1810035155662860E-04   2   0 0  0 0  0 0  1 1  0
    36  -.1813065944854728E-04   2   0 0  0 0  0 0  0 2  0
    37  0.4536381788963953E-01   3   3 0  0 0  0 0  0 0  0
    38  0.1835234212290439E-01   3   2 1  0 0  0 0  0 0  0
    39  0.2981899238923067E-02   3   1 2  0 0  0 0  0 0  0
    40  0.1792329344371524E-03   3   0 3  0 0  0 0  0 0  0
    41  -19.19978227346040       3   2 0  1 0  0 0  0 0  0
    42  -6.403568328152049       3   1 1  1 0  0 0  0 0  0
    43  -1.238084224223179       3   0 2  1 0  0 0  0 0  0
    44  -.8425760877547860E-01   3   1 0  2 0  0 0  0 0  0
    45  -.9677375586011233E-02   3   0 1  2 0  0 0  0 0  0
    46  -2.969769911446504       3   0 0  3 0  0 0  0 0  0
    47  -1.755519032945884       3   2 0  0 1  0 0  0 0  0
    48  -1.319542427379762       3   1 1  0 1  0 0  0 0  0
    49  -.3607551396046126       3   0 2  0 1  0 0  0 0  0
    50  -.2433994117837010E-01   3   1 0  1 1  0 0  0 0  0
    51  -.3790360512890198E-02   3   0 1  1 1  0 0  0 0  0
    52  -2.294068130420791       3   0 0  2 1  0 0  0 0  0
    53  -.2447985472199112E-02   3   1 0  0 2  0 0  0 0  0
    54  -.4212383429519401E-03   3   0 1  0 2  0 0  0 0  0
    55  0.6304764924401720       3   0 0  1 2  0 0  0 0  0
    56  -.2808752308114271E-01   3   0 0  0 3  0 0  0 0  0
    57  -.7041484229157317E-03   3   2 0  0 0  0 1  0 0  0
    58  -.3474465733445388E-03   3   1 1  0 0  0 1  0 0  0
    59  -.7956442233240910E-04   3   0 2  0 0  0 1  0 0  0
    60  0.4738199453510560E-01   3   1 0  1 0  0 1  0 0  0
    61  -.3112343931421101E-01   3   0 1  1 0  0 1  0 0  0
    62  -.8720280895191882E-04   3   0 0  2 0  0 1  0 0  0
    63  -.5274036206851802E-01   3   1 0  0 1  0 1  0 0  0
    64  -.1527892707422644E-01   3   0 1  0 1  0 1  0 0  0
    65  -.4044491553221093E-03   3   0 0  1 1  0 1  0 0  0
    66  0.7690993658927556E-05   3   0 0  0 2  0 1  0 0  0
    67  -.7017968706060134E-03   3   2 0  0 0  0 0  1 0  0
    68  -.3462862515068936E-03   3   1 1  0 0  0 0  1 0  0
    69  -.7929871144672301E-04   3   0 2  0 0  0 0  1 0  0
    70  0.4722375909061339E-01   3   1 0  1 0  0 0  1 0  0
    71  -.3101950043822457E-01   3   0 1  1 0  0 0  1 0  0
    72  -.8691158914636179E-04   3   0 0  2 0  0 0  1 0  0
    73  -.5256423198542549E-01   3   1 0  0 1  0 0  1 0  0
    74  -.1522790204160237E-01   3   0 1  0 1  0 0  1 0  0
    75  -.4030984694234992E-03   3   0 0  1 1  0 0  1 0  0
    76  0.7665309054213370E-05   3   0 0  0 2  0 0  1 0  0
    77  0.2613630691599233E-02   3   2 0  0 0  0 0  0 1  0
    78  0.6962518310615939E-03   3   1 1  0 0  0 0  0 1  0
    79  0.8258255024256221E-04   3   0 2  0 0  0 0  0 1  0
    80  0.5769775561117167       3   1 0  1 0  0 0  0 1  0
    81  0.6214266593471107E-01   3   0 1  1 0  0 0  0 1  0
    82  0.8927390938075143E-03   3   0 0  2 0  0 0  0 1  0
    83  0.1053041314682280       3   1 0  0 1  0 0  0 1  0
    84  0.1492711271786262E-01   3   0 1  0 1  0 0  0 1  0
    85  0.8060457866029539E-03   3   0 0  1 1  0 0  0 1  0
    86  0.7878769798243763E-05   3   0 0  0 2  0 0  0 1  0
    87  0.2903720990911532E-05   3   1 0  0 0  0 2  0 0  0
    88  0.4872004456565140E-05   3   0 1  0 0  0 2  0 0  0
    89  0.8565821423521737E-01   3   0 0  1 0  0 2  0 0  0
    90  -.9456349337845600E-01   3   0 0  0 1  0 2  0 0  0
    91  0.2211807025162658E-05   3   1 0  0 0  0 1  1 0  0
    92  0.3622363565354859E-05   3   0 1  0 0  0 1  1 0  0
    93  0.5429403670691058E-01   3   0 0  1 0  0 1  1 0  0
    94  -.5920114371693700E-01   3   0 0  0 1  0 1  1 0  0
    95  0.2890330572837882E-05   3   1 0  0 0  0 0  2 0  0
    96  0.4849685494430604E-05   3   0 1  0 0  0 0  2 0  0
    97  0.8528149336698969E-01   3   0 0  1 0  0 0  2 0  0
    98  -.9414883890378881E-01   3   0 0  0 1  0 0  2 0  0
    99  -.8357070335441947E-05   3   1 0  0 0  0 1  0 1  0
   100  -.7403354503917411E-05   3   0 1  0 0  0 1  0 1  0
   101  -.2256101634771140       3   0 0  1 0  0 1  0 1  0
   102  0.1181661053422105       3   0 0  0 1  0 1  0 1  0
   103  -.8329161321645693E-05   3   1 0  0 0  0 0  1 1  0
   104  -.7378630490035107E-05   3   0 1  0 0  0 0  1 1  0
   105  -.2248567227482061       3   0 0  1 0  0 0  1 1  0
   106  0.1177714814690257       3   0 0  0 1  0 0  1 1  0
   107  0.8621340521971859E-05   3   1 0  0 0  0 0  0 2  0
   108  0.1276986734642335E-05   3   0 1  0 0  0 0  0 2  0
   109  0.2252333019186105       3   0 0  1 0  0 0  0 2  0
   110  0.1197601600068496E-01   3   0 0  0 1  0 0  0 2  0
   111  0.5629551141887342E-05   3   0 0  0 0  0 3  0 0  0
   112  0.3114465883605746E-05   3   0 0  0 0  0 2  1 0  0
   113  0.3126970657871676E-05   3   0 0  0 0  0 1  2 0  0
   114  0.5596167714613592E-05   3   0 0  0 0  0 0  3 0  0
   115  -.1311573302248007E-04   3   0 0  0 0  0 2  0 1  0
   116  -.8105044850260551E-05   3   0 0  0 0  0 1  1 1  0
   117  -.1305839844721474E-04   3   0 0  0 0  0 0  2 1  0
   118  0.8089096056486809E-05   3   0 0  0 0  0 1  0 2  0
   119  0.8062081961310147E-05   3   0 0  0 0  0 0  1 2  0
   120  0.6600875600425994E-06   3   0 0  0 0  0 0  0 3  0
   121  0.2437824630497983E-01   4   4 0  0 0  0 0  0 0  0
   122  0.1368304611187270E-01   4   3 1  0 0  0 0  0 0  0
   123  0.3348007539398371E-02   4   2 2  0 0  0 0  0 0  0
   124  0.2793172768671396E-03   4   1 3  0 0  0 0  0 0  0
   125  -.3021368649435536E-04   4   0 4  0 0  0 0  0 0  0
   126  -474.2550946191121       4   3 0  1 0  0 0  0 0  0
   127  -180.3213471775484       4   2 1  1 0  0 0  0 0  0
   128  -28.42831128354709       4   1 2  1 0  0 0  0 0  0
   129  -1.578391238276207       4   0 3  1 0  0 0  0 0  0
   130  -.1022337661971556       4   2 0  2 0  0 0  0 0  0
   131  -.1976695381685599E-01   4   1 1  2 0  0 0  0 0  0
   132  -.1761766189864442E-02   4   0 2  2 0  0 0  0 0  0
   133   306.2341142891414       4   1 0  3 0  0 0  0 0  0
   134   32.74979507256118       4   0 1  3 0  0 0  0 0  0
   135  0.1192796358705365E-01   4   0 0  4 0  0 0  0 0  0
   136  -80.10768307076860       4   3 0  0 1  0 0  0 0  0
   137  -39.13280890463551       4   2 1  0 1  0 0  0 0  0
   138  -6.802806042972676       4   1 2  0 1  0 0  0 0  0
   139  -.4043595427579587       4   0 3  0 1  0 0  0 0  0
   140  -.2184652082929649E-01   4   2 0  1 1  0 0  0 0  0
   141  -.5605802700915022E-02   4   1 1  1 1  0 0  0 0  0
   142  0.6039195108003067E-04   4   0 2  1 1  0 0  0 0  0
   143   122.0298383792098       4   1 0  2 1  0 0  0 0  0
   144   17.63033189122140       4   0 1  2 1  0 0  0 0  0
   145  0.7437291050470173E-02   4   0 0  3 1  0 0  0 0  0
   146  -.3070669857825779E-02   4   2 0  0 2  0 0  0 0  0
   147  -.1267585667867981E-02   4   1 1  0 2  0 0  0 0  0
   148  -.1263344160901227E-03   4   0 2  0 2  0 0  0 0  0
   149   23.45677887282271       4   1 0  1 2  0 0  0 0  0
   150   3.853970212789653       4   0 1  1 2  0 0  0 0  0
   151  0.2238274908000429E-02   4   0 0  2 2  0 0  0 0  0
   152   1.837814767701520       4   1 0  0 3  0 0  0 0  0
   153  0.3284043186713447       4   0 1  0 3  0 0  0 0  0
   154  0.3400406292072276E-03   4   0 0  1 3  0 0  0 0  0
   155  0.1781128108727316E-04   4   0 0  0 4  0 0  0 0  0
   156  0.4678944140212045E-02   4   3 0  0 0  0 1  0 0  0
   157  0.2201399717439284E-02   4   2 1  0 0  0 1  0 0  0
   158  0.3553883734700878E-03   4   1 2  0 0  0 1  0 0  0
   159  0.4529416117102953E-05   4   0 3  0 0  0 1  0 0  0
   160   10.50808789807848       4   2 0  1 0  0 1  0 0  0
   161   6.135653396424173       4   1 1  1 0  0 1  0 0  0
   162   1.259850625637152       4   0 2  1 0  0 1  0 0  0
   163  -.6661674749038599E-02   4   1 0  2 0  0 1  0 0  0
   164  -.9002157819221570E-03   4   0 1  2 0  0 1  0 0  0
   165  0.4541392875669006       4   0 0  3 0  0 1  0 0  0
   166   2.241647337500679       4   2 0  0 1  0 1  0 0  0
   167   2.048177290423808       4   1 1  0 1  0 1  0 0  0
   168  0.5806985198797907       4   0 2  0 1  0 1  0 0  0
   169  -.2362479656334913E-02   4   1 0  1 1  0 1  0 0  0
   170  -.2081058793029998E-03   4   0 1  1 1  0 1  0 0  0
   171   1.848690735787128       4   0 0  2 1  0 1  0 0  0
   172  -.2774828959057809E-03   4   1 0  0 2  0 1  0 0  0
   173  -.3424694650741478E-04   4   0 1  0 2  0 1  0 0  0
   174  -.4419102993898270       4   0 0  1 2  0 1  0 0  0
   175  0.5382775825399230E-01   4   0 0  0 3  0 1  0 0  0
   176  0.4663318482975755E-02   4   3 0  0 0  0 0  1 0  0
   177  0.2194047990982642E-02   4   2 1  0 0  0 0  1 0  0
   178  0.3542015294422063E-03   4   1 2  0 0  0 0  1 0  0
   179  0.4514289819031200E-05   4   0 3  0 0  0 0  1 0  0
   180   10.47299541251255       4   2 0  1 0  0 0  1 0  0
   181   6.115162957979029       4   1 1  1 0  0 0  1 0  0
   182   1.255643267426578       4   0 2  1 0  0 0  1 0  0
   183  -.6639427625942254E-02   4   1 0  2 0  0 0  1 0  0
   184  -.8972094491202500E-03   4   0 1  2 0  0 0  1 0  0
   185  0.4526226580384363       4   0 0  3 0  0 0  1 0  0
   186   2.234161201336031       4   2 0  0 1  0 0  1 0  0
   187   2.041337260848705       4   1 1  0 1  0 0  1 0  0
   188  0.5787592370507262       4   0 2  0 1  0 0  1 0  0
   189  -.2354589992292908E-02   4   1 0  1 1  0 0  1 0  0
   190  -.2074108953405080E-03   4   0 1  1 1  0 0  1 0  0
   191   1.842516905344267       4   0 0  2 1  0 0  1 0  0
   192  -.2765562226029101E-03   4   1 0  0 2  0 0  1 0  0
   193  -.3413257646334547E-04   4   0 1  0 2  0 0  1 0  0
   194  -.4404345094123210       4   0 0  1 2  0 0  1 0  0
   195  0.5364799673620819E-01   4   0 0  0 3  0 0  1 0  0
   196  0.9287115264541252E-03   4   3 0  0 0  0 0  0 1  0
   197  0.3873373077058260E-03   4   2 1  0 0  0 0  0 1  0
   198  0.7477378898613165E-04   4   1 2  0 0  0 0  0 1  0
   199  0.1447453954560410E-04   4   0 3  0 0  0 0  0 1  0
   200  -40.22071444249081       4   2 0  1 0  0 0  0 1  0
   201  -12.27185187826456       4   1 1  1 0  0 0  0 1  0
   202  -1.280118445222412       4   0 2  1 0  0 0  0 1  0
   203  -.2977323802391942E-02   4   1 0  2 0  0 0  0 1  0
   204  -.3579155268794143E-03   4   0 1  2 0  0 0  0 1  0
   205  -3.867954225205022       4   0 0  3 0  0 0  0 1  0
   206  -4.490286044032930       4   2 0  0 1  0 0  0 1  0
   207  -2.777846759538922       4   1 1  0 1  0 0  0 1  0
   208  -.4389134270520055       4   0 2  0 1  0 0  0 1  0
   209  -.1017976043515241E-02   4   1 0  1 1  0 0  0 1  0
   210  -.2875392130407375E-03   4   0 1  1 1  0 0  0 1  0
   211  -3.684684652049503       4   0 0  2 1  0 0  0 1  0
   212  -.8152449679930140E-04   4   1 0  0 2  0 0  0 1  0
   213  -.2057364048994852E-04   4   0 1  0 2  0 0  0 1  0
   214  0.2540628297322440       4   0 0  1 2  0 0  0 1  0
   215  -.5103927546772528E-01   4   0 0  0 3  0 0  0 1  0
   216  -.3676812949913328E-03   4   2 0  0 0  0 2  0 0  0
   217  -.3916459172565450E-03   4   1 1  0 0  0 2  0 0  0
   218  -.1062427228092704E-03   4   0 2  0 0  0 2  0 0  0
   219  -.3528424617800353E-01   4   1 0  1 0  0 2  0 0  0
   220  0.2018062380250117E-01   4   0 1  1 0  0 2  0 0  0
   221  -.2086736831850862E-03   4   0 0  2 0  0 2  0 0  0
   222  0.4155904435630477E-01   4   1 0  0 1  0 2  0 0  0
   223  0.1552069821849070E-01   4   0 1  0 1  0 2  0 0  0
   224  0.1690217657776901E-03   4   0 0  1 1  0 2  0 0  0
   225  -.2436174065478624E-05   4   0 0  0 2  0 2  0 0  0
   226  -.3845226946626451E-03   4   2 0  0 0  0 1  1 0  0
   227  -.4251151531773633E-03   4   1 1  0 0  0 1  1 0  0
   228  -.1276209309390439E-03   4   0 2  0 0  0 1  1 0  0
   229  -.2493928519212579E-01   4   1 0  1 0  0 1  1 0  0
   230  0.8554796958401887E-02   4   0 1  1 0  0 1  1 0  0
   231  -.1798319004616378E-03   4   0 0  2 0  0 1  1 0  0
   232  0.2982321827491494E-01   4   1 0  0 1  0 1  1 0  0
   233  0.1539071519166065E-01   4   0 1  0 1  0 1  1 0  0
   234  0.9896008818704992E-04   4   0 0  1 1  0 1  1 0  0
   235  -.1018705740159493E-04   4   0 0  0 2  0 1  1 0  0
   236  -.3658113278494472E-03   4   2 0  0 0  0 0  2 0  0
   237  -.3896281379429063E-03   4   1 1  0 0  0 0  2 0  0
   238  -.1056748184376096E-03   4   0 2  0 0  0 0  2 0  0
   239  -.3512476876700590E-01   4   1 0  1 0  0 0  2 0  0
   240  0.2009894454722492E-01   4   0 1  1 0  0 0  2 0  0
   241  -.2076765224739836E-03   4   0 0  2 0  0 0  2 0  0
   242  0.4137045670726264E-01   4   1 0  0 1  0 0  2 0  0
   243  0.1544316659604305E-01   4   0 1  0 1  0 0  2 0  0
   244  0.1682920638867845E-03   4   0 0  1 1  0 0  2 0  0
   245  -.2411028102844590E-05   4   0 0  0 2  0 0  2 0  0
   246  0.8468575781344028E-03   4   2 0  0 0  0 1  0 1  0
   247  0.6017696562345744E-03   4   1 1  0 0  0 1  0 1  0
   248  0.9994733418001923E-04   4   0 2  0 0  0 1  0 1  0
   249  0.9777836370499973E-01   4   1 0  1 0  0 1  0 1  0
   250  -.1609958219931164E-01   4   0 1  1 0  0 1  0 1  0
   251  0.3709670439872129E-03   4   0 0  2 0  0 1  0 1  0
   252  -.5881041686435410E-01   4   1 0  0 1  0 1  0 1  0
   253  -.1469971085024626E-01   4   0 1  0 1  0 1  0 1  0
   254  -.9031131853131304E-04   4   0 0  1 1  0 1  0 1  0
   255  0.5876059669774650E-05   4   0 0  0 2  0 1  0 1  0
   256  0.8440294387406977E-03   4   2 0  0 0  0 0  1 1  0
   257  0.5997600048897952E-03   4   1 1  0 0  0 0  1 1  0
   258  0.9961355315191155E-04   4   0 2  0 0  0 0  1 1  0
   259  0.9745182610365288E-01   4   1 0  1 0  0 0  1 1  0
   260  -.1604581653219655E-01   4   0 1  1 0  0 0  1 1  0
   261  0.3697281739127686E-03   4   0 0  2 0  0 0  1 1  0
   262  -.5861401541387547E-01   4   1 0  0 1  0 0  1 1  0
   263  -.1465062015022175E-01   4   0 1  0 1  0 0  1 1  0
   264  -.9000971764324134E-04   4   0 0  1 1  0 0  1 1  0
   265  0.5856436162515712E-05   4   0 0  0 2  0 0  1 1  0
   266  -.5711025605296848E-03   4   2 0  0 0  0 0  0 2  0
   267  -.1554128342524639E-03   4   1 1  0 0  0 0  0 2  0
   268  -.7180945357198674E-05   4   0 2  0 0  0 0  0 2  0
   269  -.9988543101211425E-01   4   1 0  1 0  0 0  0 2  0
   270  -.1577409379753208E-01   4   0 1  1 0  0 0  0 2  0
   271  -.1453102876797130E-03   4   0 0  2 0  0 0  0 2  0
   272  0.5158072644882580E-02   4   1 0  0 1  0 0  0 2  0
   273  -.6613502907885006E-03   4   0 1  0 1  0 0  0 2  0
   274  -.1023566731846368E-03   4   0 0  1 1  0 0  0 2  0
   275  -.4496474142066865E-05   4   0 0  0 2  0 0  0 2  0
   276  -.4704877892437672E-05   4   1 0  0 0  0 3  0 0  0
   277  -.7193527355494980E-05   4   0 1  0 0  0 3  0 0  0
   278  -.6991236786803033E-01   4   0 0  1 0  0 3  0 0  0
   279  0.7681716012557976E-01   4   0 0  0 1  0 3  0 0  0
   280  -.3467722569846251E-05   4   1 0  0 0  0 2  1 0  0
   281  -.5122760083674379E-05   4   0 1  0 0  0 2  1 0  0
   282  -.3849032761313564E-01   4   0 0  1 0  0 2  1 0  0
   283  0.4137518709214997E-01   4   0 0  0 1  0 2  1 0  0
   284  -.3473841210072133E-05   4   1 0  0 0  0 1  2 0  0
   285  -.5133012948129306E-05   4   0 1  0 0  0 1  2 0  0
   286  -.3864656215504863E-01   4   0 0  1 0  0 1  2 0  0
   287  0.4155144338811497E-01   4   0 0  0 1  0 1  2 0  0
   288  -.4675538570579661E-05   4   1 0  0 0  0 0  3 0  0
   289  -.7148967227760468E-05   4   0 1  0 0  0 0  3 0  0
   290  -.6949809747733504E-01   4   0 0  1 0  0 0  3 0  0
   291  0.7636350031049093E-01   4   0 0  0 1  0 0  3 0  0
   292  0.7027476750770980E-05   4   1 0  0 0  0 2  0 1  0
   293  0.8239420973924767E-05   4   0 1  0 0  0 2  0 1  0
   294  0.1625850657844565       4   0 0  1 0  0 2  0 1  0
   295  -.8268482743376175E-01   4   0 0  0 1  0 2  0 1  0
   296  0.5954268562154638E-05   4   1 0  0 0  0 1  1 1  0
   297  0.6156582549026371E-05   4   0 1  0 0  0 1  1 1  0
   298  0.9998693090067555E-01   4   0 0  1 0  0 1  1 1  0
   299  -.4743550163102461E-01   4   0 0  0 1  0 1  1 1  0
   300  0.6994065660986416E-05   4   1 0  0 0  0 0  2 1  0
   301  0.8201624691901811E-05   4   0 1  0 0  0 0  2 1  0
   302  0.1618751450918113       4   0 0  1 0  0 0  2 1  0
   303  -.8232948867207578E-01   4   0 0  0 1  0 0  2 1  0
   304  -.2171041902410822E-05   4   1 0  0 0  0 1  0 2  0
   305  -.3243850658003149E-08   4   0 1  0 0  0 1  0 2  0
   306  -.9978078804961463E-01   4   0 0  1 0  0 1  0 2  0
   307  -.1177003274356115E-01   4   0 0  0 1  0 1  0 2  0
   308  -.2163791557974872E-05   4   1 0  0 0  0 0  1 2  0
   309  -.3233017594564360E-08   4   0 1  0 0  0 0  1 2  0
   310  -.9944756321381677E-01   4   0 0  1 0  0 0  1 2  0
   311  -.1173072590599287E-01   4   0 0  0 1  0 0  1 2  0
   312  0.6215866883363120E-06   4   1 0  0 0  0 0  0 3  0
   313  0.9828811165797442E-08   4   0 1  0 0  0 0  0 3  0
   314  -.8671275497505614E-02   4   0 0  1 0  0 0  0 3  0
   315  -.1507638324030940E-03   4   0 0  0 1  0 0  0 3  0
   316  -.8429859831254804E-05   4   0 0  0 0  0 4  0 0  0
   317  -.4195011229368922E-05   4   0 0  0 0  0 3  1 0  0
   318  -.3636505578799230E-05   4   0 0  0 0  0 2  2 0  0
   319  -.4224950111915627E-05   4   0 0  0 0  0 1  3 0  0
   320  -.8366631584227393E-05   4   0 0  0 0  0 0  4 0  0
   321  0.8840989111475337E-05   4   0 0  0 0  0 3  0 1  0
   322  0.4154288509489624E-05   4   0 0  0 0  0 2  1 1  0
   323  0.4177617948567098E-05   4   0 0  0 0  0 1  2 1  0
   324  0.8789788034199876E-05   4   0 0  0 0  0 0  3 1  0
   325  0.9024074500744736E-06   4   0 0  0 0  0 2  0 2  0
   326  0.1071112961715705E-05   4   0 0  0 0  0 1  1 2  0
   327  0.8976052701745774E-06   4   0 0  0 0  0 0  2 2  0
   328  0.9226479406884126E-08   4   0 0  0 0  0 1  0 3  0
   329  0.9195666941423946E-08   4   0 0  0 0  0 0  1 3  0
   330  -.3295489590203679E-13   4   0 0  0 0  0 0  0 4  0
   -------------------------------------------------------
     I  COEFFICIENT            ORDER EXPONENTS
     1  0.8875880251386143E-08   0   0 0  0 0  0 0  0 0  0
     2  0.2124193868376895E-06   1   1 0  0 0  0 0  0 0  0
     3  0.6811845045395575E-06   1   0 1  0 0  0 0  0 0  0
     4  0.1500350749201802E-04   1   0 0  1 0  0 0  0 0  0
     5  -.1001325543267695E-04   1   0 0  0 1  0 0  0 0  0
     6   1.000000000000000       1   0 0  0 0  1 0  0 0  0
     7  0.6229109885754084E-01   1   0 0  0 0  0 1  0 0  0
     8  -.6229109765488230E-01   1   0 0  0 0  0 0  1 0  0
     9  -.1202664791460803E-08   1   0 0  0 0  0 0  0 1  0
    10  -.1084381919504582       2   2 0  0 0  0 0  0 0  0
    11  -.1645173539533938       2   1 1  0 0  0 0  0 0  0
    12  -.7263073051931566E-01   2   0 2  0 0  0 0  0 0  0
    13  -.6126654850987177E-05   2   1 0  1 0  0 0  0 0  0
    14  -.6205259455102159E-05   2   0 1  1 0  0 0  0 0  0
    15  -.8952648042358527E-01   2   0 0  2 0  0 0  0 0  0
    16  -.6027625421218848E-05   2   1 0  0 1  0 0  0 0  0
    17  -.6957525056469789E-06   2   0 1  0 1  0 0  0 0  0
    18  0.1218850059166854       2   0 0  1 1  0 0  0 0  0
    19  -.5388100878139602E-01   2   0 0  0 2  0 0  0 0  0
    20  -.4674840384577640E-06   2   1 0  0 0  0 1  0 0  0
    21  -.1118163145264490E-05   2   0 1  0 0  0 1  0 0  0
    22  -.2178082765793665E-04   2   0 0  1 0  0 1  0 0  0
    23  0.1420683179891259E-04   2   0 0  0 1  0 1  0 0  0
    24  -.2549046617032964E-06   2   1 0  0 0  0 0  1 0  0
    25  -.4377711242647563E-06   2   0 1  0 0  0 0  1 0  0
    26  -.6804638713954832E-05   2   0 0  1 0  0 0  1 0  0
    27  0.4212898245002666E-05   2   0 0  0 1  0 0  1 0  0
    28  0.7223328972334793E-06   2   1 0  0 0  0 0  0 1  0
    29  0.8746887894858871E-06   2   0 1  0 0  0 0  0 1  0
    30  0.2858549149745118E-04   2   0 0  1 0  0 0  0 1  0
    31  -.8406466435083253E-05   2   0 0  0 1  0 0  0 1  0
    32  -.4679646458433865E-01   2   0 0  0 0  0 2  0 0  0
    33  0.3130182859174638E-01   2   0 0  0 0  0 1  1 0  0
    34  0.1549463427198607E-01   2   0 0  0 0  0 0  2 0  0
    35  0.1719544665932980E-08   2   0 0  0 0  0 1  0 1  0
    36  0.5192024920478123E-09   2   0 0  0 0  0 0  1 1  0
    37  -.5180888047831024E-09   2   0 0  0 0  0 0  0 2  0
    38  0.4166136858005031E-01   3   3 0  0 0  0 0  0 0  0
    39  0.3746488886337324E-01   3   2 1  0 0  0 0  0 0  0
    40  0.4988425173731567E-02   3   1 2  0 0  0 0  0 0  0
    41  0.2654648083202362E-03   3   0 3  0 0  0 0  0 0  0
    42  0.6667503478093970E-03   3   2 0  1 0  0 0  0 0  0
    43  0.1274698932496999E-03   3   1 1  1 0  0 0  0 0  0
    44  0.1433198959645564E-03   3   0 2  1 0  0 0  0 0  0
    45  0.2853183003038019E-01   3   1 0  2 0  0 0  0 0  0
    46  -.1998279393956220E-01   3   0 1  2 0  0 0  0 0  0
    47  0.7081699190628304E-04   3   0 0  3 0  0 0  0 0  0
    48  0.4676410181077447E-04   3   2 0  0 1  0 0  0 0  0
    49  0.1203370751379862E-04   3   1 1  0 1  0 0  0 0  0
    50  -.6844087767019554E-05   3   0 2  0 1  0 0  0 0  0
    51  -.4073933810981341E-01   3   1 0  1 1  0 0  0 0  0
    52  -.6008640033828826E-02   3   0 1  1 1  0 0  0 0  0
    53  0.1646345878787208E-03   3   0 0  2 1  0 0  0 0  0
    54  -.3750393802460101E-02   3   1 0  0 2  0 0  0 0  0
    55  -.6442617226040223E-03   3   0 1  0 2  0 0  0 0  0
    56  0.6410922879929440E-05   3   0 0  1 2  0 0  0 0  0
    57  -.1296310480447380E-04   3   0 0  0 3  0 0  0 0  0
    58  0.1675288000703718       3   2 0  0 0  0 1  0 0  0
    59  0.2581085464873831       3   1 1  0 0  0 1  0 0  0
    60  0.1142245470843902       3   0 2  0 0  0 1  0 0  0
    61  0.9486851754148791E-05   3   1 0  1 0  0 1  0 0  0
    62  0.9812651765348313E-05   3   0 1  1 0  0 1  0 0  0
    63  0.1297270128505109       3   0 0  2 0  0 1  0 0  0
    64  0.9419152680859549E-05   3   1 0  0 1  0 1  0 0  0
    65  0.1472661812047694E-05   3   0 1  0 1  0 1  0 0  0
    66  -.1728870869741325       3   0 0  1 1  0 1  0 0  0
    67  0.7673920197931666E-01   3   0 0  0 2  0 1  0 0  0
    68  0.5925442192750661E-01   3   2 0  0 0  0 0  1 0  0
    69  0.9382636421442739E-01   3   1 1  0 0  0 0  1 0  0
    70  0.4169671560243508E-01   3   0 2  0 0  0 0  1 0  0
    71  0.3332814186581996E-05   3   1 0  1 0  0 0  1 0  0
    72  0.3544354718811417E-05   3   0 1  1 0  0 0  1 0  0
    73  0.4036438254925761E-01   3   0 0  2 0  0 0  1 0  0
    74  0.3381763016989589E-05   3   1 0  0 1  0 0  1 0  0
    75  0.7657058258325379E-06   3   0 1  0 1  0 0  1 0  0
    76  -.5123745281179413E-01   3   0 0  1 1  0 0  1 0  0
    77  0.2296120499124641E-01   3   0 0  0 2  0 0  1 0  0
    78  -.2267836933605467       3   2 0  0 0  0 0  0 1  0
    79  -.1874180460343148       3   1 1  0 0  0 0  0 1  0
    80  -.1066004482372021E-01   3   0 2  0 0  0 0  0 1  0
    81  -.1274637083541392E-04   3   1 0  1 0  0 0  0 1  0
    82  -.7010838866418964E-05   3   0 1  1 0  0 0  0 1  0
    83  -.1700916099448122       3   0 0  2 0  0 0  0 1  0
    84  -.6713229569861078E-05   3   1 0  0 1  0 0  0 1  0
    85  -.7957608456862931E-06   3   0 1  0 1  0 0  0 1  0
    86  0.1022395867643062       3   0 0  1 1  0 0  0 1  0
    87  0.8061564691740283E-02   3   0 0  0 2  0 0  0 1  0
    88  0.7383015459639259E-06   3   1 0  0 0  0 2  0 0  0
    89  0.1501579317235935E-05   3   0 1  0 0  0 2  0 0  0
    90  0.2651872372248163E-04   3   0 0  1 0  0 2  0 0  0
    91  -.1696925527496397E-04   3   0 0  0 1  0 2  0 0  0
    92  0.5414017948535136E-06   3   1 0  0 0  0 1  1 0  0
    93  0.7669070519141565E-06   3   0 1  0 0  0 1  1 0  0
    94  0.9493586189900926E-05   3   0 0  1 0  0 1  1 0  0
    95  -.5533973906432646E-05   3   0 0  0 1  0 1  1 0  0
    96  0.2705770333064248E-06   3   1 0  0 0  0 0  2 0  0
    97  0.3840325936272193E-06   3   0 1  0 0  0 0  2 0  0
    98  0.4767145027341049E-05   3   0 0  1 0  0 0  2 0  0
    99  -.2781366204391086E-05   3   0 0  0 1  0 0  2 0  0
   100  -.1551514084242503E-05   3   1 0  0 0  0 1  0 1  0
   101  -.1533786519137960E-05   3   0 1  0 0  0 1  0 1  0
   102  -.4075454921076081E-04   3   0 0  1 0  0 1  0 1  0
   103  0.1105773480426547E-04   3   0 0  0 1  0 1  0 1  0
   104  -.8287586781528872E-06   3   1 0  0 0  0 0  1 1  0
   105  -.6597022216330907E-06   3   0 1  0 0  0 0  1 1  0
   106  -.1222476686620679E-04   3   0 0  1 0  0 0  1 1  0
   107  0.2670306126955308E-05   3   0 0  0 1  0 0  1 1  0
   108  0.8291059166285761E-06   3   1 0  0 0  0 0  0 2  0
   109  0.2219852962317463E-06   3   0 1  0 0  0 0  0 2  0
   110  0.1219811647870937E-04   3   0 0  1 0  0 0  0 2  0
   111  0.1542641922926618E-05   3   0 0  0 1  0 0  0 2  0
   112  0.3901016548905678E-01   3   0 0  0 0  0 3  0 0  0
   113  -.2343763865887931E-01   3   0 0  0 0  0 2  1 0  0
   114  -.7864206914598137E-02   3   0 0  0 0  0 1  2 0  0
   115  -.7708359548262818E-02   3   0 0  0 0  0 0  3 0  0
   116  -.1397147305609186E-08   3   0 0  0 0  0 2  0 1  0
   117  0.6346089759153101E-09   3   0 0  0 0  0 1  1 1  0
   118  0.3133873596827798E-09   3   0 0  0 0  0 0  2 1  0
   119  -.4876599875200616E-10   3   0 0  0 0  0 1  0 2  0
   120  -.5254043316212438E-10   3   0 0  0 0  0 0  1 2  0
   121  -.1878368337287929E-11   3   0 0  0 0  0 0  0 3  0
   122  -2.217229008785636       4   4 0  0 0  0 0  0 0  0
   123  -3.137983829262991       4   3 1  0 0  0 0  0 0  0
   124  -2.071144317362893       4   2 2  0 0  0 0  0 0  0
   125  -.5162060280416564       4   1 3  0 0  0 0  0 0  0
   126  -.8403968449688985E-01   4   0 4  0 0  0 0  0 0  0
   127  0.3542391000004683E-02   4   3 0  1 0  0 0  0 0  0
   128  0.6316239122749541E-03   4   2 1  1 0  0 0  0 0  0
   129  -.2643920879102487E-05   4   1 2  1 0  0 0  0 0  0
   130  -.1787015361986294E-04   4   0 3  1 0  0 0  0 0  0
   131  -4.154740885458417       4   2 0  2 0  0 0  0 0  0
   132  -1.402123499677786       4   1 1  2 0  0 0  0 0  0
   133  -.7966250257742291       4   0 2  2 0  0 0  0 0  0
   134  -.3067491564327122E-02   4   1 0  3 0  0 0  0 0  0
   135  -.2536822591104301E-03   4   0 1  3 0  0 0  0 0  0
   136  -.4156928031708930       4   0 0  4 0  0 0  0 0  0
   137  0.2602985027730930E-03   4   3 0  0 1  0 0  0 0  0
   138  -.3041664907123024E-04   4   2 1  0 1  0 0  0 0  0
   139  -.2642329944004667E-04   4   1 2  0 1  0 0  0 0  0
   140  -.3990722272235640E-05   4   0 3  0 1  0 0  0 0  0
   141  -1.114971944642954       4   2 0  1 1  0 0  0 0  0
   142  -.4600938900286811E-01   4   1 1  1 1  0 0  0 0  0
   143  0.1011815641225325       4   0 2  1 1  0 0  0 0  0
   144  -.7570850562151394E-03   4   1 0  2 1  0 0  0 0  0
   145  -.1279803287928627E-03   4   0 1  2 1  0 0  0 0  0
   146  -.3663017586290739       4   0 0  3 1  0 0  0 0  0
   147  0.2781217244396850       4   2 0  0 2  0 0  0 0  0
   148  -.2011808773607628       4   1 1  0 2  0 0  0 0  0
   149  -.9961591313234400E-01   4   0 2  0 2  0 0  0 0  0
   150  -.8471803912532903E-04   4   1 0  1 2  0 0  0 0  0
   151  -.2887212296390110E-04   4   0 1  1 2  0 0  0 0  0
   152  -.3450336514465515E-01   4   0 0  2 2  0 0  0 0  0
   153  -.1884275701623430E-04   4   1 0  0 3  0 0  0 0  0
   154  -.4230382637654193E-05   4   0 1  0 3  0 0  0 0  0
   155  0.1470764594479270       4   0 0  1 3  0 0  0 0  0
   156  -.2687796656208669E-01   4   0 0  0 4  0 0  0 0  0
   157  -.6876644618811116E-01   4   3 0  0 0  0 1  0 0  0
   158  -.6696674892349073E-01   4   2 1  0 0  0 1  0 0  0
   159  -.1199061342873313E-01   4   1 2  0 0  0 1  0 0  0
   160  -.9906383801018997E-03   4   0 3  0 0  0 1  0 0  0
   161  0.1798004599973006E-03   4   2 0  1 0  0 1  0 0  0
   162  0.1023356394086335E-03   4   1 1  1 0  0 1  0 0  0
   163  -.8334928170309139E-04   4   0 2  1 0  0 1  0 0  0
   164  -.4064000874861563E-01   4   1 0  2 0  0 1  0 0  0
   165  0.2713033779946306E-01   4   0 1  2 0  0 1  0 0  0
   166  0.1290174131748787E-03   4   0 0  3 0  0 1  0 0  0
   167  -.6087366193236267E-04   4   2 0  0 1  0 1  0 0  0
   168  0.1090561086235168E-03   4   1 1  0 1  0 1  0 0  0
   169  0.6013597902299828E-04   4   0 2  0 1  0 1  0 0  0
   170  0.5743688650911889E-01   4   1 0  1 1  0 1  0 0  0
   171  0.1155075787362507E-01   4   0 1  1 1  0 1  0 0  0
   172  -.6216940992544191E-04   4   0 0  2 1  0 1  0 0  0
   173  0.7314222328439484E-02   4   1 0  0 2  0 1  0 0  0
   174  0.1415808470956677E-02   4   0 1  0 2  0 1  0 0  0
   175  -.1242731303527559E-03   4   0 0  1 2  0 1  0 0  0
   176  0.3387359219851152E-04   4   0 0  0 3  0 1  0 0  0
   177  -.2624663834103407E-01   4   3 0  0 0  0 0  1 0  0
   178  -.2826742286684861E-01   4   2 1  0 0  0 0  1 0  0
   179  -.6541444156642826E-02   4   1 2  0 0  0 0  1 0  0
   180  -.6144417483167189E-03   4   0 3  0 0  0 0  1 0  0
   181  0.9801100435009832E-04   4   2 0  1 0  0 0  1 0  0
   182  0.1731563249721244E-04   4   1 1  1 0  0 0  1 0  0
   183  -.4550783300258983E-04   4   0 2  1 0  0 0  1 0  0
   184  -.1187841685256386E-01   4   1 0  2 0  0 0  1 0  0
   185  0.7736760526805594E-02   4   0 1  2 0  0 0  1 0  0
   186  0.3154173341399851E-04   4   0 0  3 0  0 0  1 0  0
   187  -.2841189818809381E-04   4   2 0  0 1  0 0  1 0  0
   188  0.6850283014730115E-04   4   1 1  0 1  0 0  1 0  0
   189  0.3640186243750320E-04   4   0 2  0 1  0 0  1 0  0
   190  0.1673220369151334E-01   4   1 0  1 1  0 0  1 0  0
   191  0.5467937868888185E-02   4   0 1  1 1  0 0  1 0  0
   192  0.1227536299590061E-04   4   0 0  2 1  0 0  1 0  0
   193  0.3653814733937610E-02   4   1 0  0 2  0 0  1 0  0
   194  0.8387433576359523E-03   4   0 1  0 2  0 0  1 0  0
   195  -.6903348173229493E-04   4   0 0  1 2  0 0  1 0  0
   196  0.1864689970060234E-04   4   0 0  0 3  0 0  1 0  0
   197  0.9385207765564904E-01   4   3 0  0 0  0 0  0 1  0
   198  0.5496753937096416E-01   4   2 1  0 0  0 0  0 1  0
   199  0.7068186551675734E-02   4   1 2  0 0  0 0  0 1  0
   200  0.3545241989784066E-03   4   0 3  0 0  0 0  0 1  0
   201  -.1413422108098008E-03   4   2 0  1 0  0 0  0 1  0
   202  -.2836595818732349E-04   4   1 1  1 0  0 0  0 1  0
   203  0.4089016106772620E-04   4   0 2  1 0  0 0  0 1  0
   204  0.5199968651337052E-01   4   1 0  2 0  0 0  0 1  0
   205  -.1602403631161638E-01   4   0 1  2 0  0 0  0 1  0
   206  -.1158954556299778E-03   4   0 0  3 0  0 0  0 1  0
   207  -.1092705764302928E-04   4   2 0  0 1  0 0  0 1  0
   208  -.4739329516948519E-04   4   1 1  0 1  0 0  0 1  0
   209  -.1117689146832430E-05   4   0 2  0 1  0 0  0 1  0
   210  -.3340123492435185E-01   4   1 0  1 1  0 0  0 1  0
   211  -.4774170047437356E-02   4   0 1  1 1  0 0  0 1  0
   212  -.1663337424675298E-04   4   0 0  2 1  0 0  0 1  0
   213  -.3721688133920312E-02   4   1 0  0 2  0 0  0 1  0
   214  -.5997311964898697E-03   4   0 1  0 2  0 0  0 1  0
   215  0.2895597918518526E-04   4   0 0  1 2  0 0  0 1  0
   216  0.6253960664573365E-05   4   0 0  0 3  0 0  0 1  0
   217  -.2144200894746995       4   2 0  0 0  0 2  0 0  0
   218  -.3342498757029612       4   1 1  0 0  0 2  0 0  0
   219  -.1482546228116260       4   0 2  0 0  0 2  0 0  0
   220  -.1332873406087786E-04   4   1 0  1 0  0 2  0 0  0
   221  -.1950984233637253E-04   4   0 1  1 0  0 2  0 0  0
   222  -.1577104280795446       4   0 0  2 0  0 2  0 0  0
   223  -.1982248024688301E-04   4   1 0  0 1  0 2  0 0  0
   224  -.4100534206753805E-05   4   0 1  0 1  0 2  0 0  0
   225  0.2064783446418297       4   0 0  1 1  0 2  0 0  0
   226  -.9204605589355042E-01   4   0 0  0 2  0 2  0 0  0
   227  -.9382889651620173E-01   4   2 0  0 0  0 1  1 0  0
   228  -.1523916082524749       4   1 1  0 0  0 1  1 0  0
   229  -.6811029660599467E-01   4   0 2  0 0  0 1  1 0  0
   230  -.5617621318453381E-05   4   1 0  1 0  0 1  1 0  0
   231  -.8404493895047204E-05   4   0 1  1 0  0 1  1 0  0
   232  -.5607214362185203E-01   4   0 0  2 0  0 1  1 0  0
   233  -.8773950044062928E-05   4   1 0  0 1  0 1  1 0  0
   234  -.2827548334368526E-05   4   0 1  0 1  0 1  1 0  0
   235  0.6729514688266340E-01   4   0 0  1 1  0 1  1 0  0
   236  -.3066555520942161E-01   4   0 0  0 2  0 1  1 0  0
   237  -.4703625774034428E-01   4   2 0  0 0  0 0  2 0  0
   238  -.7637036218038357E-01   4   1 1  0 0  0 0  2 0  0
   239  -.3413127866228810E-01   4   0 2  0 0  0 0  2 0  0
   240  -.2857610297794248E-05   4   1 0  1 0  0 0  2 0  0
   241  -.4225287743969510E-05   4   0 1  1 0  0 0  2 0  0
   242  -.2815807872465077E-01   4   0 0  2 0  0 0  2 0  0
   243  -.4404036821503963E-05   4   1 0  0 1  0 0  2 0  0
   244  -.1413591016287022E-05   4   0 1  0 1  0 0  2 0  0
   245  0.3382264055085086E-01   4   0 0  1 1  0 0  2 0  0
   246  -.1540915504230281E-01   4   0 0  0 2  0 0  2 0  0
   247  0.3550977570468020       4   2 0  0 0  0 1  0 1  0
   248  0.3046563009658942       4   1 1  0 0  0 1  0 1  0
   249  0.2194320429336032E-01   4   0 2  0 0  0 1  0 1  0
   250  0.1479517061675589E-04   4   1 0  1 0  0 1  0 1  0
   251  0.1542890892783359E-04   4   0 1  1 0  0 1  0 1  0
   252  0.2417874006675729       4   0 0  2 0  0 1  0 1  0
   253  0.1575832072501215E-04   4   1 0  0 1  0 1  0 1  0
   254  0.2657492684900302E-05   4   0 1  0 1  0 1  0 1  0
   255  -.1344681349800539       4   0 0  1 1  0 1  0 1  0
   256  -.1545833722191111E-01   4   0 0  0 2  0 1  0 1  0
   257  0.1286286278501592       4   2 0  0 0  0 0  1 1  0
   258  0.1174686748560006       4   1 1  0 0  0 0  1 1  0
   259  0.1128079529415473E-01   4   0 2  0 0  0 0  1 1  0
   260  0.5628922009325572E-05   4   1 0  1 0  0 0  1 1  0
   261  0.5427133421599608E-05   4   0 1  1 0  0 0  1 1  0
   262  0.7202995588134982E-01   4   0 0  2 0  0 0  1 1  0
   263  0.5700017811654160E-05   4   1 0  0 1  0 0  1 1  0
   264  0.1366769172212549E-05   4   0 1  0 1  0 0  1 1  0
   265  -.3246039880062006E-01   4   0 0  1 1  0 0  1 1  0
   266  -.7398788247945943E-02   4   0 0  0 2  0 0  1 1  0
   267  -.1284554209645431       4   2 0  0 0  0 0  0 2  0
   268  -.2363997908078283E-01   4   1 1  0 0  0 0  0 2  0
   269  -.6214901346874375E-03   4   0 2  0 0  0 0  0 2  0
   270  -.3562044130430161E-05   4   1 0  1 0  0 0  0 2  0
   271  -.1344418697679470E-06   4   0 1  1 0  0 0  0 2  0
   272  -.7186958541940149E-01   4   0 0  2 0  0 0  0 2  0
   273  -.1925547135168170E-06   4   1 0  0 1  0 0  0 2  0
   274  0.8252680611137601E-09   4   0 1  0 1  0 0  0 2  0
   275  -.1877702299977379E-01   4   0 0  1 1  0 0  0 2  0
   276  -.6640698191746610E-03   4   0 0  0 2  0 0  0 2  0
   277  -.1353708941789213E-03   4   1 0  0 0  0 3  0 0  0
   278  -.1227580719697855E-03   4   0 1  0 0  0 3  0 0  0
   279  -.3194241186996001E-04   4   0 0  1 0  0 3  0 0  0
   280  0.2722117007787353E-04   4   0 0  0 1  0 3  0 0  0
   281  -.6892894412444779E-04   4   1 0  0 0  0 2  1 0  0
   282  -.6274142542041473E-04   4   0 1  0 0  0 2  1 0  0
   283  -.1061356438961237E-04   4   0 0  1 0  0 2  1 0  0
   284  0.9133117785659644E-05   4   0 0  0 1  0 2  1 0  0
   285  -.4312196702160633E-04   4   1 0  0 0  0 1  2 0  0
   286  -.3931606686641012E-04   4   0 1  0 0  0 1  2 0  0
   287  -.5915285106362193E-05   4   0 0  1 0  0 1  2 0  0
   288  0.5119954249662029E-05   4   0 0  0 1  0 1  2 0  0
   289  -.2305268531250053E-04   4   1 0  0 0  0 0  3 0  0
   290  -.2098248738409870E-04   4   0 1  0 0  0 0  3 0  0
   291  -.3569337637871621E-05   4   0 0  1 0  0 0  3 0  0
   292  0.3070934708168823E-05   4   0 0  0 1  0 0  3 0  0
   293  0.1265600947997044E-03   4   1 0  0 0  0 2  0 1  0
   294  0.1574638734716570E-04   4   0 1  0 0  0 2  0 1  0
   295  0.2438965558543094E-04   4   0 0  1 0  0 2  0 1  0
   296  0.4232826677013045E-05   4   0 0  0 1  0 2  0 1  0
   297  0.6437147908978188E-04   4   1 0  0 0  0 1  1 1  0
   298  0.1300534746810067E-04   4   0 1  0 0  0 1  1 1  0
   299  0.5992482243606171E-05   4   0 0  1 0  0 1  1 1  0
   300  0.3124318492764987E-05   4   0 0  0 1  0 1  1 1  0
   301  0.3223508191789127E-04   4   1 0  0 0  0 0  2 1  0
   302  0.6496299169256011E-05   4   0 1  0 0  0 0  2 1  0
   303  0.3021867441118445E-05   4   0 0  1 0  0 0  2 1  0
   304  0.1561385482493681E-05   4   0 0  0 1  0 0  2 1  0
   305  -.7993102890124283E-05   4   1 0  0 0  0 1  0 2  0
   306  -.2683623850252182E-06   4   0 1  0 0  0 1  0 2  0
   307  0.2233631766419608E-05   4   0 0  1 0  0 1  0 2  0
   308  0.1001497493529137E-06   4   0 0  0 1  0 1  0 2  0
   309  -.5599315066198235E-05   4   1 0  0 0  0 0  1 2  0
   310  -.2475706067613570E-06   4   0 1  0 0  0 0  1 2  0
   311  0.1498321431845900E-05   4   0 0  1 0  0 0  1 2  0
   312  0.9073928719029402E-07   4   0 0  0 1  0 0  1 2  0
   313  0.2648159128006947E-07   4   1 0  0 0  0 0  0 3  0
   314  -.1357952567903087E-08   4   0 1  0 0  0 0  0 3  0
   315  0.9228624418102808E-08   4   0 0  1 0  0 0  0 3  0
   316  -.3952764639130022E-09   4   0 0  0 1  0 0  0 3  0
   317  -.3413882884091410E-01   4   0 0  0 0  0 4  0 0  0
   318  0.1952471159770919E-01   4   0 0  0 0  0 3  1 0  0
   319  0.5869323496462566E-02   4   0 0  0 0  0 2  2 0  0
   320  0.3951300158058311E-02   4   0 0  0 0  0 1  3 0  0
   321  0.4793433554727773E-02   4   0 0  0 0  0 0  4 0  0
   322  0.2653009439042692E-08   4   0 0  0 0  0 3  0 1  0
   323  0.2350671081450950E-08   4   0 0  0 0  0 2  1 1  0
   324  0.2076286880082215E-08   4   0 0  0 0  0 1  2 1  0
   325  0.6652980222045815E-09   4   0 0  0 0  0 0  3 1  0
   326  -.2151652967619823E-10   4   0 0  0 0  0 2  0 2  0
   327  -.8510306181527659E-10   4   0 0  0 0  0 1  1 2  0
   328  -.1260242851199975E-10   4   0 0  0 0  0 0  2 2  0
   329  0.7071495809773594E-12   4   0 0  0 0  0 1  0 3  0
   330  -.1161055398427195E-11   4   0 0  0 0  0 0  1 3  0
   -------------------------------------------------------
     I  COEFFICIENT            ORDER EXPONENTS
     1   1.000000000000000       1   0 0  0 0  0 1  0 0  0
     -----------------------------------------------------
     I  COEFFICIENT            ORDER EXPONENTS
     1   1.000000000000000       1   0 0  0 0  0 0  1 0  0
     -----------------------------------------------------
     I  COEFFICIENT            ORDER EXPONENTS
     1   1.000000000000000       1   0 0  0 0  0 0  0 1  0
     -----------------------------------------------------
