     I  COEFFICIENT            ORDER EXPONENTS
     1   1.000000000000000       1   1 0  0 0  0 0  0 0  0
     2   1.209400000000000       1   0 1  0 0  0 0  0 0  0
     3  -.6057114075478173       2   0 1  0 0  0 1  0 0  0
     4  -.6036885924521828       2   0 1  0 0  0 0  1 0  0
     5  0.6047000000000000       3   0 3  0 0  0 0  0 0  0
     6  0.6047000000000000       3   0 1  0 2  0 0  0 0  0
     7  0.4540319725169562       3   0 1  0 0  0 2  0 0  0
     8  0.3033588700617222       3   0 1  0 0  0 1  1 0  0
     9  0.4520091574213216       3   0 1  0 0  0 0  2 0  0
    10  -.9085671113217260       4   0 3  0 0  0 1  0 0  0
    11  -.9085671113217260       4   0 1  0 2  0 1  0 0  0
    12  -.9055328886782741       4   0 3  0 0  0 0  1 0  0
    13  -.9055328886782741       4   0 1  0 2  0 0  1 0  0
    14  -.3783174139703477       4   0 1  0 0  0 3  0 0  0
    15  -.2271436756398254       4   0 1  0 0  0 2  1 0  0
    16  -.2278946294527579       4   0 1  0 0  0 1  2 0  0
    17  -.3760442809370689       4   0 1  0 0  0 0  3 0  0
    ------------------------------------------------------
     I  COEFFICIENT            ORDER EXPONENTS
     1   1.000000000000000       1   0 1  0 0  0 0  0 0  0
     -----------------------------------------------------
     I  COEFFICIENT            ORDER EXPONENTS
     1   1.000000000000000       1   0 0  1 0  0 0  0 0  0
     2   1.209400000000000       1   0 0  0 1  0 0  0 0  0
     3  -.6057114075478173       2   0 0  0 1  0 1  0 0  0
     4  -.6036885924521828       2   0 0  0 1  0 0  1 0  0
     5  0.6047000000000000       3   0 2  0 1  0 0  0 0  0
     6  0.6047000000000000       3   0 0  0 3  0 0  0 0  0
     7  0.4540319725169562       3   0 0  0 1  0 2  0 0  0
     8  0.3033588700617222       3   0 0  0 1  0 1  1 0  0
     9  0.4520091574213216       3   0 0  0 1  0 0  2 0  0
    10  -.9085671113217260       4   0 2  0 1  0 1  0 0  0
    11  -.9085671113217260       4   0 0  0 3  0 1  0 0  0
    12  -.9055328886782741       4   0 2  0 1  0 0  1 0  0
    13  -.9055328886782741       4   0 0  0 3  0 0  1 0  0
    14  -.3783174139703477       4   0 0  0 1  0 3  0 0  0
    15  -.2271436756398254       4   0 0  0 1  0 2  1 0  0
    16  -.2278946294527579       4   0 0  0 1  0 1  2 0  0
    17  -.3760442809370689       4   0 0  0 1  0 0  3 0  0
    ------------------------------------------------------
     I  COEFFICIENT            ORDER EXPONENTS
     1   1.000000000000000       1   0 0  0 1  0 0  0 0  0
     -----------------------------------------------------
     I  COEFFICIENT            ORDER EXPONENTS
     1   1.000000000000000       1   0 0  0 0  1 0  0 0  0
     2  0.3013394382808811       1   0 0  0 0  0 1  0 0  0
     3  -.3013394382808810       1   0 0  0 0  0 0  1 0  0
     4  -.3028557037739087       2   0 2  0 0  0 0  0 0  0
     5  -.3028557037739087       2   0 0  0 2  0 0  0 0  0
     6  -.2263825888590802       2   0 0  0 0  0 2  0 0  0
     7  0.1514257394372794       2   0 0  0 0  0 1  1 0  0
     8  0.7495684942180079E-01   2   0 0  0 0  0 0  2 0  0
     9  0.4540319725169563       3   0 2  0 0  0 1  0 0  0
    10  0.4540319725169563       3   0 0  0 2  0 1  0 0  0
    11  0.1516794350308612       3   0 2  0 0  0 0  1 0  0
    12  0.1516794350308612       3   0 0  0 2  0 0  1 0  0
    13  0.1887156859499930       3   0 0  0 0  0 3  0 0  0
    14  -.1133818801318186       3   0 0  0 0  0 2  1 0  0
    15  -.3804385930546081E-01   3   0 0  0 0  0 1  2 0  0
    16  -.3728994651271361E-01   3   0 0  0 0  0 0  3 0  0
    17  -.2271417778304315       4   0 4  0 0  0 0  0 0  0
    18  -.4542835556608631       4   0 2  0 2  0 0  0 0  0
    19  -.2271417778304315       4   0 0  0 4  0 0  0 0  0
    20  -.5674761209555216       4   0 2  0 0  0 2  0 0  0
    21  -.5674761209555216       4   0 0  0 2  0 2  0 0  0
    22  -.2271436756398254       4   0 2  0 0  0 1  1 0  0
    23  -.2271436756398254       4   0 0  0 2  0 1  1 0  0
    24  -.1139473147263791       4   0 2  0 0  0 0  2 0  0
    25  -.1139473147263791       4   0 0  0 2  0 0  2 0  0
    26  -.1651499833306116       4   0 0  0 0  0 4  0 0  0
    27  0.9445287547246746E-01   4   0 0  0 0  0 3  1 0  0
    28  0.2839350698902647E-01   4   0 0  0 0  0 2  2 0  0
    29  0.1911485464610972E-01   4   0 0  0 0  0 1  3 0  0
    30  0.2318874622300773E-01   4   0 0  0 0  0 0  4 0  0
    ------------------------------------------------------
     I  COEFFICIENT            ORDER EXPONENTS
     1   1.000000000000000       1   0 0  0 0  0 1  0 0  0
     -----------------------------------------------------
     I  COEFFICIENT            ORDER EXPONENTS
     1   1.000000000000000       1   0 0  0 0  0 0  1 0  0
     -----------------------------------------------------
     I  COEFFICIENT            ORDER EXPONENTS
     1   1.000000000000000       1   0 0  0 0  0 0  0 1  0
     -----------------------------------------------------
