     I  COEFFICIENT            ORDER EXPONENTS
     1   1.000000000000000       1   1 0  0 0  0 0  0 0  0
     2  0.8602500000000000       1   0 1  0 0  0 0  0 0  0
     3  -.4308444173499337       2   0 1  0 0  0 1  0 0  0
     4  -.4294055826500663       2   0 1  0 0  0 0  1 0  0
     5  0.4301250000000000       3   0 3  0 0  0 0  0 0  0
     6  0.4301250000000000       3   0 1  0 2  0 0  0 0  0
     7  0.3229543611358620       3   0 1  0 0  0 2  0 0  0
     8  0.2157801124281433       3   0 1  0 0  0 1  1 0  0
     9  0.3215155264359946       3   0 1  0 0  0 0  2 0  0
    10  -.6462666260249005       4   0 3  0 0  0 1  0 0  0
    11  -.6462666260249005       4   0 1  0 2  0 1  0 0  0
    12  -.6441083739750995       4   0 3  0 0  0 0  1 0  0
    13  -.6441083739750995       4   0 1  0 2  0 0  1 0  0
    14  -.2690983589945358       4   0 1  0 0  0 3  0 0  0
    15  -.1615680064239787       4   0 1  0 0  0 2  1 0  0
    16  -.1621021622182363       4   0 1  0 0  0 1  2 0  0
    17  -.2674814723632492       4   0 1  0 0  0 0  3 0  0
    ------------------------------------------------------
     I  COEFFICIENT            ORDER EXPONENTS
     1   1.000000000000000       1   0 1  0 0  0 0  0 0  0
     -----------------------------------------------------
     I  COEFFICIENT            ORDER EXPONENTS
     1   1.000000000000000       1   0 0  1 0  0 0  0 0  0
     2  0.8602500000000000       1   0 0  0 1  0 0  0 0  0
     3  -.4308444173499337       2   0 0  0 1  0 1  0 0  0
     4  -.4294055826500663       2   0 0  0 1  0 0  1 0  0
     5  0.4301250000000000       3   0 2  0 1  0 0  0 0  0
     6  0.4301250000000000       3   0 0  0 3  0 0  0 0  0
     7  0.3229543611358620       3   0 0  0 1  0 2  0 0  0
     8  0.2157801124281433       3   0 0  0 1  0 1  1 0  0
     9  0.3215155264359946       3   0 0  0 1  0 0  2 0  0
    10  -.6462666260249005       4   0 2  0 1  0 1  0 0  0
    11  -.6462666260249005       4   0 0  0 3  0 1  0 0  0
    12  -.6441083739750995       4   0 2  0 1  0 0  1 0  0
    13  -.6441083739750995       4   0 0  0 3  0 0  1 0  0
    14  -.2690983589945358       4   0 0  0 1  0 3  0 0  0
    15  -.1615680064239787       4   0 0  0 1  0 2  1 0  0
    16  -.1621021622182363       4   0 0  0 1  0 1  2 0  0
    17  -.2674814723632492       4   0 0  0 1  0 0  3 0  0
    ------------------------------------------------------
     I  COEFFICIENT            ORDER EXPONENTS
     1   1.000000000000000       1   0 0  0 1  0 0  0 0  0
     -----------------------------------------------------
     I  COEFFICIENT            ORDER EXPONENTS
     1   1.000000000000000       1   0 0  0 0  1 0  0 0  0
     2  0.2143436842906631       1   0 0  0 0  0 1  0 0  0
     3  -.2143436842906630       1   0 0  0 0  0 0  1 0  0
     4  -.2154222086749669       2   0 2  0 0  0 0  0 0  0
     5  -.2154222086749669       2   0 0  0 2  0 0  0 0  0
     6  -.1610266430180451       2   0 0  0 0  0 2  0 0  0
     7  0.1077096017454272       2   0 0  0 0  0 1  1 0  0
     8  0.5331704127261793E-01   2   0 0  0 0  0 0  2 0  0
     9  0.3229543611358621       3   0 2  0 0  0 1  0 0  0
    10  0.3229543611358621       3   0 0  0 2  0 1  0 0  0
    11  0.1078900562140718       3   0 2  0 0  0 0  1 0  0
    12  0.1078900562140718       3   0 0  0 2  0 0  1 0  0
    13  0.1342340572502741       3   0 0  0 0  0 3  0 0  0
    14  -.8064888571473201E-01   3   0 0  0 0  0 2  1 0  0
    15  -.2706071603069511E-01   3   0 0  0 0  0 1  2 0  0
    16  -.2652445550484692E-01   3   0 0  0 0  0 0  3 0  0
    17  -.1615666565062252       4   0 4  0 0  0 0  0 0  0
    18  -.3231333130124504       4   0 2  0 2  0 0  0 0  0
    19  -.1615666565062252       4   0 0  0 4  0 0  0 0  0
    20  -.4036475384918037       4   0 2  0 0  0 2  0 0  0
    21  -.4036475384918037       4   0 0  0 2  0 2  0 0  0
    22  -.1615680064239787       4   0 2  0 0  0 1  1 0  0
    23  -.1615680064239787       4   0 0  0 2  0 1  1 0  0
    24  -.8105108110911829E-01   4   0 2  0 0  0 0  2 0  0
    25  -.8105108110911829E-01   4   0 0  0 2  0 0  2 0  0
    26  -.1174716993221090       4   0 0  0 0  0 4  0 0  0
    27  0.6718462553761378E-01   4   0 0  0 0  0 3  1 0  0
    28  0.2019639026567722E-01   4   0 0  0 0  0 2  2 0  0
    29  0.1359645585357688E-01   4   0 0  0 0  0 1  3 0  0
    30  0.1649422766524094E-01   4   0 0  0 0  0 0  4 0  0
    ------------------------------------------------------
     I  COEFFICIENT            ORDER EXPONENTS
     1   1.000000000000000       1   0 0  0 0  0 1  0 0  0
     -----------------------------------------------------
     I  COEFFICIENT            ORDER EXPONENTS
     1   1.000000000000000       1   0 0  0 0  0 0  1 0  0
     -----------------------------------------------------
     I  COEFFICIENT            ORDER EXPONENTS
     1   1.000000000000000       1   0 0  0 0  0 0  0 1  0
     -----------------------------------------------------
