     I  COEFFICIENT            ORDER EXPONENTS
     1  0.7487271445307499E-04   0   0 0  0 0  0 0  0 0  0
     2  0.9999995054221238       1   1 0  0 0  0 0  0 0  0
     3  0.2599998713406638       1   0 1  0 0  0 0  0 0  0
     4  -.1845473588979346E-05   1   0 0  1 0  0 0  0 0  0
     5  -.1445843978393558E-06   1   0 0  0 1  0 0  0 0  0
     6  -.4843148084831430E-11   1   0 0  0 0  0 1  0 0  0
     7  -.4826974052483829E-11   1   0 0  0 0  0 0  1 0  0
     8  0.9670132223005403E-11   1   0 0  0 0  0 0  0 1  0
     9  -.3615962626853665E-01   2   2 0  0 0  0 0  0 0  0
    10  -.4478453663923779E-02   2   1 1  0 0  0 0  0 0  0
    11  -.2911471392767858E-03   2   0 2  0 0  0 0  0 0  0
    12  0.2081216284175558E-04   2   1 0  1 0  0 0  0 0  0
    13  0.1318927389623057E-05   2   0 1  1 0  0 0  0 0  0
    14  0.3615960732639464E-01   2   0 0  2 0  0 0  0 0  0
    15  0.1288840559023975E-05   2   1 0  0 1  0 0  0 0  0
    16  0.1749314380400432E-06   2   0 1  0 1  0 0  0 0  0
    17  0.4478459769434911E-02   2   0 0  1 1  0 0  0 0  0
    18  0.2911490141508419E-03   2   0 0  0 2  0 0  0 0  0
    19  0.2477019573424381E-06   2   1 0  0 0  0 1  0 0  0
    20  -.1302173112955441       2   0 1  0 0  0 1  0 0  0
    21  0.9121985783469490E-06   2   0 0  1 0  0 1  0 0  0
    22  0.1416851312169482E-06   2   0 0  0 1  0 1  0 0  0
    23  0.2468747395415468E-06   2   1 0  0 0  0 0  1 0  0
    24  -.1297824415874303       2   0 1  0 0  0 0  1 0  0
    25  0.9091522281684549E-06   2   0 0  1 0  0 0  1 0  0
    26  0.1412119639318437E-06   2   0 0  0 1  0 0  1 0  0
    27  -.4945775746700437E-06   2   1 0  0 0  0 0  0 1  0
    28  -.1184580087159581E-06   2   0 1  0 0  0 0  0 1  0
    29  -.1821351362771812E-05   2   0 0  1 0  0 0  0 1  0
    30  -.1383128011991578E-06   2   0 0  0 1  0 0  0 1  0
    31  -.2696389715501409E-11   2   0 0  0 0  0 2  0 0  0
    32  -.5159670270528285E-11   2   0 0  0 0  0 1  1 0  0
    33  -.2678769314884569E-11   2   0 0  0 0  0 0  2 0  0
    34  -.4843153133753592E-11   2   0 0  0 0  0 1  0 1  0
    35  -.4826979089211488E-11   2   0 0  0 0  0 0  1 1  0
    36  0.4260269488139740E-03   3   3 0  0 0  0 0  0 0  0
    37  0.1718610644543856E-04   3   2 1  0 0  0 0  0 0  0
    38  -.6047034605233706E-05   3   1 2  0 0  0 0  0 0  0
    39  0.1299991072957364       3   0 3  0 0  0 0  0 0  0
    40  -.3509714057969751E-04   3   2 0  1 0  0 0  0 0  0
    41  0.8564502205604240E-05   3   1 1  1 0  0 0  0 0  0
    42  -.2204329813536753E-05   3   0 2  1 0  0 0  0 0  0
    43  0.2658354469798049E-03   3   1 0  2 0  0 0  0 0  0
    44  -.3864534470799129E-04   3   0 1  2 0  0 0  0 0  0
    45  0.1182249835401909E-04   3   0 0  3 0  0 0  0 0  0
    46  -.4314012681642825E-05   3   2 0  0 1  0 0  0 0  0
    47  -.1591725149571144E-05   3   1 1  0 1  0 0  0 0  0
    48  -.3062428320657214E-06   3   0 2  0 1  0 0  0 0  0
    49  0.7053767225132947E-04   3   1 0  1 1  0 0  0 0  0
    50  -.1310137802456562E-06   3   0 1  1 1  0 0  0 0  0
    51  -.1281030837999655E-04   3   0 0  2 1  0 0  0 0  0
    52  -.3890188511351680E-05   3   1 0  0 2  0 0  0 0  0
    53  0.1299994829517411       3   0 1  0 2  0 0  0 0  0
    54  -.4071788907060460E-05   3   0 0  1 2  0 0  0 0  0
    55  -.4792790925188608E-06   3   0 0  0 3  0 0  0 0  0
    56  0.1811004647990441E-01   3   2 0  0 0  0 1  0 0  0
    57  0.4485942462671807E-02   3   1 1  0 0  0 1  0 0  0
    58  0.4374510161015038E-03   3   0 2  0 0  0 1  0 0  0
    59  -.1041255961253658E-04   3   1 0  1 0  0 1  0 0  0
    60  -.1310327476028878E-05   3   0 1  1 0  0 1  0 0  0
    61  -.1811002892631346E-01   3   0 0  2 0  0 1  0 0  0
    62  -.1290889890140682E-05   3   1 0  0 1  0 1  0 0  0
    63  -.2595320155752600E-06   3   0 1  0 1  0 1  0 0  0
    64  -.4485947577569858E-02   3   0 0  1 1  0 1  0 0  0
    65  -.4374535708046729E-03   3   0 0  0 2  0 1  0 0  0
    66  0.1804956672841616E-01   3   2 0  0 0  0 0  1 0  0
    67  0.4470961347872670E-02   3   1 1  0 0  0 0  1 0  0
    68  0.4359901182090028E-03   3   0 2  0 0  0 0  1 0  0
    69  -.1037778615028061E-04   3   1 0  1 0  0 0  1 0  0
    70  -.1305951546888841E-05   3   0 1  1 0  0 0  1 0  0
    71  -.1804954923344653E-01   3   0 0  2 0  0 0  1 0  0
    72  -.1286578874161706E-05   3   1 0  0 1  0 0  1 0  0
    73  -.2586652904776604E-06   3   0 1  0 1  0 0  1 0  0
    74  -.4470966445689052E-02   3   0 0  1 1  0 0  1 0  0
    75  -.4359926643801035E-03   3   0 0  0 2  0 0  1 0  0
    76  -.3615962551550220E-01   3   2 0  0 0  0 0  0 1  0
    77  -.4478460301673541E-02   3   1 1  0 0  0 0  0 1  0
    78  -.2911488939521453E-03   3   0 2  0 0  0 0  0 1  0
    79  0.2079045427002363E-04   3   1 0  1 0  0 0  0 1  0
    80  0.1294008692117206E-05   3   0 1  1 0  0 0  0 1  0
    81  0.3615958768181967E-01   3   0 0  2 0  0 0  0 1  0
    82  0.1288362113791040E-05   3   1 0  0 1  0 0  0 1  0
    83  0.1678680623632814E-06   3   0 1  0 1  0 0  0 1  0
    84  0.4478458118404524E-02   3   0 0  1 1  0 0  0 1  0
    85  0.2911488208786962E-03   3   0 0  0 2  0 0  0 1  0
    86  -.1856736652939846E-06   3   1 0  0 0  0 2  0 0  0
    87  0.9760880532186088E-01   3   0 1  0 0  0 2  0 0  0
    88  -.6837710313896496E-06   3   0 0  1 0  0 2  0 0  0
    89  -.1291140913478296E-06   3   0 0  0 1  0 2  0 0  0
    90  -.1240570800223745E-06   3   1 0  0 0  0 1  1 0  0
    91  0.6521669342214097E-01   3   0 1  0 0  0 1  1 0  0
    92  -.4568582459101247E-06   3   0 0  1 0  0 1  1 0  0
    93  -.1259873418263627E-06   3   0 0  0 1  0 1  1 0  0
    94  -.1848464466730134E-06   3   1 0  0 0  0 0  2 0  0
    95  0.9717393614561587E-01   3   0 1  0 0  0 0  2 0  0
    96  -.6807246760391634E-06   3   0 0  1 0  0 0  2 0  0
    97  -.1284725342381732E-06   3   0 0  0 1  0 0  2 0  0
    98  0.2477020052899967E-06   3   1 0  0 0  0 1  0 1  0
    99  0.1186559598395738E-06   3   0 1  0 0  0 1  0 1  0
   100  0.9121998106498415E-06   3   0 0  1 0  0 1  0 1  0
   101  0.1385441517396896E-06   3   0 0  0 1  0 1  0 1  0
   102  0.2468747873289807E-06   3   1 0  0 0  0 0  1 1  0
   103  0.1182597000636273E-06   3   0 1  0 0  0 0  1 1  0
   104  0.9091534563559868E-06   3   0 0  1 0  0 0  1 1  0
   105  0.1380814739725724E-06   3   0 0  0 1  0 0  1 1  0
   106  -.2873129337760803E-10   3   0 0  0 0  0 3  0 0  0
   107  -.5186060495121657E-10   3   0 0  0 0  0 2  1 0  0
   108  -.5174426133630401E-10   3   0 0  0 0  0 1  2 0  0
   109  -.2850106177573397E-10   3   0 0  0 0  0 0  3 0  0
   110  0.1965221889318746E-10   3   0 0  0 0  0 2  0 1  0
   111  0.2796648197245559E-10   3   0 0  0 0  0 1  1 1  0
   112  0.1953989095098767E-10   3   0 0  0 0  0 0  2 1  0
   113  0.6871747645350822E-03   4   4 0  0 0  0 0  0 0  0
   114  -.1386853333195821       4   3 1  0 0  0 0  0 0  0
   115  -.8126217546498135E-01   4   2 2  0 0  0 0  0 0  0
   116  -.1632786906632738E-01   4   1 3  0 0  0 0  0 0  0
   117  -.1434750033535843E-02   4   0 4  0 0  0 0  0 0  0
   118  -.1257677572173188E-05   4   3 0  1 0  0 0  0 0  0
   119  0.3952942019231643E-04   4   2 1  1 0  0 0  0 0  0
   120  0.3639807844713874E-04   4   1 2  1 0  0 0  0 0  0
   121  0.3304886879222922E-05   4   0 3  1 0  0 0  0 0  0
   122  0.1390539031269514E-02   4   2 0  2 0  0 0  0 0  0
   123  -.1386857965307555       4   1 1  2 0  0 0  0 0  0
   124  0.4523183316506426E-01   4   0 2  2 0  0 0  0 0  0
   125  0.1573900241561349E-05   4   1 0  3 0  0 0  0 0  0
   126  0.3999338684961879E-04   4   0 1  3 0  0 0  0 0  0
   127  -.1157711852715698E-02   4   0 0  4 0  0 0  0 0  0
   128  0.4008237061861972E-04   4   3 0  0 1  0 0  0 0  0
   129  0.1560775670312429E-04   4   2 1  0 1  0 0  0 0  0
   130  0.6764193891460807E-05   4   1 2  0 1  0 0  0 0  0
   131  0.3346790947234747E-04   4   0 3  0 1  0 0  0 0  0
   132  0.1396110657956585       4   2 0  1 1  0 0  0 0  0
   133  0.3632222914657558E-01   4   1 1  1 1  0 0  0 0  0
   134  0.8752982540214225E-02   4   0 2  1 1  0 0  0 0  0
   135  0.4064871840350470E-04   4   1 0  2 1  0 0  0 0  0
   136  0.5199311639320828E-05   4   0 1  2 1  0 0  0 0  0
   137  0.1383739105298699       4   0 0  3 1  0 0  0 0  0
   138  -.2707040440018945E-01   4   2 0  0 2  0 0  0 0  0
   139  -.1993741347590445E-02   4   1 1  0 2  0 0  0 0  0
   140  0.2709604525024284E-03   4   0 2  0 2  0 0  0 0  0
   141  0.2612117737610975E-04   4   1 0  1 2  0 0  0 0  0
   142  0.4852651069036932E-05   4   0 1  1 2  0 0  0 0  0
   143  0.6310035728340242E-01   4   0 0  2 2  0 0  0 0  0
   144  0.2642552623199844E-05   4   1 0  0 3  0 0  0 0  0
   145  0.3330032940190016E-04   4   0 1  0 3  0 0  0 0  0
   146  0.1407474814979803E-01   4   0 0  1 3  0 0  0 0  0
   147  0.1119808139092650E-02   4   0 0  0 4  0 0  0 0  0
   148  -.4466640155213724E-03   4   3 0  0 0  0 1  0 0  0
   149  -.9706527172862112E-04   4   2 1  0 0  0 1  0 0  0
   150  -.1556287862946422E-04   4   1 2  0 0  0 1  0 0  0
   151  -.1953276829736686       4   0 3  0 0  0 1  0 0  0
   152  0.5846207967879141E-05   4   2 0  1 0  0 1  0 0  0
   153  -.7563752956909538E-05   4   1 1  1 0  0 1  0 0  0
   154  -.8702087923482636E-06   4   0 2  1 0  0 1  0 0  0
   155  -.3664354231674535E-03   4   1 0  2 0  0 1  0 0  0
   156  0.9689705872566542E-04   4   0 1  2 0  0 1  0 0  0
   157  -.1747535817745066E-04   4   0 0  3 0  0 1  0 0  0
   158  0.8344859722949639E-05   4   2 0  0 1  0 1  0 0  0
   159  0.1976661689726783E-05   4   1 1  0 1  0 1  0 0  0
   160  0.9257057470014299E-07   4   0 2  0 1  0 1  0 0  0
   161  -.8965370727012752E-04   4   1 0  1 1  0 1  0 0  0
   162  0.8726198362915289E-05   4   0 1  1 1  0 1  0 0  0
   163  -.1136789726603404E-04   4   0 0  2 1  0 1  0 0  0
   164  0.7482267127715172E-05   4   1 0  0 2  0 1  0 0  0
   165  -.1953243694155774       4   0 1  0 2  0 1  0 0  0
   166  -.4758502979455063E-05   4   0 0  1 2  0 1  0 0  0
   167  -.5634712297113810E-06   4   0 0  0 3  0 1  0 0  0
   168  -.4451723501803954E-03   4   3 0  0 0  0 0  1 0  0
   169  -.9674111554715664E-04   4   2 1  0 0  0 0  1 0  0
   170  -.1551090532059700E-04   4   1 2  0 0  0 0  1 0  0
   171  -.1946753726806958       4   0 3  0 0  0 0  1 0  0
   172  0.5826684152441151E-05   4   2 0  1 0  0 0  1 0  0
   173  -.7538493281311217E-05   4   1 1  1 0  0 0  1 0  0
   174  -.8673026699612745E-06   4   0 2  1 0  0 0  1 0  0
   175  -.3652116867538563E-03   4   1 0  2 0  0 0  1 0  0
   176  0.9657346430286152E-04   4   0 1  2 0  0 0  1 0  0
   177  -.1741699801140048E-04   4   0 0  3 0  0 0  1 0  0
   178  0.8316991487337461E-05   4   2 0  0 1  0 0  1 0  0
   179  0.1970060491441324E-05   4   1 1  0 1  0 0  1 0  0
   180  0.9226142887003264E-07   4   0 2  0 1  0 0  1 0  0
   181  -.8935430251996898E-04   4   1 0  1 1  0 0  1 0  0
   182  0.8697056620587935E-05   4   0 1  1 1  0 0  1 0  0
   183  -.1132993338767744E-04   4   0 0  2 1  0 0  1 0  0
   184  0.7457279579573189E-05   4   1 0  0 2  0 0  1 0  0
   185  -.1946720701884608       4   0 1  0 2  0 0  1 0  0
   186  -.4742611629978219E-05   4   0 0  1 2  0 0  1 0  0
   187  -.5615894786081315E-06   4   0 0  0 3  0 0  1 0  0
   188  0.8518951315239766E-03   4   3 0  0 0  0 0  0 1  0
   189  0.8758738326893273E-04   4   2 1  0 0  0 0  0 1  0
   190  0.4422097115284895E-05   4   1 2  0 0  0 0  0 1  0
   191  0.3082259925426953E-06   4   0 3  0 0  0 0  0 1  0
   192  -.2335739768117391E-04   4   2 0  1 0  0 0  0 1  0
   193  0.6040126934824953E-05   4   1 1  1 0  0 0  0 1  0
   194  0.3356820847952362E-06   4   0 2  1 0  0 0  0 1  0
   195  0.6917049330483377E-03   4   1 0  2 0  0 0  0 1  0
   196  -.1011994577656850E-03   4   0 1  2 0  0 0  0 1  0
   197  0.2331138057898220E-04   4   0 0  3 0  0 0  0 1  0
   198  -.6060835304313347E-05   4   2 0  0 1  0 0  0 1  0
   199  -.1202921653513288E-05   4   1 1  0 1  0 0  0 1  0
   200  -.8326305686242310E-07   4   0 2  0 1  0 0  0 1  0
   201  0.1263082832294227E-03   4   1 0  1 1  0 0  0 1  0
   202  -.2839209376770969E-05   4   0 1  1 1  0 0  0 1  0
   203  0.6063405539528038E-05   4   0 0  2 1  0 0  0 1  0
   204  -.7693360425934299E-05   4   1 0  0 2  0 0  0 1  0
   205  -.9319903356983036E-06   4   0 1  0 2  0 0  0 1  0
   206  0.1988384515908612E-05   4   0 0  1 2  0 0  0 1  0
   207  0.1804401313867685E-06   4   0 0  0 3  0 0  0 1  0
   208  -.1357502129480043E-01   4   2 0  0 0  0 2  0 0  0
   209  -.4485955945416583E-02   4   1 1  0 0  0 2  0 0  0
   210  -.7580066102839744E-03   4   0 2  0 0  0 2  0 0  0
   211  0.7825105151513033E-05   4   1 0  1 0  0 2  0 0  0
   212  0.1304384910020443E-05   4   0 1  1 0  0 2  0 0  0
   213  0.1357502269404017E-01   4   0 0  2 0  0 2  0 0  0
   214  0.1291104795364377E-05   4   1 0  0 1  0 2  0 0  0
   215  0.4124535741005207E-04   4   0 1  0 1  0 2  0 0  0
   216  0.4485960827398075E-02   4   0 0  1 1  0 2  0 0  0
   217  0.4766653362870383E-03   4   0 0  0 2  0 2  0 0  0
   218  -.9070084757292554E-02   4   2 0  0 0  0 1  1 0  0
   219  -.4485922353612931E-02   4   1 1  0 0  0 1  1 0  0
   220  -.9087922606817730E-03   4   0 2  0 0  0 1  1 0  0
   221  0.5231562455668942E-05   4   1 0  1 0  0 1  1 0  0
   222  0.1300233402784708E-05   4   0 1  1 0  0 1  1 0  0
   223  0.9070085160139074E-02   4   0 0  2 0  0 1  1 0  0
   224  0.1290680168326459E-05   4   1 0  0 1  0 1  1 0  0
   225  0.4944846034323911E-04   4   0 1  0 1  0 1  1 0  0
   226  0.4485924028704137E-02   4   0 0  1 1  0 1  1 0  0
   227  0.5714850726268344E-03   4   0 0  0 2  0 1  1 0  0
   228  -.1351454148589299E-01   4   2 0  0 0  0 0  2 0  0
   229  -.4463484261768978E-02   4   1 1  0 0  0 0  2 0  0
   230  -.7539577075640861E-03   4   0 2  0 0  0 0  2 0  0
   231  0.7790237090122777E-05   4   1 0  1 0  0 0  2 0  0
   232  0.1297857716897301E-05   4   0 1  1 0  0 0  2 0  0
   233  0.1351454287978716E-01   4   0 0  2 0  0 0  2 0  0
   234  0.1284637903942727E-05   4   1 0  0 1  0 0  2 0  0
   235  0.4102504741433354E-04   4   0 1  0 1  0 0  2 0  0
   236  0.4463489124649933E-02   4   0 0  1 1  0 0  2 0  0
   237  0.4741192225198217E-03   4   0 0  0 2  0 0  2 0  0
   238  0.1811005613942045E-01   4   2 0  0 0  0 1  0 1  0
   239  0.4485946428727391E-02   4   1 1  0 0  0 1  0 1  0
   240  0.4374531706887701E-03   4   0 2  0 0  0 1  0 1  0
   241  -.1043867388873689E-04   4   1 0  1 0  0 1  0 1  0
   242  -.1293856628001364E-05   4   0 1  1 0  0 1  0 1  0
   243  -.1811005812851717E-01   4   0 0  2 0  0 1  0 1  0
   244  -.1291142553421820E-05   4   1 0  0 1  0 1  0 1  0
   245  -.2522065430302385E-06   4   0 1  0 1  0 1  0 1  0
   246  -.4485948405742306E-02   4   0 0  1 1  0 1  0 1  0
   247  -.4374537879887974E-03   4   0 0  0 2  0 1  0 1  0
   248  0.1804957635567357E-01   4   2 0  0 0  0 0  1 1  0
   249  0.4470965300683338E-02   4   1 1  0 0  0 0  1 1  0
   250  0.4359922656008206E-03   4   0 2  0 0  0 0  1 1  0
   251  -.1040381321605123E-04   4   1 0  1 0  0 0  1 1  0
   252  -.1289535704396333E-05   4   0 1  1 0  0 0  1 1  0
   253  -.1804957833812746E-01   4   0 0  2 0  0 0  1 1  0
   254  -.1286830693656370E-05   4   1 0  0 1  0 0  1 1  0
   255  -.2513642818542921E-06   4   0 1  0 1  0 0  1 1  0
   256  -.4470967271095762E-02   4   0 0  1 1  0 0  1 1  0
   257  -.4359928808389267E-03   4   0 0  0 2  0 0  1 1  0
   258  0.1787771657788357E-15   4   2 0  0 0  0 0  0 2  0
   259  -.1254354122920403E-15   4   1 1  0 0  0 0  0 2  0
   260  -.1033688192273747E-15   4   0 2  0 0  0 0  0 2  0
   261  -.8852489462299114E-14   4   1 0  1 0  0 0  0 2  0
   262  -.2332925035058608E-14   4   0 1  1 0  0 0  0 2  0
   263  -.9752605988163974E-14   4   0 0  2 0  0 0  0 2  0
   264  -.7484785731228816E-15   4   1 0  0 1  0 0  0 2  0
   265  -.2229175849367015E-15   4   0 1  0 1  0 0  0 2  0
   266  -.2524233987586793E-14   4   0 0  1 1  0 0  0 2  0
   267  -.1156268199908905E-15   4   0 0  0 2  0 0  0 2  0
   268  -.8885014069573936E-06   4   1 0  0 0  0 3  0 0  0
   269  -.8133186105387989E-01   4   0 1  0 0  0 3  0 0  0
   270  -.2581956362447059E-06   4   0 0  1 0  0 3  0 0  0
   271  -.5800447069002145E-07   4   0 0  0 1  0 3  0 0  0
   272  -.1049726394924948E-05   4   1 0  0 0  0 2  1 0  0
   273  -.4883229242042801E-01   4   0 1  0 0  0 2  1 0  0
   274  -.3050472852614510E-06   4   0 0  1 0  0 2  1 0  0
   275  -.7905402791026057E-07   4   0 0  0 1  0 2  1 0  0
   276  -.1048903898042765E-05   4   1 0  0 0  0 1  2 0  0
   277  -.4899373364540043E-01   4   0 1  0 0  0 1  2 0  0
   278  -.3048082694068484E-06   4   0 0  1 0  0 1  2 0  0
   279  -.7894761287263338E-07   4   0 0  0 1  0 1  2 0  0
   280  -.8823036424004380E-06   4   1 0  0 0  0 0  3 0  0
   281  -.8084317541361677E-01   4   0 1  0 0  0 0  3 0  0
   282  -.2563945856139860E-06   4   0 0  1 0  0 0  3 0  0
   283  -.5758234450356151E-07   4   0 0  0 1  0 0  3 0  0
   284  0.8077526602417988E-06   4   1 0  0 0  0 2  0 1  0
   285  0.1470918665900417E-06   4   0 1  0 0  0 2  0 1  0
   286  0.2347303239435076E-06   4   0 0  1 0  0 2  0 1  0
   287  0.4274446410498933E-07   4   0 0  0 1  0 2  0 1  0
   288  0.9684326660605881E-06   4   1 0  0 0  0 1  1 1  0
   289  0.2097691115953882E-06   4   0 1  0 0  0 1  1 1  0
   290  0.2814237534158266E-06   4   0 0  1 0  0 1  1 1  0
   291  0.6095830757579936E-07   4   0 0  0 1  0 1  1 1  0
   292  0.8034380404349190E-06   4   1 0  0 0  0 0  2 1  0
   293  0.1462503739132589E-06   4   0 1  0 0  0 0  2 1  0
   294  0.2334765087741764E-06   4   0 0  1 0  0 0  2 1  0
   295  0.4249992880564193E-07   4   0 0  0 1  0 0  2 1  0
   296  -.2049313096453024E-04   4   0 0  0 0  0 4  0 0  0
   297  -.1171489419508019E-04   4   0 0  0 0  0 3  1 0  0
   298  -.1055295252508929E-04   4   0 0  0 0  0 2  2 0  0
   299  -.1177688320112147E-04   4   0 0  0 0  0 1  3 0  0
   300  -.2033690262496939E-04   4   0 0  0 0  0 0  4 0  0
   301  0.4114928748001652E-11   4   0 0  0 0  0 3  0 1  0
   302  0.2914171996922776E-10   4   0 0  0 0  0 2  1 1  0
   303  0.2901628308259997E-10   4   0 0  0 0  0 1  2 1  0
   304  0.4045817802425951E-11   4   0 0  0 0  0 0  3 1  0
   -------------------------------------------------------
     I  COEFFICIENT            ORDER EXPONENTS
     1  0.7928212886457258E-08   0   0 0  0 0  0 0  0 0  0
     2  -.1471217332969137E-04   1   1 0  0 0  0 0  0 0  0
     3  0.9999966694106136       1   0 1  0 0  0 0  0 0  0
     4  -.1718057923515847E-04   1   0 0  1 0  0 0  0 0  0
     5  -.2669723469619402E-05   1   0 0  0 1  0 0  0 0  0
     6  0.4028845800399114E-08   1   0 0  0 0  0 1  0 0  0
     7  0.4015391191470067E-08   1   0 0  0 0  0 0  1 0  0
     8  -.1160238127193925E-09   1   0 0  0 0  0 0  0 1  0
     9  -.2781597900307419       2   2 0  0 0  0 0  0 0  0
    10  -.7232397739888327E-01   2   1 1  0 0  0 0  0 0  0
    11  -.7162892291967169E-02   2   0 2  0 0  0 0  0 0  0
    12  0.1595919560449445E-03   2   1 0  1 0  0 0  0 0  0
    13  0.2085094719290094E-04   2   0 1  1 0  0 0  0 0  0
    14  0.2781598720541855       2   0 0  2 0  0 0  0 0  0
    15  0.2073024988288056E-04   2   1 0  0 1  0 0  0 0  0
    16  0.4118958074474507E-05   2   0 1  0 1  0 0  0 0  0
    17  0.7232407989009262E-01   2   0 0  1 1  0 0  0 0  0
    18  0.7162899237110008E-02   2   0 0  0 2  0 0  0 0  0
    19  -.1009296479066011E-10   2   1 0  0 0  0 1  0 0  0
    20  0.1668078228838806E-05   2   0 1  0 0  0 1  0 0  0
    21  -.7939522276875151E-11   2   0 0  1 0  0 1  0 0  0
    22  0.1325013931713611E-05   2   0 0  0 1  0 1  0 0  0
    23  -.1005925850724664E-10   2   1 0  0 0  0 0  1 0  0
    24  0.1662507566219478E-05   2   0 1  0 0  0 0  1 0  0
    25  -.7913007664044093E-11   2   0 0  1 0  0 0  1 0  0
    26  0.1320588956140153E-05   2   0 0  0 1  0 0  1 0  0
    27  -.1471215330129429E-04   2   1 0  0 0  0 0  0 1  0
    28  -.3330586445611123E-05   2   0 1  0 0  0 0  0 1  0
    29  -.1718056394252265E-04   2   0 0  1 0  0 0  0 1  0
    30  -.2645602696787208E-05   2   0 0  0 1  0 0  0 1  0
    31  -.1002169566778043E-08   2   0 0  0 0  0 2  0 0  0
    32  0.2004336329329175E-08   2   0 0  0 0  0 1  1 0  0
    33  -.1002169562508384E-08   2   0 0  0 0  0 0  2 0  0
    34  0.8371461484779798E-15   2   0 0  0 0  0 1  0 1  0
    35  0.8343504805274317E-15   2   0 0  0 0  0 0  1 1  0
    36  0.8236167811437201E-02   3   3 0  0 0  0 0  0 0  0
    37  0.2407251132502354E-02   3   2 1  0 0  0 0  0 0  0
    38  0.2526641167144596E-03   3   1 2  0 0  0 0  0 0  0
    39  0.1465285172081865E-04   3   0 3  0 0  0 0  0 0  0
    40  -.1100156977059479E-05   3   2 0  1 0  0 0  0 0  0
    41  0.6961925951138356E-04   3   1 1  1 0  0 0  0 0  0
    42  0.4768751053325302E-05   3   0 2  1 0  0 0  0 0  0
    43  0.8236190379701767E-02   3   1 0  2 0  0 0  0 0  0
    44  -.8633052489628038E-03   3   0 1  2 0  0 0  0 0  0
    45  0.1626773372810670E-05   3   0 0  3 0  0 0  0 0  0
    46  0.3476762042479355E-04   3   2 0  0 1  0 0  0 0  0
    47  0.2670375892041280E-04   3   1 1  0 1  0 0  0 0  0
    48  0.2033736284034323E-05   3   0 2  0 1  0 0  0 0  0
    49  0.3751230881204656E-02   3   1 0  1 1  0 0  0 0  0
    50  0.1927143142403261E-03   3   0 1  1 1  0 0  0 0  0
    51  -.3413340462029469E-04   3   0 0  2 1  0 0  0 0  0
    52  0.1555254521891223E-03   3   1 0  0 2  0 0  0 0  0
    53  0.2037103308499256E-04   3   0 1  0 2  0 0  0 0  0
    54  -.4643248964572711E-05   3   0 0  1 2  0 0  0 0  0
    55  -.1552720420933808E-05   3   0 0  0 3  0 0  0 0  0
    56  -.2123651703152787E-06   3   2 0  0 0  0 1  0 0  0
    57  0.3622242394208337E-01   3   1 1  0 0  0 1  0 0  0
    58  0.7174862864260719E-02   3   0 2  0 0  0 1  0 0  0
    59  0.3189113556374746E-06   3   1 0  1 0  0 1  0 0  0
    60  -.1046003584677319E-04   3   0 1  1 0  0 1  0 0  0
    61  0.1925262678555756E-06   3   0 0  2 0  0 1  0 0  0
    62  -.1032596414178752E-04   3   1 0  0 1  0 1  0 0  0
    63  -.4121703587839906E-05   3   0 1  0 1  0 1  0 0  0
    64  -.3622252101555259E-01   3   0 0  1 1  0 1  0 0  0
    65  -.7174884096963284E-02   3   0 0  0 2  0 1  0 0  0
    66  -.2116559621748033E-06   3   2 0  0 0  0 0  1 0  0
    67  0.3610145665463062E-01   3   1 1  0 0  0 0  1 0  0
    68  0.7150901913996678E-02   3   0 2  0 0  0 0  1 0  0
    69  0.3178463291309515E-06   3   1 0  1 0  0 0  1 0  0
    70  -.1042510383435277E-04   3   0 1  1 0  0 0  1 0  0
    71  0.1918833131550056E-06   3   0 0  2 0  0 0  1 0  0
    72  -.1029147987108923E-04   3   1 0  0 1  0 0  1 0  0
    73  -.4107938873929702E-05   3   0 1  0 1  0 0  1 0  0
    74  -.3610155340391617E-01   3   0 0  1 1  0 0  1 0  0
    75  -.7150923075791018E-02   3   0 0  0 2  0 0  1 0  0
    76  -.2781593500771886       3   2 0  0 0  0 0  0 1  0
    77  -.7232387642210283E-01   3   1 1  0 0  0 0  0 1  0
    78  -.7162875609122561E-02   3   0 2  0 0  0 0  0 1  0
    79  0.1589618440975126E-03   3   1 0  1 0  0 0  0 1  0
    80  0.2088151425194817E-04   3   0 1  1 0  0 0  0 1  0
    81  0.2781594929696731       3   0 0  2 0  0 0  0 1  0
    82  0.2063045765213953E-04   3   1 0  0 1  0 0  0 1  0
    83  0.4112843400823925E-05   3   0 1  0 1  0 0  0 1  0
    84  0.7232407859234687E-01   3   0 0  1 1  0 0  0 1  0
    85  0.7162906868856714E-02   3   0 0  0 2  0 0  0 1  0
    86  -.2902432370321107E-10   3   1 0  0 0  0 2  0 0  0
    87  -.1250375578820095E-05   3   0 1  0 0  0 2  0 0  0
    88  -.4187119290568933E-11   3   0 0  1 0  0 2  0 0  0
    89  -.9932074259840319E-06   3   0 0  0 1  0 2  0 0  0
    90  -.3965387906935860E-10   3   1 0  0 0  0 1  1 0  0
    91  -.8354379346482178E-06   3   0 1  0 0  0 1  1 0  0
    92  -.4888592965792655E-11   3   0 0  1 0  0 1  1 0  0
    93  -.6636039893041310E-06   3   0 0  0 1  0 1  1 0  0
    94  -.2886112810755022E-10   3   1 0  0 0  0 0  2 0  0
    95  -.1244804862176215E-05   3   0 1  0 0  0 0  2 0  0
    96  -.4164943026888407E-11   3   0 0  1 0  0 0  2 0  0
    97  -.9887824655392951E-06   3   0 0  0 1  0 0  2 0  0
    98  0.3707408792443362E-10   3   1 0  0 0  0 1  0 1  0
    99  0.1668088464503421E-05   3   0 1  0 0  0 1  0 1  0
   100  0.7944020453258618E-11   3   0 0  1 0  0 1  0 1  0
   101  0.1325011070890294E-05   3   0 0  0 1  0 1  0 1  0
   102  0.3695027657422245E-10   3   1 0  0 0  0 0  1 1  0
   103  0.1662517767824076E-05   3   0 1  0 0  0 0  1 1  0
   104  0.7917490877050938E-11   3   0 0  1 0  0 0  1 1  0
   105  0.1320586104870769E-05   3   0 0  0 1  0 0  1 1  0
   106  0.6670280488354135E-10   3   0 0  0 0  0 3  0 0  0
   107  -.9825967734369923E-09   3   0 0  0 0  0 2  1 0  0
   108  -.9773415764246359E-09   3   0 0  0 0  0 1  2 0  0
   109  0.6800391451998448E-10   3   0 0  0 0  0 0  3 0  0
   110  0.4132941896276149E-09   3   0 0  0 0  0 2  0 1  0
   111  0.4569229818331835E-09   3   0 0  0 0  0 1  1 1  0
   112  0.4111510018396416E-09   3   0 0  0 0  0 0  2 1  0
   113  0.6911574631690804E-02   4   4 0  0 0  0 0  0 0  0
   114  0.4562131039978322E-02   4   3 1  0 0  0 0  0 0  0
   115  0.2098182708694938       4   2 2  0 0  0 0  0 0  0
   116  0.1822209305772389E-01   4   1 3  0 0  0 0  0 0  0
   117  -.1785188858195350E-02   4   0 4  0 0  0 0  0 0  0
   118  -.2544876758114413E-05   4   3 0  1 0  0 0  0 0  0
   119  -.3356977027392102E-05   4   2 1  1 0  0 0  0 0  0
   120  -.4054849521509714E-04   4   1 2  1 0  0 0  0 0  0
   121  0.5176379711727999E-05   4   0 3  1 0  0 0  0 0  0
   122  0.1491404072723138E-01   4   2 0  2 0  0 0  0 0  0
   123  0.4718551825504930E-02   4   1 1  2 0  0 0  0 0  0
   124  0.6994849635121982E-01   4   0 2  2 0  0 0  0 0  0
   125  -.8263633076253679E-05   4   1 0  3 0  0 0  0 0  0
   126  -.2022428553963355E-05   4   0 1  3 0  0 0  0 0  0
   127  -.1185321179616292E-01   4   0 0  4 0  0 0  0 0  0
   128  -.3053145751113533E-06   4   3 0  0 1  0 0  0 0  0
   129  -.1202727735937106E-03   4   2 1  0 1  0 0  0 0  0
   130  -.2605265912251412E-04   4   1 2  0 1  0 0  0 0  0
   131  -.2311033639119883E-08   4   0 3  0 1  0 0  0 0  0
   132  0.6005812867440650E-02   4   2 0  1 1  0 0  0 0  0
   133  -.2761279455915139       4   1 1  1 1  0 0  0 0  0
   134  0.1826167971226296E-01   4   0 2  1 1  0 0  0 0  0
   135  -.5746433088876784E-05   4   1 0  2 1  0 0  0 0  0
   136  -.4095523119703845E-04   4   0 1  2 1  0 0  0 0  0
   137  -.8105658886182950E-02   4   0 0  3 1  0 0  0 0  0
   138  -.2080143322077795       4   2 0  0 2  0 0  0 0  0
   139  -.1263483257102485       4   1 1  0 2  0 0  0 0  0
   140  -.1072743967488740E-01   4   0 2  0 2  0 0  0 0  0
   141  0.3906851487477550E-04   4   1 0  1 2  0 0  0 0  0
   142  0.5051833882850718E-05   4   0 1  1 2  0 0  0 0  0
   143  -.7174657485568607E-01   4   0 0  2 2  0 0  0 0  0
   144  0.1556585966417526E-04   4   1 0  0 3  0 0  0 0  0
   145  0.4117570121368011E-05   4   0 1  0 3  0 0  0 0  0
   146  0.1780736152266806E-01   4   0 0  1 3  0 0  0 0  0
   147  0.5361021466200282E-02   4   0 0  0 4  0 0  0 0  0
   148  -.4123812169608084E-02   4   3 0  0 0  0 1  0 0  0
   149  -.2350198550986160E-02   4   2 1  0 0  0 1  0 0  0
   150  -.3706696526701273E-03   4   1 2  0 0  0 1  0 0  0
   151  -.3490601818684819E-04   4   0 3  0 0  0 1  0 0  0
   152  -.2505481506089623E-06   4   2 0  1 0  0 1  0 0  0
   153  -.1181295956854512E-04   4   1 1  1 0  0 1  0 0  0
   154  -.9870636988396951E-05   4   0 2  1 0  0 1  0 0  0
   155  -.4123788441267436E-02   4   1 0  2 0  0 1  0 0  0
   156  0.9653460600568777E-03   4   0 1  2 0  0 1  0 0  0
   157  0.3411356822039759E-06   4   0 0  3 0  0 1  0 0  0
   158  0.1740407374355062E-04   4   2 0  0 1  0 1  0 0  0
   159  0.1057131664294209E-04   4   1 1  0 1  0 1  0 0  0
   160  -.3189933789563027E-08   4   0 2  0 1  0 1  0 0  0
   161  -.3716659441913238E-02   4   1 0  1 1  0 1  0 0  0
   162  -.2430583929790102E-03   4   0 1  1 1  0 1  0 0  0
   163  0.2936946799487623E-04   4   0 0  2 1  0 1  0 0  0
   164  -.2736249960871894E-03   4   1 0  0 2  0 1  0 0  0
   165  -.4936803074946702E-04   4   0 1  0 2  0 1  0 0  0
   166  0.8030801206731376E-06   4   0 0  1 2  0 1  0 0  0
   167  -.1798976475463062E-05   4   0 0  0 3  0 1  0 0  0
   168  -.4110040413942965E-02   4   3 0  0 0  0 0  1 0  0
   169  -.2342349900544023E-02   4   2 1  0 0  0 0  1 0  0
   170  -.3694317757548313E-03   4   1 2  0 0  0 0  1 0  0
   171  -.3478944712677543E-04   4   0 3  0 0  0 0  1 0  0
   172  -.2497114277490498E-06   4   2 0  1 0  0 0  1 0  0
   173  -.1177350937387885E-04   4   1 1  1 0  0 0  1 0  0
   174  -.9837673314187002E-05   4   0 2  1 0  0 0  1 0  0
   175  -.4110016764844950E-02   4   1 0  2 0  0 0  1 0  0
   176  0.9621222201907949E-03   4   0 1  2 0  0 0  1 0  0
   177  0.3399964360233653E-06   4   0 0  3 0  0 0  1 0  0
   178  0.1734595163679265E-04   4   2 0  0 1  0 0  1 0  0
   179  0.1053601300061413E-04   4   1 1  0 1  0 0  1 0  0
   180  -.3179280785371567E-08   4   0 2  0 1  0 0  1 0  0
   181  -.3704247400913762E-02   4   1 0  1 1  0 0  1 0  0
   182  -.2422466826819091E-03   4   0 1  1 1  0 0  1 0  0
   183  0.2927138662729676E-04   4   0 0  2 1  0 0  1 0  0
   184  -.2727112065072973E-03   4   1 0  0 2  0 0  1 0  0
   185  -.4920316279905201E-04   4   0 1  0 2  0 0  1 0  0
   186  0.8003981791232911E-06   4   0 0  1 2  0 0  1 0  0
   187  -.1792968669227528E-05   4   0 0  0 3  0 0  1 0  0
   188  0.1647032401618465E-01   4   3 0  0 0  0 0  0 1  0
   189  0.4813403415137659E-02   4   2 1  0 0  0 0  0 1  0
   190  0.5143108931892921E-03   4   1 2  0 0  0 0  0 1  0
   191  0.3381942047459832E-04   4   0 3  0 0  0 0  0 1  0
   192  -.4342475456956199E-08   4   2 0  1 0  0 0  0 1  0
   193  0.4669651471114941E-04   4   1 1  1 0  0 0  0 1  0
   194  0.9091448749691540E-05   4   0 2  1 0  0 0  0 1  0
   195  0.1647032276592117E-01   4   1 0  2 0  0 0  0 1  0
   196  -.1887177455421362E-02   4   0 1  2 0  0 0  0 1  0
   197  -.3547733137383328E-08   4   0 0  3 0  0 0  0 1  0
   198  0.6855564931323778E-07   4   2 0  0 1  0 0  0 1  0
   199  0.2371423650443708E-07   4   1 1  0 1  0 0  0 1  0
   200  0.6012520900652110E-06   4   0 2  0 1  0 0  0 1  0
   201  0.7341379708071792E-02   4   1 0  1 1  0 0  0 1  0
   202  0.3166643715596317E-03   4   0 1  1 1  0 0  0 1  0
   203  -.4663098357994733E-04   4   0 0  2 1  0 0  0 1  0
   204  0.3226077127111755E-03   4   1 0  0 2  0 0  0 1  0
   205  0.4207026012411238E-04   4   0 1  0 2  0 0  0 1  0
   206  -.3038796082084213E-05   4   0 0  1 2  0 0  0 1  0
   207  0.5988743673892399E-06   4   0 0  0 3  0 0  0 1  0
   208  -.4556847550051370E-06   4   2 0  0 0  0 2  0 0  0
   209  -.2715198496917685E-01   4   1 1  0 0  0 2  0 0  0
   210  -.7174917337187972E-02   4   0 2  0 0  0 2  0 0  0
   211  0.1841947437488718E-06   4   1 0  1 0  0 2  0 0  0
   212  0.7828765123268137E-05   4   0 1  1 0  0 2  0 0  0
   213  0.1774128991650574E-06   4   0 0  2 0  0 2  0 0  0
   214  0.7834586974102515E-05   4   1 0  0 1  0 2  0 0  0
   215  0.4134171711860769E-05   4   0 1  0 1  0 2  0 0  0
   216  0.2715181173808509E-01   4   0 0  1 1  0 2  0 0  0
   217  0.7174893584452681E-02   4   0 0  0 2  0 2  0 0  0
   218  -.5304593126602690E-06   4   2 0  0 0  0 1  1 0  0
   219  -.1814154557387327E-01   4   1 1  0 0  0 1  1 0  0
   220  -.7174866834684656E-02   4   0 2  0 0  0 1  1 0  0
   221  0.2274524200466560E-06   4   1 0  1 0  0 1  1 0  0
   222  0.5236905552782216E-05   4   0 1  1 0  0 1  1 0  0
   223  0.2179610677759838E-06   4   0 0  2 0  0 1  1 0  0
   224  0.5256053733107393E-05   4   1 0  0 1  0 1  1 0  0
   225  0.4136768173769960E-05   4   0 1  0 1  0 1  1 0  0
   226  0.1814130367408061E-01   4   0 0  1 1  0 1  1 0  0
   227  0.7174830458404702E-02   4   0 0  0 2  0 1  1 0  0
   228  -.4532772115004193E-06   4   2 0  0 0  0 0  2 0  0
   229  -.2703101656692875E-01   4   1 1  0 0  0 0  2 0  0
   230  -.7138975723245654E-02   4   0 2  0 0  0 0  2 0  0
   231  0.1831998161396296E-06   4   1 0  1 0  0 0  2 0  0
   232  0.7793875917327713E-05   4   0 1  1 0  0 0  2 0  0
   233  0.1764564685002118E-06   4   0 0  2 0  0 0  2 0  0
   234  0.7799646352353266E-05   4   1 0  0 1  0 0  2 0  0
   235  0.4113457848293074E-05   4   0 1  0 1  0 0  2 0  0
   236  0.2703084431827468E-01   4   0 0  1 1  0 0  2 0  0
   237  0.7138952110574982E-02   4   0 0  0 2  0 0  2 0  0
   238  0.7288993964177734E-06   4   2 0  0 0  0 1  0 1  0
   239  0.3622268089807503E-01   4   1 1  0 0  0 1  0 1  0
   240  0.7174893960578455E-02   4   0 2  0 0  0 1  0 1  0
   241  -.2945859226621512E-06   4   1 0  1 0  0 1  0 1  0
   242  -.1044188903786322E-04   4   0 1  1 0  0 1  0 1  0
   243  -.2837398372358812E-06   4   0 0  2 0  0 1  0 1  0
   244  -.1044821019067919E-04   4   1 0  0 1  0 1  0 1  0
   245  -.4133745524984068E-05   4   0 1  0 1  0 1  0 1  0
   246  -.3622248246163146E-01   4   0 0  1 1  0 1  0 1  0
   247  -.7174875733075282E-02   4   0 0  0 2  0 1  0 1  0
   248  0.7264651865095122E-06   4   2 0  0 0  0 0  1 1  0
   249  0.3610171275250001E-01   4   1 1  0 0  0 0  1 1  0
   250  0.7150932906466116E-02   4   0 2  0 0  0 0  1 1  0
   251  -.2936021326197374E-06   4   1 0  1 0  0 0  1 1  0
   252  -.1040701762796495E-04   4   0 1  1 0  0 0  1 1  0
   253  -.2827922684299799E-06   4   0 0  2 0  0 0  1 1  0
   254  -.1041331767085434E-04   4   1 0  0 1  0 0  1 1  0
   255  -.4119940596192758E-05   4   0 1  0 1  0 0  1 1  0
   256  -.3610151497874856E-01   4   0 0  1 1  0 0  1 1  0
   257  -.7150914739834802E-02   4   0 0  0 2  0 0  1 1  0
   258  0.8294904285976866E-13   4   2 0  0 0  0 0  0 2  0
   259  0.2961369873804619E-13   4   1 1  0 0  0 0  0 2  0
   260  0.2844055373948739E-14   4   0 2  0 0  0 0  0 2  0
   261  -.9181486089472739E-13   4   1 0  1 0  0 0  0 2  0
   262  -.6666601826879193E-14   4   0 1  1 0  0 0  0 2  0
   263  0.6438768954998111E-13   4   0 0  2 0  0 0  0 2  0
   264  -.1720603764666811E-13   4   1 0  0 1  0 0  0 2  0
   265  -.2364310992656242E-14   4   0 1  0 1  0 0  0 2  0
   266  0.2478761402733546E-13   4   0 0  1 1  0 0  0 2  0
   267  0.2366088477654715E-14   4   0 0  0 2  0 0  0 2  0
   268  -.6515789798875434E-05   4   1 0  0 0  0 3  0 0  0
   269  -.2842158601951627E-05   4   0 1  0 0  0 3  0 0  0
   270  -.1893464019484261E-05   4   0 0  1 0  0 3  0 0  0
   271  -.8259222554162148E-06   4   0 0  0 1  0 3  0 0  0
   272  -.3912145155045413E-05   4   1 0  0 0  0 2  1 0  0
   273  -.3357897147003901E-05   4   0 1  0 0  0 2  1 0  0
   274  -.1136844783530901E-05   4   0 0  1 0  0 2  1 0  0
   275  -.9757898999099282E-06   4   0 0  0 1  0 2  1 0  0
   276  -.3925078728629604E-05   4   1 0  0 0  0 1  2 0  0
   277  -.3355266083666823E-05   4   0 1  0 0  0 1  2 0  0
   278  -.1140603280932069E-05   4   0 0  1 0  0 1  2 0  0
   279  -.9750253429566600E-06   4   0 0  0 1  0 1  2 0  0
   280  -.6476639400887863E-05   4   1 0  0 0  0 0  3 0  0
   281  -.2822333037313733E-05   4   0 1  0 0  0 0  3 0  0
   282  -.1882087077469735E-05   4   0 0  1 0  0 0  3 0  0
   283  -.8201610166016148E-06   4   0 0  0 1  0 0  3 0  0
   284  0.7819827682983246E-05   4   1 0  0 0  0 2  0 1  0
   285  0.2583857693059110E-05   4   0 1  0 0  0 2  0 1  0
   286  0.2272412107382520E-05   4   0 0  1 0  0 2  0 1  0
   287  0.7508608245379720E-06   4   0 0  0 1  0 2  0 1  0
   288  0.5224813493941592E-05   4   1 0  0 0  0 1  1 1  0
   289  0.3097853227057864E-05   4   0 1  0 0  0 1  1 1  0
   290  0.1518302241764177E-05   4   0 0  1 0  0 1  1 1  0
   291  0.9002220693455012E-06   4   0 0  0 1  0 1  1 1  0
   292  0.7784988515314037E-05   4   1 0  0 0  0 0  2 1  0
   293  0.2570055974322924E-05   4   0 1  0 0  0 0  2 1  0
   294  0.2262287992515854E-05   4   0 0  1 0  0 0  2 1  0
   295  0.7468500960346484E-06   4   0 0  0 1  0 0  2 1  0
   296  -.3557047189939826E-09   4   0 0  0 0  0 4  0 0  0
   297  -.2605563038062904E-09   4   0 0  0 0  0 3  1 0  0
   298  -.4017165154980746E-09   4   0 0  0 0  0 2  2 0  0
   299  -.2607110123272917E-09   4   0 0  0 0  0 1  3 0  0
   300  -.3528984102547231E-09   4   0 0  0 0  0 0  4 0  0
   301  0.4461522698249290E-10   4   0 0  0 0  0 3  0 1  0
   302  0.5009187707420272E-09   4   0 0  0 0  0 2  1 1  0
   303  0.4986322383046841E-09   4   0 0  0 0  0 1  2 1  0
   304  0.4355810200262625E-10   4   0 0  0 0  0 0  3 1  0
   -------------------------------------------------------
     I  COEFFICIENT            ORDER EXPONENTS
     1  -.2178067121608536E-04   0   0 0  0 0  0 0  0 0  0
     2  -.1797231713853356E-05   1   1 0  0 0  0 0  0 0  0
     3  -.1320412160927215E-06   1   0 1  0 0  0 0  0 0  0
     4   1.000000494577995       1   0 0  1 0  0 0  0 0  0
     5  0.2600001082566468       1   0 0  0 1  0 0  0 0  0
     6  0.9918514271176077E-11   1   0 0  0 0  0 1  0 0  0
     7  0.9885390701282834E-11   1   0 0  0 0  0 0  1 0  0
     8  -.1980390790080943E-10   1   0 0  0 0  0 0  0 1  0
     9  0.1041167037831652E-04   2   2 0  0 0  0 0  0 0  0
    10  0.1288050719902694E-05   2   1 1  0 0  0 0  0 0  0
    11  0.8389281046258680E-07   2   0 2  0 0  0 0  0 0  0
    12  0.7231925298405331E-01   2   1 0  1 0  0 0  0 0  0
    13  0.4478457032146562E-02   2   0 1  1 0  0 0  0 0  0
    14  -.1044195828102803E-04   2   0 0  2 0  0 0  0 0  0
    15  0.4478469392223382E-02   2   1 0  0 1  0 0  0 0  0
    16  0.5823000449362580E-03   2   0 1  0 1  0 0  0 0  0
    17  -.1263213251268535E-05   2   0 0  1 1  0 0  0 0  0
    18  -.7668494550184320E-07   2   0 0  0 2  0 0  0 0  0
    19  0.9121994029409209E-06   2   1 0  0 0  0 1  0 0  0
    20  0.1354028721302989E-06   2   0 1  0 0  0 1  0 0  0
    21  -.2477021247135283E-06   2   0 0  1 0  0 1  0 0  0
    22  -.1302175486074226       2   0 0  0 1  0 1  0 0  0
    23  0.9091530500086500E-06   2   1 0  0 0  0 0  1 0  0
    24  0.1349506848835441E-06   2   0 1  0 0  0 0  1 0  0
    25  -.2468749063536818E-06   2   0 0  1 0  0 0  1 0  0
    26  -.1297826781067893       2   0 0  0 1  0 0  1 0  0
    27  -.1821353128794273E-05   2   1 0  0 0  0 0  0 1  0
    28  -.1383126288401140E-06   2   0 1  0 0  0 0  0 1  0
    29  0.4945777981705744E-06   2   0 0  1 0  0 0  0 1  0
    30  0.1184578541418785E-06   2   0 0  0 1  0 0  0 1  0
    31  -.5594260076253784E-11   2   0 0  0 0  0 2  0 0  0
    32  -.2760873171518578E-11   2   0 0  0 0  0 1  1 0  0
    33  -.5570967617887077E-11   2   0 0  0 0  0 0  2 0  0
    34  0.9918515734707136E-11   2   0 0  0 0  0 1  0 1  0
    35  0.9885392166127974E-11   2   0 0  0 0  0 0  1 1  0
    36  -.1157472204199308E-04   3   3 0  0 0  0 0  0 0  0
    37  -.4248845073709739E-05   3   2 1  0 0  0 0  0 0  0
    38  -.3016637518353751E-05   3   1 2  0 0  0 0  0 0  0
    39  -.3261714801633531E-06   3   0 3  0 0  0 0  0 0  0
    40  0.2654649752815000E-03   3   2 0  1 0  0 0  0 0  0
    41  0.7039995104205087E-04   3   1 1  1 0  0 0  0 0  0
    42  -.2920117744576078E-05   3   0 2  1 0  0 0  0 0  0
    43  0.3509426073502354E-04   3   1 0  2 0  0 0  0 0  0
    44  -.1287545386242324E-04   3   0 1  2 0  0 0  0 0  0
    45  0.4259303759416713E-03   3   0 0  3 0  0 0  0 0  0
    46  -.2399778023181019E-04   3   2 0  0 1  0 0  0 0  0
    47  0.5506888471204862E-05   3   1 1  0 1  0 0  0 0  0
    48  0.1300003445491645       3   0 2  0 1  0 0  0 0  0
    49  -.8558459068656236E-05   3   1 0  1 1  0 0  0 0  0
    50  -.3702020755504884E-05   3   0 1  1 1  0 0  0 0  0
    51  0.3184411441167431E-04   3   0 0  2 1  0 0  0 0  0
    52  -.3259474119308008E-05   3   1 0  0 2  0 0  0 0  0
    53  -.7404784081826232E-06   3   0 1  0 2  0 0  0 0  0
    54  0.1590959042572471E-05   3   0 0  1 2  0 0  0 0  0
    55  0.1300002685742677       3   0 0  0 3  0 0  0 0  0
    56  -.5213202090642983E-05   3   2 0  0 0  0 1  0 0  0
    57  -.1292557774051265E-05   3   1 1  0 0  0 1  0 0  0
    58  -.1267393833649731E-06   3   0 2  0 0  0 1  0 0  0
    59  -.3622009896268747E-01   3   1 0  1 0  0 1  0 0  0
    60  -.4485941664176330E-02   3   0 1  1 0  0 1  0 0  0
    61  0.5238245653946850E-05   3   0 0  2 0  0 1  0 0  0
    62  -.4485952779853566E-02   3   1 0  0 1  0 1  0 0  0
    63  -.8749084064810090E-03   3   0 1  0 1  0 1  0 0  0
    64  0.1276783714434990E-05   3   0 0  1 1  0 1  0 0  0
    65  0.1181169608341325E-06   3   0 0  0 2  0 1  0 0  0
    66  -.5195792242068037E-05   3   2 0  0 0  0 0  1 0  0
    67  -.1288241188058761E-05   3   1 1  0 0  0 0  1 0  0
    68  -.1263161284376092E-06   3   0 2  0 0  0 0  1 0  0
    69  -.3609913943966393E-01   3   1 0  1 0  0 0  1 0  0
    70  -.4470960552043800E-02   3   0 1  1 0  0 0  1 0  0
    71  0.5220752170661931E-05   3   0 0  2 0  0 0  1 0  0
    72  -.4470971630599461E-02   3   1 0  0 1  0 0  1 0  0
    73  -.8719865894084702E-03   3   0 1  0 1  0 0  1 0  0
    74  0.1272519807004370E-05   3   0 0  1 1  0 0  1 0  0
    75  0.1177225010824759E-06   3   0 0  0 2  0 0  1 0  0
    76  0.1040772497928185E-04   3   2 0  0 0  0 0  0 1  0
    77  0.1288377586882207E-05   3   1 1  0 0  0 0  0 1  0
    78  0.8425931131816354E-07   3   0 2  0 0  0 0  0 1  0
    79  0.7231925472479796E-01   3   1 0  1 0  0 0  0 1  0
    80  0.4478451920616496E-02   3   0 1  1 0  0 0  0 1  0
    81  -.1046388825503124E-04   3   0 0  2 0  0 0  0 1  0
    82  0.4478460629646355E-02   3   1 0  0 1  0 0  0 1  0
    83  0.5822972410297047E-03   3   0 1  0 1  0 0  0 1  0
    84  -.1290213157803537E-05   3   0 0  1 1  0 0  0 1  0
    85  -.8351716199496775E-07   3   0 0  0 2  0 0  0 1  0
    86  -.6837702723135220E-06   3   1 0  0 0  0 2  0 0  0
    87  -.1244052079107035E-06   3   0 1  0 0  0 2  0 0  0
    88  0.1856747825571746E-06   3   0 0  1 0  0 2  0 0  0
    89  0.9760907971694285E-01   3   0 0  0 1  0 2  0 0  0
    90  -.4568572409812076E-06   3   1 0  0 0  0 1  1 0  0
    91  -.1228412672720566E-06   3   0 1  0 0  0 1  1 0  0
    92  0.1240586664289178E-06   3   0 0  1 0  0 1  1 0  0
    93  0.6521697519202700E-01   3   0 0  0 1  0 1  1 0  0
    94  -.6807239211763325E-06   3   1 0  0 0  0 0  2 0  0
    95  -.1237846297404055E-06   3   0 1  0 0  0 0  2 0  0
    96  0.1848475575972526E-06   3   0 0  1 0  0 0  2 0  0
    97  0.9717420915384141E-01   3   0 0  0 1  0 0  2 0  0
    98  0.9121989136293478E-06   3   1 0  0 0  0 1  0 1  0
    99  0.1385441698029304E-06   3   0 1  0 0  0 1  0 1  0
   100  -.2477031918225243E-06   3   0 0  1 0  0 1  0 1  0
   101  -.1186560894437633E-06   3   0 0  0 1  0 1  0 1  0
   102  0.9091525623311665E-06   3   1 0  0 0  0 0  1 1  0
   103  0.1380814919755499E-06   3   0 1  0 0  0 0  1 1  0
   104  -.2468759698989932E-06   3   0 0  1 0  0 0  1 1  0
   105  -.1182598292349630E-06   3   0 0  0 1  0 0  1 1  0
   106  -.4070110784380289E-10   3   0 0  0 0  0 3  0 0  0
   107  -.5124741008759700E-10   3   0 0  0 0  0 2  1 0  0
   108  -.5119389905524833E-10   3   0 0  0 0  0 1  2 0  0
   109  -.4041193602627036E-10   3   0 0  0 0  0 0  3 0  0
   110  0.3468172536356475E-10   3   0 0  0 0  0 2  0 1  0
   111  0.4437877802051536E-10   3   0 0  0 0  0 1  1 1  0
   112  0.3449180034775686E-10   3   0 0  0 0  0 0  2 1  0
   113  -.3319877594529922E-06   4   4 0  0 0  0 0  0 0  0
   114  0.3982918716176563E-04   4   3 1  0 0  0 0  0 0  0
   115  0.1816530915657613E-04   4   2 2  0 0  0 0  0 0  0
   116  0.4055125931226363E-05   4   1 3  0 0  0 0  0 0  0
   117  0.8499223882814102E-05   4   0 4  0 0  0 0  0 0  0
   118  -.2768579652782823E-02   4   3 0  1 0  0 0  0 0  0
   119  0.1377571175415709       4   2 1  1 0  0 0  0 0  0
   120  0.9017084296944811E-01   4   1 2  1 0  0 0  0 0  0
   121  0.9160786140841738E-02   4   0 3  1 0  0 0  0 0  0
   122  0.4455924792300382E-05   4   2 0  2 0  0 0  0 0  0
   123  0.4110752700886465E-04   4   1 1  2 0  0 0  0 0  0
   124  -.7756708050510347E-05   4   0 2  2 0  0 0  0 0  0
   125  -.9306794762112020E-03   4   1 0  3 0  0 0  0 0  0
   126  0.1389915495788021       4   0 1  3 0  0 0  0 0  0
   127  0.8903679947051800E-06   4   0 0  4 0  0 0  0 0  0
   128  0.1386858684513861       4   3 0  0 1  0 0  0 0  0
   129  0.1786915198703353E-01   4   2 1  0 1  0 0  0 0  0
   130  0.1673566464923631E-01   4   1 2  0 1  0 0  0 0  0
   131  0.2036987029375822E-02   4   0 3  0 1  0 0  0 0  0
   132  -.3916220038834738E-04   4   2 0  1 1  0 0  0 0  0
   133  0.1073222265773669E-04   4   1 1  1 1  0 0  0 0  0
   134  -.5415286727185417E-06   4   0 2  1 1  0 0  0 0  0
   135  0.1386795275534773       4   1 0  2 1  0 0  0 0  0
   136  0.5419084126259791E-01   4   0 1  2 1  0 0  0 0  0
   137  -.3962449244867712E-04   4   0 0  3 1  0 0  0 0  0
   138  0.1303202035977673E-04   4   2 0  0 2  0 0  0 0  0
   139  0.2539053047773890E-05   4   1 1  0 2  0 0  0 0  0
   140  0.4914544496392196E-04   4   0 2  0 2  0 0  0 0  0
   141  0.1264931957389498       4   1 0  1 2  0 0  0 0  0
   142  0.2349484560123831E-01   4   0 1  1 2  0 0  0 0  0
   143  -.2332169407166680E-04   4   0 0  2 2  0 0  0 0  0
   144  0.1141386851627079E-01   4   1 0  0 3  0 0  0 0  0
   145  0.2622886841564357E-02   4   0 1  0 3  0 0  0 0  0
   146  -.4677484627402588E-05   4   0 0  1 3  0 0  0 0  0
   147  0.4047609991298596E-04   4   0 0  0 4  0 0  0 0  0
   148  -.5801487488897444E-05   4   3 0  0 0  0 1  0 0  0
   149  -.7384584215328794E-06   4   2 1  0 0  0 1  0 0  0
   150  -.9793493387545191E-06   4   1 2  0 0  0 1  0 0  0
   151  -.1573446018802397E-06   4   0 3  0 0  0 1  0 0  0
   152  -.2864387681884632E-03   4   2 0  1 0  0 1  0 0  0
   153  -.2715360029703942E-04   4   1 1  1 0  0 1  0 0  0
   154  0.2064728274757857E-04   4   0 2  1 0  0 1  0 0  0
   155  -.2917517490443188E-04   4   1 0  2 0  0 1  0 0  0
   156  -.2284612388017436E-05   4   0 1  2 0  0 1  0 0  0
   157  -.3664899052371557E-03   4   0 0  3 0  0 1  0 0  0
   158  0.4470114948677071E-04   4   2 0  0 1  0 1  0 0  0
   159  0.9476382912857276E-05   4   1 1  0 1  0 1  0 0  0
   160  -.1953224916208633       4   0 2  0 1  0 1  0 0  0
   161  -.2882259979533593E-04   4   1 0  1 1  0 1  0 0  0
   162  -.5581656165524921E-05   4   0 1  1 1  0 1  0 0  0
   163  -.2407943444014276E-04   4   0 0  2 1  0 1  0 0  0
   164  -.4649380920479549E-05   4   1 0  0 2  0 1  0 0  0
   165  -.1163501732859021E-05   4   0 1  0 2  0 1  0 0  0
   166  0.1000378093252904E-04   4   0 0  1 2  0 1  0 0  0
   167  -.1953248841805742       4   0 0  0 3  0 1  0 0  0
   168  -.5782113020588872E-05   4   3 0  0 0  0 0  1 0  0
   169  -.7359922886122215E-06   4   2 1  0 0  0 0  1 0  0
   170  -.9760787339720460E-06   4   1 2  0 0  0 0  1 0  0
   171  -.1568191387109119E-06   4   0 3  0 0  0 0  1 0  0
   172  -.2854821861313487E-03   4   2 0  1 0  0 0  1 0  0
   173  -.2706291897260105E-04   4   1 1  1 0  0 0  1 0  0
   174  0.2057832972043446E-04   4   0 2  1 0  0 0  1 0  0
   175  -.2907774239205210E-04   4   1 0  2 0  0 0  1 0  0
   176  -.2276982767098014E-05   4   0 1  2 0  0 0  1 0  0
   177  -.3652659868768828E-03   4   0 0  3 0  0 0  1 0  0
   178  0.4455186690939148E-04   4   2 0  0 1  0 0  1 0  0
   179  0.9444735877478259E-05   4   1 1  0 1  0 0  1 0  0
   180  -.1946701986647715       4   0 2  0 1  0 0  1 0  0
   181  -.2872634473189336E-04   4   1 0  1 1  0 0  1 0  0
   182  -.5563015839109555E-05   4   0 1  1 1  0 0  1 0  0
   183  -.2399901950514307E-04   4   0 0  2 1  0 0  1 0  0
   184  -.4633853991658146E-05   4   1 0  0 2  0 0  1 0  0
   185  -.1159616138433083E-05   4   0 1  0 2  0 0  1 0  0
   186  0.9970372615122000E-05   4   0 0  1 2  0 0  1 0  0
   187  -.1946725832343644       4   0 0  0 3  0 0  1 0  0
   188  -.2335959092510219E-07   4   3 0  0 0  0 0  0 1  0
   189  -.6042489983032296E-08   4   2 1  0 0  0 0  0 1  0
   190  0.1856305585751659E-06   4   1 2  0 0  0 0  0 1  0
   191  0.2421276409189382E-07   4   0 3  0 0  0 0  0 1  0
   192  0.6115955069112158E-03   4   2 0  1 0  0 0  0 1  0
   193  0.8465160112375850E-04   4   1 1  1 0  0 0  0 1  0
   194  -.1362563752937012E-04   4   0 2  1 0  0 0  0 1  0
   195  0.4664634261057357E-04   4   1 0  2 0  0 0  0 1  0
   196  0.8658469073068685E-08   4   0 1  2 0  0 0  0 1  0
   197  0.7717863277664796E-03   4   0 0  3 0  0 0  0 1  0
   198  -.5954446915641476E-04   4   2 0  0 1  0 0  0 1  0
   199  -.1805813729795225E-05   4   1 1  0 1  0 0  0 1  0
   200  -.1468344240950775E-05   4   0 2  0 1  0 0  0 1  0
   201  0.1817897570077233E-04   4   1 0  1 1  0 0  0 1  0
   202  0.2402597769001268E-05   4   0 1  1 1  0 0  0 1  0
   203  0.4593074206749110E-04   4   0 0  2 1  0 0  0 1  0
   204  0.2138453673128607E-05   4   1 0  0 2  0 0  0 1  0
   205  0.3854193496547509E-06   4   0 1  0 2  0 0  0 1  0
   206  -.5635863391355266E-05   4   0 0  1 2  0 0  0 1  0
   207  -.5635252457886712E-06   4   0 0  0 3  0 0  0 1  0
   208  0.3908334165671397E-05   4   2 0  0 0  0 2  0 0  0
   209  0.1293697235358426E-05   4   1 1  0 0  0 2  0 0  0
   210  0.2061933708360017E-04   4   0 2  0 0  0 2  0 0  0
   211  0.2715001311091698E-01   4   1 0  1 0  0 2  0 0  0
   212  0.4485963273472569E-02   4   0 1  1 0  0 2  0 0  0
   213  -.3906837215734056E-05   4   0 0  2 0  0 2  0 0  0
   214  0.4485963429587376E-02   4   1 0  0 1  0 2  0 0  0
   215  0.9533324346173265E-03   4   0 1  0 1  0 2  0 0  0
   216  -.1280661904497768E-05   4   0 0  1 1  0 2  0 0  0
   217  0.6123408513225558E-04   4   0 0  0 2  0 2  0 0  0
   218  0.2608818270349234E-05   4   2 0  0 0  0 1  1 0  0
   219  0.1292607494568157E-05   4   1 1  0 0  0 1  1 0  0
   220  0.2472077008557298E-04   4   0 2  0 0  0 1  1 0  0
   221  0.1814012235800535E-01   4   1 0  1 0  0 1  1 0  0
   222  0.4485929335272063E-02   4   0 1  1 0  0 1  1 0  0
   223  -.2610822317555783E-05   4   0 0  2 0  0 1  1 0  0
   224  0.4485926233840015E-02   4   1 0  0 1  0 1  1 0  0
   225  0.1142972190045571E-02   4   0 1  0 1  0 1  1 0  0
   226  -.1285564849902576E-05   4   0 0  1 1  0 1  1 0  0
   227  0.7341323694806226E-04   4   0 0  0 2  0 1  1 0  0
   228  0.3890925849256628E-05   4   2 0  0 0  0 0  2 0  0
   229  0.1287218468102054E-05   4   1 1  0 0  0 0  2 0  0
   230  0.2050919902291624E-04   4   0 2  0 0  0 0  2 0  0
   231  0.2702905367028941E-01   4   1 0  1 0  0 0  2 0  0
   232  0.4463491553694423E-02   4   0 1  1 0  0 0  2 0  0
   233  -.3889430552159971E-05   4   0 0  2 0  0 0  2 0  0
   234  0.4463491714466598E-02   4   1 0  0 1  0 0  2 0  0
   235  0.9482401977847640E-03   4   0 1  0 1  0 0  2 0  0
   236  -.1274238429302328E-05   4   0 0  1 1  0 0  2 0  0
   237  0.6090700538550663E-04   4   0 0  0 2  0 0  2 0  0
   238  -.5214426082220744E-05   4   2 0  0 0  0 1  0 1  0
   239  -.1293549211291723E-05   4   1 1  0 0  0 1  0 1  0
   240  -.1263065990469341E-06   4   0 2  0 0  0 1  0 1  0
   241  -.3622007920868787E-01   4   1 0  1 0  0 1  0 1  0
   242  -.4485950417205005E-02   4   0 1  1 0  0 1  0 1  0
   243  0.5212775260046845E-05   4   0 0  2 0  0 1  0 1  0
   244  -.4485947987311167E-02   4   1 0  0 1  0 1  0 1  0
   245  -.8749072879017040E-03   4   0 1  0 1  0 1  0 1  0
   246  0.1291045253864438E-05   4   0 0  1 1  0 1  0 1  0
   247  0.1257957475406206E-06   4   0 0  0 2  0 1  0 1  0
   248  -.5197012146041368E-05   4   2 0  0 0  0 0  1 1  0
   249  -.1289229314326042E-05   4   1 1  0 0  0 0  1 1  0
   250  -.1258847894326535E-06   4   0 2  0 0  0 0  1 1  0
   251  -.3609911975163419E-01   4   1 0  1 0  0 0  1 1  0
   252  -.4470969275841129E-02   4   0 1  1 0  0 0  1 1  0
   253  0.5195366836902168E-05   4   0 0  2 0  0 0  1 1  0
   254  -.4470966854062090E-02   4   1 0  0 1  0 0  1 1  0
   255  -.8719854745647110E-03   4   0 1  0 1  0 0  1 1  0
   256  0.1286733719037579E-05   4   0 0  1 1  0 0  1 1  0
   257  0.1253756439502025E-06   4   0 0  0 2  0 0  1 1  0
   258  -.5792590803312229E-14   4   2 0  0 0  0 0  0 2  0
   259  -.1099135342793018E-14   4   1 1  0 0  0 0  0 2  0
   260  -.1076476283241669E-15   4   0 2  0 0  0 0  0 2  0
   261  -.1581649476954884E-13   4   1 0  1 0  0 0  0 2  0
   262  -.1702440654113530E-14   4   0 1  1 0  0 0  0 2  0
   263  0.1429342107414025E-13   4   0 0  2 0  0 0  0 2  0
   264  -.1425240812573423E-14   4   1 0  0 1  0 0  0 2  0
   265  -.1165699300691082E-15   4   0 1  0 1  0 0  0 2  0
   266  0.3355940029291302E-14   4   0 0  1 1  0 0  0 2  0
   267  0.2137666610934363E-15   4   0 0  0 2  0 0  0 2  0
   268  -.2581958018696106E-06   4   1 0  0 0  0 3  0 0  0
   269  -.6192811416969406E-07   4   0 1  0 0  0 3  0 0  0
   270  0.8885014643335290E-06   4   0 0  1 0  0 3  0 0  0
   271  -.8133146786334888E-01   4   0 0  0 1  0 3  0 0  0
   272  -.3050470434314621E-06   4   1 0  0 0  0 2  1 0  0
   273  -.8140986335379515E-07   4   0 1  0 0  0 2  1 0  0
   274  0.1049727488012119E-05   4   0 0  1 0  0 2  1 0  0
   275  -.4883165752851182E-01   4   0 0  0 1  0 2  1 0  0
   276  -.3048080296151968E-06   4   1 0  0 0  0 1  2 0  0
   277  -.8131123638162144E-07   4   0 1  0 0  0 1  2 0  0
   278  0.1048904986072680E-05   4   0 0  1 0  0 1  2 0  0
   279  -.4899309997082969E-01   4   0 0  0 1  0 1  2 0  0
   280  -.2563947508116745E-06   4   1 0  0 0  0 0  3 0  0
   281  -.6148241253947900E-07   4   0 1  0 0  0 0  3 0  0
   282  0.8823036978015280E-06   4   0 0  1 0  0 0  3 0  0
   283  -.8084278524930116E-01   4   0 0  0 1  0 0  3 0  0
   284  0.2347304958046716E-06   4   1 0  0 0  0 2  0 1  0
   285  0.4274444905242555E-07   4   0 1  0 0  0 2  0 1  0
   286  -.8077527018349590E-06   4   0 0  1 0  0 2  0 1  0
   287  -.1470919119370261E-06   4   0 0  0 1  0 2  0 1  0
   288  0.2814232590474147E-06   4   1 0  0 0  0 1  1 1  0
   289  0.6095834228093050E-07   4   0 1  0 0  0 1  1 1  0
   290  -.9684338655927211E-06   4   0 0  1 0  0 1  1 1  0
   291  -.2097693093305857E-06   4   0 0  0 1  0 1  1 1  0
   292  0.2334766808869035E-06   4   1 0  0 0  0 0  2 1  0
   293  0.4249991374542786E-07   4   0 1  0 0  0 0  2 1  0
   294  -.8034380800179360E-06   4   0 0  1 0  0 0  2 1  0
   295  -.1462504188518404E-06   4   0 0  0 1  0 0  2 1  0
   296  0.5961641071156425E-05   4   0 0  0 0  0 4  0 0  0
   297  0.3407928088742362E-05   4   0 0  0 0  0 3  1 0  0
   298  0.3069901331913083E-05   4   0 0  0 0  0 2  2 0  0
   299  0.3425961573461803E-05   4   0 0  0 0  0 1  3 0  0
   300  0.5916192875400425E-05   4   0 0  0 0  0 0  4 0  0
   301  -.4021252311532120E-11   4   0 0  0 0  0 3  0 1  0
   302  0.2516817585498296E-10   4   0 0  0 0  0 2  1 1  0
   303  0.2502202295865721E-10   4   0 0  0 0  0 1  2 1  0
   304  -.4042993595788661E-11   4   0 0  0 0  0 0  3 1  0
   -------------------------------------------------------
     I  COEFFICIENT            ORDER EXPONENTS
     1  0.2707406305033915E-07   0   0 0  0 0  0 0  0 0  0
     2  -.1718061582696212E-04   1   1 0  0 0  0 0  0 0  0
     3  -.2621481593706890E-05   1   0 1  0 0  0 0  0 0  0
     4  0.1471221441020965E-04   1   0 0  1 0  0 0  0 0  0
     5   1.000003330595254       1   0 0  0 1  0 0  0 0  0
     6  0.1384668011695388E-07   1   0 0  0 0  0 1  0 0  0
     7  0.1380043817200564E-07   1   0 0  0 0  0 0  1 0  0
     8  -.5730556591034801E-09   1   0 0  0 0  0 0  0 1  0
     9  0.8002558799278861E-04   2   2 0  0 0  0 0  0 0  0
    10  0.2074145739167779E-04   2   1 1  0 0  0 0  0 0  0
    11  0.2044044258710079E-05   2   0 2  0 0  0 0  0 0  0
    12  0.5563213215376746       2   1 0  1 0  0 0  0 0  0
    13  0.7232411818920594E-01   2   0 1  1 0  0 0  0 0  0
    14  -.8081350943013105E-04   2   0 0  2 0  0 0  0 0  0
    15  0.7232414014545993E-01   2   1 0  0 1  0 0  0 0  0
    16  0.1432580809737629E-01   2   0 1  0 1  0 0  0 0  0
    17  -.2096990270414455E-04   2   0 0  1 1  0 0  0 0  0
    18  -.2085513565036140E-05   2   0 0  0 2  0 0  0 0  0
    19  0.1039827699547856E-10   2   1 0  0 0  0 1  0 0  0
    20  0.1325013779142380E-05   2   0 1  0 0  0 1  0 0  0
    21  -.9547958538477750E-11   2   0 0  1 0  0 1  0 0  0
    22  -.1668084058855746E-05   2   0 0  0 1  0 1  0 0  0
    23  0.1036355127207219E-10   2   1 0  0 0  0 0  1 0  0
    24  0.1320588804078492E-05   2   0 1  0 0  0 0  1 0  0
    25  -.9516072601251701E-11   2   0 0  1 0  0 0  1 0  0
    26  -.1662513376974003E-05   2   0 0  0 1  0 0  1 0  0
    27  -.1718063713603571E-04   2   1 0  0 0  0 0  0 1  0
    28  -.2645603938080708E-05   2   0 1  0 0  0 0  0 1  0
    29  0.1471223517418912E-04   2   0 0  1 0  0 0  0 1  0
    30  0.3330598196950393E-05   2   0 0  0 1  0 0  0 1  0
    31  -.3444338388070094E-08   2   0 0  0 0  0 2  0 0  0
    32  0.6888678488817440E-08   2   0 0  0 0  0 1  1 0  0
    33  -.3444338391943636E-08   2   0 0  0 0  0 0  2 0  0
    34  -.5796550653391155E-15   2   0 0  0 0  0 1  0 1  0
    35  -.5777192392724974E-15   2   0 0  0 0  0 0  1 1  0
    36  0.9606237000088102E-06   3   3 0  0 0  0 0  0 0  0
    37  0.3551894789950220E-04   3   2 1  0 0  0 0  0 0  0
    38  0.4900391534238634E-05   3   1 2  0 0  0 0  0 0  0
    39  -.1077541778593473E-05   3   0 3  0 0  0 0  0 0  0
    40  0.8231739505661834E-02   3   2 0  1 0  0 0  0 0  0
    41  0.3749495497305239E-02   3   1 1  1 0  0 0  0 0  0
    42  0.1700641998927169E-03   3   0 2  1 0  0 0  0 0  0
    43  0.9040165368851335E-06   3   1 0  2 0  0 0  0 0  0
    44  -.3488391686227792E-04   3   0 1  2 0  0 0  0 0  0
    45  0.8234951544654676E-02   3   0 0  3 0  0 0  0 0  0
    46  -.8640873062510514E-03   3   2 0  0 1  0 0  0 0  0
    47  0.1924028039106090E-03   3   1 1  0 1  0 0  0 0  0
    48  0.2700641127558403E-04   3   0 2  0 1  0 0  0 0  0
    49  -.6968395719504740E-04   3   1 0  1 1  0 0  0 0  0
    50  0.7616794120620688E-05   3   0 1  1 1  0 0  0 0  0
    51  0.2406589043298991E-02   3   0 0  2 1  0 0  0 0  0
    52  -.4774799905583554E-05   3   1 0  0 2  0 0  0 0  0
    53  0.6082315970664559E-06   3   0 1  0 2  0 0  0 0  0
    54  0.2378350904126816E-03   3   0 0  1 2  0 0  0 0  0
    55  0.1464691373823969E-04   3   0 0  0 3  0 0  0 0  0
    56  0.4467379527327000E-07   3   2 0  0 0  0 1  0 0  0
    57  -.1035025290409563E-04   3   1 1  0 0  0 1  0 0  0
    58  -.2055742991828423E-05   3   0 2  0 0  0 1  0 0  0
    59  -.4051865029951326E-06   3   1 0  1 0  0 1  0 0  0
    60  -.3622254562294102E-01   3   0 1  1 0  0 1  0 0  0
    61  0.3635765507275412E-06   3   0 0  2 0  0 1  0 0  0
    62  -.3622258141666757E-01   3   1 0  0 1  0 1  0 0  0
    63  -.1434976692040031E-01   3   0 1  0 1  0 1  0 0  0
    64  0.1058711692598462E-04   3   0 0  1 1  0 1  0 0  0
    65  0.2087766619502425E-05   3   0 0  0 2  0 1  0 0  0
    66  0.4452460404735227E-07   3   2 0  0 0  0 0  1 0  0
    67  -.1031568751939746E-04   3   1 1  0 0  0 0  1 0  0
    68  -.2048877696070891E-05   3   0 2  0 0  0 0  1 0  0
    69  -.4038333546896256E-06   3   1 0  1 0  0 0  1 0  0
    70  -.3610157792912663E-01   3   0 1  1 0  0 0  1 0  0
    71  0.3623623617159428E-06   3   0 0  2 0  0 0  1 0  0
    72  -.3610161360331755E-01   3   1 0  0 1  0 0  1 0  0
    73  -.1430184488230911E-01   3   0 1  0 1  0 0  1 0  0
    74  0.1055176051751983E-04   3   0 0  1 1  0 0  1 0  0
    75  0.2080794378627716E-05   3   0 0  0 2  0 0  1 0  0
    76  0.7993982550480440E-04   3   2 0  0 0  0 0  0 1  0
    77  0.2066241586332087E-04   3   1 1  0 0  0 0  0 1  0
    78  0.2055668107111080E-05   3   0 2  0 0  0 0  0 1  0
    79  0.5563221408996667       3   1 0  1 0  0 0  0 1  0
    80  0.7232414692441665E-01   3   0 1  1 0  0 0  0 1  0
    81  -.8152936661745987E-04   3   0 0  2 0  0 0  0 1  0
    82  0.7232419912454847E-01   3   1 0  0 1  0 0  0 1  0
    83  0.1432581336485937E-01   3   0 1  0 1  0 0  0 1  0
    84  -.2112559343973744E-04   3   0 0  1 1  0 0  0 1  0
    85  -.2081935570603839E-05   3   0 0  0 2  0 0  0 1  0
    86  0.1873386350408536E-10   3   1 0  0 0  0 2  0 0  0
    87  -.9932066149643743E-06   3   0 1  0 0  0 2  0 0  0
    88  -.1766090002299070E-10   3   0 0  1 0  0 2  0 0  0
    89  0.1250364329853873E-05   3   0 0  0 1  0 2  0 0  0
    90  0.2260252152025723E-10   3   1 0  0 0  0 1  1 0  0
    91  -.6636038506713783E-06   3   0 1  0 0  0 1  1 0  0
    92  -.2231775200446598E-10   3   0 0  1 0  0 1  1 0  0
    93  0.8354211052342666E-06   3   0 0  0 1  0 1  1 0  0
    94  0.1863359440535034E-10   3   1 0  0 0  0 0  2 0  0
    95  -.9887816573591435E-06   3   0 1  0 0  0 0  2 0  0
    96  -.1756463611676509E-10   3   0 0  1 0  0 0  2 0  0
    97  0.1244793678574104E-05   3   0 0  0 1  0 0  2 0  0
    98  -.2871394830177691E-10   3   1 0  0 0  0 1  0 1  0
    99  0.1325009911875952E-05   3   0 1  0 0  0 1  0 1  0
   100  0.2364939183846576E-10   3   0 0  1 0  0 1  0 1  0
   101  -.1668077304730340E-05   3   0 0  0 1  0 1  0 1  0
   102  -.2861805604410793E-10   3   1 0  0 0  0 0  1 1  0
   103  0.1320584949727064E-05   3   0 1  0 0  0 0  1 1  0
   104  0.2357041292803441E-10   3   0 0  1 0  0 0  1 1  0
   105  -.1662506645319829E-05   3   0 0  0 1  0 0  1 1  0
   106  0.1269530799178471E-08   3   0 0  0 0  0 3  0 0  0
   107  -.2142582738266234E-08   3   0 0  0 0  0 2  1 0  0
   108  -.2125511398986586E-08   3   0 0  0 0  0 1  2 0  0
   109  0.1266736999108502E-08   3   0 0  0 0  0 0  3 0  0
   110  0.4774293446454625E-09   3   0 0  0 0  0 2  0 1  0
   111  0.4338239552103962E-09   3   0 0  0 0  0 1  1 1  0
   112  0.4751105423815405E-09   3   0 0  0 0  0 0  2 1  0
   113  -.6658735436831998E-05   4   4 0  0 0  0 0  0 0  0
   114  -.4712035148106694E-05   4   3 1  0 0  0 0  0 0  0
   115  -.2129108818926790E-04   4   2 2  0 0  0 0  0 0  0
   116  0.5069260574799820E-05   4   1 3  0 0  0 0  0 0  0
   117  0.1539756467825739E-05   4   0 4  0 0  0 0  0 0  0
   118  -.2869262639308533E-01   4   3 0  1 0  0 0  0 0  0
   119  -.1516244623041661E-01   4   2 1  1 0  0 0  0 0  0
   120  0.1362666890771517       4   1 2  1 0  0 0  0 0  0
   121  0.5406328923039014E-01   4   0 3  1 0  0 0  0 0  0
   122  -.2193597587834926E-05   4   2 0  2 0  0 0  0 0  0
   123  -.2028691389544061E-05   4   1 1  2 0  0 0  0 0  0
   124  -.6011556362094217E-04   4   0 2  2 0  0 0  0 0  0
   125  -.8836946614033789E-02   4   1 0  3 0  0 0  0 0  0
   126  -.1060459358570751E-02   4   0 1  3 0  0 0  0 0  0
   127  -.1254673640421905E-05   4   0 0  4 0  0 0  0 0  0
   128  -.4625062229016879E-02   4   3 0  0 1  0 0  0 0  0
   129  -.1416966432326331       4   2 1  0 1  0 0  0 0  0
   130  0.1758010058921578E-01   4   1 2  0 1  0 0  0 0  0
   131  0.1429783415098963E-01   4   0 3  0 1  0 0  0 0  0
   132  -.1708740671083642E-05   4   2 0  1 1  0 0  0 0  0
   133  -.8097275532192654E-04   4   1 1  1 1  0 0  0 0  0
   134  -.3647977091422655E-04   4   0 2  1 1  0 0  0 0  0
   135  -.4459153540790336E-02   4   1 0  2 1  0 0  0 0  0
   136  -.4178300156333473       4   0 1  2 1  0 0  0 0  0
   137  -.3136214244048348E-05   4   0 0  3 1  0 0  0 0  0
   138  0.2011262287842547E-04   4   2 0  0 2  0 0  0 0  0
   139  0.5199372961070873E-05   4   1 1  0 2  0 0  0 0  0
   140  -.3100340149383188E-05   4   0 2  0 2  0 0  0 0  0
   141  -.1398658584188514       4   1 0  1 2  0 0  0 0  0
   142  -.9050714851802007E-01   4   0 1  1 2  0 0  0 0  0
   143  0.5953050980598547E-04   4   0 0  2 2  0 0  0 0  0
   144  0.1803435569499288E-01   4   1 0  0 3  0 0  0 0  0
   145  -.5441551059139157E-05   4   0 1  0 3  0 0  0 0  0
   146  0.5178795776404696E-05   4   0 0  1 3  0 0  0 0  0
   147  -.5191884650656757E-06   4   0 0  0 4  0 0  0 0  0
   148  0.1939923536242336E-06   4   3 0  0 0  0 1  0 0  0
   149  -.5758355393325904E-05   4   2 1  0 0  0 1  0 0  0
   150  -.9844056038535153E-05   4   1 2  0 0  0 1  0 0  0
   151  -.2401663778445837E-05   4   0 3  0 0  0 1  0 0  0
   152  -.4126654902358821E-02   4   2 0  1 0  0 1  0 0  0
   153  -.3557275250105435E-02   4   1 1  1 0  0 1  0 0  0
   154  -.1694126702116254E-03   4   0 2  1 0  0 1  0 0  0
   155  0.1880152546641600E-06   4   1 0  2 0  0 1  0 0  0
   156  0.5253104960223762E-04   4   0 1  2 0  0 1  0 0  0
   157  -.4124619966835096E-02   4   0 0  3 0  0 1  0 0  0
   158  0.8846043087484530E-03   4   2 0  0 1  0 1  0 0  0
   159  -.2432561184641777E-03   4   1 1  0 1  0 1  0 0  0
   160  -.2458856511918866E-04   4   0 2  0 1  0 1  0 0  0
   161  0.5844119666425638E-04   4   1 0  1 1  0 1  0 0  0
   162  0.3186508970728135E-04   4   0 1  1 1  0 1  0 0  0
   163  -.2591361738566775E-02   4   0 0  2 1  0 1  0 0  0
   164  0.7763646033374767E-06   4   1 0  0 2  0 1  0 0  0
   165  0.1804822524824175E-05   4   0 1  0 2  0 1  0 0  0
   166  -.4124734385392074E-03   4   0 0  1 2  0 1  0 0  0
   167  -.3077711813954117E-04   4   0 0  0 3  0 1  0 0  0
   168  0.1933445027558735E-06   4   3 0  0 0  0 0  1 0  0
   169  -.5739124967630589E-05   4   2 1  0 0  0 0  1 0  0
   170  -.9811181133243824E-05   4   1 2  0 0  0 0  1 0  0
   171  -.2393643256320872E-05   4   0 3  0 0  0 0  1 0  0
   172  -.4112873653191383E-02   4   2 0  1 0  0 0  1 0  0
   173  -.3545395483626179E-02   4   1 1  1 0  0 0  1 0  0
   174  -.1688469048940727E-03   4   0 2  1 0  0 0  1 0  0
   175  0.1873873647308453E-06   4   1 0  2 0  0 0  1 0  0
   176  0.5235561853258824E-04   4   0 1  2 0  0 0  1 0  0
   177  -.4110845513475170E-02   4   0 0  3 0  0 0  1 0  0
   178  0.8816501115395583E-03   4   2 0  0 1  0 0  1 0  0
   179  -.2424437478494170E-03   4   1 1  0 1  0 0  1 0  0
   180  -.2450644990724722E-04   4   0 2  0 1  0 0  1 0  0
   181  0.5824602825014642E-04   4   1 0  1 1  0 0  1 0  0
   182  0.3175867403856454E-04   4   0 1  1 1  0 0  1 0  0
   183  -.2582707706997154E-02   4   0 0  2 1  0 0  1 0  0
   184  0.7737718801036342E-06   4   1 0  0 2  0 0  1 0  0
   185  0.1798795195302695E-05   4   0 1  0 2  0 0  1 0  0
   186  -.4110959549924874E-03   4   0 0  1 2  0 0  1 0  0
   187  -.3067433582749500E-04   4   0 0  0 3  0 0  1 0  0
   188  -.6857431173084560E-09   4   3 0  0 0  0 0  0 1  0
   189  0.2335637364196868E-04   4   2 1  0 0  0 0  0 1  0
   190  0.9093421971955532E-05   4   1 2  0 0  0 0  0 1  0
   191  0.1199757011342889E-05   4   0 3  0 0  0 0  0 1  0
   192  0.1647032121089985E-01   4   2 0  1 0  0 0  0 1  0
   193  0.7181161058076120E-02   4   1 1  1 0  0 0  0 1  0
   194  0.2601194236653883E-03   4   0 2  1 0  0 0  0 1  0
   195  -.1480476366273792E-08   4   1 0  2 0  0 0  0 1  0
   196  -.6991713181305742E-04   4   0 1  2 0  0 0  0 1  0
   197  0.1647031996056919E-01   4   0 0  3 0  0 0  0 1  0
   198  -.1807063650384694E-02   4   2 0  0 1  0 0  0 1  0
   199  0.3166655063982910E-03   4   1 1  0 1  0 0  0 1  0
   200  0.3175571972003268E-04   4   0 2  0 1  0 0  0 1  0
   201  -.9327522344247443E-04   4   1 0  1 1  0 0  0 1  0
   202  -.2424006745361252E-04   4   0 1  1 1  0 0  0 1  0
   203  0.5053732907078758E-02   4   0 0  2 1  0 0  0 1  0
   204  -.3040590189715008E-05   4   1 0  0 2  0 0  0 1  0
   205  -.1201343877429564E-05   4   0 1  0 2  0 0  0 1  0
   206  0.5351396990210936E-03   4   0 0  1 2  0 0  0 1  0
   207  0.3175641376105671E-04   4   0 0  0 3  0 0  0 1  0
   208  -.5161001031149197E-07   4   2 0  0 0  0 2  0 0  0
   209  0.7828760894073409E-05   4   1 1  0 0  0 2  0 0  0
   210  0.2063890479617848E-05   4   0 2  0 0  0 2  0 0  0
   211  -.6331054672513856E-06   4   1 0  1 0  0 2  0 0  0
   212  0.2715177537413052E-01   4   0 1  1 0  0 2  0 0  0
   213  0.1325868791415030E-06   4   0 0  2 0  0 2  0 0  0
   214  0.2715181173382213E-01   4   1 0  0 1  0 2  0 0  0
   215  0.1434978706512169E-01   4   0 1  0 1  0 2  0 0  0
   216  -.7781224156435310E-05   4   0 0  1 1  0 2  0 0  0
   217  -.2066448201008559E-05   4   0 0  0 2  0 2  0 0  0
   218  -.5844228459407172E-07   4   2 0  0 0  0 1  1 0  0
   219  0.5236947176087539E-05   4   1 1  0 0  0 1  1 0  0
   220  0.2065104043289174E-05   4   0 2  0 0  0 1  1 0  0
   221  -.7487290743578149E-06   4   1 0  1 0  0 1  1 0  0
   222  0.1814126392334697E-01   4   0 1  1 0  0 1  1 0  0
   223  0.1690059325648373E-06   4   0 0  2 0  0 1  1 0  0
   224  0.1814130363131981E-01   4   1 0  0 1  0 1  1 0  0
   225  0.1434966415937191E-01   4   0 1  0 1  0 1  1 0  0
   226  -.5162729878230402E-05   4   0 0  1 1  0 1  1 0  0
   227  -.2061847882916691E-05   4   0 0  0 2  0 1  1 0  0
   228  -.5134006909251455E-07   4   2 0  0 0  0 0  2 0  0
   229  0.7793871632755201E-05   4   1 1  0 0  0 0  2 0  0
   230  0.2053549695944027E-05   4   0 2  0 0  0 0  2 0  0
   231  -.6297409514178875E-06   4   1 0  1 0  0 0  2 0  0
   232  0.2703080814213528E-01   4   0 1  1 0  0 0  2 0  0
   233  0.1318618926037325E-06   4   0 0  2 0  0 0  2 0  0
   234  0.2703084431409746E-01   4   1 0  0 1  0 0  2 0  0
   235  0.1427790411229815E-01   4   0 1  0 1  0 0  2 0  0
   236  -.7746617574234072E-05   4   0 0  1 1  0 0  2 0  0
   237  -.2056104312733637E-05   4   0 0  0 2  0 0  2 0  0
   238  0.8254250783865754E-07   4   2 0  0 0  0 1  0 1  0
   239  -.1044188916264689E-04   4   1 1  0 0  0 1  0 1  0
   240  -.2068782838471807E-05   4   0 2  0 0  0 1  0 1  0
   241  0.1012639180468206E-05   4   1 0  1 0  0 1  0 1  0
   242  -.3622243993622427E-01   4   0 1  1 0  0 1  0 1  0
   243  -.2120434609317530E-06   4   0 0  2 0  0 1  0 1  0
   244  -.3622248246189039E-01   4   1 0  0 1  0 1  0 1  0
   245  -.1434974816058237E-01   4   0 1  0 1  0 1  0 1  0
   246  0.1038766504822639E-04   4   0 0  1 1  0 1  0 1  0
   247  0.2061718224761527E-05   4   0 0  0 2  0 1  0 1  0
   248  0.8226685143065095E-07   4   2 0  0 0  0 0  1 1  0
   249  -.1040701775233191E-04   4   1 1  0 0  0 0  1 1  0
   250  -.2061873995245461E-05   4   0 2  0 0  0 0  1 1  0
   251  0.1009257401916125E-05   4   1 0  1 0  0 0  1 1  0
   252  -.3610147259535801E-01   4   0 1  1 0  0 0  1 1  0
   253  -.2113353271433468E-06   4   0 0  2 0  0 0  1 1  0
   254  -.3610151497900670E-01   4   1 0  0 1  0 0  1 1  0
   255  -.1430182618514087E-01   4   0 1  0 1  0 0  1 1  0
   256  0.1035297472308799E-04   4   0 0  1 1  0 0  1 1  0
   257  0.2054832974300764E-05   4   0 0  0 2  0 0  1 1  0
   258  -.2413062941945988E-13   4   2 0  0 0  0 0  0 2  0
   259  -.8614893018660126E-14   4   1 1  0 0  0 0  0 2  0
   260  -.8273614006280523E-15   4   0 2  0 0  0 0  0 2  0
   261  0.2670968559550987E-13   4   1 0  1 0  0 0  0 2  0
   262  0.1939362661135604E-14   4   0 1  1 0  0 0  0 2  0
   263  -.1873096422825274E-13   4   0 0  2 0  0 0  0 2  0
   264  0.5005380990145652E-14   4   1 0  0 1  0 0  0 2  0
   265  0.6877971119500410E-15   4   0 1  0 1  0 0  0 2  0
   266  -.7210942340633514E-14   4   0 0  1 1  0 0  0 2  0
   267  -.6883167351139304E-15   4   0 0  0 2  0 0  0 2  0
   268  -.1893470870222533E-05   4   1 0  0 0  0 3  0 0  0
   269  -.8259221351783016E-06   4   0 1  0 0  0 3  0 0  0
   270  0.6515786830687342E-05   4   0 0  1 0  0 3  0 0  0
   271  0.2842158226818258E-05   4   0 0  0 1  0 3  0 0  0
   272  -.1136837907654571E-05   4   1 0  0 0  0 2  1 0  0
   273  -.9757895625082095E-06   4   0 1  0 0  0 2  1 0  0
   274  0.3912092892807852E-05   4   0 0  1 0  0 2  1 0  0
   275  0.3357885180607737E-05   4   0 0  0 1  0 2  1 0  0
   276  -.1140596473711425E-05   4   1 0  0 0  0 1  2 0  0
   277  -.9750250066461538E-06   4   0 1  0 0  0 1  2 0  0
   278  0.3925026713373025E-05   4   0 0  1 0  0 1  2 0  0
   279  0.3355254175494814E-05   4   0 0  0 1  0 1  2 0  0
   280  -.1882093905342052E-05   4   1 0  0 0  0 0  3 0  0
   281  -.8201608975288601E-06   4   0 1  0 0  0 0  3 0  0
   282  0.6476636534543662E-05   4   0 0  1 0  0 0  3 0  0
   283  0.2822332684030833E-05   4   0 0  0 1  0 0  3 0  0
   284  0.2272421225981410E-05   4   1 0  0 0  0 2  0 1  0
   285  0.7508607577755442E-06   4   0 1  0 0  0 2  0 1  0
   286  -.7819823890491621E-05   4   0 0  1 0  0 2  0 1  0
   287  -.2583857334089565E-05   4   0 0  0 1  0 2  0 1  0
   288  0.1518284004547683E-05   4   1 0  0 0  0 1  1 1  0
   289  0.9002212892103396E-06   4   0 1  0 0  0 1  1 1  0
   290  -.5224746257245178E-05   4   0 0  1 0  0 1  1 1  0
   291  -.3097841488564912E-05   4   0 0  0 1  0 1  1 1  0
   292  0.2262297111126525E-05   4   1 0  0 0  0 0  2 1  0
   293  0.7468500307991952E-06   4   0 1  0 0  0 0  2 1  0
   294  -.7784984847758489E-05   4   0 0  1 0  0 0  2 1  0
   295  -.2570055636152935E-05   4   0 0  0 1  0 0  2 1  0
   296  -.1038140306013112E-08   4   0 0  0 0  0 4  0 0  0
   297  0.4851250086216340E-09   4   0 0  0 0  0 3  1 0  0
   298  0.7229543890497901E-10   4   0 0  0 0  0 2  2 0  0
   299  0.4763500332852809E-09   4   0 0  0 0  0 1  3 0  0
   300  -.1032019376780406E-08   4   0 0  0 0  0 0  4 0  0
   301  -.4309479079936512E-10   4   0 0  0 0  0 3  0 1  0
   302  0.3898584375433470E-09   4   0 0  0 0  0 2  1 1  0
   303  0.3876903427220833E-09   4   0 0  0 0  0 1  2 1  0
   304  -.4352772037804148E-10   4   0 0  0 0  0 0  3 1  0
   -------------------------------------------------------
     I  COEFFICIENT            ORDER EXPONENTS
     1  0.5109184019557322E-08   0   0 0  0 0  0 0  0 0  0
     2  -.4028818770380898E-08   1   1 0  0 0  0 0  0 0  0
     3  -.1052340716027283E-08   1   0 1  0 0  0 0  0 0  0
     4  -.1384667949807931E-07   1   0 0  1 0  0 0  0 0  0
     5  -.3590219247021537E-08   1   0 0  0 1  0 0  0 0  0
     6   1.000000000000000       1   0 0  0 0  1 0  0 0  0
     7  0.6478274423596188E-01   1   0 0  0 0  0 1  0 0  0
     8  -.6478274423596349E-01   1   0 0  0 0  0 0  1 0  0
     9  0.1414264507025688E-09   2   2 0  0 0  0 0  0 0  0
    10  0.2477197523756076E-06   2   1 1  0 0  0 0  0 0  0
    11  -.6510865564656726E-01   2   0 2  0 0  0 0  0 0  0
    12  -.9978560975734579E-09   2   1 0  1 0  0 0  0 0  0
    13  0.9121367961116353E-06   2   0 1  1 0  0 0  0 0  0
    14  -.1502769333528159E-09   2   0 0  2 0  0 0  0 0  0
    15  0.9121378820481226E-06   2   1 0  0 1  0 0  0 0  0
    16  0.1385359685668864E-06   2   0 1  0 1  0 0  0 0  0
    17  -.2477210848397115E-06   2   0 0  1 1  0 0  0 0  0
    18  -.6510877430492243E-01   2   0 0  0 2  0 0  0 0  0
    19  0.2004310609769686E-08   2   1 0  0 0  0 1  0 0  0
    20  0.1040357385342328E-08   2   0 1  0 0  0 1  0 0  0
    21  0.6888677244968065E-08   2   0 0  1 0  0 1  0 0  0
    22  0.3582948371066324E-08   2   0 0  0 1  0 1  0 0  0
    23  -.2004337711673575E-08   2   1 0  0 0  0 0  1 0  0
    24  -.3414721875202346E-11   2   0 1  0 0  0 0  1 0  0
    25  -.6888678020535149E-08   2   0 0  1 0  0 0  1 0  0
    26  0.3241055400117940E-11   2   0 0  0 1  0 0  1 0  0
    27  0.2724298296074208E-13   2   1 0  0 0  0 0  0 1  0
    28  -.4840781589992060E-11   2   0 1  0 0  0 0  0 1  0
    29  0.6517399220771195E-15   2   0 0  1 0  0 0  0 1  0
    30  0.9917431157389258E-11   2   0 0  0 1  0 0  0 1  0
    31  -.4866832379193106E-01   2   0 0  0 0  0 2  0 0  0
    32  0.3255390334789787E-01   2   0 0  0 0  0 1  1 0  0
    33  0.1611442044402885E-01   2   0 0  0 0  0 0  2 0  0
    34  -.2755235195288625E-14   2   0 0  0 0  0 1  0 1  0
    35  -.5312709219937478E-15   2   0 0  0 0  0 0  1 1  0
    36  -.6384303331953953E-07   3   3 0  0 0  0 0  0 0  0
    37  0.1811002789493621E-01   3   2 1  0 0  0 0  0 0  0
    38  0.2242970315013751E-02   3   1 2  0 0  0 0  0 0  0
    39  0.1458167267387243E-03   3   0 3  0 0  0 0  0 0  0
    40  0.1517234131998990E-06   3   2 0  1 0  0 0  0 0  0
    41  -.1040050695166442E-04   3   1 1  1 0  0 0  0 0  0
    42  -.6546600602456652E-06   3   0 2  1 0  0 0  0 0  0
    43  -.6384318200310083E-07   3   1 0  2 0  0 0  0 0  0
    44  -.1811003545476855E-01   3   0 1  2 0  0 0  0 0  0
    45  0.1517457755900188E-06   3   0 0  3 0  0 0  0 0  0
    46  -.5205440477466700E-05   3   2 0  0 1  0 0  0 0  0
    47  -.1289890219851038E-05   3   1 1  0 1  0 0  0 0  0
    48  -.1299281570556075E-06   3   0 2  0 1  0 0  0 0  0
    49  -.3622011750945216E-01   3   1 0  1 1  0 0  0 0  0
    50  -.4485946334108990E-02   3   0 1  1 1  0 0  0 0  0
    51  0.5259821866274078E-05   3   0 0  2 1  0 0  0 0  0
    52  -.2242977172897781E-02   3   1 0  0 2  0 0  0 0  0
    53  -.4374544289828900E-03   3   0 1  0 2  0 0  0 0  0
    54  0.6404641369932914E-06   3   0 0  1 2  0 0  0 0  0
    55  0.3817363317221225E-07   3   0 0  0 3  0 0  0 0  0
    56  -.1481725194412870E-09   3   2 0  0 0  0 1  0 0  0
    57  -.3713748478920752E-06   3   1 1  0 0  0 1  0 0  0
    58  0.9760880531955424E-01   3   0 2  0 0  0 1  0 0  0
    59  0.1011456459277061E-08   3   1 0  1 0  0 1  0 0  0
    60  -.1367449227955953E-05   3   0 1  1 0  0 1  0 0  0
    61  0.1469649020873428E-09   3   0 0  2 0  0 1  0 0  0
    62  -.1367447613498990E-05   3   1 0  0 1  0 1  0 0  0
    63  -.2535031167099188E-06   3   0 1  0 1  0 1  0 0  0
    64  0.3713748963573138E-06   3   0 0  1 1  0 1  0 0  0
    65  0.9760907971925363E-01   3   0 0  0 2  0 1  0 0  0
    66  -.4308814572646549E-11   3   2 0  0 0  0 0  1 0  0
    67  -.1240664786980869E-06   3   1 1  0 0  0 0  1 0  0
    68  0.3260834670994156E-01   3   0 2  0 0  0 0  1 0  0
    69  0.9726791815296344E-11   3   1 0  1 0  0 0  1 0  0
    70  -.4568272465646126E-06   3   0 1  1 0  0 0  1 0  0
    71  0.1831912170695363E-11   3   0 0  2 0  0 0  1 0  0
    72  -.4568258861601810E-06   3   1 0  0 1  0 0  1 0  0
    73  -.1244061750421358E-06   3   0 1  0 1  0 0  1 0  0
    74  0.1240662737950228E-06   3   0 0  1 1  0 0  1 0  0
    75  0.3260848759714243E-01   3   0 0  0 2  0 0  1 0  0
    76  0.1446054814530679E-09   3   2 0  0 0  0 0  0 1  0
    77  0.2477201192922985E-06   3   1 1  0 0  0 0  0 1  0
    78  0.5932914539336388E-07   3   0 2  0 0  0 0  0 1  0
    79  -.1008257540730439E-08   3   1 0  1 0  0 0  0 1  0
    80  0.9121380173558190E-06   3   0 1  1 0  0 0  0 1  0
    81  -.1475260410128146E-09   3   0 0  2 0  0 0  0 1  0
    82  0.9121371201256676E-06   3   1 0  0 1  0 0  0 1  0
    83  0.1385360713384778E-06   3   0 1  0 1  0 0  0 1  0
    84  -.2477204499315361E-06   3   0 0  1 1  0 0  0 1  0
    85  -.5932920316003489E-07   3   0 0  0 2  0 0  0 1  0
    86  -.1688014477374338E-08   3   1 0  0 0  0 2  0 0  0
    87  -.1131940242195223E-08   3   0 1  0 0  0 2  0 0  0
    88  -.5828092616539884E-08   3   0 0  1 0  0 2  0 0  0
    89  -.3716230283731757E-08   3   0 0  0 1  0 2  0 0  0
    90  0.7981332936335687E-09   3   1 0  0 0  0 1  1 0  0
    91  -.1037251144550421E-09   3   0 1  0 0  0 1  1 0  0
    92  0.3113813147669230E-08   3   0 0  1 0  0 1  1 0  0
    93  -.1025153589970806E-09   3   0 0  0 1  0 1  1 0  0
    94  0.3942583129600972E-09   3   1 0  0 0  0 0  2 0  0
    95  -.5348659948691144E-10   3   0 1  0 0  0 0  2 0  0
    96  0.1539408257408782E-08   3   0 0  1 0  0 0  2 0  0
    97  -.5718537049279134E-10   3   0 0  0 1  0 0  2 0  0
    98  0.7764077228856844E-10   3   1 0  0 0  0 1  0 1  0
    99  0.3930086535627250E-10   3   0 1  0 0  0 1  0 1  0
   100  0.4791125489319999E-09   3   0 0  1 0  0 1  0 1  0
   101  0.6936508613910568E-10   3   0 0  0 1  0 1  0 1  0
   102  0.8246165237720864E-10   3   1 0  0 0  0 0  1 1  0
   103  0.2796526961978990E-10   3   0 1  0 0  0 0  1 1  0
   104  0.1959570534070646E-09   3   0 0  1 0  0 0  1 1  0
   105  0.4437932881387400E-10   3   0 0  0 1  0 0  1 1  0
   106  0.4057058122954656E-01   3   0 0  0 0  0 3  0 0  0
   107  -.2437513999974345E-01   3   0 0  0 0  0 2  1 0  0
   108  -.8178772133094874E-02   3   0 0  0 0  0 1  2 0  0
   109  -.8016692522982266E-02   3   0 0  0 0  0 0  3 0  0
   110  0.4009645285762483E-14   3   0 0  0 0  0 2  0 1  0
   111  0.3227616010369540E-14   3   0 0  0 0  0 1  1 1  0
   112  0.1773623328878210E-14   3   0 0  0 0  0 0  2 1  0
   113  -.1487569731401315E-02   4   4 0  0 0  0 0  0 0  0
   114  -.6840826173788333E-03   4   3 1  0 0  0 0  0 0  0
   115  -.9484225705467031E-04   4   2 2  0 0  0 0  0 0  0
   116  -.7573862085962754E-05   4   1 3  0 0  0 0  0 0  0
   117  -.4883189251141395E-01   4   0 4  0 0  0 0  0 0  0
   118  0.1155900702914827E-06   4   3 0  1 0  0 0  0 0  0
   119  0.5921606871472216E-05   4   2 1  1 0  0 0  0 0  0
   120  -.6804094120844725E-05   4   1 2  1 0  0 0  0 0  0
   121  -.5521195093984635E-06   4   0 3  1 0  0 0  0 0  0
   122  -.2975139349465598E-02   4   2 0  2 0  0 0  0 0  0
   123  -.6038540430286286E-03   4   1 1  2 0  0 0  0 0  0
   124  0.3301430590531598E-04   4   0 2  2 0  0 0  0 0  0
   125  0.3788697873997888E-07   4   1 0  3 0  0 0  0 0  0
   126  -.1750324480419805E-04   4   0 1  3 0  0 0  0 0  0
   127  -.1487836340907307E-02   4   0 0  4 0  0 0  0 0  0
   128  -.5803522319197348E-05   4   3 0  0 1  0 0  0 0  0
   129  0.2290693305433032E-05   4   2 1  0 1  0 0  0 0  0
   130  -.1919356670284921E-06   4   1 2  0 1  0 0  0 0  0
   131  -.7465449114403565E-07   4   0 3  0 1  0 0  0 0  0
   132  -.5235911951138572E-03   4   2 0  1 1  0 0  0 0  0
   133  -.1305387504841965E-03   4   1 1  1 1  0 0  0 0  0
   134  0.6504615600938940E-05   4   0 2  1 1  0 0  0 0  0
   135  -.2917698749445360E-04   4   1 0  2 1  0 0  0 0  0
   136  -.5314845108700981E-05   4   0 1  2 1  0 0  0 0  0
   137  -.6039989896481687E-03   4   0 0  3 1  0 0  0 0  0
   138  0.1723051592284727E-05   4   2 0  0 2  0 0  0 0  0
   139  0.1465836822585329E-05   4   1 1  0 2  0 0  0 0  0
   140  -.9766185958547210E-01   4   0 2  0 2  0 0  0 0  0
   141  -.1440956859508619E-04   4   1 0  1 2  0 0  0 0  0
   142  -.3184554219548175E-05   4   0 1  1 2  0 0  0 0  0
   143  -.5315640746041659E-04   4   0 0  2 2  0 0  0 0  0
   144  -.1549663701731130E-05   4   1 0  0 3  0 0  0 0  0
   145  -.4122463576961180E-06   4   0 1  0 3  0 0  0 0  0
   146  0.1848768391067890E-05   4   0 0  1 3  0 0  0 0  0
   147  -.4883112588210053E-01   4   0 0  0 4  0 0  0 0  0
   148  -.1734470148144876E-06   4   3 0  0 0  0 1  0 0  0
   149  -.2715005594601760E-01   4   2 1  0 0  0 1  0 0  0
   150  -.4485957007694749E-02   4   1 2  0 0  0 1  0 0  0
   151  -.5053370278148010E-03   4   0 3  0 0  0 1  0 0  0
   152  0.5045447545009355E-07   4   2 0  1 0  0 1  0 0  0
   153  0.1565410703606357E-04   4   1 1  1 0  0 1  0 0  0
   154  0.1303944265373145E-05   4   0 2  1 0  0 1  0 0  0
   155  -.1734470117794624E-06   4   1 0  2 0  0 1  0 0  0
   156  0.2715004093346399E-01   4   0 1  2 0  0 1  0 0  0
   157  0.5044448442305315E-07   4   0 0  3 0  0 1  0 0  0
   158  0.7818623222293568E-05   4   2 0  0 1  0 1  0 0  0
   159  0.2585730119388413E-05   4   1 1  0 1  0 1  0 0  0
   160  0.4124554059330663E-04   4   0 2  0 1  0 1  0 0  0
   161  0.5430001729892180E-01   4   1 0  1 1  0 1  0 0  0
   162  0.8971921212497881E-02   4   0 1  1 1  0 1  0 0  0
   163  -.7810448163687549E-05   4   0 0  2 1  0 1  0 0  0
   164  0.4485965196398460E-02   4   1 0  0 2  0 1  0 0  0
   165  0.9533325544341028E-03   4   0 1  0 2  0 1  0 0  0
   166  -.1280367254833093E-05   4   0 0  1 2  0 1  0 0  0
   167  0.4082511998731960E-04   4   0 0  0 3  0 1  0 0  0
   168  -.1228275046584951E-06   4   3 0  0 0  0 0  1 0  0
   169  -.9070097819543429E-02   4   2 1  0 0  0 0  1 0  0
   170  -.2242962110126714E-02   4   1 2  0 0  0 0  1 0  0
   171  -.3029303788477861E-03   4   0 3  0 0  0 0  1 0  0
   172  0.3085952172884800E-07   4   2 0  1 0  0 0  1 0  0
   173  0.5232846841565207E-05   4   1 1  1 0  0 0  1 0  0
   174  0.6496299505245837E-06   4   0 2  1 0  0 0  1 0  0
   175  -.1228276497294072E-06   4   1 0  2 0  0 0  1 0  0
   176  0.9070080471222495E-02   4   0 1  2 0  0 0  1 0  0
   177  0.3087179573594240E-07   4   0 0  3 0  0 0  1 0  0
   178  0.2611191156583698E-05   4   2 0  0 1  0 0  1 0  0
   179  0.1292502438355846E-05   4   1 1  0 1  0 0  1 0  0
   180  0.2472427801702112E-04   4   0 2  0 1  0 0  1 0  0
   181  0.1814010751665884E-01   4   1 0  1 1  0 0  1 0  0
   182  0.4485923699022131E-02   4   0 1  1 1  0 0  1 0  0
   183  -.2608031435035658E-05   4   0 0  2 1  0 0  1 0  0
   184  0.2242963538131393E-02   4   1 0  0 2  0 0  1 0  0
   185  0.5714859668714069E-03   4   0 1  0 2  0 0  1 0  0
   186  -.6428659607237621E-06   4   0 0  1 2  0 0  1 0  0
   187  0.2447223839466239E-04   4   0 0  0 3  0 0  1 0  0
   188  0.1113129599118888E-06   4   3 0  0 0  0 0  0 1  0
   189  0.1811005613906295E-01   4   2 1  0 0  0 0  0 1  0
   190  0.2242973214337850E-02   4   1 2  0 0  0 0  0 1  0
   191  0.1458177235607145E-03   4   0 3  0 0  0 0  0 1  0
   192  -.3239150139953544E-07   4   2 0  1 0  0 0  0 1  0
   193  -.1043954885302721E-04   4   1 1  1 0  0 0  0 1  0
   194  -.6465837090468260E-06   4   0 2  1 0  0 0  0 1  0
   195  0.1113129603633901E-06   4   1 0  2 0  0 0  0 1  0
   196  -.1811005812797798E-01   4   0 1  2 0  0 0  0 1  0
   197  -.3239380231906299E-07   4   0 0  3 0  0 0  0 1  0
   198  -.5214862121768697E-05   4   2 0  0 1  0 0  0 1  0
   199  -.1292852606635421E-05   4   1 1  0 1  0 0  0 1  0
   200  -.1261815799197534E-06   4   0 2  0 1  0 0  0 1  0
   201  -.3622007920910423E-01   4   1 0  1 1  0 0  0 1  0
   202  -.4485948041516112E-02   4   0 1  1 1  0 0  0 1  0
   203  0.5213211391807138E-05   4   0 0  2 1  0 0  0 1  0
   204  -.2242975363579414E-02   4   1 0  0 2  0 0  0 1  0
   205  -.4374536919612219E-03   4   0 1  0 2  0 0  0 1  0
   206  0.6455767899169730E-06   4   0 0  1 2  0 0  0 1  0
   207  0.4193544004640603E-07   4   0 0  0 3  0 0  0 1  0
   208  -.9772887283664440E-05   4   2 0  0 0  0 2  0 0  0
   209  -.2665471387302623E-05   4   1 1  0 0  0 2  0 0  0
   210  -.1219977915769254       4   0 2  0 0  0 2  0 0  0
   211  -.5681023527234871E-05   4   1 0  1 0  0 2  0 0  0
   212  -.7747030796151724E-06   4   0 1  1 0  0 2  0 0  0
   213  0.9772885241114745E-05   4   0 0  2 0  0 2  0 0  0
   214  -.7747043058068368E-06   4   1 0  0 1  0 2  0 0  0
   215  -.1799214388278562E-06   4   0 1  0 1  0 2  0 0  0
   216  0.2665471269567489E-05   4   0 0  1 1  0 2  0 0  0
   217  -.1219972017989443       4   0 0  0 2  0 2  0 0  0
   218  -.3911857391764943E-05   4   2 0  0 0  0 1  1 0  0
   219  -.2099440364684060E-05   4   1 1  0 0  0 1  1 0  0
   220  -.4883229241750375E-01   4   0 2  0 0  0 1  1 0  0
   221  -.2273534585120126E-05   4   1 0  1 0  0 1  1 0  0
   222  -.6101412229656344E-06   4   0 1  1 0  0 1  1 0  0
   223  0.3911853502426177E-05   4   0 0  2 0  0 1  1 0  0
   224  -.6101410318660511E-06   4   1 0  0 1  0 1  1 0  0
   225  -.1604779350148327E-06   4   0 1  0 1  0 1  1 0  0
   226  0.2099439995721006E-05   4   0 0  1 1  0 1  1 0  0
   227  -.4883165753145946E-01   4   0 0  0 2  0 1  1 0  0
   228  -.1962393376654348E-05   4   2 0  0 0  0 0  2 0  0
   229  -.1048897489978014E-05   4   1 1  0 0  0 0  2 0  0
   230  -.2449686682102317E-01   4   0 2  0 0  0 0  2 0  0
   231  -.1140528539440186E-05   4   1 0  1 0  0 0  2 0  0
   232  -.3048318414902517E-06   4   0 1  1 0  0 0  2 0  0
   233  0.1962393844555851E-05   4   0 0  2 0  0 0  2 0  0
   234  -.3048317484324828E-06   4   1 0  0 1  0 0  2 0  0
   235  -.8013573725997995E-07   4   0 1  0 1  0 0  2 0  0
   236  0.1048897499369553E-05   4   0 0  1 1  0 0  2 0  0
   237  -.2449654998711909E-01   4   0 0  0 2  0 0  2 0  0
   238  0.7819160445428591E-05   4   2 0  0 0  0 1  0 1  0
   239  0.1615478911902309E-05   4   1 1  0 0  0 1  0 1  0
   240  0.1470896428112065E-06   4   0 2  0 0  0 1  0 1  0
   241  0.4545530016339844E-05   4   1 0  1 0  0 1  0 1  0
   242  0.4695536073494201E-06   4   0 1  1 0  0 1  0 1  0
   243  -.7819158815647095E-05   4   0 0  2 0  0 1  0 1  0
   244  0.4695544398133540E-06   4   1 0  0 1  0 1  0 1  0
   245  0.8550514786273826E-07   4   0 1  0 1  0 1  0 1  0
   246  -.1615478852272786E-05   4   0 0  1 1  0 1  0 1  0
   247  -.1470896712111407E-06   4   0 0  0 2  0 1  0 1  0
   248  0.2612212076218384E-05   4   2 0  0 0  0 0  1 1  0
   249  0.9684239816210985E-06   4   1 1  0 0  0 0  1 1  0
   250  0.1048834409088091E-06   4   0 2  0 0  0 0  1 1  0
   251  0.1518197107887407E-05   4   1 0  1 0  0 0  1 1  0
   252  0.2814550069813491E-06   4   0 1  1 0  0 0  1 1  0
   253  -.2612213673626158E-05   4   0 0  2 0  0 0  1 1  0
   254  0.2814547389823366E-06   4   1 0  0 1  0 0  1 1  0
   255  0.6096641744975660E-07   4   0 1  0 1  0 0  1 1  0
   256  -.9684242255825003E-06   4   0 0  1 1  0 0  1 1  0
   257  -.1048835238629037E-06   4   0 0  0 2  0 0  1 1  0
   258  0.1090143532668763E-08   4   1 0  0 0  0 3  0 0  0
   259  -.8197147753319377E-04   4   0 1  0 0  0 3  0 0  0
   260  0.4477161845226407E-08   4   0 0  1 0  0 3  0 0  0
   261  0.2385016038563722E-04   4   0 0  0 1  0 3  0 0  0
   262  -.1166557430740121E-08   4   1 0  0 0  0 2  1 0  0
   263  -.3514468233593658E-04   4   0 1  0 0  0 2  1 0  0
   264  -.3014903309131632E-08   4   0 0  1 0  0 2  1 0  0
   265  0.1022378511035135E-04   4   0 0  0 1  0 2  1 0  0
   266  -.5605870620702758E-09   4   1 0  0 0  0 1  2 0  0
   267  -.2110590488980921E-04   4   0 1  0 0  0 1  2 0  0
   268  -.1119080620343264E-08   4   0 0  1 0  0 1  2 0  0
   269  0.6139803198989075E-05   4   0 0  0 1  0 1  2 0  0
   270  -.3847903589264917E-09   4   1 0  0 0  0 0  3 0  0
   271  -.1177688137482065E-04   4   0 1  0 0  0 0  3 0  0
   272  -.9922930913207039E-09   4   0 0  1 0  0 0  3 0  0
   273  0.3425967835668662E-05   4   0 0  0 1  0 0  3 0  0
   274  0.1319684258759232E-09   4   1 0  0 0  0 2  0 1  0
   275  0.1234563204801773E-10   4   0 1  0 0  0 2  0 1  0
   276  -.1304586107171427E-09   4   0 0  1 0  0 2  0 1  0
   277  -.1206283795028034E-10   4   0 0  0 1  0 2  0 1  0
   278  0.2528967791873631E-09   4   1 0  0 0  0 1  1 1  0
   279  0.5828124553712128E-10   4   0 1  0 0  0 1  1 1  0
   280  0.3039992938727929E-09   4   0 0  1 0  0 1  1 1  0
   281  0.5033928611983715E-10   4   0 0  0 1  0 1  1 1  0
   282  0.1260252539891481E-09   4   1 0  0 0  0 0  2 1  0
   283  0.2901357346913897E-10   4   0 1  0 0  0 0  2 1  0
   284  0.1510250551428794E-09   4   0 0  1 0  0 0  2 1  0
   285  0.2502455296738533E-10   4   0 0  0 1  0 0  2 1  0
   286  -.3550437898908474E-01   4   0 0  0 0  0 4  0 0  0
   287  0.2030571364320730E-01   4   0 0  0 0  0 3  1 0  0
   288  0.6104104424592732E-02   4   0 0  0 0  0 2  2 0  0
   289  0.4109357450725988E-02   4   0 0  0 0  0 1  3 0  0
   290  0.4985174187730416E-02   4   0 0  0 0  0 0  4 0  0
   291  -.1378365485595533E-14   4   0 0  0 0  0 3  0 1  0
   292  0.4627765545250036E-14   4   0 0  0 0  0 2  1 1  0
   293  0.5674067773285946E-14   4   0 0  0 0  0 1  2 1  0
   294  0.1363230517004985E-14   4   0 0  0 0  0 0  3 1  0
   -------------------------------------------------------
     I  COEFFICIENT            ORDER EXPONENTS
     1   1.000000000000000       1   0 0  0 0  0 1  0 0  0
     -----------------------------------------------------
     I  COEFFICIENT            ORDER EXPONENTS
     1   1.000000000000000       1   0 0  0 0  0 0  1 0  0
     -----------------------------------------------------
     I  COEFFICIENT            ORDER EXPONENTS
     1   1.000000000000000       1   0 0  0 0  0 0  0 1  0
     -----------------------------------------------------
