     I  COEFFICIENT            ORDER EXPONENTS
     1   1.000000000000000       1   1 0  0 0  0 0  0 0  0
     2  0.2990230000000000       1   0 1  0 0  0 0  0 0  0
     3  -.1497615695544658       2   0 1  0 0  0 1  0 0  0
     4  -.1492614304455342       2   0 1  0 0  0 0  1 0  0
     5  0.1495115000000000       3   0 3  0 0  0 0  0 0  0
     6  0.1495115000000000       3   0 1  0 2  0 0  0 0  0
     7  0.1122589734727450       3   0 1  0 0  0 2  0 0  0
     8  0.7500519216344166E-01   3   0 1  0 0  0 1  1 0  0
     9  0.1117588343638133       3   0 1  0 0  0 0  2 0  0
    10  -.2246423543316987       4   0 3  0 0  0 1  0 0  0
    11  -.2246423543316987       4   0 1  0 2  0 1  0 0  0
    12  -.2238921456683013       4   0 3  0 0  0 0  1 0  0
    13  -.2238921456683013       4   0 1  0 2  0 0  1 0  0
    14  -.9353862086791406E-01   4   0 1  0 0  0 3  0 0  0
    15  -.5616105781449273E-01   4   0 1  0 0  0 2  1 0  0
    16  -.5634673043066978E-01   4   0 1  0 0  0 1  2 0  0
    17  -.9297659088692339E-01   4   0 1  0 0  0 0  3 0  0
    ------------------------------------------------------
     I  COEFFICIENT            ORDER EXPONENTS
     1   1.000000000000000       1   0 1  0 0  0 0  0 0  0
     -----------------------------------------------------
     I  COEFFICIENT            ORDER EXPONENTS
     1   1.000000000000000       1   0 0  1 0  0 0  0 0  0
     2  0.2990230000000000       1   0 0  0 1  0 0  0 0  0
     3  -.1497615695544658       2   0 0  0 1  0 1  0 0  0
     4  -.1492614304455342       2   0 0  0 1  0 0  1 0  0
     5  0.1495115000000000       3   0 2  0 1  0 0  0 0  0
     6  0.1495115000000000       3   0 0  0 3  0 0  0 0  0
     7  0.1122589734727450       3   0 0  0 1  0 2  0 0  0
     8  0.7500519216344166E-01   3   0 0  0 1  0 1  1 0  0
     9  0.1117588343638133       3   0 0  0 1  0 0  2 0  0
    10  -.2246423543316987       4   0 2  0 1  0 1  0 0  0
    11  -.2246423543316987       4   0 0  0 3  0 1  0 0  0
    12  -.2238921456683013       4   0 2  0 1  0 0  1 0  0
    13  -.2238921456683013       4   0 0  0 3  0 0  1 0  0
    14  -.9353862086791406E-01   4   0 0  0 1  0 3  0 0  0
    15  -.5616105781449273E-01   4   0 0  0 1  0 2  1 0  0
    16  -.5634673043066978E-01   4   0 0  0 1  0 1  2 0  0
    17  -.9297659088692339E-01   4   0 0  0 1  0 0  3 0  0
    ------------------------------------------------------
     I  COEFFICIENT            ORDER EXPONENTS
     1   1.000000000000000       1   0 0  0 1  0 0  0 0  0
     -----------------------------------------------------
     I  COEFFICIENT            ORDER EXPONENTS
     1   1.000000000000000       1   0 0  0 0  1 0  0 0  0
     2  0.7450588957587555E-01   1   0 0  0 0  0 1  0 0  0
     3  -.7450588957587553E-01   1   0 0  0 0  0 0  1 0  0
     4  -.7488078477723292E-01   2   0 2  0 0  0 0  0 0  0
     5  -.7488078477723292E-01   2   0 0  0 2  0 0  0 0  0
     6  -.5597287983165929E-01   2   0 0  0 0  0 2  0 0  0
     7  0.3743987008744304E-01   2   0 0  0 0  0 1  1 0  0
     8  0.1853300974421624E-01   2   0 0  0 0  0 0  2 0  0
     9  0.1122589734727450       3   0 2  0 0  0 1  0 0  0
    10  0.1122589734727450       3   0 0  0 2  0 1  0 0  0
    11  0.3750259608172086E-01   3   0 2  0 0  0 0  1 0  0
    12  0.3750259608172086E-01   3   0 0  0 2  0 0  1 0  0
    13  0.4665977390427051E-01   3   0 0  0 0  0 3  0 0  0
    14  -.2803356204949295E-01   3   0 0  0 0  0 2  1 0  0
    15  -.9406308037950062E-02   3   0 0  0 0  0 1  2 0  0
    16  -.9219903816827486E-02   3   0 0  0 0  0 0  3 0  0
    17  -.5616058858292469E-01   4   0 4  0 0  0 0  0 0  0
    18  -.1123211771658494       4   0 2  0 2  0 0  0 0  0
    19  -.5616058858292469E-01   4   0 0  0 4  0 0  0 0  0
    20  -.1403079313018711       4   0 2  0 0  0 2  0 0  0
    21  -.1403079313018711       4   0 0  0 2  0 2  0 0  0
    22  -.5616105781449274E-01   4   0 2  0 0  0 1  1 0  0
    23  -.5616105781449274E-01   4   0 0  0 2  0 1  1 0  0
    24  -.2817336521533490E-01   4   0 2  0 0  0 0  2 0  0
    25  -.2817336521533490E-01   4   0 0  0 2  0 0  2 0  0
    26  -.4083317633989538E-01   4   0 0  0 0  0 4  0 0  0
    27  0.2335338364676999E-01   4   0 0  0 0  0 3  1 0  0
    28  0.7020267604084389E-02   4   0 0  0 0  0 2  2 0  0
    29  0.4726129635227113E-02   4   0 0  0 0  0 1  3 0  0
    30  0.5733395453813824E-02   4   0 0  0 0  0 0  4 0  0
    ------------------------------------------------------
     I  COEFFICIENT            ORDER EXPONENTS
     1   1.000000000000000       1   0 0  0 0  0 1  0 0  0
     -----------------------------------------------------
     I  COEFFICIENT            ORDER EXPONENTS
     1   1.000000000000000       1   0 0  0 0  0 0  1 0  0
     -----------------------------------------------------
     I  COEFFICIENT            ORDER EXPONENTS
     1   1.000000000000000       1   0 0  0 0  0 0  0 1  0
     -----------------------------------------------------
