     I  COEFFICIENT            ORDER EXPONENTS
     1  0.1376731347350364E-04   0   0 0  0 0  0 0  0 0  0
     2  0.8168161078066574       1   1 0  0 0  0 0  0 0  0
     3  0.2856475439704032       1   0 1  0 0  0 0  0 0  0
     4  -.6709660749169147E-04   1   0 0  1 0  0 0  0 0  0
     5  -.5108738305747721E-05   1   0 0  0 1  0 0  0 0  0
     6  -.3121627889491687E-05   1   0 0  0 0  0 1  0 0  0
     7  -.3111202997473591E-05   1   0 0  0 0  0 0  1 0  0
     8  0.6232830886965284E-05   1   0 0  0 0  0 0  0 1  0
     9  0.2191642334922291E-03   2   2 0  0 0  0 0  0 0  0
    10  -.5405264811140128E-04   2   1 1  0 0  0 0  0 0  0
    11  -.4152232201471296E-04   2   0 2  0 0  0 0  0 0  0
    12  0.2119573774689671E-03   2   1 0  1 0  0 0  0 0  0
    13  0.3468185734405865E-04   2   0 1  1 0  0 0  0 0  0
    14  -.8986684053139956E-05   2   0 0  2 0  0 0  0 0  0
    15  0.8391664188904984E-05   2   1 0  0 1  0 0  0 0  0
    16  -.8170297718398131E-06   2   0 1  0 1  0 0  0 0  0
    17  0.5109018074842591E-05   2   0 0  1 1  0 0  0 0  0
    18  0.6189673906871658E-05   2   0 0  0 2  0 0  0 0  0
    19  0.8909063649359737E-01   2   1 0  0 0  0 1  0 0  0
    20  -.1358920153724880       2   0 1  0 0  0 1  0 0  0
    21  0.3363692498463571E-04   2   0 0  1 0  0 1  0 0  0
    22  0.5122077780176406E-05   2   0 0  0 1  0 1  0 0  0
    23  0.8879311215753029E-01   2   1 0  0 0  0 0  1 0  0
    24  -.1354381945980297       2   0 1  0 0  0 0  1 0  0
    25  0.3352459214958953E-04   2   0 0  1 0  0 0  1 0  0
    26  0.5104972247532188E-05   2   0 0  0 1  0 0  1 0  0
    27  -.1778837486511279       2   1 0  0 0  0 0  0 1  0
    28  -.1431733399988563E-01   2   0 1  0 0  0 0  0 1  0
    29  -.6716151713422508E-04   2   0 0  1 0  0 0  0 1  0
    30  -.5118311721960763E-05   2   0 0  0 1  0 0  0 1  0
    31  0.2291327462012705E-05   2   0 0  0 0  0 2  0 0  0
    32  0.1466538184358909E-05   2   0 0  0 0  0 1  1 0  0
    33  0.2281226612864962E-05   2   0 0  0 0  0 0  2 0  0
    34  -.2927566221131437E-05   2   0 0  0 0  0 1  0 1  0
    35  -.2917789411463042E-05   2   0 0  0 0  0 0  1 1  0
    36  -.1937375132800991E-06   2   0 0  0 0  0 0  0 2  0
    37  0.5470651708025892E-01   3   3 0  0 0  0 0  0 0  0
    38  -.2962441104832847       3   2 1  0 0  0 0  0 0  0
    39  -.2911395231571936       3   1 2  0 0  0 0  0 0  0
    40  0.1118611558691799       3   0 3  0 0  0 0  0 0  0
    41  0.1182585785285554E-03   3   2 0  1 0  0 0  0 0  0
    42  0.1872840533916684E-03   3   1 1  1 0  0 0  0 0  0
    43  -.7993290445340169E-04   3   0 2  1 0  0 0  0 0  0
    44  -.1857528863049032       3   1 0  2 0  0 0  0 0  0
    45  -.6507706297937061       3   0 1  2 0  0 0  0 0  0
    46  -.8623350893821920E-04   3   0 0  3 0  0 0  0 0  0
    47  -.1353901047283999E-03   3   2 0  0 1  0 0  0 0  0
    48  -.2658078164928023E-04   3   1 1  0 1  0 0  0 0  0
    49  -.1451426952696868E-04   3   0 2  0 1  0 0  0 0  0
    50  -.1607776721438984       3   1 0  1 1  0 0  0 0  0
    51  -.3509545677664599E-01   3   0 1  1 1  0 0  0 0  0
    52  -.3411330538260110E-03   3   0 0  2 1  0 0  0 0  0
    53  -.1821554611307969       3   1 0  0 2  0 0  0 0  0
    54  0.1202372445902516       3   0 1  0 2  0 0  0 0  0
    55  -.1244292383845170E-03   3   0 0  1 2  0 0  0 0  0
    56  -.1380004746974652E-04   3   0 0  0 3  0 0  0 0  0
    57  -.7967567426027614E-04   3   2 0  0 0  0 1  0 0  0
    58  -.3737817423054617E-04   3   1 1  0 0  0 1  0 0  0
    59  0.3115417669678252E-04   3   0 2  0 0  0 1  0 0  0
    60  -.1172897198012493E-03   3   1 0  1 0  0 1  0 0  0
    61  -.3610652349319273E-04   3   0 1  1 0  0 1  0 0  0
    62  -.2084474146574741E-06   3   0 0  2 0  0 1  0 0  0
    63  -.1256669072123441E-04   3   1 0  0 1  0 1  0 0  0
    64  0.4455412296946240E-06   3   0 1  0 1  0 1  0 0  0
    65  -.7658540266169948E-05   3   0 0  1 1  0 1  0 0  0
    66  -.9163506475029049E-05   3   0 0  0 2  0 1  0 0  0
    67  -.7940959184109055E-04   3   2 0  0 0  0 0  1 0  0
    68  -.3725334723515101E-04   3   1 1  0 0  0 0  1 0  0
    69  0.3105013517118307E-04   3   0 2  0 0  0 0  1 0  0
    70  -.1168980226781308E-03   3   1 0  1 0  0 0  1 0  0
    71  -.3598594326329640E-04   3   0 1  1 0  0 0  1 0  0
    72  -.2077512901140657E-06   3   0 0  2 0  0 0  1 0  0
    73  -.1252472338930653E-04   3   1 0  0 1  0 0  1 0  0
    74  0.4440533139744720E-06   3   0 1  0 1  0 0  1 0  0
    75  -.7632964041803151E-05   3   0 0  1 1  0 0  1 0  0
    76  -.9132904312025904E-05   3   0 0  0 2  0 0  1 0  0
    77  0.1590852661013666E-03   3   2 0  0 0  0 0  0 1  0
    78  0.1286841695770985E-03   3   1 1  0 0  0 0  0 1  0
    79  0.2084033216146036E-04   3   0 2  0 0  0 0  0 1  0
    80  0.2341877424793792E-03   3   1 0  1 0  0 0  0 1  0
    81  0.3741060941243100E-04   3   0 1  1 0  0 0  0 1  0
    82  0.4161987047714112E-06   3   0 0  2 0  0 0  0 1  0
    83  0.1669974992163692E-04   3   1 0  0 1  0 0  0 1  0
    84  0.7444650000104058E-06   3   0 1  0 1  0 0  0 1  0
    85  0.1018248623313068E-04   3   0 0  1 1  0 0  0 1  0
    86  0.5917062973311519E-05   3   0 0  0 2  0 0  0 1  0
    87  -.6546089040084495E-01   3   1 0  0 0  0 2  0 0  0
    88  0.9828081957884660E-01   3   0 1  0 0  0 2  0 0  0
    89  -.2522573341510276E-04   3   0 0  1 0  0 2  0 0  0
    90  -.5127453221739706E-05   3   0 0  0 1  0 2  0 0  0
    91  -.4198798223375944E-01   3   1 0  0 0  0 1  1 0  0
    92  0.6091932229765774E-01   3   0 1  0 0  0 1  1 0  0
    93  -.1686844810750565E-04   3   0 0  1 0  0 1  1 0  0
    94  -.5128713080187795E-05   3   0 0  0 1  0 1  1 0  0
    95  -.6517216835063067E-01   3   1 0  0 0  0 0  2 0  0
    96  0.9785088184845209E-01   3   0 1  0 0  0 0  2 0  0
    97  -.2511332366153574E-04   3   0 0  1 0  0 0  2 0  0
    98  -.5101765891533822E-05   3   0 0  0 1  0 0  2 0  0
    99  0.8381914340215756E-01   3   1 0  0 0  0 1  0 1  0
   100  0.1430305186629172E-01   3   0 1  0 0  0 1  0 1  0
   101  0.3367858526661409E-04   3   0 0  1 0  0 1  0 1  0
   102  0.5125601989329710E-05   3   0 0  0 1  0 1  0 1  0
   103  0.8353922358149023E-01   3   1 0  0 0  0 0  1 1  0
   104  0.1425528583635029E-01   3   0 1  0 0  0 0  1 1  0
   105  0.3356611330417778E-04   3   0 0  1 0  0 0  1 1  0
   106  0.5108484687345564E-05   3   0 0  0 1  0 0  1 1  0
   107  0.5262686207101224E-02   3   1 0  0 0  0 0  0 2  0
   108  0.3816316629511615E-04   3   0 1  0 0  0 0  0 2  0
   109  -.3930966374877966E-07   3   0 0  1 0  0 0  0 2  0
   110  0.3388805996417389E-08   3   0 0  0 1  0 0  0 2  0
   111  -.1877048148702877E-05   3   0 0  0 0  0 3  0 0  0
   112  -.1049885262715228E-05   3   0 0  0 0  0 2  1 0  0
   113  -.1053997412827214E-05   3   0 0  0 0  0 1  2 0  0
   114  -.1865898158074198E-05   3   0 0  0 0  0 0  3 0  0
   115  0.2098373481032413E-05   3   0 0  0 0  0 2  0 1  0
   116  0.1274686383720149E-05   3   0 0  0 0  0 1  1 1  0
   117  0.2089237366216692E-05   3   0 0  0 0  0 0  2 1  0
   118  0.1918496906837168E-06   3   0 0  0 0  0 1  0 2  0
   119  0.1912089953863038E-06   3   0 0  0 0  0 0  1 2  0
   120  0.1472113496726761E-08   3   0 0  0 0  0 0  0 3  0
   121  0.3841448619083946E-03   4   4 0  0 0  0 0  0 0  0
   122  -.1247304345964610E-03   4   3 1  0 0  0 0  0 0  0
   123  0.5860186911371224E-04   4   2 2  0 0  0 0  0 0  0
   124  0.1008449891824681E-03   4   1 3  0 0  0 0  0 0  0
   125  -.4531792389736688E-04   4   0 4  0 0  0 0  0 0  0
   126  0.3226602059708863E-03   4   3 0  1 0  0 0  0 0  0
   127  -.1440046156236852E-03   4   2 1  1 0  0 0  0 0  0
   128  0.1191544649357654E-03   4   1 2  1 0  0 0  0 0  0
   129  -.5197888334489960E-04   4   0 3  1 0  0 0  0 0  0
   130  0.9886201397921188E-03   4   2 0  2 0  0 0  0 0  0
   131  0.1296779747686172E-03   4   1 1  2 0  0 0  0 0  0
   132  0.1094599850261536E-03   4   0 2  2 0  0 0  0 0  0
   133  0.1034017898835390E-02   4   1 0  3 0  0 0  0 0  0
   134  -.1442599443793161E-03   4   0 1  3 0  0 0  0 0  0
   135  0.1620195451157715E-06   4   0 0  4 0  0 0  0 0  0
   136  0.2055172328098116E-03   4   3 0  0 1  0 0  0 0  0
   137  -.1266433623309996E-03   4   2 1  0 1  0 0  0 0  0
   138  0.1023531447238849E-03   4   1 2  0 1  0 0  0 0  0
   139  -.5430797478820428E-04   4   0 3  0 1  0 0  0 0  0
   140  0.6865837166517041E-03   4   2 0  1 1  0 0  0 0  0
   141  0.6812234355857044E-04   4   1 1  1 1  0 0  0 0  0
   142  -.5455786419011530E-04   4   0 2  1 1  0 0  0 0  0
   143  0.1098913445977761E-02   4   1 0  2 1  0 0  0 0  0
   144  -.5583683446372128E-03   4   0 1  2 1  0 0  0 0  0
   145  0.2502320669204811E-06   4   0 0  3 1  0 0  0 0  0
   146  0.2437937427820041E-03   4   2 0  0 2  0 0  0 0  0
   147  0.1131351141477608E-03   4   1 1  0 2  0 0  0 0  0
   148  -.5673342261843010E-04   4   0 2  0 2  0 0  0 0  0
   149  0.5373796126449332E-03   4   1 0  1 2  0 0  0 0  0
   150  -.1412650010953579E-03   4   0 1  1 2  0 0  0 0  0
   151  0.8046734412968300E-05   4   0 0  2 2  0 0  0 0  0
   152  0.1380965380036416E-03   4   1 0  0 3  0 0  0 0  0
   153  -.6226340819553951E-04   4   0 1  0 3  0 0  0 0  0
   154  0.4806251981329640E-06   4   0 0  1 3  0 0  0 0  0
   155  -.2331882993915055E-05   4   0 0  0 4  0 0  0 0  0
   156  -.1999860129256125E-01   4   3 0  0 0  0 1  0 0  0
   157  0.1581579289120331       4   2 1  0 0  0 1  0 0  0
   158  0.3982085459422480       4   1 2  0 0  0 1  0 0  0
   159  -.1511266148330193       4   0 3  0 0  0 1  0 0  0
   160  -.1198516020390635E-03   4   2 0  1 0  0 1  0 0  0
   161  -.2766254984653096E-03   4   1 1  1 0  0 1  0 0  0
   162  0.1099562336669194E-03   4   0 2  1 0  0 1  0 0  0
   163  0.2331683698895322       4   1 0  2 0  0 1  0 0  0
   164  0.6715495413665725       4   0 1  2 0  0 1  0 0  0
   165  0.1112460238347629E-03   4   0 0  3 0  0 1  0 0  0
   166  0.9654686593674960E-04   4   2 0  0 1  0 1  0 0  0
   167  0.2067290658609995E-04   4   1 1  0 1  0 1  0 0  0
   168  0.2748182735127459E-04   4   0 2  0 1  0 1  0 0  0
   169  0.2421694920054424       4   1 0  1 1  0 1  0 0  0
   170  0.7172774918233507E-01   4   0 1  1 1  0 1  0 0  0
   171  0.4102625712124375E-03   4   0 0  2 1  0 1  0 0  0
   172  0.2705160827975859       4   1 0  0 2  0 1  0 0  0
   173  -.1649596040050492       4   0 1  0 2  0 1  0 0  0
   174  0.2001200483117160E-03   4   0 0  1 2  0 1  0 0  0
   175  0.2827595034335764E-04   4   0 0  0 3  0 1  0 0  0
   176  -.1993181458179108E-01   4   3 0  0 0  0 0  1 0  0
   177  0.1576297495809023       4   2 1  0 0  0 0  1 0  0
   178  0.3968787009898410       4   1 2  0 0  0 0  1 0  0
   179  -.1506219170610656       4   0 3  0 0  0 0  1 0  0
   180  -.1194513493332050E-03   4   2 0  1 0  0 0  1 0  0
   181  -.2757016885004305E-03   4   1 1  1 0  0 0  1 0  0
   182  0.1095890272274354E-03   4   0 2  1 0  0 0  1 0  0
   183  0.2323896880080950       4   1 0  2 0  0 0  1 0  0
   184  0.6693068552741273       4   0 1  2 0  0 0  1 0  0
   185  0.1108745100519015E-03   4   0 0  3 0  0 0  1 0  0
   186  0.9622444100728777E-04   4   2 0  0 1  0 0  1 0  0
   187  0.2060386798621288E-04   4   1 1  0 1  0 0  1 0  0
   188  0.2739004989004634E-04   4   0 2  0 1  0 0  1 0  0
   189  0.2413607502547871       4   1 0  1 1  0 0  1 0  0
   190  0.7148820940808885E-01   4   0 1  1 1  0 0  1 0  0
   191  0.4088924710098011E-03   4   0 0  2 1  0 0  1 0  0
   192  0.2696126756484444       4   1 0  0 2  0 0  1 0  0
   193  -.1644087100099995       4   0 1  0 2  0 0  1 0  0
   194  0.1994517335835820E-03   4   0 0  1 2  0 0  1 0  0
   195  0.2818152085352973E-04   4   0 0  0 3  0 0  1 0  0
   196  0.3993041587435300E-01   4   3 0  0 0  0 0  0 1  0
   197  -.1954356800964946E-01   4   2 1  0 0  0 0  0 1  0
   198  -.2128082006177016       4   1 2  0 0  0 0  0 1  0
   199  -.3383493571345480E-01   4   0 3  0 0  0 0  0 1  0
   200  0.2393029513722681E-03   4   2 0  1 0  0 0  0 1  0
   201  0.3650431335740718E-03   4   1 1  1 0  0 0  0 1  0
   202  -.5967945198755182E-04   4   0 2  1 0  0 0  0 1  0
   203  -.4655580578976232       4   1 0  2 0  0 0  0 1  0
   204  -.6900857668469925       4   0 1  2 0  0 0  0 1  0
   205  -.2221205338866689E-03   4   0 0  3 0  0 0  0 1  0
   206  -.5738120221563628E-04   4   2 0  0 1  0 0  0 1  0
   207  0.1188478872624574E-04   4   1 1  0 1  0 0  0 1  0
   208  -.1132906866041474E-04   4   0 2  0 1  0 0  0 1  0
   209  -.3227525701163338       4   1 0  1 1  0 0  0 1  0
   210  -.7302504503712978E-01   4   0 1  1 1  0 0  0 1  0
   211  -.4780219883962314E-03   4   0 0  2 1  0 0  0 1  0
   212  -.1758178361844336       4   1 0  0 2  0 0  0 1  0
   213  -.3134341975570624E-01   4   0 1  0 2  0 0  0 1  0
   214  -.1507133051262668E-03   4   0 0  1 2  0 0  0 1  0
   215  -.1505732878764799E-04   4   0 0  0 3  0 0  0 1  0
   216  0.4870758248828207E-04   4   2 0  0 0  0 2  0 0  0
   217  0.6965351475839163E-04   4   1 1  0 0  0 2  0 0  0
   218  -.5386376590477584E-04   4   0 2  0 0  0 2  0 0  0
   219  0.1162656216919744E-03   4   1 0  1 0  0 2  0 0  0
   220  -.1442781970863574E-04   4   0 1  1 0  0 2  0 0  0
   221  0.1027892537942768E-04   4   0 0  2 0  0 2  0 0  0
   222  0.1057768452162735E-03   4   1 0  0 1  0 2  0 0  0
   223  -.6495110377818320E-04   4   0 1  0 1  0 2  0 0  0
   224  0.1048040412180820E-05   4   0 0  1 1  0 2  0 0  0
   225  -.5712497213191540E-05   4   0 0  0 2  0 2  0 0  0
   226  0.1188115731025200E-04   4   2 0  0 0  0 1  1 0  0
   227  0.9398836822318847E-04   4   1 1  0 0  0 1  1 0  0
   228  -.5078391380524851E-04   4   0 2  0 0  0 1  1 0  0
   229  0.1006231235693558E-03   4   1 0  1 0  0 1  1 0  0
   230  -.9116431422348498E-05   4   0 1  1 0  0 1  1 0  0
   231  0.1250270766326336E-04   4   0 0  2 0  0 1  1 0  0
   232  0.1259817550046674E-03   4   1 0  0 1  0 1  1 0  0
   233  -.7398541919661713E-04   4   0 1  0 1  0 1  1 0  0
   234  0.1617346742414795E-05   4   0 0  1 1  0 1  1 0  0
   235  -.6548727968831396E-05   4   0 0  0 2  0 1  1 0  0
   236  0.4852508117836436E-04   4   2 0  0 0  0 0  2 0  0
   237  0.6926396170853159E-04   4   1 1  0 0  0 0  2 0  0
   238  -.5359908594248282E-04   4   0 2  0 0  0 0  2 0  0
   239  0.1157093256785161E-03   4   1 0  1 0  0 0  2 0  0
   240  -.1436441453155825E-04   4   0 1  1 0  0 0  2 0  0
   241  0.1022372136988365E-04   4   0 0  2 0  0 0  2 0  0
   242  0.1052132337456671E-03   4   1 0  0 1  0 0  2 0  0
   243  -.6461065536985724E-04   4   0 1  0 1  0 0  2 0  0
   244  0.1041839788216147E-05   4   0 0  1 1  0 0  2 0  0
   245  -.5682484969297234E-05   4   0 0  0 2  0 0  2 0  0
   246  -.1963596388118286E-04   4   2 0  0 0  0 1  0 1  0
   247  -.1235229585616901E-03   4   1 1  0 0  0 1  0 1  0
   248  -.2345345719784447E-04   4   0 2  0 0  0 1  0 1  0
   249  -.1631094228199371E-03   4   1 0  1 0  0 1  0 1  0
   250  0.9695019405235148E-05   4   0 1  1 0  0 1  0 1  0
   251  -.8546971706491029E-05   4   0 0  2 0  0 1  0 1  0
   252  -.8167958074681235E-04   4   1 0  0 1  0 1  0 1  0
   253  -.1550086148131577E-04   4   0 1  0 1  0 1  0 1  0
   254  -.9481262706243051E-06   4   0 0  1 1  0 1  0 1  0
   255  -.6554476205993252E-06   4   0 0  0 2  0 1  0 1  0
   256  -.1957038822310328E-04   4   2 0  0 0  0 0  1 1  0
   257  -.1231104451070606E-03   4   1 1  0 0  0 0  1 1  0
   258  -.2337513275707376E-04   4   0 2  0 0  0 0  1 1  0
   259  -.1625647076327885E-03   4   1 0  1 0  0 0  1 1  0
   260  0.9662642218078027E-05   4   0 1  1 0  0 0  1 1  0
   261  -.8518428503945375E-05   4   0 0  2 0  0 0  1 1  0
   262  -.8140680614346012E-04   4   1 0  0 1  0 0  1 1  0
   263  -.1544909528340530E-04   4   0 1  0 1  0 0  1 1  0
   264  -.9449599374351204E-06   4   0 0  1 1  0 0  1 1  0
   265  -.6532587079838046E-06   4   0 0  0 2  0 0  1 1  0
   266  -.6264759238313794E-04   4   2 0  0 0  0 0  0 2  0
   267  -.1953670018618539E-04   4   1 1  0 0  0 0  0 2  0
   268  -.9977329305046925E-06   4   0 2  0 0  0 0  0 2  0
   269  0.1832637220844776E-04   4   1 0  1 0  0 0  0 2  0
   270  0.4704225648588445E-05   4   0 1  1 0  0 0  0 2  0
   271  0.1495058707462294E-07   4   0 0  2 0  0 0  0 2  0
   272  -.1864330371191493E-05   4   1 0  0 1  0 0  0 2  0
   273  0.1404638382840598E-06   4   0 1  0 1  0 0  0 2  0
   274  0.3308992541661805E-08   4   0 0  1 1  0 0  0 2  0
   275  -.3119824358158364E-09   4   0 0  0 2  0 0  0 2  0
   276  0.5367028058566815E-01   4   1 0  0 0  0 3  0 0  0
   277  -.7951145479655944E-01   4   0 1  0 0  0 3  0 0  0
   278  0.2102650400267410E-04   4   0 0  1 0  0 3  0 0  0
   279  0.5124351764648113E-05   4   0 0  0 1  0 3  0 0  0
   280  0.3012879243609965E-01   4   1 0  0 0  0 2  1 0  0
   281  -.4203599374437290E-01   4   0 1  0 0  0 2  1 0  0
   282  0.1264344697333544E-04   4   0 0  1 0  0 2  1 0  0
   283  0.5121051134381726E-05   4   0 0  0 1  0 2  1 0  0
   284  0.3024582222086759E-01   4   1 0  0 0  0 1  2 0  0
   285  -.4222239142786595E-01   4   0 1  0 0  0 1  2 0  0
   286  0.1268508891651814E-04   4   0 0  1 0  0 1  2 0  0
   287  0.5120981942621574E-05   4   0 0  0 1  0 1  2 0  0
   288  0.5335128758681579E-01   4   1 0  0 0  0 0  3 0  0
   289  -.7904319863699207E-01   4   0 1  0 0  0 0  3 0  0
   290  0.2090013387203219E-04   4   0 0  1 0  0 0  3 0  0
   291  0.5090159674622408E-05   4   0 0  0 1  0 0  3 0  0
   292  -.6021783481168529E-01   4   1 0  0 0  0 2  0 1  0
   293  -.1427211992302439E-01   4   0 1  0 0  0 2  0 1  0
   294  -.2527370938632299E-04   4   0 0  1 0  0 2  0 1  0
   295  -.5121671806268000E-05   4   0 0  0 1  0 2  0 1  0
   296  -.3677322781105433E-01   4   1 0  0 0  0 1  1 1  0
   297  -.1424123506052319E-01   4   0 1  0 0  0 1  1 1  0
   298  -.1692459522567550E-04   4   0 0  1 0  0 1  1 1  0
   299  -.5117710709191304E-05   4   0 0  0 1  0 1  1 1  0
   300  -.5995532982421444E-01   4   1 0  0 0  0 0  2 1  0
   301  -.1420067739822092E-01   4   0 1  0 0  0 0  2 1  0
   302  -.2516104566008108E-04   4   0 0  1 0  0 0  2 1  0
   303  -.5096022155165289E-05   4   0 0  0 1  0 0  2 1  0
   304  -.5214700106324634E-02   4   1 0  0 0  0 1  0 2  0
   305  -.6184129706442768E-04   4   0 1  0 0  0 1  0 2  0
   306  0.5878243290578165E-07   4   0 0  1 0  0 1  0 2  0
   307  -.6756316328136358E-08   4   0 0  0 1  0 1  0 2  0
   308  -.5197285255022896E-02   4   1 0  0 0  0 0  1 2  0
   309  -.6163477378011348E-04   4   0 1  0 0  0 0  1 2  0
   310  0.5858612490966735E-07   4   0 0  1 0  0 0  1 2  0
   311  -.6733753142947403E-08   4   0 0  0 1  0 0  1 2  0
   312  -.3779568428491970E-04   4   1 0  0 0  0 0  0 3  0
   313  0.2995523986444627E-05   4   0 1  0 0  0 0  0 3  0
   314  -.1291641011695933E-07   4   0 0  1 0  0 0  0 3  0
   315  0.1107883818413034E-08   4   0 0  0 1  0 0  0 3  0
   316  -.1751094393932286E-05   4   0 0  0 0  0 4  0 0  0
   317  -.8511261961913476E-06   4   0 0  0 0  0 3  1 0  0
   318  -.7321233620158976E-06   4   0 0  0 0  0 2  2 0  0
   319  -.8574908212325815E-06   4   0 0  0 0  0 1  3 0  0
   320  -.1737993983916737E-05   4   0 0  0 0  0 0  4 0  0
   321  -.2405801320380743E-06   4   0 0  0 0  0 3  0 1  0
   322  -.2834219611691155E-06   4   0 0  0 0  0 2  1 1  0
   323  -.2832033266114160E-06   4   0 0  0 0  0 1  2 1  0
   324  -.2389033124112326E-06   4   0 0  0 0  0 0  3 1  0
   325  -.8735630159717654E-09   4   0 0  0 0  0 2  0 2  0
   326  -.1277105142002697E-08   4   0 0  0 0  0 1  1 2  0
   327  -.8685132014932342E-09   4   0 0  0 0  0 0  2 2  0
   328  0.3673986348354697E-10   4   0 0  0 0  0 1  0 3  0
   329  0.3661716817099383E-10   4   0 0  0 0  0 0  1 3  0
   330  -.2845398019219532E-15   4   0 0  0 0  0 0  0 4  0
   -------------------------------------------------------
     I  COEFFICIENT            ORDER EXPONENTS
     1  -.1812488869100554E-03   0   0 0  0 0  0 0  0 0  0
     2  -1.165112223371338       1   1 0  0 0  0 0  0 0  0
     3  0.8168161061873873       1   0 1  0 0  0 0  0 0  0
     4  -.4482962859650328E-03   1   0 0  1 0  0 0  0 0  0
     5  -.6709741618735694E-04   1   0 0  0 1  0 0  0 0  0
     6  -.1085344932601057E-03   1   0 0  0 0  0 1  0 0  0
     7  -.1081720348209417E-03   1   0 0  0 0  0 0  1 0  0
     8  0.3545764117099201E-04   1   0 0  0 0  0 0  0 1  0
     9  0.2622280641664133E-03   2   2 0  0 0  0 0  0 0  0
    10  -.1778179481442348E-03   2   1 1  0 0  0 0  0 0  0
    11  0.5516223027158962E-04   2   0 2  0 0  0 0  0 0  0
    12  0.1272565286748135E-03   2   1 0  1 0  0 0  0 0  0
    13  -.2168969099102101E-03   2   0 1  1 0  0 0  0 0  0
    14  0.3691147342389830E-03   2   0 0  2 0  0 0  0 0  0
    15  -.1135223753737126E-03   2   1 0  0 1  0 0  0 0  0
    16  -.4690512806564905E-04   2   0 1  0 1  0 0  0 0  0
    17  0.4519909578942632E-03   2   0 0  1 1  0 0  0 0  0
    18  0.1829767019847800E-03   2   0 0  0 2  0 0  0 0  0
    19  -.4476892055429942E-01   2   1 0  0 0  0 1  0 0  0
    20  0.8909061754409636E-01   2   0 1  0 0  0 1  0 0  0
    21  0.8536814667327414E-06   2   0 0  1 0  0 1  0 0  0
    22  0.3363987457951414E-04   2   0 0  0 1  0 1  0 0  0
    23  -.4461941165091077E-01   2   1 0  0 0  0 0  1 0  0
    24  0.8879309327131214E-01   2   0 1  0 0  0 0  1 0  0
    25  0.8508305384914951E-06   2   0 0  1 0  0 0  1 0  0
    26  0.3352753189409202E-04   2   0 0  0 1  0 0  1 0  0
    27  -1.075723891166128       2   1 0  0 0  0 0  0 1  0
    28  -.1778837108154089       2   0 1  0 0  0 0  0 1  0
    29  -.4500007979702565E-03   2   0 0  1 0  0 0  0 1  0
    30  -.6716740647360586E-04   2   0 0  0 1  0 0  0 1  0
    31  0.2622178821870859E-04   2   0 0  0 0  0 2  0 0  0
    32  -.5554234917299120E-04   2   0 0  0 0  0 1  1 0  0
    33  0.2622696250151876E-04   2   0 0  0 0  0 0  2 0  0
    34  0.3098772490209047E-05   2   0 0  0 0  0 1  0 1  0
    35  0.3088423925375978E-05   2   0 0  0 0  0 0  1 1  0
    36  -.3093598237248579E-05   2   0 0  0 0  0 0  0 2  0
    37  -1.056152216743546       3   3 0  0 0  0 0  0 0  0
    38  -.8495907473093611       3   2 1  0 0  0 0  0 0  0
    39  0.4144184644195594       3   1 2  0 0  0 0  0 0  0
    40  -.1420446029346378E-01   3   0 3  0 0  0 0  0 0  0
    41  0.1478981469525233E-02   3   2 0  1 0  0 0  0 0  0
    42  0.4898976199331950E-03   3   1 1  1 0  0 0  0 0  0
    43  0.4659011228431901E-04   3   0 2  1 0  0 0  0 0  0
    44  -4.153811968710055       3   1 0  2 0  0 0  0 0  0
    45  -.3386062006034824       3   0 1  2 0  0 0  0 0  0
    46  -.3411932104974829E-03   3   0 0  3 0  0 0  0 0  0
    47  0.1748240747215245E-03   3   2 0  0 1  0 0  0 0  0
    48  0.5218534631464408E-03   3   1 1  0 1  0 0  0 0  0
    49  0.4127370150909086E-04   3   0 2  0 1  0 0  0 0  0
    50  -1.833855267658773       3   1 0  1 1  0 0  0 0  0
    51  -.4304764843344501       3   0 1  1 1  0 0  0 0  0
    52  -.1354250222218085E-03   3   0 0  2 1  0 0  0 0  0
    53  -.6528676322754504       3   1 0  0 2  0 0  0 0  0
    54  -.2176651171833782       3   0 1  0 2  0 0  0 0  0
    55  -.2719950890033373E-04   3   0 0  1 2  0 0  0 0  0
    56  -.3552816445063022E-04   3   0 0  0 3  0 0  0 0  0
    57  -.9071360992254849E-04   3   2 0  0 0  0 1  0 0  0
    58  0.3651284191053439E-04   3   1 1  0 0  0 1  0 0  0
    59  -.5367164977239061E-05   3   0 2  0 0  0 1  0 0  0
    60  -.1029858122935547E-03   3   1 0  1 0  0 1  0 0  0
    61  0.1102125251913583E-03   3   0 1  1 0  0 1  0 0  0
    62  -.2141918662926033E-03   3   0 0  2 0  0 1  0 0  0
    63  0.1363376151874103E-04   3   1 0  0 1  0 1  0 0  0
    64  0.3980827060181284E-04   3   0 1  0 1  0 1  0 0  0
    65  -.3028279037586784E-03   3   0 0  1 1  0 1  0 0  0
    66  -.1313675987632275E-03   3   0 0  0 2  0 1  0 0  0
    67  -.9041066555458002E-04   3   2 0  0 0  0 0  1 0  0
    68  0.3639090475220975E-04   3   1 1  0 0  0 0  1 0  0
    69  -.5349240958966531E-05   3   0 2  0 0  0 0  1 0  0
    70  -.1026418840578513E-03   3   1 0  1 0  0 0  1 0  0
    71  0.1098444628486207E-03   3   0 1  1 0  0 0  1 0  0
    72  -.2134765577560628E-03   3   0 0  2 0  0 0  1 0  0
    73  0.1358823063015807E-04   3   1 0  0 1  0 0  1 0  0
    74  0.3967532813168346E-04   3   0 1  0 1  0 0  1 0  0
    75  -.3018165890509325E-03   3   0 0  1 1  0 0  1 0  0
    76  -.1309288875906390E-03   3   0 0  0 2  0 0  1 0  0
    77  0.4433523396435417E-03   3   2 0  0 0  0 0  0 1  0
    78  -.7290374666274382E-04   3   1 1  0 0  0 0  0 1  0
    79  -.4444582433538396E-04   3   0 2  0 0  0 0  0 1  0
    80  0.3328842250262187E-03   3   1 0  1 0  0 0  0 1  0
    81  -.2200569880399781E-03   3   0 1  1 0  0 0  0 1  0
    82  0.7967831582876475E-03   3   0 0  2 0  0 0  0 1  0
    83  -.2722199214889953E-04   3   1 0  0 1  0 0  0 1  0
    84  -.3257847066784799E-04   3   0 1  0 1  0 0  0 1  0
    85  0.6046444928094313E-03   3   0 0  1 1  0 0  0 1  0
    86  0.7931978436908599E-04   3   0 0  0 2  0 0  0 1  0
    87  0.3298671680770104E-01   3   1 0  0 0  0 2  0 0  0
    88  -.6546087788611175E-01   3   0 1  0 0  0 2  0 0  0
    89  -.8538538094377780E-06   3   0 0  1 0  0 2  0 0  0
    90  -.2522921979334916E-04   3   0 0  0 1  0 2  0 0  0
    91  0.2128270115425661E-01   3   1 0  0 0  0 1  1 0  0
    92  -.4198797683587777E-01   3   0 1  0 0  0 1  1 0  0
    93  -.8539422115740917E-06   3   0 0  1 0  0 1  1 0  0
    94  -.1687189295895171E-04   3   0 0  0 1  0 1  1 0  0
    95  0.3284101786229632E-01   3   1 0  0 0  0 0  2 0  0
    96  -.6517215588670457E-01   3   0 1  0 0  0 0  2 0  0
    97  -.8495764060640506E-06   3   0 0  1 0  0 0  2 0  0
    98  -.2511679264457723E-04   3   0 0  0 1  0 0  2 0  0
    99  -.8725611818908664E-01   3   1 0  0 0  0 1  0 1  0
   100  0.8381913334342760E-01   3   0 1  0 0  0 1  0 1  0
   101  0.2554864624593828E-05   3   0 0  1 0  0 1  0 1  0
   102  0.3368466930056187E-04   3   0 0  0 1  0 1  0 1  0
   103  -.8696472035364902E-01   3   1 0  0 0  0 0  1 1  0
   104  0.8353921355635169E-01   3   0 1  0 0  0 0  1 1  0
   105  0.2546332477657655E-05   3   0 0  1 0  0 0  1 1  0
   106  0.3357217702007379E-04   3   0 0  0 1  0 0  1 1  0
   107  0.8711041857791275E-01   3   1 0  0 0  0 0  0 2  0
   108  0.5262677267208485E-02   3   0 1  0 0  0 0  0 2  0
   109  -.2542171784026908E-05   3   0 0  1 0  0 0  0 2  0
   110  -.4203346991241356E-07   3   0 0  0 1  0 0  0 2  0
   111  -.1275710974634089E-04   3   0 0  0 0  0 3  0 0  0
   112  0.1431040563434046E-04   3   0 0  0 0  0 2  1 0  0
   113  0.1417502829243025E-04   3   0 0  0 0  0 1  2 0  0
   114  -.1271702060396481E-04   3   0 0  0 0  0 0  3 0  0
   115  -.2260864845712932E-05   3   0 0  0 0  0 2  0 1  0
   116  -.1428519142431915E-05   3   0 0  0 0  0 1  1 1  0
   117  -.2250929212172982E-05   3   0 0  0 0  0 0  2 1  0
   118  0.1425738325777681E-05   3   0 0  0 0  0 1  0 2  0
   119  0.1420976974130894E-05   3   0 0  0 0  0 0  1 2  0
   120  0.8229431244665480E-07   3   0 0  0 0  0 0  0 3  0
   121  0.3569199579823089E-03   4   4 0  0 0  0 0  0 0  0
   122  -.2041629080687413E-03   4   3 1  0 0  0 0  0 0  0
   123  -.1527081762018508E-03   4   2 2  0 0  0 0  0 0  0
   124  -.5094614415497606E-05   4   1 3  0 0  0 0  0 0  0
   125  0.8783677806647825E-05   4   0 4  0 0  0 0  0 0  0
   126  0.1521646917566831E-06   4   3 0  1 0  0 0  0 0  0
   127  -.4971066732011211E-03   4   2 1  1 0  0 0  0 0  0
   128  -.1227520612660518E-03   4   1 2  1 0  0 0  0 0  0
   129  0.7351151574448120E-05   4   0 3  1 0  0 0  0 0  0
   130  0.2865288824400220E-03   4   2 0  2 0  0 0  0 0  0
   131  -.1687813121996064E-02   4   1 1  2 0  0 0  0 0  0
   132  0.2040219592314283E-03   4   0 2  2 0  0 0  0 0  0
   133  0.5558370087193943E-06   4   1 0  3 0  0 0  0 0  0
   134  -.6526268525342496E-03   4   0 1  3 0  0 0  0 0  0
   135  -.6372803855850003E-03   4   0 0  4 0  0 0  0 0  0
   136  0.3731608127846665E-07   4   3 0  0 1  0 0  0 0  0
   137  0.1012237868490762E-06   4   2 1  0 1  0 0  0 0  0
   138  0.1026326693575329E-03   4   1 2  0 1  0 0  0 0  0
   139  0.3417549865488453E-04   4   0 3  0 1  0 0  0 0  0
   140  -.3362613013822213E-03   4   2 0  1 1  0 0  0 0  0
   141  -.1367346034846503E-02   4   1 1  1 1  0 0  0 0  0
   142  0.2742935026840237E-03   4   0 2  1 1  0 0  0 0  0
   143  -.1304908935705070E-02   4   1 0  2 1  0 0  0 0  0
   144  -.3945132236933708E-03   4   0 1  2 1  0 0  0 0  0
   145  -.7578236487348171E-03   4   0 0  3 1  0 0  0 0  0
   146  0.2704185848085172E-03   4   2 0  0 2  0 0  0 0  0
   147  -.3918513362051206E-03   4   1 1  0 2  0 0  0 0  0
   148  0.5974047360999049E-04   4   0 2  0 2  0 0  0 0  0
   149  -.1440815186861168E-03   4   1 0  1 2  0 0  0 0  0
   150  -.2278376666867022E-03   4   0 1  1 2  0 0  0 0  0
   151  -.2366845936979417E-03   4   0 0  2 2  0 0  0 0  0
   152  0.1024782615243252E-03   4   1 0  0 3  0 0  0 0  0
   153  0.3417122667263675E-04   4   0 1  0 3  0 0  0 0  0
   154  0.9250913738046594E-05   4   0 0  1 3  0 0  0 0  0
   155  0.5696116002602948E-04   4   0 0  0 4  0 0  0 0  0
   156  0.2472424965365986       4   3 0  0 0  0 1  0 0  0
   157  0.7119175323035496       4   2 1  0 0  0 1  0 0  0
   158  -.3327894334280657       4   1 2  0 0  0 1  0 0  0
   159  0.2705998908750738E-01   4   0 3  0 0  0 1  0 0  0
   160  -.1039444807793161E-02   4   2 0  1 0  0 1  0 0  0
   161  -.6086456801821908E-03   4   1 1  1 0  0 1  0 0  0
   162  -.8260008941307089E-04   4   0 2  1 0  0 1  0 0  0
   163   2.519576967778645       4   1 0  2 0  0 1  0 0  0
   164  0.4739670347762134       4   0 1  2 0  0 1  0 0  0
   165  0.1998242709656356E-03   4   0 0  3 0  0 1  0 0  0
   166  -.1966713783038042E-03   4   2 0  0 1  0 1  0 0  0
   167  -.5747226908442275E-03   4   1 1  0 1  0 1  0 0  0
   168  -.6763207777246583E-04   4   0 2  0 1  0 1  0 0  0
   169   1.866492220384716       4   1 0  1 1  0 1  0 0  0
   170  0.6797521326993432       4   0 1  1 1  0 1  0 0  0
   171  0.1425330011767563E-03   4   0 0  2 1  0 1  0 0  0
   172  0.6672530706444239       4   1 0  0 2  0 1  0 0  0
   173  0.3437622910212252       4   0 1  0 2  0 1  0 0  0
   174  0.4406680367702781E-04   4   0 0  1 2  0 1  0 0  0
   175  0.5467856632304086E-04   4   0 0  0 3  0 1  0 0  0
   176  0.2464168131368072       4   3 0  0 0  0 0  1 0  0
   177  0.7095400345162443       4   2 1  0 0  0 0  1 0  0
   178  -.3316780601218733       4   1 2  0 0  0 0  1 0  0
   179  0.2696962038430722E-01   4   0 3  0 0  0 0  1 0  0
   180  -.1035973510039673E-02   4   2 0  1 0  0 0  1 0  0
   181  -.6066130658803574E-03   4   1 1  1 0  0 0  1 0  0
   182  -.8232424070742710E-04   4   0 2  1 0  0 0  1 0  0
   183   2.511162666410825       4   1 0  2 0  0 0  1 0  0
   184  0.4723841891159994       4   0 1  2 0  0 0  1 0  0
   185  0.1991569440063873E-03   4   0 0  3 0  0 0  1 0  0
   186  -.1960145806474375E-03   4   2 0  0 1  0 0  1 0  0
   187  -.5728033647091134E-03   4   1 1  0 1  0 0  1 0  0
   188  -.6740621577587292E-04   4   0 2  0 1  0 0  1 0  0
   189   1.860258940654083       4   1 0  1 1  0 0  1 0  0
   190  0.6774820534864056       4   0 1  1 1  0 0  1 0  0
   191  0.1420570023713678E-03   4   0 0  2 1  0 0  1 0  0
   192  0.6650247329128089       4   1 0  0 2  0 0  1 0  0
   193  0.3426142730989535       4   0 1  0 2  0 0  1 0  0
   194  0.4391963954146553E-04   4   0 0  1 2  0 0  1 0  0
   195  0.5449596347292525E-04   4   0 0  0 3  0 0  1 0  0
   196  -1.549811526416953       4   3 0  0 0  0 0  0 1  0
   197  -1.421457566819796       4   2 1  0 0  0 0  0 1  0
   198  0.2500490291303792       4   1 2  0 0  0 0  0 1  0
   199  -.2562068888488526E-01   4   0 3  0 0  0 0  0 1  0
   200  0.3554399787358061E-02   4   2 0  1 0  0 0  0 1  0
   201  0.1215258746062546E-02   4   1 1  1 0  0 0  0 1  0
   202  0.1183342178361784E-03   4   0 2  1 0  0 0  0 1  0
   203  -9.184551602899511       4   1 0  2 0  0 0  0 1  0
   204  -.9463512238922139       4   0 1  2 0  0 0  0 1  0
   205  -.7401744254695102E-03   4   0 0  3 0  0 0  0 1  0
   206  0.3926859589512403E-03   4   2 0  0 1  0 0  0 1  0
   207  0.6256725924068981E-03   4   1 1  0 1  0 0  0 1  0
   208  0.5249089053015810E-04   4   0 2  0 1  0 0  0 1  0
   209  -3.726751161038788       4   1 0  1 1  0 0  0 1  0
   210  -.9267577018512957       4   0 1  1 1  0 0  0 1  0
   211  -.2845900035481337E-03   4   0 0  2 1  0 0  0 1  0
   212  -.6794101712817819       4   1 0  0 2  0 0  0 1  0
   213  -.2510463297534245       4   0 1  0 2  0 0  0 1  0
   214  -.6078693431816297E-04   4   0 0  1 2  0 0  0 1  0
   215  -.3811820089470746E-04   4   0 0  0 3  0 0  0 1  0
   216  0.5800746439073605E-04   4   2 0  0 0  0 2  0 0  0
   217  -.6592916355292787E-04   4   1 1  0 0  0 2  0 0  0
   218  0.8320204099708856E-05   4   0 2  0 0  0 2  0 0  0
   219  0.1826967929963383E-03   4   1 0  1 0  0 2  0 0  0
   220  0.1849361550358269E-05   4   0 1  1 0  0 2  0 0  0
   221  0.1118004884072087E-03   4   0 0  2 0  0 2  0 0  0
   222  0.1304813233422701E-03   4   1 0  0 1  0 2  0 0  0
   223  0.6257218370465137E-04   4   0 1  0 1  0 2  0 0  0
   224  0.2189866139809844E-03   4   0 0  1 1  0 2  0 0  0
   225  0.1059027137122082E-03   4   0 0  0 2  0 2  0 0  0
   226  0.3547272398805977E-04   4   2 0  0 0  0 1  1 0  0
   227  -.2661641068727965E-04   4   1 1  0 0  0 1  1 0  0
   228  -.2938624660996537E-05   4   0 2  0 0  0 1  1 0  0
   229  0.2208902704427439E-03   4   1 0  1 0  0 1  1 0  0
   230  0.5416927907436994E-04   4   0 1  1 0  0 1  1 0  0
   231  0.9117458940575956E-04   4   0 0  2 0  0 1  1 0  0
   232  0.1581220678300978E-03   4   1 0  0 1  0 1  1 0  0
   233  0.9074086000625019E-04   4   0 1  0 1  0 1  1 0  0
   234  0.1877868176994299E-03   4   0 0  1 1  0 1  1 0  0
   235  0.9675719745970528E-04   4   0 0  0 2  0 1  1 0  0
   236  0.5775451264919216E-04   4   2 0  0 0  0 0  2 0  0
   237  -.6566454488478844E-04   4   1 1  0 0  0 0  2 0  0
   238  0.8297325073300304E-05   4   0 2  0 0  0 0  2 0  0
   239  0.1817178252731400E-03   4   1 0  1 0  0 0  2 0  0
   240  0.1752734454603428E-05   4   0 1  1 0  0 0  2 0  0
   241  0.1112748810311931E-03   4   0 0  2 0  0 0  2 0  0
   242  0.1297815421623992E-03   4   1 0  0 1  0 0  2 0  0
   243  0.6221170188814661E-04   4   0 1  0 1  0 0  2 0  0
   244  0.2179417295270709E-03   4   0 0  1 1  0 0  2 0  0
   245  0.1053874806096227E-03   4   0 0  0 2  0 0  2 0  0
   246  -.1341231083215671E-03   4   2 0  0 0  0 1  0 1  0
   247  0.3661622635535479E-04   4   1 1  0 0  0 1  0 1  0
   248  0.2758022279615326E-04   4   0 2  0 0  0 1  0 1  0
   249  -.2931108038661606E-03   4   1 0  1 0  0 1  0 1  0
   250  -.1918606543418674E-05   4   0 1  1 0  0 1  0 1  0
   251  -.3031719300549960E-03   4   0 0  2 0  0 1  0 1  0
   252  -.1068214577197074E-03   4   1 0  0 1  0 1  0 1  0
   253  -.3946498520053036E-04   4   0 1  0 1  0 1  0 1  0
   254  -.3587432992340795E-03   4   0 0  1 1  0 1  0 1  0
   255  -.6992029077779971E-04   4   0 0  0 2  0 1  0 1  0
   256  -.1336751949344234E-03   4   2 0  0 0  0 0  1 1  0
   257  0.3649394393753379E-04   4   1 1  0 0  0 0  1 1  0
   258  0.2748811673653834E-04   4   0 2  0 0  0 0  1 1  0
   259  -.2921319400848851E-03   4   1 0  1 0  0 0  1 1  0
   260  -.1912199224305556E-05   4   0 1  1 0  0 0  1 1  0
   261  -.3021594664476630E-03   4   0 0  2 0  0 0  1 1  0
   262  -.1064647200810887E-03   4   1 0  0 1  0 0  1 1  0
   263  -.3933318915571786E-04   4   0 1  0 1  0 0  1 1  0
   264  -.3575452511998072E-03   4   0 0  1 1  0 0  1 1  0
   265  -.6968678713577787E-04   4   0 0  0 2  0 0  1 1  0
   266  0.1165635977133334E-03   4   2 0  0 0  0 0  0 2  0
   267  0.6476566357486707E-04   4   1 1  0 0  0 0  0 2  0
   268  0.4851376798418502E-05   4   0 2  0 0  0 0  0 2  0
   269  -.6214477059679581E-07   4   1 0  1 0  0 0  0 2  0
   270  0.1367624355890492E-04   4   0 1  1 0  0 0  0 2  0
   271  0.2910814451312664E-03   4   0 0  2 0  0 0  0 2  0
   272  -.7088671008341839E-08   4   1 0  0 1  0 0  0 2  0
   273  -.5494532393561022E-09   4   0 1  0 1  0 0  0 2  0
   274  0.1021004905536923E-03   4   0 0  1 1  0 0  0 2  0
   275  0.6390653302759504E-05   4   0 0  0 2  0 0  0 2  0
   276  -.2710901247686859E-01   4   1 0  0 0  0 3  0 0  0
   277  0.5367027212811486E-01   4   0 1  0 0  0 3  0 0  0
   278  0.8509822065757038E-06   4   0 0  1 0  0 3  0 0  0
   279  0.2103003085078785E-04   4   0 0  0 1  0 3  0 0  0
   280  -.1537341269420376E-01   4   1 0  0 0  0 2  1 0  0
   281  0.3012879173305172E-01   4   0 1  0 0  0 2  1 0  0
   282  0.8486436832112678E-06   4   0 0  1 0  0 2  1 0  0
   283  0.1264745491548362E-04   4   0 0  0 1  0 2  1 0  0
   284  -.1543174695476968E-01   4   1 0  0 0  0 1  2 0  0
   285  0.3024582147911601E-01   4   0 1  0 0  0 1  2 0  0
   286  0.8486411614910118E-06   4   0 0  1 0  0 1  2 0  0
   287  0.1268909438963906E-04   4   0 0  0 1  0 1  2 0  0
   288  -.2694762979217182E-01   4   1 0  0 0  0 0  3 0  0
   289  0.5335127917279908E-01   4   0 1  0 0  0 0  3 0  0
   290  0.8453070317871358E-06   4   0 0  1 0  0 0  3 0  0
   291  0.2090363638287589E-04   4   0 0  0 1  0 0  3 0  0
   292  0.6371375791137336E-01   4   1 0  0 0  0 2  0 1  0
   293  -.6021783145478810E-01   4   0 1  0 0  0 2  0 1  0
   294  -.2548520353253599E-05   4   0 0  1 0  0 2  0 1  0
   295  -.2527976539710534E-04   4   0 0  0 1  0 2  0 1  0
   296  0.4032766716795234E-01   4   1 0  0 0  0 1  1 1  0
   297  -.3677323111134047E-01   4   0 1  0 0  0 1  1 1  0
   298  -.2542189961946283E-05   4   0 0  1 0  0 1  1 1  0
   299  -.1693062333258585E-04   4   0 0  0 1  0 1  1 1  0
   300  0.6343364289926053E-01   4   1 0  0 0  0 0  2 1  0
   301  -.5995532647301708E-01   4   0 1  0 0  0 0  2 1  0
   302  -.2535764483893192E-05   4   0 0  1 0  0 0  2 1  0
   303  -.2516707138073316E-04   4   0 0  0 1  0 0  2 1  0
   304  -.4024954106804650E-01   4   1 0  0 0  0 1  0 2  0
   305  -.5214692290752884E-02   4   0 1  0 0  0 1  0 2  0
   306  0.2544621228519045E-05   4   0 0  1 0  0 1  0 2  0
   307  0.6202974226095931E-07   4   0 0  0 1  0 1  0 2  0
   308  -.4011512494470760E-01   4   1 0  0 0  0 0  1 2  0
   309  -.5197277465551707E-02   4   0 1  0 0  0 0  1 2  0
   310  0.2536123290112020E-05   4   0 0  1 0  0 0  1 2  0
   311  0.6182258965088571E-07   4   0 0  0 1  0 0  1 2  0
   312  -.2248584188386127E-02   4   1 0  0 0  0 0  0 3  0
   313  -.3779492603765168E-04   4   0 1  0 0  0 0  0 3  0
   314  -.8461909112712867E-06   4   0 0  1 0  0 0  0 3  0
   315  -.1326179740772539E-07   4   0 0  0 1  0 0  0 3  0
   316  0.9747097880691901E-05   4   0 0  0 0  0 4  0 0  0
   317  -.6257934821627275E-05   4   0 0  0 0  0 3  1 0  0
   318  -.2918426184325837E-05   4   0 0  0 0  0 2  2 0  0
   319  -.6162370033219182E-05   4   0 0  0 0  0 1  3 0  0
   320  0.9692456542016080E-05   4   0 0  0 0  0 0  4 0  0
   321  -.1266593195638982E-05   4   0 0  0 0  0 3  0 1  0
   322  -.6583661136928625E-06   4   0 0  0 0  0 2  1 1  0
   323  -.6613917492967338E-06   4   0 0  0 0  0 1  2 1  0
   324  -.1259152747717820E-05   4   0 0  0 0  0 0  3 1  0
   325  -.7983075944393538E-07   4   0 0  0 0  0 2  0 2  0
   326  -.9515769542087387E-07   4   0 0  0 0  0 1  1 2  0
   327  -.7940526625779286E-07   4   0 0  0 0  0 0  2 2  0
   328  -.4635731249907917E-09   4   0 0  0 0  0 1  0 3  0
   329  -.4620249905104620E-09   4   0 0  0 0  0 0  1 3  0
   330  0.5243485302468697E-14   4   0 0  0 0  0 0  0 4  0
   -------------------------------------------------------
     I  COEFFICIENT            ORDER EXPONENTS
     1  0.3968539667008415E-04   0   0 0  0 0  0 0  0 0  0
     2  -.6716701299131549E-04   1   1 0  0 0  0 0  0 0  0
     3  -.5129307936966106E-05   1   0 1  0 0  0 0  0 0  0
     4   1.193931529239856       1   0 0  1 0  0 0  0 0  0
     5  0.3144104523635868       1   0 0  0 1  0 0  0 0  0
     6  0.3856779243760176E-05   1   0 0  0 0  0 1  0 0  0
     7  0.3843899263001049E-05   1   0 0  0 0  0 0  1 0  0
     8  -.7700678506761249E-05   1   0 0  0 0  0 0  0 1  0
     9  0.1047211054804169E-03   2   2 0  0 0  0 0  0 0  0
    10  0.3910906507362146E-05   2   1 1  0 0  0 0  0 0  0
    11  -.6587996516945849E-05   2   0 2  0 0  0 0  0 0  0
    12  -.2648920650512177E-03   2   1 0  1 0  0 0  0 0  0
    13  -.7825405307295978E-04   2   0 1  1 0  0 0  0 0  0
    14  -.1251022250264824E-03   2   0 0  2 0  0 0  0 0  0
    15  -.2561496035415951E-03   2   1 0  0 1  0 0  0 0  0
    16  -.7345160595172474E-04   2   0 1  0 1  0 0  0 0  0
    17  -.6241199899364580E-04   2   0 0  1 1  0 0  0 0  0
    18  -.1456367991434142E-04   2   0 0  0 2  0 0  0 0  0
    19  0.3363421897379311E-04   2   1 0  0 0  0 1  0 0  0
    20  0.5131037039649765E-05   2   0 1  0 0  0 1  0 0  0
    21  -.9985554505628781E-01   2   0 0  1 0  0 1  0 0  0
    22  -.1646968162937091       2   0 0  0 1  0 1  0 0  0
    23  0.3352189517565710E-04   2   1 0  0 0  0 0  1 0  0
    24  0.5113901586939522E-05   2   0 1  0 0  0 0  1 0  0
    25  -.9952207056430078E-01   2   0 0  1 0  0 0  1 0  0
    26  -.1641467998963778       2   0 0  0 1  0 0  1 0  0
    27  -.6715611414945003E-04   2   1 0  0 0  0 0  0 1  0
    28  -.5115630689623091E-05   2   0 1  0 0  0 0  0 1  0
    29  0.1993776156205874       2   0 0  1 0  0 0  0 1  0
    30  0.1443316382649955E-01   2   0 0  0 1  0 0  0 1  0
    31  -.2958970788614391E-05   2   0 0  0 0  0 2  0 0  0
    32  -.2067114966519932E-05   2   0 0  0 0  0 1  1 0  0
    33  -.2945637464598395E-05   2   0 0  0 0  0 0  2 0  0
    34  0.4128273769907720E-05   2   0 0  0 0  0 1  0 1  0
    35  0.4114487114420252E-05   2   0 0  0 0  0 0  1 1  0
    36  -.2710411371406362E-06   2   0 0  0 0  0 0  0 2  0
    37  0.3261521999319829E-04   3   3 0  0 0  0 0  0 0  0
    38  -.1316078299394266E-03   3   2 1  0 0  0 0  0 0  0
    39  -.8021970934372342E-04   3   1 2  0 0  0 0  0 0  0
    40  -.1153811797742573E-04   3   0 3  0 0  0 0  0 0  0
    41  -.1287790919958930       3   2 0  1 0  0 0  0 0  0
    42  -.1820708368644369       3   1 1  1 0  0 0  0 0  0
    43  0.1930129445997626       3   0 2  1 0  0 0  0 0  0
    44  -.2384383587311300E-03   3   1 0  2 0  0 0  0 0  0
    45  -.3449545665477570E-03   3   0 1  2 0  0 0  0 0  0
    46  0.2984704763867008       3   0 0  3 0  0 0  0 0  0
    47  0.6251521866136382       3   2 0  0 1  0 0  0 0  0
    48  -.3337604882143513E-01   3   1 1  0 1  0 0  0 0  0
    49  0.1766670067522897       3   0 2  0 1  0 0  0 0  0
    50  -.2318086256387970E-03   3   1 0  1 1  0 0  0 0  0
    51  -.1150156036486358E-03   3   0 1  1 1  0 0  0 0  0
    52   1.104608587734102       3   0 0  2 1  0 0  0 0  0
    53  -.1240945690433701E-03   3   1 0  0 2  0 0  0 0  0
    54  -.2132249207724656E-04   3   0 1  0 2  0 0  0 0  0
    55  0.4816674886001155       3   0 0  1 2  0 0  0 0  0
    56  0.1977607681645486       3   0 0  0 3  0 0  0 0  0
    57  -.5658400128449787E-04   3   2 0  0 0  0 1  0 0  0
    58  -.6339696101460704E-05   3   1 1  0 0  0 1  0 0  0
    59  0.1010624364742877E-04   3   0 2  0 0  0 1  0 0  0
    60  0.1094732244536879E-03   3   1 0  1 0  0 1  0 0  0
    61  0.7561491752454733E-04   3   0 1  1 0  0 1  0 0  0
    62  0.8482460434920473E-04   3   0 0  2 0  0 1  0 0  0
    63  0.1437797165357209E-03   3   1 0  0 1  0 1  0 0  0
    64  0.7658814171835625E-04   3   0 1  0 1  0 1  0 0  0
    65  0.8019797610406194E-04   3   0 0  1 1  0 1  0 0  0
    66  0.2385012805211446E-04   3   0 0  0 2  0 1  0 0  0
    67  -.5639503510267689E-04   3   2 0  0 0  0 0  1 0  0
    68  -.6318524248304609E-05   3   1 1  0 0  0 0  1 0  0
    69  0.1007249314850235E-04   3   0 2  0 0  0 0  1 0  0
    70  0.1091076310568434E-03   3   1 0  1 0  0 0  1 0  0
    71  0.7536239628304869E-04   3   0 1  1 0  0 0  1 0  0
    72  0.8454132672223405E-04   3   0 0  2 0  0 0  1 0  0
    73  0.1432995542382465E-03   3   1 0  0 1  0 0  1 0  0
    74  0.7633237032742006E-04   3   0 1  0 1  0 0  1 0  0
    75  0.7993014942178048E-04   3   0 0  1 1  0 0  1 0  0
    76  0.2377047890161822E-04   3   0 0  0 2  0 0  1 0  0
    77  0.1129790363871745E-03   3   2 0  0 0  0 0  0 1  0
    78  0.8747313842403566E-05   3   1 1  0 0  0 0  0 1  0
    79  -.7002743762039409E-05   3   0 2  0 0  0 0  0 1  0
    80  -.2185808555105302E-03   3   1 0  1 0  0 0  0 1  0
    81  -.7272326073480000E-04   3   0 1  1 0  0 0  0 1  0
    82  -.1693659310714392E-03   3   0 0  2 0  0 0  0 1  0
    83  -.3092966723237172E-04   3   1 0  0 1  0 0  0 1  0
    84  -.6017300142326776E-05   3   0 1  0 1  0 0  0 1  0
    85  -.9771612653231944E-04   3   0 0  1 1  0 0  0 1  0
    86  -.1849324712505030E-04   3   0 0  0 2  0 0  0 1  0
    87  -.2521407739310985E-04   3   1 0  0 0  0 2  0 0  0
    88  -.5130302632654115E-05   3   0 1  0 0  0 2  0 0  0
    89  0.7622514499532133E-01   3   0 0  1 0  0 2  0 0  0
    90  0.1270794562885892       3   0 0  0 1  0 2  0 0  0
    91  -.1685748376303074E-04   3   1 0  0 0  0 1  1 0  0
    92  -.5128239396357983E-05   3   0 1  0 0  0 1  1 0  0
    93  0.5275146258790991E-01   3   0 0  1 0  0 1  1 0  0
    94  0.8971152715125716E-01   3   0 0  0 1  0 1  1 0  0
    95  -.2510172487370917E-04   3   1 0  0 0  0 0  2 0  0
    96  -.5104606577653144E-05   3   0 1  0 0  0 0  2 0  0
    97  0.7588250227999925E-01   3   0 0  1 0  0 0  2 0  0
    98  0.1265052667424141       3   0 0  0 1  0 0  2 0  0
    99  0.3366660877717303E-04   3   1 0  0 0  0 1  0 1  0
   100  0.5120255360437677E-05   3   0 1  0 0  0 1  0 1  0
   101  -.1053462254736996       3   0 0  1 0  0 1  0 1  0
   102  -.1447687568510760E-01   3   0 0  0 1  0 1  0 1  0
   103  0.3355417681105070E-04   3   1 0  0 0  0 0  1 1  0
   104  0.5103155913890128E-05   3   0 1  0 0  0 0  1 1  0
   105  -.1049944144750933       3   0 0  1 0  0 0  1 1  0
   106  -.1442852915851329E-01   3   0 0  0 1  0 0  1 1  0
   107  -.4006549193441204E-07   3   1 0  0 0  0 0  0 2  0
   108  0.3463657450917075E-08   3   0 1  0 0  0 0  0 2  0
   109  0.5481511273845528E-02   3   0 0  1 0  0 0  0 2  0
   110  0.1953754966736911E-04   3   0 0  0 1  0 0  0 2  0
   111  0.2511088473212694E-05   3   0 0  0 0  0 3  0 0  0
   112  0.1616833915445370E-05   3   0 0  0 0  0 2  1 0  0
   113  0.1621271544560390E-05   3   0 0  0 0  0 1  2 0  0
   114  0.2495818841557290E-05   3   0 0  0 0  0 0  3 0  0
   115  -.3232163230027975E-05   3   0 0  0 0  0 2  0 1  0
   116  -.2341991894772007E-05   3   0 0  0 0  0 1  1 1  0
   117  -.3217458575723322E-05   3   0 0  0 0  0 0  2 1  0
   118  0.2748853195914482E-06   3   0 0  0 0  0 1  0 2  0
   119  0.2739673210741579E-06   3   0 0  0 0  0 0  1 2  0
   120  -.2256788794781338E-08   3   0 0  0 0  0 0  0 3  0
   121  -.8353384482004216E-08   4   4 0  0 0  0 0  0 0  0
   122  -.1488538155960704E-06   4   3 1  0 0  0 0  0 0  0
   123  -.4917096917841664E-04   4   2 2  0 0  0 0  0 0  0
   124  0.2642204207070335E-05   4   1 3  0 0  0 0  0 0  0
   125  -.2004281785925169E-04   4   0 4  0 0  0 0  0 0  0
   126  0.4309683118574669E-03   4   3 0  1 0  0 0  0 0  0
   127  0.8927060755577052E-03   4   2 1  1 0  0 0  0 0  0
   128  0.1128774227247936E-03   4   1 2  1 0  0 0  0 0  0
   129  -.1138835715181398E-03   4   0 3  1 0  0 0  0 0  0
   130  0.4496977440424493E-03   4   2 0  2 0  0 0  0 0  0
   131  0.6037926318948194E-03   4   1 1  2 0  0 0  0 0  0
   132  -.3503489119202373E-03   4   0 2  2 0  0 0  0 0  0
   133  0.2609091585873192E-03   4   1 0  3 0  0 0  0 0  0
   134  0.2850183579267583E-03   4   0 1  3 0  0 0  0 0  0
   135  0.1238119001264819E-03   4   0 0  4 0  0 0  0 0  0
   136  -.1813468633040533E-03   4   3 0  0 1  0 0  0 0  0
   137  0.3556559306590368E-03   4   2 1  0 1  0 0  0 0  0
   138  0.9719099377175201E-04   4   1 2  0 1  0 0  0 0  0
   139  -.7595067569888339E-04   4   0 3  0 1  0 0  0 0  0
   140  -.1700571861392926E-03   4   2 0  1 1  0 0  0 0  0
   141  0.6505146950181947E-03   4   1 1  1 1  0 0  0 0  0
   142  -.1864882916537450E-03   4   0 2  1 1  0 0  0 0  0
   143  -.2432194871910308E-03   4   1 0  2 1  0 0  0 0  0
   144  0.7110153795741188E-04   4   0 1  2 1  0 0  0 0  0
   145  -.4512784241172176E-03   4   0 0  3 1  0 0  0 0  0
   146  -.2063551670128329E-03   4   2 0  0 2  0 0  0 0  0
   147  0.8323245823553291E-04   4   1 1  0 2  0 0  0 0  0
   148  -.1335570906650242E-03   4   0 2  0 2  0 0  0 0  0
   149  -.2281184624732551E-03   4   1 0  1 2  0 0  0 0  0
   150  -.1711924633789537E-03   4   0 1  1 2  0 0  0 0  0
   151  -.5098010842896913E-03   4   0 0  2 2  0 0  0 0  0
   152  -.8620771954407918E-04   4   1 0  0 3  0 0  0 0  0
   153  -.9749766984663941E-04   4   0 1  0 3  0 0  0 0  0
   154  -.2918122266556782E-03   4   0 0  1 3  0 0  0 0  0
   155  -.1310091514798494E-03   4   0 0  0 4  0 0  0 0  0
   156  -.2970582238513701E-04   4   3 0  0 0  0 1  0 0  0
   157  0.8896677619691442E-04   4   2 1  0 0  0 1  0 0  0
   158  0.1107240906407646E-03   4   1 2  0 0  0 1  0 0  0
   159  0.2256488112520128E-04   4   0 3  0 0  0 1  0 0  0
   160  0.1470911040715927       4   2 0  1 0  0 1  0 0  0
   161  0.2848008987741503       4   1 1  1 0  0 1  0 0  0
   162  -.2912550743035835       4   0 2  1 0  0 1  0 0  0
   163  0.3030823328230056E-03   4   1 0  2 0  0 1  0 0  0
   164  0.4178947424442781E-03   4   0 1  2 0  0 1  0 0  0
   165  -.3915118077459405       4   0 0  3 0  0 1  0 0  0
   166  -.6262975287681622       4   2 0  0 1  0 1  0 0  0
   167  0.6730358686829983E-01   4   1 1  0 1  0 1  0 0  0
   168  -.2778840418289161       4   0 2  0 1  0 1  0 0  0
   169  0.3660119161112454E-03   4   1 0  1 1  0 1  0 0  0
   170  0.1994902754337207E-03   4   0 1  1 1  0 1  0 0  0
   171  -1.390662502520089       4   0 0  2 1  0 1  0 0  0
   172  0.1992830828356980E-03   4   1 0  0 2  0 1  0 0  0
   173  0.4463709783286332E-04   4   0 1  0 2  0 1  0 0  0
   174  -.7818064074348827       4   0 0  1 2  0 1  0 0  0
   175  -.3237903406259899       4   0 0  0 3  0 1  0 0  0
   176  -.2960661773883211E-04   4   3 0  0 0  0 0  1 0  0
   177  0.8866966550086580E-04   4   2 1  0 0  0 0  1 0  0
   178  0.1103543198898635E-03   4   1 2  0 0  0 0  1 0  0
   179  0.2248952414561912E-04   4   0 3  0 0  0 0  1 0  0
   180  0.1465998831666527       4   2 0  1 0  0 0  1 0  0
   181  0.2838497864950821       4   1 1  1 0  0 0  1 0  0
   182  -.2902824078593997       4   0 2  1 0  0 0  1 0  0
   183  0.3020701684318311E-03   4   1 0  2 0  0 0  1 0  0
   184  0.4164991540784876E-03   4   0 1  2 0  0 0  1 0  0
   185  -.3902043270134530       4   0 0  3 0  0 0  1 0  0
   186  -.6242059648983641       4   2 0  0 1  0 0  1 0  0
   187  0.6707882188977671E-01   4   1 1  0 1  0 0  1 0  0
   188  -.2769560288715192       4   0 2  0 1  0 0  1 0  0
   189  0.3647895940287132E-03   4   1 0  1 1  0 0  1 0  0
   190  0.1988240638756269E-03   4   0 1  1 1  0 0  1 0  0
   191  -1.386018289008565       4   0 0  2 1  0 0  1 0  0
   192  0.1986175632115990E-03   4   1 0  0 2  0 0  1 0  0
   193  0.4448802916056226E-04   4   0 1  0 2  0 0  1 0  0
   194  -.7791955109202889       4   0 0  1 2  0 0  1 0  0
   195  -.3227090204119810       4   0 0  0 3  0 0  1 0  0
   196  0.5931244012396987E-04   4   3 0  0 0  0 0  0 1  0
   197  -.4602861175853500E-04   4   2 1  0 0  0 0  0 1  0
   198  -.6063899184318187E-04   4   1 2  0 0  0 0  0 1  0
   199  -.1044005133854322E-04   4   0 3  0 0  0 0  0 1  0
   200  -.2936909872382489       4   2 0  1 0  0 0  0 1  0
   201  -.3865798484047925       4   1 1  1 0  0 0  0 1  0
   202  0.1955115929634584       4   0 2  1 0  0 0  0 1  0
   203  -.6051525012548526E-03   4   1 0  2 0  0 0  0 1  0
   204  -.4894393299750114E-03   4   0 1  2 0  0 0  0 1  0
   205  0.7817161347594225       4   0 0  3 0  0 0  0 1  0
   206  0.6253513070528854       4   2 0  0 1  0 0  0 1  0
   207  -.6763031111520269E-01   4   1 1  0 1  0 0  0 1  0
   208  0.2483905044356622E-01   4   0 2  0 1  0 0  0 1  0
   209  -.4989928845011694E-03   4   1 0  1 1  0 0  0 1  0
   210  -.1682831320120822E-03   4   0 1  1 1  0 0  0 1  0
   211   1.672072203794572       4   0 0  2 1  0 0  0 1  0
   212  -.1497115079605595E-03   4   1 0  0 2  0 0  0 1  0
   213  -.2515765076168638E-04   4   0 1  0 2  0 0  0 1  0
   214  0.5976669411549613       4   0 0  1 2  0 0  0 1  0
   215  0.5321705654432581E-01   4   0 0  0 3  0 0  0 1  0
   216  -.6148212846045215E-04   4   2 0  0 0  0 2  0 0  0
   217  0.5990521668721111E-05   4   1 1  0 0  0 2  0 0  0
   218  -.5103887424974251E-04   4   0 2  0 0  0 2  0 0  0
   219  -.7226116497793181E-04   4   1 0  1 0  0 2  0 0  0
   220  -.1047379452792827E-03   4   0 1  1 0  0 2  0 0  0
   221  -.2656433350048669E-03   4   0 0  2 0  0 2  0 0  0
   222  -.6532140395854216E-04   4   1 0  0 1  0 2  0 0  0
   223  -.9978834225385952E-04   4   0 1  0 1  0 2  0 0  0
   224  -.2586383455776287E-03   4   0 0  1 1  0 2  0 0  0
   225  -.1840313517822989E-03   4   0 0  0 2  0 2  0 0  0
   226  -.7373666523818267E-04   4   2 0  0 0  0 1  1 0  0
   227  0.9290198904887740E-05   4   1 1  0 0  0 1  1 0  0
   228  -.6280426051465296E-04   4   0 2  0 0  0 1  1 0  0
   229  -.3142646830507416E-04   4   1 0  1 0  0 1  1 0  0
   230  -.1090518741603161E-03   4   0 1  1 0  0 1  1 0  0
   231  -.2866071097454024E-03   4   0 0  2 0  0 1  1 0  0
   232  -.3508902299286007E-04   4   1 0  0 1  0 1  1 0  0
   233  -.1068742982788287E-03   4   0 1  0 1  0 1  1 0  0
   234  -.3300605552268468E-03   4   0 0  1 1  0 1  1 0  0
   235  -.2304057890571004E-03   4   0 0  0 2  0 1  1 0  0
   236  -.6115368030039557E-04   4   2 0  0 0  0 0  2 0  0
   237  0.5955003277144951E-05   4   1 1  0 0  0 0  2 0  0
   238  -.5076355681913421E-04   4   0 2  0 0  0 0  2 0  0
   239  -.7196736839366218E-04   4   1 0  1 0  0 0  2 0  0
   240  -.1042060725402000E-03   4   0 1  1 0  0 0  2 0  0
   241  -.2642776286109500E-03   4   0 0  2 0  0 0  2 0  0
   242  -.6504466750846511E-04   4   1 0  0 1  0 0  2 0  0
   243  -.9927663513861605E-04   4   0 1  0 1  0 0  2 0  0
   244  -.2572234749381501E-03   4   0 0  1 1  0 0  2 0  0
   245  -.1830320383418956E-03   4   0 0  0 2  0 0  2 0  0
   246  0.4917985942812454E-04   4   2 0  0 0  0 1  0 1  0
   247  -.5356555024966100E-05   4   1 1  0 0  0 1  0 1  0
   248  0.3651931747798132E-05   4   0 2  0 0  0 1  0 1  0
   249  0.6959610928017199E-04   4   1 0  1 0  0 1  0 1  0
   250  0.1035379231475767E-03   4   0 1  1 0  0 1  0 1  0
   251  0.3549233751455588E-03   4   0 0  2 0  0 1  0 1  0
   252  -.2407300645127443E-04   4   1 0  0 1  0 1  0 1  0
   253  0.1492393065095242E-04   4   0 1  0 1  0 1  0 1  0
   254  0.2282628131283864E-03   4   0 0  1 1  0 1  0 1  0
   255  0.3385633008138486E-04   4   0 0  0 2  0 1  0 1  0
   256  0.4901561988960384E-04   4   2 0  0 0  0 0  1 1  0
   257  -.5338666439362330E-05   4   1 1  0 0  0 0  1 1  0
   258  0.3639735869405183E-05   4   0 2  0 0  0 0  1 1  0
   259  0.6936368826465969E-04   4   1 0  1 0  0 0  1 1  0
   260  0.1031921510995291E-03   4   0 1  1 0  0 0  1 1  0
   261  0.3537380840117086E-03   4   0 0  2 0  0 0  1 1  0
   262  -.2399261298296578E-04   4   1 0  0 1  0 0  1 1  0
   263  0.1487409115341155E-04   4   0 1  0 1  0 0  1 1  0
   264  0.2275005136926905E-03   4   0 0  1 1  0 0  1 1  0
   265  0.3374326452785882E-04   4   0 0  0 2  0 0  1 1  0
   266  -.1847844824049216E-07   4   2 0  0 0  0 0  0 2  0
   267  -.4217894614413820E-08   4   1 1  0 0  0 0  0 2  0
   268  -.1765794745732912E-08   4   0 2  0 0  0 0  0 2  0
   269  0.4118042436319521E-04   4   1 0  1 0  0 0  0 2  0
   270  -.2000717684263965E-05   4   0 1  1 0  0 0  0 2  0
   271  -.6563647854904512E-04   4   0 0  2 0  0 0  0 2  0
   272  0.6173221366292189E-05   4   1 0  0 1  0 0  0 2  0
   273  0.3040578581461086E-06   4   0 1  0 1  0 0  0 2  0
   274  -.1573858677056268E-04   4   0 0  1 1  0 0  0 2  0
   275  -.7278824959884325E-06   4   0 0  0 2  0 0  0 2  0
   276  0.2102024176377464E-04   4   1 0  0 0  0 3  0 0  0
   277  0.5126355279724133E-05   4   0 1  0 0  0 3  0 0  0
   278  -.6443385149107694E-01   4   0 0  1 0  0 3  0 0  0
   279  -.1083038774999245       4   0 0  0 1  0 3  0 0  0
   280  0.1264297162999850E-04   4   1 0  0 0  0 2  1 0  0
   281  0.5120455887891405E-05   4   0 1  0 0  0 2  1 0  0
   282  -.4089099738974753E-01   4   0 0  1 0  0 2  1 0  0
   283  -.7081601623570111E-01   4   0 0  0 1  0 2  1 0  0
   284  0.1268458468931737E-04   4   1 0  0 0  0 1  2 0  0
   285  0.5120399680810512E-05   4   0 1  0 0  0 1  2 0  0
   286  -.4100785395238386E-01   4   0 0  1 0  0 1  2 0  0
   287  -.7100199436542419E-01   4   0 0  0 1  0 1  2 0  0
   288  0.2089390379383667E-04   4   1 0  0 0  0 0  3 0  0
   289  0.5092154144114520E-05   4   0 1  0 0  0 0  3 0  0
   290  -.6404302961001226E-01   4   0 0  1 0  0 0  3 0  0
   291  -.1076434945001030       4   0 0  0 1  0 0  3 0  0
   292  -.2526781207265445E-04   4   1 0  0 0  0 2  0 1  0
   293  -.5116676886369473E-05   4   0 1  0 0  0 2  0 1  0
   294  0.8174222500728018E-01   4   0 0  1 0  0 2  0 1  0
   295  0.1448920153436522E-01   4   0 0  0 1  0 2  0 1  0
   296  -.1692473661772527E-04   4   1 0  0 0  0 1  1 1  0
   297  -.5113065208592000E-05   4   0 1  0 0  0 1  1 1  0
   298  0.5829470402455712E-01   4   0 0  1 0  0 1  1 1  0
   299  0.1450128360100622E-01   4   0 0  0 1  0 1  1 1  0
   300  -.2515516780480165E-04   4   1 0  0 0  0 0  2 1  0
   301  -.5091051673113957E-05   4   0 1  0 0  0 0  2 1  0
   302  0.8137190160318176E-01   4   0 0  1 0  0 0  2 1  0
   303  0.1441659982548764E-01   4   0 0  0 1  0 0  2 1  0
   304  0.5977484907351671E-07   4   1 0  0 0  0 1  0 2  0
   305  -.6855491828228896E-08   4   0 1  0 0  0 1  0 2  0
   306  -.5543342193252050E-02   4   0 0  1 0  0 1  0 2  0
   307  -.2452889265650065E-04   4   0 0  0 1  0 1  0 2  0
   308  0.5957522683504219E-07   4   1 0  0 0  0 0  1 2  0
   309  -.6832597439605094E-08   4   0 1  0 0  0 0  1 2  0
   310  -.5524829818994316E-02   4   0 0  1 0  0 0  1 2  0
   311  -.2444697672471603E-04   4   0 0  0 1  0 0  1 2  0
   312  -.1307303072199684E-07   4   1 0  0 0  0 0  0 3  0
   313  0.1099038958021455E-08   4   0 1  0 0  0 0  0 3  0
   314  0.3504982151835566E-04   4   0 0  1 0  0 0  0 3  0
   315  -.3212259873670013E-05   4   0 0  0 1  0 0  0 3  0
   316  -.1454797501334661E-04   4   0 0  0 0  0 4  0 0  0
   317  -.9290738141105033E-05   4   0 0  0 0  0 3  1 0  0
   318  -.8595185251027329E-05   4   0 0  0 0  0 2  2 0  0
   319  -.9327798492037660E-05   4   0 0  0 0  0 1  3 0  0
   320  -.1443545075931909E-04   4   0 0  0 0  0 0  4 0  0
   321  0.1564558832155578E-05   4   0 0  0 0  0 3  0 1  0
   322  0.1850625766929696E-05   4   0 0  0 0  0 2  1 1  0
   323  0.1849166582855125E-05   4   0 0  0 0  0 1  2 1  0
   324  0.1553641606263399E-05   4   0 0  0 0  0 0  3 1  0
   325  -.2312105724272294E-08   4   0 0  0 0  0 2  0 2  0
   326  -.3081956220864747E-08   4   0 0  0 0  0 1  1 2  0
   327  -.2299238084587397E-08   4   0 0  0 0  0 0  2 2  0
   328  -.2526965334930338E-09   4   0 0  0 0  0 1  0 3  0
   329  -.2518526359599931E-09   4   0 0  0 0  0 0  1 3  0
   330  -.3376409477858794E-15   4   0 0  0 0  0 0  0 4  0
   -------------------------------------------------------
     I  COEFFICIENT            ORDER EXPONENTS
     1  -.3723672046083889E-04   0   0 0  0 0  0 0  0 0  0
     2  -.4483035310019630E-03   1   1 0  0 0  0 0  0 0  0
     3  -.6716492570024899E-04   1   0 1  0 0  0 0  0 0  0
     4   1.353238908255991       1   0 0  1 0  0 0  0 0  0
     5   1.193931494476158       1   0 0  0 1  0 0  0 0  0
     6  0.2025680301313769E-05   1   0 0  0 0  0 1  0 0  0
     7  0.2018915401988161E-05   1   0 0  0 0  0 0  1 0  0
     8  -.4128131616414087E-04   1   0 0  0 0  0 0  0 1  0
     9  0.2655228132114898E-03   2   2 0  0 0  0 0  0 0  0
    10  -.1101356734029121E-03   2   1 1  0 0  0 0  0 0  0
    11  -.4526094452508263E-04   2   0 2  0 0  0 0  0 0  0
    12  0.1870771187080794E-03   2   1 0  1 0  0 0  0 0  0
    13  0.1001790473606186E-03   2   0 1  1 0  0 0  0 0  0
    14  0.2578983443371691E-03   2   0 0  2 0  0 0  0 0  0
    15  0.2383097304162257E-04   2   1 0  0 1  0 0  0 0  0
    16  0.2138346987676878E-04   2   0 1  0 1  0 0  0 0  0
    17  0.3153141865730141E-03   2   0 0  1 1  0 0  0 0  0
    18  0.5622369830663610E-04   2   0 0  0 2  0 0  0 0  0
    19  0.8546439216056106E-06   2   1 0  0 0  0 1  0 0  0
    20  0.3363419570048981E-04   2   0 1  0 0  0 1  0 0  0
    21  -.4951235386663889E-01   2   0 0  1 0  0 1  0 0  0
    22  -.9985552445502358E-01   2   0 0  0 1  0 1  0 0  0
    23  0.8517897791797340E-06   2   1 0  0 0  0 0  1 0  0
    24  0.3352187198007663E-04   2   0 1  0 0  0 0  1 0  0
    25  -.4934700393996715E-01   2   0 0  1 0  0 0  1 0  0
    26  -.9952205003183605E-01   2   0 0  0 1  0 0  1 0  0
    27  -.4500099647027479E-03   2   1 0  0 0  0 0  0 1  0
    28  -.6715606768056622E-04   2   0 1  0 0  0 0  0 1  0
    29   1.452098266062595       2   0 0  1 0  0 0  0 1  0
    30  0.1993775744868576       2   0 0  0 1  0 0  0 1  0
    31  -.1558776510788175E-05   2   0 0  0 0  0 2  0 0  0
    32  -.1094967757496365E-05   2   0 0  0 0  0 1  1 0  0
    33  -.1551742508632479E-05   2   0 0  0 0  0 0  2 0  0
    34  0.4212518990920119E-05   2   0 0  0 0  0 1  0 1  0
    35  0.4198450992696342E-05   2   0 0  0 0  0 0  1 1  0
    36  -.4205484224206563E-05   2   0 0  0 0  0 0  0 2  0
    37  0.3761347401263099E-03   3   3 0  0 0  0 0  0 0  0
    38  0.1936229483001304E-03   3   2 1  0 0  0 0  0 0  0
    39  0.3524291726189657E-04   3   1 2  0 0  0 0  0 0  0
    40  -.3114819285558477E-04   3   0 3  0 0  0 0  0 0  0
    41  -3.168962757780857       3   2 0  1 0  0 0  0 0  0
    42  -1.939760558648791       3   1 1  1 0  0 0  0 0  0
    43  0.5829766903995692       3   0 2  1 0  0 0  0 0  0
    44  -.6728078416229172E-03   3   1 0  2 0  0 0  0 0  0
    45  -.1543412167129497E-03   3   0 1  2 0  0 0  0 0  0
    46  -2.237292603763126       3   0 0  3 0  0 0  0 0  0
    47  0.2830089897371016E-02   3   2 0  0 1  0 0  0 0  0
    48  -.3665759127528329       3   1 1  0 1  0 0  0 0  0
    49  0.1607482519914675       3   0 2  0 1  0 0  0 0  0
    50  -.1683319109739830E-03   3   1 0  1 1  0 0  0 0  0
    51  0.3969581938688032E-03   3   0 1  1 1  0 0  0 0  0
    52  -1.410922320135008       3   0 0  2 1  0 0  0 0  0
    53  -.1586812519437223E-04   3   1 0  0 2  0 0  0 0  0
    54  0.2814703312924057E-04   3   0 1  0 2  0 0  0 0  0
    55  -.9302245319654342       3   0 0  1 2  0 0  0 0  0
    56  -.1806288316467728E-01   3   0 0  0 3  0 0  0 0  0
    57  -.1299620654645780E-03   3   2 0  0 0  0 1  0 0  0
    58  0.8779972248678837E-05   3   1 1  0 0  0 1  0 0  0
    59  0.4451747409006398E-04   3   0 2  0 0  0 1  0 0  0
    60  -.8822559438554193E-04   3   1 0  1 0  0 1  0 0  0
    61  -.8751390305902186E-04   3   0 1  1 0  0 1  0 0  0
    62  -.1614284617685714E-03   3   0 0  2 0  0 1  0 0  0
    63  -.5090263069837939E-05   3   1 0  0 1  0 1  0 0  0
    64  -.2738408751176765E-04   3   0 1  0 1  0 1  0 0  0
    65  -.2269108059933116E-03   3   0 0  1 1  0 1  0 0  0
    66  -.6200333737187540E-04   3   0 0  0 2  0 1  0 0  0
    67  -.1295280481675517E-03   3   2 0  0 0  0 0  1 0  0
    68  0.8750650924723694E-05   3   1 1  0 0  0 0  1 0  0
    69  0.4436880490951611E-04   3   0 2  0 0  0 0  1 0  0
    70  -.8793095891736247E-04   3   1 0  1 0  0 0  1 0  0
    71  -.8722164433320033E-04   3   0 1  1 0  0 0  1 0  0
    72  -.1608893602669975E-03   3   0 0  2 0  0 0  1 0  0
    73  -.5073263784617496E-05   3   1 0  0 1  0 0  1 0  0
    74  -.2729263645948637E-04   3   0 1  0 1  0 0  1 0  0
    75  -.2261530216788590E-03   3   0 0  1 1  0 0  1 0  0
    76  -.6179627294275587E-04   3   0 0  0 2  0 0  1 0  0
    77  0.5250129268436194E-03   3   2 0  0 0  0 0  0 1  0
    78  -.1753062317340201E-04   3   1 1  0 0  0 0  0 1  0
    79  -.4362533447449711E-04   3   0 2  0 0  0 0  0 1  0
    80  0.3632336720109838E-03   3   1 0  1 0  0 0  0 1  0
    81  0.1747355473922219E-03   3   0 1  1 0  0 0  0 1  0
    82  0.5802161663727406E-03   3   0 0  2 0  0 0  0 1  0
    83  0.1016352685445577E-04   3   1 0  0 1  0 0  0 1  0
    84  0.3329325409448504E-04   3   0 1  0 1  0 0  0 1  0
    85  0.4530638276720247E-03   3   0 0  1 1  0 0  0 1  0
    86  0.6757591200799709E-04   3   0 0  0 2  0 0  0 1  0
    87  -.8467697236305411E-06   3   1 0  0 0  0 2  0 0  0
    88  -.2522327194839247E-04   3   0 1  0 0  0 2  0 0  0
    89  0.3773064092750968E-01   3   0 0  1 0  0 2  0 0  0
    90  0.7622511948320890E-01   3   0 0  0 1  0 2  0 0  0
    91  -.8448141897236021E-06   3   1 0  0 0  0 1  1 0  0
    92  -.1686831865633079E-04   3   0 1  0 0  0 1  1 0  0
    93  0.2602705420024106E-01   3   0 0  1 0  0 1  1 0  0
    94  0.5275144292485386E-01   3   0 0  0 1  0 1  1 0  0
    95  -.8425312199542985E-06   3   1 0  0 0  0 0  2 0  0
    96  -.2511087063116744E-04   3   0 1  0 0  0 0  2 0  0
    97  0.3756117727233747E-01   3   0 0  1 0  0 0  2 0  0
    98  0.7588247688591943E-01   3   0 0  0 1  0 0  2 0  0
    99  0.2540672634031877E-05   3   1 0  0 0  0 1  0 1  0
   100  0.3367551566700113E-04   3   0 1  0 0  0 1  0 1  0
   101  -.1014883084878506       3   0 0  1 0  0 1  0 1  0
   102  -.1053461814645910       3   0 0  0 1  0 1  0 1  0
   103  0.2532187882228586E-05   3   1 0  0 0  0 0  1 1  0
   104  0.3356305395570478E-04   3   0 1  0 0  0 0  1 1  0
   105  -.1011493812695702       3   0 0  1 0  0 0  1 1  0
   106  -.1049943706129563       3   0 0  0 1  0 0  1 1  0
   107  -.2537338028405163E-05   3   1 0  0 0  0 0  0 2  0
   108  -.4051434383825124E-07   3   0 1  0 0  0 0  0 2  0
   109  0.1013188399601134       3   0 0  1 0  0 0  0 2  0
   110  0.5481501561253430E-02   3   0 0  0 1  0 0  0 2  0
   111  0.1320447718555416E-05   3   0 0  0 0  0 3  0 0  0
   112  0.8446298489064069E-06   3   0 0  0 0  0 2  1 0  0
   113  0.8469912990314494E-06   3   0 0  0 0  0 1  2 0  0
   114  0.1312427513680988E-05   3   0 0  0 0  0 0  3 0  0
   115  -.3247198447303511E-05   3   0 0  0 0  0 2  0 1  0
   116  -.2288278431989643E-05   3   0 0  0 0  0 1  1 1  0
   117  -.3232533271793841E-05   3   0 0  0 0  0 0  2 1  0
   118  0.2285079181187662E-05   3   0 0  0 0  0 1  0 2  0
   119  0.2277448001380182E-05   3   0 0  0 0  0 0  1 2  0
   120  -.1190143194537616E-06   3   0 0  0 0  0 0  0 3  0
   121  0.2295383483028573E-03   4   4 0  0 0  0 0  0 0  0
   122  -.8148190047243010E-04   4   3 1  0 0  0 0  0 0  0
   123  -.7838846678480870E-04   4   2 2  0 0  0 0  0 0  0
   124  0.3468964762318993E-04   4   1 3  0 0  0 0  0 0  0
   125  -.2914685789579113E-04   4   0 4  0 0  0 0  0 0  0
   126  0.9785844482680679E-07   4   3 0  1 0  0 0  0 0  0
   127  -.1543523869130432E-03   4   2 1  1 0  0 0  0 0  0
   128  -.2354864217879504E-04   4   1 2  1 0  0 0  0 0  0
   129  -.1433540055721979E-04   4   0 3  1 0  0 0  0 0  0
   130  0.1842692316455060E-03   4   2 0  2 0  0 0  0 0  0
   131  -.2016048196713513E-02   4   1 1  2 0  0 0  0 0  0
   132  -.6538988364031296E-04   4   0 2  2 0  0 0  0 0  0
   133  0.3574636443089718E-06   4   1 0  3 0  0 0  0 0  0
   134  -.2005999994125096E-06   4   0 1  3 0  0 0  0 0  0
   135  -.4098405926637465E-03   4   0 0  4 0  0 0  0 0  0
   136  -.7743161019123913E-04   4   3 0  0 1  0 0  0 0  0
   137  -.4720708242970849E-04   4   2 1  0 1  0 0  0 0  0
   138  0.2635209717119381E-04   4   1 2  0 1  0 0  0 0  0
   139  -.3941407033154506E-05   4   0 3  0 1  0 0  0 0  0
   140  -.5836674544600321E-03   4   2 0  1 1  0 0  0 0  0
   141  -.1143797250177829E-02   4   1 1  1 1  0 0  0 0  0
   142  0.4593705198202410E-03   4   0 2  1 1  0 0  0 0  0
   143  -.1641655047107633E-03   4   1 0  2 1  0 0  0 0  0
   144  -.1235722548083792E-06   4   0 1  2 1  0 0  0 0  0
   145  -.1541558928929937E-02   4   0 0  3 1  0 0  0 0  0
   146  0.1958307592717493E-03   4   2 0  0 2  0 0  0 0  0
   147  -.1904925261709224E-03   4   1 1  0 2  0 0  0 0  0
   148  -.1567505529744601E-04   4   0 2  0 2  0 0  0 0  0
   149  -.4528984934596796E-04   4   1 0  1 2  0 0  0 0  0
   150  -.1423015378239135E-04   4   0 1  1 2  0 0  0 0  0
   151  -.4872927169944233E-03   4   0 0  2 2  0 0  0 0  0
   152  -.1755185576774266E-05   4   1 0  0 3  0 0  0 0  0
   153  -.3944154382321278E-05   4   0 1  0 3  0 0  0 0  0
   154  0.1088679989920434E-03   4   0 0  1 3  0 0  0 0  0
   155  0.1733326177291698E-04   4   0 0  0 4  0 0  0 0  0
   156  -.2303701103853540E-03   4   3 0  0 0  0 1  0 0  0
   157  -.2253589816942187E-03   4   2 1  0 0  0 1  0 0  0
   158  -.5929604303892806E-04   4   1 2  0 0  0 1  0 0  0
   159  0.4510019226708886E-04   4   0 3  0 0  0 1  0 0  0
   160   1.541380234686078       4   2 0  1 0  0 1  0 0  0
   161   2.027961134023269       4   1 1  1 0  0 1  0 0  0
   162  -.5483040940589523       4   0 2  1 0  0 1  0 0  0
   163  0.2512654470492770E-03   4   1 0  2 0  0 1  0 0  0
   164  0.1713570617281541E-03   4   0 1  2 0  0 1  0 0  0
   165   1.396886730826568       4   0 0  3 0  0 1  0 0  0
   166  -.5036507702209597E-01   4   2 0  0 1  0 1  0 0  0
   167  0.5486048080395347       4   1 1  0 1  0 1  0 0  0
   168  -.2262558881779380       4   0 2  0 1  0 1  0 0  0
   169  0.1273919969114871E-03   4   1 0  1 1  0 1  0 0  0
   170  -.3679584947960335E-03   4   0 1  1 1  0 1  0 0  0
   171   1.538831575989275       4   0 0  2 1  0 1  0 0  0
   172  0.2079214663285820E-04   4   1 0  0 2  0 1  0 0  0
   173  -.3891501019298697E-04   4   0 1  0 2  0 1  0 0  0
   174   1.099014920740345       4   0 0  1 2  0 1  0 0  0
   175  0.3656944449458251E-01   4   0 0  0 3  0 1  0 0  0
   176  -.2296007734848703E-03   4   3 0  0 0  0 0  1 0  0
   177  -.2246063798042321E-03   4   2 1  0 0  0 0  1 0  0
   178  -.5909801980628575E-04   4   1 2  0 0  0 0  1 0  0
   179  0.4494957705892670E-04   4   0 3  0 0  0 0  1 0  0
   180   1.536232688894497       4   2 0  1 0  0 0  1 0  0
   181   2.021188617699254       4   1 1  1 0  0 0  1 0  0
   182  -.5464729946531339       4   0 2  1 0  0 0  1 0  0
   183  0.2504263287283077E-03   4   1 0  2 0  0 0  1 0  0
   184  0.1707848029810285E-03   4   0 1  2 0  0 0  1 0  0
   185   1.392221731074519       4   0 0  3 0  0 0  1 0  0
   186  -.5019687936752671E-01   4   2 0  0 1  0 0  1 0  0
   187  0.5467727043785964       4   1 1  0 1  0 0  1 0  0
   188  -.2255002910067768       4   0 2  0 1  0 0  1 0  0
   189  0.1269665625359813E-03   4   1 0  1 1  0 0  1 0  0
   190  -.3667296719794774E-03   4   0 1  1 1  0 0  1 0  0
   191   1.533692541619471       4   0 0  2 1  0 0  1 0  0
   192  0.2072270982259883E-04   4   1 0  0 2  0 0  1 0  0
   193  -.3878505082770942E-04   4   0 1  0 2  0 0  1 0  0
   194   1.095344684478800       4   0 0  1 2  0 0  1 0  0
   195  0.3644731830801413E-01   4   0 0  0 3  0 0  1 0  0
   196  0.8361056239965345E-03   4   3 0  0 0  0 0  0 1  0
   197  0.4499653614984498E-03   4   2 1  0 0  0 0  0 1  0
   198  0.8315114558331701E-04   4   1 2  0 0  0 0  0 1  0
   199  -.2775338361484600E-04   4   0 3  0 0  0 0  0 1  0
   200  -6.246575681361435       4   2 0  1 0  0 0  0 1  0
   201  -4.049149751722521       4   1 1  1 0  0 0  0 1  0
   202  0.5118003983125150       4   0 2  1 0  0 0  0 1  0
   203  -.1174499617400521E-02   4   1 0  2 0  0 0  0 1  0
   204  -.3421418647091921E-03   4   0 1  2 0  0 0  0 1  0
   205  -5.026401065664171       4   0 0  3 0  0 0  0 1  0
   206  0.1005619563896214       4   2 0  0 1  0 0  0 1  0
   207  -.7288015996652928       4   1 1  0 1  0 0  0 1  0
   208  0.1302596752017809       4   0 2  0 1  0 0  0 1  0
   209  -.2543585594474873E-03   4   1 0  1 1  0 0  0 1  0
   210  0.3377299729067011E-03   4   0 1  1 1  0 0  0 1  0
   211  -3.072524117608686       4   0 0  2 1  0 0  0 1  0
   212  -.2564673126108750E-04   4   1 0  0 2  0 0  0 1  0
   213  0.2140599476221165E-04   4   0 1  0 2  0 0  0 1  0
   214  -1.264135073253688       4   0 0  1 2  0 0  0 1  0
   215  -.3689099647323452E-01   4   0 0  0 3  0 0  0 1  0
   216  0.2603007454700185E-04   4   2 0  0 0  0 2  0 0  0
   217  0.2082683783380050E-04   4   1 1  0 0  0 2  0 0  0
   218  -.5988741148148909E-04   4   0 2  0 0  0 2  0 0  0
   219  0.3072250621058120E-04   4   1 0  1 0  0 2  0 0  0
   220  -.1706187559290762E-04   4   0 1  1 0  0 2  0 0  0
   221  0.2161729197721854E-03   4   0 0  2 0  0 2  0 0  0
   222  0.2174566125434720E-04   4   1 0  0 1  0 2  0 0  0
   223  -.6545100242897591E-05   4   0 1  0 1  0 2  0 0  0
   224  0.4335986705756674E-03   4   0 0  1 1  0 2  0 0  0
   225  0.3108026859087120E-04   4   0 0  0 2  0 2  0 0  0
   226  0.7194650698591268E-05   4   2 0  0 0  0 1  1 0  0
   227  0.6535749172169356E-04   4   1 1  0 0  0 1  1 0  0
   228  -.6709243098300027E-04   4   0 2  0 0  0 1  1 0  0
   229  0.3765987181881996E-04   4   1 0  1 0  0 1  1 0  0
   230  -.1973289433427651E-04   4   0 1  1 0  0 1  1 0  0
   231  0.2386109226201973E-03   4   0 0  2 0  0 1  1 0  0
   232  0.2127277216430132E-04   4   1 0  0 1  0 1  1 0  0
   233  -.9112708824717944E-05   4   0 1  0 1  0 1  1 0  0
   234  0.4488308062957663E-03   4   0 0  1 1  0 1  1 0  0
   235  0.3783825067710746E-04   4   0 0  0 2  0 1  1 0  0
   236  0.2593113179801669E-04   4   2 0  0 0  0 0  2 0  0
   237  0.2064815224021644E-04   4   1 1  0 0  0 0  2 0  0
   238  -.5957538342864748E-04   4   0 2  0 0  0 0  2 0  0
   239  0.3055702240641847E-04   4   1 0  1 0  0 0  2 0  0
   240  -.1697194659850487E-04   4   0 1  1 0  0 0  2 0  0
   241  0.2150525665395105E-03   4   0 0  2 0  0 0  2 0  0
   242  0.2163751916990965E-04   4   1 0  0 1  0 0  2 0  0
   243  -.6508026168048919E-05   4   0 1  0 1  0 0  2 0  0
   244  0.4314011871126126E-03   4   0 0  1 1  0 0  2 0  0
   245  0.3091329216025900E-04   4   0 0  0 2  0 0  2 0  0
   246  -.6717162697351912E-04   4   2 0  0 0  0 1  0 1  0
   247  -.4484239567302311E-04   4   1 1  0 0  0 1  0 1  0
   248  0.4606365485648006E-04   4   0 2  0 0  0 1  0 1  0
   249  -.4953242577714800E-04   4   1 0  1 0  0 1  0 1  0
   250  0.1263092804262074E-04   4   0 1  1 0  0 1  0 1  0
   251  -.4292334417060769E-03   4   0 0  2 0  0 1  0 1  0
   252  -.2913114063113631E-04   4   1 0  0 1  0 1  0 1  0
   253  0.3213371911023723E-05   4   0 1  0 1  0 1  0 1  0
   254  -.5525119645033485E-03   4   0 0  1 1  0 1  0 1  0
   255  -.3421364828045034E-04   4   0 0  0 2  0 1  0 1  0
   256  -.6694730268418399E-04   4   2 0  0 0  0 0  1 1  0
   257  -.4469264139439889E-04   4   1 1  0 0  0 0  1 1  0
   258  0.4590982209843274E-04   4   0 2  0 0  0 0  1 1  0
   259  -.4936700881894479E-04   4   1 0  1 0  0 0  1 1  0
   260  0.1258874618571969E-04   4   0 1  1 0  0 0  1 1  0
   261  -.4277999869706778E-03   4   0 0  2 0  0 0  1 1  0
   262  -.2903385517425468E-04   4   1 0  0 1  0 0  1 1  0
   263  0.3202640633506885E-05   4   0 1  0 1  0 0  1 1  0
   264  -.5506668126234439E-03   4   0 0  1 1  0 0  1 1  0
   265  -.3409938943811050E-04   4   0 0  0 2  0 0  1 1  0
   266  0.7496306971067008E-04   4   2 0  0 0  0 0  0 2  0
   267  0.4028244019028132E-04   4   1 1  0 0  0 0  0 2  0
   268  0.2730794262594749E-05   4   0 2  0 0  0 0  0 2  0
   269  -.3996584578533754E-07   4   1 0  1 0  0 0  0 2  0
   270  -.4919046598647055E-08   4   0 1  1 0  0 0  0 2  0
   271  0.1871970245506734E-03   4   0 0  2 0  0 0  0 2  0
   272  0.2471167454354986E-05   4   1 0  0 1  0 0  0 2  0
   273  -.3533581863706305E-09   4   0 1  0 1  0 0  0 2  0
   274  0.8157710204145753E-04   4   0 0  1 1  0 0  0 2  0
   275  0.3720716452390965E-05   4   0 0  0 2  0 0  0 2  0
   276  0.8474087953636808E-06   4   1 0  0 0  0 3  0 0  0
   277  0.2102338876956982E-04   4   0 1  0 0  0 3  0 0  0
   278  -.3185340112321323E-01   4   0 0  1 0  0 3  0 0  0
   279  -.6443382295434037E-01   4   0 0  0 1  0 3  0 0  0
   280  0.8475203123047353E-06   4   1 0  0 0  0 2  1 0  0
   281  0.1264044463207823E-04   4   0 1  0 0  0 2  1 0  0
   282  -.2011873263801082E-01   4   0 0  1 0  0 2  1 0  0
   283  -.4089096520276423E-01   4   0 0  0 1  0 2  1 0  0
   284  0.8475055774025039E-06   4   1 0  0 0  0 1  2 0  0
   285  0.1268208606179011E-04   4   0 1  0 0  0 1  2 0  0
   286  -.2017698286410840E-01   4   0 0  1 0  0 1  2 0  0
   287  -.4100782178416421E-01   4   0 0  0 1  0 1  2 0  0
   288  0.8417533906680149E-06   4   1 0  0 0  0 0  3 0  0
   289  0.2089703924062448E-04   4   0 1  0 0  0 0  3 0  0
   290  -.3166035500604693E-01   4   0 0  1 0  0 0  3 0  0
   291  -.6404300126979146E-01   4   0 0  0 1  0 0  3 0  0
   292  -.2539705893448854E-05   4   1 0  0 0  0 2  0 1  0
   293  -.2527113671289003E-04   4   0 1  0 0  0 2  0 1  0
   294  0.7794833572003942E-01   4   0 0  1 0  0 2  0 1  0
   295  0.8174218503602618E-01   4   0 0  0 1  0 2  0 1  0
   296  -.2538717274660075E-05   4   1 0  0 0  0 1  1 1  0
   297  -.1692251619355434E-04   4   0 1  0 0  0 1  1 1  0
   298  0.5456445781235349E-01   4   0 0  1 0  0 1  1 1  0
   299  0.5829466806467957E-01   4   0 0  0 1  0 1  1 1  0
   300  -.2526985259360986E-05   4   1 0  0 0  0 0  2 1  0
   301  -.2515848504976677E-04   4   0 1  0 0  0 0  2 1  0
   302  0.7759691097882276E-01   4   0 0  1 0  0 0  2 1  0
   303  0.8137186182546007E-01   4   0 0  0 1  0 0  2 1  0
   304  0.2536872302655922E-05   4   1 0  0 0  0 1  0 2  0
   305  0.5987534622286939E-07   4   0 1  0 0  0 1  0 2  0
   306  -.5448642831373839E-01   4   0 0  1 0  0 1  0 2  0
   307  -.5543331313373234E-02   4   0 0  0 1  0 1  0 2  0
   308  0.2528400242322212E-05   4   1 0  0 0  0 0  1 2  0
   309  0.5967538836721738E-07   4   0 1  0 0  0 0  1 2  0
   310  -.5430446712177957E-01   4   0 0  1 0  0 0  1 2  0
   311  -.5524818975449510E-02   4   0 0  0 1  0 0  1 2  0
   312  -.8426448388528923E-06   4   1 0  0 0  0 0  0 3  0
   313  -.1284068232458466E-07   4   0 1  0 0  0 0  0 3  0
   314  0.2490685158467666E-02   4   0 0  1 0  0 0  0 3  0
   315  0.3504905543839815E-04   4   0 0  0 1  0 0  0 3  0
   316  -.8725655913870278E-05   4   0 0  0 0  0 4  0 0  0
   317  -.5360659719631357E-05   4   0 0  0 0  0 3  1 0  0
   318  -.4914850777335831E-05   4   0 0  0 0  0 2  2 0  0
   319  -.5384399281362994E-05   4   0 0  0 0  0 1  3 0  0
   320  -.8658517346830847E-05   4   0 0  0 0  0 0  4 0  0
   321  0.1044590005604558E-04   4   0 0  0 0  0 3  0 1  0
   322  0.6966009538409576E-05   4   0 0  0 0  0 2  1 1  0
   323  0.6983266790311911E-05   4   0 0  0 0  0 1  2 1  0
   324  0.1038198015302629E-04   4   0 0  0 0  0 0  3 1  0
   325  -.5433689972514617E-06   4   0 0  0 0  0 2  0 2  0
   326  -.6547484771280738E-06   4   0 0  0 0  0 1  1 2  0
   327  -.5404610900536121E-06   4   0 0  0 0  0 0  2 2  0
   328  0.2757189995470656E-08   4   0 0  0 0  0 1  0 3  0
   329  0.2747982168979572E-08   4   0 0  0 0  0 0  1 3  0
   330  0.3370811899211746E-14   4   0 0  0 0  0 0  0 4  0
   -------------------------------------------------------
     I  COEFFICIENT            ORDER EXPONENTS
     1  -.5138219198640744E-08   0   0 0  0 0  0 0  0 0  0
     2  0.9228817621605189E-04   1   1 0  0 0  0 0  0 0  0
     3  0.2845256685085299E-04   1   0 1  0 0  0 0  0 0  0
     4  0.2794737278256324E-05   1   0 0  1 0  0 0  0 0  0
     5  0.3967490128950329E-05   1   0 0  0 1  0 0  0 0  0
     6   1.000000000000000       1   0 0  0 0  1 0  0 0  0
     7  0.7474932550979384E-01   1   0 0  0 0  0 1  0 0  0
     8  -.7474932601208749E-01   1   0 0  0 0  0 0  1 0  0
     9  0.5022933226316910E-09   1   0 0  0 0  0 0  0 1  0
    10  -.3361629089385057E-01   2   2 0  0 0  0 0  0 0  0
    11  0.8555879092739438E-01   2   1 1  0 0  0 0  0 0  0
    12  -.6822365640372648E-01   2   0 2  0 0  0 0  0 0  0
    13  0.1575768858264707E-05   2   1 0  1 0  0 0  0 0  0
    14  0.3368914237128608E-04   2   0 1  1 0  0 0  0 0  0
    15  -.3800703274975590E-01   2   0 0  2 0  0 0  0 0  0
    16  0.3368365608187403E-04   2   1 0  0 1  0 0  0 0  0
    17  0.5124596790105163E-05   2   0 1  0 1  0 0  0 0  0
    18  -.1036534804253169       2   0 0  1 1  0 0  0 0  0
    19  -.8262054744154231E-01   2   0 0  0 2  0 0  0 0  0
    20  -.3836452704615511E-04   2   1 0  0 0  0 1  0 0  0
    21  -.2626377023311754E-04   2   0 1  0 0  0 1  0 0  0
    22  -.4269813329471374E-05   2   0 0  1 0  0 1  0 0  0
    23  -.6136512012469630E-05   2   0 0  0 1  0 1  0 0  0
    24  0.5343639324930306E-04   2   1 0  0 0  0 0  1 0  0
    25  0.2086785096412402E-05   2   0 1  0 0  0 0  1 0  0
    26  -.1479452167372620E-05   2   0 0  1 0  0 0  1 0  0
    27  -.2174982800577996E-05   2   0 0  0 1  0 0  1 0  0
    28  -.1507186489293526E-04   2   1 0  0 0  0 0  0 1  0
    29  -.4275582285665629E-05   2   0 1  0 0  0 0  0 1  0
    30  0.5749265085403490E-05   2   0 0  1 0  0 0  0 1  0
    31  0.4344001084818321E-05   2   0 0  0 1  0 0  0 1  0
    32  -.5615576206046933E-01   2   0 0  0 0  0 2  0 0  0
    33  0.3756219899669260E-01   2   0 0  0 0  0 1  1 0  0
    34  0.1859356345035560E-01   2   0 0  0 0  0 0  2 0  0
    35  -.3855484789350980E-09   2   0 0  0 0  0 1  0 1  0
    36  0.1146831249068931E-09   2   0 0  0 0  0 0  1 1  0
    37  -.1157139662999921E-09   2   0 0  0 0  0 0  0 2  0
    38  0.8700570671162799E-04   3   3 0  0 0  0 0  0 0  0
    39  -.8693019007397382E-04   3   2 1  0 0  0 0  0 0  0
    40  -.3582877847941485E-04   3   1 2  0 0  0 0  0 0  0
    41  0.1864709311353974E-04   3   0 3  0 0  0 0  0 0  0
    42  0.8750380806320853E-04   3   2 0  1 0  0 0  0 0  0
    43  -.8006996269270392E-04   3   1 1  1 0  0 0  0 0  0
    44  -.1125211312945081E-04   3   0 2  1 0  0 0  0 0  0
    45  0.1361612849558161E-03   3   1 0  2 0  0 0  0 0  0
    46  -.2245265974512988E-04   3   0 1  2 0  0 0  0 0  0
    47  0.7197167855610461E-04   3   0 0  3 0  0 0  0 0  0
    48  -.3769890030711800E-04   3   2 0  0 1  0 0  0 0  0
    49  -.1204040855279301E-05   3   1 1  0 1  0 0  0 0  0
    50  0.4777041092219439E-05   3   0 2  0 1  0 0  0 0  0
    51  0.1721659470993923E-03   3   1 0  1 1  0 0  0 0  0
    52  0.4768702226355539E-04   3   0 1  1 1  0 0  0 0  0
    53  0.1097518649422613E-03   3   0 0  2 1  0 0  0 0  0
    54  0.7072896610202111E-04   3   1 0  0 2  0 0  0 0  0
    55  0.3291099785799970E-04   3   0 1  0 2  0 0  0 0  0
    56  0.4355987835852934E-04   3   0 0  1 2  0 0  0 0  0
    57  0.8376035982417413E-05   3   0 0  0 3  0 0  0 0  0
    58  0.4932518766611238E-01   3   2 0  0 0  0 1  0 0  0
    59  -.1239307693966246       3   1 1  0 0  0 1  0 0  0
    60  0.9897610289788658E-01   3   0 2  0 0  0 1  0 0  0
    61  -.3133315634603560E-05   3   1 0  1 0  0 1  0 0  0
    62  -.5057816594460811E-04   3   0 1  1 0  0 1  0 0  0
    63  0.5810304299897460E-01   3   0 0  2 0  0 1  0 0  0
    64  -.5054658157782930E-04   3   1 0  0 1  0 1  0 0  0
    65  -.1025091146922413E-04   3   0 1  0 1  0 1  0 0  0
    66  0.1601059979074484       3   0 0  1 1  0 1  0 0  0
    67  0.1277581903656299       3   0 0  0 2  0 1  0 0  0
    68  0.1576833418069019E-01   3   2 0  0 0  0 0  1 0  0
    69  -.3852860827081733E-01   3   1 1  0 0  0 0  1 0  0
    70  0.3087682507636406E-01   3   0 2  0 0  0 0  1 0  0
    71  -.1555931689052296E-05   3   1 0  1 0  0 0  1 0  0
    72  -.1694155036426404E-04   3   0 1  1 0  0 0  1 0  0
    73  0.2015541049405523E-01   3   0 0  2 0  0 0  1 0  0
    74  -.1692694891920264E-04   3   1 0  0 1  0 0  1 0  0
    75  -.5123860024369380E-05   3   0 1  0 1  0 0  1 0  0
    76  0.5660899444421846E-01   3   0 0  1 1  0 0  1 0  0
    77  0.4526190642041988E-01   3   0 0  0 2  0 0  1 0  0
    78  -.6509353757771338E-01   3   2 0  0 0  0 0  0 1  0
    79  0.7690059129874914E-01   3   1 1  0 0  0 0  0 1  0
    80  0.6594375894398174E-02   3   0 2  0 0  0 0  0 1  0
    81  0.4695155407047195E-05   3   1 0  1 0  0 0  0 1  0
    82  0.3382469325700258E-04   3   0 1  1 0  0 0  0 1  0
    83  -.7825847480933264E-01   3   0 0  2 0  0 0  0 1  0
    84  0.3380866337387104E-04   3   1 0  0 1  0 0  0 1  0
    85  0.5116647965811509E-05   3   0 1  0 1  0 0  0 1  0
    86  -.1130615310499763       3   0 0  1 1  0 0  0 1  0
    87  -.7779036410563843E-02   3   0 0  0 2  0 0  0 1  0
    88  0.2573346073620699E-04   3   1 0  0 0  0 2  0 0  0
    89  0.2473788443990272E-04   3   0 1  0 0  0 2  0 0  0
    90  0.5433014322622332E-05   3   0 0  1 0  0 2  0 0  0
    91  0.7862354676847079E-05   3   0 0  0 1  0 2  0 0  0
    92  -.2553467892851608E-04   3   1 0  0 0  0 1  1 0  0
    93  -.3055517124879374E-05   3   0 1  0 0  0 1  1 0  0
    94  0.2328514756310736E-05   3   0 0  1 0  0 1  1 0  0
    95  0.3454688278086100E-05   3   0 0  0 1  0 1  1 0  0
    96  -.1266055721651511E-04   3   1 0  0 0  0 0  2 0  0
    97  -.1478936650684373E-05   3   0 1  0 0  0 0  2 0  0
    98  0.1167466830512837E-05   3   0 0  1 0  0 0  2 0  0
    99  0.1731775634641157E-05   3   0 0  0 1  0 0  2 0  0
   100  0.1243228929431204E-04   3   1 0  0 0  0 1  0 1  0
   101  0.6107285144877285E-05   3   0 1  0 0  0 1  0 1  0
   102  -.8924733600163931E-05   3   0 0  1 0  0 1  0 1  0
   103  -.6906386235706801E-05   3   0 0  0 1  0 1  0 1  0
   104  -.2580595111688567E-05   3   1 0  0 0  0 0  1 1  0
   105  0.1839816679030650E-05   3   0 1  0 0  0 0  1 1  0
   106  -.3183999766284845E-05   3   0 0  1 0  0 0  1 1  0
   107  -.2568286532960847E-05   3   0 0  0 1  0 0  1 1  0
   108  0.2610084180746033E-05   3   1 0  0 0  0 0  0 2  0
   109  0.3020310948459131E-06   3   0 1  0 0  0 0  0 2  0
   110  0.3179734349583356E-05   3   0 0  1 0  0 0  0 2  0
   111  0.3933354766927383E-06   3   0 0  0 1  0 0  0 2  0
   112  0.4681222358802471E-01   3   0 0  0 0  0 3  0 0  0
   113  -.2812515890116906E-01   3   0 0  0 0  0 2  1 0  0
   114  -.9437042630781597E-02   3   0 0  0 0  0 1  2 0  0
   115  -.9250028937629204E-02   3   0 0  0 0  0 0  3 0  0
   116  -.2970710538259348E-09   3   0 0  0 0  0 2  0 1  0
   117  -.3741578382649917E-09   3   0 0  0 0  0 1  1 1  0
   118  -.1866361627575730E-09   3   0 0  0 0  0 0  2 1  0
   119  0.1019740918214555E-09   3   0 0  0 0  0 1  0 2  0
   120  0.5689842650929557E-10   3   0 0  0 0  0 0  1 2  0
   121  0.2539436108831284E-14   3   0 0  0 0  0 0  0 3  0
   122  -.1133963024442995       4   4 0  0 0  0 0  0 0  0
   123  -.1759126491111900       4   3 1  0 0  0 0  0 0  0
   124  0.5772357798535771E-01   4   2 2  0 0  0 0  0 0  0
   125  0.1235980595569937       4   1 3  0 0  0 0  0 0  0
   126  -.3881970290168037E-01   4   0 4  0 0  0 0  0 0  0
   127  0.2910042600119534E-03   4   3 0  1 0  0 0  0 0  0
   128  0.1298132644354597E-03   4   2 1  1 0  0 0  0 0  0
   129  -.4724289596277669E-04   4   1 2  1 0  0 0  0 0  0
   130  0.4353726584158388E-04   4   0 3  1 0  0 0  0 0  0
   131  -1.043977701205379       4   2 0  2 0  0 0  0 0  0
   132  -.4038758199595264       4   1 1  2 0  0 0  0 0  0
   133  0.2099108142155819       4   0 2  2 0  0 0  0 0  0
   134  -.1075523635807946E-03   4   1 0  3 0  0 0  0 0  0
   135  0.5473482936214882E-04   4   0 1  3 0  0 0  0 0  0
   136  -.3707617164742391       4   0 0  4 0  0 0  0 0  0
   137  0.4865049341838702E-04   4   3 0  0 1  0 0  0 0  0
   138  0.1703885626545897E-03   4   2 1  0 1  0 0  0 0  0
   139  0.6141129818422658E-04   4   1 2  0 1  0 0  0 0  0
   140  0.1360336661129973E-04   4   0 3  0 1  0 0  0 0  0
   141  -.4489169634910716       4   2 0  1 1  0 0  0 0  0
   142  -.3902574424887729E-01   4   1 1  1 1  0 0  0 0  0
   143  -.1210243611818389       4   0 2  1 1  0 0  0 0  0
   144  0.1482131607399618E-03   4   1 0  2 1  0 0  0 0  0
   145  0.3469685617912356E-03   4   0 1  2 1  0 0  0 0  0
   146  -.7110541098047488       4   0 0  3 1  0 0  0 0  0
   147  -.4013006191247053       4   2 0  0 2  0 0  0 0  0
   148  0.7339392910228373E-01   4   1 1  0 2  0 0  0 0  0
   149  -.1158684362643429       4   0 2  0 2  0 0  0 0  0
   150  0.1293888159555792E-03   4   1 0  1 2  0 0  0 0  0
   151  0.1198196020853592E-03   4   0 1  1 2  0 0  0 0  0
   152  -.7840158802571102       4   0 0  2 2  0 0  0 0  0
   153  0.6300846919781430E-04   4   1 0  0 3  0 0  0 0  0
   154  0.1747610532272664E-04   4   0 1  0 3  0 0  0 0  0
   155  -.2805249632955394       4   0 0  1 3  0 0  0 0  0
   156  -.8247852256901571E-01   4   0 0  0 4  0 0  0 0  0
   157  -.9701297972775178E-04   4   3 0  0 0  0 1  0 0  0
   158  0.1152156546134972E-03   4   2 1  0 0  0 1  0 0  0
   159  0.9985803743840352E-04   4   1 2  0 0  0 1  0 0  0
   160  -.5093488074131514E-04   4   0 3  0 0  0 1  0 0  0
   161  -.1147295944664164E-03   4   2 0  1 0  0 1  0 0  0
   162  0.1756029819338241E-03   4   1 1  1 0  0 1  0 0  0
   163  -.6659097654204119E-04   4   0 2  1 0  0 1  0 0  0
   164  -.9894445978705887E-04   4   1 0  2 0  0 1  0 0  0
   165  0.6152332647814202E-04   4   0 1  2 0  0 1  0 0  0
   166  -.2408574988961691E-03   4   0 0  3 0  0 1  0 0  0
   167  -.1694960844123463E-03   4   2 0  0 1  0 1  0 0  0
   168  0.6237072250406191E-04   4   1 1  0 1  0 1  0 0  0
   169  -.8846276582354304E-04   4   0 2  0 1  0 1  0 0  0
   170  -.2010310005519626E-03   4   1 0  1 1  0 1  0 0  0
   171  -.1102963627649680E-03   4   0 1  1 1  0 1  0 0  0
   172  -.5577063536059207E-03   4   0 0  2 1  0 1  0 0  0
   173  -.4939047374274376E-04   4   1 0  0 2  0 1  0 0  0
   174  -.8694120586266396E-04   4   0 1  0 2  0 1  0 0  0
   175  -.2737828353601127E-03   4   0 0  1 2  0 1  0 0  0
   176  -.1243633536206130E-03   4   0 0  0 3  0 1  0 0  0
   177  -.2265361997686693E-04   4   3 0  0 0  0 0  1 0  0
   178  0.6266675147627503E-05   4   2 1  0 0  0 0  1 0  0
   179  0.5916499511339139E-04   4   1 2  0 0  0 0  1 0  0
   180  -.2393156816126603E-04   4   0 3  0 0  0 0  1 0  0
   181  -.6106696884403675E-04   4   2 0  1 0  0 0  1 0  0
   182  0.6145802537970224E-04   4   1 1  1 0  0 0  1 0  0
   183  -.3781302545381290E-04   4   0 2  1 0  0 0  1 0  0
   184  -.3031782702039060E-04   4   1 0  2 0  0 0  1 0  0
   185  0.1393896231624969E-04   4   0 1  2 0  0 0  1 0  0
   186  -.1312868885510596E-03   4   0 0  3 0  0 0  1 0  0
   187  -.1034437931109044E-03   4   2 0  0 1  0 0  1 0  0
   188  0.3613379397369641E-04   4   1 1  0 1  0 0  1 0  0
   189  -.5327412582275858E-04   4   0 2  0 1  0 0  1 0  0
   190  -.6141054291057328E-04   4   1 0  1 1  0 0  1 0  0
   191  -.5812094559822883E-04   4   0 1  1 1  0 0  1 0  0
   192  -.3081241766296415E-03   4   0 0  2 1  0 0  1 0  0
   193  -.1026378457899018E-04   4   1 0  0 2  0 0  1 0  0
   194  -.4564008199269961E-04   4   0 1  0 2  0 0  1 0  0
   195  -.1761735133425859E-03   4   0 0  1 2  0 0  1 0  0
   196  -.7808328282112036E-04   4   0 0  0 3  0 0  1 0  0
   197  0.1153758777184589E-03   4   3 0  0 0  0 0  0 1  0
   198  -.9341688168856836E-05   4   2 1  0 0  0 0  0 1  0
   199  -.6869220829880828E-04   4   1 2  0 0  0 0  0 1  0
   200  -.9965598976087813E-05   4   0 3  0 0  0 0  0 1  0
   201  0.1052839959073737E-03   4   2 0  1 0  0 0  0 1  0
   202  -.1288726653199350E-03   4   1 1  1 0  0 0  0 1  0
   203  0.2790223345104202E-04   4   0 2  1 0  0 0  0 1  0
   204  0.1194169862499116E-03   4   1 0  2 0  0 0  0 1  0
   205  -.1745266660291543E-04   4   0 1  2 0  0 0  0 1  0
   206  0.2604535938362783E-03   4   0 0  3 0  0 0  0 1  0
   207  0.8094587822716354E-04   4   2 0  0 1  0 0  0 1  0
   208  -.2303741555430011E-04   4   1 1  0 1  0 0  0 1  0
   209  -.4557569973812153E-07   4   0 2  0 1  0 0  0 1  0
   210  0.1216467588066667E-03   4   1 0  1 1  0 0  0 1  0
   211  0.5823089492548536E-04   4   0 1  1 1  0 0  0 1  0
   212  0.3701505803626808E-03   4   0 0  2 1  0 0  0 1  0
   213  -.1696927299521438E-04   4   1 0  0 2  0 0  0 1  0
   214  0.3068907272981959E-05   4   0 1  0 2  0 0  0 1  0
   215  0.1230768087412277E-03   4   0 0  1 2  0 0  0 1  0
   216  0.1210639075225195E-04   4   0 0  0 3  0 0  0 1  0
   217  -.6058732053666901E-01   4   2 0  0 0  0 2  0 0  0
   218  0.1506164543608762       4   1 1  0 0  0 2  0 0  0
   219  -.1204853950796159       4   0 2  0 0  0 2  0 0  0
   220  0.4696546589020794E-05   4   1 0  1 0  0 2  0 0  0
   221  0.6328798050522921E-04   4   0 1  1 0  0 2  0 0  0
   222  -.7374866291152331E-01   4   0 0  2 0  0 2  0 0  0
   223  0.6327973982214837E-04   4   1 0  0 1  0 2  0 0  0
   224  0.1535658576987745E-04   4   0 1  0 1  0 2  0 0  0
   225  -.2048579560641215       4   0 0  1 1  0 2  0 0  0
   226  -.1636408881654322       4   0 0  0 2  0 2  0 0  0
   227  -.2255434793370147E-01   4   2 0  0 0  0 1  1 0  0
   228  0.5345046772119520E-01   4   1 1  0 0  0 1  1 0  0
   229  -.4308114332241585E-01   4   0 2  0 0  0 1  1 0  0
   230  0.3121989008307524E-05   4   1 0  1 0  0 1  1 0  0
   231  0.2545794423932040E-04   4   0 1  1 0  0 1  1 0  0
   232  -.3132133920235654E-01   4   0 0  2 0  0 1  1 0  0
   233  0.2547648847478120E-04   4   1 0  0 1  0 1  1 0  0
   234  0.1022150766708835E-04   4   0 1  0 1  0 1  1 0  0
   235  -.8958309343588716E-01   4   0 0  1 1  0 1  1 0  0
   236  -.7182802108982322E-01   4   0 0  0 2  0 1  1 0  0
   237  -.1132151237767598E-01   4   2 0  0 0  0 0  2 0  0
   238  0.2684201414443434E-01   4   1 1  0 0  0 0  2 0  0
   239  -.2163318146557034E-01   4   0 2  0 0  0 0  2 0  0
   240  0.1560264997863846E-05   4   1 0  1 0  0 0  2 0  0
   241  0.1276683499217052E-04   4   0 1  1 0  0 0  2 0  0
   242  -.1570495336045035E-01   4   0 0  2 0  0 0  2 0  0
   243  0.1278342980615817E-04   4   1 0  0 1  0 0  2 0  0
   244  0.5107741832658850E-05   4   0 1  0 1  0 0  2 0  0
   245  -.4490809667733912E-01   4   0 0  1 1  0 0  2 0  0
   246  -.3600643787698549E-01   4   0 0  0 2  0 0  2 0  0
   247  0.9440376873936152E-01   4   2 0  0 0  0 1  0 1  0
   248  -.1068218269057388       4   1 1  0 0  0 1  0 1  0
   249  -.1287640743068522E-01   4   0 2  0 0  0 1  0 1  0
   250  -.9372253567078143E-05   4   1 0  1 0  0 1  0 1  0
   251  -.5089847565900184E-04   4   0 1  1 0  0 1  0 1  0
   252  0.1207155653167934       4   0 0  2 0  0 1  0 1  0
   253  -.5089578510535083E-04   4   1 0  0 1  0 1  0 1  0
   254  -.1022144898244641E-04   4   0 1  0 1  0 1  0 1  0
   255  0.1790869342129442       4   0 0  1 1  0 1  0 1  0
   256  0.1583514251097036E-01   4   0 0  0 2  0 1  0 1  0
   257  0.2942900601567297E-01   4   2 0  0 0  0 0  1 1  0
   258  -.3007726876034933E-01   4   1 1  0 0  0 0  1 1  0
   259  -.6283001086612295E-02   4   0 2  0 0  0 0  1 1  0
   260  -.4677106099692687E-05   4   1 0  1 0  0 0  1 1  0
   261  -.1712934598877041E-04   4   0 1  1 0  0 0  1 1  0
   262  0.4257577890895113E-01   4   0 0  2 0  0 0  1 1  0
   263  -.1714258741651306E-04   4   1 0  0 1  0 0  1 1  0
   264  -.5104783515789188E-05   4   0 1  0 1  0 0  1 1  0
   265  0.6618122261809489E-01   4   0 0  1 1  0 0  1 1  0
   266  0.8055094049605211E-02   4   0 0  0 2  0 0  1 1  0
   267  -.2936961061251725E-01   4   2 0  0 0  0 0  0 2  0
   268  -.8451044932299366E-02   4   1 1  0 0  0 0  0 2  0
   269  -.3118592847839512E-03   4   0 2  0 0  0 0  0 2  0
   270  0.4673855115902821E-05   4   1 0  1 0  0 0  0 2  0
   271  0.1978090648219929E-06   4   0 1  1 0  0 0  0 2  0
   272  -.4251641967074880E-01   4   0 0  2 0  0 0  0 2  0
   273  0.1985209271367371E-06   4   1 0  0 1  0 0  0 2  0
   274  -.1310934400204056E-07   4   0 1  0 1  0 0  0 2  0
   275  -.9572537230399239E-02   4   0 0  1 1  0 0  0 2  0
   276  -.2765622389067392E-03   4   0 0  0 2  0 0  0 2  0
   277  -.1033807284581148E-04   4   1 0  0 0  0 3  0 0  0
   278  -.3657403185356488E-04   4   0 1  0 0  0 3  0 0  0
   279  -.3600937152284190E-04   4   0 0  1 0  0 3  0 0  0
   280  -.5841624070656344E-04   4   0 0  0 1  0 3  0 0  0
   281  0.2173959928870071E-04   4   1 0  0 0  0 2  1 0  0
   282  -.1129083527509269E-05   4   0 1  0 0  0 2  1 0  0
   283  -.1733228072000700E-04   4   0 0  1 0  0 2  1 0  0
   284  -.2817446592634395E-04   4   0 0  0 1  0 2  1 0  0
   285  0.7552566814298691E-05   4   1 0  0 0  0 1  2 0  0
   286  -.6175002601277056E-06   4   0 1  0 0  0 1  2 0  0
   287  -.1070740286472441E-04   4   0 0  1 0  0 1  2 0  0
   288  -.1741793138007899E-04   4   0 0  0 1  0 1  2 0  0
   289  0.7192476613619004E-05   4   1 0  0 0  0 0  3 0  0
   290  -.4349380277033378E-06   4   0 1  0 0  0 0  3 0  0
   291  -.5800148645251444E-05   4   0 0  1 0  0 0  3 0  0
   292  -.9428205374522554E-05   4   0 0  0 1  0 0  3 0  0
   293  -.2215741918710733E-04   4   1 0  0 0  0 2  0 1  0
   294  -.3628824152154668E-05   4   0 1  0 0  0 2  0 1  0
   295  0.3271330518814966E-04   4   0 0  1 0  0 2  0 1  0
   296  0.4926142987618160E-05   4   0 0  0 1  0 2  0 1  0
   297  -.2479200195170772E-06   4   1 0  0 0  0 1  1 1  0
   298  -.1690615431086073E-05   4   0 1  0 0  0 1  1 1  0
   299  0.1547403128045619E-04   4   0 0  1 0  0 1  1 1  0
   300  0.3996390729158908E-05   4   0 0  0 1  0 1  1 1  0
   301  -.1602136086111030E-06   4   1 0  0 0  0 0  2 1  0
   302  -.8471123891196792E-06   4   0 1  0 0  0 0  2 1  0
   303  0.7752699943042861E-05   4   0 0  1 0  0 0  2 1  0
   304  0.1996383824841327E-05   4   0 0  0 1  0 0  2 1  0
   305  -.1061856315838955E-05   4   1 0  0 0  0 1  0 2  0
   306  -.1752498227465191E-07   4   0 1  0 0  0 1  0 2  0
   307  -.1403891216424390E-05   4   0 0  1 0  0 1  0 2  0
   308  -.4621130913885418E-07   4   0 0  0 1  0 1  0 2  0
   309  -.4186468997400169E-06   4   1 0  0 0  0 0  1 2  0
   310  -.1282748628387367E-07   4   0 1  0 0  0 0  1 2  0
   311  -.9707272800959203E-06   4   0 0  1 0  0 0  1 2  0
   312  -.4452930399689582E-07   4   0 0  0 1  0 0  1 2  0
   313  -.4625872088082036E-08   4   1 0  0 0  0 0  0 3  0
   314  0.3666244123109285E-09   4   0 1  0 0  0 0  0 3  0
   315  0.2756633442519638E-08   4   0 0  1 0  0 0  0 3  0
   316  -.2526408791611060E-09   4   0 0  0 1  0 0  0 3  0
   317  -.4096659345870224E-01   4   0 0  0 0  0 4  0 0  0
   318  0.2342968229732939E-01   4   0 0  0 0  0 3  1 0  0
   319  0.7043202619049747E-02   4   0 0  0 0  0 2  2 0  0
   320  0.4741569697777845E-02   4   0 0  0 0  0 1  3 0  0
   321  0.5752126887791315E-02   4   0 0  0 0  0 0  4 0  0
   322  0.2460780688102245E-09   4   0 0  0 0  0 3  0 1  0
   323  0.2179302355144113E-09   4   0 0  0 0  0 2  1 1  0
   324  0.3022210026851652E-09   4   0 0  0 0  0 1  2 1  0
   325  0.2202631020186891E-09   4   0 0  0 0  0 0  3 1  0
   326  -.4989203653317084E-10   4   0 0  0 0  0 2  0 2  0
   327  0.2457461127912825E-10   4   0 0  0 0  0 1  1 2  0
   328  0.1733243698938919E-10   4   0 0  0 0  0 0  2 2  0
   329  -.1665300996131813E-13   4   0 0  0 0  0 1  0 3  0
   330  -.1407489289818131E-13   4   0 0  0 0  0 0  1 3  0
   -------------------------------------------------------
     I  COEFFICIENT            ORDER EXPONENTS
     1   1.000000000000000       1   0 0  0 0  0 1  0 0  0
     -----------------------------------------------------
     I  COEFFICIENT            ORDER EXPONENTS
     1   1.000000000000000       1   0 0  0 0  0 0  1 0  0
     -----------------------------------------------------
     I  COEFFICIENT            ORDER EXPONENTS
     1   1.000000000000000       1   0 0  0 0  0 0  0 1  0
     -----------------------------------------------------
