     I  COEFFICIENT            ORDER EXPONENTS
     1  0.5735699178280489       1   1 0  0 0  0 0  0 0  0
     2   1.023950110500512       1   0 1  0 0  0 0  0 0  0
     3  0.2668218670169244       1   0 0  0 0  0 1  0 0  0
     4  0.2659307969566256       1   0 0  0 0  0 0  1 0  0
     5  -.5327526639735500       1   0 0  0 0  0 0  0 1  0
     6  -.2585310327494558       2   2 0  0 0  0 0  0 0  0
     7  0.4690946982000875       2   1 1  0 0  0 0  0 0  0
     8  0.1526035473637133       2   0 2  0 0  0 0  0 0  0
     9  -.1939625164752867       2   0 0  2 0  0 0  0 0  0
    10  -.9852759614074310       2   0 0  1 1  0 0  0 0  0
    11  -.8439765636567552       2   0 0  0 2  0 0  0 0  0
    12  0.3353650033046065       2   1 0  0 0  0 1  0 0  0
    13  -.2935687884966071       2   0 1  0 0  0 1  0 0  0
    14  0.3342450287048570       2   1 0  0 0  0 0  1 0  0
    15  -.2925883952440148       2   0 1  0 0  0 0  1 0  0
    16  -.6696100320094635       2   1 0  0 0  0 0  0 1  0
    17  -.4377929267598905       2   0 1  0 0  0 0  0 1  0
    18  -.1712300871882735       2   0 0  0 0  0 2  0 0  0
    19  -.7627380227641978E-01   2   0 0  0 0  0 1  1 0  0
    20  -.1705308916650640       2   0 0  0 0  0 0  2 0  0
    21  0.1519121096360424       2   0 0  0 0  0 1  0 1  0
    22  0.1514047886499220       2   0 0  0 0  0 0  1 1  0
    23  0.1147178828437928       2   0 0  0 0  0 0  0 2  0
    24  0.5835089644923386E-01   3   3 0  0 0  0 0  0 0  0
    25  0.2864561136354610E-02   3   2 1  0 0  0 0  0 0  0
    26  -.3344720939195368       3   1 2  0 0  0 0  0 0  0
    27  0.2927803631069686       3   0 3  0 0  0 0  0 0  0
    28  -.1781158087149497       3   1 0  2 0  0 0  0 0  0
    29  0.9288414567571240       3   0 1  2 0  0 0  0 0  0
    30  -.5987940570722804       3   1 0  1 1  0 0  0 0  0
    31  0.8721936411132942       3   0 1  1 1  0 0  0 0  0
    32  -1.089773223238003       3   1 0  0 2  0 0  0 0  0
    33  -.2458410072411237       3   0 1  0 2  0 0  0 0  0
    34  0.1310957726410940       3   2 0  0 0  0 1  0 0  0
    35  -.2342393554063378       3   1 1  0 0  0 1  0 0  0
    36  0.1331278847146750       3   0 2  0 0  0 1  0 0  0
    37  0.2279174211458873       3   0 0  2 0  0 1  0 0  0
    38  0.9036718027398498       3   0 0  1 1  0 1  0 0  0
    39   1.107553776765421       3   0 0  0 2  0 1  0 0  0
    40  0.1306579692506214       3   2 0  0 0  0 0  1 0  0
    41  -.2334570968947705       3   1 1  0 0  0 0  1 0  0
    42  0.1326832949455292       3   0 2  0 0  0 0  1 0  0
    43  0.2271562751705811       3   0 0  2 0  0 0  1 0  0
    44  0.9006539283176357       3   0 0  1 1  0 0  1 0  0
    45   1.103855024404230       3   0 0  0 2  0 0  1 0  0
    46  -.2617537418917153       3   2 0  0 0  0 0  0 1  0
    47  -.1398245898979189E-02   3   1 1  0 0  0 0  0 1  0
    48  -.5710182743876306       3   0 2  0 0  0 0  0 1  0
    49  -.4550736963164663       3   0 0  2 0  0 0  0 1  0
    50  -.8190497696500559       3   0 0  1 1  0 0  0 1  0
    51  -.5234556738561387       3   0 0  0 2  0 0  0 1  0
    52  -.2507834740828339       3   1 0  0 0  0 2  0 0  0
    53  0.2195556747907366       3   0 1  0 0  0 2  0 0  0
    54  -.1667631363500779       3   1 0  0 0  0 1  1 0  0
    55  0.1460336308078081       3   0 1  0 0  0 1  1 0  0
    56  -.2496675068359082       3   1 0  0 0  0 0  2 0  0
    57  0.2185786087451605       3   0 1  0 0  0 0  2 0  0
    58  0.3329650812111393       3   1 0  0 0  0 1  0 1  0
    59  0.1992596603932861E-02   3   0 1  0 0  0 1  0 1  0
    60  0.3318531213170376       3   1 0  0 0  0 0  1 1  0
    61  0.1985942189900558E-02   3   0 1  0 0  0 0  1 1  0
    62  0.2395914740643462E-02   3   1 0  0 0  0 0  0 2  0
    63  0.4358036573629736       3   0 1  0 0  0 0  0 2  0
    64  0.1377136218532092       3   0 0  0 0  0 3  0 0  0
    65  0.7069936976401917E-01   3   0 0  0 0  0 2  1 0  0
    66  0.7103276402901929E-01   3   0 0  0 0  0 1  2 0  0
    67  0.1369061097151967       3   0 0  0 0  0 0  3 0  0
    68  -.1413800609470999       3   0 0  0 0  0 2  0 1  0
    69  -.1309166630332372       3   0 0  0 0  0 1  1 1  0
    70  -.1406893098444812       3   0 0  0 0  0 0  2 1  0
    71  0.5492628282767612E-01   3   0 0  0 0  0 1  0 2  0
    72  0.5474285271117767E-01   3   0 0  0 0  0 0  1 2  0
    73  -.1130349670754797       3   0 0  0 0  0 0  0 3  0
    74   2.814127991858102       4   4 0  0 0  0 0  0 0  0
    75  0.1103856657914738       4   3 1  0 0  0 0  0 0  0
    76  -.1230033114026532       4   2 2  0 0  0 0  0 0  0
    77  0.7724787698316335E-01   4   1 3  0 0  0 0  0 0  0
    78  -.3198925796811293E-01   4   0 4  0 0  0 0  0 0  0
    79  -.2660373139328873       4   2 0  2 0  0 0  0 0  0
    80  0.9785656680465173       4   1 1  2 0  0 0  0 0  0
    81  -.1895661178451130       4   0 2  2 0  0 0  0 0  0
    82   3.826509756145346       4   0 0  4 0  0 0  0 0  0
    83  -.5928813956205597       4   2 0  1 1  0 0  0 0  0
    84   2.820737590982166       4   1 1  1 1  0 0  0 0  0
    85  -.4994237131100330       4   0 2  1 1  0 0  0 0  0
    86   7.849645636325649       4   0 0  3 1  0 0  0 0  0
    87  -.7473771509215890       4   2 0  0 2  0 0  0 0  0
    88  0.5393043791641356       4   1 1  0 2  0 0  0 0  0
    89  -.9770449970247415       4   0 2  0 2  0 0  0 0  0
    90   2.703209702357970       4   0 0  2 2  0 0  0 0  0
    91   1.747696174575462       4   0 0  1 3  0 0  0 0  0
    92  0.9476375935103754E-01   4   0 0  0 4  0 0  0 0  0
    93  0.5394690058776683E-01   4   3 0  0 0  0 1  0 0  0
    94  -.1853335638505068       4   2 1  0 0  0 1  0 0  0
    95  0.4990224047736238       4   1 2  0 0  0 1  0 0  0
    96  -.3402005824212369       4   0 3  0 0  0 1  0 0  0
    97  0.5086712798424866       4   1 0  2 0  0 1  0 0  0
    98  -1.525811017519906       4   0 1  2 0  0 1  0 0  0
    99   1.346833688702919       4   1 0  1 1  0 1  0 0  0
   100  -2.571207804352028       4   0 1  1 1  0 1  0 0  0
   101   2.003586473007997       4   1 0  0 2  0 1  0 0  0
   102  -.3055794644425230E-01   4   0 1  0 2  0 1  0 0  0
   103  0.5376674118592657E-01   4   3 0  0 0  0 0  1 0  0
   104  -.1847146296088647       4   2 1  0 0  0 0  1 0  0
   105  0.4973558849741658       4   1 2  0 0  0 0  1 0  0
   106  -.3390644590709250       4   0 3  0 0  0 0  1 0  0
   107  0.5069725369580715       4   1 0  2 0  0 0  1 0  0
   108  -1.520715466204766       4   0 1  2 0  0 0  1 0  0
   109   1.342335844543361       4   1 0  1 1  0 0  1 0  0
   110  -2.562621078238165       4   0 1  1 1  0 0  1 0  0
   111   1.996895357548544       4   1 0  0 2  0 0  1 0  0
   112  -.3045589607077444E-01   4   0 1  0 2  0 0  1 0  0
   113  -.1617782076081204       4   3 0  0 0  0 0  0 1  0
   114  0.3671836323230169       4   2 1  0 0  0 0  0 1  0
   115  -.3274341019087164       4   1 2  0 0  0 0  0 1  0
   116  -.1990760478287440       4   0 3  0 0  0 0  0 1  0
   117  -1.015643816800557       4   1 0  2 0  0 0  0 1  0
   118   2.117685026967547       4   0 1  2 0  0 0  0 1  0
   119  -2.090375476174001       4   1 0  1 1  0 0  0 1  0
   120   3.389441600363600       4   0 1  1 1  0 0  0 1  0
   121  -1.820935384080534       4   1 0  0 2  0 0  0 1  0
   122  0.7985368642384063       4   0 1  0 2  0 0  0 1  0
   123  -.1651121375994672       4   2 0  0 0  0 2  0 0  0
   124  0.2928224019011494       4   1 1  0 0  0 2  0 0  0
   125  -.2555353885049286       4   0 2  0 0  0 2  0 0  0
   126  -.3335226223429292       4   0 0  2 0  0 2  0 0  0
   127  -1.103081433613435       4   0 0  1 1  0 2  0 0  0
   128  -1.444890438310948       4   0 0  0 2  0 2  0 0  0
   129  -.1988998404810591       4   2 0  0 0  0 1  1 0  0
   130  0.3510115517267737       4   1 1  0 0  0 1  1 0  0
   131  -.3771238309242294       4   0 2  0 0  0 1  1 0  0
   132  -.4384199299085430       4   0 0  2 0  0 1  1 0  0
   133  -1.301149101606841       4   0 0  1 1  0 1  1 0  0
   134  -1.779961629440064       4   0 0  0 2  0 1  1 0  0
   135  -.1642286143280509       4   2 0  0 0  0 0  2 0  0
   136  0.2912583875935298       4   1 1  0 0  0 0  2 0  0
   137  -.2540522948745281       4   0 2  0 0  0 0  2 0  0
   138  -.3316767336779620       4   0 0  2 0  0 0  2 0  0
   139  -1.097224978288960       4   0 0  1 1  0 0  2 0  0
   140  -1.437092974439307       4   0 0  0 2  0 0  2 0  0
   141  0.3980283430388999       4   2 0  0 0  0 1  0 1  0
   142  -.4681776447163974       4   1 1  0 0  0 1  0 1  0
   143  0.4888109537900617       4   0 2  0 0  0 1  0 1  0
   144  0.8775477534485141       4   0 0  2 0  0 1  0 1  0
   145   1.699968363354011       4   0 0  1 1  0 1  0 1  0
   146   1.347081175765696       4   0 0  0 2  0 1  0 1  0
   147  0.3966990998865393       4   2 0  0 0  0 0  1 1  0
   148  -.4666141331242927       4   1 1  0 0  0 0  1 1  0
   149  0.4871785358366981       4   0 2  0 0  0 0  1 1  0
   150  0.8746171220938852       4   0 0  2 0  0 0  1 1  0
   151   1.694291201549491       4   0 0  1 1  0 0  1 1  0
   152   1.342582505105989       4   0 0  0 2  0 0  1 1  0
   153  -.2664868505168617       4   2 0  0 0  0 0  0 2  0
   154  0.4687941348193240       4   1 1  0 0  0 0  0 2  0
   155  0.3685326667680664       4   0 2  0 0  0 0  0 2  0
   156  -.6485455896129669       4   0 0  2 0  0 0  0 2  0
   157  -.8780800128016956       4   0 0  1 1  0 0  0 2  0
   158  -.5596483296516335       4   0 0  0 2  0 0  0 2  0
   159  0.2364786737883582       4   1 0  0 0  0 3  0 0  0
   160  -.2070379086834978       4   0 1  0 0  0 3  0 0  0
   161  0.2077317970831860       4   1 0  0 0  0 2  1 0  0
   162  -.1818822563577131       4   0 1  0 0  0 2  1 0  0
   163  0.2078718442833492       4   1 0  0 0  0 1  2 0  0
   164  -.1820048063619543       4   0 1  0 0  0 1  2 0  0
   165  0.2349483639301065       4   1 0  0 0  0 0  3 0  0
   166  -.2056980964980518       4   0 1  0 0  0 0  3 0  0
   167  -.4156008702825933       4   1 0  0 0  0 2  0 1  0
   168  0.1443289580359964       4   0 1  0 0  0 2  0 1  0
   169  -.4976810100329149       4   1 0  0 0  0 1  1 1  0
   170  0.2896732330159111       4   0 1  0 0  0 1  1 1  0
   171  -.4133819224018519       4   1 0  0 0  0 0  2 1  0
   172  0.1433632696206281       4   0 1  0 0  0 0  2 1  0
   173  0.3314762940879112       4   1 0  0 0  0 1  0 2  0
   174  -.2921544694498512       4   0 1  0 0  0 1  0 2  0
   175  0.3303693061012718       4   1 0  0 0  0 0  1 2  0
   176  -.2911787994134344       4   0 1  0 0  0 0  1 2  0
   177  -.2222124765568232       4   1 0  0 0  0 0  0 3  0
   178  -.2413592344085452       4   0 1  0 0  0 0  0 3  0
   179  -.1228687138907567       4   0 0  0 0  0 4  0 0  0
   180  -.7830849366161520E-01   4   0 0  0 0  0 3  1 0  0
   181  -.8207605221111194E-01   4   0 0  0 0  0 2  2 0  0
   182  -.7859035819042719E-01   4   0 0  0 0  0 1  3 0  0
   183  -.1219186517917717       4   0 0  0 0  0 0  4 0  0
   184  0.1566424836650145       4   0 0  0 0  0 3  0 1  0
   185  0.1869794761150108       4   0 0  0 0  0 2  1 1  0
   186  0.1868248869064461       4   0 0  0 0  0 1  2 1  0
   187  0.1555466362119239       4   0 0  0 0  0 0  3 1  0
   188  -.1163833721343774       4   0 0  0 0  0 2  0 2  0
   189  -.1774293684716008       4   0 0  0 0  0 1  1 2  0
   190  -.1156984330043871       4   0 0  0 0  0 0  2 2  0
   191  0.8180575475244233E-01   4   0 0  0 0  0 1  0 3  0
   192  0.8153255878228065E-01   4   0 0  0 0  0 0  1 3  0
   193  0.4394164692292898E-01   4   0 0  0 0  0 0  0 4  0
   -------------------------------------------------------
     I  COEFFICIENT            ORDER EXPONENTS
     1  -.6553223079915715       1   1 0  0 0  0 0  0 0  0
     2  0.5735702659657298       1   0 1  0 0  0 0  0 0  0
     3  0.4100424801449378       1   0 0  0 0  0 1  0 0  0
     4  0.4086731149516248       1   0 0  0 0  0 0  1 0  0
     5  -.8187155950965627       1   0 0  0 0  0 0  0 1  0
     6  0.1129197545086194E-01   2   2 0  0 0  0 0  0 0  0
     7  0.2142379642858984E-01   2   1 1  0 0  0 0  0 0  0
     8  -.3897788882608890       2   0 2  0 0  0 0  0 0  0
     9  -.2866067081360798       2   0 0  2 0  0 0  0 0  0
    10  -.5625360291007192E-01   2   0 0  1 1  0 0  0 0  0
    11  -.4364387738636074       2   0 0  0 2  0 0  0 0  0
    12  0.5577711176116937E-02   2   1 0  0 0  0 1  0 0  0
    13  0.1000415064936466E-01   2   0 1  0 0  0 1  0 0  0
    14  0.5559084024266134E-02   2   1 0  0 0  0 0  1 0  0
    15  0.9970741097059158E-02   2   0 1  0 0  0 0  1 0  0
    16  -.6664591031919549       2   1 0  0 0  0 0  0 1  0
    17  -.1997489174642383E-01   2   0 1  0 0  0 0  0 1  0
    18  -.1005812778814885       2   0 0  0 0  0 2  0 0  0
    19  0.2068175633388095       2   0 0  0 0  0 1  1 0  0
    20  -.1005907205257476       2   0 0  0 0  0 0  2 0  0
    21  -.5655007575832694E-02   2   0 0  0 0  0 1  0 1  0
    22  -.5636122287314495E-02   2   0 0  0 0  0 0  1 1  0
    23  0.5645564931573667E-02   2   0 0  0 0  0 0  0 2  0
    24  0.3029852500333608E-01   3   3 0  0 0  0 0  0 0  0
    25  0.2172664455850242E-01   3   2 1  0 0  0 0  0 0  0
    26  0.7269821904007656E-01   3   1 2  0 0  0 0  0 0  0
    27  0.3656119335729967E-01   3   0 3  0 0  0 0  0 0  0
    28  0.1113041944353926E-01   3   1 0  2 0  0 0  0 0  0
    29  0.8337074273472084E-01   3   0 1  2 0  0 0  0 0  0
    30  -.1255337264609232E-01   3   1 0  1 1  0 0  0 0  0
    31  0.6764205580753820       3   0 1  1 1  0 0  0 0  0
    32  -.4036684498231777E-01   3   1 0  0 2  0 0  0 0  0
    33  -.3528572837652980E-01   3   0 1  0 2  0 0  0 0  0
    34  0.1207641175458028E-01   3   2 0  0 0  0 1  0 0  0
    35  0.3804731235900220E-01   3   1 1  0 0  0 1  0 0  0
    36  0.2187914910354364       3   0 2  0 0  0 1  0 0  0
    37  0.1338342849029180       3   0 0  2 0  0 1  0 0  0
    38  0.2972279779889359E-01   3   0 0  1 1  0 1  0 0  0
    39  0.2247545043884118       3   0 0  0 2  0 1  0 0  0
    40  0.1203608174313614E-01   3   2 0  0 0  0 0  1 0  0
    41  0.3792025073059454E-01   3   1 1  0 0  0 0  1 0  0
    42  0.2180608217342676       3   0 2  0 0  0 0  1 0  0
    43  0.1333873360615358       3   0 0  2 0  0 0  1 0  0
    44  0.2962353646202781E-01   3   0 0  1 1  0 0  1 0  0
    45  0.2240039211921500       3   0 0  0 2  0 0  1 0  0
    46  -.1282051804685447E-01   3   2 0  0 0  0 0  0 1  0
    47  -.7596756308959671E-01   3   1 1  0 0  0 0  0 1  0
    48  -.4707342450881496E-01   3   0 2  0 0  0 0  0 1  0
    49  -.5538283291005315       3   0 0  2 0  0 0  0 1  0
    50  -.5934633426092512E-01   3   0 0  1 1  0 0  0 1  0
    51  -.1231965171693815E-01   3   0 0  0 2  0 0  0 1  0
    52  0.3226638523293153E-02   3   1 0  0 0  0 2  0 0  0
    53  -.3009841710102163E-02   3   0 1  0 0  0 2  0 0  0
    54  0.1197224496109203E-01   3   1 0  0 0  0 1  1 0  0
    55  0.3937862846754557E-02   3   0 1  0 0  0 1  1 0  0
    56  0.3195871871387919E-02   3   1 0  0 0  0 0  2 0  0
    57  -.3006365518280540E-02   3   0 1  0 0  0 0  2 0  0
    58  -.1842552200767831E-01   3   1 0  0 0  0 1  0 1  0
    59  -.7922330075914859E-02   3   0 1  0 0  0 1  0 1  0
    60  -.1836398870386787E-01   3   1 0  0 0  0 0  1 1  0
    61  -.7895872907252559E-02   3   0 1  0 0  0 0  1 1  0
    62  0.1839475535577309E-01   3   1 0  0 0  0 0  0 2  0
    63  0.1789654736479564E-01   3   0 1  0 0  0 0  0 2  0
    64  0.4984195919549919E-01   3   0 0  0 0  0 3  0 0  0
    65  -.5215491546431776E-01   3   0 0  0 0  0 2  1 0  0
    66  -.5164481085934777E-01   3   0 0  0 0  0 1  2 0  0
    67  0.4967908076125266E-01   3   0 0  0 0  0 0  3 0  0
    68  0.3210315759308521E-02   3   0 0  0 0  0 2  0 1  0
    69  0.7818893085207836E-03   3   0 0  0 0  0 1  1 1  0
    70  0.3198289101337281E-02   3   0 0  0 0  0 0  2 1  0
    71  -.7737566256526699E-03   3   0 0  0 0  0 1  0 2  0
    72  -.7711726119404988E-03   3   0 0  0 0  0 0  1 2  0
    73  -.1366878564660184E-02   3   0 0  0 0  0 0  0 3  0
    74   1.485356388690414       4   4 0  0 0  0 0  0 0  0
    75  -.6883700324725088       4   3 1  0 0  0 0  0 0  0
    76  -1.664043134745661       4   2 2  0 0  0 0  0 0  0
    77  -1.955907398285371       4   1 3  0 0  0 0  0 0  0
    78  -.9738971701114003       4   0 4  0 0  0 0  0 0  0
    79  -.2059072440423335E-01   4   2 0  2 0  0 0  0 0  0
    80  -.1525442864787204E-01   4   1 1  2 0  0 0  0 0  0
    81  -.6803378760329982       4   0 2  2 0  0 0  0 0  0
    82  0.3085739227994019       4   0 0  4 0  0 0  0 0  0
    83  -.3782195685399843E-01   4   2 0  1 1  0 0  0 0  0
    84  0.1080136975788321E-03   4   1 1  1 1  0 0  0 0  0
    85  -.1202257855679051       4   0 2  1 1  0 0  0 0  0
    86   3.475347069377960       4   0 0  3 1  0 0  0 0  0
    87  -.3423231523695697E-01   4   2 0  0 2  0 0  0 0  0
    88  -.7668335182519528E-01   4   1 1  0 2  0 0  0 0  0
    89  -.3314208211645591       4   0 2  0 2  0 0  0 0  0
    90  0.7191510006697825       4   0 0  2 2  0 0  0 0  0
    91  0.1450818160961633       4   0 0  1 3  0 0  0 0  0
    92  -.6912919176313358E-01   4   0 0  0 4  0 0  0 0  0
    93  -.1614211850384116       4   3 0  0 0  0 1  0 0  0
    94  -.8418252808633282       4   2 1  0 0  0 1  0 0  0
    95  -1.557509963643997       4   1 2  0 0  0 1  0 0  0
    96  -.9488229993780221       4   0 3  0 0  0 1  0 0  0
    97  0.2328628818355426E-02   4   1 0  2 0  0 1  0 0  0
    98  -.1016293663885491       4   0 1  2 0  0 1  0 0  0
    99  0.2520533041003581E-03   4   1 0  1 1  0 1  0 0  0
   100  -.7825710220801841       4   0 1  1 1  0 1  0 0  0
   101  0.2057303306691751E-01   4   1 0  0 2  0 1  0 0  0
   102  -.3135513023289404E-01   4   0 1  0 2  0 1  0 0  0
   103  -.1608821078379790       4   3 0  0 0  0 0  1 0  0
   104  -.8390139471740535       4   2 1  0 0  0 0  1 0  0
   105  -1.552308551508117       4   1 2  0 0  0 0  1 0  0
   106  -.9456543394150253       4   0 3  0 0  0 0  1 0  0
   107  0.2320852201529611E-02   4   1 0  2 0  0 0  1 0  0
   108  -.1012899680976648       4   0 1  2 0  0 0  1 0  0
   109  0.2512115546770242E-03   4   1 0  1 1  0 0  1 0  0
   110  -.7799575720821537       4   0 1  1 1  0 0  1 0  0
   111  0.2050432800154146E-01   4   1 0  0 2  0 0  1 0  0
   112  -.3125041760905065E-01   4   0 1  0 2  0 0  1 0  0
   113  0.3168829080459843       4   3 0  0 0  0 0  0 1  0
   114   1.651734384355991       4   2 1  0 0  0 0  0 1  0
   115   2.985161664779850       4   1 2  0 0  0 0  0 1  0
   116   1.790435707164353       4   0 3  0 0  0 0  0 1  0
   117  0.6480938423656274E-02   4   1 0  2 0  0 0  0 1  0
   118  0.2029193344862189       4   0 1  2 0  0 0  0 1  0
   119  -.5032648587963429E-03   4   1 0  1 1  0 0  0 1  0
   120  0.8861080360869268       4   0 1  1 1  0 0  0 1  0
   121  -.7105160861389861E-03   4   1 0  0 2  0 0  0 1  0
   122  0.1331770045950643       4   0 1  0 2  0 0  0 1  0
   123  -.1125622682601195       4   2 0  0 0  0 2  0 0  0
   124  -.4297537160087785       4   1 1  0 0  0 2  0 0  0
   125  -.5366175450621755       4   0 2  0 0  0 2  0 0  0
   126  -.1041219145764505       4   0 0  2 0  0 2  0 0  0
   127  -.4103283390727874E-01   4   0 0  1 1  0 2  0 0  0
   128  -.1830872624297767       4   0 0  0 2  0 2  0 0  0
   129  -.2123768311595560       4   2 0  0 0  0 1  1 0  0
   130  -.8188434341295241       4   1 1  0 0  0 1  1 0  0
   131  -.8523183548346478       4   0 2  0 0  0 1  1 0  0
   132  -.7460650466066358E-01   4   0 0  2 0  0 1  1 0  0
   133  -.5226699723153673E-01   4   0 0  1 1  0 1  1 0  0
   134  -.1416958151135308       4   0 0  0 2  0 1  1 0  0
   135  -.1118317352373997       4   2 0  0 0  0 0  2 0  0
   136  -.4269512316692823       4   1 1  0 0  0 0  2 0  0
   137  -.5334022856767833       4   0 2  0 0  0 0  2 0  0
   138  -.1036496154601438       4   0 0  2 0  0 0  2 0  0
   139  -.4080852729912605E-01   4   0 0  1 1  0 0  2 0  0
   140  -.1822392283845779       4   0 0  0 2  0 0  2 0  0
   141  0.4299172005893608       4   2 0  0 0  0 1  0 1  0
   142   1.613224697352541       4   1 1  0 0  0 1  0 1  0
   143   1.463799566561840       4   0 2  0 0  0 1  0 1  0
   144  0.2828503338135662       4   0 0  2 0  0 1  0 1  0
   145  0.1046098672471928       4   0 0  1 1  0 1  0 1  0
   146  0.5836133119628618E-01   4   0 0  0 2  0 1  0 1  0
   147  0.4284814623939290       4   2 0  0 0  0 0  1 1  0
   148   1.607837222013969       4   1 1  0 0  0 0  1 1  0
   149   1.458911106771703       4   0 2  0 0  0 0  1 1  0
   150  0.2819057355809507       4   0 0  2 0  0 0  1 1  0
   151  0.1042605153677523       4   0 0  1 1  0 0  1 1  0
   152  0.5816642949841336E-01   4   0 0  0 2  0 0  1 1  0
   153  -.4216278283262145       4   2 0  0 0  0 0  0 2  0
   154  -1.545513537558925       4   1 1  0 0  0 0  0 2  0
   155  -1.390151376020825       4   0 2  0 0  0 0  0 2  0
   156  -.2823780346972578       4   0 0  2 0  0 0  0 2  0
   157  -.7476202417701680E-01   4   0 0  1 1  0 0  0 2  0
   158  -.4594422863038652E-01   4   0 0  0 2  0 0  0 2  0
   159  -.3974678392404436E-01   4   1 0  0 0  0 3  0 0  0
   160  -.6427054365282633E-01   4   0 1  0 0  0 3  0 0  0
   161  -.1124503966359976       4   1 0  0 0  0 2  1 0  0
   162  -.1981804542316123       4   0 1  0 0  0 2  1 0  0
   163  -.1120855336018756       4   1 0  0 0  0 1  2 0  0
   164  -.1975085769465528       4   0 1  0 0  0 1  2 0  0
   165  -.3936053809702170E-01   4   1 0  0 0  0 0  3 0  0
   166  -.6361877743388136E-01   4   0 1  0 0  0 0  3 0  0
   167  0.2249359931549699       4   1 0  0 0  0 2  0 1  0
   168  0.3907132940858873       4   0 1  0 0  0 2  0 1  0
   169  0.4300669468340906       4   1 0  0 0  0 1  1 1  0
   170  0.7709474559957082       4   0 1  0 0  0 1  1 1  0
   171  0.2234666847227526       4   1 0  0 0  0 0  2 1  0
   172  0.3881211638969197       4   0 1  0 0  0 0  2 1  0
   173  -.4237122544980266       4   1 0  0 0  0 1  0 2  0
   174  -.7556887771498625       4   0 1  0 0  0 1  0 2  0
   175  -.4222972381487821       4   1 0  0 0  0 0  1 2  0
   176  -.7531651022661270       4   0 1  0 0  0 0  1 2  0
   177  0.2711831201939348       4   1 0  0 0  0 0  0 3  0
   178  0.4826503177023465       4   0 1  0 0  0 0  0 3  0
   179  -.3513785057367261E-01   4   0 0  0 0  0 4  0 0  0
   180  0.9118679355208249E-02   4   0 0  0 0  0 3  1 0  0
   181  -.1218555850296673E-01   4   0 0  0 0  0 2  2 0  0
   182  0.8894963766805611E-02   4   0 0  0 0  0 1  3 0  0
   183  -.3491856592376525E-01   4   0 0  0 0  0 0  4 0  0
   184  0.3120171710912320E-01   4   0 0  0 0  0 3  0 1  0
   185  0.9968912865977053E-01   4   0 0  0 0  0 2  1 1  0
   186  0.9934552901940619E-01   4   0 0  0 0  0 1  2 1  0
   187  0.3087951379113390E-01   4   0 0  0 0  0 0  3 1  0
   188  -.9821893398925104E-01   4   0 0  0 0  0 2  0 2  0
   189  -.1965504473737209       4   0 0  0 0  0 1  1 2  0
   190  -.9756272817341474E-01   4   0 0  0 0  0 0  2 2  0
   191  0.1293308951540988       4   0 0  0 0  0 1  0 3  0
   192  0.1288989856939340       4   0 0  0 0  0 0  1 3  0
   193  -.6278532801268971E-01   4   0 0  0 0  0 0  0 4  0
   -------------------------------------------------------
     I  COEFFICIENT            ORDER EXPONENTS
     1   1.017038162652660       1   0 0  1 0  0 0  0 0  0
     2   1.200726152494633       1   0 0  0 1  0 0  0 0  0
     3  -.1052535589487008E-01   2   1 0  1 0  0 0  0 0  0
     4  -.9537633795728411       2   0 1  1 0  0 0  0 0  0
     5  0.8201682541985401       2   1 0  0 1  0 0  0 0  0
     6  0.5337535983500844       2   0 1  0 1  0 0  0 0  0
     7  -.1580668966189633E-01   2   0 0  1 0  0 1  0 0  0
     8  -.5139416550270375       2   0 0  0 1  0 1  0 0  0
     9  -.1575390212964638E-01   2   0 0  1 0  0 0  1 0  0
    10  -.5122253113605498       2   0 0  0 1  0 0  1 0  0
    11  0.3156059179154277E-01   2   0 0  1 0  0 0  0 1  0
    12  -.1745591861070461       2   0 0  0 1  0 0  0 1  0
    13  -.1482742627292820E-01   3   2 0  1 0  0 0  0 0  0
    14  -.6645982230905436       3   1 1  1 0  0 0  0 0  0
    15  -.3775146529320768       3   0 2  1 0  0 0  0 0  0
    16  -4.637832933351459       3   0 0  3 0  0 0  0 0  0
    17  0.5419051571516446E-02   3   2 0  0 1  0 0  0 0  0
    18  -.3345195527786060E-04   3   1 1  0 1  0 0  0 0  0
    19  0.5129132288595738       3   0 2  0 1  0 0  0 0  0
    20  -.8671407328669432       3   0 0  2 1  0 0  0 0  0
    21  -.6922015450719332       3   0 0  1 2  0 0  0 0  0
    22  0.2608737479214964       3   0 0  0 3  0 0  0 0  0
    23  -.2320375745001796E-02   3   1 0  1 0  0 1  0 0  0
    24  0.8865747437193244       3   0 1  1 0  0 1  0 0  0
    25  -.4119106999426600       3   1 0  0 1  0 1  0 0  0
    26  -.2675535013394615       3   0 1  0 1  0 1  0 0  0
    27  -.2312626689880748E-02   3   1 0  1 0  0 0  1 0  0
    28  0.8836139661069886       3   0 1  1 0  0 0  1 0  0
    29  -.4105350957002525       3   1 0  0 1  0 0  1 0  0
    30  -.2666599879357922       3   0 1  0 1  0 0  1 0  0
    31  0.4633002434882572E-02   3   1 0  1 0  0 0  0 1  0
    32  -.8164253302534713       3   0 1  1 0  0 0  0 1  0
    33  0.2277541444372089E-02   3   1 0  0 1  0 0  0 1  0
    34  -.5332937074249154       3   0 1  0 1  0 0  0 1  0
    35  0.1560512416678593E-01   3   0 0  1 0  0 2  0 0  0
    36  0.3860030411934935       3   0 0  0 1  0 2  0 0  0
    37  0.1540472866785955E-01   3   0 0  1 0  0 1  1 0  0
    38  0.2589132151926857       3   0 0  0 1  0 1  1 0  0
    39  0.1552728719856462E-01   3   0 0  1 0  0 0  2 0  0
    40  0.3842816280819529       3   0 0  0 1  0 0  2 0  0
    41  -.3080828733953506E-01   3   0 0  1 0  0 1  0 1  0
    42  -.3035987525597972E-02   3   0 0  0 1  0 1  0 1  0
    43  -.3070540093534238E-01   3   0 0  1 0  0 0  1 1  0
    44  -.3025848635492268E-02   3   0 0  0 1  0 0  1 1  0
    45  0.1497654824166733E-01   3   0 0  1 0  0 0  0 2  0
    46  0.1775901041875911       3   0 0  0 1  0 0  0 2  0
    47  -.5373009681458071E-01   4   3 0  1 0  0 0  0 0  0
    48  -.7936757900350699E-02   4   2 1  1 0  0 0  0 0  0
    49  -.9877983899305998E-03   4   1 2  1 0  0 0  0 0  0
    50  -.8619169752947780       4   0 3  1 0  0 0  0 0  0
    51  -3.119579814868957       4   1 0  3 0  0 0  0 0  0
    52  -.7983523187091506       4   0 1  3 0  0 0  0 0  0
    53  0.8223208660443886E-01   4   3 0  0 1  0 0  0 0  0
    54  -.1696941888920224       4   2 1  0 1  0 0  0 0  0
    55  0.1347177214672544       4   1 2  0 1  0 0  0 0  0
    56  0.1824384003084663       4   0 3  0 1  0 0  0 0  0
    57  -1.071131238789387       4   1 0  2 1  0 0  0 0  0
    58  0.3465644100584191       4   0 1  2 1  0 0  0 0  0
    59  -1.578898470901470       4   1 0  1 2  0 0  0 0  0
    60  -.3976997491524519       4   0 1  1 2  0 0  0 0  0
    61  -.5045911796156166       4   1 0  0 3  0 0  0 0  0
    62  0.1566733415380983       4   0 1  0 3  0 0  0 0  0
    63  0.4267336491075649E-02   4   2 0  1 0  0 1  0 0  0
    64  0.6693736021605319       4   1 1  1 0  0 1  0 0  0
    65  0.3473954066124587       4   0 2  1 0  0 1  0 0  0
    66   4.311926673990685       4   0 0  3 0  0 1  0 0  0
    67  -.1157641239315296       4   2 0  0 1  0 1  0 0  0
    68  0.1999725367121622       4   1 1  0 1  0 1  0 0  0
    69  -.5840732071675517       4   0 2  0 1  0 1  0 0  0
    70   1.501576002084246       4   0 0  2 1  0 1  0 0  0
    71   1.609172605693335       4   0 0  1 2  0 1  0 0  0
    72  0.7104751433395506E-03   4   0 0  0 3  0 1  0 0  0
    73  0.4253085426022693E-02   4   2 0  1 0  0 0  1 0  0
    74  0.6671381827674070       4   1 1  1 0  0 0  1 0  0
    75  0.3462352556496514       4   0 2  1 0  0 0  1 0  0
    76   4.297526696941003       4   0 0  3 0  0 0  1 0  0
    77  -.1153775216412250       4   2 0  0 1  0 0  1 0  0
    78  0.1993047146092048       4   1 1  0 1  0 0  1 0  0
    79  -.5821226543371250       4   0 2  0 1  0 0  1 0  0
    80   1.496561385277608       4   0 0  2 1  0 0  1 0  0
    81   1.603798662594837       4   0 0  1 2  0 0  1 0  0
    82  0.7081024625090748E-03   4   0 0  0 3  0 0  1 0  0
    83  -.8520421917098259E-02   4   2 0  1 0  0 0  0 1  0
    84  -.6719135618373959       4   1 1  1 0  0 0  0 1  0
    85  0.6139864360204331E-01   4   0 2  1 0  0 0  0 1  0
    86  -8.609453370931693       4   0 0  3 0  0 0  0 1  0
    87  0.2257225940012382       4   2 0  0 1  0 0  0 1  0
    88  -.3992103474108110       4   1 1  0 1  0 0  0 1  0
    89  -.3725438250740445       4   0 2  0 1  0 0  0 1  0
    90  -2.130996654494907       4   0 0  2 1  0 0  0 1  0
    91  -1.828568178144319       4   0 0  1 2  0 0  0 1  0
    92  -.7840398213703397       4   0 0  0 3  0 0  0 1  0
    93  0.7305512709075423E-02   4   1 0  1 0  0 2  0 0  0
    94  -.8669355391991558       4   0 1  1 0  0 2  0 0  0
    95  0.3808108788398706       4   1 0  0 1  0 2  0 0  0
    96  0.1453937769322901       4   0 1  0 1  0 2  0 0  0
    97  0.1225732737598967E-01   4   1 0  1 0  0 1  1 0  0
    98  -.8474176199184186       4   0 1  1 0  0 1  1 0  0
    99  0.3499141838143450       4   1 0  0 1  0 1  1 0  0
   100  0.2404699025533485E-01   4   0 1  0 1  0 1  1 0  0
   101  0.7260648348796278E-02   4   1 0  1 0  0 0  2 0  0
   102  -.8626253432212689       4   0 1  1 0  0 0  2 0  0
   103  0.3789548533021502       4   1 0  0 1  0 0  2 0  0
   104  0.1448680710758900       4   0 1  0 1  0 0  2 0  0
   105  -.2454797704913869E-01   4   1 0  1 0  0 1  0 1  0
   106  0.8081392108780823       4   0 1  1 0  0 1  0 1  0
   107  -.2877145416087662       4   1 0  0 1  0 1  0 1  0
   108  0.4878259598984686       4   0 1  0 1  0 1  0 1  0
   109  -.2446599738370148E-01   4   1 0  1 0  0 0  1 1  0
   110  0.8054403741469787       4   0 1  1 0  0 0  1 1  0
   111  -.2867536990181410       4   1 0  0 1  0 0  1 1  0
   112  0.4861968314002618       4   0 1  0 1  0 0  1 1  0
   113  0.2219048599897888E-01   4   1 0  1 0  0 0  0 2  0
   114  0.9635537740940892E-02   4   0 1  1 0  0 0  0 2  0
   115  0.2849565788690813       4   1 0  0 1  0 0  0 2  0
   116  0.3129291654880077       4   0 1  0 1  0 0  0 2  0
   117  -.1527871253157305E-01   4   0 0  1 0  0 3  0 0  0
   118  -.3362417002260136       4   0 0  0 1  0 3  0 0  0
   119  -.1462849024915799E-01   4   0 0  1 0  0 2  1 0  0
   120  -.2367931373450600       4   0 0  0 1  0 2  1 0  0
   121  -.1463149184367071E-01   4   0 0  1 0  0 1  2 0  0
   122  -.2372856853502275       4   0 0  0 1  0 1  2 0  0
   123  -.1517783148867444E-01   4   0 0  1 0  0 0  3 0  0
   124  -.3341632798257688       4   0 0  0 1  0 0  3 0  0
   125  0.2925437951030535E-01   4   0 0  1 0  0 2  0 1  0
   126  0.8750911444262022E-01   4   0 0  0 1  0 2  0 1  0
   127  0.2771050684993814E-01   4   0 0  1 0  0 1  1 1  0
   128  0.1714179998125169       4   0 0  0 1  0 1  1 1  0
   129  0.2911041191256464E-01   4   0 0  1 0  0 0  2 1  0
   130  0.8693064058167560E-01   4   0 0  0 1  0 0  2 1  0
   131  -.1230134559573925E-01   4   0 0  1 0  0 1  0 2  0
   132  -.1686641330604815       4   0 0  0 1  0 1  0 2  0
   133  -.1226026440219136E-01   4   0 0  1 0  0 0  1 2  0
   134  -.1681008675346956       4   0 0  0 1  0 0  1 2  0
   135  -.1797162161801369E-02   4   0 0  1 0  0 0  0 3  0
   136  -.6533510398919876E-01   4   0 0  0 1  0 0  0 3  0
   -------------------------------------------------------
     I  COEFFICIENT            ORDER EXPONENTS
     1  0.2862100081232341E-01   1   0 0  1 0  0 0  0 0  0
     2   1.017037533270205       1   0 0  0 1  0 0  0 0  0
     3  -.5735225312226561       2   1 0  1 0  0 0  0 0  0
     4  -.3851749859507204       2   0 1  1 0  0 0  0 0  0
     5  -.6435007141811622       2   1 0  0 1  0 0  0 0  0
     6  0.5140417118415963       2   0 1  0 1  0 0  0 0  0
     7  0.3094245961143734       2   0 0  1 0  0 1  0 0  0
     8  0.3666535736907337       2   0 0  0 1  0 1  0 0  0
     9  0.3083912512967239       2   0 0  1 0  0 0  1 0  0
    10  0.3654291087483735       2   0 0  0 1  0 0  1 0  0
    11  -.5891948465987740       2   0 0  1 0  0 0  0 1  0
    12  -.7320826824391070       2   0 0  0 1  0 0  0 1  0
    13  0.4111185955165870E-01   3   2 0  1 0  0 0  0 0  0
    14  0.4822429361892797       3   1 1  1 0  0 0  0 0  0
    15  -.6852036187792133       3   0 2  1 0  0 0  0 0  0
    16  -8.198978047087522       3   0 0  3 0  0 0  0 0  0
    17  -.4056473293604102       3   2 0  0 1  0 0  0 0  0
    18  0.2418506177927186E-01   3   1 1  0 1  0 0  0 0  0
    19  -.1370937916388213       3   0 2  0 1  0 0  0 0  0
    20  -14.61646105440748       3   0 0  2 1  0 0  0 0  0
    21  -16.09948483836069       3   0 0  1 2  0 0  0 0  0
    22  -6.348417845108178       3   0 0  0 3  0 0  0 0  0
    23  0.2455981014647412       3   1 0  1 0  0 1  0 0  0
    24  -.8952465927357482E-01   3   0 1  1 0  0 1  0 0  0
    25  0.8138254782634399       3   1 0  0 1  0 1  0 0  0
    26  -.2909350299906886       3   0 1  0 1  0 1  0 0  0
    27  0.2447779096359075       3   1 0  1 0  0 0  1 0  0
    28  -.8922568548844616E-01   3   0 1  1 0  0 0  1 0  0
    29  0.8111076518495243       3   1 0  0 1  0 0  1 0  0
    30  -.2899634323565997       3   0 1  0 1  0 0  1 0  0
    31  -1.063898542323305       3   1 0  1 0  0 0  0 1  0
    32  0.1787503447620209       3   0 1  1 0  0 0  0 1  0
    33  -1.624933130112965       3   1 0  0 1  0 0  0 1  0
    34  0.6685675050569190E-01   3   0 1  0 1  0 0  0 1  0
    35  -.2312897394927017       3   0 0  1 0  0 2  0 0  0
    36  -.4284691257724457       3   0 0  0 1  0 2  0 0  0
    37  -.1536733054490596       3   0 0  1 0  0 1  1 0  0
    38  -.4898677140545427       3   0 0  0 1  0 1  1 0  0
    39  -.2302607301166628       3   0 0  1 0  0 0  2 0  0
    40  -.4262202499842757       3   0 0  0 1  0 0  2 0  0
    41  0.6162527844344632       3   0 0  1 0  0 1  0 1  0
    42  0.9801523919087001       3   0 0  0 1  0 1  0 1  0
    43  0.6141947656823852       3   0 0  1 0  0 0  1 1  0
    44  0.9768791052747209       3   0 0  0 1  0 0  1 1  0
    45  -.6152237750584240       3   0 0  1 0  0 0  0 2  0
    46  -.6124744073721571       3   0 0  0 1  0 0  0 2  0
    47  -.1430709034533950       4   3 0  1 0  0 0  0 0  0
    48  0.6184841867168042       4   2 1  1 0  0 0  0 0  0
    49  -.2594298920911373       4   1 2  1 0  0 0  0 0  0
    50  -.2358577594478025       4   0 3  1 0  0 0  0 0  0
    51   3.026254461359414       4   1 0  3 0  0 0  0 0  0
    52   9.881170672014894       4   0 1  3 0  0 0  0 0  0
    53  -.9634863007464164E-01   4   3 0  0 1  0 0  0 0  0
    54  0.3486168362122720       4   2 1  0 1  0 0  0 0  0
    55  -.7719056549884459       4   1 2  0 1  0 0  0 0  0
    56  0.9698249792312068E-01   4   0 3  0 1  0 0  0 0  0
    57  -7.962779546134723       4   1 0  2 1  0 0  0 0  0
    58   17.85475107281646       4   0 1  2 1  0 0  0 0  0
    59  -20.05882695556428       4   1 0  1 2  0 0  0 0  0
    60  -.5626445483371754       4   0 1  1 2  0 0  0 0  0
    61  -12.21852865511958       4   1 0  0 3  0 0  0 0  0
    62  -8.974890529134221       4   0 1  0 3  0 0  0 0  0
    63  0.1875965554158413       4   2 0  1 0  0 1  0 0  0
    64  -1.219486661222456       4   1 1  1 0  0 1  0 0  0
    65  0.8325703218890261       4   0 2  1 0  0 1  0 0  0
    66   2.767703912977573       4   0 0  3 0  0 1  0 0  0
    67  0.6311616792167273       4   2 0  0 1  0 1  0 0  0
    68  -.4213326982726417       4   1 1  0 1  0 1  0 0  0
    69  0.5887901092844907       4   0 2  0 1  0 1  0 0  0
    70   13.13174599345908       4   0 0  2 1  0 1  0 0  0
    71   20.72014193474764       4   0 0  1 2  0 1  0 0  0
    72   10.73991492648699       4   0 0  0 3  0 1  0 0  0
    73  0.1869700637575110       4   2 0  1 0  0 0  1 0  0
    74  -1.215414101259895       4   1 1  1 0  0 0  1 0  0
    75  0.8297898957746948       4   0 2  1 0  0 0  1 0  0
    76   2.758460974532542       4   0 0  3 0  0 0  1 0  0
    77  0.6290538711804308       4   2 0  0 1  0 0  1 0  0
    78  -.4199256286158214       4   1 1  0 1  0 0  1 0  0
    79  0.5868238040335414       4   0 2  0 1  0 0  1 0  0
    80   13.08789162040845       4   0 0  2 1  0 0  1 0  0
    81   20.65094558914974       4   0 0  1 2  0 0  1 0  0
    82   10.70404823854216       4   0 0  0 3  0 0  1 0  0
    83  -.3334547596216937       4   2 0  1 0  0 0  0 1  0
    84   2.434900762482350       4   1 1  1 0  0 0  0 1  0
    85  -.9771565988845069       4   0 2  1 0  0 0  0 1  0
    86  -13.72514293459772       4   0 0  3 0  0 0  0 1  0
    87  -1.260215550397158       4   2 0  0 1  0 0  0 1  0
    88  0.8170732651091921       4   1 1  0 1  0 0  0 1  0
    89  -.9014263300403900       4   0 2  0 1  0 0  0 1  0
    90  -26.21963761386753       4   0 0  2 1  0 0  0 1  0
    91  -25.27160268553676       4   0 0  1 2  0 0  0 1  0
    92  -8.747127474812880       4   0 0  0 3  0 0  0 1  0
    93  -.3043939239950860       4   1 0  1 0  0 2  0 0  0
    94  0.4266556548981617       4   0 1  1 0  0 2  0 0  0
    95  -.9906551541732751       4   1 0  0 1  0 2  0 0  0
    96  0.3371671978167468       4   0 1  0 1  0 2  0 0  0
    97  -.3627943020147656       4   1 0  1 0  0 1  1 0  0
    98  0.7615339075728988       4   0 1  1 0  0 1  1 0  0
    99  -1.166294683873401       4   1 0  0 1  0 1  1 0  0
   100  0.3830873298878711       4   0 1  0 1  0 1  1 0  0
   101  -.3027715911355848       4   1 0  1 0  0 0  2 0  0
   102  0.4239592113095953       4   0 1  1 0  0 0  2 0  0
   103  -.9853993319995328       4   1 0  0 1  0 0  2 0  0
   104  0.3354015313605904       4   0 1  0 1  0 0  2 0  0
   105  0.9715821500049378       4   1 0  1 0  0 1  0 1  0
   106  -1.525320558095647       4   0 1  1 0  0 1  0 1  0
   107   2.333779513956513       4   1 0  0 1  0 1  0 1  0
   108  -.4755516655399875       4   0 1  0 1  0 1  0 1  0
   109  0.9683374842859357       4   1 0  1 0  0 0  1 1  0
   110  -1.520226644703643       4   0 1  1 0  0 0  1 1  0
   111   2.325985696022943       4   1 0  0 1  0 0  1 1  0
   112  -.4739635278958526       4   0 1  0 1  0 0  1 1  0
   113  -.9699598171454370       4   1 0  1 0  0 0  0 2  0
   114   1.433398429018635       4   0 1  1 0  0 0  0 2  0
   115  -1.517416039933245       4   1 0  0 1  0 0  0 2  0
   116  0.4079008462122274       4   0 1  0 1  0 0  0 2  0
   117  0.2163172830739434       4   0 0  1 0  0 3  0 0  0
   118  0.4832337672106164       4   0 0  0 1  0 3  0 0  0
   119  0.1862631694503087       4   0 0  1 0  0 2  1 0  0
   120  0.5924194240029792       4   0 0  0 1  0 2  1 0  0
   121  0.1864101023440564       4   0 0  1 0  0 1  2 0  0
   122  0.5918643903782238       4   0 0  0 1  0 1  2 0  0
   123  0.2149236966420072       4   0 0  1 0  0 0  3 0  0
   124  0.4798271781249318       4   0 0  0 1  0 0  3 0  0
   125  -.6039252791794374       4   0 0  1 0  0 2  0 1  0
   126  -1.185182474089937       4   0 0  0 1  0 2  0 1  0
   127  -.5916732381396708       4   0 0  1 0  0 1  1 1  0
   128  -1.388832200653320       4   0 0  0 1  0 1  1 1  0
   129  -.6009204621534154       4   0 0  1 0  0 0  2 1  0
   130  -1.178905424784467       4   0 0  0 1  0 0  2 1  0
   131  0.5916355060320411       4   0 0  1 0  0 1  0 2  0
   132  0.8994461825078963       4   0 0  0 1  0 1  0 2  0
   133  0.5896596983820580       4   0 0  1 0  0 0  1 2  0
   134  0.8964424198364057       4   0 0  0 1  0 0  1 2  0
   135  -.1886904764518917       4   0 0  1 0  0 0  0 3  0
   136  -.1903132625333291       4   0 0  0 1  0 0  0 3  0
   -------------------------------------------------------
     I  COEFFICIENT            ORDER EXPONENTS
     1  -.4100423533588500       1   1 0  0 0  0 0  0 0  0
     2  -.2668219536239758       1   0 1  0 0  0 0  0 0  0
     3   1.000000000000000       1   0 0  0 0  1 0  0 0  0
     4  0.2545655596388380       1   0 0  0 0  0 1  0 0  0
     5  -.3432377891629664       1   0 0  0 0  0 0  1 0  0
     6  0.8867222952412834E-01   1   0 0  0 0  0 0  0 1  0
     7  -.2464035827767018E-02   2   2 0  0 0  0 0  0 0  0
     8  0.1168005521391680E-04   2   1 1  0 0  0 0  0 0  0
     9  -.2558885073592738       2   0 2  0 0  0 0  0 0  0
    10  -.1545146468386227       2   0 0  2 0  0 0  0 0  0
    11  0.1384930801629184E-02   2   0 0  1 1  0 0  0 0  0
    12  -.2518595204028809       2   0 0  0 2  0 0  0 0  0
    13  0.2037769400476087       2   1 0  0 0  0 1  0 0  0
    14  0.1326004481848966       2   0 1  0 0  0 1  0 0  0
    15  -.2042117840304505       2   1 0  0 0  0 0  1 0  0
    16  -.1328851688894327       2   0 1  0 0  0 0  1 0  0
    17  0.4348439828417011E-03   2   1 0  0 0  0 0  0 1  0
    18  0.2671066743285119       2   0 1  0 0  0 0  0 1  0
    19  -.1912654955212743       2   0 0  0 0  0 2  0 0  0
    20  0.1284698709839125       2   0 0  0 0  0 1  1 0  0
    21  0.6359485438088179E-01   2   0 0  0 0  0 0  2 0  0
    22  -.5044395802020762E-03   2   0 0  0 0  0 1  0 1  0
    23  0.8757820941729030E-01   2   0 0  0 0  0 0  1 1  0
    24  -.8787299968060827E-01   2   0 0  0 0  0 0  0 2  0
    25  -.4330162434543309E-01   3   3 0  0 0  0 0  0 0  0
    26  0.7201786295840248E-01   3   2 1  0 0  0 0  0 0  0
    27  -.6717090073509031E-01   3   1 2  0 0  0 0  0 0  0
    28  -.8425468732848915E-01   3   0 3  0 0  0 0  0 0  0
    29  -.1377954933268021       3   1 0  2 0  0 0  0 0  0
    30  -.6372596007001333E-01   3   0 1  2 0  0 0  0 0  0
    31  -.3120553674732205       3   1 0  1 1  0 0  0 0  0
    32  0.6851082419040769       3   0 1  1 1  0 0  0 0  0
    33  -.3886306520263182       3   1 0  0 2  0 0  0 0  0
    34  0.3662224126037529E-01   3   0 1  0 2  0 0  0 0  0
    35  0.5608690205598970E-01   3   2 0  0 0  0 1  0 0  0
    36  -.9607180519705324E-01   3   1 1  0 0  0 1  0 0  0
    37  0.2969846662822301       3   0 2  0 0  0 1  0 0  0
    38  0.2370643476238335       3   0 0  2 0  0 1  0 0  0
    39  0.1988542873345080       3   0 0  1 1  0 1  0 0  0
    40  0.4925652310456614       3   0 0  0 2  0 1  0 0  0
    41  0.5345199029870189E-01   3   2 0  0 0  0 0  1 0  0
    42  -.9573936459297883E-01   3   1 1  0 0  0 0  1 0  0
    43  0.4181061895778948E-01   3   0 2  0 0  0 0  1 0  0
    44  0.8278830943593737E-01   3   0 0  2 0  0 0  1 0  0
    45  0.1995658958057867       3   0 0  1 1  0 0  1 0  0
    46  0.2407401506419750       3   0 0  0 2  0 0  1 0  0
    47  -.1095388923546916       3   2 0  0 0  0 0  0 1  0
    48  0.1917994897348181       3   1 1  0 0  0 0  0 1  0
    49  0.1729817294785281       3   0 2  0 0  0 0  0 1  0
    50  -.3198526570597714       3   0 0  2 0  0 0  0 1  0
    51  -.3998051139419238       3   0 0  1 1  0 0  0 1  0
    52  -.2295863408818750       3   0 0  0 2  0 0  0 1  0
    53  -.1872584182214332       3   1 0  0 0  0 2  0 0  0
    54  -.6945303870569780E-01   3   0 1  0 0  0 2  0 0  0
    55  0.3429067288701499E-01   3   1 0  0 0  0 1  1 0  0
    56  0.1267606070902139       3   0 1  0 0  0 1  1 0  0
    57  0.1674781239761704E-01   3   1 0  0 0  0 0  2 0  0
    58  0.6294722487540118E-01   3   0 1  0 0  0 0  2 0  0
    59  0.1364492235082428       3   1 0  0 0  0 1  0 1  0
    60  -.2530554260486116       3   0 1  0 0  0 1  0 1  0
    61  0.1364254863482015       3   1 0  0 0  0 0  1 1  0
    62  0.1311528093784912E-01   3   0 1  0 0  0 0  1 1  0
    63  -.1366547769196430       3   1 0  0 0  0 0  0 2  0
    64  -.1471366017731307       3   0 1  0 0  0 0  0 2  0
    65  0.1664383631582123       3   0 0  0 0  0 3  0 0  0
    66  -.7487621233318635E-01   3   0 0  0 0  0 2  1 0  0
    67  -.1103049838225380E-01   3   0 0  0 0  0 1  2 0  0
    68  -.2457984019524257E-01   3   0 0  0 0  0 0  3 0  0
    69  -.4190788609890189E-01   3   0 0  0 0  0 2  0 1  0
    70  -.8512632053694492E-01   3   0 0  0 0  0 1  1 1  0
    71  -.4241968979378203E-01   3   0 0  0 0  0 0  2 1  0
    72  0.8497548594757635E-01   3   0 0  0 0  0 1  0 2  0
    73  -.2595359355035843E-02   3   0 0  0 0  0 0  1 2  0
    74  0.3112195758955864E-01   3   0 0  0 0  0 0  0 3  0
    75  -.7336000952050862       4   4 0  0 0  0 0  0 0  0
    76  -.2829144411007150E-01   4   3 1  0 0  0 0  0 0  0
    77  -.5705562528395853E-01   4   2 2  0 0  0 0  0 0  0
    78  0.9582594322112087E-01   4   1 3  0 0  0 0  0 0  0
    79  -.1055215687614978       4   0 4  0 0  0 0  0 0  0
    80  -.1831402738687761E-01   4   2 0  2 0  0 0  0 0  0
    81  0.2820896991501899       4   1 1  2 0  0 0  0 0  0
    82  -.7012831958372527       4   0 2  2 0  0 0  0 0  0
    83  -1.006626147915564       4   0 0  4 0  0 0  0 0  0
    84  -.1794345936445444       4   2 0  1 1  0 0  0 0  0
    85  0.6410832227716643       4   1 1  1 1  0 0  0 0  0
    86  -.1258650723615192       4   0 2  1 1  0 0  0 0  0
    87  -.6148063273451558       4   0 0  3 1  0 0  0 0  0
    88  -.2929067606368265       4   2 0  0 2  0 0  0 0  0
    89  0.1358230570714008       4   1 1  0 2  0 0  0 0  0
    90  -.2488316224488315       4   0 2  0 2  0 0  0 0  0
    91  -3.657046119903292       4   0 0  2 2  0 0  0 0  0
    92  -2.918573338588844       4   0 0  1 3  0 0  0 0  0
    93  -1.053955685864868       4   0 0  0 4  0 0  0 0  0
    94  0.4978947743705431E-01   4   3 0  0 0  0 1  0 0  0
    95  -.1092272086151700       4   2 1  0 0  0 1  0 0  0
    96  0.1688864726014796       4   1 2  0 0  0 1  0 0  0
    97  0.6596118854665481E-01   4   0 3  0 0  0 1  0 0  0
    98  0.2394297305578139       4   1 0  2 0  0 1  0 0  0
    99  -.9709447062011128E-01   4   0 1  2 0  0 1  0 0  0
   100  0.7162873485596265       4   1 0  1 1  0 1  0 0  0
   101  -1.417686074743485       4   0 1  1 1  0 1  0 0  0
   102  0.9519193336402348       4   1 0  0 2  0 1  0 0  0
   103  -.1368338094760577       4   0 1  0 2  0 1  0 0  0
   104  0.6610312293313128E-02   4   3 0  0 0  0 0  1 0  0
   105  -.3732478791011988E-01   4   2 1  0 0  0 0  1 0  0
   106  0.1015994584120041       4   1 2  0 0  0 0  1 0  0
   107  -.1795197169808781E-01   4   0 3  0 0  0 0  1 0  0
   108  0.1017534634494241       4   1 0  2 0  0 0  1 0  0
   109  -.1600712532216041       4   0 1  2 0  0 0  1 0  0
   110  0.4039206706498538       4   1 0  1 1  0 0  1 0  0
   111  -.7324116640391123       4   0 1  1 1  0 0  1 0  0
   112  0.5627010647670299       4   1 0  0 2  0 0  1 0  0
   113  -.9999879882710289E-01   4   0 1  0 2  0 0  1 0  0
   114  -.4231159057902160E-01   4   3 0  0 0  0 0  0 1  0
   115  0.7453413356688746E-01   4   2 1  0 0  0 0  0 1  0
   116  -.1361441295433029       4   1 2  0 0  0 0  0 1  0
   117  0.2047548451369005       4   0 3  0 0  0 0  0 1  0
   118  -.3411831940072378       4   1 0  2 0  0 0  0 1  0
   119  0.3208916839117280       4   0 1  2 0  0 0  0 1  0
   120  -.8081526517362604       4   1 0  1 1  0 0  0 1  0
   121  0.7798812549744442       4   0 1  1 1  0 0  0 1  0
   122  -.7373590943546282       4   1 0  0 2  0 0  0 1  0
   123  0.1269658845220341       4   0 1  0 2  0 0  0 1  0
   124  -.9627169327828586E-01   4   2 0  0 0  0 2  0 0  0
   125  0.1674723545147023       4   1 1  0 0  0 2  0 0  0
   126  -.3491547249066868       4   0 2  0 0  0 2  0 0  0
   127  -.3104869152193172       4   0 0  2 0  0 2  0 0  0
   128  -.4277370505792174       4   0 0  1 1  0 2  0 0  0
   129  -.7873107848316161       4   0 0  0 2  0 2  0 0  0
   130  -.8045819590055193E-01   4   2 0  0 0  0 1  1 0  0
   131  0.1429636609457824       4   1 1  0 0  0 1  1 0  0
   132  -.1042709251198603       4   0 2  0 0  0 1  1 0  0
   133  -.1469076902749253       4   0 0  2 0  0 1  1 0  0
   134  -.4575697150806415       4   0 0  1 1  0 1  1 0  0
   135  -.5891303980215705       4   0 0  0 2  0 1  1 0  0
   136  -.4018779231204977E-01   4   2 0  0 0  0 0  2 0  0
   137  0.7140246156851641E-01   4   1 1  0 0  0 0  2 0  0
   138  -.5245536374200645E-01   4   0 2  0 0  0 0  2 0  0
   139  -.7360260371680802E-01   4   0 0  2 0  0 0  2 0  0
   140  -.2283506367824751       4   0 0  1 1  0 0  2 0  0
   141  -.2943998668118318       4   0 0  0 2  0 0  2 0  0
   142  0.2169146804011337       4   2 0  0 0  0 1  0 1  0
   143  -.2857647595810806       4   1 1  0 0  0 1  0 1  0
   144  -.8837362391345580E-01   4   0 2  0 0  0 1  0 1  0
   145  0.5308171730897263       4   0 0  2 0  0 1  0 1  0
   146  0.9153352415700602       4   0 0  1 1  0 1  0 1  0
   147  0.6860562745478171       4   0 0  0 2  0 1  0 1  0
   148  0.1073817902259497       4   2 0  0 0  0 0  1 1  0
   149  -.9428985489685740E-01   4   1 1  0 0  0 0  1 1  0
   150  0.8374979573050505E-01   4   0 2  0 0  0 0  1 1  0
   151  0.2113245882726038       4   0 0  2 0  0 0  1 1  0
   152  0.5151391970340179       4   0 0  1 1  0 0  1 1  0
   153  0.4557096797193093       4   0 0  0 2  0 0  1 1  0
   154  -.1073787891361959       4   2 0  0 0  0 0  0 2  0
   155  -.1772182495849206E-02   4   1 1  0 0  0 0  0 2  0
   156  -.2571606801263169       4   0 2  0 0  0 0  0 2  0
   157  -.2111445521512790       4   0 0  2 0  0 0  0 2  0
   158  -.3154321053601150       4   0 0  1 1  0 0  0 2  0
   159  -.2265034658107508       4   0 0  0 2  0 0  0 2  0
   160  0.1957242741478797       4   1 0  0 0  0 3  0 0  0
   161  0.2299419718255370E-01   4   0 1  0 0  0 3  0 0  0
   162  0.2514097673995497E-01   4   1 0  0 0  0 2  1 0  0
   163  -.1395460557441384       4   0 1  0 0  0 2  1 0  0
   164  0.4203323416561759E-01   4   1 0  0 0  0 1  2 0  0
   165  -.7633182462038693E-01   4   0 1  0 0  0 1  2 0  0
   166  0.8607831666252473E-02   4   1 0  0 0  0 0  3 0  0
   167  -.4619402646443582E-01   4   0 1  0 0  0 0  3 0  0
   168  -.2377969627407272       4   1 0  0 0  0 2  0 1  0
   169  0.2789225803135704       4   0 1  0 0  0 2  0 1  0
   170  -.2029297675851746       4   1 0  0 0  0 1  1 1  0
   171  0.5147393945840853E-01   4   0 1  0 0  0 1  1 1  0
   172  -.1013523539596084       4   1 0  0 0  0 0  2 1  0
   173  0.2607222938749056E-01   4   0 1  0 0  0 0  2 1  0
   174  0.2028126230250717       4   1 0  0 0  0 1  0 2  0
   175  0.7492358903014265E-01   4   0 1  0 0  0 1  0 2  0
   176  0.6639175140399434E-01   4   1 0  0 0  0 0  1 2  0
   177  -.7148212052346829E-01   4   0 1  0 0  0 0  1 2  0
   178  0.1368393136740059E-02   4   1 0  0 0  0 0  0 3  0
   179  0.1459894456042392       4   0 1  0 0  0 0  0 3  0
   180  -.1552876177616722       4   0 0  0 0  0 4  0 0  0
   181  0.4478743256005152E-01   4   0 0  0 0  0 3  1 0  0
   182  -.7614109629693978E-02   4   0 0  0 0  0 2  2 0  0
   183  -.4894949040441382E-02   4   0 0  0 0  0 1  3 0  0
   184  0.1089105713250054E-01   4   0 0  0 0  0 0  4 0  0
   185  0.7704794901200054E-01   4   0 0  0 0  0 3  0 1  0
   186  0.1054945585787924       4   0 0  0 0  0 2  1 1  0
   187  0.6300456152747311E-01   4   0 0  0 0  0 1  2 1  0
   188  0.3507024109616678E-01   4   0 0  0 0  0 0  3 1  0
   189  -.1054573736590442       4   0 0  0 0  0 2  0 2  0
   190  -.4080963930084817E-01   4   0 0  0 0  0 1  1 2  0
   191  -.2047810771731370E-01   4   0 0  0 0  0 0  2 2  0
   192  -.1067357074597430E-02   4   0 0  0 0  0 1  0 3  0
   193  0.2985064426686097E-01   4   0 0  0 0  0 0  1 3  0
   194  -.3053728999023483E-01   4   0 0  0 0  0 0  0 4  0
   -------------------------------------------------------
     I  COEFFICIENT            ORDER EXPONENTS
     1   1.000000000000000       1   0 0  0 0  0 1  0 0  0
     -----------------------------------------------------
     I  COEFFICIENT            ORDER EXPONENTS
     1   1.000000000000000       1   0 0  0 0  0 0  1 0  0
     -----------------------------------------------------
     I  COEFFICIENT            ORDER EXPONENTS
     1   1.000000000000000       1   0 0  0 0  0 0  0 1  0
     -----------------------------------------------------
