     I  COEFFICIENT            ORDER EXPONENTS
     1   1.000000000000000       1   1 0  0 0  0 0  0 0
     2  0.2511500000000000       1   0 1  0 0  0 0  0 0
     3  -.1257850339057668       2   0 1  0 0  0 1  0 0
     4  -.1253649660942332       2   0 1  0 0  0 0  1 0
     5  0.1255750000000000       3   0 3  0 0  0 0  0 0
     6  0.1255750000000000       3   0 1  0 2  0 0  0 0
     7  0.9428653042635482E-01   3   0 1  0 0  0 2  0 0
     8  0.6299700695882382E-01   3   0 1  0 0  0 1  1 0
     9  0.9386646261482133E-01   3   0 1  0 0  0 0  2 0
    10  -.1886775508586501       4   0 3  0 0  0 1  0 0
    11  -.1886775508586501       4   0 1  0 2  0 1  0 0
    12  -.1880474491413499       4   0 3  0 0  0 0  1 0
    13  -.1880474491413499       4   0 1  0 2  0 0  1 0
    14  -.7856326981863139E-01   4   0 1  0 0  0 3  0 0
    15  -.4716978182317029E-01   4   0 1  0 0  0 2  1 0
    16  -.4732572861506545E-01   4   0 1  0 0  0 1  2 0
    17  -.7809121974313284E-01   4   0 1  0 0  0 0  3 0
    ---------------------------------------------------
     I  COEFFICIENT            ORDER EXPONENTS
     1   1.000000000000000       1   0 1  0 0  0 0  0 0
     --------------------------------------------------
     I  COEFFICIENT            ORDER EXPONENTS
     1   1.000000000000000       1   0 0  1 0  0 0  0 0
     2  0.2511500000000000       1   0 0  0 1  0 0  0 0
     3  -.1257850339057668       2   0 0  0 1  0 1  0 0
     4  -.1253649660942332       2   0 0  0 1  0 0  1 0
     5  0.1255750000000000       3   0 2  0 1  0 0  0 0
     6  0.1255750000000000       3   0 0  0 3  0 0  0 0
     7  0.9428653042635482E-01   3   0 0  0 1  0 2  0 0
     8  0.6299700695882382E-01   3   0 0  0 1  0 1  1 0
     9  0.9386646261482133E-01   3   0 0  0 1  0 0  2 0
    10  -.1886775508586501       4   0 2  0 1  0 1  0 0
    11  -.1886775508586501       4   0 0  0 3  0 1  0 0
    12  -.1880474491413499       4   0 2  0 1  0 0  1 0
    13  -.1880474491413499       4   0 0  0 3  0 0  1 0
    14  -.7856326981863139E-01   4   0 0  0 1  0 3  0 0
    15  -.4716978182317029E-01   4   0 0  0 1  0 2  1 0
    16  -.4732572861506545E-01   4   0 0  0 1  0 1  2 0
    17  -.7809121974313284E-01   4   0 0  0 1  0 0  3 0
    ---------------------------------------------------
     I  COEFFICIENT            ORDER EXPONENTS
     1   1.000000000000000       1   0 0  0 1  0 0  0 0
     --------------------------------------------------
     I  COEFFICIENT            ORDER EXPONENTS
     1   1.000000000000000       1   0 0  0 0  1 0  0 0
     2  0.6257764174321423E-01   1   0 0  0 0  0 1  0 0
     3  -.6257764174321422E-01   1   0 0  0 0  0 0  1 0
     4  -.6289251695288338E-01   2   0 2  0 0  0 0  0 0
     5  -.6289251695288338E-01   2   0 0  0 2  0 0  0 0
     6  -.4701173076894161E-01   2   0 0  0 0  0 2  0 0
     7  0.3144581979466903E-01   2   0 0  0 0  0 1  1 0
     8  0.1556591097427258E-01   2   0 0  0 0  0 0  2 0
     9  0.9428653042635485E-01   3   0 2  0 0  0 1  0 0
    10  0.9428653042635485E-01   3   0 0  0 2  0 1  0 0
    11  0.3149850347941193E-01   3   0 2  0 0  0 0  1 0
    12  0.3149850347941193E-01   3   0 0  0 2  0 0  1 0
    13  0.3918963496472692E-01   3   0 0  0 0  0 3  0 0
    14  -.2354544335629752E-01   3   0 0  0 0  0 2  1 0
    15  -.7900376438371493E-02   3   0 0  0 0  0 1  2 0
    16  -.7743815170057897E-02   3   0 0  0 0  0 0  3 0
    17  -.4716938771466254E-01   4   0 4  0 0  0 0  0 0
    18  -.9433877542932508E-01   4   0 2  0 2  0 0  0 0
    19  -.4716938771466254E-01   4   0 0  0 4  0 0  0 0
    20  -.1178449047279471       4   0 2  0 0  0 2  0 0
    21  -.1178449047279471       4   0 0  0 2  0 2  0 0
    22  -.4716978182317030E-01   4   0 2  0 0  0 1  1 0
    23  -.4716978182317030E-01   4   0 0  0 2  0 1  1 0
    24  -.2366286430753275E-01   4   0 2  0 0  0 0  2 0
    25  -.2366286430753275E-01   4   0 0  0 2  0 0  2 0
    26  -.3429586432403101E-01   4   0 0  0 0  0 4  0 0
    27  0.1961455240194327E-01   4   0 0  0 0  0 3  1 0
    28  0.5896336431531337E-02   4   0 0  0 0  0 2  2 0
    29  0.3969485484017246E-02   4   0 0  0 0  0 1  3 0
    30  0.4815490006539100E-02   4   0 0  0 0  0 0  4 0
    ---------------------------------------------------
     I  COEFFICIENT            ORDER EXPONENTS
     1   1.000000000000000       1   0 0  0 0  0 1  0 0
     --------------------------------------------------
     I  COEFFICIENT            ORDER EXPONENTS
     1   1.000000000000000       1   0 0  0 0  0 0  1 0
     --------------------------------------------------
     I  COEFFICIENT            ORDER EXPONENTS
     1   1.000000000000000       1   0 0  0 0  0 0  0 1
     --------------------------------------------------
