     I  COEFFICIENT            ORDER EXPONENTS
     1  0.9503187160919759       1   1 0  0 0  0 0  0 0
     2   2.322553035425686       1   0 1  0 0  0 0  0 0
     3  0.1921731203143308       1   0 0  0 0  0 1  0 0
     4  -.2022775239901916       1   0 0  0 0  0 0  1 0
     5  0.1010440367586076E-01   1   0 0  0 0  0 0  0 1
     6  0.3071379992463513E-03   2   2 0  0 0  0 0  0 0
     7  0.3140120361259328       2   1 1  0 0  0 0  0 0
     8  0.1868653570343213       2   0 2  0 0  0 0  0 0
     9  -.1318385098407398E-01   2   0 0  2 0  0 0  0 0
    10  -.3822947180603687       2   0 0  1 1  0 0  0 0
    11  -.2199324418075717       2   0 0  0 2  0 0  0 0
    12  0.1254696994258788       2   1 0  0 0  0 1  0 0
    13  -1.037426544222908       2   0 1  0 0  0 1  0 0
    14  -.2678061382432734E-01   2   1 0  0 0  0 0  1 0
    15  -1.202481599490457       2   0 1  0 0  0 0  1 0
    16  -.9868908560155147E-01   2   1 0  0 0  0 0  0 1
    17  -.8264489171232164E-01   2   0 1  0 0  0 0  0 1
    18  -.2381236438732444       2   0 0  0 0  0 2  0 0
    19  0.9443514394433938E-01   2   0 0  0 0  0 1  1 0
    20  0.1531837647308250       2   0 0  0 0  0 0  2 0
    21  0.1896390234878185       2   0 0  0 0  0 1  0 1
    22  -.1985251494157979       2   0 0  0 0  0 0  1 1
    23  -.6091388739406784E-03   2   0 0  0 0  0 0  0 2
    24  -.3521743671624188E-01   3   3 0  0 0  0 0  0 0
    25  0.2215028100940801E-01   3   2 1  0 0  0 0  0 0
    26  0.6280919392637016E-02   3   1 2  0 0  0 0  0 0
    27   1.146887354628993       3   0 3  0 0  0 0  0 0
    28  -.4791743411196733E-01   3   1 0  2 0  0 0  0 0
    29  -.2694486869564292E-02   3   0 1  2 0  0 0  0 0
    30  -.8676255295097818E-01   3   1 0  1 1  0 0  0 0
    31  -.1186295910415147       3   0 1  1 1  0 0  0 0
    32  -.9041744478437658E-01   3   1 0  0 2  0 0  0 0
    33  0.9684576520059645       3   0 1  0 2  0 0  0 0
    34  0.4468407272883436E-01   3   2 0  0 0  0 1  0 0
    35  -.3851506554539297       3   1 1  0 0  0 1  0 0
    36  -.4116048634629876E-01   3   0 2  0 0  0 1  0 0
    37  0.9616298873498887E-02   3   0 0  2 0  0 1  0 0
    38  0.6956771692477819       3   0 0  1 1  0 1  0 0
    39  0.7141346238874366       3   0 0  0 2  0 1  0 0
    40  -.1102241532460106E-01   3   2 0  0 0  0 0  1 0
    41  -.1706105015571761       3   1 1  0 0  0 0  1 0
    42  -.4941293970005051       3   0 2  0 0  0 0  1 0
    43  0.4052761695452973E-02   3   0 0  2 0  0 0  1 0
    44  0.5689017151457911E-01   3   0 0  1 1  0 0  1 0
    45  -.5610340794566560E-01   3   0 0  0 2  0 0  1 0
    46  -.3366165740423328E-01   3   2 0  0 0  0 0  0 1
    47  0.2417491208851725       3   1 1  0 0  0 0  0 1
    48  0.1615591692781649       3   0 2  0 0  0 0  0 1
    49  -.1366906056895191E-01   3   0 0  2 0  0 0  0 1
    50  -.3702726227019923       3   0 0  1 1  0 0  0 1
    51  -.2181663323266271       3   0 0  0 2  0 0  0 1
    52  -.2037538687590238       3   1 0  0 0  0 2  0 0
    53  0.6233892615920723       3   0 1  0 0  0 2  0 0
    54  0.3645597094514660E-01   3   1 0  0 0  0 1  1 0
    55  0.5380291559032184       3   0 1  0 0  0 1  1 0
    56  0.2041288003182271E-01   3   1 0  0 0  0 0  2 0
    57  0.9559126545868076       3   0 1  0 0  0 0  2 0
    58  0.2455820671470220       3   1 0  0 0  0 1  0 1
    59  0.2900454093584551       3   0 1  0 0  0 1  0 1
    60  -.5050111718446460E-01   3   1 0  0 0  0 0  1 1
    61  -.4489126609592466E-01   3   0 1  0 0  0 0  1 1
    62  -.4819593218050301E-01   3   1 0  0 0  0 0  0 2
    63  -.3993217991894361E-01   3   0 1  0 0  0 0  0 2
    64  0.2545184740199891       3   0 0  0 0  0 3  0 0
    65  -.6244888059932623E-01   3   0 0  0 0  0 2  1 0
    66  -.7070460379916271E-01   3   0 0  0 0  0 1  2 0
    67  -.1299902254330906       3   0 0  0 0  0 0  3 0
    68  -.2248592537141526       3   0 0  0 0  0 2  0 1
    69  0.7743668090829867E-01   3   0 0  0 0  0 1  1 1
    70  0.1543077506367845       3   0 0  0 0  0 0  2 1
    71  -.3498110227815370E-02   3   0 0  0 0  0 1  0 2
    72  0.5499058324863906E-02   3   0 0  0 0  0 0  1 2
    73  -.2608901163891595E-03   3   0 0  0 0  0 0  0 3
    74  -5.748884678396049       4   4 0  0 0  0 0  0 0
    75  -16.92352192681788       4   3 1  0 0  0 0  0 0
    76  -29.97620954186579       4   2 2  0 0  0 0  0 0
    77  -26.96085131655383       4   1 3  0 0  0 0  0 0
    78  -10.05764326896670       4   0 4  0 0  0 0  0 0
    79   34.91737285019222       4   2 0  2 0  0 0  0 0
    80   52.15390793187773       4   1 1  2 0  0 0  0 0
    81   31.03508666382940       4   0 2  2 0  0 0  0 0
    82  -5.864547816707563       4   0 0  4 0  0 0  0 0
    83   51.68976349212864       4   2 0  1 1  0 0  0 0
    84   122.8378057631786       4   1 1  1 1  0 0  0 0
    85   82.61019775059836       4   0 2  1 1  0 0  0 0
    86  -17.48454015588342       4   0 0  3 1  0 0  0 0
    87   30.37094511525353       4   2 0  0 2  0 0  0 0
    88   83.12214046809615       4   1 1  0 2  0 0  0 0
    89   61.28333666896239       4   0 2  0 2  0 0  0 0
    90  -31.02354281252765       4   0 0  2 2  0 0  0 0
    91  -27.76031182534366       4   0 0  1 3  0 0  0 0
    92  -10.09568896036461       4   0 0  0 4  0 0  0 0
    93  -.6320457559495685       4   3 0  0 0  0 1  0 0
    94  -2.854221817398317       4   2 1  0 0  0 1  0 0
    95  -4.117686199045609       4   1 2  0 0  0 1  0 0
    96  -3.739827115786962       4   0 3  0 0  0 1  0 0
    97   2.300949452429069       4   1 0  2 0  0 1  0 0
    98   2.892755860845148       4   0 1  2 0  0 1  0 0
    99   5.999939057033790       4   1 0  1 1  0 1  0 0
   100   8.657976913127484       4   0 1  1 1  0 1  0 0
   101   4.491114080214585       4   1 0  0 2  0 1  0 0
   102   5.295393265247725       4   0 1  0 2  0 1  0 0
   103  0.7917551735175579       4   3 0  0 0  0 0  1 0
   104   3.139481969509823       4   2 1  0 0  0 0  1 0
   105   4.582126531438998       4   1 2  0 0  0 0  1 0
   106  0.6110437926762717       4   0 3  0 0  0 0  1 0
   107  -2.456042536768175       4   1 0  2 0  0 0  1 0
   108  -3.209980836363394       4   0 1  2 0  0 0  1 0
   109  -6.398250455968901       4   1 0  1 1  0 0  1 0
   110  -9.104207611215973       4   0 1  1 1  0 0  1 0
   111  -4.589668276279056       4   1 0  0 2  0 0  1 0
   112  -8.453941757889744       4   0 1  0 2  0 0  1 0
   113  -.1597094175679895       4   3 0  0 0  0 0  0 1
   114  -.3074104331209120       4   2 1  0 0  0 0  0 1
   115  -.4770021711786636       4   1 2  0 0  0 0  0 1
   116  -.3118787407762910       4   0 3  0 0  0 0  0 1
   117  0.1550930843391027       4   1 0  2 0  0 0  0 1
   118  0.3199194623878041       4   0 1  2 0  0 0  0 1
   119  0.4850739518860862       4   1 0  1 1  0 0  0 1
   120  0.6834898801715072       4   0 1  1 1  0 0  0 1
   121  0.2793890856332211       4   1 0  0 2  0 0  0 1
   122  0.2531755366241331       4   0 1  0 2  0 0  0 1
   123  -.1765565953274950       4   2 0  0 0  0 2  0 0
   124  0.1162011535589389       4   1 1  0 0  0 2  0 0
   125  -.4002772408605668       4   0 2  0 0  0 2  0 0
   126  0.6149187460664357E-01   4   0 0  2 0  0 2  0 0
   127  -.6842636621801667       4   0 0  1 1  0 2  0 0
   128  -1.097239962277287       4   0 0  0 2  0 2  0 0
   129  0.1734341011248607       4   2 0  0 0  0 1  1 0
   130  0.6916913322904665       4   1 1  0 0  0 1  1 0
   131  0.8506631734692613       4   0 2  0 0  0 1  1 0
   132  -.1602535514524353       4   0 0  2 0  0 1  1 0
   133  -.7001744481262104       4   0 0  1 1  0 1  1 0
   134  -.6638276752641163       4   0 0  0 2  0 1  1 0
   135  -.8087278127640657E-01   4   2 0  0 0  0 0  2 0
   136  -.1320725547486813       4   1 1  0 0  0 0  2 0
   137  0.5243499340197342       4   0 2  0 0  0 0  2 0
   138  0.8525321248690795E-01   4   0 0  2 0  0 0  2 0
   139  0.2818093691950108       4   0 0  1 1  0 0  2 0
   140  0.4508345685833177       4   0 0  0 2  0 0  2 0
   141  0.1349950168012951       4   2 0  0 0  0 1  0 1
   142  -.1537923285004826       4   1 1  0 0  0 1  0 1
   143  0.7337276729076275E-01   4   0 2  0 0  0 1  0 1
   144  0.2765350336564876E-01   4   0 0  2 0  0 1  0 1
   145  0.6773474339909797       4   0 0  1 1  0 1  0 1
   146  0.7159037281563815       4   0 0  0 2  0 1  0 1
   147  -.6661232474463978E-03   4   2 0  0 0  0 0  1 1
   148  -.8632521967874984E-01   4   1 1  0 0  0 0  1 1
   149  -.4169748505072161       4   0 2  0 0  0 0  1 1
   150  -.1430563521683301E-01   4   0 0  2 0  0 0  1 1
   151  0.2277536670703183E-01   4   0 0  1 1  0 0  1 1
   152  -.6953123806552031E-01   4   0 0  0 2  0 0  1 1
   153  -.5033361807480768E-01   4   2 0  0 0  0 0  0 2
   154  -.1216903467955564       4   1 1  0 0  0 0  0 2
   155  -.7053771230901870E-01   4   0 2  0 0  0 0  0 2
   156  0.1605962100680771E-03   4   0 0  2 0  0 0  0 2
   157  0.2021122235298692E-01   4   0 0  1 1  0 0  0 2
   158  0.4063253444510397E-02   4   0 0  0 2  0 0  0 2
   159  0.2733344421146813       4   1 0  0 0  0 3  0 0
   160  -.3651277583376407       4   0 1  0 0  0 3  0 0
   161  -.2605825471404087E-01   4   1 0  0 0  0 2  1 0
   162  -.2651335440733392       4   0 1  0 0  0 2  1 0
   163  -.4105005270076494E-01   4   1 0  0 0  0 1  2 0
   164  -.4823549412876025       4   0 1  0 0  0 1  2 0
   165  -.1212478555955888E-01   4   1 0  0 0  0 0  3 0
   166  -.8422586600181960       4   0 1  0 0  0 0  3 0
   167  -.3864373341119552       4   1 0  0 0  0 2  0 1
   168  -.5096509656899564       4   0 1  0 0  0 2  0 1
   169  0.6130467293931811E-01   4   1 0  0 0  0 1  1 1
   170  -.1191104969877693       4   0 1  0 0  0 1  1 1
   171  0.3659864931579621E-01   4   1 0  0 0  0 0  2 1
   172  0.1413929575817695       4   0 1  0 0  0 0  2 1
   173  0.1102029304952741       4   1 0  0 0  0 1  0 2
   174  0.1341381001461594       4   0 1  0 0  0 1  0 2
   175  -.1674986860099066E-01   4   1 0  0 0  0 0  1 2
   176  -.1450080994399915E-01   4   0 1  0 0  0 0  1 2
   177  0.9796008222408789E-03   4   1 0  0 0  0 0  0 3
   178  0.5308318489025631E-04   4   0 1  0 0  0 0  0 3
   179  -.2580033790928046       4   0 0  0 0  0 4  0 0
   180  0.4513456444578363E-01   4   0 0  0 0  0 3  1 0
   181  0.4291286679777262E-01   4   0 0  0 0  0 2  2 0
   182  0.6119206465942160E-01   4   0 0  0 0  0 1  3 0
   183  0.1162633927324044       4   0 0  0 0  0 0  4 0
   184  0.2233235298654674       4   0 0  0 0  0 3  0 1
   185  -.3388278513491692E-01   4   0 0  0 0  0 2  1 1
   186  -.5728811617632194E-01   4   0 0  0 0  0 1  2 1
   187  -.1362749592897679       4   0 0  0 0  0 0  3 1
   188  0.1924497834048646E-01   4   0 0  0 0  0 2  0 2
   189  -.2498412005120936E-01   4   0 0  0 0  0 1  1 2
   190  0.1594871067636252E-02   4   0 0  0 0  0 0  2 2
   191  -.1003835315439051E-02   4   0 0  0 0  0 1  0 3
   192  0.1765734313781904E-02   4   0 0  0 0  0 0  1 3
   193  0.5192837706505826E-05   4   0 0  0 0  0 0  0 4
   ----------------------------------------------------
     I  COEFFICIENT            ORDER EXPONENTS
     1  -.4232183507839314E-01   1   1 0  0 0  0 0  0 0
     2  0.9488451381679635       1   0 1  0 0  0 0  0 0
     3  0.1612192650651920       1   0 0  0 0  0 1  0 0
     4  -.1697436098394370       1   0 0  0 0  0 0  1 0
     5  0.8524344774244880E-02   1   0 0  0 0  0 0  0 1
     6  0.5690665410714731E-02   2   2 0  0 0  0 0  0 0
     7  0.1321801395003150E-01   2   1 1  0 0  0 0  0 0
     8  -.1489322583222286       2   0 2  0 0  0 0  0 0
     9  -.1101401774569703E-01   2   0 0  2 0  0 0  0 0
    10  -.1822619421093687E-01   2   0 0  1 1  0 0  0 0
    11  0.1731401150556607       2   0 0  0 2  0 0  0 0
    12  0.6384631058942601E-01   2   1 0  0 0  0 1  0 0
    13  0.7696462465128562E-01   2   0 1  0 0  0 1  0 0
    14  -.2230314113631105E-01   2   1 0  0 0  0 0  1 0
    15  0.2578256599838085E-01   2   0 1  0 0  0 0  1 0
    16  -.8386500453150812E-01   2   1 0  0 0  0 0  0 1
    17  -.1027471906496665       2   0 1  0 0  0 0  0 1
    18  -.1192945153024916       2   0 0  0 0  0 2  0 0
    19  0.7792819561263806E-01   2   0 0  0 0  0 1  1 0
    20  0.4073913321255580E-01   2   0 0  0 0  0 0  2 0
    21  0.1606608349923452       2   0 0  0 0  0 1  0 1
    22  -.1594064620377497       2   0 0  0 0  0 0  1 1
    23  -.6271864772977620E-03   2   0 0  0 0  0 0  0 2
    24  -.1760527830155074E-01   3   3 0  0 0  0 0  0 0
    25  -.2082625723754755E-01   3   2 1  0 0  0 0  0 0
    26  -.7096022665036281E-01   3   1 2  0 0  0 0  0 0
    27  -.7643422401884462E-01   3   0 3  0 0  0 0  0 0
    28  -.7562043937896876E-01   3   1 0  2 0  0 0  0 0
    29  -.1275881050188583       3   0 1  2 0  0 0  0 0
    30  -.2618791419596663       3   1 0  1 1  0 0  0 0
    31  -.5220327055416362       3   0 1  1 1  0 0  0 0
    32  -.3244775804762352       3   1 0  0 2  0 0  0 0
    33  -.6072402200894317       3   0 1  0 2  0 0  0 0
    34  0.1981103448754356E-01   3   2 0  0 0  0 1  0 0
    35  0.3163526696920461E-01   3   1 1  0 0  0 1  0 0
    36  0.2450549697425777       3   0 2  0 0  0 1  0 0
    37  -.7015423467250782E-02   3   0 0  2 0  0 1  0 0
    38  -.4613542394112339E-01   3   0 0  1 1  0 1  0 0
    39  -.3035210095315072       3   0 0  0 2  0 1  0 0
    40  -.2137586100216289E-02   3   2 0  0 0  0 0  1 0
    41  -.2254802496334377E-02   3   1 1  0 0  0 0  1 0
    42  0.8321847791665392E-01   3   0 2  0 0  0 0  1 0
    43  0.7765648597177166E-02   3   0 0  2 0  0 0  1 0
    44  0.5171309175149700E-01   3   0 0  1 1  0 0  1 0
    45  -.4006285141410444E-01   3   0 0  0 2  0 0  1 0
    46  -.1198278297661254E-01   3   2 0  0 0  0 0  0 1
    47  -.2938046447287022E-01   3   1 1  0 0  0 0  0 1
    48  -.1793411893370030       3   0 2  0 0  0 0  0 1
    49  -.1176424287562346E-01   3   0 0  2 0  0 0  0 1
    50  -.5577667810373649E-02   3   0 0  1 1  0 0  0 1
    51  0.1704437458899510       3   0 0  0 2  0 0  0 1
    52  -.7687303440279616E-01   3   1 0  0 0  0 2  0 0
    53  -.9206005664688004E-01   3   0 1  0 0  0 2  0 0
    54  0.3127743968886566E-01   3   1 0  0 0  0 1  1 0
    55  -.4159431230075544E-01   3   0 1  0 0  0 1  1 0
    56  0.5846339255758389E-02   3   1 0  0 0  0 0  2 0
    57  -.1971614008906258E-01   3   0 1  0 0  0 0  2 0
    58  0.1224686291167266       3   1 0  0 0  0 1  0 1
    59  0.1487498009432299       3   0 1  0 0  0 1  0 1
    60  -.4297011820038245E-01   3   1 0  0 0  0 0  1 1
    61  0.5524402648049984E-01   3   0 1  0 0  0 0  1 1
    62  -.3974925545817209E-01   3   1 0  0 0  0 0  0 2
    63  -.5062331838703162E-01   3   0 1  0 0  0 0  0 2
    64  0.9524688510705789E-01   3   0 0  0 0  0 3  0 0
    65  -.5759846891850785E-01   3   0 0  0 0  0 2  1 0
    66  -.1722021791892182E-01   3   0 0  0 0  0 1  2 0
    67  -.1951700844946665E-01   3   0 0  0 0  0 0  3 0
    68  -.1088476711001742       3   0 0  0 0  0 2  0 1
    69  0.7170917806222127E-01   3   0 0  0 0  0 1  1 1
    70  0.3503211005476596E-01   3   0 0  0 0  0 0  2 1
    71  -.7337335427109002E-02   3   0 0  0 0  0 1  0 2
    72  0.8816531932998200E-02   3   0 0  0 0  0 0  1 2
    73  -.2840033428638196E-03   3   0 0  0 0  0 0  0 3
    74  -4.644965449088001       4   4 0  0 0  0 0  0 0
    75  -21.71081959459493       4   3 1  0 0  0 0  0 0
    76  -52.94050225294457       4   2 2  0 0  0 0  0 0
    77  -65.08212858585165       4   1 3  0 0  0 0  0 0
    78  -32.56264331815635       4   0 4  0 0  0 0  0 0
    79   28.74056052588823       4   2 0  2 0  0 0  0 0
    80   68.45716864014591       4   1 1  2 0  0 0  0 0
    81   56.27333538064983       4   0 2  2 0  0 0  0 0
    82  -4.922590891699477       4   0 0  4 0  0 0  0 0
    83   67.34228026026715       4   2 0  1 1  0 0  0 0
    84   220.4729840371956       4   1 1  1 1  0 0  0 0
    85   204.4427496594072       4   0 2  1 1  0 0  0 0
    86  -23.47922734999254       4   0 0  3 1  0 0  0 0
    87   54.06516459361125       4   2 0  0 2  0 0  0 0
    88   199.7299835561282       4   1 1  0 2  0 0  0 0
    89   199.7764695983226       4   0 2  0 2  0 0  0 0
    90  -57.22059091912747       4   0 0  2 2  0 0  0 0
    91  -69.64798741908605       4   0 0  1 3  0 0  0 0
    92  -34.14496866959867       4   0 0  0 4  0 0  0 0
    93  -1.184661786328620       4   3 0  0 0  0 1  0 0
    94  -6.587867785451931       4   2 1  0 0  0 1  0 0
    95  -13.01551730654584       4   1 2  0 0  0 1  0 0
    96  -9.043865906642008       4   0 3  0 0  0 1  0 0
    97   3.970329133926807       4   1 0  2 0  0 1  0 0
    98   7.366047628115132       4   0 1  2 0  0 1  0 0
    99   14.39053408166448       4   1 0  1 1  0 1  0 0
   100   29.08343125430546       4   0 1  1 1  0 1  0 0
   101   14.31616620239457       4   1 0  0 2  0 1  0 0
   102   30.30117097717855       4   0 1  0 2  0 1  0 0
   103   1.315658725010029       4   3 0  0 0  0 0  1 0
   104   7.200347042925947       4   2 1  0 0  0 0  1 0
   105   14.27211320225957       4   1 2  0 0  0 0  1 0
   106   10.03443365929121       4   0 3  0 0  0 0  1 0
   107  -4.251865530310464       4   1 0  2 0  0 0  1 0
   108  -7.707572247779530       4   0 1  2 0  0 0  1 0
   109  -15.05786623660787       4   1 0  1 1  0 0  1 0
   110  -29.69951603866526       4   0 1  1 1  0 0  1 0
   111  -14.42261852061066       4   1 0  0 2  0 0  1 0
   112  -29.98535639600600       4   0 1  0 2  0 0  1 0
   113  -.1486022169829593       4   3 0  0 0  0 0  0 1
   114  -.6124792574740148       4   2 1  0 0  0 0  0 1
   115  -1.185635669063359       4   1 2  0 0  0 0  0 1
   116  -.8376993046115088       4   0 3  0 0  0 0  0 1
   117  0.2059159570046866       4   1 0  2 0  0 0  0 1
   118  0.3415246196644005       4   0 1  2 0  0 0  0 1
   119  0.6673321549433915       4   1 0  1 1  0 0  0 1
   120   1.138117489901434       4   0 1  1 1  0 0  0 1
   121  0.4309298986923173       4   1 0  0 2  0 0  0 1
   122  0.8986658590063046       4   0 1  0 2  0 0  0 1
   123  -.2578771023941349       4   2 0  0 0  0 2  0 0
   124  -1.008684522426619       4   1 1  0 0  0 2  0 0
   125  -1.337076854478420       4   0 2  0 0  0 2  0 0
   126  0.2636126611863679       4   0 0  2 0  0 2  0 0
   127   1.150746200481502       4   0 0  1 1  0 2  0 0
   128   1.553585143962152       4   0 0  0 2  0 2  0 0
   129  0.4913277544250991       4   2 0  0 0  0 1  1 0
   130   1.993405521810318       4   1 1  0 0  0 1  1 0
   131   2.032234733680629       4   0 2  0 0  0 1  1 0
   132  -.5413045370139981       4   0 0  2 0  0 1  1 0
   133  -2.235250261728789       4   0 0  1 1  0 1  1 0
   134  -2.247672671988633       4   0 0  0 2  0 1  1 0
   135  -.2600557220614593       4   2 0  0 0  0 0  2 0
   136  -1.080704532710761       4   1 1  0 0  0 0  2 0
   137  -1.246087106687500       4   0 2  0 0  0 0  2 0
   138  0.2778637827653005       4   0 0  2 0  0 0  2 0
   139   1.102178064064629       4   0 0  1 1  0 0  2 0
   140   1.214815745980000       4   0 0  0 2  0 0  2 0
   141  0.2442645036317052E-01   4   2 0  0 0  0 1  0 1
   142  -.7671743926284255E-02   4   1 1  0 0  0 1  0 1
   143  0.1518090357910561       4   0 2  0 0  0 1  0 1
   144  0.1407921464126265E-01   4   0 0  2 0  0 1  0 1
   145  -.2010671529309280E-01   4   0 0  1 1  0 1  0 1
   146  -.2524555968726575       4   0 0  0 2  0 1  0 1
   147  0.2878368969781903E-01   4   2 0  0 0  0 0  1 1
   148  0.1702583461075378       4   1 1  0 0  0 0  1 1
   149  0.2935025238610610       4   0 2  0 0  0 0  1 1
   150  -.1442302851660295E-01   4   0 0  2 0  0 0  1 1
   151  -.2081895815196499E-01   4   0 0  1 1  0 0  1 1
   152  -.1018331171431569       4   0 0  0 2  0 0  1 1
   153  -.2660507003049477E-01   4   2 0  0 0  0 0  0 2
   154  -.6660306885419157E-01   4   1 1  0 0  0 0  0 2
   155  -.4331459048905543E-01   4   0 2  0 0  0 0  0 2
   156  0.1719069376701779E-03   4   0 0  2 0  0 0  0 2
   157  0.2325167062771584E-01   4   0 0  1 1  0 0  0 2
   158  0.6700611117956431E-02   4   0 0  0 2  0 0  0 2
   159  0.6188637156464761E-01   4   1 0  0 0  0 3  0 0
   160  0.4905619359181702E-01   4   0 1  0 0  0 3  0 0
   161  0.3632051200660150E-01   4   1 0  0 0  0 2  1 0
   162  0.2167076980966472       4   0 1  0 0  0 2  1 0
   163  -.8607081996488228E-01   4   1 0  0 0  0 1  2 0
   164  -.1434622206488320       4   0 1  0 0  0 1  2 0
   165  0.2525813662654236E-01   4   1 0  0 0  0 0  3 0
   166  0.8040414183192864E-01   4   0 1  0 0  0 0  3 0
   167  -.1451065922977484       4   1 0  0 0  0 2  0 1
   168  -.1797561655783380       4   0 1  0 0  0 2  0 1
   169  0.6822317622769590E-01   4   1 0  0 0  0 1  1 1
   170  -.6330233029411991E-01   4   0 1  0 0  0 1  1 1
   171  0.4450070829496746E-02   4   1 0  0 0  0 0  2 1
   172  -.5831792466882878E-01   4   0 1  0 0  0 0  2 1
   173  0.4976068962553706E-01   4   1 0  0 0  0 1  0 2
   174  0.6265752978216808E-01   4   0 1  0 0  0 1  0 2
   175  -.1707659984315350E-01   4   1 0  0 0  0 0  1 2
   176  0.3472506333538900E-01   4   0 1  0 0  0 0  1 2
   177  0.2355055225262854E-02   4   1 0  0 0  0 0  0 3
   178  0.1288014552168725E-02   4   0 1  0 0  0 0  0 3
   179  -.7976987705929608E-01   4   0 0  0 0  0 4  0 0
   180  0.5124562944921755E-01   4   0 0  0 0  0 3  1 0
   181  0.4698731595825325E-02   4   0 0  0 0  0 2  2 0
   182  0.1230068186965721E-01   4   0 0  0 0  0 1  3 0
   183  0.1034189718859244E-01   4   0 0  0 0  0 0  4 0
   184  0.7734010857385096E-01   4   0 0  0 0  0 3  0 1
   185  -.4793741370228762E-01   4   0 0  0 0  0 2  1 1
   186  -.1185907296277866E-01   4   0 0  0 0  0 1  2 1
   187  -.1463425372509366E-01   4   0 0  0 0  0 0  3 1
   188  0.1680621509054161E-01   4   0 0  0 0  0 2  0 2
   189  -.1191269139715503E-01   4   0 0  0 0  0 1  1 2
   190  -.7151192985736127E-02   4   0 0  0 0  0 0  2 2
   191  -.2341689309903404E-02   4   0 0  0 0  0 1  0 3
   192  0.2860671167543688E-02   4   0 0  0 0  0 0  1 3
   193  0.1225620702200659E-04   4   0 0  0 0  0 0  0 4
   ----------------------------------------------------
     I  COEFFICIENT            ORDER EXPONENTS
     1   1.000121931984917       1   0 0  1 0  0 0  0 0
     2   2.364810194681712       1   0 0  0 1  0 0  0 0
     3  -.2814381276718868E-01   2   1 0  1 0  0 0  0 0
     4  -.3522638047438898       2   0 1  1 0  0 0  0 0
     5  -.3605797671753249       2   1 0  0 1  0 0  0 0
     6  -.4293758528420471       2   0 1  0 1  0 0  0 0
     7  -.2734962675183290E-01   2   0 0  1 0  0 1  0 0
     8  -1.229683618579383       2   0 0  0 1  0 1  0 0
     9  0.2890182094009267E-01   2   0 0  1 0  0 0  1 0
    10  -1.132558049193292       2   0 0  0 1  0 0  1 0
    11  -.1552194188259800E-02   2   0 0  1 0  0 0  0 1
    12  -.2568526909038782E-02   2   0 0  0 1  0 0  0 1
    13  -.4560269953173120E-01   3   2 0  1 0  0 0  0 0
    14  -.8612205380404944E-01   3   1 1  1 0  0 0  0 0
    15  -.4497927035390076E-01   3   0 2  1 0  0 0  0 0
    16  -.3338372399065490E-01   3   0 0  3 0  0 0  0 0
    17  0.2515558987566775E-01   3   2 0  0 1  0 0  0 0
    18  -.1035464988901187       3   1 1  0 1  0 0  0 0
    19   1.035512686120371       3   0 2  0 1  0 0  0 0
    20  0.2430870150116176E-01   3   0 0  2 1  0 0  0 0
    21  0.8964914791578521E-01   3   0 0  1 2  0 0  0 0
    22   1.228076569544863       3   0 0  0 3  0 0  0 0
    23  -.7787084635388571E-02   3   1 0  1 0  0 1  0 0
    24  0.6686918512704897       3   0 1  1 0  0 1  0 0
    25  0.4862440115083626       3   1 0  0 1  0 1  0 0
    26  0.9809379839671510       3   0 1  0 1  0 1  0 0
    27  0.2252454921662628E-01   3   1 0  1 0  0 0  1 0
    28  0.2443945743356277E-01   3   0 1  1 0  0 0  1 0
    29  0.2027391410995620       3   1 0  0 1  0 0  1 0
    30  0.2657099122751305       3   0 1  0 1  0 0  1 0
    31  -.1473746458123748E-01   3   1 0  1 0  0 0  0 1
    32  -.3408675039601627       3   0 1  1 0  0 0  0 1
    33  -.3284033854326004       3   1 0  0 1  0 0  0 1
    34  -.3878961905581828       3   0 1  0 1  0 0  0 1
    35  0.6253825614907677E-01   3   0 0  1 0  0 2  0 0
    36   1.022205461086302       3   0 0  0 1  0 2  0 0
    37  -.4511418597414923E-01   3   0 0  1 0  0 1  1 0
    38  0.4998217956980897       3   0 0  0 1  0 1  1 0
    39  -.2056518229824481E-01   3   0 0  1 0  0 0  2 0
    40  0.8354940781243152       3   0 0  0 1  0 0  2 0
    41  -.5261269957217134E-01   3   0 0  1 0  0 1  0 1
    42  -.8486548071192762E-01   3   0 0  0 1  0 1  0 1
    43  0.5734272963054626E-01   3   0 0  1 0  0 0  1 1
    44  0.9430614643986185E-01   3   0 0  0 1  0 0  1 1
    45  -.1588917935057552E-02   3   0 0  1 0  0 0  0 2
    46  -.2151805954928341E-02   3   0 0  0 1  0 0  0 2
    47   23.34672013628078       4   3 0  1 0  0 0  0 0
    48   51.71008263377345       4   2 1  1 0  0 0  0 0
    49   61.23081507193673       4   1 2  1 0  0 0  0 0
    50   27.40469675571909       4   0 3  1 0  0 0  0 0
    51  -23.70277990109812       4   1 0  3 0  0 0  0 0
    52  -17.70602234366656       4   0 1  3 0  0 0  0 0
    53   17.09059764876729       4   3 0  0 1  0 0  0 0
    54   60.56978517781975       4   2 1  0 1  0 0  0 0
    55   82.65313870582293       4   1 2  0 1  0 0  0 0
    56   40.99058613516347       4   0 3  0 1  0 0  0 0
    57  -52.69102089780237       4   1 0  2 1  0 0  0 0
    58  -62.75567039212562       4   0 1  2 1  0 0  0 0
    59  -62.11596331195915       4   1 0  1 2  0 0  0 0
    60  -84.49486069697781       4   0 1  1 2  0 0  0 0
    61  -28.40198310466921       4   1 0  0 3  0 0  0 0
    62  -41.73443382638688       4   0 1  0 3  0 0  0 0
    63   2.264725034585446       4   2 0  1 0  0 1  0 0
    64   5.972328578848460       4   1 1  1 0  0 1  0 0
    65   4.291220113189443       4   0 2  1 0  0 1  0 0
    66  -.6798449553580641       4   0 0  3 0  0 1  0 0
    67   2.800014090342152       4   2 0  0 1  0 1  0 0
    68   8.829679560822242       4   1 1  0 1  0 1  0 0
    69   5.199707999786710       4   0 2  0 1  0 1  0 0
    70  -3.020428631062639       4   0 0  2 1  0 1  0 0
    71  -4.597333342461601       4   0 0  1 2  0 1  0 0
    72  -4.117468031100159       4   0 0  0 3  0 1  0 0
    73  -2.426501420459524       4   2 0  1 0  0 0  1 0
    74  -6.369159580168420       4   1 1  1 0  0 0  1 0
    75  -4.569946153286541       4   0 2  1 0  0 0  1 0
    76  0.8312130080561180       4   0 0  3 0  0 0  1 0
    77  -3.202126227335672       4   2 0  0 1  0 0  1 0
    78  -9.346595496112890       4   1 1  0 1  0 0  1 0
    79  -8.708558345738155       4   0 2  0 1  0 0  1 0
    80   3.277943742476225       4   0 0  2 1  0 0  1 0
    81   4.706142414310111       4   0 0  1 2  0 0  1 0
    82  0.5713916584751733       4   0 0  0 3  0 0  1 0
    83  0.1617763858740792       4   2 0  1 0  0 0  0 1
    84  0.4829530551240044       4   1 1  1 0  0 0  0 1
    85  0.3686845808049081       4   0 2  1 0  0 0  0 1
    86  -.1513680526980530       4   0 0  3 0  0 0  0 1
    87  0.3769565471178534       4   2 0  0 1  0 0  0 1
    88  0.7240089330708905       4   1 1  0 1  0 0  0 1
    89  0.4023122875903238       4   0 2  0 1  0 0  0 1
    90  -.2818238129147457       4   0 0  2 1  0 0  0 1
    91  -.2881073676800769       4   0 0  1 2  0 0  0 1
    92  -.1381533360096057       4   0 0  0 3  0 0  0 1
    93  0.1974524033345930       4   1 0  1 0  0 2  0 0
    94  -.6616708949286420       4   0 1  1 0  0 2  0 0
    95  -.3024476656753189       4   1 0  0 1  0 2  0 0
    96  -1.154300081020494       4   0 1  0 1  0 2  0 0
    97  -.3534761408993853       4   1 0  1 0  0 1  1 0
    98  -.6712424946291384       4   0 1  1 0  0 1  1 0
    99  -.7919795324814782       4   1 0  0 1  0 1  1 0
   100  -1.529352405785134       4   0 1  0 1  0 1  1 0
   101  0.1628912951533540       4   1 0  1 0  0 0  2 0
   102  0.3182314607821159       4   0 1  1 0  0 0  2 0
   103  0.1140077724129180       4   1 0  0 1  0 0  2 0
   104  0.2655387440294845       4   0 1  0 1  0 0  2 0
   105  -.3364158113441196E-01   4   1 0  1 0  0 1  0 1
   106  0.6572005819454446       4   0 1  1 0  0 1  0 1
   107  0.4243868408153927       4   1 0  0 1  0 1  0 1
   108  0.8951386159246681       4   0 1  0 1  0 1  0 1
   109  0.5169001376050481E-02   4   1 0  1 0  0 0  1 1
   110  -.1409934180221662E-01   4   0 1  1 0  0 0  1 1
   111  0.1584857054565188       4   1 0  0 1  0 0  1 1
   112  0.2011451809007722       4   0 1  0 1  0 0  1 1
   113  0.2160502216979940E-01   4   1 0  1 0  0 0  0 2
   114  0.1931688388854884E-01   4   0 1  1 0  0 0  0 2
   115  0.3696711229664465E-01   4   1 0  0 1  0 0  0 2
   116  0.3370238742455627E-01   4   0 1  0 1  0 0  0 2
   117  -.9690660279296390E-01   4   0 0  1 0  0 3  0 0
   118  -.9935709676878753       4   0 0  0 1  0 3  0 0
   119  0.4344480568369928E-01   4   0 0  1 0  0 2  1 0
   120  -.3439928942252604       4   0 0  0 1  0 2  1 0
   121  0.4648369975358697E-01   4   0 0  1 0  0 1  2 0
   122  -.3138338816096448       4   0 0  0 1  0 1  2 0
   123  0.1158208426702987E-01   4   0 0  1 0  0 0  3 0
   124  -.6994697633170457       4   0 0  0 1  0 0  3 0
   125  0.1221984903970389       4   0 0  1 0  0 2  0 1
   126  0.2580894140299793       4   0 0  0 1  0 2  0 1
   127  -.8962863892627410E-01   4   0 0  1 0  0 1  1 1
   128  -.1838118354244556       4   0 0  0 1  0 1  1 1
   129  -.4009958795818702E-01   4   0 0  1 0  0 0  2 1
   130  -.9423906281216310E-01   4   0 0  0 1  0 0  2 1
   131  -.2477147136173050E-01   4   0 0  1 0  0 1  0 2
   132  -.3888527524985985E-01   4   0 0  0 1  0 1  0 2
   133  0.2757117779077784E-01   4   0 0  1 0  0 0  1 2
   134  0.4468576086459743E-01   4   0 0  0 1  0 0  1 2
   135  0.1260431470225753E-03   4   0 0  1 0  0 0  0 3
   136  0.2183107500162767E-03   4   0 0  0 1  0 0  0 3
   ----------------------------------------------------
     I  COEFFICIENT            ORDER EXPONENTS
     1  -.9591780025214101E-04   1   0 0  1 0  0 0  0 0
     2  0.9996512831429344       1   0 0  0 1  0 0  0 0
     3  -.2934848181752738E-01   2   1 0  1 0  0 0  0 0
     4  -.3480131280782023E-01   2   0 1  1 0  0 0  0 0
     5  -.4122997718422586E-01   2   1 0  0 1  0 0  0 0
     6  0.2698507464509410       2   0 1  0 1  0 0  0 0
     7  -.1524376316326437E-02   2   0 0  1 0  0 1  0 0
     8  0.2385026925959858E-01   2   0 0  0 1  0 1  0 0
     9  0.1795121974422153E-02   2   0 0  1 0  0 0  1 0
    10  -.2453499556467469E-01   2   0 0  0 1  0 0  1 0
    11  -.3666634583478689E-03   2   0 0  1 0  0 0  0 1
    12  0.6847263050761283E-03   2   0 0  0 1  0 0  0 1
    13  -.7319444197018568E-01   3   2 0  1 0  0 0  0 0
    14  -.2565367109302141       3   1 1  1 0  0 0  0 0
    15  -.2962926350312629       3   0 2  1 0  0 0  0 0
    16  -.1812347634986655E-01   3   0 0  3 0  0 0  0 0
    17  -.1180700818305042       3   2 0  0 1  0 0  0 0
    18  -.5022764532783607       3   1 1  0 1  0 0  0 0
    19  -.5457435450880097       3   0 2  0 1  0 0  0 0
    20  -.1966089003157442E-01   3   0 0  2 1  0 0  0 0
    21  -.6233597802084354E-01   3   0 0  1 2  0 0  0 0
    22  -.3830305730618239E-01   3   0 0  0 3  0 0  0 0
    23  -.1502406932747239E-01   3   1 0  1 0  0 1  0 0
    24  -.2214985349504930E-01   3   0 1  1 0  0 1  0 0
    25  0.8390253944110091E-02   3   1 0  0 1  0 1  0 0
    26  -.6616212446942298       3   0 1  0 1  0 1  0 0
    27  0.1575965241367298E-01   3   1 0  1 0  0 0  1 0
    28  0.5945739615721522E-01   3   0 1  1 0  0 0  1 0
    29  0.4781930291793082E-01   3   1 0  0 1  0 0  1 0
    30  0.1383339240316962       3   0 1  0 1  0 0  1 0
    31  -.3008406490372768E-01   3   1 0  1 0  0 0  0 1
    32  -.3730754266216570E-01   3   0 1  1 0  0 0  0 1
    33  -.5620955686204059E-01   3   1 0  0 1  0 0  0 1
    34  0.2534365742115930       3   0 1  0 1  0 0  0 1
    35  -.1016600790679239E-01   3   0 0  1 0  0 2  0 0
    36  -.8411812160492785E-01   3   0 0  0 1  0 2  0 0
    37  0.2387722708110483E-01   3   0 0  1 0  0 1  1 0
    38  0.9966214350819209E-01   3   0 0  0 1  0 1  1 0
    39  -.1398548996514932E-01   3   0 0  1 0  0 0  2 0
    40  -.1391743394129046E-01   3   0 0  0 1  0 0  2 0
    41  -.3545211267520039E-02   3   0 0  1 0  0 1  0 1
    42  0.4472383044206509E-01   3   0 0  0 1  0 1  0 1
    43  0.4093752849193787E-02   3   0 0  1 0  0 0  1 1
    44  -.4729228006093657E-01   3   0 0  0 1  0 0  1 1
    45  -.2742707908368730E-03   3   0 0  1 0  0 0  0 2
    46  0.9418616568976883E-03   3   0 0  0 1  0 0  0 2
    47   19.18991621005166       4   3 0  1 0  0 0  0 0
    48   67.20306599131786       4   2 1  1 0  0 0  0 0
    49   109.4028910127315       4   1 2  1 0  0 0  0 0
    50   67.39283041471523       4   0 3  1 0  0 0  0 0
    51  -19.85492963612789       4   1 0  3 0  0 0  0 0
    52  -23.63625040315752       4   0 1  3 0  0 0  0 0
    53   22.05805288843678       4   3 0  0 1  0 0  0 0
    54   107.2906739083848       4   2 1  0 1  0 0  0 0
    55   197.4948934032492       4   1 2  0 1  0 0  0 0
    56   131.8671772776764       4   0 3  0 1  0 0  0 0
    57  -69.69923951059552       4   1 0  2 1  0 0  0 0
    58  -114.4393465017057       4   0 1  2 1  0 0  0 0
    59  -112.0899036324834       4   1 0  1 2  0 0  0 0
    60  -207.8705314603007       4   0 1  1 2  0 0  0 0
    61  -67.70942537655350       4   1 0  0 3  0 0  0 0
    62  -135.8329144487311       4   0 1  0 3  0 0  0 0
    63   3.860326255708076       4   2 0  1 0  0 1  0 0
    64   14.22030701894157       4   1 1  1 0  0 1  0 0
    65   14.47804118570392       4   0 2  1 0  0 1  0 0
    66  -1.307826169770805       4   0 0  3 0  0 1  0 0
    67   6.942776527765973       4   2 0  0 1  0 1  0 0
    68   27.94049444456886       4   1 1  0 1  0 1  0 0
    69   29.85473175580318       4   0 2  0 1  0 1  0 0
    70  -7.182445076987118       4   0 0  2 1  0 1  0 0
    71  -13.96599653565677       4   0 0  1 2  0 1  0 0
    72  -9.600184239474737       4   0 0  0 3  0 1  0 0
    73  -4.140801734656765       4   2 0  1 0  0 0  1 0
    74  -14.89263199938124       4   1 1  1 0  0 0  1 0
    75  -14.67536819100024       4   0 2  1 0  0 0  1 0
    76   1.446763498339723       4   0 0  3 0  0 0  1 0
    77  -7.289481439458396       4   2 0  0 1  0 0  1 0
    78  -28.57156069430525       4   1 1  0 1  0 0  1 0
    79  -29.77218698420635       4   0 2  0 1  0 0  1 0
    80   7.824409912844086       4   0 0  2 1  0 0  1 0
    81   15.24741779592807       4   0 0  1 2  0 0  1 0
    82   10.46406816007086       4   0 0  0 3  0 0  1 0
    83  0.2072810369785046       4   2 0  1 0  0 0  0 1
    84  0.6723249804396817       4   1 1  1 0  0 0  0 1
    85  0.4936196403275769       4   0 2  1 0  0 0  0 1
    86  -.1570608049187847       4   0 0  3 0  0 0  0 1
    87  0.3467049116924228       4   2 0  0 1  0 0  0 1
    88   1.133342703014745       4   1 1  0 1  0 0  0 1
    89   1.008942318579197       4   0 2  0 1  0 0  0 1
    90  -.6419648358569671       4   0 0  2 1  0 0  0 1
    91  -1.219085282250461       4   0 0  1 2  0 0  0 1
    92  -.7872778059837563       4   0 0  0 3  0 0  0 1
    93  0.5083394656589242       4   1 0  1 0  0 2  0 0
    94   1.105023926088289       4   0 1  1 0  0 2  0 0
    95  0.9966756379175973       4   1 0  0 1  0 2  0 0
    96   3.188315565404107       4   0 1  0 1  0 2  0 0
    97  -1.041134057378052       4   1 0  1 0  0 1  1 0
    98  -2.230249862211436       4   0 1  1 0  0 1  1 0
    99  -2.132192313124030       4   1 0  0 1  0 1  1 0
   100  -4.590711065800075       4   0 1  0 1  0 1  1 0
   101  0.5342934356928530       4   1 0  1 0  0 0  2 0
   102   1.088523579913083       4   0 1  1 0  0 0  2 0
   103   1.061496311119521       4   1 0  0 1  0 0  2 0
   104   2.163057166335310       4   0 1  0 1  0 0  2 0
   105  0.2445512606020401E-01   4   1 0  1 0  0 1  0 1
   106  0.4235186352990551E-01   4   0 1  1 0  0 1  0 1
   107  0.1304507833447245       4   1 0  0 1  0 1  0 1
   108  -.4626775756196846       4   0 1  0 1  0 1  0 1
   109  -.2745281400765408E-01   4   1 0  1 0  0 0  1 1
   110  -.6254693771946533E-02   4   0 1  1 0  0 0  1 1
   111  -.3861961203294319E-01   4   1 0  0 1  0 0  1 1
   112  -.1207111493393754E-01   4   0 1  0 1  0 0  1 1
   113  0.1498843973725004E-02   4   1 0  1 0  0 0  0 2
   114  0.6051864521034037E-03   4   0 1  1 0  0 0  0 2
   115  -.1781080722487031E-01   4   1 0  0 1  0 0  0 2
   116  -.1606222893478200E-01   4   0 1  0 1  0 0  0 2
   117  0.4983986930779365E-01   4   0 0  1 0  0 3  0 0
   118  0.2219534728986947       4   0 0  0 1  0 3  0 0
   119  -.1216700693655620       4   0 0  1 0  0 2  1 0
   120  -.3400893366644388       4   0 0  0 1  0 2  1 0
   121  0.8824007070804073E-01   4   0 0  1 0  0 1  2 0
   122  0.1481171413454819       4   0 0  0 1  0 1  2 0
   123  -.1613679841074924E-01   4   0 0  1 0  0 0  3 0
   124  -.3243059932355040E-01   4   0 0  0 1  0 0  3 0
   125  -.1768353065102663E-01   4   0 0  1 0  0 2  0 1
   126  -.1575348388217899       4   0 0  0 1  0 2  0 1
   127  0.4298277023393773E-01   4   0 0  1 0  0 1  1 1
   128  0.1846201036215293       4   0 0  0 1  0 1  1 1
   129  -.2584418551064359E-01   4   0 0  1 0  0 0  2 1
   130  -.2299047549224978E-01   4   0 0  0 1  0 0  2 1
   131  -.2035248832182202E-02   4   0 0  1 0  0 1  0 2
   132  0.2050095656896025E-01   4   0 0  0 1  0 1  0 2
   133  0.2305923969077820E-02   4   0 0  1 0  0 0  1 2
   134  -.2202729625757833E-01   4   0 0  0 1  0 0  1 2
   135  0.1198551313775448E-05   4   0 0  1 0  0 0  0 3
   136  -.1191278750589759E-03   4   0 0  0 1  0 0  0 3
   ----------------------------------------------------
     I  COEFFICIENT            ORDER EXPONENTS
     1  -.1613428040904862       1   1 0  0 0  0 0  0 0
     2  -.1920977625494389       1   0 1  0 0  0 0  0 0
     3   1.000000000000000       1   0 0  0 0  1 0  0 0
     4  0.5791026742103103       1   0 0  0 0  0 1  0 0
     5  -.5778437277067212       1   0 0  0 0  0 0  1 0
     6  -.1258946503589295E-02   1   0 0  0 0  0 0  0 1
     7  -.3194814955036537E-01   2   2 0  0 0  0 0  0 0
     8  -.7731977087327266E-01   2   1 1  0 0  0 0  0 0
     9  -.6403028499727308       2   0 2  0 0  0 0  0 0
    10  0.1328946448370681E-04   2   0 0  2 0  0 0  0 0
    11  0.2926754496426365E-01   2   0 0  1 1  0 0  0 0
    12  -.5825675001448098       2   0 0  0 2  0 0  0 0
    13  0.2389326924038295       2   1 0  0 0  0 1  0 0
    14  0.2842944307987355       2   0 1  0 0  0 1  0 0
    15  -.7802180473580486E-01   2   1 0  0 0  0 0  1 0
    16  0.1074298758202852       2   0 1  0 0  0 0  1 0
    17  -.1609108876680244       2   1 0  0 0  0 0  0 1
    18  -.1996265440695836       2   0 1  0 0  0 0  0 1
    19  -.4191262454355744       2   0 0  0 0  0 2  0 0
    20  0.2787965335344652       2   0 0  0 0  0 1  1 0
    21  0.1379420638707906       2   0 0  0 0  0 0  2 0
    22  -.1964671687362644E-01   2   0 0  0 0  0 1  0 1
    23  0.2316306643067550E-01   2   0 0  0 0  0 0  1 1
    24  -.1128701526729862E-02   2   0 0  0 0  0 0  0 2
    25  -.4148570638429949E-02   3   3 0  0 0  0 0  0 0
    26  -.2957726173479797E-01   3   2 1  0 0  0 0  0 0
    27  -.2836681273149435       3   1 2  0 0  0 0  0 0
    28  -.3089087994730041       3   0 3  0 0  0 0  0 0
    29  0.1878454129054972E-03   3   1 0  2 0  0 0  0 0
    30  0.1931048337295371E-02   3   0 1  2 0  0 0  0 0
    31  0.1193550601885104E-01   3   1 0  1 1  0 0  0 0
    32  0.7044229509958964       3   0 1  1 1  0 0  0 0
    33  0.2476856383455278       3   1 0  0 2  0 0  0 0
    34  0.7106859874555922       3   0 1  0 2  0 0  0 0
    35  0.7564345172480372E-01   3   2 0  0 0  0 1  0 0
    36  0.1831121865385547       3   1 1  0 0  0 1  0 0
    37  0.9745556840692615       3   0 2  0 0  0 1  0 0
    38  0.1128487506560234E-01   3   0 0  2 0  0 1  0 0
    39  -.1752244932572862E-01   3   0 0  1 1  0 1  0 0
    40  0.9419516858483362       3   0 0  0 2  0 1  0 0
    41  -.1429776926800535E-01   3   2 0  0 0  0 0  1 0
    42  0.4580674370028214E-01   3   1 1  0 0  0 0  1 0
    43  0.4034851992877223       3   0 2  0 0  0 0  1 0
    44  -.1153733934601980E-01   3   0 0  2 0  0 0  1 0
    45  -.7396175017647125E-01   3   0 0  1 1  0 0  1 0
    46  0.1995336772722012       3   0 0  0 2  0 0  1 0
    47  -.6134568245679838E-01   3   2 0  0 0  0 0  0 1
    48  -.1515991593655636       3   1 1  0 0  0 0  0 1
    49  -.9743518341152224E-01   3   0 2  0 0  0 0  0 1
    50  0.2524642804176569E-03   3   0 0  2 0  0 0  0 1
    51  0.6221665453793624E-01   3   0 0  1 1  0 0  0 1
    52  0.2364963716908298E-01   3   0 0  0 2  0 0  0 1
    53  -.2862545795539403       3   1 0  0 0  0 2  0 0
    54  -.3415185906154983       3   0 1  0 0  0 2  0 0
    55  0.1153769448850970       3   1 0  0 0  0 1  1 0
    56  -.1567564619079450       3   0 1  0 0  0 1  1 0
    57  0.1717036827451594E-01   3   1 0  0 0  0 0  2 0
    58  -.8885129632611363E-01   3   0 1  0 0  0 0  2 0
    59  0.2181995218189533       3   1 0  0 0  0 1  0 1
    60  0.2712047815414730       3   0 1  0 0  0 1  0 1
    61  -.7169587669832406E-01   3   1 0  0 0  0 0  1 1
    62  0.1195993029196014       3   0 1  0 0  0 0  1 1
    63  0.7203621273697600E-02   3   1 0  0 0  0 0  0 2
    64  0.4224501839045377E-02   3   0 1  0 0  0 0  0 2
    65  0.3307575278155329       3   0 0  0 0  0 3  0 0
    66  -.2000545452093324       3   0 0  0 0  0 2  1 0
    67  -.6178687263126970E-01   3   0 0  0 0  0 1  2 0
    68  -.6543877399483697E-01   3   0 0  0 0  0 0  3 0
    69  0.4603445263388280E-01   3   0 0  0 0  0 2  0 1
    70  -.3391023138772693E-01   3   0 0  0 0  0 1  1 1
    71  -.1778093312580064E-01   3   0 0  0 0  0 0  2 1
    72  -.9432620066392994E-02   3   0 0  0 0  0 1  0 2
    73  0.1157298238898902E-01   3   0 0  0 0  0 0  1 2
    74  0.3901357695464180E-04   3   0 0  0 0  0 0  0 3
    75  0.3224861392123904       4   4 0  0 0  0 0  0 0
    76  0.6982305599020698       4   3 1  0 0  0 0  0 0
    77  0.9380066801256239       4   2 2  0 0  0 0  0 0
    78  0.5880426352824375       4   1 3  0 0  0 0  0 0
    79  -.2986557832852134       4   0 4  0 0  0 0  0 0
    80  -2.042406998441483       4   2 0  2 0  0 0  0 0
    81  -2.301244485118891       4   1 1  2 0  0 0  0 0
    82  -1.308021630971125       4   0 2  2 0  0 0  0 0
    83  0.3248514126745223       4   0 0  4 0  0 0  0 0
    84  -2.279227536145736       4   2 0  1 1  0 0  0 0
    85  -4.879676287647507       4   1 1  1 1  0 0  0 0
    86  -3.163050099912212       4   0 2  1 1  0 0  0 0
    87  0.7084621516393302       4   0 0  3 1  0 0  0 0
    88  -1.275458208296274       4   2 0  0 2  0 0  0 0
    89  -3.255242104025317       4   1 1  0 2  0 0  0 0
    90  -3.296087454143335       4   0 2  0 2  0 0  0 0
    91  0.9737288600209036       4   0 0  2 2  0 0  0 0
    92  0.6569694632478678       4   0 0  1 3  0 0  0 0
    93  -.2282714879857548       4   0 0  0 4  0 0  0 0
    94  0.4094127403242467E-01   4   3 0  0 0  0 1  0 0
    95  0.1676074323647989       4   2 1  0 0  0 1  0 0
    96  0.8108348564307961       4   1 2  0 0  0 1  0 0
    97  0.8075283209066346       4   0 3  0 0  0 1  0 0
    98  -.9177504282870155E-01   4   1 0  2 0  0 1  0 0
    99  -.1156946656305340       4   0 1  2 0  0 1  0 0
   100  -.2315194774614151       4   1 0  1 1  0 1  0 0
   101  -2.251575311318425       4   0 1  1 1  0 1  0 0
   102  -.7474654965854007       4   1 0  0 2  0 1  0 0
   103  -2.608894957418134       4   0 1  0 2  0 1  0 0
   104  -.3154916132135069E-01   4   3 0  0 0  0 0  1 0
   105  -.7645254385600581E-01   4   2 1  0 0  0 0  1 0
   106  0.7265021375372788E-01   4   1 2  0 0  0 0  1 0
   107  0.4463993449078367       4   0 3  0 0  0 0  1 0
   108  0.9771916623045034E-01   4   1 0  2 0  0 0  1 0
   109  0.1298463161096497       4   0 1  2 0  0 0  1 0
   110  0.2359480431502176       4   1 0  1 1  0 0  1 0
   111  0.1727806834424573       4   0 1  1 1  0 0  1 0
   112  0.5917794921323925E-01   4   1 0  0 2  0 0  1 0
   113  -.1720792171644909       4   0 1  0 2  0 0  1 0
   114  -.9392112711074305E-02   4   3 0  0 0  0 0  0 1
   115  -.6157762677399413E-01   4   2 1  0 0  0 0  0 1
   116  -.3161488155546373       4   1 2  0 0  0 0  0 1
   117  -.3272012673954616       4   0 3  0 0  0 0  0 1
   118  -.5944123401749202E-02   4   1 0  2 0  0 0  0 1
   119  -.1608269881641048E-01   4   0 1  2 0  0 0  0 1
   120  -.1636407170765286E-01   4   1 0  1 1  0 0  0 1
   121  0.6699487258841745       4   0 1  1 1  0 0  0 1
   122  0.1929162706811057       4   1 0  0 2  0 0  0 1
   123  0.6489162122158468       4   0 1  0 2  0 0  0 1
   124  -.1228607047716251       4   2 0  0 0  0 2  0 0
   125  -.2945309229012952       4   1 1  0 0  0 2  0 0
   126  -1.200399374205950       4   0 2  0 0  0 2  0 0
   127  -.3643007446211857E-01   4   0 0  2 0  0 2  0 0
   128  -.7730226416295531E-01   4   0 0  1 1  0 2  0 0
   129  -1.395239610814116       4   0 0  0 2  0 2  0 0
   130  0.3163301532493416E-01   4   2 0  0 0  0 1  1 0
   131  -.1184057358507296       4   1 1  0 0  0 1  1 0
   132  -.6871655892177909       4   0 2  0 0  0 1  1 0
   133  0.4034287550130245E-01   4   0 0  2 0  0 1  1 0
   134  0.2325991850837671       4   0 0  1 1  0 1  1 0
   135  -.1290233432235776       4   0 0  0 2  0 1  1 0
   136  0.4815968424279240E-02   4   2 0  0 0  0 0  2 0
   137  -.3283540377009607E-01   4   1 1  0 0  0 0  2 0
   138  -.3707581184501451       4   0 2  0 0  0 0  2 0
   139  -.3428564586006575E-02   4   0 0  2 0  0 0  2 0
   140  0.3044678840516854E-01   4   0 0  1 1  0 0  2 0
   141  -.1389279122921109       4   0 0  0 2  0 0  2 0
   142  0.1384449424935125       4   2 0  0 0  0 1  0 1
   143  0.3412432085762099       4   1 1  0 0  0 1  0 1
   144  0.1642972854219074       4   0 2  0 0  0 1  0 1
   145  0.2123239835733207E-01   4   0 0  2 0  0 1  0 1
   146  -.4294975810639918E-01   4   0 0  1 1  0 1  0 1
   147  0.9364750730680257E-01   4   0 0  0 2  0 1  0 1
   148  -.2696718290548654E-01   4   2 0  0 0  0 0  1 1
   149  0.9246305599035948E-01   4   1 1  0 0  0 0  1 1
   150  0.2182262282549183       4   0 2  0 0  0 0  1 1
   151  -.2194840698326941E-01   4   0 0  2 0  0 0  1 1
   152  -.1455692615411615       4   0 0  1 1  0 0  1 1
   153  -.1917218640088035       4   0 0  0 2  0 0  1 1
   154  -.2506603856561381E-01   4   2 0  0 0  0 0  0 2
   155  -.6525397291772063E-01   4   1 1  0 0  0 0  0 2
   156  -.4510898172112936E-01   4   0 2  0 0  0 0  0 2
   157  0.2317721727598604E-03   4   0 0  2 0  0 0  0 2
   158  0.3204285528584438E-01   4   0 0  1 1  0 0  0 2
   159  0.1356272259737597E-01   4   0 0  0 2  0 0  0 2
   160  0.3156255922896515       4   1 0  0 0  0 3  0 0
   161  0.3779298724671316       4   0 1  0 0  0 3  0 0
   162  -.1411257123987861       4   1 0  0 0  0 2  1 0
   163  0.1808720451023178       4   0 1  0 0  0 2  1 0
   164  -.2293964372013304E-01   4   1 0  0 0  0 1  2 0
   165  0.1363601283069117       4   0 1  0 0  0 1  2 0
   166  -.7393516991727271E-02   4   1 0  0 0  0 0  3 0
   167  0.8184825785420344E-01   4   0 1  0 0  0 0  3 0
   168  -.2332419053622869       4   1 0  0 0  0 2  0 1
   169  -.2901058906572216       4   0 1  0 0  0 2  0 1
   170  0.9737682246764354E-01   4   1 0  0 0  0 1  1 1
   171  -.1641949610946238       4   0 1  0 0  0 1  1 1
   172  0.1077945814628271E-01   4   1 0  0 0  0 0  2 1
   173  -.1153510128911817       4   0 1  0 0  0 0  2 1
   174  -.3364602769048832E-01   4   1 0  0 0  0 1  0 2
   175  -.3460380110767458E-01   4   0 1  0 0  0 1  0 2
   176  0.1222800731821969E-01   4   1 0  0 0  0 0  1 2
   177  0.1804953905909118E-01   4   0 1  0 0  0 0  1 2
   178  0.2336925941624785E-02   4   1 0  0 0  0 0  0 3
   179  0.1293585510482552E-02   4   0 1  0 0  0 0  0 3
   180  -.2694031549288785       4   0 0  0 0  0 4  0 0
   181  0.1592755050571668       4   0 0  0 0  0 3  1 0
   182  0.4077363096522396E-01   4   0 0  0 0  0 2  2 0
   183  0.2635642026530115E-01   4   0 0  0 0  0 1  3 0
   184  0.3848056435790756E-01   4   0 0  0 0  0 0  4 0
   185  -.7393546878825213E-01   4   0 0  0 0  0 3  0 1
   186  0.4078985852605002E-01   4   0 0  0 0  0 2  1 1
   187  0.2474409516745796E-01   4   0 0  0 0  0 1  2 1
   188  0.1603764428757933E-01   4   0 0  0 0  0 0  3 1
   189  0.2145659496852923E-01   4   0 0  0 0  0 2  0 2
   190  -.1466860661191835E-01   4   0 0  0 0  0 1  1 2
   191  -.9757114326396813E-02   4   0 0  0 0  0 0  2 2
   192  0.1775895801311151E-04   4   0 0  0 0  0 1  0 3
   193  -.1787039674180882E-03   4   0 0  0 0  0 0  1 3
   194  0.1097606963554943E-04   4   0 0  0 0  0 0  0 4
   ----------------------------------------------------
     I  COEFFICIENT            ORDER EXPONENTS
     1   1.000000000000000       1   0 0  0 0  0 1  0 0
     --------------------------------------------------
     I  COEFFICIENT            ORDER EXPONENTS
     1   1.000000000000000       1   0 0  0 0  0 0  1 0
     --------------------------------------------------
     I  COEFFICIENT            ORDER EXPONENTS
     1   1.000000000000000       1   0 0  0 0  0 0  0 1
     --------------------------------------------------
