     I  COEFFICIENT            ORDER EXPONENTS
     1  0.1376067212611358E-04   0   0 0  0 0  0 0  0 0
     2  0.8170056502338962       1   1 0  0 0  0 0  0 0
     3  0.2856627992418521       1   0 1  0 0  0 0  0 0
     4  -.6702504624404347E-04   1   0 0  1 0  0 0  0 0
     5  -.5103284688968941E-05   1   0 0  0 1  0 0  0 0
     6  -.3118508328060732E-05   1   0 0  0 0  0 1  0 0
     7  -.3108093854033574E-05   1   0 0  0 0  0 0  1 0
     8  0.6226602182094304E-05   1   0 0  0 0  0 0  0 1
     9  0.2189970823105368E-03   2   2 0  0 0  0 0  0 0
    10  -.5418938028874421E-04   2   1 1  0 0  0 0  0 0
    11  -.4154449912299635E-04   2   0 2  0 0  0 0  0 0
    12  0.2117022129296457E-03   2   1 0  1 0  0 0  0 0
    13  0.3464156468727908E-04   2   0 1  1 0  0 0  0 0
    14  -.8989856155465193E-05   2   0 0  2 0  0 0  0 0
    15  0.8373484201611285E-05   2   1 0  0 1  0 0  0 0
    16  -.8178799759656463E-06   2   0 1  0 1  0 0  0 0
    17  0.5097697226312797E-05   2   0 0  1 1  0 0  0 0
    18  0.6183335056267621E-05   2   0 0  0 2  0 0  0 0
    19  0.8900132064884286E-01   2   1 0  0 0  0 1  0 0
    20  -.1359072554547431       2   0 1  0 0  0 1  0 0
    21  0.3360104233210225E-04   2   0 0  1 0  0 1  0 0
    22  0.5116618308283496E-05   2   0 0  0 1  0 1  0 0
    23  0.8870409458921048E-01   2   1 0  0 0  0 0  1 0
    24  -.1354533837849770       2   0 1  0 0  0 0  1 0
    25  0.3348882932965344E-04   2   0 0  1 0  0 0  1 0
    26  0.5099531007922969E-05   2   0 0  0 1  0 0  1 0
    27  -.1777054152380533       2   1 0  0 0  0 0  0 1
    28  -.1430216000213196E-01   2   0 1  0 0  0 0  0 1
    29  -.6708987166175561E-04   2   0 0  1 0  0 0  0 1
    30  -.5112864627237504E-05   2   0 0  0 1  0 0  0 1
    31  0.2289091413720558E-05   2   0 0  0 0  0 2  0 0
    32  0.1465179782778430E-05   2   0 0  0 0  0 1  1 0
    33  0.2279000300248517E-05   2   0 0  0 0  0 0  2 0
    34  -.2924855284027648E-05   2   0 0  0 0  0 1  0 1
    35  -.2915087527721009E-05   2   0 0  0 0  0 0  1 1
    36  -.1933295713344815E-06   2   0 0  0 0  0 0  0 2
    37  0.5464079072860873E-01   3   3 0  0 0  0 0  0 0
    38  -.2962293380660959       3   2 1  0 0  0 0  0 0
    39  -.2909136753396980       3   1 2  0 0  0 0  0 0
    40  0.1118971555352622       3   0 3  0 0  0 0  0 0
    41  0.1179492839006008E-03   3   2 0  1 0  0 0  0 0
    42  0.1868850800217244E-03   3   1 1  1 0  0 0  0 0
    43  -.7987007888294502E-04   3   0 2  1 0  0 0  0 0
    44  -.1851778909985616       3   1 0  2 0  0 0  0 0
    45  -.6500274205458185       3   0 1  2 0  0 0  0 0
    46  -.8597761125612690E-04   3   0 0  3 0  0 0  0 0
    47  -.1353337341093506E-03   3   2 0  0 1  0 0  0 0
    48  -.2659489217703352E-04   3   1 1  0 1  0 0  0 0
    49  -.1450231944612331E-04   3   0 2  0 1  0 0  0 0
    50  -.1604195505110884       3   1 0  1 1  0 0  0 0
    51  -.3501538912098008E-01   3   0 1  1 1  0 0  0 0
    52  -.3406184454333134E-03   3   0 0  2 1  0 0  0 0
    53  -.1819670852605409       3   1 0  0 2  0 0  0 0
    54  0.1202708187991335       3   0 1  0 2  0 0  0 0
    55  -.1242678792877492E-03   3   0 0  1 2  0 0  0 0
    56  -.1378396247058085E-04   3   0 0  0 3  0 0  0 0
    57  -.7964165781626154E-04   3   2 0  0 0  0 1  0 0
    58  -.3727569305648567E-04   3   1 1  0 0  0 1  0 0
    59  0.3118398155308962E-04   3   0 2  0 0  0 1  0 0
    60  -.1171357730566463E-03   3   1 0  1 0  0 1  0 0
    61  -.3606232408694128E-04   3   0 1  1 0  0 1  0 0
    62  -.1964748950957809E-06   3   0 0  2 0  0 1  0 0
    63  -.1254007429356641E-04   3   1 0  0 1  0 1  0 0
    64  0.4485265145276831E-06   3   0 1  0 1  0 1  0 0
    65  -.7642327115161302E-05   3   0 0  1 1  0 1  0 0
    66  -.9154310842431809E-05   3   0 0  0 2  0 1  0 0
    67  -.7937568899734119E-04   3   2 0  0 0  0 0  1 0
    68  -.3715120830405198E-04   3   1 1  0 0  0 0  1 0
    69  0.3107984049211314E-04   3   0 2  0 0  0 0  1 0
    70  -.1167445900493172E-03   3   1 0  1 0  0 0  1 0
    71  -.3594189146401604E-04   3   0 1  1 0  0 0  1 0
    72  -.1958187536085376E-06   3   0 0  2 0  0 0  1 0
    73  -.1249819584903785E-04   3   1 0  0 1  0 0  1 0
    74  0.4470286292424273E-06   3   0 1  0 1  0 0  1 0
    75  -.7616805035732581E-05   3   0 0  1 1  0 0  1 0
    76  -.9123739388879091E-05   3   0 0  0 2  0 0  1 0
    77  0.1590173468136027E-03   3   2 0  0 0  0 0  0 1
    78  0.1286162816492818E-03   3   1 1  0 0  0 0  0 1
    79  0.2082517620078994E-04   3   0 2  0 0  0 0  0 1
    80  0.2338803631059623E-03   3   1 0  1 0  0 0  0 1
    81  0.3736265086367845E-04   3   0 1  1 0  0 0  0 1
    82  0.3922936487042073E-06   3   0 0  2 0  0 0  0 1
    83  0.1666478594099334E-04   3   1 0  0 1  0 0  0 1
    84  0.7402048081607104E-06   3   0 1  0 1  0 0  0 1
    85  0.1016143492458127E-04   3   0 0  1 1  0 0  0 1
    86  0.5911380118775588E-05   3   0 0  0 2  0 0  0 1
    87  -.6539672198423233E-01   3   1 0  0 0  0 2  0 0
    88  0.9829602672272357E-01   3   0 1  0 0  0 2  0 0
    89  -.2519880230216765E-04   3   0 0  1 0  0 2  0 0
    90  -.5121994857388497E-05   3   0 0  0 1  0 2  0 0
    91  -.4194879427321459E-01   3   1 0  0 0  0 1  1 0
    92  0.6093449655494410E-01   3   0 1  0 0  0 1  1 0
    93  -.1685041123674738E-04   3   0 0  1 0  0 1  1 0
    94  -.5123257773932616E-05   3   0 0  0 1  0 1  1 0
    95  -.6510827966432985E-01   3   1 0  0 0  0 0  2 0
    96  0.9786601286928111E-01   3   0 1  0 0  0 0  2 0
    97  -.2508651260460106E-04   3   0 0  1 0  0 0  2 0
    98  -.5096334864953654E-05   3   0 0  0 1  0 0  2 0
    99  0.8374093443783853E-01   3   1 0  0 0  0 1  0 1
   100  0.1428794348033211E-01   3   0 1  0 0  0 1  0 1
   101  0.3364257463948310E-04   3   0 0  1 0  0 1  0 1
   102  0.5120155055257965E-05   3   0 0  0 1  0 1  0 1
   103  0.8346127580141097E-01   3   1 0  0 0  0 0  1 1
   104  0.1424022790588943E-01   3   0 1  0 0  0 0  1 1
   105  0.3353022293702416E-04   3   0 0  1 0  0 0  1 1
   106  0.5103055943686497E-05   3   0 0  0 1  0 0  1 1
   107  0.5251597876532563E-02   3   1 0  0 0  0 0  0 2
   108  0.3807232804792336E-04   3   0 1  0 0  0 0  0 2
   109  -.3918473924218884E-07   3   0 0  1 0  0 0  0 2
   110  0.3378054421507021E-08   3   0 0  0 1  0 0  0 2
   111  -.1875252530927084E-05   3   0 0  0 0  0 3  0 0
   112  -.1048969024517259E-05   3   0 0  0 0  0 2  1 0
   113  -.1053076799543990E-05   3   0 0  0 0  0 1  2 0
   114  -.1864113059960455E-05   3   0 0  0 0  0 0  3 0
   115  0.2096542486507288E-05   3   0 0  0 0  0 2  0 1
   116  0.1273729484753591E-05   3   0 0  0 0  0 1  1 1
   117  0.2087414084239338E-05   3   0 0  0 0  0 0  2 1
   118  0.1914481974846921E-06   3   0 0  0 0  0 1  0 2
   119  0.1908088430015553E-06   3   0 0  0 0  0 0  1 2
   120  0.1467367394238263E-08   3   0 0  0 0  0 0  0 3
   121  0.3834275739336964E-03   4   4 0  0 0  0 0  0 0
   122  -.1246514087197984E-03   4   3 1  0 0  0 0  0 0
   123  0.5882539659899948E-04   4   2 2  0 0  0 0  0 0
   124  0.1007195488134700E-03   4   1 3  0 0  0 0  0 0
   125  -.4534768927773121E-04   4   0 4  0 0  0 0  0 0
   126  0.3219713774783993E-03   4   3 0  1 0  0 0  0 0
   127  -.1436749143019539E-03   4   2 1  1 0  0 0  0 0
   128  0.1189230277019285E-03   4   1 2  1 0  0 0  0 0
   129  -.5194587301280934E-04   4   0 3  1 0  0 0  0 0
   130  0.9863265999954796E-03   4   2 0  2 0  0 0  0 0
   131  0.1291055907018219E-03   4   1 1  2 0  0 0  0 0
   132  0.1093613911537605E-03   4   0 2  2 0  0 0  0 0
   133  0.1031046457607541E-02   4   1 0  3 0  0 0  0 0
   134  -.1439723347514036E-03   4   0 1  3 0  0 0  0 0
   135  0.1614802708999545E-06   4   0 0  4 0  0 0  0 0
   136  0.2050895428364007E-03   4   3 0  0 1  0 0  0 0
   137  -.1264848248631642E-03   4   2 1  0 1  0 0  0 0
   138  0.1022605262175131E-03   4   1 2  0 1  0 0  0 0
   139  -.5432518217458305E-04   4   0 3  0 1  0 0  0 0
   140  0.6852428200496810E-03   4   2 0  1 1  0 0  0 0
   141  0.6760122634390926E-04   4   1 1  1 1  0 0  0 0
   142  -.5454767437043055E-04   4   0 2  1 1  0 0  0 0
   143  0.1096163724613189E-02   4   1 0  2 1  0 0  0 0
   144  -.5577521046736014E-03   4   0 1  2 1  0 0  0 0
   145  0.2495534194595093E-06   4   0 0  3 1  0 0  0 0
   146  0.2436062587106144E-03   4   2 0  0 2  0 0  0 0
   147  0.1129049045836266E-03   4   1 1  0 2  0 0  0 0
   148  -.5676279344271172E-04   4   0 2  0 2  0 0  0 0
   149  0.5363808870129209E-03   4   1 0  1 2  0 0  0 0
   150  -.1411493827771485E-03   4   0 1  1 2  0 0  0 0
   151  0.8037383704004323E-05   4   0 0  2 2  0 0  0 0
   152  0.1379259359121788E-03   4   1 0  0 3  0 0  0 0
   153  -.6227626006327738E-04   4   0 1  0 3  0 0  0 0
   154  0.4795580634199140E-06   4   0 0  1 3  0 0  0 0
   155  -.2332352105771773E-05   4   0 0  0 4  0 0  0 0
   156  -.2006859722660332E-01   4   3 0  0 0  0 1  0 0
   157  0.1583768489483040       4   2 1  0 0  0 1  0 0
   158  0.3979440129790806       4   1 2  0 0  0 1  0 0
   159  -.1511944300405150       4   0 3  0 0  0 1  0 0
   160  -.1196161116437380E-03   4   2 0  1 0  0 1  0 0
   161  -.2760551362527903E-03   4   1 1  1 0  0 1  0 0
   162  0.1098822195186478E-03   4   0 2  1 0  0 1  0 0
   163  0.2325650729591993       4   1 0  2 0  0 1  0 0
   164  0.6707519719959214       4   0 1  2 0  0 1  0 0
   165  0.1109354119737300E-03   4   0 0  3 0  0 1  0 0
   166  0.9655819866731375E-04   4   2 0  0 1  0 1  0 0
   167  0.2073154461733161E-04   4   1 1  0 1  0 1  0 0
   168  0.2746111370377817E-04   4   0 2  0 1  0 1  0 0
   169  0.2416520329093218       4   1 0  1 1  0 1  0 0
   170  0.7156615660911937E-01   4   0 1  1 1  0 1  0 0
   171  0.4095842794199038E-03   4   0 0  2 1  0 1  0 0
   172  0.2702408791800752       4   1 0  0 2  0 1  0 0
   173  -.1650284739826502       4   0 1  0 2  0 1  0 0
   174  0.1998475462485951E-03   4   0 0  1 2  0 1  0 0
   175  0.2824234441238049E-04   4   0 0  0 3  0 1  0 0
   176  -.2000157675957465E-01   4   3 0  0 0  0 0  1 0
   177  0.1578479385185854       4   2 1  0 0  0 0  1 0
   178  0.3966150514527810       4   1 2  0 0  0 0  1 0
   179  -.1506895057949904       4   0 3  0 0  0 0  1 0
   180  -.1192166453743238E-03   4   2 0  1 0  0 0  1 0
   181  -.2751332310519292E-03   4   1 1  1 0  0 0  1 0
   182  0.1095152602545256E-03   4   0 2  1 0  0 0  1 0
   183  0.2317884058295419       4   1 0  2 0  0 0  1 0
   184  0.6685119494414963       4   0 1  2 0  0 0  1 0
   185  0.1105649355006361E-03   4   0 0  3 0  0 0  1 0
   186  0.9623573589141447E-04   4   2 0  0 1  0 0  1 0
   187  0.2066231019168698E-04   4   1 1  0 1  0 0  1 0
   188  0.2736940541720705E-04   4   0 2  0 1  0 0  1 0
   189  0.2408450192490732       4   1 0  1 1  0 0  1 0
   190  0.7132715648443722E-01   4   0 1  1 1  0 0  1 0
   191  0.4082164444195745E-03   4   0 0  2 1  0 0  1 0
   192  0.2693383910924292       4   1 0  0 2  0 0  1 0
   193  -.1644773499915523       4   0 1  0 2  0 0  1 0
   194  0.1991801415599288E-03   4   0 0  1 2  0 0  1 0
   195  0.2814802715188103E-04   4   0 0  0 3  0 0  1 0
   196  0.4007017398617686E-01   4   3 0  0 0  0 0  0 1
   197  -.1999544940079345E-01   4   2 1  0 0  0 0  0 1
   198  -.2127317137524651       4   1 2  0 0  0 0  0 1
   199  -.3380753077028106E-01   4   0 3  0 0  0 0  0 1
   200  0.2388327570180603E-03   4   2 0  1 0  0 0  0 1
   201  0.3643032872829966E-03   4   1 1  1 0  0 0  0 1
   202  -.5965732200728312E-04   4   0 2  1 0  0 0  0 1
   203  -.4643534787887394       4   1 0  2 0  0 0  0 1
   204  -.6892365008916010       4   0 1  2 0  0 0  0 1
   205  -.2215003474743663E-03   4   0 0  3 0  0 0  0 1
   206  -.5746020044937680E-04   4   2 0  0 1  0 0  0 1
   207  0.1179592954504834E-04   4   1 1  0 1  0 0  0 1
   208  -.1132356078261471E-04   4   0 2  0 1  0 0  0 1
   209  -.3220775016473115       4   1 0  1 1  0 0  0 1
   210  -.7286253485159730E-01   4   0 1  1 1  0 0  0 1
   211  -.4771822784061616E-03   4   0 0  2 1  0 0  0 1
   212  -.1756450997514218       4   1 0  0 2  0 0  0 1
   213  -.3130663242319942E-01   4   0 1  0 2  0 0  0 1
   214  -.1504919292330268E-03   4   0 0  1 2  0 0  0 1
   215  -.1503848415251934E-04   4   0 0  0 3  0 0  0 1
   216  0.4872366420337215E-04   4   2 0  0 0  0 2  0 0
   217  0.6953447333144319E-04   4   1 1  0 0  0 2  0 0
   218  -.5389513220982524E-04   4   0 2  0 0  0 2  0 0
   219  0.1160992360243242E-03   4   1 0  1 0  0 2  0 0
   220  -.1442939842166881E-04   4   0 1  1 0  0 2  0 0
   221  0.1026677927686496E-04   4   0 0  2 0  0 2  0 0
   222  0.1056701748019576E-03   4   1 0  0 1  0 2  0 0
   223  -.6497747834465676E-04   4   0 1  0 1  0 2  0 0
   224  0.1045734462630874E-05   4   0 0  1 1  0 2  0 0
   225  -.5713808237772621E-05   4   0 0  0 2  0 2  0 0
   226  0.1193398343263199E-04   4   2 0  0 0  0 1  1 0
   227  0.9388182697909771E-04   4   1 1  0 0  0 1  1 0
   228  -.5082161339162374E-04   4   0 2  0 0  0 1  1 0
   229  0.1004651922327429E-03   4   1 0  1 0  0 1  1 0
   230  -.9129670972602734E-05   4   0 1  1 0  0 1  1 0
   231  0.1248763936528578E-04   4   0 0  2 0  0 1  1 0
   232  0.1258557424539966E-03   4   1 0  0 1  0 1  1 0
   233  -.7402155857096844E-04   4   0 1  0 1  0 1  1 0
   234  0.1613781320101130E-05   4   0 0  1 1  0 1  1 0
   235  -.6550645364211399E-05   4   0 0  0 2  0 1  1 0
   236  0.4854102097921292E-04   4   2 0  0 0  0 0  2 0
   237  0.6914549572957626E-04   4   1 1  0 0  0 0  2 0
   238  -.5363028454740257E-04   4   0 2  0 0  0 0  2 0
   239  0.1155437593786044E-03   4   1 0  1 0  0 0  2 0
   240  -.1436596586517349E-04   4   0 1  1 0  0 0  2 0
   241  0.1021164099088076E-04   4   0 0  2 0  0 0  2 0
   242  0.1051071299783798E-03   4   1 0  0 1  0 0  2 0
   243  -.6463688151167509E-04   4   0 1  0 1  0 0  2 0
   244  0.1039547493031139E-05   4   0 0  1 1  0 0  2 0
   245  -.5683788413983972E-05   4   0 0  0 2  0 0  2 0
   246  -.1973651195093537E-04   4   2 0  0 0  0 1  0 1
   247  -.1234545011358391E-03   4   1 1  0 0  0 1  0 1
   248  -.2343296984269549E-04   4   0 2  0 0  0 1  0 1
   249  -.1628748833455379E-03   4   1 0  1 0  0 1  0 1
   250  0.9706350692795783E-05   4   0 1  1 0  0 1  0 1
   251  -.8536410181154868E-05   4   0 0  2 0  0 1  0 1
   252  -.8160107816841394E-04   4   1 0  0 1  0 1  0 1
   253  -.1548324186944345E-04   4   0 1  0 1  0 1  0 1
   254  -.9460589861055149E-06   4   0 0  1 1  0 1  0 1
   255  -.6547085252309740E-06   4   0 0  0 2  0 1  0 1
   256  -.1967060050562973E-04   4   2 0  0 0  0 0  1 1
   257  -.1230422162995130E-03   4   1 1  0 0  0 0  1 1
   258  -.2335471382086281E-04   4   0 2  0 0  0 0  1 1
   259  -.1623309514191689E-03   4   1 0  1 0  0 0  1 1
   260  0.9673935664020945E-05   4   0 1  1 0  0 0  1 1
   261  -.8507902249552795E-05   4   0 0  2 0  0 0  1 1
   262  -.8132856572984629E-04   4   1 0  0 1  0 0  1 1
   263  -.1543153451344422E-04   4   0 1  0 1  0 0  1 1
   264  -.9428995567558149E-06   4   0 0  1 1  0 0  1 1
   265  -.6525220808755016E-06   4   0 0  0 2  0 0  1 1
   266  -.6253204948081471E-04   4   2 0  0 0  0 0  0 2
   267  -.1949810136439716E-04   4   1 1  0 0  0 0  0 2
   268  -.9956782918024447E-06   4   0 2  0 0  0 0  0 2
   269  0.1829171598744011E-04   4   1 0  1 0  0 0  0 2
   270  0.4694253600178081E-05   4   0 1  1 0  0 0  0 2
   271  0.1491673926558563E-07   4   0 0  2 0  0 0  0 2
   272  -.1860093030621368E-05   4   1 0  0 1  0 0  0 2
   273  0.1401936976110222E-06   4   0 1  0 1  0 0  0 2
   274  0.3301597382370479E-08   4   0 0  1 1  0 0  0 2
   275  -.3112039682587905E-09   4   0 0  0 2  0 0  0 2
   276  0.5361864978290122E-01   4   1 0  0 0  0 3  0 0
   277  -.7952663288072727E-01   4   0 1  0 0  0 3  0 0
   278  0.2100403898293218E-04   4   0 0  1 0  0 3  0 0
   279  0.5118897882197601E-05   4   0 0  0 1  0 3  0 0
   280  0.3010219467938866E-01   4   1 0  0 0  0 2  1 0
   281  -.4205111388949326E-01   4   0 1  0 0  0 2  1 0
   282  0.1262989725174337E-04   4   0 0  1 0  0 2  1 0
   283  0.5115605018142223E-05   4   0 0  0 1  0 2  1 0
   284  0.3021909992851229E-01   4   1 0  0 0  0 1  2 0
   285  -.4223751160930806E-01   4   0 1  0 0  0 1  2 0
   286  0.1267149491086399E-04   4   0 0  1 0  0 1  2 0
   287  0.5115535878716807E-05   4   0 0  0 1  0 1  2 0
   288  0.5329995968424160E-01   4   1 0  0 0  0 0  3 0
   289  -.7905827552598201E-01   4   0 1  0 0  0 0  3 0
   290  0.2087780393665796E-04   4   0 0  1 0  0 0  3 0
   291  0.5084742175967609E-05   4   0 0  0 1  0 0  3 0
   292  -.6016468149710378E-01   4   1 0  0 0  0 2  0 1
   293  -.1425708696170238E-01   4   0 1  0 0  0 2  0 1
   294  -.2524662374123411E-04   4   0 0  1 0  0 2  0 1
   295  -.5116236155669316E-05   4   0 0  0 1  0 2  0 1
   296  -.3674496366830651E-01   4   1 0  0 0  0 1  1 1
   297  -.1422627718856697E-01   4   0 1  0 0  0 1  1 1
   298  -.1690637535305713E-04   4   0 0  1 0  0 1  1 1
   299  -.5112286327449903E-05   4   0 0  0 1  0 1  1 1
   300  -.5990240121382839E-01   4   1 0  0 0  0 0  2 1
   301  -.1418571961693552E-01   4   0 1  0 0  0 0  2 1
   302  -.2513408089263728E-04   4   0 0  1 0  0 0  2 1
   303  -.5090613714846235E-05   4   0 0  0 1  0 0  2 1
   304  -.5203776523734654E-02   4   1 0  0 0  0 1  0 2
   305  -.6169061457073457E-04   4   0 1  0 0  0 1  0 2
   306  0.5859541378819014E-07   4   0 0  1 0  0 1  0 2
   307  -.6734847945823805E-08   4   0 0  0 1  0 1  0 2
   308  -.5186398152491671E-02   4   1 0  0 0  0 0  1 2
   309  -.6148459450103814E-04   4   0 1  0 0  0 0  1 2
   310  0.5839973035541197E-07   4   0 0  1 0  0 0  1 2
   311  -.6712356455762742E-08   4   0 0  0 1  0 0  1 2
   312  -.3767369227950792E-04   4   1 0  0 0  0 0  0 3
   313  0.2986074976059600E-05   4   0 1  0 0  0 0  0 3
   314  -.1287522189741444E-07   4   0 0  1 0  0 0  0 3
   315  0.1104347036841320E-08   4   0 0  0 1  0 0  0 3
   316  -.1751364830771208E-05   4   0 0  0 0  0 4  0 0
   317  -.8514388832201994E-06   4   0 0  0 0  0 3  1 0
   318  -.7324413428985839E-06   4   0 0  0 0  0 2  2 0
   319  -.8578032006119863E-06   4   0 0  0 0  0 1  3 0
   320  -.1738262096495462E-05   4   0 0  0 0  0 0  4 0
   321  -.2403264490851127E-06   4   0 0  0 0  0 3  0 1
   322  -.2831242202036455E-06   4   0 0  0 0  0 2  1 1
   323  -.2829058105919969E-06   4   0 0  0 0  0 1  2 1
   324  -.2386513957441238E-06   4   0 0  0 0  0 0  3 1
   325  -.8714406104567663E-09   4   0 0  0 0  0 2  0 2
   326  -.1273979584926990E-08   4   0 0  0 0  0 1  1 2
   327  -.8664031029052297E-09   4   0 0  0 0  0 0  2 2
   328  0.3662396654304157E-10   4   0 0  0 0  0 1  0 3
   329  0.3650165827632887E-10   4   0 0  0 0  0 0  1 3
   330  -.2833622049377388E-15   4   0 0  0 0  0 0  0 4
   ----------------------------------------------------
     I  COEFFICIENT            ORDER EXPONENTS
     1  -.1812866708028871E-03   0   0 0  0 0  0 0  0 0
     2  -1.163965932659149       1   1 0  0 0  0 0  0 0
     3  0.8170056485813028       1   0 1  0 0  0 0  0 0
     4  -.4478168087201460E-03   1   0 0  1 0  0 0  0 0
     5  -.6702584876752270E-04   1   0 0  0 1  0 0  0 0
     6  -.1085377934062046E-03   1   0 0  0 0  0 1  0 0
     7  -.1081753239459747E-03   1   0 0  0 0  0 0  1 0
     8  0.3542644654929224E-04   1   0 0  0 0  0 0  0 1
     9  0.2617689283673134E-03   2   2 0  0 0  0 0  0 0
    10  -.1777364088819806E-03   2   1 1  0 0  0 0  0 0
    11  0.5521000028450401E-04   2   0 2  0 0  0 0  0 0
    12  0.1268742167693100E-03   2   1 0  1 0  0 0  0 0
    13  -.2166658996936623E-03   2   0 1  1 0  0 0  0 0
    14  0.3682492254652482E-03   2   0 0  2 0  0 0  0 0
    15  -.1134963129358592E-03   2   1 0  0 1  0 0  0 0
    16  -.4687098129751286E-04   2   0 1  0 1  0 0  0 0
    17  0.4513420581073478E-03   2   0 0  1 1  0 0  0 0
    18  0.1828917383246814E-03   2   0 0  0 2  0 0  0 0
    19  -.4467599421786834E-01   2   1 0  0 0  0 1  0 0
    20  0.8900130170924429E-01   2   0 1  0 0  0 1  0 0
    21  0.8509610140577459E-06   2   0 0  1 0  0 1  0 0
    22  0.3360398324603144E-04   2   0 0  0 1  0 1  0 0
    23  -.4452679564840067E-01   2   1 0  0 0  0 0  1 0
    24  0.8870407571286215E-01   2   0 1  0 0  0 0  1 0
    25  0.8481191709561853E-06   2   0 0  1 0  0 0  1 0
    26  0.3349176042219738E-04   2   0 0  0 1  0 0  1 0
    27  -1.074763142792879       2   1 0  0 0  0 0  0 1
    28  -.1777053774221066       2   0 1  0 0  0 0  0 1
    29  -.4495158889051596E-03   2   0 0  1 0  0 0  0 1
    30  -.6709574366822884E-04   2   0 0  0 1  0 0  0 1
    31  0.2622419604179059E-04   2   0 0  0 0  0 2  0 0
    32  -.5554082774976255E-04   2   0 0  0 0  0 1  1 0
    33  0.2622935974306023E-04   2   0 0  0 0  0 0  2 0
    34  0.3092435420711225E-05   2   0 0  0 0  0 1  0 1
    35  0.3082108018959607E-05   2   0 0  0 0  0 0  1 1
    36  -.3087271748814744E-05   2   0 0  0 0  0 0  0 2
    37  -1.054632273968477       3   3 0  0 0  0 0  0 0
    38  -.8481360701563535       3   2 1  0 0  0 0  0 0
    39  0.4141387945031431       3   1 2  0 0  0 0  0 0
    40  -.1417829110150256E-01   3   0 3  0 0  0 0  0 0
    41  0.1474848032055193E-02   3   2 0  1 0  0 0  0 0
    42  0.4884944305257945E-03   3   1 1  1 0  0 0  0 0
    43  0.4645217647809896E-04   3   0 2  1 0  0 0  0 0
    44  -4.143510245197484       3   1 0  2 0  0 0  0 0
    45  -.3375070432051320       3   0 1  2 0  0 0  0 0
    46  -.3402707599727376E-03   3   0 0  3 0  0 0  0 0
    47  0.1743559001659394E-03   3   2 0  0 1  0 0  0 0
    48  0.5211652961152669E-03   3   1 1  0 1  0 0  0 0
    49  0.4121512921866855E-04   3   0 2  0 1  0 0  0 0
    50  -1.829732144362724       3   1 0  1 1  0 0  0 0
    51  -.4294533574106191       3   0 1  1 1  0 0  0 0
    52  -.1350597493245398E-03   3   0 0  2 1  0 0  0 0
    53  -.6521288596263773       3   1 0  0 2  0 0  0 0
    54  -.2173937525137443       3   0 1  0 2  0 0  0 0
    55  -.2712205609635678E-04   3   0 0  1 2  0 0  0 0
    56  -.3548659627648589E-04   3   0 0  0 3  0 0  0 0
    57  -.9057946166319605E-04   3   2 0  0 0  0 1  0 0
    58  0.3656560984088284E-04   3   1 1  0 0  0 1  0 0
    59  -.5405322110072939E-05   3   0 2  0 0  0 1  0 0
    60  -.1027142292287883E-03   3   1 0  1 0  0 1  0 0
    61  0.1101091651481043E-03   3   0 1  1 0  0 1  0 0
    62  -.2136915850350287E-03   3   0 0  2 0  0 1  0 0
    63  0.1371188467723506E-04   3   1 0  0 1  0 1  0 0
    64  0.3979109302821459E-04   3   0 1  0 1  0 1  0 0
    65  -.3023375120182694E-03   3   0 0  1 1  0 1  0 0
    66  -.1312760964420091E-03   3   0 0  0 2  0 1  0 0
    67  -.9027696529260837E-04   3   2 0  0 0  0 0  1 0
    68  0.3644349646040886E-04   3   1 1  0 0  0 0  1 0
    69  -.5387270663418805E-05   3   0 2  0 0  0 0  1 0
    70  -.1023712079634946E-03   3   1 0  1 0  0 0  1 0
    71  0.1097414479833724E-03   3   0 1  1 0  0 0  1 0
    72  -.2129779472223137E-03   3   0 0  2 0  0 0  1 0
    73  0.1366609289096670E-04   3   1 0  0 1  0 0  1 0
    74  0.3965820792378010E-04   3   0 1  0 1  0 0  1 0
    75  -.3013278350076230E-03   3   0 0  1 1  0 0  1 0
    76  -.1308376908477445E-03   3   0 0  0 2  0 0  1 0
    77  0.4426253553231174E-03   3   2 0  0 0  0 0  0 1
    78  -.7300910630129145E-04   3   1 1  0 0  0 0  0 1
    79  -.4441740751101233E-04   3   0 2  0 0  0 0  0 1
    80  0.3319596539615942E-03   3   1 0  1 0  0 0  0 1
    81  -.2198506131314745E-03   3   0 1  1 0  0 0  0 1
    82  0.7949187577225902E-03   3   0 0  2 0  0 0  0 1
    83  -.2737797756820106E-04   3   1 0  0 1  0 0  0 1
    84  -.3257831965448475E-04   3   0 1  0 1  0 0  0 1
    85  0.6036653470257146E-03   3   0 0  1 1  0 0  0 1
    86  0.7922204896507189E-04   3   0 0  0 2  0 0  0 1
    87  0.3291886171252854E-01   3   1 0  0 0  0 2  0 0
    88  -.6539670947210857E-01   3   0 1  0 0  0 2  0 0
    89  -.8511339330514187E-06   3   0 0  1 0  0 2  0 0
    90  -.2520228213801445E-04   3   0 0  0 1  0 2  0 0
    91  0.2123975088268574E-01   3   1 0  0 0  0 1  1 0
    92  -.4194878887185307E-01   3   0 1  0 0  0 1  1 0
    93  -.8512222459813238E-06   3   0 0  1 0  0 1  1 0
    94  -.1685384952059264E-04   3   0 0  0 1  0 1  1 0
    95  0.3277346109160248E-01   3   1 0  0 0  0 0  2 0
    96  -.6510826720301033E-01   3   0 1  0 0  0 0  2 0
    97  -.8468701546494594E-06   3   0 0  1 0  0 0  2 0
    98  -.2508997507805838E-04   3   0 0  0 1  0 0  2 0
    99  -.8707745773089273E-01   3   1 0  0 0  0 1  0 1
   100  0.8374092437251136E-01   3   0 1  0 0  0 1  0 1
   101  0.2546719201818298E-05   3   0 0  1 0  0 1  0 1
   102  0.3364864569378369E-04   3   0 0  0 1  0 1  0 1
   103  -.8678665654439964E-01   3   1 0  0 0  0 0  1 1
   104  0.8346126576969755E-01   3   0 1  0 0  0 0  1 1
   105  0.2538214257084454E-05   3   0 0  1 0  0 0  1 1
   106  0.3353627371661956E-04   3   0 0  0 1  0 0  1 1
   107  0.8693205642984822E-01   3   1 0  0 0  0 0  0 2
   108  0.5251588950357975E-02   3   0 1  0 0  0 0  0 2
   109  -.2534058162848656E-05   3   0 0  1 0  0 0  0 2
   110  -.4190164220356870E-07   3   0 0  0 1  0 0  0 2
   111  -.1275907272413294E-04   3   0 0  0 0  0 3  0 0
   112  0.1430933085059953E-04   3   0 0  0 0  0 2  1 0
   113  0.1417394909225005E-04   3   0 0  0 0  0 1  2 0
   114  -.1271897195987957E-04   3   0 0  0 0  0 0  3 0
   115  -.2256308951546404E-05   3   0 0  0 0  0 2  0 1
   116  -.1425732597556097E-05   3   0 0  0 0  0 1  1 1
   117  -.2246393185659384E-05   3   0 0  0 0  0 0  2 1
   118  0.1422957693916916E-05   3   0 0  0 0  0 1  0 2
   119  0.1418205628382344E-05   3   0 0  0 0  0 0  1 2
   120  0.8203614217181771E-07   3   0 0  0 0  0 0  0 3
   121  0.3559707863328238E-03   4   4 0  0 0  0 0  0 0
   122  -.2040197881585925E-03   4   3 1  0 0  0 0  0 0
   123  -.1524577217028101E-03   4   2 2  0 0  0 0  0 0
   124  -.5106253694659691E-05   4   1 3  0 0  0 0  0 0
   125  0.8799331563579567E-05   4   0 4  0 0  0 0  0 0
   126  0.1519054165225563E-06   4   3 0  1 0  0 0  0 0
   127  -.4963920798612499E-03   4   2 1  1 0  0 0  0 0
   128  -.1226192395970295E-03   4   1 2  1 0  0 0  0 0
   129  0.7316932023114764E-05   4   0 3  1 0  0 0  0 0
   130  0.2853584866536368E-03   4   2 0  2 0  0 0  0 0
   131  -.1683250766867975E-02   4   1 1  2 0  0 0  0 0
   132  0.2036814107277227E-03   4   0 2  2 0  0 0  0 0
   133  0.5539469993514441E-06   4   1 0  3 0  0 0  0 0
   134  -.6510082298593090E-03   4   0 1  3 0  0 0  0 0
   135  -.6352115331282233E-03   4   0 0  4 0  0 0  0 0
   136  0.3727836247182426E-07   4   3 0  0 1  0 0  0 0
   137  0.1009598622165173E-06   4   2 1  0 1  0 0  0 0
   138  0.1025164940767904E-03   4   1 2  0 1  0 0  0 0
   139  0.3413288552744439E-04   4   0 3  0 1  0 0  0 0
   140  -.3360818576823550E-03   4   2 0  1 1  0 0  0 0
   141  -.1364278296264993E-02   4   1 1  1 1  0 0  0 0
   142  0.2740627602244813E-03   4   0 2  1 1  0 0  0 0
   143  -.1301672841158774E-02   4   1 0  2 1  0 0  0 0
   144  -.3935200387930085E-03   4   0 1  2 1  0 0  0 0
   145  -.7559366358726391E-03   4   0 0  3 1  0 0  0 0
   146  0.2698224957623514E-03   4   2 0  0 2  0 0  0 0
   147  -.3913707928157383E-03   4   1 1  0 2  0 0  0 0
   148  0.5973766437912533E-04   4   0 2  0 2  0 0  0 0
   149  -.1437575639454374E-03   4   1 0  1 2  0 0  0 0
   150  -.2275512258306235E-03   4   0 1  1 2  0 0  0 0
   151  -.2361739717035610E-03   4   0 0  2 2  0 0  0 0
   152  0.1023623088031602E-03   4   1 0  0 3  0 0  0 0
   153  0.3412862609259567E-04   4   0 1  0 3  0 0  0 0
   154  0.9221210193512449E-05   4   0 0  1 3  0 0  0 0
   155  0.5692507077709670E-04   4   0 0  0 4  0 0  0 0
   156  0.2470598181320118       4   3 0  0 0  0 1  0 0
   157  0.7107626836921885       4   2 1  0 0  0 1  0 0
   158  -.3326525820803756       4   1 2  0 0  0 1  0 0
   159  0.2701002264399961E-01   4   0 3  0 0  0 1  0 0
   160  -.1037044365297787E-02   4   2 0  1 0  0 1  0 0
   161  -.6070443024792782E-03   4   1 1  1 0  0 1  0 0
   162  -.8237081566384551E-04   4   0 2  1 0  0 1  0 0
   163   2.513870841476233       4   1 0  2 0  0 1  0 0
   164  0.4725461468217295       4   0 1  2 0  0 1  0 0
   165  0.1994865971462756E-03   4   0 0  3 0  0 1  0 0
   166  -.1962241046292599E-03   4   2 0  0 1  0 1  0 0
   167  -.5739168063131809E-03   4   1 1  0 1  0 1  0 0
   168  -.6753124497914614E-04   4   0 2  0 1  0 1  0 0
   169   1.862524463422049       4   1 0  1 1  0 1  0 0
   170  0.6781589663795075       4   0 1  1 1  0 1  0 0
   171  0.1422378514110971E-03   4   0 0  2 1  0 1  0 0
   172  0.6665004786796882       4   1 0  0 2  0 1  0 0
   173  0.3433183090529965       4   0 1  0 2  0 1  0 0
   174  0.4395856985642515E-04   4   0 0  1 2  0 1  0 0
   175  0.5461360619587608E-04   4   0 0  0 3  0 1  0 0
   176  0.2462347447993743       4   3 0  0 0  0 0  1 0
   177  0.7083890426016117       4   2 1  0 0  0 0  1 0
   178  -.3315416657987128       4   1 2  0 0  0 0  1 0
   179  0.2691982080719089E-01   4   0 3  0 0  0 0  1 0
   180  -.1033581083987865E-02   4   2 0  1 0  0 0  1 0
   181  -.6050170360889275E-03   4   1 1  1 0  0 0  1 0
   182  -.8209573263372871E-04   4   0 2  1 0  0 0  1 0
   183   2.505475596111447       4   1 0  2 0  0 0  1 0
   184  0.4709680463150137       4   0 1  2 0  0 0  1 0
   185  0.1988203978720746E-03   4   0 0  3 0  0 0  1 0
   186  -.1955688006742316E-03   4   2 0  0 1  0 0  1 0
   187  -.5720001714851390E-03   4   1 1  0 1  0 0  1 0
   188  -.6730571972063320E-04   4   0 2  0 1  0 0  1 0
   189   1.856304434289935       4   1 0  1 1  0 0  1 0
   190  0.6758942076555707       4   0 1  1 1  0 0  1 0
   191  0.1417628382787435E-03   4   0 0  2 1  0 0  1 0
   192  0.6642746542809370       4   1 0  0 2  0 0  1 0
   193  0.3421717738391870       4   0 1  0 2  0 0  1 0
   194  0.4381176717518408E-04   4   0 0  1 2  0 0  1 0
   195  0.5443122028459375E-04   4   0 0  0 3  0 0  1 0
   196  -1.547926836899862       4   3 0  0 0  0 0  0 1
   197  -1.419151726293801       4   2 1  0 0  0 0  0 1
   198  0.2500554533759460       4   1 2  0 0  0 0  0 1
   199  -.2557326124818594E-01   4   0 3  0 0  0 0  0 1
   200  0.3545473481340844E-02   4   2 0  1 0  0 0  0 1
   201  0.1212061338568203E-02   4   1 1  1 0  0 0  0 1
   202  0.1180143718194719E-03   4   0 2  1 0  0 0  0 1
   203  -9.162856682785160       4   1 0  2 0  0 0  0 1
   204  -.9435141931367459       4   0 1  2 0  0 0  0 1
   205  -.7385777549910890E-03   4   0 0  3 0  0 0  0 1
   206  0.3917929053034908E-03   4   2 0  0 1  0 0  0 1
   207  0.6247516816830479E-03   4   1 1  0 1  0 0  0 1
   208  0.5240670626244517E-04   4   0 2  0 1  0 0  0 1
   209  -3.718828897711969       4   1 0  1 1  0 0  0 1
   210  -.9245998166244468       4   0 1  1 1  0 0  0 1
   211  -.2840006896898348E-03   4   0 0  2 1  0 0  0 1
   212  -.6786462733342439       4   1 0  0 2  0 0  0 1
   213  -.2507025778647023       4   0 1  0 2  0 0  0 1
   214  -.6064828093525125E-04   4   0 0  1 2  0 0  0 1
   215  -.3807163392749953E-04   4   0 0  0 3  0 0  0 1
   216  0.5791354246756270E-04   4   2 0  0 0  0 2  0 0
   217  -.6592973967999201E-04   4   1 1  0 0  0 2  0 0
   218  0.8344833269078014E-05   4   0 2  0 0  0 2  0 0
   219  0.1823040484742690E-03   4   1 0  1 0  0 2  0 0
   220  0.1753695905560096E-05   4   0 1  1 0  0 2  0 0
   221  0.1115175761519688E-03   4   0 0  2 0  0 2  0 0
   222  0.1303340684341108E-03   4   1 0  0 1  0 2  0 0
   223  0.6249174526932700E-04   4   0 1  0 1  0 2  0 0
   224  0.2186259791373479E-03   4   0 0  1 1  0 2  0 0
   225  0.1058198868072624E-03   4   0 0  0 2  0 2  0 0
   226  0.3542670356441331E-04   4   2 0  0 0  0 1  1 0
   227  -.2665670098049563E-04   4   1 1  0 0  0 1  1 0
   228  -.2918771036526701E-05   4   0 2  0 0  0 1  1 0
   229  0.2204295298152131E-03   4   1 0  1 0  0 1  1 0
   230  0.5398338895630030E-04   4   0 1  1 0  0 1  1 0
   231  0.9093241460072418E-04   4   0 0  2 0  0 1  1 0
   232  0.1579439233168691E-03   4   1 0  0 1  0 1  1 0
   233  0.9062289549194354E-04   4   0 1  0 1  0 1  1 0
   234  0.1874479588254422E-03   4   0 0  1 1  0 1  1 0
   235  0.9666613668959595E-04   4   0 0  0 2  0 1  1 0
   236  0.5766098122896267E-04   4   2 0  0 0  0 0  2 0
   237  -.6566505181172711E-04   4   1 1  0 0  0 0  2 0
   238  0.8321838840581273E-05   4   0 2  0 0  0 0  2 0
   239  0.1813271616861175E-03   4   1 0  1 0  0 0  2 0
   240  0.1657698688282270E-05   4   0 1  1 0  0 0  2 0
   241  0.1109933179607240E-03   4   0 0  2 0  0 0  2 0
   242  0.1296350764851355E-03   4   1 0  0 1  0 0  2 0
   243  0.6213172905785801E-04   4   0 1  0 1  0 0  2 0
   244  0.2175828648697234E-03   4   0 0  1 1  0 0  2 0
   245  0.1053050823627158E-03   4   0 0  0 2  0 0  2 0
   246  -.1339173920892061E-03   4   2 0  0 0  0 1  0 1
   247  0.3670388793580320E-04   4   1 1  0 0  0 1  0 1
   248  0.2756633693436390E-04   4   0 2  0 0  0 1  0 1
   249  -.2924877888942081E-03   4   1 0  1 0  0 1  0 1
   250  -.1796462373709330E-05   4   0 1  1 0  0 1  0 1
   251  -.3023986960593719E-03   4   0 0  2 0  0 1  0 1
   252  -.1067013737181056E-03   4   1 0  0 1  0 1  0 1
   253  -.3941093904489064E-04   4   0 1  0 1  0 1  0 1
   254  -.3581046860727023E-03   4   0 0  1 1  0 1  0 1
   255  -.6982352901790905E-04   4   0 0  0 2  0 1  0 1
   256  -.1334701657056337E-03   4   2 0  0 0  0 0  1 1
   257  0.3658131276607731E-04   4   1 1  0 0  0 0  1 1
   258  0.2747427724754378E-04   4   0 2  0 0  0 0  1 1
   259  -.2915110057144771E-03   4   1 0  1 0  0 0  1 1
   260  -.1790462963490341E-05   4   0 1  1 0  0 0  1 1
   261  -.3013888147203927E-03   4   0 0  2 0  0 0  1 1
   262  -.1063450371083071E-03   4   1 0  0 1  0 0  1 1
   263  -.3927932349094912E-04   4   0 1  0 1  0 0  1 1
   264  -.3569087707312068E-03   4   0 0  1 1  0 0  1 1
   265  -.6959034851847022E-04   4   0 0  0 2  0 0  1 1
   266  0.1163863260288102E-03   4   2 0  0 0  0 0  0 2
   267  0.6464578185975787E-04   4   1 1  0 0  0 0  0 2
   268  0.4841796108527141E-05   4   0 2  0 0  0 0  0 2
   269  -.6194537629719258E-07   4   1 0  1 0  0 0  0 2
   270  0.1364824898400482E-04   4   0 1  1 0  0 0  0 2
   271  0.2903442095198714E-03   4   0 0  2 0  0 0  0 2
   272  -.7066002274848119E-08   4   1 0  0 1  0 0  0 2
   273  -.5476998814973988E-09   4   0 1  0 1  0 0  0 2
   274  0.1018587312100307E-03   4   0 0  1 1  0 0  0 2
   275  0.6376156234953494E-05   4   0 0  0 2  0 0  0 2
   276  -.2705365675058505E-01   4   1 0  0 0  0 3  0 0
   277  0.5361864132478254E-01   4   0 1  0 0  0 3  0 0
   278  0.8482680037634681E-06   4   0 0  1 0  0 3  0 0
   279  0.2100755867628550E-04   4   0 0  0 1  0 3  0 0
   280  -.1534301364770810E-01   4   1 0  0 0  0 2  1 0
   281  0.3010219396923670E-01   4   0 1  0 0  0 2  1 0
   282  0.8459336583985694E-06   4   0 0  1 0  0 2  1 0
   283  0.1263389674295187E-04   4   0 0  0 1  0 2  1 0
   284  -.1540122381748998E-01   4   1 0  0 0  0 1  2 0
   285  0.3021909917968979E-01   4   0 1  0 0  0 1  2 0
   286  0.8459311611554200E-06   4   0 0  1 0  0 1  2 0
   287  0.1267549193965790E-04   4   0 0  0 1  0 1  2 0
   288  -.2689260195160873E-01   4   1 0  0 0  0 0  3 0
   289  0.5329995126967447E-01   4   0 1  0 0  0 0  3 0
   290  0.8426109353716905E-06   4   0 0  1 0  0 0  3 0
   291  0.2088129934264603E-04   4   0 0  0 1  0 0  3 0
   292  0.6358514676082054E-01   4   1 0  0 0  0 2  0 1
   293  -.6016467812988655E-01   4   0 1  0 0  0 2  0 1
   294  -.2540386564269533E-05   4   0 0  1 0  0 2  0 1
   295  -.2525266555612316E-04   4   0 0  0 1  0 2  0 1
   296  0.4024877303134895E-01   4   1 0  0 0  0 1  1 1
   297  -.3674496695457476E-01   4   0 1  0 0  0 1  1 1
   298  -.2534067819894890E-05   4   0 0  1 0  0 1  1 1
   299  -.1691238805609585E-04   4   0 0  0 1  0 1  1 1
   300  0.6330559299074126E-01   4   1 0  0 0  0 0  2 1
   301  -.5990239785236885E-01   4   0 1  0 0  0 0  2 1
   302  -.2527671420486981E-05   4   0 0  1 0  0 0  2 1
   303  -.2514009249052536E-04   4   0 0  0 1  0 0  2 1
   304  -.4017081307603219E-01   4   1 0  0 0  0 1  0 2
   305  -.5203768718742303E-02   4   0 1  0 0  0 1  0 2
   306  0.2536494114152971E-05   4   0 0  1 0  0 1  0 2
   307  0.6183407235978044E-07   4   0 0  0 1  0 1  0 2
   308  -.4003665987026202E-01   4   1 0  0 0  0 0  1 2
   309  -.5186390373564585E-02   4   0 1  0 0  0 0  1 2
   310  0.2528023316806081E-05   4   0 0  1 0  0 0  1 2
   311  0.6162757320290594E-07   4   0 0  0 1  0 0  1 2
   312  -.2241527827851239E-02   4   1 0  0 0  0 0  0 3
   313  -.3767293613646610E-04   4   0 1  0 0  0 0  0 3
   314  -.8434864224406829E-06   4   0 0  1 0  0 0  0 3
   315  -.1321945376371467E-07   4   0 0  0 1  0 0  0 3
   316  0.9745950772813455E-05   4   0 0  0 0  0 4  0 0
   317  -.6258474803889020E-05   4   0 0  0 0  0 3  1 0
   318  -.2918886173230190E-05   4   0 0  0 0  0 2  2 0
   319  -.6162914309102270E-05   4   0 0  0 0  0 1  3 0
   320  0.9691317986769460E-05   4   0 0  0 0  0 0  4 0
   321  -.1265429216004909E-05   4   0 0  0 0  0 3  0 1
   322  -.6578814428820581E-06   4   0 0  0 0  0 2  1 1
   323  -.6609036950601076E-06   4   0 0  0 0  0 1  2 1
   324  -.1257995405440811E-05   4   0 0  0 0  0 0  3 1
   325  -.7966334298698043E-07   4   0 0  0 0  0 2  0 2
   326  -.9495876166573566E-07   4   0 0  0 0  0 1  1 2
   327  -.7923874107617318E-07   4   0 0  0 0  0 0  2 2
   328  -.4620768684244523E-09   4   0 0  0 0  0 1  0 3
   329  -.4605337307962874E-09   4   0 0  0 0  0 0  1 3
   330  0.5220824392217148E-14   4   0 0  0 0  0 0  0 4
   ----------------------------------------------------
     I  COEFFICIENT            ORDER EXPONENTS
     1  0.3969360149169690E-04   0   0 0  0 0  0 0  0 0
     2  -.6709545749801157E-04   1   1 0  0 0  0 0  0 0
     3  -.5123857176460228E-05   1   0 1  0 0  0 0  0 0
     4   1.193719097139786       1   0 0  1 0  0 0  0 0
     5  0.3143950737395677       1   0 0  0 1  0 0  0 0
     6  0.3852380850064956E-05   1   0 0  0 0  0 1  0 0
     7  0.3839515558045406E-05   1   0 0  0 0  0 0  1 0
     8  -.7691896408110366E-05   1   0 0  0 0  0 0  0 1
     9  0.1045978649274546E-03   2   2 0  0 0  0 0  0 0
    10  0.3901192305204057E-05   2   1 1  0 0  0 0  0 0
    11  -.6580564780895077E-05   2   0 2  0 0  0 0  0 0
    12  -.2646645258396356E-03   2   1 0  1 0  0 0  0 0
    13  -.7817703587328193E-04   2   0 1  1 0  0 0  0 0
    14  -.1249186565508305E-03   2   0 0  2 0  0 0  0 0
    15  -.2561170742077834E-03   2   1 0  0 1  0 0  0 0
    16  -.7344525940098901E-04   2   0 1  0 1  0 0  0 0
    17  -.6230747997515651E-04   2   0 0  1 1  0 0  0 0
    18  -.1454394961098438E-04   2   0 0  0 2  0 0  0 0
    19  0.3359833819500867E-04   2   1 0  0 0  0 1  0 0
    20  0.5125580621022022E-05   2   0 1  0 0  0 1  0 0
    21  -.9974330417188287E-01   2   0 0  1 0  0 1  0 0
    22  -.1646813911008866       2   0 0  0 1  0 1  0 0
    23  0.3348613422321251E-04   2   1 0  0 0  0 0  1 0
    24  0.5108463390398877E-05   2   0 1  0 0  0 0  1 0
    25  -.9941020451608427E-01   2   0 0  1 0  0 0  1 0
    26  -.1641314262170529       2   0 0  0 1  0 0  1 0
    27  -.6708447241822110E-04   2   1 0  0 0  0 0  0 1
    28  -.5110186834960641E-05   2   0 1  0 0  0 0  0 1
    29  0.1991535086879667       2   0 0  1 0  0 0  0 1
    30  0.1441774357837169E-01   2   0 0  0 1  0 0  0 1
    31  -.2955527210120667E-05   2   0 0  0 0  0 2  0 0
    32  -.2064619875044222E-05   2   0 0  0 0  0 1  1 0
    33  -.2942209552438109E-05   2   0 0  0 0  0 0  2 0
    34  0.4123289915072355E-05   2   0 0  0 0  0 1  0 1
    35  0.4109519903512458E-05   2   0 0  0 0  0 0  1 1
    36  -.2704566537151677E-06   2   0 0  0 0  0 0  0 2
    37  0.3253406748654524E-04   3   3 0  0 0  0 0  0 0
    38  -.1315635363725437E-03   3   2 1  0 0  0 0  0 0
    39  -.8015581338381338E-04   3   1 2  0 0  0 0  0 0
    40  -.1152703354239517E-04   3   0 3  0 0  0 0  0 0
    41  -.1283884655617556       3   2 0  1 0  0 0  0 0
    42  -.1816448038004970       3   1 1  1 0  0 0  0 0
    43  0.1928057560055942       3   0 2  1 0  0 0  0 0
    44  -.2377363308173643E-03   3   1 0  2 0  0 0  0 0
    45  -.3444278120103104E-03   3   0 1  2 0  0 0  0 0
    46  0.2976085059925025       3   0 0  3 0  0 0  0 0
    47  0.6244923823296999       3   2 0  0 1  0 0  0 0
    48  -.3330199958025164E-01   3   1 1  0 1  0 0  0 0
    49  0.1766407109777137       3   0 2  0 1  0 0  0 0
    50  -.2312669156278340E-03   3   1 0  1 1  0 0  0 0
    51  -.1148347672731944E-03   3   0 1  1 1  0 0  0 0
    52   1.102819513829858       3   0 0  2 1  0 0  0 0
    53  -.1239343253717013E-03   3   1 0  0 2  0 0  0 0
    54  -.2129556507214862E-04   3   0 1  0 2  0 0  0 0
    55  0.4810296291817946       3   0 0  1 2  0 0  0 0
    56  0.1977040106934282       3   0 0  0 3  0 0  0 0
    57  -.5651395500295812E-04   3   2 0  0 0  0 1  0 0
    58  -.6324164971409134E-05   3   1 1  0 0  0 1  0 0
    59  0.1009468049162396E-04   3   0 2  0 0  0 1  0 0
    60  0.1094073502746683E-03   3   1 0  1 0  0 1  0 0
    61  0.7554410713142113E-04   3   0 1  1 0  0 1  0 0
    62  0.8466663311726453E-04   3   0 0  2 0  0 1  0 0
    63  0.1437520248791926E-03   3   1 0  0 1  0 1  0 0
    64  0.7658013502899984E-04   3   0 1  0 1  0 1  0 0
    65  0.8004875886234440E-04   3   0 0  1 1  0 1  0 0
    66  0.2381583918362497E-04   3   0 0  0 2  0 1  0 0
    67  -.5632522274553383E-04   3   2 0  0 0  0 0  1 0
    68  -.6303044985534532E-05   3   1 1  0 0  0 0  1 0
    69  0.1006096860865521E-04   3   0 2  0 0  0 0  1 0
    70  0.1090419768691962E-03   3   1 0  1 0  0 0  1 0
    71  0.7529182236612273E-04   3   0 1  1 0  0 0  1 0
    72  0.8438388304613496E-04   3   0 0  2 0  0 0  1 0
    73  0.1432719550599186E-03   3   1 0  0 1  0 0  1 0
    74  0.7632439037695577E-04   3   0 1  0 1  0 0  1 0
    75  0.7978143050135199E-04   3   0 0  1 1  0 0  1 0
    76  0.2373630454317394E-04   3   0 0  0 2  0 0  1 0
    77  0.1128391777484920E-03   3   2 0  0 0  0 0  0 1
    78  0.8726017651739763E-05   3   1 1  0 0  0 0  0 1
    79  -.6994519538488915E-05   3   0 2  0 0  0 0  0 1
    80  -.2184493271438645E-03   3   1 0  1 0  0 0  0 1
    81  -.7265889362442535E-04   3   0 1  1 0  0 0  0 1
    82  -.1690505161634037E-03   3   0 0  2 0  0 0  0 1
    83  -.3090690573132781E-04   3   1 0  0 1  0 0  0 1
    84  -.6014006603977649E-05   3   0 1  0 1  0 0  0 1
    85  -.9752270938866324E-04   3   0 0  1 1  0 0  0 1
    86  -.1846424450483032E-04   3   0 0  0 2  0 0  0 1
    87  -.2518715850459403E-04   3   1 0  0 0  0 2  0 0
    88  -.5124850328353554E-05   3   0 1  0 0  0 2  0 0
    89  0.7613805439699674E-01   3   0 0  1 0  0 2  0 0
    90  0.1270640179632093       3   0 0  0 1  0 2  0 0
    91  -.1683945857891530E-04   3   1 0  0 0  0 1  1 0
    92  -.5122790510742189E-05   3   0 1  0 0  0 1  1 0
    93  0.5268935554851147E-01   3   0 0  1 0  0 1  1 0
    94  0.8969607595404896E-01   3   0 0  0 1  0 1  1 0
    95  -.2507492598085532E-04   3   1 0  0 0  0 0  2 0
    96  -.5099181580164604E-05   3   0 1  0 0  0 0  2 0
    97  0.7579580623211984E-01   3   0 0  1 0  0 0  2 0
    98  0.1264899057745594       3   0 0  0 1  0 0  2 0
    99  0.3363060966302861E-04   3   1 0  0 0  0 1  0 1
   100  0.5114814099654458E-05   3   0 1  0 0  0 1  0 1
   101  -.1052221781096185       3   0 0  1 0  0 1  0 1
   102  -.1446139822400492E-01   3   0 0  0 1  0 1  0 1
   103  0.3351829791843524E-04   3   1 0  0 0  0 0  1 1
   104  0.5097732824573250E-05   3   0 1  0 0  0 0  1 1
   105  -.1048707813757555       3   0 0  1 0  0 0  1 1
   106  -.1441310338546140E-01   3   0 0  0 1  0 0  1 1
   107  -.3993845802924020E-07   3   1 0  0 0  0 0  0 2
   108  0.3452774663225934E-08   3   0 1  0 0  0 0  0 2
   109  0.5469724515896768E-02   3   0 0  1 0  0 0  0 2
   110  0.1950618275646131E-04   3   0 0  0 1  0 0  0 2
   111  0.2508120617831154E-05   3   0 0  0 0  0 3  0 0
   112  0.1614815907781683E-05   3   0 0  0 0  0 2  1 0
   113  0.1619248828423116E-05   3   0 0  0 0  0 1  2 0
   114  0.2492869211542439E-05   3   0 0  0 0  0 0  3 0
   115  -.3228128813310438E-05   3   0 0  0 0  0 2  0 1
   116  -.2338900630327518E-05   3   0 0  0 0  0 1  1 1
   117  -.3213442793964769E-05   3   0 0  0 0  0 0  2 1
   118  0.2742891256571965E-06   3   0 0  0 0  0 1  0 2
   119  0.2733731181707411E-06   3   0 0  0 0  0 0  1 2
   120  -.2249645465879292E-08   3   0 0  0 0  0 0  0 3
   121  -.8353625535182891E-08   4   4 0  0 0  0 0  0 0
   122  -.1486133202468215E-06   4   3 1  0 0  0 0  0 0
   123  -.4911897576844774E-04   4   2 2  0 0  0 0  0 0
   124  0.2636391850520339E-05   4   1 3  0 0  0 0  0 0
   125  -.2004045516787179E-04   4   0 4  0 0  0 0  0 0
   126  0.4302525772903670E-03   4   3 0  1 0  0 0  0 0
   127  0.8910858298365155E-03   4   2 1  1 0  0 0  0 0
   128  0.1123464235518181E-03   4   1 2  1 0  0 0  0 0
   129  -.1137937503055248E-03   4   0 3  1 0  0 0  0 0
   130  0.4486976293140120E-03   4   2 0  2 0  0 0  0 0
   131  0.6023769805001084E-03   4   1 1  2 0  0 0  0 0
   132  -.3498597183123759E-03   4   0 2  2 0  0 0  0 0
   133  0.2605196956912514E-03   4   1 0  3 0  0 0  0 0
   134  0.2844690977942787E-03   4   0 1  3 0  0 0  0 0
   135  0.1238700382993829E-03   4   0 0  4 0  0 0  0 0
   136  -.1809982749417912E-03   4   3 0  0 1  0 0  0 0
   137  0.3554334298475211E-03   4   2 1  0 1  0 0  0 0
   138  0.9695718443777838E-04   4   1 2  0 1  0 0  0 0
   139  -.7595534831627333E-04   4   0 3  0 1  0 0  0 0
   140  -.1696402659478044E-03   4   2 0  1 1  0 0  0 0
   141  0.6495158183072951E-03   4   1 1  1 1  0 0  0 0
   142  -.1862656358776945E-03   4   0 2  1 1  0 0  0 0
   143  -.2427471441043883E-03   4   1 0  2 1  0 0  0 0
   144  0.7114663287239398E-04   4   0 1  2 1  0 0  0 0
   145  -.4499276176647235E-03   4   0 0  3 1  0 0  0 0
   146  -.2060691280132469E-03   4   2 0  0 2  0 0  0 0
   147  0.8311591661639897E-04   4   1 1  0 2  0 0  0 0
   148  -.1335278497477558E-03   4   0 2  0 2  0 0  0 0
   149  -.2279457136756627E-03   4   1 0  1 2  0 0  0 0
   150  -.1709755650160993E-03   4   0 1  1 2  0 0  0 0
   151  -.5087208913192830E-03   4   0 0  2 2  0 0  0 0
   152  -.8624682197566653E-04   4   1 0  0 3  0 0  0 0
   153  -.9747465399082842E-04   4   0 1  0 3  0 0  0 0
   154  -.2913738337341681E-03   4   0 0  1 3  0 0  0 0
   155  -.1309556594169855E-03   4   0 0  0 4  0 0  0 0
   156  -.2966016854122507E-04   4   3 0  0 0  0 1  0 0
   157  0.8900230007619852E-04   4   2 1  0 0  0 1  0 0
   158  0.1106473603219545E-03   4   1 2  0 0  0 1  0 0
   159  0.2254379621903951E-04   4   0 3  0 0  0 1  0 0
   160  0.1467643474363666       4   2 0  1 0  0 1  0 0
   161  0.2841475138310297       4   1 1  1 0  0 1  0 0
   162  -.2909421631147995       4   0 2  1 0  0 1  0 0
   163  0.3022490783353157E-03   4   1 0  2 0  0 1  0 0
   164  0.4171921776795461E-03   4   0 1  2 0  0 1  0 0
   165  -.3903709312694687       4   0 0  3 0  0 1  0 0
   166  -.6256252600423663       4   2 0  0 1  0 1  0 0
   167  0.6715716477729348E-01   4   1 1  0 1  0 1  0 0
   168  -.2778333610212583       4   0 2  0 1  0 1  0 0
   169  0.3651546521957190E-03   4   1 0  1 1  0 1  0 0
   170  0.1991573421144310E-03   4   0 1  1 1  0 1  0 0
   171  -1.388167926200854       4   0 0  2 1  0 1  0 0
   172  0.1990133625830870E-03   4   1 0  0 2  0 1  0 0
   173  0.4457887068589218E-04   4   0 1  0 2  0 1  0 0
   174  -.7807126911567100       4   0 0  1 2  0 1  0 0
   175  -.3236704844219580       4   0 0  0 3  0 1  0 0
   176  -.2956111635908576E-04   4   3 0  0 0  0 0  1 0
   177  0.8870507074570010E-04   4   2 1  0 0  0 0  1 0
   178  0.1102778458172540E-03   4   1 2  0 0  0 0  1 0
   179  0.2246850965395839E-04   4   0 3  0 0  0 0  1 0
   180  0.1462742177577841       4   2 0  1 0  0 0  1 0
   181  0.2831985835761248       4   1 1  1 0  0 0  1 0
   182  -.2899705416591505       4   0 2  1 0  0 0  1 0
   183  0.3012396966550643E-03   4   1 0  2 0  0 0  1 0
   184  0.4157989355773301E-03   4   0 1  2 0  0 0  1 0
   185  -.3890672605727837       4   0 0  3 0  0 0  1 0
   186  -.6235359412604262       4   2 0  0 1  0 0  1 0
   187  0.6693288878546300E-01   4   1 1  0 1  0 0  1 0
   188  -.2769055173159208       4   0 2  0 1  0 0  1 0
   189  0.3639351930052646E-03   4   1 0  1 1  0 0  1 0
   190  0.1984922424101607E-03   4   0 1  1 1  0 0  1 0
   191  -1.383532043499306       4   0 0  2 1  0 0  1 0
   192  0.1983487437084077E-03   4   1 0  0 2  0 0  1 0
   193  0.4442999646717150E-04   4   0 1  0 2  0 0  1 0
   194  -.7781054471831937       4   0 0  1 2  0 0  1 0
   195  -.3225895644760242       4   0 0  0 3  0 0  1 0
   196  0.5922128490031042E-04   4   3 0  0 0  0 0  0 1
   197  -.4614383444953630E-04   4   2 1  0 0  0 0  0 1
   198  -.6061357937158186E-04   4   1 2  0 0  0 0  0 1
   199  -.1043120524581246E-04   4   0 3  0 0  0 0  0 1
   200  -.2930385651941495       4   2 0  1 0  0 0  0 1
   201  -.3857012936066563       4   1 1  1 0  0 0  0 1
   202  0.1953011927627619       4   0 2  1 0  0 0  0 1
   203  -.6034887749903810E-03   4   1 0  2 0  0 0  0 1
   204  -.4885633012465614E-03   4   0 1  2 0  0 0  0 1
   205  0.7794381918422555       4   0 0  3 0  0 0  0 1
   206  0.6246688189730928       4   2 0  0 1  0 0  0 1
   207  -.6748605440225187E-01   4   1 1  0 1  0 0  0 1
   208  0.2481674540403878E-01   4   0 2  0 1  0 0  0 1
   209  -.4978229295731408E-03   4   1 0  1 1  0 0  0 1
   210  -.1679800499782051E-03   4   0 1  1 1  0 0  0 1
   211   1.668880455870276       4   0 0  2 1  0 0  0 1
   212  -.1494934555480930E-03   4   1 0  0 2  0 0  0 1
   213  -.2512217193661807E-04   4   0 1  0 2  0 0  0 1
   214  0.5967588799763222       4   0 0  1 2  0 0  0 1
   215  0.5314801681769787E-01   4   0 0  0 3  0 0  0 1
   216  -.6141633204715383E-04   4   2 0  0 0  0 2  0 0
   217  0.5977517595919583E-05   4   1 1  0 0  0 2  0 0
   218  -.5103210917079237E-04   4   0 2  0 0  0 2  0 0
   219  -.7223474646708435E-04   4   1 0  1 0  0 2  0 0
   220  -.1046223515279275E-03   4   0 1  1 0  0 2  0 0
   221  -.2651947451583674E-03   4   0 0  2 0  0 2  0 0
   222  -.6535313912651460E-04   4   1 0  0 1  0 2  0 0
   223  -.9976820819257291E-04   4   0 1  0 1  0 2  0 0
   224  -.2582851273546532E-03   4   0 0  1 1  0 2  0 0
   225  -.1839705717248854E-03   4   0 0  0 2  0 2  0 0
   226  -.7365705510153686E-04   4   2 0  0 0  0 1  1 0
   227  0.9270102402591924E-05   4   1 1  0 0  0 1  1 0
   228  -.6279462743695266E-04   4   0 2  0 0  0 1  1 0
   229  -.3144734589453566E-04   4   1 0  1 0  0 1  1 0
   230  -.1089310128189095E-03   4   0 1  1 0  0 1  1 0
   231  -.2860890792224315E-03   4   0 0  2 0  0 1  1 0
   232  -.3512678858422684E-04   4   1 0  0 1  0 1  1 0
   233  -.1068499567106220E-03   4   0 1  0 1  0 1  1 0
   234  -.3295982067286434E-03   4   0 0  1 1  0 1  1 0
   235  -.2303204795928494E-03   4   0 0  0 2  0 1  1 0
   236  -.6108823655054138E-04   4   2 0  0 0  0 0  2 0
   237  0.5942076189172233E-05   4   1 1  0 0  0 0  2 0
   238  -.5075683041779703E-04   4   0 2  0 0  0 0  2 0
   239  -.7194100324818096E-04   4   1 0  1 0  0 0  2 0
   240  -.1040910666345643E-03   4   0 1  1 0  0 0  2 0
   241  -.2638314018605991E-03   4   0 0  2 0  0 0  2 0
   242  -.6507623363425071E-04   4   1 0  0 1  0 0  2 0
   243  -.9925660896159278E-04   4   0 1  0 1  0 0  2 0
   244  -.2568722083342123E-03   4   0 0  1 1  0 0  2 0
   245  -.1829716037121087E-03   4   0 0  0 2  0 0  2 0
   246  0.4912614629085337E-04   4   2 0  0 0  0 1  0 1
   247  -.5345181822097079E-05   4   1 1  0 0  0 1  0 1
   248  0.3648361145318193E-05   4   0 2  0 0  0 1  0 1
   249  0.6962208180204728E-04   4   1 0  1 0  0 1  0 1
   250  0.1034216927452628E-03   4   0 1  1 0  0 1  0 1
   251  0.3542786728874135E-03   4   0 0  2 0  0 1  0 1
   252  -.2402676085091530E-04   4   1 0  0 1  0 1  0 1
   253  0.1490947365235148E-04   4   0 1  0 1  0 1  0 1
   254  0.2279243239679165E-03   4   0 0  1 1  0 1  0 1
   255  0.3381419590417648E-04   4   0 0  0 2  0 1  0 1
   256  0.4896208613106572E-04   4   2 0  0 0  0 0  1 1
   257  -.5327331218090092E-05   4   1 1  0 0  0 0  1 1
   258  0.3636177191198933E-05   4   0 2  0 0  0 0  1 1
   259  0.6938957404950405E-04   4   1 0  1 0  0 0  1 1
   260  0.1030763088566745E-03   4   0 1  1 0  0 0  1 1
   261  0.3530955347812988E-03   4   0 0  2 0  0 0  1 1
   262  -.2394652182298407E-04   4   1 0  0 1  0 0  1 1
   263  0.1485968243495636E-04   4   0 1  0 1  0 0  1 1
   264  0.2271631549401595E-03   4   0 0  1 1  0 0  1 1
   265  0.3370127106064645E-04   4   0 0  0 2  0 0  1 1
   266  -.1844110592268438E-07   4   2 0  0 0  0 0  0 2
   267  -.4209358254090965E-08   4   1 1  0 0  0 0  0 2
   268  -.1762842894956974E-08   4   0 2  0 0  0 0  0 2
   269  0.4108616497526964E-04   4   1 0  1 0  0 0  0 2
   270  -.1996986504515157E-05   4   0 1  1 0  0 0  0 2
   271  -.6548105997117603E-04   4   0 0  2 0  0 0  0 2
   272  0.6160115001929919E-05   4   1 0  0 1  0 0  0 2
   273  0.3033655941866311E-06   4   0 1  0 1  0 0  0 2
   274  -.1570280902479686E-04   4   0 0  1 1  0 0  0 2
   275  -.7262878143706311E-06   4   0 0  0 2  0 0  0 2
   276  0.2099778260096710E-04   4   1 0  0 0  0 3  0 0
   277  0.5120907024866098E-05   4   0 1  0 0  0 3  0 0
   278  -.6435930143160221E-01   4   0 0  1 0  0 3  0 0
   279  -.1082884300015947       4   0 0  0 1  0 3  0 0
   280  0.1262942099110119E-04   4   1 0  0 0  0 2  1 0
   281  0.5115015272929196E-05   4   0 1  0 0  0 2  1 0
   282  -.4084148621014137E-01   4   0 0  1 0  0 2  1 0
   283  -.7080055044076296E-01   4   0 0  0 1  0 2  1 0
   284  0.1267098980019456E-04   4   1 0  0 0  0 1  2 0
   285  0.5114959118721683E-05   4   0 1  0 0  0 1  2 0
   286  -.4095821859132794E-01   4   0 0  1 0  0 1  2 0
   287  -.7098652892056279E-01   4   0 0  0 1  0 1  2 0
   288  0.2087157968758405E-04   4   1 0  0 0  0 0  3 0
   289  0.5086742235706484E-05   4   0 1  0 0  0 0  3 0
   290  -.6396893539367186E-01   4   0 0  1 0  0 0  3 0
   291  -.1076281501217710       4   0 0  0 1  0 0  3 0
   292  -.2524073045049317E-04   4   1 0  0 0  0 2  0 1
   293  -.5111246733352801E-05   4   0 1  0 0  0 2  0 1
   294  0.8164324488889184E-01   4   0 0  1 0  0 2  0 1
   295  0.1447370823063177E-01   4   0 0  0 1  0 2  0 1
   296  -.1690651332787413E-04   4   1 0  0 0  0 1  1 1
   297  -.5107646149836585E-05   4   0 1  0 0  0 1  1 1
   298  0.5822062510773092E-01   4   0 0  1 0  0 1  1 1
   299  0.1448577473307339E-01   4   0 0  0 1  0 1  1 1
   300  -.2512820705255663E-04   4   1 0  0 0  0 0  2 1
   301  -.5085648703129135E-05   4   0 1  0 0  0 0  2 1
   302  0.8127337573156891E-01   4   0 0  1 0  0 0  2 1
   303  0.1440118415918088E-01   4   0 0  0 1  0 0  2 1
   304  0.5958496627031915E-07   4   1 0  0 0  0 1  0 2
   305  -.6833869535354020E-08   4   0 1  0 0  0 1  0 2
   306  -.5531369989673488E-02   4   0 0  1 0  0 1  0 2
   307  -.2449734625811260E-04   4   0 0  0 1  0 1  0 2
   308  0.5938597815865676E-07   4   1 0  0 0  0 0  1 2
   309  -.6811047355853062E-08   4   0 1  0 0  0 0  1 2
   310  -.5512897597417150E-02   4   0 0  1 0  0 0  1 2
   311  -.2441553567782603E-04   4   0 0  0 1  0 0  1 2
   312  -.1303134283215097E-07   4   1 0  0 0  0 0  0 3
   313  0.1095530953540898E-08   4   0 1  0 0  0 0  0 3
   314  0.3493951843233166E-04   4   0 0  1 0  0 0  0 3
   315  -.3201888777893949E-05   4   0 0  0 1  0 0  0 3
   316  -.1454621230150750E-04   4   0 0  0 0  0 4  0 0
   317  -.9288688693070306E-05   4   0 0  0 0  0 3  1 0
   318  -.8593097398862405E-05   4   0 0  0 0  0 2  2 0
   319  -.9325751138153444E-05   4   0 0  0 0  0 1  3 0
   320  -.1443370321589103E-04   4   0 0  0 0  0 0  4 0
   321  0.1562886029690423E-05   4   0 0  0 0  0 3  0 1
   322  0.1848646502488081E-05   4   0 0  0 0  0 2  1 1
   323  0.1847188881574406E-05   4   0 0  0 0  0 1  2 1
   324  0.1551980477334325E-05   4   0 0  0 0  0 0  3 1
   325  -.2309009894557030E-08   4   0 0  0 0  0 2  0 2
   326  -.3078236543967059E-08   4   0 0  0 0  0 1  1 2
   327  -.2296158804677870E-08   4   0 0  0 0  0 0  2 2
   328  -.2518806802063887E-09   4   0 0  0 0  0 1  0 3
   329  -.2510395072717682E-09   4   0 0  0 0  0 0  1 3
   330  -.3361614512175512E-15   4   0 0  0 0  0 0  0 4
   ----------------------------------------------------
     I  COEFFICIENT            ORDER EXPONENTS
     1  -.3719273968816575E-04   0   0 0  0 0  0 0  0 0
     2  -.4478240438608627E-03   1   1 0  0 0  0 0  0 0
     3  -.6709337035196855E-04   1   0 1  0 0  0 0  0 0
     4   1.351691801809930       1   0 0  1 0  0 0  0 0
     5   1.193719062405913       1   0 0  0 1  0 0  0 0
     6  0.2021194426844807E-05   1   0 0  0 0  0 1  0 0
     7  0.2014444508406919E-05   1   0 0  0 0  0 0  1 0
     8  -.4122837862341744E-04   1   0 0  0 0  0 0  0 1
     9  0.2649481087769142E-03   2   2 0  0 0  0 0  0 0
    10  -.1101201384800792E-03   2   1 1  0 0  0 0  0 0
    11  -.4521475862664165E-04   2   0 2  0 0  0 0  0 0
    12  0.1866554132660187E-03   2   1 0  1 0  0 0  0 0
    13  0.9998799946120418E-04   2   0 1  1 0  0 0  0 0
    14  0.2572991606635145E-03   2   0 0  2 0  0 0  0 0
    15  0.2381586639575302E-04   2   1 0  0 1  0 0  0 0
    16  0.2134710535654897E-04   2   0 1  0 1  0 0  0 0
    17  0.3148355657683705E-03   2   0 0  1 1  0 0  0 0
    18  0.5615203909744123E-04   2   0 0  0 2  0 0  0 0
    19  0.8519271884361434E-06   2   1 0  0 0  0 1  0 0
    20  0.3359831280650840E-04   2   0 1  0 0  0 1  0 0
    21  -.4940427919757397E-01   2   0 0  1 0  0 1  0 0
    22  -.9974328359149813E-01   2   0 0  0 1  0 1  0 0
    23  0.8490821187285328E-06   2   1 0  0 0  0 0  1 0
    24  0.3348610891949897E-04   2   0 1  0 0  0 0  1 0
    25  -.4923929019372716E-01   2   0 0  1 0  0 0  1 0
    26  -.9941018400442919E-01   2   0 0  0 1  0 0  1 0
    27  -.4495250531680270E-03   2   1 0  0 0  0 0  0 1
    28  -.6708442172600741E-04   2   0 1  0 0  0 0  0 1
    29   1.450335371201230       2   0 0  1 0  0 0  0 1
    30  0.1991534675959272       2   0 0  0 1  0 0  0 1
    31  -.1555318645098402E-05   2   0 0  0 0  0 2  0 0
    32  -.1092531085450261E-05   2   0 0  0 0  0 1  1 0
    33  -.1548300259441540E-05   2   0 0  0 0  0 0  2 0
    34  0.4203166589607065E-05   2   0 0  0 0  0 1  0 1
    35  0.4189129824373595E-05   2   0 0  0 0  0 0  1 1
    36  -.4196147440166110E-05   2   0 0  0 0  0 0  0 2
    37  0.3751279798692493E-03   3   3 0  0 0  0 0  0 0
    38  0.1930932876072898E-03   3   2 1  0 0  0 0  0 0
    39  0.3514366258306033E-04   3   1 2  0 0  0 0  0 0
    40  -.3111948285786210E-04   3   0 3  0 0  0 0  0 0
    41  -3.161787426183682       3   2 0  1 0  0 0  0 0
    42  -1.935291341706258       3   1 1  1 0  0 0  0 0
    43  0.5824490289285286       3   0 2  1 0  0 0  0 0
    44  -.6711536161735185E-03   3   1 0  2 0  0 0  0 0
    45  -.1539141727831038E-03   3   0 1  2 0  0 0  0 0
    46  -2.232172936647363       3   0 0  3 0  0 0  0 0
    47  0.2790328798162844E-02   3   2 0  0 1  0 0  0 0
    48  -.3657704100983998       3   1 1  0 1  0 0  0 0
    49  0.1606131692229238       3   0 2  0 1  0 0  0 0
    50  -.1679447049935381E-03   3   1 0  1 1  0 0  0 0
    51  0.3966235105485125E-03   3   0 1  1 1  0 0  0 0
    52  -1.407753965636136       3   0 0  2 1  0 0  0 0
    53  -.1582930852200192E-04   3   1 0  0 2  0 0  0 0
    54  0.2812702502975816E-04   3   0 1  0 2  0 0  0 0
    55  -.9288983166738505       3   0 0  1 2  0 0  0 0
    56  -.1802505477744976E-01   3   0 0  0 3  0 0  0 0
    57  -.1297069149775918E-03   3   2 0  0 0  0 1  0 0
    58  0.8873376167948314E-05   3   1 1  0 0  0 1  0 0
    59  0.4447351885873186E-04   3   0 2  0 0  0 1  0 0
    60  -.8808696948617058E-04   3   1 0  1 0  0 1  0 0
    61  -.8733900654053171E-04   3   0 1  1 0  0 1  0 0
    62  -.1609938664081272E-03   3   0 0  2 0  0 1  0 0
    63  -.5109383498854613E-05   3   1 0  0 1  0 1  0 0
    64  -.2733634549849334E-04   3   0 1  0 1  0 1  0 0
    65  -.2264982492968586E-03   3   0 0  1 1  0 1  0 0
    66  -.6191762019677937E-04   3   0 0  0 2  0 1  0 0
    67  -.1292737497732459E-03   3   2 0  0 0  0 0  1 0
    68  0.8843742915151901E-05   3   1 1  0 0  0 0  1 0
    69  0.4432499646971529E-04   3   0 2  0 0  0 0  1 0
    70  -.8779279696542066E-04   3   1 0  1 0  0 0  1 0
    71  -.8704733189371745E-04   3   0 1  1 0  0 0  1 0
    72  -.1604562162677898E-03   3   0 0  2 0  0 0  1 0
    73  -.5092320359640235E-05   3   1 0  0 1  0 0  1 0
    74  -.2724505388396419E-04   3   0 1  0 1  0 0  1 0
    75  -.2257418427439980E-03   3   0 0  1 1  0 0  1 0
    76  -.6171084202608786E-04   3   0 0  0 2  0 0  1 0
    77  0.5239287735277516E-03   3   2 0  0 0  0 0  0 1
    78  -.1771711908309878E-04   3   1 1  0 0  0 0  0 1
    79  -.4358375670180627E-04   3   0 2  0 0  0 0  0 1
    80  0.3625351797176098E-03   3   1 0  1 0  0 0  0 1
    81  0.1743863384342495E-03   3   0 1  1 0  0 0  0 1
    82  0.5787492433394266E-03   3   0 0  2 0  0 0  0 1
    83  0.1020170385849495E-04   3   1 0  0 1  0 0  0 1
    84  0.3323429402590815E-04   3   0 1  0 1  0 0  0 1
    85  0.4522400920407165E-03   3   0 0  1 1  0 0  0 1
    86  0.6747642312542599E-04   3   0 0  0 2  0 0  0 1
    87  -.8440698488340954E-06   3   1 0  0 0  0 2  0 0
    88  -.2519634128517556E-04   3   0 1  0 0  0 2  0 0
    89  0.3764763494000750E-01   3   0 0  1 0  0 2  0 0
    90  0.7613802892019364E-01   3   0 0  0 1  0 2  0 0
    91  -.8421190404170841E-06   3   1 0  0 0  0 1  1 0
    92  -.1685027946857518E-04   3   0 1  0 0  0 1  1 0
    93  0.2596895067447189E-01   3   0 0  1 0  0 1  1 0
    94  0.5268933591822589E-01   3   0 0  0 1  0 1  1 0
    95  -.8398448618949674E-06   3   1 0  0 0  0 0  2 0
    96  -.2508406002631810E-04   3   0 1  0 0  0 0  2 0
    97  0.3747854550943559E-01   3   0 0  1 0  0 0  2 0
    98  0.7579578087317712E-01   3   0 0  0 1  0 0  2 0
    99  0.2532570860655719E-05   3   1 0  0 0  0 1  0 1
   100  0.3363950493457931E-04   3   0 1  0 0  0 1  0 1
   101  -.1012641930096268       3   0 0  1 0  0 1  0 1
   102  -.1052221341649485       3   0 0  0 1  0 1  0 1
   103  0.2524113165284708E-05   3   1 0  0 0  0 0  1 1
   104  0.3352716348361209E-04   3   0 1  0 0  0 0  1 1
   105  -.1009260142404724       3   0 0  1 0  0 0  1 1
   106  -.1048707375778425       3   0 0  0 1  0 0  1 1
   107  -.2529246012809552E-05   3   1 0  0 0  0 0  0 2
   108  -.4038709487312034E-07   3   0 1  0 0  0 0  0 2
   109  0.1010950986965595       3   0 0  1 0  0 0  0 2
   110  0.5469714822288861E-02   3   0 0  0 1  0 0  0 2
   111  0.1317502138584820E-05   3   0 0  0 0  0 3  0 0
   112  0.8427071172278882E-06   3   0 0  0 0  0 2  1 0
   113  0.8450634928210503E-06   3   0 0  0 0  0 1  2 0
   114  0.1309499888933008E-05   3   0 0  0 0  0 0  3 0
   115  -.3239896838918225E-05   3   0 0  0 0  0 2  0 1
   116  -.2283014023307629E-05   3   0 0  0 0  0 1  1 1
   117  -.3225264838062507E-05   3   0 0  0 0  0 0  2 1
   118  0.2279821567771878E-05   3   0 0  0 0  0 1  0 2
   119  0.2272207946127671E-05   3   0 0  0 0  0 0  1 2
   120  -.1186273579111946E-06   3   0 0  0 0  0 0  0 3
   121  0.2289279277090908E-03   4   4 0  0 0  0 0  0 0
   122  -.8146158625459601E-04   4   3 1  0 0  0 0  0 0
   123  -.7825860597393590E-04   4   2 2  0 0  0 0  0 0
   124  0.3460986289819077E-04   4   1 3  0 0  0 0  0 0
   125  -.2912102453334914E-04   4   0 4  0 0  0 0  0 0
   126  0.9769170265494386E-07   4   3 0  1 0  0 0  0 0
   127  -.1540031479564346E-03   4   2 1  1 0  0 0  0 0
   128  -.2349445081098665E-04   4   1 2  1 0  0 0  0 0
   129  -.1432243697019954E-04   4   0 3  1 0  0 0  0 0
   130  0.1835165398734175E-03   4   2 0  2 0  0 0  0 0
   131  -.2011020916178817E-02   4   1 1  2 0  0 0  0 0
   132  -.6514692125601081E-04   4   0 2  2 0  0 0  0 0
   133  0.3562481627453894E-06   4   1 0  3 0  0 0  0 0
   134  -.2000625140574723E-06   4   0 1  3 0  0 0  0 0
   135  -.4085100955447418E-03   4   0 0  4 0  0 0  0 0
   136  -.7725624306939218E-04   4   3 0  0 1  0 0  0 0
   137  -.4709995492103475E-04   4   2 1  0 1  0 0  0 0
   138  0.2633005822592572E-04   4   1 2  0 1  0 0  0 0
   139  -.3938095924770047E-05   4   0 3  0 1  0 0  0 0
   140  -.5827482206454270E-03   4   2 0  1 1  0 0  0 0
   141  -.1141233898117945E-02   4   1 1  1 1  0 0  0 0
   142  0.4589440495552830E-03   4   0 2  1 1  0 0  0 0
   143  -.1637899221176445E-03   4   1 0  2 1  0 0  0 0
   144  -.1232385381720827E-06   4   0 1  2 1  0 0  0 0
   145  -.1537933067690820E-02   4   0 0  3 1  0 0  0 0
   146  0.1953971625650857E-03   4   2 0  0 2  0 0  0 0
   147  -.1902878701689430E-03   4   1 1  0 2  0 0  0 0
   148  -.1566332598565268E-04   4   0 2  0 2  0 0  0 0
   149  -.4518952757782681E-04   4   1 0  1 2  0 0  0 0
   150  -.1421723945966604E-04   4   0 1  1 2  0 0  0 0
   151  -.4862092300000924E-03   4   0 0  2 2  0 0  0 0
   152  -.1751478978625813E-05   4   1 0  0 3  0 0  0 0
   153  -.3940835204594544E-05   4   0 1  0 3  0 0  0 0
   154  0.1087354055572552E-03   4   0 0  1 3  0 0  0 0
   155  0.1730782211948635E-04   4   0 0  0 4  0 0  0 0
   156  -.2299363965556622E-03   4   3 0  0 0  0 1  0 0
   157  -.2248180932043557E-03   4   2 1  0 0  0 1  0 0
   158  -.5914479871287552E-04   4   1 2  0 0  0 1  0 0
   159  0.4506076321102010E-04   4   0 3  0 0  0 1  0 0
   160   1.538760952309504       4   2 0  1 0  0 1  0 0
   161   2.023466831641712       4   1 1  1 0  0 1  0 0
   162  -.5478623568489616       4   0 2  1 0  0 1  0 0
   163  0.2513509552731310E-03   4   1 0  2 0  0 1  0 0
   164  0.1709679484219618E-03   4   0 1  2 0  0 1  0 0
   165   1.393078519694289       4   0 0  3 0  0 1  0 0
   166  -.5006364076369023E-01   4   2 0  0 1  0 1  0 0
   167  0.5474504483017800       4   1 1  0 1  0 1  0 0
   168  -.2260844034859173       4   0 2  0 1  0 1  0 0
   169  0.1273203773618248E-03   4   1 0  1 1  0 1  0 0
   170  -.3676717123456065E-03   4   0 1  1 1  0 1  0 0
   171   1.535103473598891       4   0 0  2 1  0 1  0 0
   172  0.2076185610529729E-04   4   1 0  0 2  0 1  0 0
   173  -.3889075947786196E-04   4   0 1  0 2  0 1  0 0
   174   1.097278047908899       4   0 0  1 2  0 1  0 0
   175  0.3649042132615035E-01   4   0 0  0 3  0 1  0 0
   176  -.2291685080724793E-03   4   3 0  0 0  0 0  1 0
   177  -.2240672976488517E-03   4   2 1  0 0  0 0  1 0
   178  -.5894728057111127E-04   4   1 2  0 0  0 0  1 0
   179  0.4491027967891581E-04   4   0 3  0 0  0 0  1 0
   180   1.533622153792393       4   2 0  1 0  0 0  1 0
   181   2.016709324351019       4   1 1  1 0  0 0  1 0
   182  -.5460327326550740       4   0 2  1 0  0 0  1 0
   183  0.2505115513915273E-03   4   1 0  2 0  0 0  1 0
   184  0.1703969891456064E-03   4   0 1  2 0  0 0  1 0
   185   1.388426237726455       4   0 0  3 0  0 0  1 0
   186  -.4989644977633351E-01   4   2 0  0 1  0 0  1 0
   187  0.5456221997049479       4   1 1  0 1  0 0  1 0
   188  -.2253293789997372       4   0 2  0 1  0 0  1 0
   189  0.1268951821647521E-03   4   1 0  1 1  0 0  1 0
   190  -.3664438472588552E-03   4   0 1  1 1  0 0  1 0
   191   1.529976889484603       4   0 0  2 1  0 0  1 0
   192  0.2069252045234845E-04   4   1 0  0 2  0 0  1 0
   193  -.3876088109952449E-04   4   0 1  0 2  0 0  1 0
   194   1.093613612054182       4   0 0  1 2  0 0  1 0
   195  0.3636855904291440E-01   4   0 0  0 3  0 0  1 0
   196  0.8342328844973905E-03   4   3 0  0 0  0 0  0 1
   197  0.4488853908532073E-03   4   2 1  0 0  0 0  0 1
   198  0.8294841670092418E-04   4   1 2  0 0  0 0  0 1
   199  -.2773207717421121E-04   4   0 3  0 0  0 0  0 1
   200  -6.234170532285577       4   2 0  1 0  0 0  0 1
   201  -4.040176155992730       4   1 1  1 0  0 0  0 1
   202  0.5114460605755118       4   0 2  1 0  0 0  0 1
   203  -.1173016122838179E-02   4   1 0  2 0  0 0  0 1
   204  -.3413649375675642E-03   4   0 1  2 0  0 0  0 1
   205  -5.013677694068102       4   0 0  3 0  0 0  0 1
   206  0.9996009054002224E-01   4   2 0  0 1  0 0  0 1
   207  -.7273022379083189       4   1 1  0 1  0 0  0 1
   208  0.1301874440398029       4   0 2  0 1  0 0  0 1
   209  -.2542155595265650E-03   4   1 0  1 1  0 0  0 1
   210  0.3374920490559519E-03   4   0 1  1 1  0 0  0 1
   211  -3.065080363083520       4   0 0  2 1  0 0  0 1
   212  -.2562506803564321E-04   4   1 0  0 2  0 0  0 1
   213  0.2139759051786737E-04   4   0 1  0 2  0 0  0 1
   214  -1.261993343289221       4   0 0  1 2  0 0  0 1
   215  -.3680887081416453E-01   4   0 0  0 3  0 0  0 1
   216  0.2600608139611074E-04   4   2 0  0 0  0 2  0 0
   217  0.2071163481632683E-04   4   1 1  0 0  0 2  0 0
   218  -.5983517572676927E-04   4   0 2  0 0  0 2  0 0
   219  0.3065393083016735E-04   4   1 0  1 0  0 2  0 0
   220  -.1704775615474132E-04   4   0 1  1 0  0 2  0 0
   221  0.2156490275930431E-03   4   0 0  2 0  0 2  0 0
   222  0.2171157058335925E-04   4   1 0  0 1  0 2  0 0
   223  -.6540052416581661E-05   4   0 1  0 1  0 2  0 0
   224  0.4329433186543453E-03   4   0 0  1 1  0 2  0 0
   225  0.3102910403707713E-04   4   0 0  0 2  0 2  0 0
   226  0.7223166740299482E-05   4   2 0  0 0  0 1  1 0
   227  0.6517753984978489E-04   4   1 1  0 0  0 1  1 0
   228  -.6703677674035968E-04   4   0 2  0 0  0 1  1 0
   229  0.3757749544720758E-04   4   1 0  1 0  0 1  1 0
   230  -.1971768690250193E-04   4   0 1  1 0  0 1  1 0
   231  0.2380125542149351E-03   4   0 0  2 0  0 1  1 0
   232  0.2123600193054070E-04   4   1 0  0 1  0 1  1 0
   233  -.9105957293673463E-05   4   0 1  0 1  0 1  1 0
   234  0.4481059189910295E-03   4   0 0  1 1  0 1  1 0
   235  0.3777212175998379E-04   4   0 0  0 2  0 1  1 0
   236  0.2590717115826470E-04   4   2 0  0 0  0 0  2 0
   237  0.2053363443203447E-04   4   1 1  0 0  0 0  2 0
   238  -.5952341504943444E-04   4   0 2  0 0  0 0  2 0
   239  0.3048881358901799E-04   4   1 0  1 0  0 0  2 0
   240  -.1695789970631224E-04   4   0 1  1 0  0 0  2 0
   241  0.2145314230808139E-03   4   0 0  2 0  0 0  2 0
   242  0.2160360374544119E-04   4   1 0  0 1  0 0  2 0
   243  -.6503006472899891E-05   4   0 1  0 1  0 0  2 0
   244  0.4307492341899315E-03   4   0 0  1 1  0 0  2 0
   245  0.3086240889507180E-04   4   0 0  0 2  0 0  2 0
   246  -.6710479401353797E-04   4   2 0  0 0  0 1  0 1
   247  -.4466337501518399E-04   4   1 1  0 0  0 1  0 1
   248  0.4602805043757048E-04   4   0 2  0 0  0 1  0 1
   249  -.4942272643426461E-04   4   1 0  1 0  0 1  0 1
   250  0.1262213809811035E-04   4   0 1  1 0  0 1  0 1
   251  -.4281729074905438E-03   4   0 0  2 0  0 1  0 1
   252  -.2908579763193826E-04   4   1 0  0 1  0 1  0 1
   253  0.3211577924249274E-05   4   0 1  0 1  0 1  0 1
   254  -.5516073635036785E-03   4   0 0  1 1  0 1  0 1
   255  -.3415462678134963E-04   4   0 0  0 2  0 1  0 1
   256  -.6688069291749013E-04   4   2 0  0 0  0 0  1 1
   257  -.4451421858841576E-04   4   1 1  0 0  0 0  1 1
   258  0.4587433658294012E-04   4   0 2  0 0  0 0  1 1
   259  -.4925767582459666E-04   4   1 0  1 0  0 0  1 1
   260  0.1257998559583651E-04   4   0 1  1 0  0 0  1 1
   261  -.4267429944824329E-03   4   0 0  2 0  0 0  1 1
   262  -.2898866360113531E-04   4   1 0  0 1  0 0  1 1
   263  0.3200852637875240E-05   4   0 1  0 1  0 0  1 1
   264  -.5497652326013143E-03   4   0 0  1 1  0 0  1 1
   265  -.3404056504538406E-04   4   0 0  0 2  0 0  1 1
   266  0.7484906473908947E-04   4   2 0  0 0  0 0  0 2
   267  0.4020814621059322E-04   4   1 1  0 0  0 0  0 2
   268  0.2725471448990475E-05   4   0 2  0 0  0 0  0 2
   269  -.3983761356651074E-07   4   1 0  1 0  0 0  0 2
   270  -.4903314538296823E-08   4   0 1  1 0  0 0  0 2
   271  0.1867229018776063E-03   4   0 0  2 0  0 0  0 2
   272  0.2465714874906215E-05   4   1 0  0 1  0 0  0 2
   273  -.3522305865881434E-09   4   0 1  0 1  0 0  0 2
   274  0.8138647847654244E-04   4   0 0  1 1  0 0  0 2
   275  0.3712231873127712E-05   4   0 0  0 2  0 0  0 2
   276  0.8447065323523963E-06   4   1 0  0 0  0 3  0 0
   277  0.2100092555928891E-04   4   0 1  0 0  0 3  0 0
   278  -.3178289201153043E-01   4   0 0  1 0  0 3  0 0
   279  -.6435927293362592E-01   4   0 0  0 1  0 3  0 0
   280  0.8448167326008611E-06   4   1 0  0 0  0 2  1 0
   281  0.1262689715431825E-04   4   0 1  0 0  0 2  1 0
   282  -.2007317522769776E-01   4   0 0  1 0  0 2  1 0
   283  -.4084145406931769E-01   4   0 0  0 1  0 2  1 0
   284  0.8448020495007787E-06   4   1 0  0 0  0 1  2 0
   285  0.1266849429776187E-04   4   0 1  0 0  0 1  2 0
   286  -.2013130164145264E-01   4   0 0  1 0  0 1  2 0
   287  -.4095818646922957E-01   4   0 0  0 1  0 1  2 0
   288  0.8390691635169512E-06   4   1 0  0 0  0 0  3 0
   289  0.2087471110191307E-04   4   0 1  0 0  0 0  3 0
   290  -.3159027491514241E-01   4   0 0  1 0  0 0  3 0
   291  -.6396890709194054E-01   4   0 0  0 1  0 0  3 0
   292  -.2531603281202363E-05   4   1 0  0 0  0 2  0 1
   293  -.2524405133855864E-04   4   0 1  0 0  0 2  0 1
   294  0.7777425690822128E-01   4   0 0  1 0  0 2  0 1
   295  0.8164320497757270E-01   4   0 0  0 1  0 2  0 1
   296  -.2530613919503140E-05   4   1 0  0 0  0 1  1 1
   297  -.1690429696523103E-04   4   0 1  0 0  0 1  1 1
   298  0.5444008396463023E-01   4   0 0  1 0  0 1  1 1
   299  0.5822058920331220E-01   4   0 0  0 1  0 1  1 1
   300  -.2518923237205211E-05   4   1 0  0 0  0 0  2 1
   301  -.2513152055110042E-04   4   0 1  0 0  0 0  2 1
   302  0.7742362119275463E-01   4   0 0  1 0  0 0  2 1
   303  0.8127333601348932E-01   4   0 0  0 1  0 0  2 1
   304  0.2528773670319738E-05   4   1 0  0 0  0 1  0 2
   305  0.5968632826000671E-07   4   0 1  0 0  0 1  0 2
   306  -.5436222029576755E-01   4   0 0  1 0  0 1  0 2
   307  -.5531359132339812E-02   4   0 0  0 1  0 1  0 2
   308  0.2520328655928455E-05   4   1 0  0 0  0 0  1 2
   309  0.5948700164294617E-07   4   0 1  0 0  0 0  1 2
   310  -.5418067390506748E-01   4   0 0  1 0  0 0  1 2
   311  -.5512886776342076E-02   4   0 0  0 1  0 0  1 2
   312  -.8399521044750196E-06   4   1 0  0 0  0 0  0 3
   313  -.1279971340558043E-07   4   0 1  0 0  0 0  0 3
   314  0.2482598501425317E-02   4   0 0  1 0  0 0  0 3
   315  0.3493875470106154E-04   4   0 0  0 1  0 0  0 3
   316  -.8715685353643456E-05   4   0 0  0 0  0 4  0 0
   317  -.5354162885341281E-05   4   0 0  0 0  0 3  1 0
   318  -.4908811592836315E-05   4   0 0  0 0  0 2  2 0
   319  -.5377877975850773E-05   4   0 0  0 0  0 1  3 0
   320  -.8648624120784743E-05   4   0 0  0 0  0 0  4 0
   321  0.1043348972675059E-04   4   0 0  0 0  0 3  0 1
   322  0.6957060568741877E-05   4   0 0  0 0  0 2  1 1
   323  0.6974300689083207E-05   4   0 0  0 0  0 1  2 1
   324  0.1036964688417702E-04   4   0 0  0 0  0 0  3 1
   325  -.5421964754806749E-06   4   0 0  0 0  0 2  0 2
   326  -.6533323571787812E-06   4   0 0  0 0  0 1  1 2
   327  -.5392948486155178E-06   4   0 0  0 0  0 0  2 2
   328  0.2748513036353987E-08   4   0 0  0 0  0 1  0 3
   329  0.2739334187167366E-08   4   0 0  0 0  0 0  1 3
   330  0.3356244171542729E-14   4   0 0  0 0  0 0  0 4
   ----------------------------------------------------
     I  COEFFICIENT            ORDER EXPONENTS
     1  -.5138754527253652E-08   0   0 0  0 0  0 0  0 0
     2  0.9230423836201394E-04   1   1 0  0 0  0 0  0 0
     3  0.2845712285849955E-04   1   0 1  0 0  0 0  0 0
     4  0.2788615002924225E-05   1   0 0  1 0  0 0  0 0
     5  0.3962862010519778E-05   1   0 0  0 1  0 0  0 0
     6   1.000000000000000       1   0 0  0 0  1 0  0 0
     7  0.7474932551020488E-01   1   0 0  0 0  0 1  0 0
     8  -.7474932601220964E-01   1   0 0  0 0  0 0  1 0
     9  0.5020044452266446E-09   1   0 0  0 0  0 0  0 1
    10  -.3354696657511596E-01   2   2 0  0 0  0 0  0 0
    11  0.8547684318509587E-01   2   1 1  0 0  0 0  0 0
    12  -.6823068311629618E-01   2   0 2  0 0  0 0  0 0
    13  0.1570774635702819E-05   2   1 0  1 0  0 0  0 0
    14  0.3365310625610697E-04   2   0 1  1 0  0 0  0 0
    15  -.3792369601609522E-01   2   0 0  2 0  0 0  0 0
    16  0.3364762387679817E-04   2   1 0  0 1  0 0  0 0
    17  0.5119145459182224E-05   2   0 1  0 1  0 0  0 0
    18  -.1035330233929988       2   0 0  1 1  0 0  0 0
    19  -.8261225913307679E-01   2   0 0  0 2  0 0  0 0
    20  -.3837777792587818E-04   2   1 0  0 0  0 1  0 0
    21  -.2627027826390197E-04   2   0 1  0 0  0 1  0 0
    22  -.4260309723259264E-05   2   0 0  1 0  0 1  0 0
    23  -.6129154117246463E-05   2   0 0  0 1  0 1  0 0
    24  0.5343914166644784E-04   2   1 0  0 0  0 0  1 0
    25  0.2084824427962353E-05   2   0 1  0 0  0 0  1 0
    26  -.1476061750874986E-05   2   0 0  1 0  0 0  1 0
    27  -.2172246735839172E-05   2   0 0  0 1  0 0  1 0
    28  -.1506136243175911E-04   2   1 0  0 0  0 0  0 1
    29  -.4271669594107557E-05   2   0 1  0 0  0 0  0 1
    30  0.5736371062792549E-05   2   0 0  1 0  0 0  0 1
    31  0.4338535243279127E-05   2   0 0  0 1  0 0  0 1
    32  -.5615576206078671E-01   2   0 0  0 0  0 2  0 0
    33  0.3756219899688004E-01   2   0 0  0 0  0 1  1 0
    34  0.1859356345044834E-01   2   0 0  0 0  0 0  2 0
    35  -.3855121999126252E-09   2   0 0  0 0  0 1  0 1
    36  0.1144323315983571E-09   2   0 0  0 0  0 0  1 1
    37  -.1154622704721242E-09   2   0 0  0 0  0 0  0 2
    38  0.8685482769320004E-04   3   3 0  0 0  0 0  0 0
    39  -.8693895113741923E-04   3   2 1  0 0  0 0  0 0
    40  -.3577087572626082E-04   3   1 2  0 0  0 0  0 0
    41  0.1865894491454637E-04   3   0 3  0 0  0 0  0 0
    42  0.8731749530179660E-04   3   2 0  1 0  0 0  0 0
    43  -.7999828558520879E-04   3   1 1  1 0  0 0  0 0
    44  -.1124617140587069E-04   3   0 2  1 0  0 0  0 0
    45  0.1358987614320093E-03   3   1 0  2 0  0 0  0 0
    46  -.2246592954314747E-04   3   0 1  2 0  0 0  0 0
    47  0.7177925369193655E-04   3   0 0  3 0  0 0  0 0
    48  -.3767064267863321E-04   3   2 0  0 1  0 0  0 0
    49  -.1201167632298668E-05   3   1 1  0 1  0 0  0 0
    50  0.4771288292055893E-05   3   0 2  0 1  0 0  0 0
    51  0.1719732065806665E-03   3   1 0  1 1  0 0  0 0
    52  0.4763116628107356E-04   3   0 1  1 1  0 0  0 0
    53  0.1095281950631277E-03   3   0 0  2 1  0 0  0 0
    54  0.7070829387600539E-04   3   1 0  0 2  0 0  0 0
    55  0.3291035536158625E-04   3   0 1  0 2  0 0  0 0
    56  0.4347492101575513E-04   3   0 0  1 2  0 0  0 0
    57  0.8363477511651030E-05   3   0 0  0 3  0 0  0 0
    58  0.4922464621548021E-01   3   2 0  0 0  0 1  0 0
    59  -.1238169311301266       3   1 1  0 0  0 1  0 0
    60  0.9898982369929263E-01   3   0 2  0 0  0 1  0 0
    61  -.3123347161934647E-05   3   1 0  1 0  0 1  0 0
    62  -.5052392263984831E-04   3   0 1  1 0  0 1  0 0
    63  0.5797449594412593E-01   3   0 0  2 0  0 1  0 0
    64  -.5049237023843337E-04   3   1 0  0 1  0 1  0 0
    65  -.1024002115376134E-04   3   0 1  0 1  0 1  0 0
    66  0.1599152014671451       3   0 0  1 1  0 1  0 0
    67  0.1277413186731272       3   0 0  0 2  0 1  0 0
    68  0.1573699054831073E-01   3   2 0  0 0  0 0  1 0
    69  -.3849655149126825E-01   3   1 1  0 0  0 0  1 0
    70  0.3088352019866651E-01   3   0 2  0 0  0 0  1 0
    71  -.1550961712857533E-05   3   1 0  1 0  0 0  1 0
    72  -.1692328821922399E-04   3   0 1  1 0  0 0  1 0
    73  0.2011007376738526E-01   3   0 0  2 0  0 0  1 0
    74  -.1690870165683963E-04   3   1 0  0 1  0 0  1 0
    75  -.5118421579365219E-05   3   0 1  0 1  0 0  1 0
    76  0.5653848900841383E-01   3   0 0  1 1  0 0  1 0
    77  0.4525332411456758E-01   3   0 0  0 2  0 0  1 0
    78  -.6496165247723872E-01   3   2 0  0 0  0 0  0 1
    79  0.7683664399107763E-01   3   1 1  0 0  0 0  0 1
    80  0.6588013392966750E-02   3   0 2  0 0  0 0  0 1
    81  0.4680205138405543E-05   3   1 0  1 0  0 0  0 1
    82  0.3378823079980993E-04   3   0 1  1 0  0 0  0 1
    83  -.7808459100172335E-01   3   0 0  2 0  0 0  0 1
    84  0.3377221526161648E-04   3   1 0  0 1  0 0  0 1
    85  0.5111223448351560E-05   3   0 1  0 1  0 0  0 1
    86  -.1129206861915413       3   0 0  1 1  0 0  0 1
    87  -.7770159029562762E-02   3   0 0  0 2  0 0  0 1
    88  0.2574475154076147E-04   3   1 0  0 0  0 2  0 0
    89  0.2474570289071168E-04   3   0 1  0 0  0 2  0 0
    90  0.5420808665701946E-05   3   0 0  1 0  0 2  0 0
    91  0.7852731225567288E-05   3   0 0  0 1  0 2  0 0
    92  -.2553860434229718E-04   3   1 0  0 0  0 1  1 0
    93  -.3052891941475452E-05   3   0 1  0 0  0 1  1 0
    94  0.2323106057158232E-05   3   0 0  1 0  0 1  1 0
    95  0.3450154023269593E-05   3   0 0  0 1  0 1  1 0
    96  -.1266249130156584E-04   3   1 0  0 0  0 0  2 0
    97  -.1477617622832525E-05   3   0 1  0 0  0 0  2 0
    98  0.1164755715199806E-05   3   0 0  1 0  0 0  2 0
    99  0.1729503848748964E-05   3   0 0  0 1  0 0  2 0
   100  0.1242688397374633E-04   3   1 0  0 0  0 1  0 1
   101  0.6102039120767213E-05   3   0 1  0 0  0 1  0 1
   102  -.8904417190456160E-05   3   0 0  1 0  0 1  0 1
   103  -.6897320868166821E-05   3   0 0  0 1  0 1  0 1
   104  -.2575549949895119E-05   3   1 0  0 0  0 0  1 1
   105  0.1838474776168189E-05   3   0 1  0 0  0 0  1 1
   106  -.3176559250086537E-05   3   0 0  1 0  0 0  1 1
   107  -.2564680835229334E-05   3   0 0  0 1  0 0  1 1
   108  0.2605013030705403E-05   3   1 0  0 0  0 0  0 2
   109  0.3014123669954357E-06   3   0 1  0 0  0 0  0 2
   110  0.3172302898174943E-05   3   0 0  1 0  0 0  0 2
   111  0.3924657855735906E-06   3   0 0  0 1  0 0  0 2
   112  0.4681222358755281E-01   3   0 0  0 0  0 3  0 0
   113  -.2812515890163626E-01   3   0 0  0 0  0 2  1 0
   114  -.9437042631049932E-02   3   0 0  0 0  0 1  2 0
   115  -.9250028937784736E-02   3   0 0  0 0  0 0  3 0
   116  -.2964114260400223E-09   3   0 0  0 0  0 2  0 1
   117  -.3735071587914476E-09   3   0 0  0 0  0 1  1 1
   118  -.1863113550048608E-09   3   0 0  0 0  0 0  2 1
   119  0.1017546705088665E-09   3   0 0  0 0  0 1  0 2
   120  0.5677501032670762E-10   3   0 0  0 0  0 0  1 2
   121  0.2520816965646985E-14   3   0 0  0 0  0 0  0 3
   122  -.1131898775178968       4   4 0  0 0  0 0  0 0
   123  -.1756916759006298       4   3 1  0 0  0 0  0 0
   124  0.5785649019921255E-01   4   2 2  0 0  0 0  0 0
   125  0.1235250422770369       4   1 3  0 0  0 0  0 0
   126  -.3883466515816088E-01   4   0 4  0 0  0 0  0 0
   127  0.2903663719591915E-03   4   3 0  1 0  0 0  0 0
   128  0.1295082605927780E-03   4   2 1  1 0  0 0  0 0
   129  -.4716479616873484E-04   4   1 2  1 0  0 0  0 0
   130  0.4349642538608765E-04   4   0 3  1 0  0 0  0 0
   131  -1.041773545771822       4   2 0  2 0  0 0  0 0
   132  -.4031339610403459       4   1 1  2 0  0 0  0 0
   133  0.2098007032279490       4   0 2  2 0  0 0  0 0
   134  -.1075656261724062E-03   4   1 0  3 0  0 0  0 0
   135  0.5451395955578088E-04   4   0 1  3 0  0 0  0 0
   136  -.3696415478380941       4   0 0  4 0  0 0  0 0
   137  0.4853101765120148E-04   4   3 0  0 1  0 0  0 0
   138  0.1702477164842096E-03   4   2 1  0 1  0 0  0 0
   139  0.6136652366467322E-04   4   1 2  0 1  0 0  0 0
   140  0.1359043856459978E-04   4   0 3  0 1  0 0  0 0
   141  -.4480252608708364       4   2 0  1 1  0 0  0 0
   142  -.3897852928110969E-01   4   1 1  1 1  0 0  0 0
   143  -.1208678981129594       4   0 2  1 1  0 0  0 0
   144  0.1476039620126067E-03   4   1 0  2 1  0 0  0 0
   145  0.3464066746742909E-03   4   0 1  2 1  0 0  0 0
   146  -.7090724434214167       4   0 0  3 1  0 0  0 0
   147  -.4007959058441644       4   2 0  0 2  0 0  0 0
   148  0.7333191234032080E-01   4   1 1  0 2  0 0  0 0
   149  -.1158620436810617       4   0 2  0 2  0 0  0 0
   150  0.1290458805326345E-03   4   1 0  1 2  0 0  0 0
   151  0.1196427967473793E-03   4   0 1  1 2  0 0  0 0
   152  -.7825246179978589       4   0 0  2 2  0 0  0 0
   153  0.6292362024834924E-04   4   1 0  0 3  0 0  0 0
   154  0.1745449310244264E-04   4   0 1  0 3  0 0  0 0
   155  -.2801103532894010       4   0 0  1 3  0 0  0 0
   156  -.8244498103103692E-01   4   0 0  0 4  0 0  0 0
   157  -.9687508491571001E-04   4   3 0  0 0  0 1  0 0
   158  0.1152898108097597E-03   4   2 1  0 0  0 1  0 0
   159  0.9973476001494774E-04   4   1 2  0 0  0 1  0 0
   160  -.5096059760280825E-04   4   0 3  0 0  0 1  0 0
   161  -.1144948626028284E-03   4   2 0  1 0  0 1  0 0
   162  0.1753855304088470E-03   4   1 1  1 0  0 1  0 0
   163  -.6652013078727742E-04   4   0 2  1 0  0 1  0 0
   164  -.9877476150150192E-04   4   1 0  2 0  0 1  0 0
   165  0.6152541393418022E-04   4   0 1  2 0  0 1  0 0
   166  -.2402140175191732E-03   4   0 0  3 0  0 1  0 0
   167  -.1692731388781203E-03   4   2 0  0 1  0 1  0 0
   168  0.6231473739972775E-04   4   1 1  0 1  0 1  0 0
   169  -.8846167125029823E-04   4   0 2  0 1  0 1  0 0
   170  -.2008613084545241E-03   4   1 0  1 1  0 1  0 0
   171  -.1101622655478517E-03   4   0 1  1 1  0 1  0 0
   172  -.5567287735951205E-03   4   0 0  2 1  0 1  0 0
   173  -.4942907046650887E-04   4   1 0  0 2  0 1  0 0
   174  -.8693257839792354E-04   4   0 1  0 2  0 1  0 0
   175  -.2733923268883494E-03   4   0 0  1 2  0 1  0 0
   176  -.1243190146213343E-03   4   0 0  0 3  0 1  0 0
   177  -.2264109519164718E-04   4   3 0  0 0  0 0  1 0
   178  0.6349794477374315E-05   4   2 1  0 0  0 0  1 0
   179  0.5911474123073494E-04   4   1 2  0 0  0 0  1 0
   180  -.2394665672060619E-04   4   0 3  0 0  0 0  1 0
   181  -.6093831392838371E-04   4   2 0  1 0  0 0  1 0
   182  0.6137880688587427E-04   4   1 1  1 0  0 0  1 0
   183  -.3777186074169582E-04   4   0 2  1 0  0 0  1 0
   184  -.3026540062670360E-04   4   1 0  2 0  0 0  1 0
   185  0.1396052061078916E-04   4   0 1  2 0  0 0  1 0
   186  -.1309233276542853E-03   4   0 0  3 0  0 0  1 0
   187  -.1033067420568635E-03   4   2 0  0 1  0 0  1 0
   188  0.3610254026540913E-04   4   1 1  0 1  0 0  1 0
   189  -.5327297293604309E-04   4   0 2  0 1  0 0  1 0
   190  -.6136844207077880E-04   4   1 0  1 1  0 0  1 0
   191  -.5804864073632378E-04   4   0 1  1 1  0 0  1 0
   192  -.3075421116545459E-03   4   0 0  2 1  0 0  1 0
   193  -.1028416803547606E-04   4   1 0  0 2  0 0  1 0
   194  -.4563470930472738E-04   4   0 1  0 2  0 0  1 0
   195  -.1759146343552043E-03   4   0 0  1 2  0 0  1 0
   196  -.7805190847917114E-04   4   0 0  0 3  0 0  1 0
   197  0.1152308387584815E-03   4   3 0  0 0  0 0  0 1
   198  -.9501763107498738E-05   4   2 1  0 0  0 0  0 1
   199  -.6867023501429603E-04   4   1 2  0 0  0 0  0 1
   200  -.9958097536003369E-05   4   0 3  0 0  0 0  0 1
   201  0.1050606700448263E-03   4   2 0  1 0  0 0  0 1
   202  -.1287070048240635E-03   4   1 1  1 0  0 0  0 1
   203  0.2787408134928118E-04   4   0 2  1 0  0 0  0 1
   204  0.1192128929841330E-03   4   1 0  2 0  0 0  0 1
   205  -.1750139019687493E-04   4   0 1  2 0  0 0  0 1
   206  0.2597578256216820E-03   4   0 0  3 0  0 0  0 1
   207  0.8083016008971569E-04   4   2 0  0 1  0 0  0 1
   208  -.2301908043592223E-04   4   1 1  0 1  0 0  0 1
   209  -.4600297254426192E-07   4   0 2  0 1  0 0  0 1
   210  0.1215638890858672E-03   4   1 0  1 1  0 0  0 1
   211  0.5815559617638214E-04   4   0 1  1 1  0 0  0 1
   212  0.3694542989427967E-03   4   0 0  2 1  0 0  0 1
   213  -.1694825968671768E-04   4   1 0  0 2  0 0  0 1
   214  0.3064952197291150E-05   4   0 1  0 2  0 0  0 1
   215  0.1228851977149578E-03   4   0 0  1 2  0 0  0 1
   216  0.1209045950630894E-04   4   0 0  0 3  0 0  0 1
   217  -.6046500681026843E-01   4   2 0  0 0  0 2  0 0
   218  0.1504830074650643       4   1 1  0 0  0 2  0 0
   219  -.1205055574001894       4   0 2  0 0  0 2  0 0
   220  0.4681598323888129E-05   4   1 0  1 0  0 2  0 0
   221  0.6321993165576799E-04   4   0 1  1 0  0 2  0 0
   222  -.7358436972309272E-01   4   0 0  2 0  0 2  0 0
   223  0.6321169804937713E-04   4   1 0  0 1  0 2  0 0
   224  0.1534026951640973E-04   4   0 1  0 1  0 2  0 0
   225  -.2046091629229006       4   0 0  1 1  0 2  0 0
   226  -.1636152182815634       4   0 0  0 2  0 2  0 0
   227  -.2251073947356428E-01   4   2 0  0 0  0 1  1 0
   228  0.5341116732451322E-01   4   1 1  0 0  0 1  1 0
   229  -.4309402805417636E-01   4   0 2  0 0  0 1  1 0
   230  0.3112037277772580E-05   4   1 0  1 0  0 1  1 0
   231  0.2543029236414138E-04   4   0 1  1 0  0 1  1 0
   232  -.3124978290886839E-01   4   0 0  2 0  0 1  1 0
   233  0.2544881598338132E-04   4   1 0  0 1  0 1  1 0
   234  0.1021065647292052E-04   4   0 1  0 1  0 1  1 0
   235  -.8946701650298479E-01   4   0 0  1 1  0 1  1 0
   236  -.7181042615030638E-01   4   0 0  0 2  0 1  1 0
   237  -.1129961381598550E-01   4   2 0  0 0  0 0  2 0
   238  0.2682224029711461E-01   4   1 1  0 0  0 0  2 0
   239  -.2163962511346403E-01   4   0 2  0 0  0 0  2 0
   240  0.1555291164010926E-05   4   1 0  1 0  0 0  2 0
   241  0.1275296924270203E-04   4   0 1  1 0  0 0  2 0
   242  -.1566908101872564E-01   4   0 0  2 0  0 0  2 0
   243  0.1276954704359176E-04   4   1 0  0 1  0 0  2 0
   244  0.5102315613277943E-05   4   0 1  0 1  0 0  2 0
   245  -.4484993490155795E-01   4   0 0  1 1  0 0  2 0
   246  -.3599764175630359E-01   4   0 0  0 2  0 0  2 0
   247  0.9421607431851887E-01   4   2 0  0 0  0 1  0 1
   248  -.1067433092652731       4   1 1  0 0  0 1  0 1
   249  -.1286436046315684E-01   4   0 2  0 0  0 1  0 1
   250  -.9342392658173887E-05   4   1 0  1 0  0 1  0 1
   251  -.5084319121593560E-04   4   0 1  1 0  0 1  0 1
   252  0.1204439697972950       4   0 0  2 0  0 1  0 1
   253  -.5084049908959685E-04   4   1 0  0 1  0 1  0 1
   254  -.1021064089672946E-04   4   0 1  0 1  0 1  0 1
   255  0.1788548639688102       4   0 0  1 1  0 1  0 1
   256  0.1581682289432011E-01   4   0 0  0 2  0 1  0 1
   257  0.2937294410585900E-01   4   2 0  0 0  0 0  1 1
   258  -.3006253424292239E-01   4   1 1  0 0  0 0  1 1
   259  -.6277314427128707E-02   4   0 2  0 0  0 0  1 1
   260  -.4662195493824916E-05   4   1 0  1 0  0 0  1 1
   261  -.1711046549797990E-04   4   0 1  1 0  0 0  1 1
   262  0.4247781475436430E-01   4   0 0  2 0  0 0  1 1
   263  -.1712369110900067E-04   4   1 0  0 1  0 0  1 1
   264  -.5099399871277766E-05   4   0 1  0 1  0 0  1 1
   265  0.6608983309554328E-01   4   0 0  1 1  0 0  1 1
   266  0.8045653799334512E-02   4   0 0  0 2  0 0  1 1
   267  -.2931367500944625E-01   4   2 0  0 0  0 0  0 2
   268  -.8433723699577414E-02   4   1 1  0 0  0 0  0 2
   269  -.3111823454799874E-03   4   0 2  0 0  0 0  0 2
   270  0.4658949895387078E-05   4   1 0  1 0  0 0  0 2
   271  0.1971795783361877E-06   4   0 1  1 0  0 0  0 2
   272  -.4241858176369631E-01   4   0 0  2 0  0 0  0 2
   273  0.1978881006618194E-06   4   1 0  0 1  0 0  0 2
   274  -.1306789699686264E-07   4   0 1  0 1  0 0  0 2
   275  -.9551652216372990E-02   4   0 0  1 1  0 0  0 2
   276  -.2759983776618877E-03   4   0 0  0 2  0 0  0 2
   277  -.1036172451284502E-04   4   1 0  0 0  0 3  0 0
   278  -.3657869432525316E-04   4   0 1  0 0  0 3  0 0
   279  -.3596710853980579E-04   4   0 0  1 0  0 3  0 0
   280  -.5840872991047440E-04   4   0 0  0 1  0 3  0 0
   281  0.2173947489026878E-04   4   1 0  0 0  0 2  1 0
   282  -.1131472248737562E-05   4   0 1  0 0  0 2  1 0
   283  -.1731004361490716E-04   4   0 0  1 0  0 2  1 0
   284  -.2816768098695806E-04   4   0 0  0 1  0 2  1 0
   285  0.7552573732347353E-05   4   1 0  0 0  0 1  2 0
   286  -.6189893372660458E-06   4   0 1  0 0  0 1  2 0
   287  -.1069339989997348E-04   4   0 0  1 0  0 1  2 0
   288  -.1741327678964188E-04   4   0 0  0 1  0 1  2 0
   289  0.7192395913298018E-05   4   1 0  0 0  0 0  3 0
   290  -.4357368774410542E-06   4   0 1  0 0  0 0  3 0
   291  -.5792714119774578E-05   4   0 0  1 0  0 0  3 0
   292  -.9425946566214828E-05   4   0 0  0 1  0 0  3 0
   293  -.2213683221157033E-04   4   1 0  0 0  0 2  0 1
   294  -.3625035639769748E-05   4   0 1  0 0  0 2  0 1
   295  0.3267306459375263E-04   4   0 0  1 0  0 2  0 1
   296  0.4920635805787509E-05   4   0 0  0 1  0 2  0 1
   297  -.2491796421915971E-06   4   1 0  0 0  0 1  1 1
   298  -.1688895426781164E-05   4   0 1  0 0  0 1  1 1
   299  0.1545275406483987E-04   4   0 0  1 0  0 1  1 1
   300  0.3991813059113699E-05   4   0 0  0 1  0 1  1 1
   301  -.1608060039874715E-06   4   1 0  0 0  0 0  2 1
   302  -.8462503901488296E-06   4   0 1  0 0  0 0  2 1
   303  0.7742047659056899E-05   4   0 0  1 0  0 0  2 1
   304  0.1994097290305733E-05   4   0 0  0 1  0 0  2 1
   305  -.1059632759726320E-05   4   1 0  0 0  0 1  0 2
   306  -.1748444053199836E-07   4   0 1  0 0  0 1  0 2
   307  -.1400844632035390E-05   4   0 0  1 0  0 1  0 2
   308  -.4611887553723891E-07   4   0 0  0 1  0 1  0 2
   309  -.4177785182821917E-06   4   1 0  0 0  0 0  1 2
   310  -.1279812206288089E-07   4   0 1  0 0  0 0  1 2
   311  -.9686122055493136E-06   4   0 0  1 0  0 0  1 2
   312  -.4443963241483263E-07   4   0 0  0 1  0 0  1 2
   313  -.4610941362109872E-08   4   1 0  0 0  0 0  0 3
   314  0.3654679323953738E-09   4   0 1  0 0  0 0  0 3
   315  0.2747958251379913E-08   4   0 0  1 0  0 0  0 3
   316  -.2518252030999147E-09   4   0 0  0 1  0 0  0 3
   317  -.4096659345829684E-01   4   0 0  0 0  0 4  0 0
   318  0.2342968229769379E-01   4   0 0  0 0  0 3  1 0
   319  0.7043202619541327E-02   4   0 0  0 0  0 2  2 0
   320  0.4741569698130992E-02   4   0 0  0 0  0 1  3 0
   321  0.5752126888019265E-02   4   0 0  0 0  0 0  4 0
   322  0.2456461671982875E-09   4   0 0  0 0  0 3  0 1
   323  0.2177437844983067E-09   4   0 0  0 0  0 2  1 1
   324  0.3019295556096577E-09   4   0 0  0 0  0 1  2 1
   325  0.2200595670875920E-09   4   0 0  0 0  0 0  3 1
   326  -.4978549289303463E-10   4   0 0  0 0  0 2  0 2
   327  0.2452066657146380E-10   4   0 0  0 0  0 1  1 2
   328  0.1729583410214996E-10   4   0 0  0 0  0 0  2 2
   329  -.1659372805219185E-13   4   0 0  0 0  0 1  0 3
   330  -.1403430395609468E-13   4   0 0  0 0  0 0  1 3
   ----------------------------------------------------
     I  COEFFICIENT            ORDER EXPONENTS
     1   1.000000000000000       1   0 0  0 0  0 1  0 0
     --------------------------------------------------
     I  COEFFICIENT            ORDER EXPONENTS
     1   1.000000000000000       1   0 0  0 0  0 0  1 0
     --------------------------------------------------
     I  COEFFICIENT            ORDER EXPONENTS
     1   1.000000000000000       1   0 0  0 0  0 0  0 1
     --------------------------------------------------
