     I  COEFFICIENT            ORDER EXPONENTS
     1  0.8671989391979158       1   1 0  0 0  0 0  0 0
     2  0.8381175675048513       1   0 1  0 0  0 0  0 0
     3  0.1630222371964319       1   0 0  0 0  0 1  0 0
     4  0.1624778131716971       1   0 0  0 0  0 0  1 0
     5  -.3255000503681292       1   0 0  0 0  0 0  0 1
     6  -.3335365896299713E-01   2   2 0  0 0  0 0  0 0
     7  0.6854552842350130       2   1 1  0 0  0 0  0 0
     8  0.1933380931623250       2   0 2  0 0  0 0  0 0
     9  -.2044178514372397E-01   2   0 0  2 0  0 0  0 0
    10  -.7461265633227576       2   0 0  1 1  0 0  0 0
    11  -.5871404294174482       2   0 0  0 2  0 0  0 0
    12  0.2079448543635218       2   1 0  0 0  0 1  0 0
    13  -.2724007781801321       2   0 1  0 0  0 1  0 0
    14  0.2072504081549404       2   1 0  0 0  0 0  1 0
    15  -.2714910769605429       2   0 1  0 0  0 0  1 0
    16  -.4151952625184622       2   1 0  0 0  0 0  0 1
    17  -.2942257123641776       2   0 1  0 0  0 0  0 1
    18  -.1068682545943391       2   0 0  0 0  0 2  0 0
    19  -.5108751406004014E-01   2   0 0  0 0  0 1  1 0
    20  -.1064260555328397       2   0 0  0 0  0 0  2 0
    21  0.1018017860522867       2   0 0  0 0  0 1  0 1
    22  0.1014618119540229       2   0 0  0 0  0 0  1 1
    23  0.6111822618090972E-01   2   0 0  0 0  0 0  0 2
    24  0.1499899684513652       3   3 0  0 0  0 0  0 0
    25  0.6211027889518865       3   2 1  0 0  0 0  0 0
    26  0.7797980904039470       3   1 2  0 0  0 0  0 0
    27  0.6222782585579589       3   0 3  0 0  0 0  0 0
    28  -1.389788771770927       3   1 0  2 0  0 0  0 0
    29  -.6381185343858884       3   0 1  2 0  0 0  0 0
    30  -3.816331867117636       3   1 0  1 1  0 0  0 0
    31  -3.512639338989336       3   0 1  1 1  0 0  0 0
    32  -2.985108057743669       3   1 0  0 2  0 0  0 0
    33  -2.466449382462161       3   0 1  0 2  0 0  0 0
    34  0.1856419175576522       3   2 0  0 0  0 1  0 0
    35  0.4759327101451438E-01   3   1 1  0 0  0 1  0 0
    36  0.1982844693662300       3   0 2  0 0  0 1  0 0
    37  -.3112628173617927       3   0 0  2 0  0 1  0 0
    38  -.2374769982916950       3   0 0  1 1  0 1  0 0
    39  0.2748465061648576       3   0 0  0 2  0 1  0 0
    40  0.1850219535475005       3   2 0  0 0  0 0  1 0
    41  0.4743432999762232E-01   3   1 1  0 0  0 0  1 0
    42  0.1976222846808073       3   0 2  0 0  0 0  1 0
    43  -.3102233336772802       3   0 0  2 0  0 0  1 0
    44  -.2366839274480157       3   0 0  1 1  0 0  1 0
    45  0.2739286372676815       3   0 0  0 2  0 0  1 0
    46  -.3706638711051531       3   2 0  0 0  0 0  0 1
    47  -.7804828852471486       3   1 1  0 0  0 0  0 1
    48  -.7825829403716873       3   0 2  0 0  0 0  0 1
    49  0.6214861510390741       3   0 0  2 0  0 0  0 1
    50   1.220287489062467       3   0 0  1 1  0 0  0 1
    51  0.6255057154023582       3   0 0  0 2  0 0  0 1
    52  -.1203293240314051       3   1 0  0 0  0 2  0 0
    53  0.2210231384462351       3   0 1  0 0  0 2  0 0
    54  -.3329667078243784E-01   3   1 0  0 0  0 1  1 0
    55  0.1699856190576656       3   0 1  0 0  0 1  1 0
    56  -.1198718776736314       3   1 0  0 0  0 0  2 0
    57  0.2200011770445586       3   0 1  0 0  0 0  2 0
    58  0.6601046448172618E-01   3   1 0  0 0  0 1  0 1
    59  -.6723033958987168E-01   3   0 1  0 0  0 1  0 1
    60  0.6579001797475995E-01   3   1 0  0 0  0 0  1 1
    61  -.6700581922569782E-01   3   0 1  0 0  0 0  1 1
    62  0.1416973900309881       3   1 0  0 0  0 0  0 2
    63  0.3613437917719625       3   0 1  0 0  0 0  0 2
    64  0.8611762777663901E-01   3   0 0  0 0  0 3  0 0
    65  0.4463798496010485E-01   3   0 0  0 0  0 2  1 0
    66  0.4484433049087613E-01   3   0 0  0 0  0 1  2 0
    67  0.8561194882836032E-01   3   0 0  0 0  0 0  3 0
    68  -.8925435910134361E-01   3   0 0  0 0  0 2  0 1
    69  -.7678960278188185E-01   3   0 0  0 0  0 1  1 1
    70  -.8882806591027725E-01   3   0 0  0 0  0 0  2 1
    71  0.2584737443999779E-01   3   0 0  0 0  0 1  0 2
    72  0.2576105534719525E-01   3   0 0  0 0  0 0  1 2
    73  -.5794829404967081E-01   3   0 0  0 0  0 0  0 3
    74   6.365926656812112       4   4 0  0 0  0 0  0 0
    75   32.53769750109642       4   3 1  0 0  0 0  0 0
    76   53.92236186677744       4   2 2  0 0  0 0  0 0
    77   40.03317969529996       4   1 3  0 0  0 0  0 0
    78   11.02563124986028       4   0 4  0 0  0 0  0 0
    79  -50.52687064603440       4   2 0  2 0  0 0  0 0
    80  -113.1071490399464       4   1 1  2 0  0 0  0 0
    81  -62.33871708527045       4   0 2  2 0  0 0  0 0
    82   8.282702281988932       4   0 0  4 0  0 0  0 0
    83  -126.5547016462881       4   2 0  1 1  0 0  0 0
    84  -284.6242000731789       4   1 1  1 1  0 0  0 0
    85  -159.9059048863082       4   0 2  1 1  0 0  0 0
    86   32.71326653317337       4   0 0  3 1  0 0  0 0
    87  -79.51551546180374       4   2 0  0 2  0 0  0 0
    88  -179.7462600580404       4   1 1  0 2  0 0  0 0
    89  -101.3803165032360       4   0 2  0 2  0 0  0 0
    90   57.17870277388946       4   0 0  2 2  0 0  0 0
    91   48.68177694729297       4   0 0  1 3  0 0  0 0
    92   15.03974361642199       4   0 0  0 4  0 0  0 0
    93   6.970902516844316       4   3 0  0 0  0 1  0 0
    94   22.80432089331575       4   2 1  0 0  0 1  0 0
    95   25.07423273143723       4   1 2  0 0  0 1  0 0
    96   8.655056962038806       4   0 3  0 0  0 1  0 0
    97  -25.14068942985072       4   1 0  2 0  0 1  0 0
    98  -28.34768337551807       4   0 1  2 0  0 1  0 0
    99  -60.19260398283974       4   1 0  1 1  0 1  0 0
   100  -66.94634862004273       4   0 1  1 1  0 1  0 0
   101  -35.03836831970824       4   1 0  0 2  0 1  0 0
   102  -39.51555345333800       4   0 1  0 2  0 1  0 0
   103   6.947622706252083       4   3 0  0 0  0 0  1 0
   104   22.72816428808449       4   2 1  0 0  0 0  1 0
   105   24.99049559878863       4   1 2  0 0  0 0  1 0
   106   8.626152801314326       4   0 3  0 0  0 0  1 0
   107  -25.05673036046613       4   1 0  2 0  0 0  1 0
   108  -28.25301432827256       4   0 1  2 0  0 0  1 0
   109  -59.99158662298025       4   1 0  1 1  0 0  1 0
   110  -66.72277666333409       4   0 1  1 1  0 0  1 0
   111  -34.92135526781537       4   1 0  0 2  0 0  1 0
   112  -39.38358853235134       4   0 1  0 2  0 0  1 0
   113  -13.92825212159901       4   3 0  0 0  0 0  0 1
   114  -46.15358797035219       4   2 1  0 0  0 0  0 1
   115  -51.62432451103375       4   1 2  0 0  0 0  0 1
   116  -19.14804453902700       4   0 3  0 0  0 0  0 1
   117   50.19741979031686       4   1 0  2 0  0 0  0 1
   118   57.23881623817658       4   0 1  2 0  0 0  0 1
   119   124.0005224729376       4   1 0  1 1  0 0  0 1
   120   140.6944039613556       4   0 1  1 1  0 0  0 1
   121   75.92993970301103       4   1 0  0 2  0 0  0 1
   122   86.29849013307577       4   0 1  0 2  0 0  0 1
   123   2.317584095323350       4   2 0  0 0  0 2  0 0
   124   5.338955723303256       4   1 1  0 0  0 2  0 0
   125   2.623722014137440       4   0 2  0 0  0 2  0 0
   126  -2.900115448975652       4   0 0  2 0  0 2  0 0
   127  -7.070740295866790       4   0 0  1 1  0 2  0 0
   128  -4.657104640526161       4   0 0  0 2  0 2  0 0
   129   4.804092786168580       4   2 0  0 0  0 1  1 0
   130   10.68952774334198       4   1 1  0 0  0 1  1 0
   131   5.426882137790205       4   0 2  0 0  0 1  1 0
   132  -6.090047947535371       4   0 0  2 0  0 1  1 0
   133  -14.33014764534617       4   0 0  1 1  0 1  1 0
   134  -9.010090001958940       4   0 0  0 2  0 1  1 0
   135   2.301822563216145       4   2 0  0 0  0 0  2 0
   136   5.303276703550717       4   1 1  0 0  0 0  2 0
   137   2.605898189263591       4   0 2  0 0  0 0  2 0
   138  -2.880261245108731       4   0 0  2 0  0 0  2 0
   139  -7.023198811029637       4   0 0  1 1  0 0  2 0
   140  -4.626507008762335       4   0 0  0 2  0 0  2 0
   141  -9.624902894372944       4   2 0  0 0  0 1  0 1
   142  -21.46262573197749       4   1 1  0 0  0 1  0 1
   143  -11.26917957416378       4   0 2  0 0  0 1  0 1
   144   12.20154166284847       4   0 0  2 0  0 1  0 1
   145   28.94658223366316       4   0 0  1 1  0 1  0 1
   146   17.49975976451670       4   0 0  0 2  0 1  0 1
   147  -9.592759866148377       4   2 0  0 0  0 0  1 1
   148  -21.39094981043863       4   1 1  0 0  0 0  1 1
   149  -11.23154537035984       4   0 2  0 0  0 0  1 1
   150   12.16079377143009       4   0 0  2 0  0 0  1 1
   151   28.84991312230149       4   0 0  1 1  0 0  1 1
   152   17.44131810768058       4   0 0  0 2  0 0  1 1
   153   9.794163315813233       4   2 0  0 0  0 0  0 2
   154   22.20727065645524       4   1 1  0 0  0 0  0 2
   155   12.42423688281932       4   0 2  0 0  0 0  0 2
   156  -12.49191079265884       4   0 0  2 0  0 0  0 2
   157  -30.11853516704479       4   0 0  1 1  0 0  0 2
   158  -18.40879750920218       4   0 0  0 2  0 0  0 2
   159  0.4783107107813092       4   1 0  0 0  0 3  0 0
   160  0.2097528577668073       4   0 1  0 0  0 3  0 0
   161   1.190396321997622       4   1 0  0 0  0 2  1 0
   162   1.067159474906939       4   0 1  0 0  0 2  1 0
   163   1.186821231650569       4   1 0  0 0  0 1  2 0
   164   1.062860912976573       4   0 1  0 0  0 1  2 0
   165  0.4739336248862606       4   1 0  0 0  0 0  3 0
   166  0.2069261598983945       4   0 1  0 0  0 0  3 0
   167  -2.384669806278739       4   1 0  0 0  0 2  0 1
   168  -2.359487463546068       4   0 1  0 0  0 2  0 1
   169  -4.687841765731513       4   1 0  0 0  0 1  1 1
   170  -4.769997632940020       4   0 1  0 0  0 1  1 1
   171  -2.368878350962087       4   1 0  0 0  0 0  2 1
   172  -2.343642923805435       4   0 1  0 0  0 0  2 1
   173   4.662580224662765       4   1 0  0 0  0 1  0 2
   174   4.845331789400893       4   0 1  0 0  0 1  0 2
   175   4.647009215853087       4   1 0  0 0  0 0  1 2
   176   4.829150469113999       4   0 1  0 0  0 0  1 2
   177  -3.197661406859278       4   1 0  0 0  0 0  0 3
   178  -3.586171211276925       4   0 1  0 0  0 0  0 3
   179  -.5330279120650105E-01   4   0 0  0 0  0 4  0 0
   180  0.4484189298108859E-01   4   0 0  0 0  0 3  1 0
   181  0.8913290649436612E-01   4   0 0  0 0  0 2  2 0
   182  0.4403939706128490E-01   4   0 0  0 0  0 1  3 0
   183  -.5302145024457550E-01   4   0 0  0 0  0 0  4 0
   184  -.8998361148500156E-01   4   0 0  0 0  0 3  0 1
   185  -.4467054468123137       4   0 0  0 0  0 2  1 1
   186  -.4449169956452157       4   0 0  0 0  0 1  2 1
   187  -.8878944256806398E-01   4   0 0  0 0  0 0  3 1
   188  0.4922096792856743       4   0 0  0 0  0 2  0 2
   189   1.006806846630352       4   0 0  0 0  0 1  1 2
   190  0.4888847605401199       4   0 0  0 0  0 0  2 2
   191  -.6895894428405640       4   0 0  0 0  0 1  0 3
   192  -.6872865112507267       4   0 0  0 0  0 0  1 3
   193  0.3876802090600759       4   0 0  0 0  0 0  0 4
   ----------------------------------------------------
     I  COEFFICIENT            ORDER EXPONENTS
     1  -.2477226312048796       1   1 0  0 0  0 0  0 0
     2  0.9137226478293411       1   0 1  0 0  0 0  0 0
     3  0.3740868475769146       1   0 0  0 0  0 1  0 0
     4  0.3728375587028277       1   0 0  0 0  0 0  1 0
     5  -.7469244062797424       1   0 0  0 0  0 0  0 1
     6  -2.565911941335053       2   2 0  0 0  0 0  0 0
     7  -5.085249012066880       2   1 1  0 0  0 0  0 0
     8  -2.873701042780164       2   0 2  0 0  0 0  0 0
     9   2.467459957221096       2   0 0  2 0  0 0  0 0
    10   5.814153627566168       2   0 0  1 1  0 0  0 0
    11   2.803141858677983       2   0 0  0 2  0 0  0 0
    12  -.9853639742832325       2   1 0  0 0  0 1  0 0
    13  -1.093607129560245       2   0 1  0 0  0 1  0 0
    14  -.9820732832098320       2   1 0  0 0  0 0  1 0
    15  -1.089954952991005       2   0 1  0 0  0 0  1 0
    16   1.719714626288185       2   1 0  0 0  0 0  0 1
    17   2.183562082551250       2   0 1  0 0  0 0  0 1
    18  -.2121031127033786       2   0 0  0 0  0 2  0 0
    19  -.5119711749228098E-01   2   0 0  0 0  0 1  1 0
    20  -.2113092915481652       2   0 0  0 0  0 0  2 0
    21  0.4754033428990382       2   0 0  0 0  0 1  0 1
    22  0.4738157005886114       2   0 0  0 0  0 0  1 1
    23  -.4746095217438250       2   0 0  0 0  0 0  0 2
    24   28.64094175981710       3   3 0  0 0  0 0  0 0
    25   77.94239387165948       3   2 1  0 0  0 0  0 0
    26   73.08625903055929       3   1 2  0 0  0 0  0 0
    27   23.85194479424377       3   0 3  0 0  0 0  0 0
    28   12.75630703698803       3   1 0  2 0  0 0  0 0
    29   10.00295099334874       3   0 1  2 0  0 0  0 0
    30   38.71087601188310       3   1 0  1 1  0 0  0 0
    31   36.01876217035542       3   0 1  1 1  0 0  0 0
    32   26.23933553430444       3   1 0  0 2  0 0  0 0
    33   26.15987112312925       3   0 1  0 2  0 0  0 0
    34   14.62961570092137       3   2 0  0 0  0 1  0 0
    35   29.84162450157162       3   1 1  0 0  0 1  0 0
    36   16.03901527546962       3   0 2  0 0  0 1  0 0
    37   3.664375399183494       3   0 0  2 0  0 1  0 0
    38   6.161816520725820       3   0 0  1 1  0 1  0 0
    39   2.497315000769513       3   0 0  0 2  0 1  0 0
    40   14.58075908849112       3   2 0  0 0  0 0  1 0
    41   29.74196633471557       3   1 1  0 0  0 0  1 0
    42   15.98545187578119       3   0 2  0 0  0 0  1 0
    43   3.652137964356983       3   0 0  2 0  0 0  1 0
    44   6.141238708719422       3   0 0  1 1  0 0  1 0
    45   2.488975044778653       3   0 0  0 2  0 0  1 0
    46  -31.77628673074758       3   2 0  0 0  0 0  0 1
    47  -59.58359083628723       3   1 1  0 0  0 0  0 1
    48  -29.15076610847066       3   0 2  0 0  0 0  0 1
    49  -4.849053406319383       3   0 0  2 0  0 0  0 1
    50  -12.30305522944526       3   0 0  1 1  0 0  0 1
    51  -7.789431904226142       3   0 0  0 2  0 0  0 1
    52   3.308298130521862       3   1 0  0 0  0 2  0 0
    53   3.832755916942348       3   0 1  0 0  0 2  0 0
    54   5.615706099046021       3   1 0  0 0  0 1  1 0
    55   6.553597354368145       3   0 1  0 0  0 1  1 0
    56   3.287872821075800       3   1 0  0 0  0 0  2 0
    57   3.809013068158213       3   0 1  0 0  0 0  2 0
    58  -12.23230236008975       3   1 0  0 0  0 1  0 1
    59  -13.12550205869260       3   0 1  0 0  0 1  0 1
    60  -12.19145174119763       3   1 0  0 0  0 0  1 1
    61  -13.08166853769357       3   0 1  0 0  0 0  1 1
    62   12.21187705064370       3   1 0  0 0  0 0  0 2
    63   12.01180425691747       3   0 1  0 0  0 0  0 2
    64  0.3757677953159804       3   0 0  0 0  0 3  0 0
    65  0.7009200953060051       3   0 0  0 0  0 2  1 0
    66  0.6992850061984113       3   0 0  0 0  0 1  2 0
    67  0.3727189715810482       3   0 0  0 0  0 0  3 0
    68  -1.616120368550569       3   0 0  0 0  0 2  0 1
    69  -2.749213085516554       3   0 0  0 0  0 1  1 1
    70  -1.606132629393391       3   0 0  0 0  0 0  2 1
    71   2.753025239859328       3   0 0  0 0  0 1  0 2
    72   2.743831321857364       3   0 0  0 0  0 0  1 2
    73  -1.674082346657624       3   0 0  0 0  0 0  0 3
    74  -1.641390248633584       4   4 0  0 0  0 0  0 0
    75   30.40432679029195       4   3 1  0 0  0 0  0 0
    76   31.52822637312687       4   2 2  0 0  0 0  0 0
    77  -25.71352671359944       4   1 3  0 0  0 0  0 0
    78  -27.34507799583827       4   0 4  0 0  0 0  0 0
    79   350.9905809135810       4   2 0  2 0  0 0  0 0
    80   800.5053029431820       4   1 1  2 0  0 0  0 0
    81   446.9019017125681       4   0 2  2 0  0 0  0 0
    82  -67.28862124912433       4   0 0  4 0  0 0  0 0
    83   853.9593158936214       4   2 0  1 1  0 0  0 0
    84   1982.337771077604       4   1 1  1 1  0 0  0 0
    85   1123.386374099040       4   0 2  1 1  0 0  0 0
    86  -277.4830673948402       4   0 0  3 1  0 0  0 0
    87   547.2658087435238       4   2 0  0 2  0 0  0 0
    88   1273.947929982397       4   1 1  0 2  0 0  0 0
    89   725.0735922790833       4   0 2  0 2  0 0  0 0
    90  -506.3622470040008       4   0 0  2 2  0 0  0 0
    91  -431.0537281091384       4   0 0  1 3  0 0  0 0
    92  -135.0845652773414       4   0 0  0 4  0 0  0 0
    93   5.706306833387949       4   3 0  0 0  0 1  0 0
    94  -30.50349581775635       4   2 1  0 0  0 1  0 0
    95  -94.96803182710242       4   1 2  0 0  0 1  0 0
    96  -60.31091910452667       4   0 3  0 0  0 1  0 0
    97   190.0546330448554       4   1 0  2 0  0 1  0 0
    98   207.6386118298161       4   0 1  2 0  0 1  0 0
    99   438.8196671325858       4   1 0  1 1  0 1  0 0
   100   482.5011389283386       4   0 1  1 1  0 1  0 0
   101   258.9159033945871       4   1 0  0 2  0 1  0 0
   102   284.1492488641435       4   0 1  0 2  0 1  0 0
   103   5.687250227454726       4   3 0  0 0  0 0  1 0
   104  -30.40162728590954       4   2 1  0 0  0 0  1 0
   105  -94.65087952323493       4   1 2  0 0  0 0  1 0
   106  -60.10950662314359       4   0 3  0 0  0 0  1 0
   107   189.4199324664484       4   1 0  2 0  0 0  1 0
   108   206.9451883393353       4   0 1  2 0  0 0  1 0
   109   437.3541985350392       4   1 0  1 1  0 0  1 0
   110   480.8897930376676       4   0 1  1 1  0 0  1 0
   111   258.0512358460480       4   1 0  0 2  0 0  1 0
   112   283.2003128149740       4   0 1  0 2  0 0  1 0
   113  -14.80814990869406       4   3 0  0 0  0 0  0 1
   114  -32.00580352119545       4   2 1  0 0  0 0  0 1
   115   26.73747811272239       4   1 2  0 0  0 0  0 1
   116   43.78856679699243       4   0 3  0 0  0 0  0 1
   117  -366.7182584743160       4   1 0  2 0  0 0  0 1
   118  -414.5838001691516       4   0 1  2 0  0 0  0 1
   119  -876.1738656676250       4   1 0  1 1  0 0  0 1
   120  -999.4096941363607       4   0 1  1 1  0 0  0 1
   121  -543.2064747749398       4   1 0  0 2  0 0  0 1
   122  -619.6693039253761       4   0 1  0 2  0 0  0 1
   123  -11.30337078379738       4   2 0  0 0  0 2  0 0
   124  -43.29369500857639       4   1 1  0 0  0 2  0 0
   125  -35.03520354594680       4   0 2  0 0  0 2  0 0
   126   21.76281976940686       4   0 0  2 0  0 2  0 0
   127   49.39146868626846       4   0 0  1 1  0 2  0 0
   128   29.22338579701874       4   0 0  0 2  0 2  0 0
   129  -7.999179156079308       4   2 0  0 0  0 1  1 0
   130  -56.65558446245605       4   1 1  0 0  0 1  1 0
   131  -53.90433477130229       4   0 2  0 0  0 1  1 0
   132   47.02022405556730       4   0 0  2 0  0 1  1 0
   133   104.5737745457571       4   0 0  1 1  0 1  1 0
   134   60.73224750271144       4   0 0  0 2  0 1  1 0
   135  -11.25226549034889       4   2 0  0 0  0 0  2 0
   136  -43.05451010342988       4   1 1  0 0  0 0  2 0
   137  -34.82819243785696       4   0 2  0 0  0 0  2 0
   138   21.61162768564916       4   0 0  2 0  0 0  2 0
   139   49.05190679132890       4   0 0  1 1  0 0  2 0
   140   29.02438251269250       4   0 0  0 2  0 0  2 0
   141   12.53381758965793       4   2 0  0 0  0 1  0 1
   142   78.46923363484223       4   1 1  0 0  0 1  0 1
   143   75.01637448641031       4   0 2  0 0  0 1  0 1
   144  -90.54586359438103       4   0 0  2 0  0 1  0 1
   145  -209.5185284390198       4   0 0  1 1  0 1  0 1
   146  -124.1736490982880       4   0 0  0 2  0 1  0 1
   147   12.49196003982415       4   2 0  0 0  0 0  1 1
   148   78.20718020748144       4   1 1  0 0  0 0  1 1
   149   74.76585212074244       4   0 2  0 0  0 0  1 1
   150  -90.24347942686560       4   0 0  2 0  0 0  1 1
   151  -208.8188268371343       4   0 0  1 1  0 0  1 1
   152  -123.7589626176539       4   0 0  0 2  0 0  1 1
   153   5.529037800743509       4   2 0  0 0  0 0  0 2
   154  -13.67262426786127       4   1 1  0 0  0 0  0 2
   155  -28.88819689482669       4   0 2  0 0  0 0  0 2
   156   90.39467151062333       4   0 0  2 0  0 0  0 2
   157   215.3202052527998       4   0 0  1 1  0 0  0 2
   158   131.7557377621970       4   0 0  0 2  0 0  0 2
   159  -5.243302764975782       4   1 0  0 0  0 3  0 0
   160  -7.992484546375283       4   0 1  0 0  0 3  0 0
   161  -9.101631537205828       4   1 0  0 0  0 2  1 0
   162  -16.27935313971884       4   0 1  0 0  0 2  1 0
   163  -9.082216088286053       4   1 0  0 0  0 1  2 0
   164  -16.23770757744262       4   0 1  0 0  0 1  2 0
   165  -5.201890295130263       4   1 0  0 0  0 0  3 0
   166  -7.925355280923046       4   0 1  0 0  0 0  3 0
   167   18.12591895295010       4   1 0  0 0  0 2  0 1
   168   29.30790084767203       4   0 1  0 0  0 2  0 1
   169   23.98003484271283       4   1 0  0 0  0 1  1 1
   170   45.38206877390241       4   0 1  0 0  0 1  1 1
   171   18.02534470264211       4   1 0  0 0  0 0  2 1
   172   29.13424681071844       4   0 1  0 0  0 0  2 1
   173  -17.21648529098793       4   1 0  0 0  0 1  0 2
   174  -32.31761010280053       4   0 1  0 0  0 1  0 2
   175  -17.15898964882828       4   1 0  0 0  0 0  1 2
   176  -32.20968321095705       4   0 1  0 0  0 0  1 2
   177   2.873217127109132       4   1 0  0 0  0 0  0 3
   178   9.137977425924486       4   0 1  0 0  0 0  0 3
   179  -.6865438197080114       4   0 0  0 0  0 4  0 0
   180  -1.615806329432489       4   0 0  0 0  0 3  1 0
   181  -2.068660997316691       4   0 0  0 0  0 2  2 0
   182  -1.608062993284069       4   0 0  0 0  0 1  3 0
   183  -.6792788770707368       4   0 0  0 0  0 0  4 0
   184   3.397561703191672       4   0 0  0 0  0 3  0 1
   185   6.946380674626498       4   0 0  0 0  0 2  1 1
   186   6.928546547308237       4   0 0  0 0  0 1  2 1
   187   3.368981954804768       4   0 0  0 0  0 0  3 1
   188  -6.315825993042659       4   0 0  0 0  0 2  0 2
   189  -9.854799603945308       4   0 0  0 0  0 1  1 2
   190  -6.278278463677385       4   0 0  0 0  0 0  2 2
   191   4.811437838941345       4   0 0  0 0  0 1  0 3
   192   4.795369709843829       4   0 0  0 0  0 0  1 3
   193  -1.141021351238997       4   0 0  0 0  0 0  0 4
   ----------------------------------------------------
     I  COEFFICIENT            ORDER EXPONENTS
     1  0.8738977859583825       1   0 0  1 0  0 0  0 0
     2  0.9351188410334843       1   0 0  0 1  0 0  0 0
     3  -.2283562504777958       2   1 0  1 0  0 0  0 0
     4  -.9241198482412146       2   0 1  1 0  0 0  0 0
     5  0.5775171725057888       2   1 0  0 1  0 0  0 0
     6  0.1849407890446044       2   0 1  0 1  0 0  0 0
     7  0.2396588866011401E-01   2   0 0  1 0  0 1  0 0
     8  -.4628424493486502       2   0 0  0 1  0 1  0 0
     9  0.2388585291906981E-01   2   0 0  1 0  0 0  1 0
    10  -.4612967550100983       2   0 0  0 1  0 0  1 0
    11  -.4785174157918348E-01   2   0 0  1 0  0 0  0 1
    12  -.1097963667473589E-01   2   0 0  0 1  0 0  0 1
    13  -.5989852237322166       3   2 0  1 0  0 0  0 0
    14  -1.933685731237677       3   1 1  1 0  0 0  0 0
    15  -1.244785131536895       3   0 2  1 0  0 0  0 0
    16  -2.696744933615249       3   0 0  3 0  0 0  0 0
    17  -.9033511248812687       3   2 0  0 1  0 0  0 0
    18  -2.241846668147819       3   1 1  0 1  0 0  0 0
    19  -.8411445413249501       3   0 2  0 1  0 0  0 0
    20  0.9119084241131672       3   0 0  2 1  0 0  0 0
    21   1.593510014296563       3   0 0  1 2  0 0  0 0
    22   1.172359500041753       3   0 0  0 3  0 0  0 0
    23  -.2737316592549885       3   1 0  1 0  0 1  0 0
    24  0.4398598633878712       3   0 1  1 0  0 1  0 0
    25  -.7378435025793436       3   1 0  0 1  0 1  0 0
    26  -.5356525354581180       3   0 1  0 1  0 1  0 0
    27  -.2728175134660966       3   1 0  1 0  0 0  1 0
    28  0.4383909209830605       3   0 1  1 0  0 0  1 0
    29  -.7353794232230114       3   1 0  0 1  0 0  1 0
    30  -.5338636868063711       3   0 1  0 1  0 0  1 0
    31  0.5465491727210856       3   1 0  1 0  0 0  0 1
    32  0.4586906387028300E-01   3   0 1  1 0  0 0  0 1
    33  0.8957057532965669       3   1 0  0 1  0 0  0 1
    34  0.6996346441752794       3   0 1  0 1  0 0  0 1
    35  -.5399152406447688E-01   3   0 0  1 0  0 2  0 0
    36  0.3150819617344827       3   0 0  0 1  0 2  0 0
    37  -.8381634681599320E-01   3   0 0  1 0  0 1  1 0
    38  0.1683032248823397       3   0 0  0 1  0 1  1 0
    39  -.5367126039881570E-01   3   0 0  1 0  0 0  2 0
    40  0.3137486936294686       3   0 0  0 1  0 0  2 0
    41  0.1678335062848329       3   0 0  1 0  0 1  0 1
    42  0.1272177503459948       3   0 0  0 1  0 1  0 1
    43  0.1672730146945547       3   0 0  1 0  0 0  1 1
    44  0.1267928978789198       3   0 0  0 1  0 0  1 1
    45  -.1436273897001019       3   0 0  1 0  0 0  0 2
    46  -.1160256874377218       3   0 0  0 1  0 0  0 2
    47  -30.35163175054299       4   3 0  1 0  0 0  0 0
    48  -101.3201028671333       4   2 1  1 0  0 0  0 0
    49  -112.2154623433340       4   1 2  1 0  0 0  0 0
    50  -41.72905113946925       4   0 3  1 0  0 0  0 0
    51   31.79045309432279       4   1 0  3 0  0 0  0 0
    52   34.04912573453424       4   0 1  3 0  0 0  0 0
    53  -36.54156757728502       4   3 0  0 1  0 0  0 0
    54  -123.4570371395814       4   2 1  0 1  0 0  0 0
    55  -137.3376750979963       4   1 2  0 1  0 0  0 0
    56  -50.57050485924213       4   0 3  0 1  0 0  0 0
    57   124.0185163117521       4   1 0  2 1  0 0  0 0
    58   139.0866744876092       4   0 1  2 1  0 0  0 0
    59   158.1614102303324       4   1 0  1 2  0 0  0 0
    60   174.8266274459147       4   0 1  1 2  0 0  0 0
    61   66.29038160406560       4   1 0  0 3  0 0  0 0
    62   73.36179969822092       4   0 1  0 3  0 0  0 0
    63  -21.95625782113476       4   2 0  1 0  0 1  0 0
    64  -47.44497731662543       4   1 1  1 0  0 1  0 0
    65  -25.43544675798275       4   0 2  1 0  0 1  0 0
    66   11.21126773283474       4   0 0  3 0  0 1  0 0
    67  -26.03822372955233       4   2 0  0 1  0 1  0 0
    68  -56.47708578398721       4   1 1  0 1  0 1  0 0
    69  -31.22294840579526       4   0 2  0 1  0 1  0 0
    70   30.85985940614681       4   0 0  2 1  0 1  0 0
    71   36.65251415279226       4   0 0  1 2  0 1  0 0
    72   13.85534309462446       4   0 0  0 3  0 1  0 0
    73  -21.88293338112785       4   2 0  1 0  0 0  1 0
    74  -47.28653153678343       4   1 1  1 0  0 0  1 0
    75  -25.35050332613534       4   0 2  1 0  0 0  1 0
    76   11.17382692962618       4   0 0  3 0  0 0  1 0
    77  -25.95126728236096       4   2 0  0 1  0 0  1 0
    78  -56.28847665386732       4   1 1  0 1  0 0  1 0
    79  -31.11867721232193       4   0 2  0 1  0 0  1 0
    80   30.75680077347448       4   0 0  2 1  0 0  1 0
    81   36.53011054936439       4   0 0  1 2  0 0  1 0
    82   13.80907221905940       4   0 0  0 3  0 0  1 0
    83   43.83919120226263       4   2 0  1 0  0 0  0 1
    84   96.66519458464651       4   1 1  1 0  0 0  0 1
    85   53.27552034719190       4   0 2  1 0  0 0  0 1
    86  -22.38509466246092       4   0 0  3 0  0 0  0 1
    87   52.89284213679457       4   2 0  0 1  0 0  0 1
    88   117.2492557741501       4   1 1  0 1  0 0  0 1
    89   64.86505924209206       4   0 2  0 1  0 0  0 1
    90  -62.52856860373447       4   0 0  2 1  0 0  0 1
    91  -76.36964473074980       4   0 0  1 2  0 0  0 1
    92  -31.18149381380912       4   0 0  0 3  0 0  0 1
    93  -5.029562804908893       4   1 0  1 0  0 2  0 0
    94  -6.075413359411991       4   0 1  1 0  0 2  0 0
    95  -5.466686812168955       4   1 0  0 1  0 2  0 0
    96  -6.116255659585775       4   0 1  0 1  0 2  0 0
    97  -10.29743888536368       4   1 0  1 0  0 1  1 0
    98  -11.67332130925232       4   0 1  1 0  0 1  1 0
    99  -11.62978444053503       4   1 0  0 1  0 1  1 0
   100  -12.72374081458443       4   0 1  0 1  0 1  1 0
   101  -4.995571728099881       4   1 0  1 0  0 0  2 0
   102  -6.035632165206884       4   0 1  1 0  0 0  2 0
   103  -5.429011199517392       4   1 0  0 1  0 0  2 0
   104  -6.074584095440251       4   0 1  0 1  0 0  2 0
   105   20.63029615443646       4   1 0  1 0  0 1  0 1
   106   22.94442830130055       4   0 1  1 0  0 1  0 1
   107   24.03884507003162       4   1 0  0 1  0 1  0 1
   108   26.56320974013034       4   0 1  0 1  0 1  0 1
   109   20.56139985502956       4   1 0  1 0  0 0  1 1
   110   22.86780379769997       4   0 1  1 0  0 0  1 1
   111   23.95856568601585       4   1 0  0 1  0 0  1 1
   112   26.47450006588399       4   0 1  0 1  0 0  1 1
   113  -20.86912259109356       4   1 0  1 0  0 0  0 2
   114  -22.95198511337055       4   0 1  1 0  0 0  0 2
   115  -24.89441113132033       4   1 0  0 1  0 0  0 2
   116  -27.56830686927013       4   0 1  0 1  0 0  0 2
   117  -.3411154276822894       4   0 0  1 0  0 3  0 0
   118  -.7159189794089718       4   0 0  0 1  0 3  0 0
   119  -1.127271268226689       4   0 0  1 0  0 2  1 0
   120  -1.513086968278826       4   0 0  0 1  0 2  1 0
   121  -1.123327429058049       4   0 0  1 0  0 1  2 0
   122  -1.509081695245330       4   0 0  0 1  0 1  2 0
   123  -.3375306521541075       4   0 0  1 0  0 0  3 0
   124  -.7098146096788691       4   0 0  0 1  0 0  3 0
   125   2.258600599402514       4   0 0  1 0  0 2  0 1
   126   2.715598021302292       4   0 0  0 1  0 2  0 1
   127   4.668830088201466       4   0 0  1 0  0 1  1 1
   128   5.539427652401292       4   0 0  0 1  0 1  1 1
   129   2.243261906318005       4   0 0  1 0  0 0  2 1
   130   2.697279443393532       4   0 0  0 1  0 0  2 1
   131  -4.760849149788083       4   0 0  1 0  0 1  0 2
   132  -5.676138473021931       4   0 0  0 1  0 1  0 2
   133  -4.744949965113292       4   0 0  1 0  0 0  1 2
   134  -5.657182616412557       4   0 0  0 1  0 0  1 2
   135   3.264351298100525       4   0 0  1 0  0 0  0 3
   136   3.893799383915885       4   0 0  0 1  0 0  0 3
   ----------------------------------------------------
     I  COEFFICIENT            ORDER EXPONENTS
     1  -.3000433969528372       1   0 0  1 0  0 0  0 0
     2  0.8232355979627225       1   0 0  0 1  0 0  0 0
     3   4.794714836373268       2   1 0  1 0  0 0  0 0
     4   4.897850016260646       2   0 1  1 0  0 0  0 0
     5   5.147442908444614       2   1 0  0 1  0 0  0 0
     6   6.048018439828386       2   0 1  0 1  0 0  0 0
     7   1.208956409634183       2   0 0  1 0  0 1  0 0
     8   1.429985502635063       2   0 0  0 1  0 1  0 0
     9   1.204919016174363       2   0 0  1 0  0 0  1 0
    10   1.425209967247709       2   0 0  0 1  0 0  1 0
    11  -2.713918822761383       2   0 0  1 0  0 0  0 1
    12  -2.855195469882773       2   0 0  0 1  0 0  0 1
    13   10.30096263651365       3   2 0  1 0  0 0  0 0
    14   23.41578645599923       3   1 1  1 0  0 0  0 0
    15   9.286257119756662       3   0 2  1 0  0 0  0 0
    16  -7.399292066085559       3   0 0  3 0  0 0  0 0
    17   16.41067855298014       3   2 0  0 1  0 0  0 0
    18   38.92258529645945       3   1 1  0 1  0 0  0 0
    19   18.83033883580928       3   0 2  0 1  0 0  0 0
    20  -20.23488496531795       3   0 0  2 1  0 0  0 0
    21  -26.10090924079508       3   0 0  1 2  0 0  0 0
    22  -11.18188829862554       3   0 0  0 3  0 0  0 0
    23   6.820345999536947       3   1 0  1 0  0 1  0 0
    24   3.434904843728435       3   0 1  1 0  0 1  0 0
    25   6.301358651807653       3   1 0  0 1  0 1  0 0
    26   2.453192216446919       3   0 1  0 1  0 1  0 0
    27   6.797568982836592       3   1 0  1 0  0 0  1 0
    28   3.423433741676568       3   0 1  1 0  0 0  1 0
    29   6.280314829213184       3   1 0  0 1  0 0  1 0
    30   2.444999611542864       3   0 1  0 1  0 0  1 0
    31  -8.823200146000271       3   1 0  1 0  0 0  0 1
    32  -6.858338585405010       3   0 1  1 0  0 0  0 1
    33  -12.58167348102084       3   1 0  0 1  0 0  0 1
    34  -10.94621026781817       3   0 1  0 1  0 0  0 1
    35  -.1020351532257636       3   0 0  1 0  0 2  0 0
    36  -.8460173981296064       3   0 0  0 1  0 2  0 0
    37  0.9975063063055555       3   0 0  1 0  0 1  1 0
    38  -.2659337490594199       3   0 0  0 1  0 1  1 0
    39  -.1033600203967663       3   0 0  1 0  0 0  2 0
    40  -.8427480125105675       3   0 0  0 1  0 0  2 0
    41  -.7934359998540269       3   0 0  1 0  0 1  0 1
    42  0.5279830426835703       3   0 0  0 1  0 1  0 1
    43  -.7907862655120214       3   0 0  1 0  0 0  1 1
    44  0.5262198068328471       3   0 0  0 1  0 0  1 1
    45  0.7921111326830249       3   0 0  1 0  0 0  0 2
    46  0.9004963101831789       3   0 0  0 1  0 0  0 2
    47   195.6971493634108       4   3 0  1 0  0 0  0 0
    48   693.6536440682966       4   2 1  1 0  0 0  0 0
    49   794.1203354603086       4   1 2  1 0  0 0  0 0
    50   299.6716778247036       4   0 3  1 0  0 0  0 0
    51  -249.4074031544434       4   1 0  3 0  0 0  0 0
    52  -266.6546223648884       4   0 1  3 0  0 0  0 0
    53   260.2124526922171       4   3 0  0 1  0 0  0 0
    54   923.4327422913068       4   2 1  0 1  0 0  0 0
    55   1063.323131028665       4   1 2  0 1  0 0  0 0
    56   403.1162514762461       4   0 3  0 1  0 0  0 0
    57  -919.9331723374413       4   1 0  2 1  0 0  0 0
    58  -987.6976592395874       4   0 1  2 1  0 0  0 0
    59  -1192.795110172555       4   1 0  1 2  0 0  0 0
    60  -1295.499520850896       4   0 1  1 2  0 0  0 0
    61  -509.7339259142268       4   1 0  0 3  0 0  0 0
    62  -556.6337406019722       4   0 1  0 3  0 0  0 0
    63   161.7137915411205       4   2 0  1 0  0 1  0 0
    64   358.8774586790636       4   1 1  1 0  0 1  0 0
    65   200.3173057607596       4   0 2  1 0  0 1  0 0
    66  -61.75204918201297       4   0 0  3 0  0 1  0 0
    67   200.2086348039591       4   2 0  0 1  0 1  0 0
    68   437.9447863709672       4   1 1  0 1  0 1  0 0
    69   241.7448859567200       4   0 2  0 1  0 1  0 0
    70  -216.0656711870876       4   0 0  2 1  0 1  0 0
    71  -261.2985867867931       4   0 0  1 2  0 1  0 0
    72  -103.2499844873324       4   0 0  0 3  0 1  0 0
    73   161.1737371610554       4   2 0  1 0  0 0  1 0
    74   357.6789626100563       4   1 1  1 0  0 0  1 0
    75   199.6483322777441       4   0 2  1 0  0 0  1 0
    76  -61.54582394716483       4   0 0  3 0  0 0  1 0
    77   199.5400242351120       4   2 0  0 1  0 0  1 0
    78   436.4822394981717       4   1 1  0 1  0 0  1 0
    79   240.9375622073038       4   0 2  0 1  0 0  1 0
    80  -215.3441049496365       4   0 0  2 1  0 0  1 0
    81  -260.4259621024403       4   0 0  1 2  0 0  1 0
    82  -102.9051740303354       4   0 0  0 3  0 0  1 0
    83  -312.5865660656622       4   2 0  1 0  0 0  0 1
    84  -716.5564212891202       4   1 1  1 0  0 0  0 1
    85  -409.2518951582606       4   0 2  1 0  0 0  0 1
    86   115.8985810630923       4   0 0  3 0  0 0  0 1
    87  -399.7486590390712       4   2 0  0 1  0 0  0 1
    88  -913.3496111655984       4   1 1  0 1  0 0  0 1
    89  -520.3431258356424       4   0 2  0 1  0 0  0 1
    90   431.4097761367245       4   0 0  2 1  0 0  0 1
    91   547.8254581300286       4   0 0  1 2  0 0  0 1
    92   228.5189351149189       4   0 0  0 3  0 0  0 1
    93   37.13509340175143       4   1 0  1 0  0 2  0 0
    94   42.40823476232750       4   0 1  1 0  0 2  0 0
    95   43.75186541728446       4   1 0  0 1  0 2  0 0
    96   51.07835976730188       4   0 1  0 1  0 2  0 0
    97   80.79702441471531       4   1 0  1 0  0 1  1 0
    98   87.94522001265622       4   0 1  1 0  0 1  1 0
    99   93.47084736351172       4   1 0  0 1  0 1  1 0
   100   104.2523944778616       4   0 1  0 1  0 1  1 0
   101   36.87616456882752       4   1 0  1 0  0 0  2 0
   102   42.11975996295220       4   0 1  1 0  0 0  2 0
   103   43.44967686334327       4   1 0  0 1  0 0  2 0
   104   50.73370101851654       4   0 1  0 1  0 0  2 0
   105  -155.0672112182182       4   1 0  1 0  0 1  0 1
   106  -176.1965943810396       4   0 1  1 0  0 1  0 1
   107  -187.2759368498884       4   1 0  0 1  0 1  0 1
   108  -211.3154984453593       4   0 1  0 1  0 1  0 1
   109  -154.5493535523704       4   1 0  1 0  0 0  1 1
   110  -175.6081736802373       4   0 1  1 0  0 0  1 1
   111  -186.6505159194114       4   1 0  0 1  0 0  1 1
   112  -210.6097957379805       4   0 1  0 1  0 0  1 1
   113   154.8082823852944       4   1 0  1 0  0 0  0 2
   114   179.3315533233410       4   0 1  1 0  0 0  0 2
   115   193.2540631251604       4   1 0  0 1  0 0  0 2
   116   221.9088573594881       4   0 1  0 1  0 0  0 2
   117   3.127249947776823       4   0 0  1 0  0 3  0 0
   118   4.514949858958290       4   0 0  0 1  0 3  0 0
   119   9.143698800726384       4   0 0  1 0  0 2  1 0
   120   11.81411959084395       4   0 0  0 1  0 2  1 0
   121   9.113507964749672       4   0 0  1 0  0 1  2 0
   122   11.77747993741838       4   0 0  0 1  0 1  2 0
   123   3.096367486720216       4   0 0  1 0  0 0  3 0
   124   4.472671808007332       4   0 0  0 1  0 0  3 0
   125  -18.42341349083110       4   0 0  1 0  0 2  0 1
   126  -23.66693437145961       4   0 0  0 1  0 2  0 1
   127  -37.51191983725766       4   0 0  1 0  0 1  1 1
   128  -46.65133155840584       4   0 0  0 1  0 1  1 1
   129  -18.29925040451356       4   0 0  1 0  0 0  2 1
   130  -23.50999933641925       4   0 0  0 1  0 0  2 1
   131   37.57609140938697       4   0 0  1 0  0 1  0 2
   132   46.46461710797897       4   0 0  0 1  0 1  0 2
   133   37.45060345589842       4   0 0  1 0  0 0  1 2
   134   46.30944530878934       4   0 0  0 1  0 0  1 2
   135  -25.27293533265615       4   0 0  1 0  0 0  0 3
   136  -31.52501834571155       4   0 0  0 1  0 0  0 3
   ----------------------------------------------------
     I  COEFFICIENT            ORDER EXPONENTS
     1  -.3647920149304715       1   1 0  0 0  0 0  0 0
     2  -.1645716485008306       1   0 1  0 0  0 0  0 0
     3   1.000000000000000       1   0 0  0 0  1 0  0 0
     4  0.2098627254619571       1   0 0  0 0  0 1  0 0
     5  -.2521201511531153       1   0 0  0 0  0 0  1 0
     6  0.4225742569115825E-01   1   0 0  0 0  0 0  0 1
     7  -.4326566604341608E-02   2   2 0  0 0  0 0  0 0
     8  -.6957369692939960E-01   2   1 1  0 0  0 0  0 0
     9  -.2069661173590014       2   0 2  0 0  0 0  0 0
    10  -.1408685437951935       2   0 0  2 0  0 0  0 0
    11  0.6868964741612284E-01   2   0 0  1 1  0 0  0 0
    12  -.2122842656679804       2   0 0  0 2  0 0  0 0
    13  0.1823928845335133       2   1 0  0 0  0 1  0 0
    14  0.8385806815459285E-01   2   0 1  0 0  0 1  0 0
    15  -.1805758161841508       2   1 0  0 0  0 0  1 0
    16  -.7989626879892708E-01   2   0 1  0 0  0 0  1 0
    17  -.1817068349362454E-02   2   1 0  0 0  0 0  0 1
    18  0.1606098491451649       2   0 1  0 0  0 0  0 1
    19  -.1571816625382696       2   0 0  0 0  0 2  0 0
    20  0.1066942070771585       2   0 0  0 0  0 1  1 0
    21  0.5281828602195882E-01   2   0 0  0 0  0 0  2 0
    22  -.2193607462576311E-02   2   0 0  0 0  0 1  0 1
    23  0.3978937203203913E-01   2   0 0  0 0  0 0  1 1
    24  -.3992659513031051E-01   2   0 0  0 0  0 0  0 2
    25  -.8879633010350873E-02   3   3 0  0 0  0 0  0 0
    26  0.2559154580817069E-03   3   2 1  0 0  0 0  0 0
    27  -.2003187628804505       3   1 2  0 0  0 0  0 0
    28  -.1020336507037731       3   0 3  0 0  0 0  0 0
    29  -.9240757235689828E-01   3   1 0  2 0  0 0  0 0
    30  -.1972390497113414       3   0 1  2 0  0 0  0 0
    31  -.1069736486055079       3   1 0  1 1  0 0  0 0
    32  0.7366738105990498       3   0 1  1 1  0 0  0 0
    33  -.1926571944135657       3   1 0  0 2  0 0  0 0
    34  0.1411601314381223       3   0 1  0 2  0 0  0 0
    35  0.1064238007611701E-01   3   2 0  0 0  0 1  0 0
    36  -.3648256668317507E-01   3   1 1  0 0  0 1  0 0
    37  0.2264243742544315       3   0 2  0 0  0 1  0 0
    38  0.1962645144915214       3   0 0  2 0  0 1  0 0
    39  0.3851303626447544E-01   3   0 0  1 1  0 1  0 0
    40  0.4032156515577778       3   0 0  0 2  0 1  0 0
    41  0.6309121991426164E-02   3   2 0  0 0  0 0  1 0
    42  -.1054705111607089       3   1 1  0 0  0 0  1 0
    43  0.2008214411532616E-01   3   0 2  0 0  0 0  1 0
    44  0.5567984119203861E-01   3   0 0  2 0  0 0  1 0
    45  0.1066160451645790       3   0 0  1 1  0 0  1 0
    46  0.1910003277597995       3   0 0  0 2  0 0  1 0
    47  -.1695150206754309E-01   3   2 0  0 0  0 0  0 1
    48  0.2115267747732835       3   1 1  0 0  0 0  0 1
    49  0.1674257163482453       3   0 2  0 0  0 0  0 1
    50  -.2519443556835602       3   0 0  2 0  0 0  0 1
    51  -.2138187288451771       3   0 0  1 1  0 0  0 1
    52  -.1696474479816167       3   0 0  0 2  0 0  0 1
    53  -.1584366185162947       3   1 0  0 0  0 2  0 0
    54  -.4841763148300188E-01   3   0 1  0 0  0 2  0 0
    55  0.4895861565248166E-01   3   1 0  0 0  0 1  1 0
    56  0.7117779998909157E-01   3   0 1  0 0  0 1  1 0
    57  0.2409301079910476E-01   3   1 0  0 0  0 0  2 0
    58  0.3533004559022607E-01   3   0 1  0 0  0 0  2 0
    59  0.8552173684659442E-01   3   1 0  0 0  0 1  0 1
    60  -.1420586733322737       3   0 1  0 0  0 1  0 1
    61  0.8343117893345967E-01   3   1 0  0 0  0 0  1 1
    62  0.1795464642831029E-01   3   0 1  0 0  0 0  1 1
    63  -.8356792371534585E-01   3   1 0  0 0  0 0  0 2
    64  -.9855783569318322E-01   3   0 1  0 0  0 0  0 2
    65  0.1335712418946802       3   0 0  0 0  0 3  0 0
    66  -.7112918505209914E-01   3   0 0  0 0  0 2  1 0
    67  -.1807547765473443E-01   3   0 0  0 0  0 1  2 0
    68  -.2337794335335715E-01   3   0 0  0 0  0 0  3 0
    69  -.1522121555540221E-01   3   0 0  0 0  0 2  0 1
    70  -.3497908874064987E-01   3   0 0  0 0  0 1  1 1
    71  -.1742726432911187E-01   3   0 0  0 0  0 0  2 1
    72  0.3490436738830341E-01   3   0 0  0 0  0 1  0 2
    73  -.4872563332602317E-02   3   0 0  0 0  0 0  1 2
    74  0.1660712873497330E-01   3   0 0  0 0  0 0  0 3
    75  0.2656226615286700       4   4 0  0 0  0 0  0 0
    76  0.2193215664259496       4   3 1  0 0  0 0  0 0
    77  0.1489563613682328       4   2 2  0 0  0 0  0 0
    78  -.6856573612115419E-01   4   1 3  0 0  0 0  0 0
    79  -.1663605467388938       4   0 4  0 0  0 0  0 0
    80  -.3454449287808210       4   2 0  2 0  0 0  0 0
    81  0.1682213050848320       4   1 1  2 0  0 0  0 0
    82  -.2100148021452339       4   0 2  2 0  0 0  0 0
    83  -.7858206614748036       4   0 0  4 0  0 0  0 0
    84  -.5864472117419129       4   2 0  1 1  0 0  0 0
    85   1.615907575556403       4   1 1  1 1  0 0  0 0
    86   2.092297882893192       4   0 2  1 1  0 0  0 0
    87   1.562537082541560       4   0 0  3 1  0 0  0 0
    88  -.1091100169749657       4   2 0  0 2  0 0  0 0
    89   1.864736245646005       4   1 1  0 2  0 0  0 0
    90   1.525000436679234       4   0 2  0 2  0 0  0 0
    91  0.5389398521428088       4   0 0  2 2  0 0  0 0
    92  -.1589527161450233       4   0 0  1 3  0 0  0 0
    93  -.3825628411596916       4   0 0  0 4  0 0  0 0
    94  0.5046960477514896E-01   4   3 0  0 0  0 1  0 0
    95  0.5997923485389356E-02   4   2 1  0 0  0 1  0 0
    96  0.2030963017250617       4   1 2  0 0  0 1  0 0
    97  0.5120034934241469E-01   4   0 3  0 0  0 1  0 0
    98  0.3005934943519197       4   1 0  2 0  0 1  0 0
    99  0.6225364459619245       4   0 1  2 0  0 1  0 0
   100  0.9648796385662606       4   1 0  1 1  0 1  0 0
   101  -.1367670196565447       4   0 1  1 1  0 1  0 0
   102   1.050883835002053       4   1 0  0 2  0 1  0 0
   103  0.6021627263856888       4   0 1  0 2  0 1  0 0
   104  0.4148063429641188E-01   4   3 0  0 0  0 0  1 0
   105  0.6232102023025793E-02   4   2 1  0 0  0 0  1 0
   106  0.3435007311483260E-02   4   1 2  0 0  0 0  1 0
   107  -.5032392956588638E-01   4   0 3  0 0  0 0  1 0
   108  0.2077982416010473       4   1 0  2 0  0 0  1 0
   109  0.4245335798929544       4   0 1  2 0  0 0  1 0
   110  0.8553970064756538       4   1 0  1 1  0 0  1 0
   111  0.5954514035939420       4   0 1  1 1  0 0  1 0
   112  0.8560017767850381       4   1 0  0 2  0 0  1 0
   113  0.7403706400896741       4   0 1  0 2  0 0  1 0
   114  -.9004027824573084E-01   4   3 0  0 0  0 0  0 1
   115  -.1248594096649563E-01   4   2 1  0 0  0 0  0 1
   116  0.1941062167243560       4   1 2  0 0  0 0  0 1
   117  0.3052245323347911       4   0 3  0 0  0 0  0 1
   118  -.5083917359529662       4   1 0  2 0  0 0  0 1
   119  -.8498309761435379       4   0 1  2 0  0 0  0 1
   120  -1.713302996436409       4   1 0  1 1  0 0  0 1
   121  -1.932032005135497       4   0 1  1 1  0 0  0 1
   122  -1.521571222959962       4   1 0  0 2  0 0  0 1
   123  -1.766013760789728       4   0 1  0 2  0 0  0 1
   124  -.2506248962532034E-01   4   2 0  0 0  0 2  0 0
   125  0.7535634494976440E-01   4   1 1  0 0  0 2  0 0
   126  -.2607933465625130       4   0 2  0 0  0 2  0 0
   127  -.1702800446282410       4   0 0  2 0  0 2  0 0
   128  0.2283811245697887E-01   4   0 0  1 1  0 2  0 0
   129  -.4966434491998581       4   0 0  0 2  0 2  0 0
   130  -.2878604469169124E-01   4   2 0  0 0  0 1  1 0
   131  0.7819236531485113E-01   4   1 1  0 0  0 1  1 0
   132  -.6864252091643852E-01   4   0 2  0 0  0 1  1 0
   133  0.5142349250823569E-01   4   0 0  2 0  0 1  1 0
   134  0.1215804213443901       4   0 0  1 1  0 1  1 0
   135  -.1875072956958816       4   0 0  0 2  0 1  1 0
   136  -.1436263180736528E-01   4   2 0  0 0  0 0  2 0
   137  0.3902574469865527E-01   4   1 1  0 0  0 0  2 0
   138  -.3458334754930215E-01   4   0 2  0 0  0 0  2 0
   139  0.2529956558037996E-01   4   0 0  2 0  0 0  2 0
   140  0.6052369838285182E-01   4   0 0  1 1  0 0  2 0
   141  -.9411052076432808E-01   4   0 0  0 2  0 0  2 0
   142  0.6826864386621492E-01   4   2 0  0 0  0 1  0 1
   143  -.1559399218480303       4   1 1  0 0  0 1  0 1
   144  -.8904390872182910E-01   4   0 2  0 0  0 1  0 1
   145  0.9287208225672472E-01   4   0 0  2 0  0 1  0 1
   146  -.2442827187872983       4   0 0  1 1  0 1  0 1
   147  -.2885276057773495E-01   4   0 0  0 2  0 1  0 1
   148  0.5120218631499562E-01   4   2 0  0 0  0 0  1 1
   149  0.5469716760925555E-01   4   1 1  0 0  0 0  1 1
   150  0.7756278366906511E-01   4   0 2  0 0  0 0  1 1
   151  -.1577024648610345       4   0 0  2 0  0 0  1 1
   152  -.4558599084392509       4   0 0  1 1  0 0  1 1
   153  -.1972726460548613       4   0 0  0 2  0 0  1 1
   154  -.5125966405683385E-01   4   2 0  0 0  0 0  0 2
   155  -.1609053976538964       4   1 1  0 0  0 0  0 2
   156  -.2453980119959864       4   0 2  0 0  0 0  0 2
   157  0.1583873691439349       4   0 0  2 0  0 0  0 2
   158  0.5638900424584525       4   0 0  1 1  0 0  0 2
   159  0.3675338752887234       4   0 0  0 2  0 0  0 2
   160  0.1534557228434068       4   1 0  0 0  0 3  0 0
   161  0.2448466435416163E-01   4   0 1  0 0  0 3  0 0
   162  -.1513803590240553E-01   4   1 0  0 0  0 2  1 0
   163  -.7191567876594918E-01   4   0 1  0 0  0 2  1 0
   164  0.9149155552412774E-02   4   1 0  0 0  0 1  2 0
   165  -.3644143724036863E-01   4   0 1  0 0  0 1  2 0
   166  -.4789027171978134E-02   4   1 0  0 0  0 0  3 0
   167  -.2379010652578376E-01   4   0 1  0 0  0 0  3 0
   168  -.1283558955952255       4   1 0  0 0  0 2  0 1
   169  0.1437145801524706       4   0 1  0 0  0 2  0 1
   170  -.8593947060497767E-01   4   1 0  0 0  0 1  1 1
   171  0.3180832045362347E-02   4   0 1  0 0  0 1  1 1
   172  -.4296809563468759E-01   4   1 0  0 0  0 0  2 1
   173  0.1821620047041450E-02   4   0 1  0 0  0 0  2 1
   174  0.8580389405111993E-01   4   1 0  0 0  0 1  0 2
   175  0.6778301382325858E-01   4   0 1  0 0  0 1  0 2
   176  0.2506652003716732E-02   4   1 0  0 0  0 0  1 2
   177  -.3034400571218820E-01   4   0 1  0 0  0 0  1 2
   178  0.2627510045861838E-01   4   1 0  0 0  0 0  0 3
   179  0.8607816632282647E-01   4   0 1  0 0  0 0  0 3
   180  -.1202619798943221       4   0 0  0 0  0 4  0 0
   181  0.5337598030531786E-01   4   0 0  0 0  0 3  1 0
   182  0.8995493532450369E-02   4   0 0  0 0  0 2  2 0
   183  0.6133112820990855E-02   4   0 0  0 0  0 1  3 0
   184  0.1306718819668170E-01   4   0 0  0 0  0 0  4 0
   185  0.2695821358793005E-01   4   0 0  0 0  0 3  0 1
   186  0.3526862717544277E-01   4   0 0  0 0  0 2  1 1
   187  0.1783610743632985E-01   4   0 0  0 0  0 1  2 1
   188  0.1173196445235405E-01   4   0 0  0 0  0 0  3 1
   189  -.3523981063651321E-01   4   0 0  0 0  0 2  0 2
   190  -.6361015007974591E-03   4   0 0  0 0  0 1  1 2
   191  -.3751039030281123E-03   4   0 0  0 0  0 0  2 2
   192  -.1119912646369545E-01   4   0 0  0 0  0 1  0 3
   193  0.5334666434887003E-02   4   0 0  0 0  0 0  1 3
   194  -.1098923154402786E-01   4   0 0  0 0  0 0  0 4
   ----------------------------------------------------
     I  COEFFICIENT            ORDER EXPONENTS
     1   1.000000000000000       1   0 0  0 0  0 1  0 0
     --------------------------------------------------
     I  COEFFICIENT            ORDER EXPONENTS
     1   1.000000000000000       1   0 0  0 0  0 0  1 0
     --------------------------------------------------
     I  COEFFICIENT            ORDER EXPONENTS
     1   1.000000000000000       1   0 0  0 0  0 0  0 1
     --------------------------------------------------
