     I  COEFFICIENT            ORDER EXPONENTS
     1   1.000000000000000       1   1 0  0 0  0 0  0 0
     2  0.1467310000000000       1   0 1  0 0  0 0  0 0
     3  -.7348820947651627E-01   2   0 1  0 0  0 1  0 0
     4  -.7324279052348373E-01   2   0 1  0 0  0 0  1 0
     5  0.7336550000000000E-01   3   0 3  0 0  0 0  0 0
     6  0.7336550000000000E-01   3   0 1  0 2  0 0  0 0
     7  0.5508563366908011E-01   3   0 1  0 0  0 2  0 0
     8  0.3680515161487230E-01   3   0 1  0 0  0 1  1 0
     9  0.5484021471604758E-01   3   0 1  0 0  0 0  2 0
    10  -.1102323142147744       4   0 3  0 0  0 1  0 0
    11  -.1102323142147744       4   0 1  0 2  0 1  0 0
    12  -.1098641857852256       4   0 3  0 0  0 0  1 0
    13  -.1098641857852256       4   0 1  0 2  0 0  1 0
    14  -.4589953073365560E-01   4   0 1  0 0  0 3  0 0
    15  -.2755830880627354E-01   4   0 1  0 0  0 2  1 0
    16  -.2764941861603491E-01   4   0 1  0 0  0 1  2 0
    17  -.4562374184403594E-01   4   0 1  0 0  0 0  3 0
    ---------------------------------------------------
     I  COEFFICIENT            ORDER EXPONENTS
     1   1.000000000000000       1   0 1  0 0  0 0  0 0
     --------------------------------------------------
     I  COEFFICIENT            ORDER EXPONENTS
     1   1.000000000000000       1   0 0  1 0  0 0  0 0
     2  0.1467310000000000       1   0 0  0 1  0 0  0 0
     3  -.7348820947651627E-01   2   0 0  0 1  0 1  0 0
     4  -.7324279052348373E-01   2   0 0  0 1  0 0  1 0
     5  0.7336550000000000E-01   3   0 2  0 1  0 0  0 0
     6  0.7336550000000000E-01   3   0 0  0 3  0 0  0 0
     7  0.5508563366908011E-01   3   0 0  0 1  0 2  0 0
     8  0.3680515161487230E-01   3   0 0  0 1  0 1  1 0
     9  0.5484021471604758E-01   3   0 0  0 1  0 0  2 0
    10  -.1102323142147744       4   0 2  0 1  0 1  0 0
    11  -.1102323142147744       4   0 0  0 3  0 1  0 0
    12  -.1098641857852256       4   0 2  0 1  0 0  1 0
    13  -.1098641857852256       4   0 0  0 3  0 0  1 0
    14  -.4589953073365560E-01   4   0 0  0 1  0 3  0 0
    15  -.2755830880627354E-01   4   0 0  0 1  0 2  1 0
    16  -.2764941861603491E-01   4   0 0  0 1  0 1  2 0
    17  -.4562374184403594E-01   4   0 0  0 1  0 0  3 0
    ---------------------------------------------------
     I  COEFFICIENT            ORDER EXPONENTS
     1   1.000000000000000       1   0 0  0 1  0 0  0 0
     --------------------------------------------------
     I  COEFFICIENT            ORDER EXPONENTS
     1   1.000000000000000       1   0 0  0 0  1 0  0 0
     2  0.3656014314403172E-01   1   0 0  0 0  0 1  0 0
     3  -.3656014314403171E-01   1   0 0  0 0  0 0  1 0
     4  -.3674410473825814E-01   2   0 2  0 0  0 0  0 0
     5  -.3674410473825814E-01   2   0 0  0 2  0 0  0 0
     6  -.2746596960962601E-01   2   0 0  0 0  0 2  0 0
     7  0.1837179607522031E-01   2   0 0  0 0  0 1  1 0
     8  0.9094173534405699E-02   2   0 0  0 0  0 0  2 0
     9  0.5508563366908013E-01   3   0 2  0 0  0 1  0 0
    10  0.5508563366908013E-01   3   0 0  0 2  0 1  0 0
    11  0.1840257580743617E-01   3   0 2  0 0  0 0  1 0
    12  0.1840257580743617E-01   3   0 0  0 2  0 0  1 0
    13  0.2289601564009296E-01   3   0 0  0 0  0 3  0 0
    14  -.1375610770102684E-01   3   0 0  0 0  0 2  1 0
    15  -.4615688374193460E-02   3   0 0  0 0  0 1  2 0
    16  -.4524219564872645E-02   3   0 0  0 0  0 0  3 0
    17  -.2755807855369361E-01   4   0 4  0 0  0 0  0 0
    18  -.5511615710738722E-01   4   0 2  0 2  0 0  0 0
    19  -.2755807855369361E-01   4   0 0  0 4  0 0  0 0
    20  -.6884929610048340E-01   4   0 2  0 0  0 2  0 0
    21  -.6884929610048340E-01   4   0 0  0 2  0 2  0 0
    22  -.2755830880627353E-01   4   0 2  0 0  0 1  1 0
    23  -.2755830880627353E-01   4   0 0  0 2  0 1  1 0
    24  -.1382470930801748E-01   4   0 2  0 0  0 0  2 0
    25  -.1382470930801748E-01   4   0 0  0 2  0 0  2 0
    26  -.2003689615022654E-01   4   0 0  0 0  0 4  0 0
    27  0.1145953768062727E-01   4   0 0  0 0  0 3  1 0
    28  0.3444855030599341E-02   4   0 0  0 0  0 2  2 0
    29  0.2319118353793887E-02   4   0 0  0 0  0 1  3 0
    30  0.2813385085206009E-02   4   0 0  0 0  0 0  4 0
    ---------------------------------------------------
     I  COEFFICIENT            ORDER EXPONENTS
     1   1.000000000000000       1   0 0  0 0  0 1  0 0
     --------------------------------------------------
     I  COEFFICIENT            ORDER EXPONENTS
     1   1.000000000000000       1   0 0  0 0  0 0  1 0
     --------------------------------------------------
     I  COEFFICIENT            ORDER EXPONENTS
     1   1.000000000000000       1   0 0  0 0  0 0  0 1
     --------------------------------------------------
