     I  COEFFICIENT            ORDER EXPONENTS
     1   1.000000000000000       1   1 0  0 0  0 0  0 0
     2  0.6502240000000000       1   0 1  0 0  0 0  0 0
     3  -.3256557749804630       2   0 1  0 0  0 1  0 0
     4  -.3245682250195370       2   0 1  0 0  0 0  1 0
     5  0.3251120000000000       3   0 3  0 0  0 0  0 0
     6  0.3251120000000000       3   0 1  0 2  0 0  0 0
     7  0.2441065696195347       3   0 1  0 0  0 2  0 0
     8  0.1630984107218565       3   0 1  0 0  0 1  1 0
     9  0.2430190196586088       3   0 1  0 0  0 0  2 0
    10  -.4884836624706945       4   0 3  0 0  0 1  0 0
    11  -.4884836624706945       4   0 1  0 2  0 1  0 0
    12  -.4868523375293055       4   0 3  0 0  0 0  1 0
    13  -.4868523375293055       4   0 1  0 2  0 0  1 0
    14  -.2033992576330869       4   0 1  0 0  0 3  0 0
    15  -.1221219359593433       4   0 1  0 0  0 2  1 0
    16  -.1225256801234414       4   0 1  0 0  0 1  2 0
    17  -.2021771262841283       4   0 1  0 0  0 0  3 0
    ---------------------------------------------------
     I  COEFFICIENT            ORDER EXPONENTS
     1   1.000000000000000       1   0 1  0 0  0 0  0 0
     --------------------------------------------------
     I  COEFFICIENT            ORDER EXPONENTS
     1   1.000000000000000       1   0 0  1 0  0 0  0 0
     2  0.6502240000000000       1   0 0  0 1  0 0  0 0
     3  -.3256557749804630       2   0 0  0 1  0 1  0 0
     4  -.3245682250195370       2   0 0  0 1  0 0  1 0
     5  0.3251120000000000       3   0 2  0 1  0 0  0 0
     6  0.3251120000000000       3   0 0  0 3  0 0  0 0
     7  0.2441065696195347       3   0 0  0 1  0 2  0 0
     8  0.1630984107218565       3   0 0  0 1  0 1  1 0
     9  0.2430190196586088       3   0 0  0 1  0 0  2 0
    10  -.4884836624706945       4   0 2  0 1  0 1  0 0
    11  -.4884836624706945       4   0 0  0 3  0 1  0 0
    12  -.4868523375293055       4   0 2  0 1  0 0  1 0
    13  -.4868523375293055       4   0 0  0 3  0 0  1 0
    14  -.2033992576330869       4   0 0  0 1  0 3  0 0
    15  -.1221219359593433       4   0 0  0 1  0 2  1 0
    16  -.1225256801234414       4   0 0  0 1  0 1  2 0
    17  -.2021771262841283       4   0 0  0 1  0 0  3 0
    ---------------------------------------------------
     I  COEFFICIENT            ORDER EXPONENTS
     1   1.000000000000000       1   0 0  0 1  0 0  0 0
     --------------------------------------------------
     I  COEFFICIENT            ORDER EXPONENTS
     1   1.000000000000000       1   0 0  0 0  1 0  0 0
     2  0.1620126797724059       1   0 0  0 0  0 1  0 0
     3  -.1620126797724058       1   0 0  0 0  0 0  1 0
     4  -.1628278874902315       2   0 2  0 0  0 0  0 0
     5  -.1628278874902315       2   0 0  0 2  0 0  0 0
     6  -.1217127438881318       2   0 0  0 0  0 2  0 0
     7  0.8141280800385776E-01   2   0 0  0 0  0 1  1 0
     8  0.4029993588427402E-01   2   0 0  0 0  0 0  2 0
     9  0.2441065696195348       3   0 2  0 0  0 1  0 0
    10  0.2441065696195348       3   0 0  0 2  0 1  0 0
    11  0.8154920536092830E-01   3   0 2  0 0  0 0  1 0
    12  0.8154920536092830E-01   3   0 0  0 2  0 0  1 0
    13  0.1014614421871575       3   0 0  0 0  0 3  0 0
    14  -.6095883878520885E-01   3   0 0  0 0  0 2  1 0
    15  -.2045396921864888E-01   3   0 0  0 0  0 1  2 0
    16  -.2004863418329973E-01   3   0 0  0 0  0 0  3 0
    17  -.1221209156176736       4   0 4  0 0  0 0  0 0
    18  -.2442418312353473       4   0 2  0 2  0 0  0 0
    19  -.1221209156176736       4   0 0  0 4  0 0  0 0
    20  -.3050988864496305       4   0 2  0 0  0 2  0 0
    21  -.3050988864496305       4   0 0  0 2  0 2  0 0
    22  -.1221219359593433       4   0 2  0 0  0 1  1 0
    23  -.1221219359593433       4   0 0  0 2  0 1  1 0
    24  -.6126284006172087E-01   4   0 2  0 0  0 0  2 0
    25  -.6126284006172087E-01   4   0 0  0 2  0 0  2 0
    26  -.8879153527465158E-01   4   0 0  0 0  0 4  0 0
    27  0.5078181453713385E-01   4   0 0  0 0  0 3  1 0
    28  0.1526553637211242E-01   4   0 0  0 0  0 2  2 0
    29  0.1027694497057387E-01   4   0 0  0 0  0 1  3 0
    30  0.1246723939483130E-01   4   0 0  0 0  0 0  4 0
    ---------------------------------------------------
     I  COEFFICIENT            ORDER EXPONENTS
     1   1.000000000000000       1   0 0  0 0  0 1  0 0
     --------------------------------------------------
     I  COEFFICIENT            ORDER EXPONENTS
     1   1.000000000000000       1   0 0  0 0  0 0  1 0
     --------------------------------------------------
     I  COEFFICIENT            ORDER EXPONENTS
     1   1.000000000000000       1   0 0  0 0  0 0  0 1
     --------------------------------------------------
