     I  COEFFICIENT            ORDER EXPONENTS
     1  0.9117699309774900E-04   0   0 0  0 0  0 0  0 0
     2   1.294853958243378       1   1 0  0 0  0 0  0 0
     3  0.2687314926344991       1   0 1  0 0  0 0  0 0
     4  0.9158629392695847E-05   1   0 0  1 0  0 0  0 0
     5  0.4535567323651019E-06   1   0 0  0 1  0 0  0 0
     6  0.8186996051042840E-06   1   0 0  0 0  0 1  0 0
     7  0.8159655012070163E-06   1   0 0  0 0  0 0  1 0
     8  -.1634665107794346E-05   1   0 0  0 0  0 0  0 1
     9  -.6983855028729498E-01   2   2 0  0 0  0 0  0 0
    10  -.1035963642463568E-01   2   1 1  0 0  0 0  0 0
    11  -.6019396825532744E-03   2   0 2  0 0  0 0  0 0
    12  0.3688387906439151E-03   2   1 0  1 0  0 0  0 0
    13  -.2006111098778981E-03   2   0 1  1 0  0 0  0 0
    14  0.5733649017285042E-01   2   0 0  2 0  0 0  0 0
    15  0.4076725107447386E-04   2   1 0  0 1  0 0  0 0
    16  0.3910509079431267E-05   2   0 1  0 1  0 0  0 0
    17  0.8534190904392076E-02   2   0 0  1 1  0 0  0 0
    18  0.5635572585131749E-03   2   0 0  0 2  0 0  0 0
    19  -.1539584011938411       2   1 0  0 0  0 1  0 0
    20  -.1440289564826126       2   0 1  0 0  0 1  0 0
    21  -.4897353493638695E-05   2   0 0  1 0  0 1  0 0
    22  -.4899218250886330E-06   2   0 0  0 1  0 1  0 0
    23  -.1534442464756793       2   1 0  0 0  0 0  1 0
    24  -.1435479618311150       2   0 1  0 0  0 0  1 0
    25  -.4880998443276196E-05   2   0 0  1 0  0 0  1 0
    26  -.4882856973038219E-06   2   0 0  0 1  0 0  1 0
    27  0.3074026476298155       2   1 0  0 0  0 0  0 1
    28  0.1884542567354971E-01   2   0 1  0 0  0 0  0 1
    29  0.9778349398464021E-05   2   0 0  1 0  0 0  0 1
    30  0.5246487302046750E-06   2   0 0  0 1  0 0  0 1
    31  -.6929145384495728E-06   2   0 0  0 0  0 2  0 0
    32  -.5679452620548366E-06   2   0 0  0 0  0 1  1 0
    33  -.6896521562534097E-06   2   0 0  0 0  0 0  2 0
    34  0.1135014690422499E-05   2   0 0  0 0  0 1  0 1
    35  0.1131224230442882E-05   2   0 0  0 0  0 0  1 1
    36  -.3157823067096232E-06   2   0 0  0 0  0 0  0 2
    37   1.317091392490746       3   3 0  0 0  0 0  0 0
    38   2.549412174587405       3   2 1  0 0  0 0  0 0
    39  0.8164773743803573       3   1 2  0 0  0 0  0 0
    40  0.1892238862430997       3   0 3  0 0  0 0  0 0
    41  0.1405932756078618E-01   3   2 0  1 0  0 0  0 0
    42  0.2229104409667403E-02   3   1 1  1 0  0 0  0 0
    43  0.1456561892398388E-03   3   0 2  1 0  0 0  0 0
    44  -.6057508103752051       3   1 0  2 0  0 0  0 0
    45   1.124273664862051       3   0 1  2 0  0 0  0 0
    46  -.3860167213865155E-02   3   0 0  3 0  0 0  0 0
    47  0.1313118587822947E-02   3   2 0  0 1  0 0  0 0
    48  0.3117771553408057E-03   3   1 1  0 1  0 0  0 0
    49  0.2159944854596492E-04   3   0 2  0 1  0 0  0 0
    50  -.5483144707718881       3   1 0  1 1  0 0  0 0
    51  -.7742055708980695E-01   3   0 1  1 1  0 0  0 0
    52  -.8701140009760523E-03   3   0 0  2 1  0 0  0 0
    53  0.2867970501283835       3   1 0  0 2  0 0  0 0
    54  0.1568642292813026       3   0 1  0 2  0 0  0 0
    55  -.1037084990116347E-03   3   0 0  1 2  0 0  0 0
    56  -.4487776659716053E-05   3   0 0  0 3  0 0  0 0
    57  0.3974050967234066E-01   3   2 0  0 0  0 1  0 0
    58  0.1092929090962156E-01   3   1 1  0 0  0 1  0 0
    59  0.9176017131293819E-03   3   0 2  0 0  0 1  0 0
    60  -.2208947723818472E-03   3   1 0  1 0  0 1  0 0
    61  0.2033386353549804E-03   3   0 1  1 0  0 1  0 0
    62  -.2714173798792563E-01   3   0 0  2 0  0 1  0 0
    63  -.6288218027162303E-04   3   1 0  0 1  0 1  0 0
    64  -.8853729943931604E-05   3   0 1  0 1  0 1  0 0
    65  -.8170467300162465E-02   3   0 0  1 1  0 1  0 0
    66  -.8364542792308031E-03   3   0 0  0 2  0 1  0 0
    67  0.3960779349451788E-01   3   2 0  0 0  0 0  1 0
    68  0.1089279178749654E-01   3   1 1  0 0  0 0  1 0
    69  0.9145373188090241E-03   3   0 2  0 0  0 0  1 0
    70  -.2201570790273022E-03   3   1 0  1 0  0 0  1 0
    71  0.2026595719330331E-03   3   0 1  1 0  0 0  1 0
    72  -.2705109627862366E-01   3   0 0  2 0  0 0  1 0
    73  -.6267218088591768E-04   3   1 0  0 1  0 0  1 0
    74  -.8824162301057240E-05   3   0 1  0 1  0 0  1 0
    75  -.8143181460095298E-02   3   0 0  1 1  0 0  1 0
    76  -.8336608823725723E-03   3   0 0  0 2  0 0  1 0
    77  -.7934841287364403E-01   3   2 0  0 0  0 0  0 1
    78  -.1146257463076103E-01   3   1 1  0 0  0 0  0 1
    79  -.6282737736745127E-03   3   0 2  0 0  0 0  0 1
    80  0.4418648519666060E-03   3   1 0  1 0  0 0  0 1
    81  -.2052847525380105E-03   3   0 1  1 0  0 0  0 1
    82  0.5419290983796027E-01   3   0 0  2 0  0 0  0 1
    83  0.8493117748242816E-04   3   1 0  0 1  0 0  0 1
    84  0.9878285610054269E-05   3   0 1  0 1  0 0  0 1
    85  0.7779552283989784E-02   3   0 0  1 1  0 0  0 1
    86  0.5430132536583409E-03   3   0 0  0 2  0 0  0 1
    87  0.1185878063904365       3   1 0  0 0  0 2  0 0
    88  0.1127156674858000       3   0 1  0 0  0 2  0 0
    89  0.3862862556165594E-05   3   0 0  1 0  0 2  0 0
    90  0.5347574716306291E-06   3   0 0  0 1  0 2  0 0
    91  0.8345185540923793E-01   3   1 0  0 0  0 1  1 0
    92  0.8161003238729470E-01   3   0 1  0 0  0 1  1 0
    93  0.2774936825850216E-05   3   0 0  1 0  0 1  1 0
    94  0.5622129365167502E-06   3   0 0  0 1  0 1  1 0
    95  0.1180524275989469       3   1 0  0 0  0 0  2 0
    96  0.1122029745555213       3   0 1  0 0  0 0  2 0
    97  0.3845328713135656E-05   3   0 0  1 0  0 0  2 0
    98  0.5320328376332648E-06   3   0 0  0 1  0 0  2 0
    99  -.1666694929858653       3   1 0  0 0  0 1  0 1
   100  -.1898392704847735E-01   3   0 1  0 0  0 1  0 1
   101  -.5490899123917729E-05   3   0 0  1 0  0 1  0 1
   102  -.5794557360182209E-06   3   0 0  0 1  0 1  0 1
   103  -.1661128886984230       3   1 0  0 0  0 0  1 1
   104  -.1892052891245131E-01   3   0 1  0 0  0 0  1 1
   105  -.5472561886913342E-05   3   0 0  1 0  0 0  1 1
   106  -.5775206035517238E-06   3   0 0  0 1  0 0  1 1
   107  0.1269000187222751E-01   3   1 0  0 0  0 0  0 2
   108  0.1068385067291674E-03   3   0 1  0 0  0 0  0 2
   109  0.5332908295783754E-06   3   0 0  1 0  0 0  0 2
   110  0.5551856267429863E-07   3   0 0  0 1  0 0  0 2
   111  0.6310002613366507E-06   3   0 0  0 0  0 3  0 0
   112  0.5071465122667755E-06   3   0 0  0 0  0 2  1 0
   113  0.5077563834398912E-06   3   0 0  0 0  0 1  2 0
   114  0.6269953722550306E-06   3   0 0  0 0  0 0  3 0
   115  -.1014260180164874E-05   3   0 0  0 0  0 2  0 1
   116  -.8941345118937596E-06   3   0 0  0 0  0 1  1 1
   117  -.1009379976225203E-05   3   0 0  0 0  0 0  2 1
   118  0.3261780592777918E-06   3   0 0  0 0  0 1  0 2
   119  0.3250887651123691E-06   3   0 0  0 0  0 0  1 2
   120  -.6582701507953954E-08   3   0 0  0 0  0 0  0 3
   121   16.63794725559823       4   4 0  0 0  0 0  0 0
   122   4.460489414212922       4   3 1  0 0  0 0  0 0
   123  0.6320173810037462       4   2 2  0 0  0 0  0 0
   124  0.3187414638863380E-01   4   1 3  0 0  0 0  0 0
   125  -.4097618953538014E-03   4   0 4  0 0  0 0  0 0
   126  0.9139123412762946E-02   4   3 0  1 0  0 0  0 0
   127  0.1939880269999660E-02   4   2 1  1 0  0 0  0 0
   128  -.2054709117560657E-03   4   1 2  1 0  0 0  0 0
   129  -.1252278547914602E-03   4   0 3  1 0  0 0  0 0
   130  -83.17060110891340       4   2 0  2 0  0 0  0 0
   131  -11.60882645476549       4   1 1  2 0  0 0  0 0
   132  -.5690994266931688       4   0 2  2 0  0 0  0 0
   133  -.9280929772025066E-02   4   1 0  3 0  0 0  0 0
   134  -.2721288115294192E-03   4   0 1  3 0  0 0  0 0
   135   11.71365568880449       4   0 0  4 0  0 0  0 0
   136  0.3208715480333619E-03   4   3 0  0 1  0 0  0 0
   137  0.2512868911904813E-03   4   2 1  0 1  0 0  0 0
   138  0.2021478119981892E-03   4   1 2  0 1  0 0  0 0
   139  0.6354647445746246E-04   4   0 3  0 1  0 0  0 0
   140  -12.86068554622345       4   2 0  1 1  0 0  0 0
   141  -2.932043031552555       4   1 1  1 1  0 0  0 0
   142  -.1696304720179638       4   0 2  1 1  0 0  0 0
   143  -.3034126418543615E-02   4   1 0  2 1  0 0  0 0
   144  -.6595933914068562E-03   4   0 1  2 1  0 0  0 0
   145   3.348103847457439       4   0 0  3 1  0 0  0 0
   146  -.9572389298585199       4   2 0  0 2  0 0  0 0
   147  -.2322052043040122       4   1 1  0 2  0 0  0 0
   148  -.1467716542569587E-01   4   0 2  0 2  0 0  0 0
   149  -.4939789876783100E-03   4   1 0  1 2  0 0  0 0
   150  -.2352329688504018E-03   4   0 1  1 2  0 0  0 0
   151  0.6698728702184641       4   0 0  2 2  0 0  0 0
   152  0.9176787182583791E-04   4   1 0  0 3  0 0  0 0
   153  0.4562029324731155E-04   4   0 1  0 3  0 0  0 0
   154  0.7456355642303375E-01   4   0 0  1 3  0 0  0 0
   155  0.3822430224733026E-02   4   0 0  0 4  0 0  0 0
   156  -1.755321830317911       4   3 0  0 0  0 1  0 0
   157  -3.448944715786260       4   2 1  0 0  0 1  0 0
   158  -1.371560969724750       4   1 2  0 0  0 1  0 0
   159  -.3221159894639902       4   0 3  0 0  0 1  0 0
   160  0.5397831779731301E-03   4   2 0  1 0  0 1  0 0
   161  -.5297021065928981E-04   4   1 1  1 0  0 1  0 0
   162  -.5697504620243653E-04   4   0 2  1 0  0 1  0 0
   163  0.4993907647876351       4   1 0  2 0  0 1  0 0
   164  -1.144470329349631       4   0 1  2 0  0 1  0 0
   165  -.2029628639192132E-03   4   0 0  3 0  0 1  0 0
   166  -.5176381526064614E-04   4   2 0  0 1  0 1  0 0
   167  -.4097359896472557E-04   4   1 1  0 1  0 1  0 0
   168  -.9979291461897828E-05   4   0 2  0 1  0 1  0 0
   169  0.8367387886804554       4   1 0  1 1  0 1  0 0
   170  0.1527286675194505       4   0 1  1 1  0 1  0 0
   171  -.9733164196504908E-04   4   0 0  2 1  0 1  0 0
   172  -.4316677004614412       4   1 0  0 2  0 1  0 0
   173  -.2498941462481495       4   0 1  0 2  0 1  0 0
   174  -.4363283089116246E-04   4   0 0  1 2  0 1  0 0
   175  -.6576282019894668E-05   4   0 0  0 3  0 1  0 0
   176  -1.749459811785962       4   3 0  0 0  0 0  1 0
   177  -3.437426726611629       4   2 1  0 0  0 0  1 0
   178  -1.366980547101753       4   1 2  0 0  0 0  1 0
   179  -.3210402608613685       4   0 3  0 0  0 0  1 0
   180  0.5379805347553066E-03   4   2 0  1 0  0 0  1 0
   181  -.5279331298094953E-04   4   1 1  1 0  0 0  1 0
   182  -.5678477409909388E-04   4   0 2  1 0  0 0  1 0
   183  0.4977230148244673       4   1 0  2 0  0 0  1 0
   184  -1.140648291610422       4   0 1  2 0  0 0  1 0
   185  -.2022850554119386E-03   4   0 0  3 0  0 0  1 0
   186  -.5159094642309149E-04   4   2 0  0 1  0 0  1 0
   187  -.4083676480001396E-04   4   1 1  0 1  0 0  1 0
   188  -.9945964928566351E-05   4   0 2  0 1  0 0  1 0
   189  0.8339444416832644       4   1 0  1 1  0 0  1 0
   190  0.1522186195818582       4   0 1  1 1  0 0  1 0
   191  -.9700659622181805E-04   4   0 0  2 1  0 0  1 0
   192  -.4302261163507394       4   1 0  0 2  0 0  1 0
   193  -.2490596074809365       4   0 1  0 2  0 0  1 0
   194  -.4348711603769919E-04   4   0 0  1 2  0 0  1 0
   195  -.6554320071717299E-05   4   0 0  0 3  0 0  1 0
   196   3.506433828023793       4   3 0  0 0  0 0  0 1
   197   4.337524435928993       4   2 1  0 0  0 0  0 1
   198   1.105625913565646       4   1 2  0 0  0 0  0 1
   199  0.7548122751350141E-01   4   0 3  0 0  0 0  0 1
   200  0.4948563899487007E-03   4   2 0  1 0  0 0  0 1
   201  0.3120549825732635E-03   4   1 1  1 0  0 0  0 1
   202  0.5291715309626473E-04   4   0 2  1 0  0 0  0 1
   203  -1.001408385664911       4   1 0  2 0  0 0  0 1
   204   1.160329331724580       4   0 1  2 0  0 0  0 1
   205  -.4026035700280299E-05   4   0 0  3 0  0 0  0 1
   206  0.2094078916806678E-03   4   2 0  0 1  0 0  0 1
   207  0.6245417858372990E-04   4   1 1  0 1  0 0  0 1
   208  0.6926268554206028E-05   4   0 2  0 1  0 0  0 1
   209  -1.123820222284649       4   1 0  1 1  0 0  0 1
   210  -.1503190617242703       4   0 1  1 1  0 0  0 1
   211  -.6410664296926161E-05   4   0 0  2 1  0 0  0 1
   212  0.2881497960086021       4   1 0  0 2  0 0  0 1
   213  0.2833793242730322E-01   4   0 1  0 2  0 0  0 1
   214  0.1419650109176698E-04   4   0 0  1 2  0 0  0 1
   215  0.2489032327104226E-05   4   0 0  0 3  0 0  0 1
   216  -.3368900099299999E-01   4   2 0  0 0  0 2  0 0
   217  -.1249891232501928E-01   4   1 1  0 0  0 2  0 0
   218  -.1600703603397899E-02   4   0 2  0 0  0 2  0 0
   219  -.1600865225296851E-04   4   1 0  1 0  0 2  0 0
   220  -.6155232024593933E-04   4   0 1  1 0  0 2  0 0
   221  0.1919780292581776E-01   4   0 0  2 0  0 2  0 0
   222  0.1335087385425121E-03   4   1 0  0 1  0 2  0 0
   223  0.7682247467633180E-04   4   0 1  0 1  0 2  0 0
   224  0.7950021642332475E-02   4   0 0  1 1  0 2  0 0
   225  0.9303233561498486E-03   4   0 0  0 2  0 2  0 0
   226  -.2655634228901148E-01   4   2 0  0 0  0 1  1 0
   227  -.1324159393996251E-01   4   1 1  0 0  0 1  1 0
   228  -.1962212231640396E-02   4   0 2  0 0  0 1  1 0
   229  -.7595459143986934E-04   4   1 0  1 0  0 1  1 0
   230  -.7036382341940012E-04   4   0 1  1 0  0 1  1 0
   231  0.1174116042305348E-01   4   0 0  2 0  0 1  1 0
   232  0.1604615188093830E-03   4   1 0  0 1  0 1  1 0
   233  0.9492086599908607E-04   4   0 1  0 1  0 1  1 0
   234  0.7698084909434463E-02   4   0 0  1 1  0 1  1 0
   235  0.1103394143249177E-02   4   0 0  0 2  0 1  1 0
   236  -.3353215087656698E-01   4   2 0  0 0  0 0  2 0
   237  -.1243506073480010E-01   4   1 1  0 0  0 0  2 0
   238  -.1592081471456932E-02   4   0 2  0 0  0 0  2 0
   239  -.1582836244968752E-04   4   1 0  1 0  0 0  2 0
   240  -.6122926959471123E-04   4   0 1  1 0  0 0  2 0
   241  0.1911408532829290E-01   4   0 0  2 0  0 0  2 0
   242  0.1327949407213165E-03   4   1 0  0 1  0 0  2 0
   243  0.7640742331908163E-04   4   0 1  0 1  0 0  2 0
   244  0.7910617852553290E-02   4   0 0  1 1  0 0  2 0
   245  0.9253740465347698E-03   4   0 0  0 2  0 0  2 0
   246  0.5178905462811390E-01   4   2 0  0 0  0 1  0 1
   247  0.1372222950784829E-01   4   1 1  0 0  0 1  0 1
   248  0.1095810514939388E-02   4   0 2  0 0  0 1  0 1
   249  0.5048615536229381E-04   4   1 0  1 0  0 1  0 1
   250  0.6949338788752723E-04   4   0 1  1 0  0 1  0 1
   251  -.2385592554419283E-01   4   0 0  2 0  0 1  0 1
   252  -.1091626510799162E-03   4   1 0  0 1  0 1  0 1
   253  -.1168750416641997E-04   4   0 1  0 1  0 1  0 1
   254  -.7134480003723361E-02   4   0 0  1 1  0 1  0 1
   255  -.7882599706254560E-03   4   0 0  0 2  0 1  0 1
   256  0.5161610150194724E-01   4   2 0  0 0  0 0  1 1
   257  0.1367640317430277E-01   4   1 1  0 0  0 0  1 1
   258  0.1092150980012487E-02   4   0 2  0 0  0 0  1 1
   259  0.5031755335824596E-04   4   1 0  1 0  0 0  1 1
   260  0.6926130991720335E-04   4   0 1  1 0  0 0  1 1
   261  -.2377625703257181E-01   4   0 0  2 0  0 0  1 1
   262  -.1087980948643118E-03   4   1 0  0 1  0 0  1 1
   263  -.1164847293873705E-04   4   0 1  0 1  0 0  1 1
   264  -.7110653914811696E-02   4   0 0  1 1  0 0  1 1
   265  -.7856275219906784E-03   4   0 0  0 2  0 0  1 1
   266  -.1057079633574556E-01   4   2 0  0 0  0 0  0 2
   267  -.1252401523972840E-02   4   1 1  0 0  0 0  0 2
   268  -.3043975833970428E-04   4   0 2  0 0  0 0  0 2
   269  -.5986952482172709E-04   4   1 0  1 0  0 0  0 2
   270  -.8242176177207839E-05   4   0 1  1 0  0 0  0 2
   271  -.2836984391782691E-02   4   0 0  2 0  0 0  0 2
   272  0.1621069378105530E-05   4   1 0  0 1  0 0  0 2
   273  -.3067976299561648E-06   4   0 1  0 1  0 0  0 2
   274  -.7089464523811094E-03   4   0 0  1 1  0 0  0 2
   275  -.1870894293553958E-04   4   0 0  0 2  0 0  0 2
   276  -.1009523088604109       4   1 0  0 0  0 3  0 0
   277  -.9709825633936445E-01   4   0 1  0 0  0 3  0 0
   278  -.6563044065405919E-05   4   0 0  1 0  0 3  0 0
   279  -.1395278001183019E-05   4   0 0  0 1  0 3  0 0
   280  -.6573566817937919E-01   4   1 0  0 0  0 2  1 0
   281  -.6591480415218630E-01   4   0 1  0 0  0 2  1 0
   282  -.4297314142176608E-05   4   0 0  1 0  0 2  1 0
   283  -.1456575278423683E-05   4   0 0  0 1  0 2  1 0
   284  -.6591039194700855E-01   4   1 0  0 0  0 1  2 0
   285  -.6606938872712098E-01   4   0 1  0 0  0 1  2 0
   286  -.4308554190905867E-05   4   0 0  1 0  0 1  2 0
   287  -.1456244876963986E-05   4   0 0  0 1  0 1  2 0
   288  -.1003372070876187       4   1 0  0 0  0 0  3 0
   289  -.9650216268726891E-01   4   0 1  0 0  0 0  3 0
   290  -.6523015953585937E-05   4   0 0  1 0  0 0  3 0
   291  -.1385864541733454E-05   4   0 0  0 1  0 0  3 0
   292  0.1314073778129712       4   1 0  0 0  0 2  0 1
   293  0.1905954525389104E-01   4   0 1  0 0  0 2  0 1
   294  0.7641958621608800E-05   4   0 0  1 0  0 2  0 1
   295  0.1346561222194257E-05   4   0 0  0 1  0 2  0 1
   296  0.9637700505572394E-01   4   1 0  0 0  0 1  1 1
   297  0.1913407672538110E-01   4   0 1  0 0  0 1  1 1
   298  0.5377203628717338E-05   4   0 0  1 0  0 1  1 1
   299  0.1392235868760183E-05   4   0 0  0 1  0 1  1 1
   300  0.1308076049618405       4   1 0  0 0  0 0  2 1
   301  0.1896394480002042E-01   4   0 1  0 0  0 0  2 1
   302  0.7607459001268407E-05   4   0 0  1 0  0 0  2 1
   303  0.1339739554017016E-05   4   0 0  0 1  0 0  2 1
   304  -.1292191325786581E-01   4   1 0  0 0  0 1  0 2
   305  -.1497249929740772E-03   4   0 1  0 0  0 1  0 2
   306  0.2019611025528441E-08   4   0 0  1 0  0 1  0 2
   307  0.5230307658545060E-08   4   0 0  0 1  0 1  0 2
   308  -.1287875963573286E-01   4   1 0  0 0  0 0  1 2
   309  -.1492249760151071E-03   4   0 1  0 0  0 0  1 2
   310  0.2012866394992566E-08   4   0 0  1 0  0 0  1 2
   311  0.5212840684746076E-08   4   0 0  0 1  0 0  1 2
   312  0.1401701771597712E-03   4   1 0  0 0  0 0  0 3
   313  -.7182565679885960E-05   4   0 1  0 0  0 0  0 3
   314  0.9671921147886488E-08   4   0 0  1 0  0 0  0 3
   315  -.4472352040239596E-09   4   0 0  0 1  0 0  0 3
   316  -.3039345311475851E-04   4   0 0  0 0  0 4  0 0
   317  -.2038907941855050E-04   4   0 0  0 0  0 3  1 0
   318  -.1906950300776354E-04   4   0 0  0 0  0 2  2 0
   319  -.2045951519320501E-04   4   0 0  0 0  0 1  3 0
   320  -.3015674268363193E-04   4   0 0  0 0  0 0  4 0
   321  0.4842049373022338E-05   4   0 0  0 0  0 3  0 1
   322  0.5751239004961061E-05   4   0 0  0 0  0 2  1 1
   323  0.5746603549526122E-05   4   0 0  0 0  0 1  2 1
   324  0.4808222666519887E-05   4   0 0  0 0  0 0  3 1
   325  -.3266905806590411E-07   4   0 0  0 0  0 2  0 2
   326  -.4545695656817822E-07   4   0 0  0 0  0 1  1 2
   327  -.3248405416569748E-07   4   0 0  0 0  0 0  2 2
   328  -.1331009985983962E-08   4   0 0  0 0  0 1  0 3
   329  -.1326564986172932E-08   4   0 0  0 0  0 0  1 3
   330  -.6147547164838014E-15   4   0 0  0 0  0 0  0 4
   ----------------------------------------------------
     I  COEFFICIENT            ORDER EXPONENTS
     1  0.3859260029353873E-04   0   0 0  0 0  0 0  0 0
     2   2.517907012526195       1   1 0  0 0  0 0  0 0
     3   1.294849429724402       1   0 1  0 0  0 0  0 0
     4  0.7204215246764590E-04   1   0 0  1 0  0 0  0 0
     5  0.8630413085247764E-05   1   0 0  0 1  0 0  0 0
     6  0.1430845601299907E-05   1   0 0  0 0  0 1  0 0
     7  0.1426067193553648E-05   1   0 0  0 0  0 0  1 0
     8  0.3573568747979963E-04   1   0 0  0 0  0 0  0 1
     9  -.6558046621507485       2   2 0  0 0  0 0  0 0
    10  -.1526770784543730       2   1 1  0 0  0 0  0 0
    11  -.1183385355303120E-01   2   0 2  0 0  0 0  0 0
    12  0.2695960131549364E-02   2   1 0  1 0  0 0  0 0
    13  -.2001341821560638E-03   2   0 1  1 0  0 0  0 0
    14  0.4434815219400617       2   0 0  2 0  0 0  0 0
    15  0.2622792701741767E-03   2   1 0  0 1  0 0  0 0
    16  0.2117466161148378E-04   2   0 1  0 1  0 0  0 0
    17  0.1037587357832227       2   0 0  1 1  0 0  0 0
    18  0.9718473600466928E-02   2   0 0  0 2  0 0  0 0
    19  -.1341560631984898       2   1 0  0 0  0 1  0 0
    20  -.1539559955938939       2   0 1  0 0  0 1  0 0
    21  -.3773586920694110E-05   2   0 0  1 0  0 1  0 0
    22  -.4980221930239817E-05   2   0 0  0 1  0 1  0 0
    23  -.1337080397562562       2   1 0  0 0  0 0  1 0
    24  -.1534418489093999       2   0 1  0 0  0 0  1 0
    25  -.3760984766445836E-05   2   0 0  1 0  0 0  1 0
    26  -.4963590135007700E-05   2   0 0  0 1  0 0  1 0
    27   2.785771115140893       2   1 0  0 0  0 0  0 1
    28  0.3073978444245457       2   0 1  0 0  0 0  0 1
    29  0.7957705454362172E-04   2   0 0  1 0  0 0  0 1
    30  0.9943869353691162E-05   2   0 0  0 1  0 0  0 1
    31  -.1127534220715362E-05   2   0 0  0 0  0 2  0 0
    32  -.8262292603307262E-06   2   0 0  0 0  0 1  1 0
    33  -.1122389117434650E-05   2   0 0  0 0  0 0  2 0
    34  0.3081296055399131E-05   2   0 0  0 0  0 1  0 1
    35  0.3071005854327709E-05   2   0 0  0 0  0 0  1 1
    36  -.3076150524436070E-05   2   0 0  0 0  0 0  0 2
    37  -9.332586731695079       3   3 0  0 0  0 0  0 0
    38  -4.810378889319044       3   2 1  0 0  0 0  0 0
    39  -1.960725762118572       3   1 2  0 0  0 0  0 0
    40  -.3986039704892214E-01   3   0 3  0 0  0 0  0 0
    41  0.1263065155530785       3   2 0  1 0  0 0  0 0
    42  0.2885480594570015E-01   3   1 1  1 0  0 0  0 0
    43  0.2177413802922685E-02   3   0 2  1 0  0 0  0 0
    44  -13.27791512092022       3   1 0  2 0  0 0  0 0
    45  0.3293914716952403E-01   3   0 1  2 0  0 0  0 0
    46  -.2953045877681957E-01   3   0 0  3 0  0 0  0 0
    47  0.1833005328850872E-01   3   2 0  0 1  0 0  0 0
    48  0.5607282344952616E-02   3   1 1  0 1  0 0  0 0
    49  0.4768160954437193E-03   3   0 2  0 1  0 0  0 0
    50  -6.809298598370426       3   1 0  1 1  0 0  0 0
    51  -1.016373011544085       3   0 1  1 1  0 0  0 0
    52  -.1018705673033472E-01   3   0 0  2 1  0 0  0 0
    53  0.9366533956666084       3   1 0  0 2  0 0  0 0
    54  0.2125876198428404       3   0 1  0 2  0 0  0 0
    55  -.1810099929173946E-02   3   0 0  1 2  0 0  0 0
    56  -.1247764866132475E-03   3   0 0  0 3  0 0  0 0
    57  0.9699376518523981E-01   3   2 0  0 0  0 1  0 0
    58  0.9423602846349030E-01   3   1 1  0 0  0 1  0 0
    59  0.1262914004138114E-01   3   0 2  0 0  0 1  0 0
    60  -.1125140953876330E-02   3   1 0  1 0  0 1  0 0
    61  0.1247713894970465E-03   3   0 1  1 0  0 1  0 0
    62  0.1525829600294733E-01   3   0 0  2 0  0 1  0 0
    63  -.4094449490575779E-03   3   1 0  0 1  0 1  0 0
    64  -.6129318809763168E-04   3   0 1  0 1  0 1  0 0
    65  -.4450337687044757E-01   3   0 0  1 1  0 1  0 0
    66  -.9433318656658534E-02   3   0 0  0 2  0 1  0 0
    67  0.9666984780485963E-01   3   2 0  0 0  0 0  1 0
    68  0.9392132073543186E-01   3   1 1  0 0  0 0  1 0
    69  0.1258696415563405E-01   3   0 2  0 0  0 0  1 0
    70  -.1121383467922035E-02   3   1 0  1 0  0 0  1 0
    71  0.1243547068210514E-03   3   0 1  1 0  0 0  1 0
    72  0.1520733986921161E-01   3   0 0  2 0  0 0  1 0
    73  -.4080775793606151E-03   3   1 0  0 1  0 0  1 0
    74  -.6108849526107844E-04   3   0 1  0 1  0 0  1 0
    75  -.4435475476853797E-01   3   0 0  1 1  0 0  1 0
    76  -.9401815437232832E-02   3   0 0  0 2  0 0  1 0
    77  -.8494622652092007       3   2 0  0 0  0 0  0 1
    78  -.1881567269485140       3   1 1  0 0  0 0  0 1
    79  -.1338226408424601E-01   3   0 2  0 0  0 0  0 1
    80  0.4950788873914706E-02   3   1 0  1 0  0 0  0 1
    81  -.2473181264063401E-03   3   0 1  1 0  0 0  0 1
    82  0.4130123339158174       3   0 0  2 0  0 0  0 1
    83  0.8199727021538744E-03   3   1 0  0 1  0 0  0 1
    84  0.1018215496105291E-03   3   0 1  0 1  0 0  0 1
    85  0.8885789444468895E-01   3   0 0  1 1  0 0  0 1
    86  0.9116678798005458E-02   3   0 0  0 2  0 0  0 1
    87  0.1029944653010579       3   1 0  0 0  0 2  0 0
    88  0.1185861117243710       3   0 1  0 0  0 2  0 0
    89  0.2608410952966383E-05   3   0 0  1 0  0 2  0 0
    90  0.4018280833652856E-05   3   0 0  0 1  0 2  0 0
    91  0.7203919114119547E-01   3   1 0  0 0  0 1  1 0
    92  0.8345075730163182E-01   3   0 1  0 0  0 1  1 0
    93  0.1449971640090514E-05   3   0 0  1 0  0 1  1 0
    94  0.3068099885352789E-05   3   0 0  0 1  0 1  1 0
    95  0.1025302182399475       3   1 0  0 0  0 0  2 0
    96  0.1180507404259391       3   0 1  0 0  0 0  2 0
    97  0.2597278844115210E-05   3   0 0  1 0  0 0  2 0
    98  0.3999738441399001E-05   3   0 0  0 1  0 0  2 0
    99  -.2780275220260735       3   1 0  0 0  0 1  0 1
   100  -.1666669696204690       3   0 1  0 0  0 1  0 1
   101  -.6751268201171241E-05   3   0 0  1 0  0 1  0 1
   102  -.6123391718340304E-05   3   0 0  0 1  0 1  0 1
   103  -.2770990299066407       3   1 0  0 0  0 0  1 1
   104  -.1661103737599796       3   0 1  0 0  0 0  1 1
   105  -.6728721874551231E-05   3   0 0  1 0  0 0  1 1
   106  -.6102942228616328E-05   3   0 0  0 1  0 0  1 1
   107  0.2775629318780106       3   1 0  0 0  0 0  0 2
   108  0.1268974215479013E-01   3   0 1  0 0  0 0  0 2
   109  0.6778810666835948E-05   3   0 0  1 0  0 0  0 2
   110  0.1163825757212907E-05   3   0 0  0 1  0 0  0 2
   111  0.9759388637415522E-06   3   0 0  0 0  0 3  0 0
   112  0.6746312168104369E-06   3   0 0  0 0  0 2  1 0
   113  0.6761242468094152E-06   3   0 0  0 0  0 1  2 0
   114  0.9699273322193310E-06   3   0 0  0 0  0 0  3 0
   115  -.2477857013370118E-05   3   0 0  0 0  0 2  0 1
   116  -.1878981578937020E-05   3   0 0  0 0  0 1  1 1
   117  -.2466444544269011E-05   3   0 0  0 0  0 0  2 1
   118  0.1878090023597661E-05   3   0 0  0 0  0 1  0 2
   119  0.1871818012201876E-05   3   0 0  0 0  0 0  1 2
   120  -.2247308273773317E-06   3   0 0  0 0  0 0  0 3
   121   192.3044772384408       4   4 0  0 0  0 0  0 0
   122   99.35619249575797       4   3 1  0 0  0 0  0 0
   123   24.65107779876231       4   2 2  0 0  0 0  0 0
   124   2.853285280883859       4   1 3  0 0  0 0  0 0
   125  0.1267536796645758       4   0 4  0 0  0 0  0 0
   126  0.8754021078910020E-01   4   3 0  1 0  0 0  0 0
   127  0.3520734487217633E-01   4   2 1  1 0  0 0  0 0
   128  0.5897897269601114E-02   4   1 2  1 0  0 0  0 0
   129  0.3208387475548451E-03   4   0 3  1 0  0 0  0 0
   130  -698.7914290289337       4   2 0  2 0  0 0  0 0
   131  -147.2331601135060       4   1 1  2 0  0 0  0 0
   132  -10.71547783729038       4   0 2  2 0  0 0  0 0
   133  -.6756295789758021E-01   4   1 0  3 0  0 0  0 0
   134  -.5506883832415377E-02   4   0 1  3 0  0 0  0 0
   135   84.18452312319320       4   0 0  4 0  0 0  0 0
   136  0.1206819854011685E-01   4   3 0  0 1  0 0  0 0
   137  0.6084203276559376E-02   4   2 1  0 1  0 0  0 0
   138  0.1215491143445829E-02   4   1 2  0 1  0 0  0 0
   139  0.9522189499935652E-04   4   0 3  0 1  0 0  0 0
   140  -182.5542691360378       4   2 0  1 1  0 0  0 0
   141  -55.56912211420183       4   1 1  1 1  0 0  0 0
   142  -4.558877532525160       4   0 2  1 1  0 0  0 0
   143  -.2129560496990447E-01   4   1 0  2 1  0 0  0 0
   144  -.2902190750149348E-02   4   0 1  2 1  0 0  0 0
   145   34.94341157146449       4   0 0  3 1  0 0  0 0
   146  -19.22316959255108       4   2 0  0 2  0 0  0 0
   147  -6.589390796840011       4   1 1  0 2  0 0  0 0
   148  -.5910852456729306       4   0 2  0 2  0 0  0 0
   149  -.4083511363178996E-02   4   1 0  1 2  0 0  0 0
   150  -.9820264623235338E-03   4   0 1  1 2  0 0  0 0
   151   8.888370196700990       4   0 0  2 2  0 0  0 0
   152  -.2097156576601083E-03   4   1 0  0 3  0 0  0 0
   153  -.3534128978807796E-04   4   0 1  0 3  0 0  0 0
   154   1.267974438938388       4   0 0  1 3  0 0  0 0
   155  0.8203525740106801E-01   4   0 0  0 4  0 0  0 0
   156   7.047254671531629       4   3 0  0 0  0 1  0 0
   157   5.705101074446346       4   2 1  0 0  0 1  0 0
   158   2.487971581106124       4   1 2  0 0  0 1  0 0
   159  0.8369869632111358E-01   4   0 3  0 0  0 1  0 0
   160  0.1120671063462247E-01   4   2 0  1 0  0 1  0 0
   161  0.3275094378576305E-02   4   1 1  1 0  0 1  0 0
   162  0.2452477885616417E-03   4   0 2  1 0  0 1  0 0
   163   4.823549999867863       4   1 0  2 0  0 1  0 0
   164  -.4299908276671352       4   0 1  2 0  0 1  0 0
   165  -.1993020099450747E-02   4   0 0  3 0  0 1  0 0
   166  0.2241228521564716E-02   4   2 0  0 1  0 1  0 0
   167  0.9105458917999021E-03   4   1 1  0 1  0 1  0 0
   168  0.7870028952879505E-04   4   0 2  0 1  0 1  0 0
   169   6.804290314673051       4   1 0  1 1  0 1  0 0
   170   1.452328231768435       4   0 1  1 1  0 1  0 0
   171  -.8869747739665511E-03   4   0 0  2 1  0 1  0 0
   172  -.8261426156938924       4   1 0  0 2  0 1  0 0
   173  -.2868164170850345       4   0 1  0 2  0 1  0 0
   174  -.1914200739836980E-03   4   0 0  1 2  0 1  0 0
   175  -.3314259987757951E-04   4   0 0  0 3  0 1  0 0
   176   7.023719877643419       4   3 0  0 0  0 0  1 0
   177   5.686048495228317       4   2 1  0 0  0 0  1 0
   178   2.479662828110783       4   1 2  0 0  0 0  1 0
   179  0.8341917874179369E-01   4   0 3  0 0  0 0  1 0
   180  0.1116928505015822E-01   4   2 0  1 0  0 0  1 0
   181  0.3264156974614512E-02   4   1 1  1 0  0 0  1 0
   182  0.2444287666269524E-03   4   0 2  1 0  0 0  1 0
   183   4.807441421372083       4   1 0  2 0  0 0  1 0
   184  -.4285548435889738       4   0 1  2 0  0 0  1 0
   185  -.1986364271125845E-02   4   0 0  3 0  0 0  1 0
   186  0.2233743784064818E-02   4   2 0  0 1  0 0  1 0
   187  0.9075050608823263E-03   4   1 1  0 1  0 0  1 0
   188  0.7843746447431195E-04   4   0 2  0 1  0 0  1 0
   189   6.781566917041618       4   1 0  1 1  0 0  1 0
   190   1.447478081293416       4   0 1  1 1  0 0  1 0
   191  -.8840126604255677E-03   4   0 0  2 1  0 0  1 0
   192  -.8233836553485054       4   1 0  0 2  0 0  1 0
   193  -.2858585738433077       4   0 1  0 2  0 0  1 0
   194  -.1907808134209342E-03   4   0 0  1 2  0 0  1 0
   195  -.3303191787538250E-04   4   0 0  0 3  0 0  1 0
   196  -23.38201783182157       4   3 0  0 0  0 0  0 1
   197  -11.37290517434521       4   2 1  0 0  0 0  0 1
   198  -3.001956499788466       4   1 2  0 0  0 0  0 1
   199  -.8699441591163570E-01   4   0 3  0 0  0 0  0 1
   200  0.5148208184748634E-03   4   2 0  1 0  0 0  0 1
   201  0.2524657649438216E-03   4   1 1  1 0  0 0  0 1
   202  0.3331032240948033E-04   4   0 2  1 0  0 0  0 1
   203  -22.94805067429689       4   1 0  2 0  0 0  0 1
   204  0.8506153072368554       4   0 1  2 0  0 0  0 1
   205  -.6349221707437289E-03   4   0 0  3 0  0 0  0 1
   206  0.2241540959097727E-03   4   2 0  0 1  0 0  0 1
   207  -.9150869573442647E-04   4   1 1  0 1  0 0  0 1
   208  -.2747860333041644E-05   4   0 2  0 1  0 0  0 1
   209  -13.60641385210561       4   1 0  1 1  0 0  0 1
   210  -1.888622934475814       4   0 1  1 1  0 0  0 1
   211  -.4023443519016822E-03   4   0 0  2 1  0 0  0 1
   212  0.7090721997164557       4   1 0  0 2  0 0  0 1
   213  0.1465568710395005       4   0 1  0 2  0 0  0 1
   214  -.5301555757329288E-04   4   0 0  1 2  0 0  0 1
   215  0.7642478780274305E-05   4   0 0  0 3  0 0  0 1
   216  -.7654788747719361E-01   4   2 0  0 0  0 2  0 0
   217  -.7845632497253302E-01   4   1 1  0 0  0 2  0 0
   218  -.1316783866118931E-01   4   0 2  0 0  0 2  0 0
   219  -.5243234186083439E-03   4   1 0  1 0  0 2  0 0
   220  -.2453033975967623E-03   4   0 1  1 0  0 2  0 0
   221  -.9560239908081069E-02   4   0 0  2 0  0 2  0 0
   222  0.1239719643105334E-03   4   1 0  0 1  0 2  0 0
   223  0.3939288880499016E-04   4   0 1  0 1  0 2  0 0
   224  0.3040020662232401E-01   4   0 0  1 1  0 2  0 0
   225  0.9115781341035514E-02   4   0 0  0 2  0 2  0 0
   226  -.5774434507611838E-01   4   2 0  0 0  0 1  1 0
   227  -.6429177792223346E-01   4   1 1  0 0  0 1  1 0
   228  -.1372583537520968E-01   4   0 2  0 0  0 1  1 0
   229  -.6225992205461537E-03   4   1 0  1 0  0 1  1 0
   230  -.2511830149723167E-03   4   0 1  1 0  0 1  1 0
   231  -.3608558457913391E-02   4   0 0  2 0  0 1  1 0
   232  0.1411001847725681E-03   4   1 0  0 1  0 1  1 0
   233  0.5496312943904705E-04   4   0 1  0 1  0 1  1 0
   234  0.1604586147199769E-01   4   0 0  1 1  0 1  1 0
   235  0.8882648412743157E-02   4   0 0  0 2  0 1  1 0
   236  -.7619582990303760E-01   4   2 0  0 0  0 0  2 0
   237  -.7808696123731770E-01   4   1 1  0 0  0 0  2 0
   238  -.1310094456638720E-01   4   0 2  0 0  0 0  2 0
   239  -.5215327977680917E-03   4   1 0  1 0  0 0  2 0
   240  -.2440647684351734E-03   4   0 1  1 0  0 0  2 0
   241  -.9522287311219377E-02   4   0 0  2 0  0 0  2 0
   242  0.1233223444621749E-03   4   1 0  0 1  0 0  2 0
   243  0.3916955694692021E-04   4   0 1  0 1  0 0  2 0
   244  0.3027188990036455E-01   4   0 0  1 1  0 0  2 0
   245  0.9070506450365249E-02   4   0 0  0 2  0 0  2 0
   246  0.2129505223106826       4   2 0  0 0  0 1  0 1
   247  0.1303305986261329       4   1 1  0 0  0 1  0 1
   248  0.1494257181265431E-01   4   0 2  0 0  0 1  0 1
   249  0.8411699270998744E-03   4   1 0  1 0  0 1  0 1
   250  0.3260733696359548E-03   4   0 1  1 0  0 1  0 1
   251  0.2257007447016231E-01   4   0 0  2 0  0 1  0 1
   252  -.7891486058436486E-04   4   1 0  0 1  0 1  0 1
   253  -.1575767778154853E-04   4   0 1  0 1  0 1  0 1
   254  -.3145838350896882E-01   4   0 0  1 1  0 1  0 1
   255  -.8519607311006899E-02   4   0 0  0 2  0 1  0 1
   256  0.2122393593281382       4   2 0  0 0  0 0  1 1
   257  0.1298953505871485       4   1 1  0 0  0 0  1 1
   258  0.1489267006166619E-01   4   0 2  0 0  0 0  1 1
   259  0.8383607820097726E-03   4   1 0  1 0  0 0  1 1
   260  0.3249844250888242E-03   4   0 1  1 0  0 0  1 1
   261  0.2249470014704626E-01   4   0 0  2 0  0 0  1 1
   262  -.7865131895501685E-04   4   1 0  0 1  0 0  1 1
   263  -.1570505392785929E-04   4   0 1  0 1  0 0  1 1
   264  -.3135332606370125E-01   4   0 0  1 1  0 0  1 1
   265  -.8491155493750619E-02   4   0 0  0 2  0 0  1 1
   266  -.2146987306969156       4   2 0  0 0  0 0  0 2
   267  -.3793761196064054E-01   4   1 1  0 0  0 0  0 2
   268  -.1596158754797158E-02   4   0 2  0 0  0 0  0 2
   269  -.8563038843037362E-05   4   1 0  1 0  0 0  0 2
   270  -.3406022031278992E-04   4   0 1  1 0  0 0  0 2
   271  -.2237502345315020E-01   4   0 0  2 0  0 0  0 2
   272  -.1016149770959130E-05   4   1 0  0 1  0 0  0 2
   273  -.4008552185952652E-07   4   0 1  0 1  0 0  0 2
   274  -.1353140277955624E-01   4   0 0  1 1  0 0  0 2
   275  -.5498130449004681E-03   4   0 0  0 2  0 0  0 2
   276  -.8748489308060252E-01   4   1 0  0 0  0 3  0 0
   277  -.1009560885658801       4   0 1  0 0  0 3  0 0
   278  -.3910650734826037E-05   4   0 0  1 0  0 3  0 0
   279  -.7456758272437484E-05   4   0 0  0 1  0 3  0 0
   280  -.5646736525714008E-01   4   1 0  0 0  0 2  1 0
   281  -.6574024791541720E-01   4   0 1  0 0  0 2  1 0
   282  -.1967581634289909E-05   4   0 0  1 0  0 2  1 0
   283  -.5330400219484705E-05   4   0 0  0 1  0 2  1 0
   284  -.5662127948100849E-01   4   1 0  0 0  0 1  2 0
   285  -.6591496761217935E-01   4   0 1  0 0  0 1  2 0
   286  -.1977249732959676E-05   4   0 0  1 0  0 1  2 0
   287  -.5340927154209913E-05   4   0 0  0 1  0 1  2 0
   288  -.8695267849084032E-01   4   1 0  0 0  0 0  3 0
   289  -.1003409602376444       4   0 1  0 0  0 0  3 0
   290  -.3887786509704051E-05   4   0 0  1 0  0 0  3 0
   291  -.7410533976438969E-05   4   0 0  0 1  0 0  3 0
   292  0.2158728847828549       4   1 0  0 0  0 2  0 1
   293  0.1314113168733538       4   0 1  0 0  0 2  0 1
   294  0.5045191303728984E-05   4   0 0  1 0  0 2  0 1
   295  0.8411172248697877E-05   4   0 0  0 1  0 2  0 1
   296  0.1540933371964271       4   1 0  0 0  0 1  1 1
   297  0.9638188983027418E-01   4   0 1  0 0  0 1  1 1
   298  0.2940183475311127E-05   4   0 0  1 0  0 1  1 1
   299  0.6299990799994460E-05   4   0 0  0 1  0 1  1 1
   300  0.2148946596957884       4   1 0  0 0  0 0  2 1
   301  0.1308115227109387       4   0 1  0 0  0 0  2 1
   302  0.5023433065855007E-05   4   0 0  1 0  0 0  2 1
   303  0.8372562930544859E-05   4   0 0  0 1  0 0  2 1
   304  -.1538628992763032       4   1 0  0 0  0 1  0 2
   305  -.1292228943032247E-01   4   0 1  0 0  0 1  0 2
   306  -.9742424195359495E-06   4   0 0  1 0  0 1  0 2
   307  0.4215561785299523E-07   4   0 0  0 1  0 1  0 2
   308  -.1533490634933912       4   1 0  0 0  0 0  1 2
   309  -.1287913455193614E-01   4   0 1  0 0  0 0  1 2
   310  -.9709888696629507E-06   4   0 0  1 0  0 0  1 2
   311  0.4201483625454723E-07   4   0 0  0 1  0 0  1 2
   312  0.9877552172986932E-02   4   1 0  0 0  0 0  0 3
   313  0.1401683235687631E-03   4   0 1  0 0  0 0  0 3
   314  0.6338997383483948E-06   4   0 0  1 0  0 0  0 3
   315  0.1215082529684325E-07   4   0 0  0 1  0 0  0 3
   316  -.3198396060866499E-04   4   0 0  0 0  0 4  0 0
   317  -.2030779229615497E-04   4   0 0  0 0  0 3  1 0
   318  -.1876874639624596E-04   4   0 0  0 0  0 2  2 0
   319  -.2039009212790036E-04   4   0 0  0 0  0 1  3 0
   320  -.3173677029681638E-04   4   0 0  0 0  0 0  4 0
   321  0.3913065586410559E-04   4   0 0  0 0  0 3  0 1
   322  0.2730105374874694E-04   4   0 0  0 0  0 2  1 1
   323  0.2735965778917552E-04   4   0 0  0 0  0 1  2 1
   324  0.3888920266236241E-04   4   0 0  0 0  0 0  3 1
   325  -.2979565437766144E-05   4   0 0  0 0  0 2  0 2
   326  -.3603392447317997E-05   4   0 0  0 0  0 1  1 2
   327  -.2963598084098353E-05   4   0 0  0 0  0 0  2 2
   328  0.2597560409700279E-07   4   0 0  0 0  0 1  0 3
   329  0.2588885677240084E-07   4   0 0  0 0  0 0  1 3
   330  0.9739057050279540E-13   4   0 0  0 0  0 0  0 4
   ----------------------------------------------------
     I  COEFFICIENT            ORDER EXPONENTS
     1  -.8281329280262657E-05   0   0 0  0 0  0 0  0 0
     2  0.8937548390435902E-05   1   1 0  0 0  0 0  0 0
     3  0.4728774430641548E-06   1   0 1  0 0  0 0  0 0
     4  0.7296696462769355       1   0 0  1 0  0 0  0 0
     5  0.2315237382363138       1   0 0  0 1  0 0  0 0
     6  -.1069728021120768E-04   1   0 0  0 0  0 1  0 0
     7  -.1066155590484028E-04   1   0 0  0 0  0 0  1 0
     8  0.2135883611467602E-04   1   0 0  0 0  0 0  0 1
     9  0.2103521368104330E-03   2   2 0  0 0  0 0  0 0
    10  0.4428831471719556E-04   2   1 1  0 0  0 0  0 0
    11  0.2362775792228012E-04   2   0 2  0 0  0 0  0 0
    12  0.1166994195216383       2   1 0  1 0  0 0  0 0
    13  0.8524844012339550E-02   2   0 1  1 0  0 0  0 0
    14  -.1596456140106553E-03   2   0 0  2 0  0 0  0 0
    15  0.9837172630053717E-02   2   1 0  0 1  0 0  0 0
    16  0.1150795066739566E-02   2   0 1  0 1  0 0  0 0
    17  0.5683144436568976E-04   2   0 0  1 1  0 0  0 0
    18  0.3366133772503875E-04   2   0 0  0 2  0 0  0 0
    19  -.4625598771934628E-05   2   1 0  0 0  0 1  0 0
    20  -.4977836683935811E-06   2   0 1  0 0  0 1  0 0
    21  0.1293956835458502       2   0 0  1 0  0 1  0 0
    22  -.1067725013428109       2   0 0  0 1  0 1  0 0
    23  -.4610151265241458E-05   2   1 0  0 0  0 0  1 0
    24  -.4961212854398542E-06   2   0 1  0 0  0 0  1 0
    25  0.1289635577203747       2   0 0  1 0  0 0  1 0
    26  -.1064159271973951       2   0 0  0 1  0 0  1 0
    27  0.9235750896770485E-05   2   1 0  0 0  0 0  0 1
    28  0.5210252420405227E-06   2   0 1  0 0  0 0  0 1
    29  -.2583592412335649       2   0 0  1 0  0 0  0 1
    30  -.1833530968969672E-01   2   0 0  0 1  0 0  0 1
    31  0.7794516852788474E-05   2   0 0  0 0  0 2  0 0
    32  0.4911024210534153E-05   2   0 0  0 0  0 1  1 0
    33  0.7760286172881868E-05   2   0 0  0 0  0 0  2 0
    34  -.9802782133365820E-05   2   0 0  0 0  0 1  0 1
    35  -.9770045065132505E-05   2   0 0  0 0  0 0  1 1
    36  -.8929996349513799E-06   2   0 0  0 0  0 0  0 2
    37  0.4929168386525495E-02   3   3 0  0 0  0 0  0 0
    38  0.1321782557443789E-02   3   2 1  0 0  0 0  0 0
    39  0.1710210139011879E-03   3   1 2  0 0  0 0  0 0
    40  0.8350400902269474E-05   3   0 3  0 0  0 0  0 0
    41  -.9124010494850138       3   2 0  1 0  0 0  0 0
    42  -.4712143141075164       3   1 1  1 0  0 0  0 0
    43  -.2717798744889260       3   0 2  1 0  0 0  0 0
    44  -.1170924629905331E-01   3   1 0  2 0  0 0  0 0
    45  -.8671678294158678E-03   3   0 1  2 0  0 0  0 0
    46  0.1001502881158037       3   0 0  3 0  0 0  0 0
    47  -1.219580772023230       3   2 0  0 1  0 0  0 0
    48  -.8487143717661717E-01   3   1 1  0 1  0 0  0 0
    49  0.8651028111018931E-01   3   0 2  0 1  0 0  0 0
    50  -.2029194336960592E-02   3   1 0  1 1  0 0  0 0
    51  -.2300217258438343E-03   3   0 1  1 1  0 0  0 0
    52  -.3018108232940757       3   0 0  2 1  0 0  0 0
    53  -.1250258816888499E-03   3   1 0  0 2  0 0  0 0
    54  -.1626169051784261E-04   3   0 1  0 2  0 0  0 0
    55  -.3785424003492463       3   0 0  1 2  0 0  0 0
    56  0.7964293121313198E-01   3   0 0  0 3  0 0  0 0
    57  -.1502362353355406E-03   3   2 0  0 0  0 1  0 0
    58  -.6527196595531860E-04   3   1 1  0 0  0 1  0 0
    59  -.3516814879790122E-04   3   0 2  0 0  0 1  0 0
    60  -.5580455727421878E-01   3   1 0  1 0  0 1  0 0
    61  -.8138101484084831E-02   3   0 1  1 0  0 1  0 0
    62  0.4193139322838496E-04   3   0 0  2 0  0 1  0 0
    63  -.1012696421624350E-01   3   1 0  0 1  0 1  0 0
    64  -.1724555100211503E-02   3   0 1  0 1  0 1  0 0
    65  -.3742828626571275E-05   3   0 0  1 1  0 1  0 0
    66  -.4377866007134972E-04   3   0 0  0 2  0 1  0 0
    67  -.1497345110474365E-03   3   2 0  0 0  0 0  1 0
    68  -.6505398571520621E-04   3   1 1  0 0  0 0  1 0
    69  -.3505070233513436E-04   3   0 2  0 0  0 0  1 0
    70  -.5561819409952372E-01   3   1 0  1 0  0 0  1 0
    71  -.8110923731896704E-02   3   0 1  1 0  0 0  1 0
    72  0.4179136044355295E-04   3   0 0  2 0  0 0  1 0
    73  -.1009314451954585E-01   3   1 0  0 1  0 0  1 0
    74  -.1718795829300499E-02   3   0 1  0 1  0 0  1 0
    75  -.3730329191771491E-05   3   0 0  1 1  0 0  1 0
    76  -.4363245821126345E-04   3   0 0  0 2  0 0  1 0
    77  0.3004377480904715E-03   3   2 0  0 0  0 0  0 1
    78  0.8617300969004036E-04   3   1 1  0 0  0 0  0 1
    79  0.2297257574533238E-04   3   0 2  0 0  0 0  0 1
    80  0.1114228679839160       3   1 0  1 0  0 0  0 1
    81  0.7724273307752440E-02   3   0 1  1 0  0 0  0 1
    82  -.8407232105051418E-04   3   0 0  2 0  0 0  0 1
    83  0.1038304031639682E-01   3   1 0  0 1  0 0  0 1
    84  0.1141785662947646E-02   3   0 1  0 1  0 0  0 1
    85  -.4948457379840222E-04   3   0 0  1 1  0 0  0 1
    86  0.2007368956999713E-04   3   0 0  0 2  0 0  0 1
    87  0.3540629724789898E-05   3   1 0  0 0  0 2  0 0
    88  0.5045632962747406E-06   3   0 1  0 0  0 2  0 0
    89  -.9402703177936735E-01   3   0 0  1 0  0 2  0 0
    90  0.7547280820236961E-01   3   0 0  0 1  0 2  0 0
    91  0.2476434396852872E-05   3   1 0  0 0  0 1  1 0
    92  0.5213302727299733E-06   3   0 1  0 0  0 1  1 0
    93  -.5889322618711785E-01   3   0 0  1 0  0 1  1 0
    94  0.4438099051772348E-01   3   0 0  0 1  0 1  1 0
    95  0.3524670435307156E-05   3   1 0  0 0  0 0  2 0
    96  0.5020077630523801E-06   3   0 1  0 0  0 0  2 0
    97  -.9361468301120865E-01   3   0 0  1 0  0 0  2 0
    98  0.7514665485265705E-01   3   0 0  0 1  0 0  2 0
    99  -.4971143854846318E-05   3   1 0  0 0  0 1  0 1
   100  -.5567487401311117E-06   3   0 1  0 0  0 1  0 1
   101  0.1175517812820967       3   0 0  1 0  0 1  0 1
   102  0.1821834119485632E-01   3   0 0  0 1  0 1  0 1
   103  -.4954542376474193E-05   3   1 0  0 0  0 0  1 1
   104  -.5548894392462655E-06   3   0 1  0 0  0 0  1 1
   105  0.1171592089865561       3   0 0  1 0  0 0  1 1
   106  0.1815749978568496E-01   3   0 0  0 1  0 0  1 1
   107  0.3679070660168387E-06   3   1 0  0 0  0 0  0 2
   108  0.6074399497617861E-07   3   0 1  0 0  0 0  0 2
   109  0.1182407986784091E-01   3   0 0  1 0  0 0  0 2
   110  0.1473717297354712E-03   3   0 0  0 1  0 0  0 2
   111  -.6347028508057406E-05   3   0 0  0 0  0 3  0 0
   112  -.3456538876518027E-05   3   0 0  0 0  0 2  1 0
   113  -.3470912181307631E-05   3   0 0  0 0  0 1  2 0
   114  -.6309481715611913E-05   3   0 0  0 0  0 0  3 0
   115  0.6907829861784884E-05   3   0 0  0 0  0 2  0 1
   116  0.4031979273330147E-05   3   0 0  0 0  0 1  1 1
   117  0.6878028150000606E-05   3   0 0  0 0  0 0  2 1
   118  0.8792471888611670E-06   3   0 0  0 0  0 1  0 2
   119  0.8763108821245588E-06   3   0 0  0 0  0 0  1 2
   120  0.1016405482821229E-07   3   0 0  0 0  0 0  0 3
   121  0.2433078155392179E-02   4   4 0  0 0  0 0  0 0
   122  0.7367198198283295E-03   4   3 1  0 0  0 0  0 0
   123  0.5088402116622823E-04   4   2 2  0 0  0 0  0 0
   124  0.4209085153549197E-05   4   1 3  0 0  0 0  0 0
   125  0.9044601684238637E-05   4   0 4  0 0  0 0  0 0
   126  -57.38207880905436       4   3 0  1 0  0 0  0 0
   127  -13.00354047681180       4   2 1  1 0  0 0  0 0
   128  -1.432375278340154       4   1 2  1 0  0 0  0 0
   129  -.5313232140601001E-01   4   0 3  1 0  0 0  0 0
   130  -.1507050619081910E-01   4   2 0  2 0  0 0  0 0
   131  -.2730050733422411E-02   4   1 1  2 0  0 0  0 0
   132  -.2607195958593952E-03   4   0 2  2 0  0 0  0 0
   133   46.66739694931739       4   1 0  3 0  0 0  0 0
   134   3.328229372839810       4   0 1  3 0  0 0  0 0
   135  0.1276781008457160E-02   4   0 0  4 0  0 0  0 0
   136  -4.984253376392497       4   3 0  0 1  0 0  0 0
   137  -1.792247732620449       4   2 1  0 1  0 0  0 0
   138  -.2090101577412511       4   1 2  0 1  0 0  0 0
   139  -.7679172350703188E-02   4   0 3  0 1  0 0  0 0
   140  -.2392166019874658E-02   4   2 0  1 1  0 0  0 0
   141  -.4286607464680414E-03   4   1 1  1 1  0 0  0 0
   142  -.1838038987576400E-03   4   0 2  1 1  0 0  0 0
   143   10.68911424631804       4   1 0  2 1  0 0  0 0
   144   1.247933154295471       4   0 1  2 1  0 0  0 0
   145  0.6185171539345219E-03   4   0 0  3 1  0 0  0 0
   146  -.3095645451019353E-03   4   2 0  0 2  0 0  0 0
   147  -.1949459582155279E-04   4   1 1  0 2  0 0  0 0
   148  0.3930401275563016E-04   4   0 2  0 2  0 0  0 0
   149   1.562822175489454       4   1 0  1 2  0 0  0 0
   150  0.2039650939143729       4   0 1  1 2  0 0  0 0
   151  0.2118701413135761E-03   4   0 0  2 2  0 0  0 0
   152  0.9193186194813478E-01   4   1 0  0 3  0 0  0 0
   153  0.1343281701852852E-01   4   0 1  0 3  0 0  0 0
   154  -.9861641525593141E-04   4   0 0  1 3  0 0  0 0
   155  0.3052152701451542E-04   4   0 0  0 4  0 0  0 0
   156  0.2162694059271629E-03   4   3 0  0 0  0 1  0 0
   157  -.6908288693851420E-04   4   2 1  0 0  0 1  0 0
   158  -.5220774207911553E-04   4   1 2  0 0  0 1  0 0
   159  -.6676241199242567E-05   4   0 3  0 0  0 1  0 0
   160  0.9564215958063768       4   2 0  1 0  0 1  0 0
   161  0.6824538035656045       4   1 1  1 0  0 1  0 0
   162  0.4013213065091563       4   0 2  1 0  0 1  0 0
   163  -.5759928081387602E-03   4   1 0  2 0  0 1  0 0
   164  -.8094845388364571E-04   4   0 1  2 0  0 1  0 0
   165  0.9564907988575150E-01   4   0 0  3 0  0 1  0 0
   166   1.287052885513280       4   2 0  0 1  0 1  0 0
   167  0.1713084032618106       4   1 1  0 1  0 1  0 0
   168  -.1092039478410600       4   0 2  0 1  0 1  0 0
   169  -.7798196881228891E-04   4   1 0  1 1  0 1  0 0
   170  -.2325861761169939E-04   4   0 1  1 1  0 1  0 0
   171  0.3946847939697975E-02   4   0 0  2 1  0 1  0 0
   172  -.4920516488695185E-04   4   1 0  0 2  0 1  0 0
   173  -.9402232316429544E-05   4   0 1  0 2  0 1  0 0
   174  0.4895483189468805       4   0 0  1 2  0 1  0 0
   175  -.1008250596805350       4   0 0  0 3  0 1  0 0
   176  0.2155471593034705E-03   4   3 0  0 0  0 0  1 0
   177  -.6885217986447306E-04   4   2 1  0 0  0 0  1 0
   178  -.5203339071727789E-04   4   1 2  0 0  0 0  1 0
   179  -.6653945430479323E-05   4   0 3  0 0  0 0  1 0
   180  0.9532275598055933       4   2 0  1 0  0 0  1 0
   181  0.6801747019361446       4   1 1  1 0  0 0  1 0
   182  0.3999810662777664       4   0 2  1 0  0 0  1 0
   183  -.5740692403591854E-03   4   1 0  2 0  0 0  1 0
   184  -.8067812092896830E-04   4   0 1  2 0  0 0  1 0
   185  0.9532965317483760E-01   4   0 0  3 0  0 0  1 0
   186   1.282754683476379       4   2 0  0 1  0 0  1 0
   187  0.1707363070129886       4   1 1  0 1  0 0  1 0
   188  -.1088392537120690       4   0 2  0 1  0 0  1 0
   189  -.7772154263946927E-04   4   1 0  1 1  0 0  1 0
   190  -.2318094385118879E-04   4   0 1  1 1  0 0  1 0
   191  0.3933667168305262E-02   4   0 0  2 1  0 0  1 0
   192  -.4904084083910293E-04   4   1 0  0 2  0 0  1 0
   193  -.9370832911984890E-05   4   0 1  0 2  0 0  1 0
   194  0.4879134385116303       4   0 0  1 2  0 0  1 0
   195  -.1004883474274743       4   0 0  0 3  0 0  1 0
   196  0.1772813397779223E-03   4   3 0  0 0  0 0  0 1
   197  0.2166454831761061E-03   4   2 1  0 0  0 0  0 1
   198  0.5113441373755695E-04   4   1 2  0 0  0 0  0 1
   199  0.3893165017297098E-05   4   0 3  0 0  0 0  0 1
   200  -1.914464015073676       4   2 0  1 0  0 0  0 1
   201  -.8928098102355468       4   1 1  1 0  0 0  0 1
   202  -.2578409037015728       4   0 2  1 0  0 0  0 1
   203  -.1567220407942304E-03   4   1 0  2 0  0 0  0 1
   204  -.1491465041883955E-04   4   0 1  2 0  0 0  0 1
   205  -.1897478958010521       4   0 0  3 0  0 0  0 1
   206  -1.351132583479342       4   2 0  0 1  0 0  0 1
   207  -.1725643421035574       4   1 1  0 1  0 0  0 1
   208  -.4150372857038817E-01   4   0 2  0 1  0 0  0 1
   209  -.1609399429189760E-03   4   1 0  1 1  0 0  0 1
   210  -.1239122567190999E-04   4   0 1  1 1  0 0  0 1
   211  0.2945547464385599       4   0 0  2 1  0 0  0 1
   212  0.1582893281544567E-04   4   1 0  0 2  0 0  0 1
   213  0.2520646270429445E-05   4   0 1  0 2  0 0  0 1
   214  -.2202384419008495       4   0 0  1 2  0 0  0 1
   215  -.3760310863292565E-01   4   0 0  0 3  0 0  0 1
   216  -.9982492658056988E-04   4   2 0  0 0  0 2  0 0
   217  -.1280439218126218E-04   4   1 1  0 0  0 2  0 0
   218  0.2106784358128777E-04   4   0 2  0 0  0 2  0 0
   219  0.4068088588436947E-01   4   1 0  1 0  0 2  0 0
   220  0.8179731329534055E-02   4   0 1  1 0  0 2  0 0
   221  -.2033915506616881E-04   4   0 0  2 0  0 2  0 0
   222  0.1035122850163238E-01   4   1 0  0 1  0 2  0 0
   223  0.2059329267310391E-02   4   0 1  0 1  0 2  0 0
   224  -.1341912113233977E-03   4   0 0  1 1  0 2  0 0
   225  0.4849996810817090E-04   4   0 0  0 2  0 2  0 0
   226  -.1214645483236914E-03   4   2 0  0 0  0 1  1 0
   227  -.1932889425797623E-04   4   1 1  0 0  0 1  1 0
   228  0.2331554960901174E-04   4   0 2  0 0  0 1  1 0
   229  0.2545995882637379E-01   4   1 0  1 0  0 1  1 0
   230  0.7944967711110865E-02   4   0 1  1 0  0 1  1 0
   231  0.2253298134125749E-04   4   0 0  2 0  0 1  1 0
   232  0.1058250807037607E-01   4   1 0  0 1  0 1  1 0
   233  0.2476887189751178E-02   4   0 1  0 1  0 1  1 0
   234  -.1518449516770928E-03   4   0 0  1 1  0 1  1 0
   235  0.5246388646995085E-04   4   0 0  0 2  0 1  1 0
   236  -.9928873471538872E-04   4   2 0  0 0  0 0  2 0
   237  -.1272935593995689E-04   4   1 1  0 0  0 0  2 0
   238  0.2095855411755953E-04   4   0 2  0 0  0 0  2 0
   239  0.4050251660941686E-01   4   1 0  1 0  0 0  2 0
   240  0.8139148167296249E-02   4   0 1  1 0  0 0  2 0
   241  -.2030885627656669E-04   4   0 0  2 0  0 0  2 0
   242  0.1029898935042206E-01   4   1 0  0 1  0 0  2 0
   243  0.2048316126985639E-02   4   0 1  0 1  0 0  2 0
   244  -.1334895221478360E-03   4   0 0  1 1  0 0  2 0
   245  0.4825039572682430E-04   4   0 0  0 2  0 0  2 0
   246  0.8604174038269290E-04   4   2 0  0 0  0 1  0 1
   247  0.1160514303360031E-04   4   1 1  0 0  0 1  0 1
   248  0.4306798418855677E-05   4   0 2  0 0  0 1  0 1
   249  -.5056565728318176E-01   4   1 0  1 0  0 1  0 1
   250  -.7175482660283903E-02   4   0 1  1 0  0 1  0 1
   251  -.4604434903597457E-04   4   0 0  2 0  0 1  0 1
   252  -.1098500003719202E-01   4   1 0  0 1  0 1  0 1
   253  -.1759519601679355E-02   4   0 1  0 1  0 1  0 1
   254  0.6767226346826184E-04   4   0 0  1 1  0 1  0 1
   255  0.2100201056907662E-04   4   0 0  0 2  0 1  0 1
   256  0.8575439804584404E-04   4   2 0  0 0  0 0  1 1
   257  0.1156638685661098E-04   4   1 1  0 0  0 0  1 1
   258  0.4292415567968348E-05   4   0 2  0 0  0 0  1 1
   259  -.5039678977697558E-01   4   1 0  1 0  0 0  1 1
   260  -.7151519640167578E-02   4   0 1  1 0  0 0  1 1
   261  -.4589058075104873E-04   4   0 0  2 0  0 0  1 1
   262  -.1094831487058647E-01   4   1 0  0 1  0 0  1 1
   263  -.1753643564399931E-02   4   0 1  0 1  0 0  1 1
   264  0.6744626726876222E-04   4   0 0  1 1  0 0  1 1
   265  0.2093187290369931E-04   4   0 0  0 2  0 0  1 1
   266  -.1591407039097873E-06   4   2 0  0 0  0 0  0 2
   267  -.3233783851184639E-07   4   1 1  0 0  0 0  0 2
   268  0.8255323197233199E-08   4   0 2  0 0  0 0  0 2
   269  -.5506904414536317E-02   4   1 0  1 0  0 0  0 2
   270  -.8219751017091067E-03   4   0 1  1 0  0 0  0 2
   271  0.7308992471943639E-04   4   0 0  2 0  0 0  0 2
   272  0.5635152279755201E-03   4   1 0  0 1  0 0  0 2
   273  -.1027404720481048E-04   4   0 1  0 1  0 0  0 2
   274  0.1904949749318688E-04   4   0 0  1 1  0 0  0 2
   275  0.9343412899408940E-06   4   0 0  0 2  0 0  0 2
   276  -.6713931522884136E-05   4   1 0  0 0  0 3  0 0
   277  -.1388189885180107E-05   4   0 1  0 0  0 3  0 0
   278  0.7639246111297200E-01   4   0 0  1 0  0 3  0 0
   279  -.5986751185727839E-01   4   0 0  0 1  0 3  0 0
   280  -.4581513756513687E-05   4   1 0  0 0  0 2  1 0
   281  -.1469617070052519E-05   4   0 1  0 0  0 2  1 0
   282  0.4117908840224794E-01   4   0 0  1 0  0 2  1 0
   283  -.2871042837685082E-01   4   0 0  0 1  0 2  1 0
   284  -.4592083473296152E-05   4   1 0  0 0  0 1  2 0
   285  -.1469185949344455E-05   4   0 1  0 0  0 1  2 0
   286  0.4135420666317935E-01   4   0 0  1 0  0 1  2 0
   287  -.2886550369780734E-01   4   0 0  0 1  0 1  2 0
   288  -.6672674597915453E-05   4   1 0  0 0  0 0  3 0
   289  -.1378790228221853E-05   4   0 1  0 0  0 0  3 0
   290  0.7594125510656327E-01   4   0 0  1 0  0 0  3 0
   291  -.5951983530389150E-01   4   0 0  0 1  0 0  3 0
   292  0.7871309645014495E-05   4   1 0  0 0  0 2  0 1
   293  0.1336536700912640E-05   4   0 1  0 0  0 2  0 1
   294  -.8229580193243853E-01   4   0 0  1 0  0 2  0 1
   295  -.1810319942561799E-01   4   0 0  0 1  0 2  0 1
   296  0.5761989117232962E-05   4   1 0  0 0  0 1  1 1
   297  0.1396234241632859E-05   4   0 1  0 0  0 1  1 1
   298  -.4727284011196810E-01   4   0 0  1 0  0 1  1 1
   299  -.1798829960552847E-01   4   0 0  0 1  0 1  1 1
   300  0.7835401582222651E-05   4   1 0  0 0  0 0  2 1
   301  0.1329741833988580E-05   4   0 1  0 0  0 0  2 1
   302  -.8194203395798368E-01   4   0 0  1 0  0 0  2 1
   303  -.1801270595564562E-01   4   0 0  0 1  0 0  2 1
   304  -.6714904428272075E-07   4   1 0  0 0  0 1  0 2
   305  0.2313514130313490E-08   4   0 1  0 0  0 1  0 2
   306  -.1162204468330545E-01   4   0 0  1 0  0 1  0 2
   307  -.2309849288825054E-03   4   0 0  0 1  0 1  0 2
   308  -.6692479540981790E-07   4   1 0  0 0  0 0  1 2
   309  0.2305787990030638E-08   4   0 1  0 0  0 0  1 2
   310  -.1158323206208916E-01   4   0 0  1 0  0 0  1 2
   311  -.2302135387531716E-03   4   0 0  0 1  0 0  1 2
   312  0.1050417449250625E-07   4   1 0  0 0  0 0  0 3
   313  -.3939926381529412E-09   4   0 1  0 0  0 0  0 3
   314  -.1478234583035682E-03   4   0 0  1 0  0 0  0 3
   315  0.6340645981977903E-05   4   0 0  0 1  0 0  0 3
   316  0.6729061321589631E-05   4   0 0  0 0  0 4  0 0
   317  0.2895948860053931E-05   4   0 0  0 0  0 3  1 0
   318  0.2390892889491630E-05   4   0 0  0 0  0 2  2 0
   319  0.2923071173619981E-05   4   0 0  0 0  0 1  3 0
   320  0.6679341858080121E-05   4   0 0  0 0  0 0  4 0
   321  0.1525040890384178E-05   4   0 0  0 0  0 3  0 1
   322  0.1786655435627267E-05   4   0 0  0 0  0 2  1 1
   323  0.1785319403318095E-05   4   0 0  0 0  0 1  2 1
   324  0.1514428083050473E-05   4   0 0  0 0  0 0  3 1
   325  0.1637542114250735E-07   4   0 0  0 0  0 2  0 2
   326  0.2369432366497072E-07   4   0 0  0 0  0 1  1 2
   327  0.1628116987669297E-07   4   0 0  0 0  0 0  2 2
   328  -.3879620263164809E-09   4   0 0  0 0  0 1  0 3
   329  -.3866664003243221E-09   4   0 0  0 0  0 0  1 3
   330  0.2545808439862172E-14   4   0 0  0 0  0 0  0 4
   ----------------------------------------------------
     I  COEFFICIENT            ORDER EXPONENTS
     1  0.1824796989967546E-03   0   0 0  0 0  0 0  0 0
     2  0.7150283190493774E-04   1   1 0  0 0  0 0  0 0
     3  0.8971097888790284E-05   1   0 1  0 0  0 0  0 0
     4  -2.019574229302761       1   0 0  1 0  0 0  0 0
     5  0.7296735270807402       1   0 0  0 1  0 0  0 0
     6  0.9299604620259316E-05   1   0 0  0 0  0 1  0 0
     7  0.9268547948096856E-05   1   0 0  0 0  0 0  1 0
     8  0.1639115464299216E-03   1   0 0  0 0  0 0  0 1
     9  0.1174300131858662E-02   2   2 0  0 0  0 0  0 0
    10  0.2157933195532312E-03   2   1 1  0 0  0 0  0 0
    11  0.7581677947924713E-04   2   0 2  0 0  0 0  0 0
    12  0.8552755512764131       2   1 0  1 0  0 0  0 0
    13  0.9957121747694291E-01   2   0 1  1 0  0 0  0 0
    14  0.7233213953173256E-03   2   0 0  2 0  0 0  0 0
    15  0.1274511212247326       2   1 0  0 1  0 0  0 0
    16  0.1988383821264434E-01   2   0 1  0 1  0 0  0 0
    17  0.6197493848257302E-03   2   0 0  1 1  0 0  0 0
    18  -.2334499814478669E-04   2   0 0  0 2  0 0  0 0
    19  -.4609134125888028E-05   2   1 0  0 0  0 1  0 0
    20  -.5275207671115979E-05   2   0 1  0 0  0 1  0 0
    21  -.1157703144270990       2   0 0  1 0  0 1  0 0
    22  0.1293939143873791       2   0 0  0 1  0 1  0 0
    23  -.4593741604017950E-05   2   1 0  0 0  0 0  1 0
    24  -.5257590750620888E-05   2   0 1  0 0  0 0  1 0
    25  -.1153836914632068       2   0 0  1 0  0 0  1 0
    26  0.1289617944701303       2   0 0  0 1  0 0  1 0
    27  0.8070613046242217E-04   2   1 0  0 0  0 0  0 1
    28  0.1053285731489138E-04   2   0 1  0 0  0 0  0 1
    29  -1.788420223181455       2   0 0  1 0  0 0  0 1
    30  -.2583557087908172       2   0 0  0 1  0 0  0 1
    31  -.6805405869353392E-05   2   0 0  0 0  0 2  0 0
    32  -.4327745675127698E-05   2   0 0  0 0  0 1  1 0
    33  -.6775452343421765E-05   2   0 0  0 0  0 0  2 0
    34  0.1793851216070262E-04   2   0 0  0 0  0 1  0 1
    35  0.1787860525992493E-04   2   0 0  0 0  0 0  1 1
    36  -.1790854173682967E-04   2   0 0  0 0  0 0  0 2
    37  0.4518532081354292E-01   3   3 0  0 0  0 0  0 0
    38  0.1827581747604433E-01   3   2 1  0 0  0 0  0 0
    39  0.2969394364576080E-02   3   1 2  0 0  0 0  0 0
    40  0.1775334391259348E-03   3   0 3  0 0  0 0  0 0
    41  -18.92826992620692       3   2 0  1 0  0 0  0 0
    42  -6.320617234535496       3   1 1  1 0  0 0  0 0
    43  -1.229608783397056       3   0 2  1 0  0 0  0 0
    44  -.8423585648690084E-01   3   1 0  2 0  0 0  0 0
    45  -.9726519155205770E-02   3   0 1  2 0  0 0  0 0
    46  -2.938458427995217       3   0 0  3 0  0 0  0 0
    47  -1.726828949375535       3   2 0  0 1  0 0  0 0
    48  -1.301381918665666       3   1 1  0 1  0 0  0 0
    49  -.3578903774607937       3   0 2  0 1  0 0  0 0
    50  -.2436095074810519E-01   3   1 0  1 1  0 0  0 0
    51  -.3783636113497122E-02   3   0 1  1 1  0 0  0 0
    52  -2.268148036008296       3   0 0  2 1  0 0  0 0
    53  -.2445922601208855E-02   3   1 0  0 2  0 0  0 0
    54  -.4201004738418174E-03   3   0 1  0 2  0 0  0 0
    55  0.6290150421802111       3   0 0  1 2  0 0  0 0
    56  -.2774724065881168E-01   3   0 0  0 3  0 0  0 0
    57  -.6934028898942740E-03   3   2 0  0 0  0 1  0 0
    58  -.3406798324749605E-03   3   1 1  0 0  0 1  0 0
    59  -.7876688010671457E-04   3   0 2  0 0  0 1  0 0
    60  0.5968198214875575E-01   3   1 0  1 0  0 1  0 0
    61  -.3979681025628747E-01   3   0 1  1 0  0 1  0 0
    62  -.8754841217550074E-04   3   0 0  2 0  0 1  0 0
    63  -.6723668609832845E-01   3   1 0  0 1  0 1  0 0
    64  -.1950665214294410E-01   3   0 1  0 1  0 1  0 0
    65  -.4022476086818787E-03   3   0 0  1 1  0 1  0 0
    66  0.7695276329405826E-05   3   0 0  0 2  0 1  0 0
    67  -.6910872230345169E-03   3   2 0  0 0  0 0  1 0
    68  -.3395421086359822E-03   3   1 1  0 0  0 0  1 0
    69  -.7850383266839572E-04   3   0 2  0 0  0 0  1 0
    70  0.5948267004579202E-01   3   1 0  1 0  0 0  1 0
    71  -.3966390605877451E-01   3   0 1  1 0  0 0  1 0
    72  -.8725603820409934E-04   3   0 0  2 0  0 0  1 0
    73  -.6701214453955059E-01   3   1 0  0 1  0 0  1 0
    74  -.1944150833034895E-01   3   0 1  0 1  0 0  1 0
    75  -.4009042750003840E-03   3   0 0  1 1  0 0  1 0
    76  0.7669577422417688E-05   3   0 0  0 2  0 0  1 0
    77  0.2563483925917819E-02   3   2 0  0 0  0 0  0 1
    78  0.6827230769781386E-03   3   1 1  0 0  0 0  0 1
    79  0.8176724858705909E-04   3   0 2  0 0  0 0  0 1
    80  0.7361034609196071       3   1 0  1 0  0 0  0 1
    81  0.7946045362923407E-01   3   0 1  1 0  0 0  0 1
    82  0.8954277021631804E-03   3   0 0  2 0  0 0  0 1
    83  0.1342483769357311       3   1 0  0 1  0 0  0 1
    84  0.1906435984418529E-01   3   0 1  0 1  0 0  0 1
    85  0.8016572444589483E-03   3   0 0  1 1  0 0  0 1
    86  0.7722897139325294E-05   3   0 0  0 2  0 0  0 1
    87  0.3542536937477595E-05   3   1 0  0 0  0 2  0 0
    88  0.4238231126199718E-05   3   0 1  0 0  0 2  0 0
    89  0.8460482432919235E-01   3   0 0  1 0  0 2  0 0
    90  -.9402577379762302E-01   3   0 0  0 1  0 2  0 0
    91  0.2681091957894682E-05   3   1 0  0 0  0 1  1 0
    92  0.3308621831486757E-05   3   0 1  0 0  0 1  1 0
    93  0.5364605215631640E-01   3   0 0  1 0  0 1  1 0
    94  -.5889248241079567E-01   3   0 0  0 1  0 1  1 0
    95  0.3526229544684570E-05   3   1 0  0 0  0 0  2 0
    96  0.4218552574988836E-05   3   0 1  0 0  0 0  2 0
    97  0.8423270332392543E-01   3   0 0  1 0  0 0  2 0
    98  -.9361343047252757E-01   3   0 0  0 1  0 0  2 0
    99  -.1009955437757271E-04   3   1 0  0 0  0 1  0 1
   100  -.6776778033111046E-05   3   0 1  0 0  0 1  0 1
   101  -.2228554009574586       3   0 0  1 0  0 1  0 1
   102  0.1175503132163306       3   0 0  0 1  0 1  0 1
   103  -.1006582621792509E-04   3   1 0  0 0  0 0  1 1
   104  -.6754146514644769E-05   3   0 1  0 0  0 0  1 1
   105  -.2221111599483198       3   0 0  1 0  0 0  1 1
   106  0.1171577458234969       3   0 0  0 1  0 0  1 1
   107  0.1035730473875087E-04   3   1 0  0 0  0 0  0 2
   108  0.1605750058698680E-05   3   0 1  0 0  0 0  0 2
   109  0.2224831399636273       3   0 0  1 0  0 0  0 2
   110  0.1182375344799588E-01   3   0 0  0 1  0 0  0 2
   111  0.5560562888977114E-05   3   0 0  0 0  0 3  0 0
   112  0.3078045123463890E-05   3   0 0  0 0  0 2  1 0
   113  0.3090387909751627E-05   3   0 0  0 0  0 1  2 0
   114  0.5527585658701436E-05   3   0 0  0 0  0 0  3 0
   115  -.1295813388578358E-04   3   0 0  0 0  0 2  0 1
   116  -.8012205743483876E-05   3   0 0  0 0  0 1  1 1
   117  -.1290148064502987E-04   3   0 0  0 0  0 0  2 1
   118  0.7996687205413190E-05   3   0 0  0 0  0 1  0 2
   119  0.7969981715979445E-05   3   0 0  0 0  0 0  1 2
   120  0.6476202087926063E-06   3   0 0  0 0  0 0  0 3
   121  0.2425437543819161E-01   4   4 0  0 0  0 0  0 0
   122  0.1361004257400281E-01   4   3 1  0 0  0 0  0 0
   123  0.3335690688843862E-02   4   2 2  0 0  0 0  0 0
   124  0.2786756735843079E-03   4   1 3  0 0  0 0  0 0
   125  -.3006126350801675E-04   4   0 4  0 0  0 0  0 0
   126  -471.8510818407435       4   3 0  1 0  0 0  0 0
   127  -179.1953705232639       4   2 1  1 0  0 0  0 0
   128  -28.24220205104008       4   1 2  1 0  0 0  0 0
   129  -1.557847359819712       4   0 3  1 0  0 0  0 0
   130  -.1019020724279450       4   2 0  2 0  0 0  0 0
   131  -.1975131652585627E-01   4   1 1  2 0  0 0  0 0
   132  -.1754135706578223E-02   4   0 2  2 0  0 0  0 0
   133   306.2831229068427       4   1 0  3 0  0 0  0 0
   134   32.87206327013615       4   0 1  3 0  0 0  0 0
   135  0.1194295539065353E-01   4   0 0  4 0  0 0  0 0
   136  -79.79051366654502       4   3 0  0 1  0 0  0 0
   137  -38.93831749671200       4   2 1  0 1  0 0  0 0
   138  -6.752975138762258       4   1 2  0 1  0 0  0 0
   139  -.3980891329322211       4   0 3  0 1  0 0  0 0
   140  -.2184391608244437E-01   4   2 0  1 1  0 0  0 0
   141  -.5612289235327379E-02   4   1 1  1 1  0 0  0 0
   142  0.5949656917068769E-04   4   0 2  1 1  0 0  0 0
   143   122.0573201232137       4   1 0  2 1  0 0  0 0
   144   17.56108705360539       4   0 1  2 1  0 0  0 0
   145  0.7431706619554343E-02   4   0 0  3 1  0 0  0 0
   146  -.3059502511089647E-02   4   2 0  0 2  0 0  0 0
   147  -.1263103016943859E-02   4   1 1  0 2  0 0  0 0
   148  -.1255385958390906E-03   4   0 2  0 2  0 0  0 0
   149   23.39081997912505       4   1 0  1 2  0 0  0 0
   150   3.832635302609385       4   0 1  1 2  0 0  0 0
   151  0.2226363818593436E-02   4   0 0  2 2  0 0  0 0
   152   1.842997068256372       4   1 0  0 3  0 0  0 0
   153  0.3287078558181925       4   0 1  0 3  0 0  0 0
   154  0.3390895678237394E-03   4   0 0  1 3  0 0  0 0
   155  0.1789346872749995E-04   4   0 0  0 4  0 0  0 0
   156  0.4630961451595453E-02   4   3 0  0 0  0 1  0 0
   157  0.2162037196085161E-02   4   2 1  0 0  0 1  0 0
   158  0.3433396790758868E-03   4   1 2  0 0  0 1  0 0
   159  0.3201354614378798E-05   4   0 3  0 0  0 1  0 0
   160   10.35673325060428       4   2 0  1 0  0 1  0 0
   161   6.058533468337935       4   1 1  1 0  0 1  0 0
   162   1.251431898919342       4   0 2  1 0  0 1  0 0
   163  -.6676988516224551E-02   4   1 0  2 0  0 1  0 0
   164  -.8834792500043255E-03   4   0 1  2 0  0 1  0 0
   165  0.4566496830757529       4   0 0  3 0  0 1  0 0
   166   2.202986403710609       4   2 0  0 1  0 1  0 0
   167   2.019547742968040       4   1 1  0 1  0 1  0 0
   168  0.5758784760817488       4   0 2  0 1  0 1  0 0
   169  -.2347136023756015E-02   4   1 0  1 1  0 1  0 0
   170  -.1980964964458126E-03   4   0 1  1 1  0 1  0 0
   171   1.830691256468694       4   0 0  2 1  0 1  0 0
   172  -.2779357209123505E-03   4   1 0  0 2  0 1  0 0
   173  -.3388480064576959E-04   4   0 1  0 2  0 1  0 0
   174  -.4422344109870840       4   0 0  1 2  0 1  0 0
   175  0.5319463178943248E-01   4   0 0  0 3  0 1  0 0
   176  0.4615496035863036E-02   4   3 0  0 0  0 0  1 0
   177  0.2154816923488225E-02   4   2 1  0 0  0 0  1 0
   178  0.3421930724954082E-03   4   1 2  0 0  0 0  1 0
   179  0.3190663469454330E-05   4   0 3  0 0  0 0  1 0
   180   10.32214622434106       4   2 0  1 0  0 0  1 0
   181   6.038300577221069       4   1 1  1 0  0 0  1 0
   182   1.247252655628315       4   0 2  1 0  0 0  1 0
   183  -.6654690251744632E-02   4   1 0  2 0  0 0  1 0
   184  -.8805288100071245E-03   4   0 1  2 0  0 0  1 0
   185  0.4551246699080411       4   0 0  3 0  0 0  1 0
   186   2.195629378405521       4   2 0  0 1  0 0  1 0
   187   2.012803323744758       4   1 1  0 1  0 0  1 0
   188  0.5739552901219773       4   0 2  0 1  0 0  1 0
   189  -.2339297600835122E-02   4   1 0  1 1  0 0  1 0
   190  -.1974349395089450E-03   4   0 1  1 1  0 0  1 0
   191   1.824577536530640       4   0 0  2 1  0 0  1 0
   192  -.2770075353690836E-03   4   1 0  0 2  0 0  1 0
   193  -.3377164001282664E-04   4   0 1  0 2  0 0  1 0
   194  -.4407575386165021       4   0 0  1 2  0 0  1 0
   195  0.5301698464122043E-01   4   0 0  0 3  0 0  1 0
   196  0.1023912037451327E-02   4   3 0  0 0  0 0  0 1
   197  0.4421709852896460E-03   4   2 1  0 0  0 0  0 1
   198  0.8538732533072304E-04   4   1 2  0 0  0 0  0 1
   199  0.1518476833828930E-04   4   0 3  0 0  0 0  0 1
   200  -39.64679629619810       4   2 0  1 0  0 0  0 1
   201  -12.11773186126260       4   1 1  1 0  0 0  0 1
   202  -1.271744144752795       4   0 2  1 0  0 0  0 1
   203  -.2914098403606229E-02   4   1 0  2 0  0 0  0 1
   204  -.3828667850414577E-03   4   0 1  2 0  0 0  0 1
   205  -3.841653776508501       4   0 0  3 0  0 0  0 1
   206  -4.413021344543880       4   2 0  0 1  0 0  0 1
   207  -2.738780936757117       4   1 1  0 1  0 0  0 1
   208  -.4350008671118393       4   0 2  0 1  0 0  0 1
   209  -.1032479295263027E-02   4   1 0  1 1  0 0  0 1
   210  -.2935684922013488E-03   4   0 1  1 1  0 0  0 1
   211  -3.648771423970663       4   0 0  2 1  0 0  0 1
   212  -.8160048221560111E-04   4   1 0  0 2  0 0  0 1
   213  -.2074920816263902E-04   4   0 1  0 2  0 0  0 1
   214  0.2561574826637286       4   0 0  1 2  0 0  0 1
   215  -.5045565395717509E-01   4   0 0  0 3  0 0  0 1
   216  -.3618519379653896E-03   4   2 0  0 0  0 2  0 0
   217  -.3880844854343012E-03   4   1 1  0 0  0 2  0 0
   218  -.1056288574634722E-03   4   0 2  0 0  0 2  0 0
   219  -.4492865022021850E-01   4   1 0  1 0  0 2  0 0
   220  0.2563306617822183E-01   4   0 1  1 0  0 2  0 0
   221  -.2071048023057572E-03   4   0 0  2 0  0 2  0 0
   222  0.5275391503541411E-01   4   1 0  0 1  0 2  0 0
   223  0.1968016355807366E-01   4   0 1  0 1  0 2  0 0
   224  0.1697833290108054E-03   4   0 0  1 1  0 2  0 0
   225  -.2098251048978982E-05   4   0 0  0 2  0 2  0 0
   226  -.3780628762970919E-03   4   2 0  0 0  0 1  1 0
   227  -.4204409587319175E-03   4   1 1  0 0  0 1  1 0
   228  -.1268106618487328E-03   4   0 2  0 0  0 1  1 0
   229  -.3192577887677399E-01   4   1 0  1 0  0 1  1 0
   230  0.1081178024907786E-01   4   0 1  1 0  0 1  1 0
   231  -.1786819174381771E-03   4   0 0  2 0  0 1  1 0
   232  0.3774689620078003E-01   4   1 0  0 1  0 1  1 0
   233  0.1948507970070922E-01   4   0 1  0 1  0 1  1 0
   234  0.9994266981537608E-04   4   0 0  1 1  0 1  1 0
   235  -.9763910473891126E-05   4   0 0  0 2  0 1  1 0
   236  -.3600122248689350E-03   4   2 0  0 0  0 0  2 0
   237  -.3860864046659526E-03   4   1 1  0 0  0 0  2 0
   238  -.1050643561123527E-03   4   0 2  0 0  0 0  2 0
   239  -.4472529871637720E-01   4   1 0  1 0  0 0  2 0
   240  0.2552940943908936E-01   4   0 1  1 0  0 0  2 0
   241  -.2061148012046302E-03   4   0 0  2 0  0 0  2 0
   242  0.5251471050730677E-01   4   1 0  0 1  0 0  2 0
   243  0.1958190440715250E-01   4   0 1  0 1  0 0  2 0
   244  0.1690494431272458E-03   4   0 0  1 1  0 0  2 0
   245  -.2074940167807141E-05   4   0 0  0 2  0 0  2 0
   246  0.8334545921447843E-03   4   2 0  0 0  0 1  0 1
   247  0.5958983619791472E-03   4   1 1  0 0  0 1  0 1
   248  0.9932711201849561E-04   4   0 2  0 0  0 1  0 1
   249  0.1240251411196988       4   1 0  1 0  0 1  0 1
   250  -.2059838687343468E-01   4   0 1  1 0  0 1  0 1
   251  0.3688793659997535E-03   4   0 0  2 0  0 1  0 1
   252  -.7464652151336773E-01   4   1 0  0 1  0 1  0 1
   253  -.1866665705469077E-01   4   0 1  0 1  0 1  0 1
   254  -.9219408865258594E-04   4   0 0  1 1  0 1  0 1
   255  0.5514251241413085E-05   4   0 0  0 2  0 1  0 1
   256  0.8306712129488365E-03   4   2 0  0 0  0 0  1 1
   257  0.5939083182271956E-03   4   1 1  0 0  0 0  1 1
   258  0.9899540226514908E-04   4   0 2  0 0  0 0  1 1
   259  0.1236109505917206       4   1 0  1 0  0 0  1 1
   260  -.2052959713727636E-01   4   0 1  1 0  0 0  1 1
   261  0.3676474678701912E-03   4   0 0  2 0  0 0  1 1
   262  -.7439723429725723E-01   4   1 0  0 1  0 0  1 1
   263  -.1860431846373011E-01   4   0 1  0 1  0 0  1 1
   264  -.9188620012360868E-04   4   0 0  1 1  0 0  1 1
   265  0.5495836018398923E-05   4   0 0  0 2  0 0  1 1
   266  -.5624384161563444E-03   4   2 0  0 0  0 0  0 2
   267  -.1532582202835841E-03   4   1 1  0 0  0 0  0 2
   268  -.7083687960389587E-05   4   0 2  0 0  0 0  0 2
   269  -.1260598807474476       4   1 0  1 0  0 0  0 2
   270  -.1993765267286709E-01   4   0 1  1 0  0 0  0 2
   271  -.1454193580547184E-03   4   0 0  2 0  0 0  0 2
   272  0.6507897701927841E-02   4   1 0  0 1  0 0  0 2
   273  -.8350247729492681E-03   4   0 1  0 1  0 0  0 2
   274  -.1014522819094117E-03   4   0 0  1 1  0 0  0 2
   275  -.4455847686784841E-05   4   0 0  0 2  0 0  0 2
   276  -.5808640313823843E-05   4   1 0  0 0  0 3  0 0
   277  -.7506793314304860E-05   4   0 1  0 0  0 3  0 0
   278  -.6906050325572095E-01   4   0 0  1 0  0 3  0 0
   279  0.7639542730720367E-01   4   0 0  0 1  0 3  0 0
   280  -.4191480046946931E-05   4   1 0  0 0  0 2  1 0
   281  -.5505945278203631E-05   4   0 1  0 0  0 2  1 0
   282  -.3804540555177952E-01   4   0 0  1 0  0 2  1 0
   283  0.4118259152563682E-01   4   0 0  0 1  0 2  1 0
   284  -.4199483801390593E-05   4   1 0  0 0  0 1  2 0
   285  -.5515842651828629E-05   4   0 1  0 0  0 1  2 0
   286  -.3819961582545774E-01   4   0 0  1 0  0 1  2 0
   287  0.4135770704727858E-01   4   0 0  0 1  0 1  2 0
   288  -.5772567393101186E-05   4   1 0  0 0  0 0  3 0
   289  -.7460026232496272E-05   4   0 1  0 0  0 0  3 0
   290  -.6865124058319350E-01   4   0 0  1 0  0 0  3 0
   291  0.7594420061220765E-01   4   0 0  0 1  0 0  3 0
   292  0.8402075846704988E-05   4   1 0  0 0  0 2  0 1
   293  0.8498349286560567E-05   4   0 1  0 0  0 2  0 1
   294  0.1606422448930676       4   0 0  1 0  0 2  0 1
   295  -.8229848235734386E-01   4   0 0  0 1  0 2  0 1
   296  0.6967452358322326E-05   4   1 0  0 0  0 1  1 1
   297  0.6482456016211184E-05   4   0 1  0 0  0 1  1 1
   298  0.9885304312717315E-01   4   0 0  1 0  0 1  1 1
   299  -.4727606012157305E-01   4   0 0  0 1  0 1  1 1
   300  0.8362382389619617E-05   4   1 0  0 0  0 0  2 1
   301  0.8459144157068049E-05   4   0 1  0 0  0 0  2 1
   302  0.1599407057333041       4   0 0  1 0  0 0  2 1
   303  -.8194470005470265E-01   4   0 0  0 1  0 0  2 1
   304  -.2217638230542352E-05   4   1 0  0 0  0 1  0 2
   305  0.8230892844453156E-08   4   0 1  0 0  0 1  0 2
   306  -.9865043632787818E-01   4   0 0  1 0  0 1  0 2
   307  -.1162206461157965E-01   4   0 0  0 1  0 1  0 2
   308  -.2210232274449145E-05   4   1 0  0 0  0 0  1 2
   309  0.8203405209115568E-08   4   0 1  0 0  0 0  1 2
   310  -.9832098637975385E-01   4   0 0  1 0  0 0  1 2
   311  -.1158325192381163E-01   4   0 0  0 1  0 0  1 2
   312  0.6095336546303946E-06   4   1 0  0 0  0 0  0 3
   313  0.9638544233968858E-08   4   0 1  0 0  0 0  0 3
   314  -.8507647063173713E-02   4   0 0  1 0  0 0  0 3
   315  -.1478256317294542E-03   4   0 0  0 1  0 0  0 3
   316  -.8381850539464373E-05   4   0 0  0 0  0 4  0 0
   317  -.4175737543736488E-05   4   0 0  0 0  0 3  1 0
   318  -.3620925444446994E-05   4   0 0  0 0  0 2  2 0
   319  -.4205473340674839E-05   4   0 0  0 0  0 1  3 0
   320  -.8318974716415230E-05   4   0 0  0 0  0 0  4 0
   321  0.8796188948179966E-05   4   0 0  0 0  0 3  0 1
   322  0.4142179036379275E-05   4   0 0  0 0  0 2  1 1
   323  0.4165345465694560E-05   4   0 0  0 0  0 1  2 1
   324  0.8745232442615504E-05   4   0 0  0 0  0 0  3 1
   325  0.8910209502369877E-06   4   0 0  0 0  0 2  0 2
   326  0.1057731151051303E-05   4   0 0  0 0  0 1  1 2
   327  0.8862791410806670E-06   4   0 0  0 0  0 0  2 2
   328  0.9046665824680255E-08   4   0 0  0 0  0 1  0 3
   329  0.9016453859101765E-08   4   0 0  0 0  0 0  1 3
   330  -.3215726229774409E-13   4   0 0  0 0  0 0  0 4
   ----------------------------------------------------
     I  COEFFICIENT            ORDER EXPONENTS
     1  0.8883669861021386E-08   0   0 0  0 0  0 0  0 0
     2  0.2078253755721179E-06   1   1 0  0 0  0 0  0 0
     3  0.6754790824831736E-06   1   0 1  0 0  0 0  0 0
     4  0.1481835813962952E-04   1   0 0  1 0  0 0  0 0
     5  -.9958594978764457E-05   1   0 0  0 1  0 0  0 0
     6   1.000000000000000       1   0 0  0 0  1 0  0 0
     7  0.6229109884640124E-01   1   0 0  0 0  0 1  0 0
     8  -.6229109765824709E-01   1   0 0  0 0  0 0  1 0
     9  -.1188160316506698E-08   1   0 0  0 0  0 0  0 1
    10  -.1069706665476281       2   2 0  0 0  0 0  0 0
    11  -.1633011020705742       2   1 1  0 0  0 0  0 0
    12  -.7256150369778537E-01   2   0 2  0 0  0 0  0 0
    13  -.7390509527469880E-05   2   1 0  1 0  0 0  0 0
    14  -.5255946352791148E-05   2   0 1  1 0  0 0  0 0
    15  -.8842477728437881E-01   2   0 0  2 0  0 0  0 0
    16  -.5030590139479783E-05   2   1 0  0 1  0 0  0 0
    17  -.5384716760860697E-06   2   0 1  0 1  0 0  0 0
    18  0.1212202461576462       2   0 0  1 1  0 0  0 0
    19  -.5393340811347836E-01   2   0 0  0 2  0 0  0 0
    20  -.4575684288954246E-06   2   1 0  0 0  0 1  0 0
    21  -.1108175769181580E-05   2   0 1  0 0  0 1  0 0
    22  -.2151680141489723E-04   2   0 0  1 0  0 1  0 0
    23  0.1413489563988928E-04   2   0 0  0 1  0 1  0 0
    24  -.2495856691520157E-06   2   1 0  0 0  0 0  1 0
    25  -.4334845185890455E-06   2   0 1  0 0  0 0  1 0
    26  -.6725408870376413E-05   2   0 0  1 0  0 0  1 0
    27  0.4195498295965330E-05   2   0 0  0 1  0 0  1 0
    28  0.7070987797722652E-06   2   1 0  0 0  0 0  0 1
    29  0.8661203767327187E-06   2   0 1  0 0  0 0  0 1
    30  0.2824223519000876E-04   2   0 0  1 0  0 0  0 1
    31  -.8371790764442232E-05   2   0 0  0 1  0 0  0 1
    32  -.4679646457091542E-01   2   0 0  0 0  0 2  0 0
    33  0.3130182859627666E-01   2   0 0  0 0  0 1  1 0
    34  0.1549463427426217E-01   2   0 0  0 0  0 0  2 0
    35  0.1699356347027626E-08   2   0 0  0 0  0 1  0 1
    36  0.5135018849243974E-09   2   0 0  0 0  0 0  1 1
    37  -.5124098190468876E-09   2   0 0  0 0  0 0  0 2
    38  0.5254499518819881E-01   3   3 0  0 0  0 0  0 0
    39  0.4750126738212861E-01   3   2 1  0 0  0 0  0 0
    40  0.6349651512258270E-02   3   1 2  0 0  0 0  0 0
    41  0.3389589088155749E-03   3   0 3  0 0  0 0  0 0
    42  0.6593429584187457E-03   3   2 0  1 0  0 0  0 0
    43  0.1263766405479483E-03   3   1 1  1 0  0 0  0 0
    44  0.1422527633170444E-03   3   0 2  1 0  0 0  0 0
    45  0.3607126661311418E-01   3   1 0  2 0  0 0  0 0
    46  -.2537555619523010E-01   3   0 1  2 0  0 0  0 0
    47  0.7046066751141527E-04   3   0 0  3 0  0 0  0 0
    48  0.4659512995970219E-04   3   2 0  0 1  0 0  0 0
    49  0.1213160998759195E-04   3   1 1  0 1  0 0  0 0
    50  -.6801124932947894E-05   3   0 2  0 1  0 0  0 0
    51  -.5174096284443871E-01   3   1 0  1 1  0 0  0 0
    52  -.7649173907795746E-02   3   0 1  1 1  0 0  0 0
    53  0.1636083586155105E-03   3   0 0  2 1  0 0  0 0
    54  -.4772060008825726E-02   3   1 0  0 2  0 0  0 0
    55  -.8200486036535676E-03   3   0 1  0 2  0 0  0 0
    56  0.5917194953624019E-05   3   0 0  1 2  0 0  0 0
    57  -.1294267950874775E-04   3   0 0  0 3  0 0  0 0
    58  0.1652314198851157       3   2 0  0 0  0 1  0 0
    59  0.2561319291173476       3   1 1  0 0  0 1  0 0
    60  0.1140820624637757       3   0 2  0 0  0 1  0 0
    61  0.1126129093536782E-04   3   1 0  1 0  0 1  0 0
    62  0.8468511874148459E-05   3   0 1  1 0  0 1  0 0
    63  0.1281605721665309       3   0 0  2 0  0 1  0 0
    64  0.7997583293333916E-05   3   1 0  0 1  0 1  0 0
    65  0.1172226817466232E-05   3   0 1  0 1  0 1  0 0
    66  -.1720123331933041       3   0 0  1 1  0 1  0 0
    67  0.7683969284745042E-01   3   0 0  0 2  0 1  0 0
    68  0.5842245139688750E-01   3   2 0  0 0  0 0  1 0
    69  0.9306448856063797E-01   3   1 1  0 0  0 0  1 0
    70  0.4162347188797454E-01   3   0 2  0 0  0 0  1 0
    71  0.3846393640392333E-05   3   1 0  1 0  0 0  1 0
    72  0.3148274548605187E-05   3   0 1  1 0  0 0  1 0
    73  0.3989752918496526E-01   3   0 0  2 0  0 0  1 0
    74  0.2955431649421576E-05   3   1 0  0 1  0 0  1 0
    75  0.6224821501863235E-06   3   0 1  0 1  0 0  1 0
    76  -.5102594749560401E-01   3   0 0  1 1  0 0  1 0
    77  0.2300931034111227E-01   3   0 0  0 2  0 0  1 0
    78  -.2236543368094872       3   2 0  0 0  0 0  0 1
    79  -.1858958004010013       3   1 1  0 0  0 0  0 1
    80  -.1058276947801071E-01   3   0 2  0 0  0 0  0 1
    81  -.1503530745960975E-04   3   1 0  1 0  0 0  0 1
    82  -.6221149667846743E-05   3   0 1  1 0  0 0  0 1
    83  -.1680583142404169       3   0 0  2 0  0 0  0 1
    84  -.5862778000763135E-05   3   1 0  0 1  0 0  0 1
    85  -.6666045682577108E-06   3   0 1  0 1  0 0  0 1
    86  0.1018180873647337       3   0 0  1 1  0 0  0 1
    87  0.8017767091215048E-02   3   0 0  0 2  0 0  0 1
    88  0.7226856871586650E-06   3   1 0  0 0  0 2  0 0
    89  0.1487562675632244E-05   3   0 1  0 0  0 2  0 0
    90  0.2620131640697718E-04   3   0 0  1 0  0 2  0 0
    91  -.1688915606967076E-04   3   0 0  0 1  0 2  0 0
    92  0.5299503443288368E-06   3   1 0  0 0  0 1  1 0
    93  0.7587555675063909E-06   3   0 1  0 0  0 1  1 0
    94  0.9387746519384395E-05   3   0 0  1 0  0 1  1 0
    95  -.5517430596556568E-05   3   0 0  0 1  0 1  1 0
    96  0.2648539568594016E-06   3   1 0  0 0  0 0  2 0
    97  0.3799539315875011E-06   3   0 1  0 0  0 0  2 0
    98  0.4713962079161981E-05   3   0 0  1 0  0 0  2 0
    99  -.2773002682298460E-05   3   0 0  0 1  0 0  2 0
   100  -.1518961624658055E-05   3   1 0  0 0  0 1  0 1
   101  -.1517538556317325E-05   3   0 1  0 0  0 1  0 1
   102  -.4027911810008826E-04   3   0 0  1 0  0 1  0 1
   103  0.1102455952628373E-04   3   0 0  0 1  0 1  0 1
   104  -.8114292148188525E-06   3   1 0  0 0  0 0  1 1
   105  -.6519906568799932E-06   3   0 1  0 0  0 0  1 1
   106  -.1209221995116637E-04   3   0 0  1 0  0 0  1 1
   107  0.2671661703636606E-05   3   0 0  0 1  0 0  1 1
   108  0.8118098622142937E-06   3   1 0  0 0  0 0  0 2
   109  0.2185528748514031E-06   3   0 1  0 0  0 0  0 2
   110  0.1206608798076352E-04   3   0 0  1 0  0 0  0 2
   111  0.1523929702702171E-05   3   0 0  0 1  0 0  0 2
   112  0.3901016548348649E-01   3   0 0  0 0  0 3  0 0
   113  -.2343763864832209E-01   3   0 0  0 0  0 2  1 0
   114  -.7864206906120772E-02   3   0 0  0 0  0 1  2 0
   115  -.7708359544778343E-02   3   0 0  0 0  0 0  3 0
   116  -.1389682767017211E-08   3   0 0  0 0  0 2  0 1
   117  0.6285081848141250E-09   3   0 0  0 0  0 1  1 1
   118  0.3103640040939794E-09   3   0 0  0 0  0 0  2 1
   119  -.4839152356091977E-10   3   0 0  0 0  0 1  0 2
   120  -.5208140614502045E-10   3   0 0  0 0  0 0  1 2
   121  -.1841867204441735E-11   3   0 0  0 0  0 0  0 3
   122  -2.175607948023831       4   4 0  0 0  0 0  0 0
   123  -3.082948411715188       4   3 1  0 0  0 0  0 0
   124  -2.044025956994784       4   2 2  0 0  0 0  0 0
   125  -.5109877834097188       4   1 3  0 0  0 0  0 0
   126  -.8372482873780733E-01   4   0 4  0 0  0 0  0 0
   127  0.3547008602763857E-02   4   3 0  1 0  0 0  0 0
   128  0.6294488730435758E-03   4   2 1  1 0  0 0  0 0
   129  -.6236585602041684E-05   4   1 2  1 0  0 0  0 0
   130  -.1809903623268076E-04   4   0 3  1 0  0 0  0 0
   131  -4.104393811477446       4   2 0  2 0  0 0  0 0
   132  -1.383974406277032       4   1 1  2 0  0 0  0 0
   133  -.7901401404688735       4   0 2  2 0  0 0  0 0
   134  -.3061006156610222E-02   4   1 0  3 0  0 0  0 0
   135  -.2597522484267317E-03   4   0 1  3 0  0 0  0 0
   136  -.4112185073704843       4   0 0  4 0  0 0  0 0
   137  0.2616326580392805E-03   4   3 0  0 1  0 0  0 0
   138  -.2704183731287580E-04   4   2 1  0 1  0 0  0 0
   139  -.2609929447023074E-04   4   1 2  0 1  0 0  0 0
   140  -.3989171832513763E-05   4   0 3  0 1  0 0  0 0
   141  -1.102999313198120       4   2 0  1 1  0 0  0 0
   142  -.4592535915779399E-01   4   1 1  1 1  0 0  0 0
   143  0.1007207729183933       4   0 2  1 1  0 0  0 0
   144  -.7551481483717021E-03   4   1 0  2 1  0 0  0 0
   145  -.1276433966231698E-03   4   0 1  2 1  0 0  0 0
   146  -.3661288839734815       4   0 0  3 1  0 0  0 0
   147  0.2784047976081913       4   2 0  0 2  0 0  0 0
   148  -.1994582927453221       4   1 1  0 2  0 0  0 0
   149  -.9954309870566320E-01   4   0 2  0 2  0 0  0 0
   150  -.8853333383639299E-04   4   1 0  1 2  0 0  0 0
   151  -.2958904277547874E-04   4   0 1  1 2  0 0  0 0
   152  -.3231672071459413E-01   4   0 0  2 2  0 0  0 0
   153  -.1952069585275670E-04   4   1 0  0 3  0 0  0 0
   154  -.4364648490969053E-05   4   0 1  0 3  0 0  0 0
   155  0.1467782401106196       4   0 0  1 3  0 0  0 0
   156  -.2697006643692359E-01   4   0 0  0 4  0 0  0 0
   157  -.8608608913051570E-01   4   3 0  0 0  0 1  0 0
   158  -.8397963258490077E-01   4   2 1  0 0  0 1  0 0
   159  -.1489366942315536E-01   4   1 2  0 0  0 1  0 0
   160  -.1178906355477731E-02   4   0 3  0 0  0 1  0 0
   161  0.1769455702853535E-03   4   2 0  1 0  0 1  0 0
   162  0.1002942025511277E-03   4   1 1  1 0  0 1  0 0
   163  -.8296808202058215E-04   4   0 2  1 0  0 1  0 0
   164  -.5120849015116816E-01   4   1 0  2 0  0 1  0 0
   165  0.3478086143363666E-01   4   0 1  2 0  0 1  0 0
   166  0.1282002838828096E-03   4   0 0  3 0  0 1  0 0
   167  -.6242020193466666E-04   4   2 0  0 1  0 1  0 0
   168  0.1077423188354194E-03   4   1 1  0 1  0 1  0 0
   169  0.6005851029690926E-04   4   0 2  0 1  0 1  0 0
   170  0.7294378838358537E-01   4   1 0  1 1  0 1  0 0
   171  0.1465968962327530E-01   4   0 1  1 1  0 1  0 0
   172  -.6217454547413823E-04   4   0 0  2 1  0 1  0 0
   173  0.9366904622887629E-02   4   1 0  0 2  0 1  0 0
   174  0.1849555728497221E-02   4   0 1  0 2  0 1  0 0
   175  -.1238042886047743E-03   4   0 0  1 2  0 1  0 0
   176  0.3400411023018636E-04   4   0 0  0 3  0 1  0 0
   177  -.3271301456673494E-01   4   3 0  0 0  0 0  1 0
   178  -.3526939378578886E-01   4   2 1  0 0  0 0  1 0
   179  -.8086904913827216E-02   4   1 2  0 0  0 0  1 0
   180  -.7293950379106962E-03   4   0 3  0 0  0 0  1 0
   181  0.9665088458884086E-04   4   2 0  1 0  0 0  1 0
   182  0.1686682025763799E-04   4   1 1  1 0  0 0  1 0
   183  -.4529261801271351E-04   4   0 2  1 0  0 0  1 0
   184  -.1492630092891408E-01   4   1 0  2 0  0 0  1 0
   185  0.1000067633886305E-01   4   0 1  2 0  0 0  1 0
   186  0.3170748509444010E-04   4   0 0  3 0  0 0  1 0
   187  -.2917780458507567E-04   4   2 0  0 1  0 0  1 0
   188  0.6771318260771110E-04   4   1 1  0 1  0 0  1 0
   189  0.3635075739008027E-04   4   0 2  0 1  0 0  1 0
   190  0.2125969060935576E-01   4   1 0  1 1  0 0  1 0
   191  0.6937235521799513E-02   4   0 1  1 1  0 0  1 0
   192  0.1181826952468676E-04   4   0 0  2 1  0 0  1 0
   193  0.4684171392739404E-02   4   1 0  0 2  0 0  1 0
   194  0.1096421968460261E-02   4   0 1  0 2  0 0  1 0
   195  -.6884462772039629E-04   4   0 0  1 2  0 0  1 0
   196  0.1873051954191001E-04   4   0 0  0 3  0 0  1 0
   197  0.1176584891984574       4   3 0  0 0  0 0  0 1
   198  0.6898155626949186E-01   4   2 1  0 0  0 0  0 1
   199  0.8808600509098123E-02   4   1 2  0 0  0 0  0 1
   200  0.4386898948075776E-03   4   0 3  0 0  0 0  0 1
   201  -.1385864338244133E-03   4   2 0  1 0  0 0  0 1
   202  -.2748497991947346E-04   4   1 1  1 0  0 0  0 1
   203  0.4068023437436986E-04   4   0 2  1 0  0 0  0 1
   204  0.6562275863952924E-01   4   1 0  2 0  0 0  0 1
   205  -.2053663291858933E-01   4   0 1  2 0  0 0  0 1
   206  -.1152660238716835E-03   4   0 0  3 0  0 0  0 1
   207  -.9466671086875815E-05   4   2 0  0 1  0 0  0 1
   208  -.4675885125697456E-04   4   1 1  0 1  0 0  0 1
   209  -.1086089086723503E-05   4   0 2  0 1  0 0  0 1
   210  -.4243461178056940E-01   4   1 0  1 1  0 0  0 1
   211  -.6072364233865341E-02   4   0 1  1 1  0 0  0 1
   212  -.1625185514246612E-04   4   0 0  2 1  0 0  0 1
   213  -.4759515223091258E-02   4   1 0  0 2  0 0  0 1
   214  -.7637262779963992E-03   4   0 1  0 2  0 0  0 1
   215  0.2896702923843999E-04   4   0 0  1 2  0 0  0 1
   216  0.6224918158394227E-05   4   0 0  0 3  0 0  0 1
   217  -.2114570055258785       4   2 0  0 0  0 2  0 0
   218  -.3316249683248843       4   1 1  0 0  0 2  0 0
   219  -.1480361752241008       4   0 2  0 0  0 2  0 0
   220  -.1582598977499847E-04   4   1 0  1 0  0 2  0 0
   221  -.1980239697556407E-04   4   0 1  1 0  0 2  0 0
   222  -.1558322159481118       4   0 0  2 0  0 2  0 0
   223  -.2023528723694339E-04   4   1 0  0 1  0 2  0 0
   224  -.4180133502152979E-05   4   0 1  0 1  0 2  0 0
   225  0.2055035798841080       4   0 0  1 1  0 2  0 0
   226  -.9219121475938301E-01   4   0 0  0 2  0 2  0 0
   227  -.9248672740045287E-01   4   2 0  0 0  0 1  1 0
   228  -.1510918824826477       4   1 1  0 0  0 1  1 0
   229  -.6795813372899032E-01   4   0 2  0 0  0 1  1 0
   230  -.6404435963909044E-05   4   1 0  1 0  0 1  1 0
   231  -.8654820294859833E-05   4   0 1  1 0  0 1  1 0
   232  -.5545378808055346E-01   4   0 0  2 0  0 1  1 0
   233  -.9143859740032971E-05   4   1 0  0 1  0 1  1 0
   234  -.2915279924618920E-05   4   0 1  0 1  0 1  1 0
   235  0.6709295545610676E-01   4   0 0  1 1  0 1  1 0
   236  -.3075511907208935E-01   4   0 0  0 2  0 1  1 0
   237  -.4636360400486081E-01   4   2 0  0 0  0 0  2 0
   238  -.7571938645686302E-01   4   1 1  0 0  0 0  2 0
   239  -.3405521482011024E-01   4   0 2  0 0  0 0  2 0
   240  -.3252712286727955E-05   4   1 0  1 0  0 0  2 0
   241  -.4350197675892057E-05   4   0 1  1 0  0 0  2 0
   242  -.2784732413728396E-01   4   0 0  2 0  0 0  2 0
   243  -.4588651480921349E-05   4   1 0  0 1  0 0  2 0
   244  -.1457356224202385E-05   4   0 1  0 1  0 0  2 0
   245  0.3372042904295271E-01   4   0 0  1 1  0 0  2 0
   246  -.1545395421739499E-01   4   0 0  0 2  0 0  2 0
   247  0.3501156514505180       4   2 0  0 0  0 1  0 1
   248  0.3020554453394910       4   1 1  0 0  0 1  0 1
   249  0.2178100623169053E-01   4   0 2  0 0  0 1  0 1
   250  0.1657628587715317E-04   4   1 0  1 0  0 1  0 1
   251  0.1554930663452971E-04   4   0 1  1 0  0 1  0 1
   252  0.2389850169695407       4   0 0  2 0  0 1  0 1
   253  0.1599661822926252E-04   4   1 0  0 1  0 1  0 1
   254  0.2691421580981344E-05   4   0 1  0 1  0 1  0 1
   255  -.1340633388935565       4   0 0  1 1  0 1  0 1
   256  -.1537945871326557E-01   4   0 0  0 2  0 1  0 1
   257  0.1267684789362561       4   2 0  0 0  0 0  1 1
   258  0.1163880978968469       4   1 1  0 0  0 0  1 1
   259  0.1119585435441642E-01   4   0 2  0 0  0 0  1 1
   260  0.6037498826372711E-05   4   1 0  1 0  0 0  1 1
   261  0.5511071517308392E-05   4   0 1  1 0  0 0  1 1
   262  0.7125870507423548E-01   4   0 0  2 0  0 0  1 1
   263  0.5866123056111297E-05   4   1 0  0 1  0 0  1 1
   264  0.1393624216471585E-05   4   0 1  0 1  0 0  1 1
   265  -.3247541760775451E-01   4   0 0  1 1  0 0  1 1
   266  -.7363647303867807E-02   4   0 0  0 2  0 0  1 1
   267  -.1265947808322075       4   2 0  0 0  0 0  0 2
   268  -.2332035824604309E-01   4   1 1  0 0  0 0  0 2
   269  -.6137195197810686E-03   4   0 2  0 0  0 0  0 2
   270  -.3417285351321625E-05   4   1 0  1 0  0 0  0 2
   271  -.1208605974746444E-06   4   0 1  1 0  0 0  0 2
   272  -.7110127579886227E-01   4   0 0  2 0  0 0  0 2
   273  -.1962420059714442E-06   4   1 0  0 1  0 0  0 2
   274  0.9366206329231398E-09   4   0 1  0 1  0 0  0 2
   275  -.1855087972443534E-01   4   0 0  1 1  0 0  0 2
   276  -.6554609177902408E-03   4   0 0  0 2  0 0  0 2
   277  -.1343563532671759E-03   4   1 0  0 0  0 3  0 0
   278  -.1226103937503026E-03   4   0 1  0 0  0 3  0 0
   279  -.3177202148212151E-04   4   0 0  1 0  0 3  0 0
   280  0.2725866447114255E-04   4   0 0  0 1  0 3  0 0
   281  -.6834872805351270E-04   4   1 0  0 0  0 2  1 0
   282  -.6260510595021368E-04   4   0 1  0 0  0 2  1 0
   283  -.1057914658042433E-04   4   0 0  1 0  0 2  1 0
   284  0.9162914595274938E-05   4   0 0  0 1  0 2  1 0
   285  -.4275029302193129E-04   4   1 0  0 0  0 1  2 0
   286  -.3922198215136705E-04   4   0 1  0 0  0 1  2 0
   287  -.5900132682245773E-05   4   0 0  1 0  0 1  2 0
   288  0.5139620930306285E-05   4   0 0  0 1  0 1  2 0
   289  -.2285884576625744E-04   4   1 0  0 0  0 0  3 0
   290  -.2093710909137634E-04   4   0 1  0 0  0 0  3 0
   291  -.3557654541419533E-05   4   0 0  1 0  0 0  3 0
   292  0.3080861612519914E-05   4   0 0  0 1  0 0  3 0
   293  0.1255499800337797E-03   4   1 0  0 0  0 2  0 1
   294  0.1563536863478903E-04   4   0 1  0 0  0 2  0 1
   295  0.2428069313058005E-04   4   0 0  1 0  0 2  0 1
   296  0.4208576373651370E-05   4   0 0  0 1  0 2  0 1
   297  0.6378320643610948E-04   4   1 0  0 0  0 1  1 1
   298  0.1291031498427458E-04   4   0 1  0 0  0 1  1 1
   299  0.5995410633209332E-05   4   0 0  1 0  0 1  1 1
   300  0.3108000721260574E-05   4   0 0  0 1  0 1  1 1
   301  0.3194072470646993E-04   4   1 0  0 0  0 0  2 1
   302  0.6448834698467055E-05   4   0 1  0 0  0 0  2 1
   303  0.3023155233929969E-05   4   0 0  1 0  0 0  2 1
   304  0.1553229043915584E-05   4   0 0  0 1  0 0  2 1
   305  -.7886093894409370E-05   4   1 0  0 0  0 1  0 2
   306  -.2650560402799806E-06   4   0 1  0 0  0 1  0 2
   307  0.2206098463525576E-05   4   0 0  1 0  0 1  0 2
   308  0.9883171883533744E-07   4   0 0  0 1  0 1  0 2
   309  -.5523815621361612E-05   4   1 0  0 0  0 0  1 2
   310  -.2445072694696547E-06   4   0 1  0 0  0 0  1 2
   311  0.1480149820491887E-05   4   0 0  1 0  0 0  1 2
   312  0.8955327766875020E-07   4   0 0  0 1  0 0  1 2
   313  0.2597463166169826E-07   4   1 0  0 0  0 0  0 3
   314  -.1331155074604872E-08   4   0 1  0 0  0 0  0 3
   315  0.9048777591099527E-08   4   0 0  1 0  0 0  0 3
   316  -.3877920134212282E-09   4   0 0  0 1  0 0  0 3
   317  -.3413882882062322E-01   4   0 0  0 0  0 4  0 0
   318  0.1952471162154363E-01   4   0 0  0 0  0 3  1 0
   319  0.5869323520094305E-02   4   0 0  0 0  0 2  2 0
   320  0.3951300173206861E-02   4   0 0  0 0  0 1  3 0
   321  0.4793433559667911E-02   4   0 0  0 0  0 0  4 0
   322  0.2635206268293324E-08   4   0 0  0 0  0 3  0 1
   323  0.2332652407919228E-08   4   0 0  0 0  0 2  1 1
   324  0.2060982600340720E-08   4   0 0  0 0  0 1  2 1
   325  0.6607131242049329E-09   4   0 0  0 0  0 0  3 1
   326  -.2117106130826214E-10   4   0 0  0 0  0 2  0 2
   327  -.8413650826040979E-10   4   0 0  0 0  0 1  1 2
   328  -.1244402949751778E-10   4   0 0  0 0  0 0  2 2
   329  0.6934963629446812E-12   4   0 0  0 0  0 1  0 3
   330  -.1138405276771937E-11   4   0 0  0 0  0 0  1 3
   ----------------------------------------------------
     I  COEFFICIENT            ORDER EXPONENTS
     1   1.000000000000000       1   0 0  0 0  0 1  0 0
     --------------------------------------------------
     I  COEFFICIENT            ORDER EXPONENTS
     1   1.000000000000000       1   0 0  0 0  0 0  1 0
     --------------------------------------------------
     I  COEFFICIENT            ORDER EXPONENTS
     1   1.000000000000000       1   0 0  0 0  0 0  0 1
     --------------------------------------------------
