     I  COEFFICIENT            ORDER EXPONENTS
     1   1.000000000000000       1   1 0  0 0  0 0  0 0
     2  0.4496500000000000       1   0 1  0 0  0 0  0 0
     3  -.2252010372117381       2   0 1  0 0  0 1  0 0
     4  -.2244489627882619       2   0 1  0 0  0 0  1 0
     5  0.2248250000000000       3   0 3  0 0  0 0  0 0
     6  0.2248250000000000       3   0 1  0 2  0 0  0 0
     7  0.1688072403193727       3   0 1  0 0  0 2  0 0
     8  0.1127875937847308       3   0 1  0 0  0 1  1 0
     9  0.1680551658958965       3   0 1  0 0  0 0  2 0
    10  -.3378015558176071       4   0 3  0 0  0 1  0 0
    11  -.3378015558176071       4   0 1  0 2  0 1  0 0
    12  -.3366734441823929       4   0 3  0 0  0 0  1 0
    13  -.3366734441823929       4   0 1  0 2  0 0  1 0
    14  -.1406568754686347       4   0 1  0 0  0 3  0 0
    15  -.8445109455221390E-01   4   0 1  0 0  0 2  1 0
    16  -.8473029612488225E-01   4   0 1  0 0  0 1  2 0
    17  -.1398117338542691       4   0 1  0 0  0 0  3 0
    ---------------------------------------------------
     I  COEFFICIENT            ORDER EXPONENTS
     1   1.000000000000000       1   0 1  0 0  0 0  0 0
     --------------------------------------------------
     I  COEFFICIENT            ORDER EXPONENTS
     1   1.000000000000000       1   0 0  1 0  0 0  0 0
     2  0.4496500000000000       1   0 0  0 1  0 0  0 0
     3  -.2252010372117381       2   0 0  0 1  0 1  0 0
     4  -.2244489627882619       2   0 0  0 1  0 0  1 0
     5  0.2248250000000000       3   0 2  0 1  0 0  0 0
     6  0.2248250000000000       3   0 0  0 3  0 0  0 0
     7  0.1688072403193727       3   0 0  0 1  0 2  0 0
     8  0.1127875937847308       3   0 0  0 1  0 1  1 0
     9  0.1680551658958965       3   0 0  0 1  0 0  2 0
    10  -.3378015558176071       4   0 2  0 1  0 1  0 0
    11  -.3378015558176071       4   0 0  0 3  0 1  0 0
    12  -.3366734441823929       4   0 2  0 1  0 0  1 0
    13  -.3366734441823929       4   0 0  0 3  0 0  1 0
    14  -.1406568754686347       4   0 0  0 1  0 3  0 0
    15  -.8445109455221390E-01   4   0 0  0 1  0 2  1 0
    16  -.8473029612488225E-01   4   0 0  0 1  0 1  2 0
    17  -.1398117338542691       4   0 0  0 1  0 0  3 0
    ---------------------------------------------------
     I  COEFFICIENT            ORDER EXPONENTS
     1   1.000000000000000       1   0 0  0 1  0 0  0 0
     --------------------------------------------------
     I  COEFFICIENT            ORDER EXPONENTS
     1   1.000000000000000       1   0 0  0 0  1 0  0 0
     2  0.1120367772639310       1   0 0  0 0  0 1  0 0
     3  -.1120367772639310       1   0 0  0 0  0 0  1 0
     4  -.1126005186058691       2   0 2  0 0  0 0  0 0
     5  -.1126005186058691       2   0 0  0 2  0 0  0 0
     6  -.8416812558333507E-01   2   0 0  0 0  0 2  0 0
     7  0.5629947390273912E-01   2   0 0  0 0  0 1  1 0
     8  0.2786865168059592E-01   2   0 0  0 0  0 0  2 0
     9  0.1688072403193727       3   0 2  0 0  0 1  0 0
    10  0.1688072403193727       3   0 0  0 2  0 1  0 0
    11  0.5639379689236541E-01   3   0 2  0 0  0 0  1 0
    12  0.5639379689236541E-01   3   0 0  0 2  0 0  1 0
    13  0.7016372431570560E-01   3   0 0  0 0  0 3  0 0
    14  -.4215492178044668E-01   3   0 0  0 0  0 2  1 0
    15  -.1414455212229242E-01   3   0 0  0 0  0 1  2 0
    16  -.1386425041296649E-01   3   0 0  0 0  0 0  3 0
    17  -.8445038895440179E-01   4   0 4  0 0  0 0  0 0
    18  -.1689007779088036       4   0 2  0 2  0 0  0 0
    19  -.8445038895440179E-01   4   0 0  0 4  0 0  0 0
    20  -.2109853132029521       4   0 2  0 0  0 2  0 0
    21  -.2109853132029521       4   0 0  0 2  0 2  0 0
    22  -.8445109455221390E-01   4   0 2  0 0  0 1  1 0
    23  -.8445109455221390E-01   4   0 0  0 2  0 1  1 0
    24  -.4236514806244118E-01   4   0 2  0 0  0 0  2 0
    25  -.4236514806244118E-01   4   0 0  0 2  0 0  2 0
    26  -.6140209195023112E-01   4   0 0  0 0  0 4  0 0
    27  0.3511719485380765E-01   4   0 0  0 0  0 3  1 0
    28  0.1055659038995846E-01   4   0 0  0 0  0 2  2 0
    29  0.7106825195653407E-02   4   0 0  0 0  0 1  3 0
    30  0.8621481510811494E-02   4   0 0  0 0  0 0  4 0
    ---------------------------------------------------
     I  COEFFICIENT            ORDER EXPONENTS
     1   1.000000000000000       1   0 0  0 0  0 1  0 0
     --------------------------------------------------
     I  COEFFICIENT            ORDER EXPONENTS
     1   1.000000000000000       1   0 0  0 0  0 0  1 0
     --------------------------------------------------
     I  COEFFICIENT            ORDER EXPONENTS
     1   1.000000000000000       1   0 0  0 0  0 0  0 1
     --------------------------------------------------
