     I  COEFFICIENT            ORDER EXPONENTS
     1  -.5554443276635087E-04   0   0 0  0 0  0 0  0 0
     2  0.8259392533359652       1   1 0  0 0  0 0  0 0
     3  0.2841963868092198       1   0 1  0 0  0 0  0 0
     4  -.2370674953310683E-04   1   0 0  1 0  0 0  0 0
     5  -.1815293499551882E-05   1   0 0  0 1  0 0  0 0
     6  -.3116395312947993E-05   1   0 0  0 0  0 1  0 0
     7  -.3105987895480819E-05   1   0 0  0 0  0 0  1 0
     8  0.6222383208428880E-05   1   0 0  0 0  0 0  0 1
     9  -.1356992443525427E-03   2   2 0  0 0  0 0  0 0
    10  0.3170555729027940E-04   2   1 1  0 0  0 0  0 0
    11  0.1361717796242552E-04   2   0 2  0 0  0 0  0 0
    12  -.1437794351363035E-03   2   1 0  1 0  0 0  0 0
    13  0.2955446698084510E-04   2   0 1  1 0  0 0  0 0
    14  0.1349218885198813E-03   2   0 0  2 0  0 0  0 0
    15  0.8566123495501625E-06   2   1 0  0 1  0 0  0 0
    16  0.2158576403141141E-05   2   0 1  0 1  0 0  0 0
    17  0.1018759954292013E-04   2   0 0  1 1  0 0  0 0
    18  0.7914535209367328E-05   2   0 0  0 2  0 0  0 0
    19  0.8477009533314150E-01   2   1 0  0 0  0 1  0 0
    20  -.1354948084937928       2   0 1  0 0  0 1  0 0
    21  0.1189084082997704E-04   2   0 0  1 0  0 1  0 0
    22  0.1821954202027981E-05   2   0 0  0 1  0 1  0 0
    23  0.8448699974279684E-01   2   1 0  0 0  0 0  1 0
    24  -.1350423142191497       2   0 1  0 0  0 0  1 0
    25  0.1185113054545714E-04   2   0 0  1 0  0 0  1 0
    26  0.1815869660086861E-05   2   0 0  0 1  0 0  1 0
    27  -.1692570950759384       2   1 0  0 0  0 0  0 1
    28  -.1365926409627752E-01   2   0 1  0 0  0 0  0 1
    29  -.2374197137543416E-04   2   0 0  1 0  0 0  0 1
    30  -.1822530362563013E-05   2   0 0  0 1  0 0  0 1
    31  0.2309644043247473E-05   2   0 0  0 0  0 2  0 0
    32  0.1508244953262367E-05   2   0 0  0 0  0 1  1 0
    33  0.2299412383370115E-05   2   0 0  0 0  0 0  2 0
    34  -.3011131356749656E-05   2   0 0  0 0  0 1  0 1
    35  -.3001075475537123E-05   2   0 0  0 0  0 0  1 1
    36  -.1050870420889422E-06   2   0 0  0 0  0 0  0 2
    37  0.7329073528976600E-01   3   3 0  0 0  0 0  0 0
    38  -.2914376122184110       3   2 1  0 0  0 0  0 0
    39  -.2790610408292891       3   1 2  0 0  0 0  0 0
    40  0.1127125602506413       3   0 3  0 0  0 0  0 0
    41  0.5908946323502757E-04   3   2 0  1 0  0 0  0 0
    42  0.6701873552134339E-04   3   1 1  1 0  0 0  0 0
    43  -.2833356752400708E-04   3   0 2  1 0  0 0  0 0
    44  -.2407784798506631       3   1 0  2 0  0 0  0 0
    45  -.6264711515260927       3   0 1  2 0  0 0  0 0
    46  -.3515749317148409E-04   3   0 0  3 0  0 0  0 0
    47  -.4787856250632536E-04   3   2 0  0 1  0 0  0 0
    48  -.9505093061058962E-05   3   1 1  0 1  0 0  0 0
    49  -.5155923550430327E-05   3   0 2  0 1  0 0  0 0
    50  -.1608550565936437       3   1 0  1 1  0 0  0 0
    51  -.3353550502766686E-01   3   0 1  1 1  0 0  0 0
    52  -.1209151740500765E-03   3   0 0  2 1  0 0  0 0
    53  -.1744682954047838       3   1 0  0 2  0 0  0 0
    54  0.1207965676656369       3   0 1  0 2  0 0  0 0
    55  -.4382840759030948E-04   3   0 0  1 2  0 0  0 0
    56  -.4858204147228875E-05   3   0 0  0 3  0 0  0 0
    57  0.6760236280298130E-04   3   2 0  0 0  0 1  0 0
    58  -.1926593858813008E-04   3   1 1  0 0  0 1  0 0
    59  -.1892028438420663E-04   3   0 2  0 0  0 1  0 0
    60  0.6849549639441414E-04   3   1 0  1 0  0 1  0 0
    61  -.3023319260997569E-04   3   0 1  1 0  0 1  0 0
    62  -.7379908780098252E-04   3   0 0  2 0  0 1  0 0
    63  -.1183585851714301E-05   3   1 0  0 1  0 1  0 0
    64  -.3456826927474723E-05   3   0 1  0 1  0 1  0 0
    65  -.1528046595319453E-04   3   0 0  1 1  0 1  0 0
    66  -.1199248878860360E-04   3   0 0  0 2  0 1  0 0
    67  0.6737660004158295E-04   3   2 0  0 0  0 0  1 0
    68  -.1920159865508308E-04   3   1 1  0 0  0 0  1 0
    69  -.1885709878725545E-04   3   0 2  0 0  0 0  1 0
    70  0.6826675095167862E-04   3   1 0  1 0  0 0  1 0
    71  -.3013222677436719E-04   3   0 1  1 0  0 0  1 0
    72  -.7355263064830612E-04   3   0 0  2 0  0 0  1 0
    73  -.1179633184985641E-05   3   1 0  0 1  0 0  1 0
    74  -.3445282615109431E-05   3   0 1  0 1  0 0  1 0
    75  -.1522943578137788E-04   3   0 0  1 1  0 0  1 0
    76  -.1195243904370272E-04   3   0 0  0 2  0 0  1 0
    77  -.1349789628445644E-03   3   2 0  0 0  0 0  0 1
    78  0.6761979952933994E-05   3   1 1  0 0  0 0  0 1
    79  0.1054302724661059E-04   3   0 2  0 0  0 0  0 1
    80  -.1367622473460934E-03   3   1 0  1 0  0 0  0 1
    81  0.3081095240349785E-04   3   0 1  1 0  0 0  0 1
    82  0.1473517184492888E-03   3   0 0  2 0  0 0  0 1
    83  0.1506606687149664E-05   3   1 0  0 1  0 0  0 1
    84  0.2584956736302005E-05   3   0 1  0 1  0 0  0 1
    85  0.2032230219165222E-04   3   0 0  1 1  0 0  0 1
    86  0.8115857413571669E-05   3   0 0  0 2  0 0  0 1
    87  -.6234593765270648E-01   3   1 0  0 0  0 2  0 0
    88  0.9815026799624765E-01   3   0 1  0 0  0 2  0 0
    89  -.8911782521026225E-05   3   0 0  1 0  0 2  0 0
    90  -.1830982618977235E-05   3   0 0  0 1  0 2  0 0
    91  -.4007063057980575E-01   3   1 0  0 0  0 1  1 0
    92  0.6105366472302559E-01   3   0 1  0 0  0 1  1 0
    93  -.5956214501004320E-05   3   0 0  1 0  0 1  1 0
    94  -.1832678309499025E-05   3   0 0  0 1  0 1  1 0
    95  -.6207081976657611E-01   3   1 0  0 0  0 0  2 0
    96  0.9772054192897751E-01   3   0 1  0 0  0 0  2 0
    97  -.8872075412631727E-05   3   0 0  1 0  0 0  2 0
    98  -.1821807748094487E-05   3   0 0  0 1  0 0  2 0
    99  0.7999247547795374E-01   3   1 0  0 0  0 1  0 1
   100  0.1363533631367843E-01   3   0 1  0 0  0 1  0 1
   101  0.1189815532558133E-04   3   0 0  1 0  0 1  0 1
   102  0.1820109955170483E-05   3   0 0  0 1  0 1  0 1
   103  0.7972533507921321E-01   3   1 0  0 0  0 0  1 1
   104  0.1358980016595909E-01   3   0 1  0 0  0 0  1 1
   105  0.1185842061379791E-04   3   0 0  1 0  0 0  1 1
   106  0.1814031572219166E-05   3   0 0  0 1  0 0  1 1
   107  0.4769624343839073E-02   3   1 0  0 0  0 0  0 2
   108  0.4668387117257799E-04   3   0 1  0 0  0 0  0 2
   109  -.1216634237423596E-07   3   0 0  1 0  0 0  0 2
   110  0.9551933636049499E-09   3   0 0  0 1  0 0  0 2
   111  -.1906956104121229E-05   3   0 0  0 0  0 3  0 0
   112  -.1102940744907822E-05   3   0 0  0 0  0 2  1 0
   113  -.1106936440561700E-05   3   0 0  0 0  0 1  2 0
   114  -.1895567999133559E-05   3   0 0  0 0  0 0  3 0
   115  0.2204531215398023E-05   3   0 0  0 0  0 2  0 1
   116  0.1403284885597291E-05   3   0 0  0 0  0 1  1 1
   117  0.2194825847700030E-05   3   0 0  0 0  0 0  2 1
   118  0.1049592287369440E-06   3   0 0  0 0  0 1  0 2
   119  0.1046087101406840E-06   3   0 0  0 0  0 0  1 2
   120  0.2020484334197479E-09   3   0 0  0 0  0 0  0 3
   121  -.2885687747937528E-03   4   4 0  0 0  0 0  0 0
   122  0.8046379551953151E-04   4   3 1  0 0  0 0  0 0
   123  0.2852674049363464E-04   4   2 2  0 0  0 0  0 0
   124  -.1565636495938742E-03   4   1 3  0 0  0 0  0 0
   125  0.7775144125171606E-04   4   0 4  0 0  0 0  0 0
   126  -.2089240562113315E-03   4   3 0  1 0  0 0  0 0
   127  0.9878811146457289E-04   4   2 1  1 0  0 0  0 0
   128  -.8930641119683509E-04   4   1 2  1 0  0 0  0 0
   129  0.4002956645435482E-04   4   0 3  1 0  0 0  0 0
   130  -.8362060577836667E-03   4   2 0  2 0  0 0  0 0
   131  -.1006977191182706E-03   4   1 1  2 0  0 0  0 0
   132  -.1546791052605494E-03   4   0 2  2 0  0 0  0 0
   133  -.8144233311168667E-03   4   1 0  3 0  0 0  0 0
   134  0.1054032003275536E-03   4   0 1  3 0  0 0  0 0
   135  -.4961543682190773E-07   4   0 0  4 0  0 0  0 0
   136  -.1452071322877097E-03   4   3 0  0 1  0 0  0 0
   137  0.9778865838780188E-04   4   2 1  0 1  0 0  0 0
   138  -.7820557125564081E-04   4   1 2  0 1  0 0  0 0
   139  0.4380127142817473E-04   4   0 3  0 1  0 0  0 0
   140  -.4670813486173916E-03   4   2 0  1 1  0 0  0 0
   141  0.2098708976561681E-03   4   1 1  1 1  0 0  0 0
   142  0.4029661551972089E-04   4   0 2  1 1  0 0  0 0
   143  -.8128962820900751E-03   4   1 0  2 1  0 0  0 0
   144  0.4218219190450657E-03   4   0 1  2 1  0 0  0 0
   145  -.6901992401645180E-07   4   0 0  3 1  0 0  0 0
   146  -.2001433980301107E-03   4   2 0  0 2  0 0  0 0
   147  -.1789094351130247E-03   4   1 1  0 2  0 0  0 0
   148  0.1049842202336784E-03   4   0 2  0 2  0 0  0 0
   149  -.4029489664567331E-03   4   1 0  1 2  0 0  0 0
   150  0.1070583304567500E-03   4   0 1  1 2  0 0  0 0
   151  -.6508351879626022E-04   4   0 0  2 2  0 0  0 0
   152  -.1048512966116954E-03   4   1 0  0 3  0 0  0 0
   153  0.4981044435160815E-04   4   0 1  0 3  0 0  0 0
   154  -.3497010912547764E-05   4   0 0  1 3  0 0  0 0
   155  0.1991994152196848E-04   4   0 0  0 4  0 0  0 0
   156  -.3214412146023979E-01   4   3 0  0 0  0 1  0 0
   157  0.1641300330704332       4   2 1  0 0  0 1  0 0
   158  0.3835792541835454       4   1 2  0 0  0 1  0 0
   159  -.1531631603489179       4   0 3  0 0  0 1  0 0
   160  -.5113057593310041E-04   4   2 0  1 0  0 1  0 0
   161  -.9759033343004732E-04   4   1 1  1 0  0 1  0 0
   162  0.3912368496951197E-04   4   0 2  1 0  0 1  0 0
   163  0.2506633724284009       4   1 0  2 0  0 1  0 0
   164  0.6449609667120398       4   0 1  2 0  0 1  0 0
   165  0.4038619227743507E-04   4   0 0  3 0  0 1  0 0
   166  0.3449755074370270E-04   4   2 0  0 1  0 1  0 0
   167  0.7735319554403890E-05   4   1 1  0 1  0 1  0 0
   168  0.9772335561619438E-05   4   0 2  0 1  0 1  0 0
   169  0.2365728673533273       4   1 0  1 1  0 1  0 0
   170  0.6755670654019857E-01   4   0 1  1 1  0 1  0 0
   171  0.1441007840747058E-03   4   0 0  2 1  0 1  0 0
   172  0.2595039483744297       4   1 0  0 2  0 1  0 0
   173  -.1666698372933708       4   0 1  0 2  0 1  0 0
   174  0.7026307648302793E-04   4   0 0  1 2  0 1  0 0
   175  0.9940167341346131E-05   4   0 0  0 3  0 1  0 0
   176  -.3203677394570464E-01   4   3 0  0 0  0 0  1 0
   177  0.1635819094848368       4   2 1  0 0  0 0  1 0
   178  0.3822982647617421       4   1 2  0 0  0 0  1 0
   179  -.1526516613925036       4   0 3  0 0  0 0  1 0
   180  -.5095982184203151E-04   4   2 0  1 0  0 0  1 0
   181  -.9726442376879524E-04   4   1 1  1 0  0 0  1 0
   182  0.3899302872040225E-04   4   0 2  1 0  0 0  1 0
   183  0.2498262647772134       4   1 0  2 0  0 0  1 0
   184  0.6428070750017255       4   0 1  2 0  0 0  1 0
   185  0.4025131979794130E-04   4   0 0  3 0  0 0  1 0
   186  0.3438234378947149E-04   4   2 0  0 1  0 0  1 0
   187  0.7709486920299228E-05   4   1 1  0 1  0 0  1 0
   188  0.9739700171816177E-05   4   0 2  0 1  0 0  1 0
   189  0.2357828159173828       4   1 0  1 1  0 0  1 0
   190  0.6733109625104441E-01   4   0 1  1 1  0 0  1 0
   191  0.1436195495500025E-03   4   0 0  2 1  0 0  1 0
   192  0.2586373170090513       4   1 0  0 2  0 0  1 0
   193  -.1661132318560904       4   0 1  0 2  0 0  1 0
   194  0.7002842808446007E-04   4   0 0  1 2  0 0  1 0
   195  0.9906971465718487E-05   4   0 0  0 3  0 0  1 0
   196  0.6418089540594399E-01   4   3 0  0 0  0 0  0 1
   197  -.3627433033685826E-01   4   2 1  0 0  0 0  0 1
   198  -.2077554372867095       4   1 2  0 0  0 0  0 1
   199  -.3232285901050176E-01   4   0 3  0 0  0 0  0 1
   200  0.1020903977751326E-03   4   2 0  1 0  0 0  0 1
   201  0.1278360216774987E-03   4   1 1  1 0  0 0  0 1
   202  -.2144957864189994E-04   4   0 2  1 0  0 0  0 1
   203  -.5004896372056191       4   1 0  2 0  0 0  0 1
   204  -.6612968901876729       4   0 1  2 0  0 0  0 1
   205  -.8063751207537701E-04   4   0 0  3 0  0 0  0 1
   206  -.2100133202684922E-04   4   2 0  0 1  0 0  0 1
   207  0.3565379647414852E-05   4   1 1  0 1  0 0  0 1
   208  -.4044265082144558E-05   4   0 2  0 1  0 0  0 1
   209  -.3115006266770616       4   1 0  1 1  0 0  0 1
   210  -.6781679273590943E-01   4   0 1  1 1  0 0  0 1
   211  -.1668051595746325E-03   4   0 0  2 1  0 0  0 1
   212  -.1692046745739137       4   1 0  0 2  0 0  0 1
   213  -.2960663384744961E-01   4   0 1  0 2  0 0  0 1
   214  -.5263468938686985E-04   4   0 0  1 2  0 0  0 1
   215  -.5272526365377869E-05   4   0 0  0 3  0 0  0 1
   216  -.6440970743787971E-04   4   2 0  0 0  0 2  0 0
   217  -.1773954998110627E-03   4   1 1  0 0  0 2  0 0
   218  0.1230728198279062E-03   4   0 2  0 0  0 2  0 0
   219  -.8870554033058855E-04   4   1 0  1 0  0 2  0 0
   220  0.1133275526739128E-04   4   0 1  1 0  0 2  0 0
   221  -.8332161510605562E-04   4   0 0  2 0  0 2  0 0
   222  -.8091449917889689E-04   4   1 0  0 1  0 2  0 0
   223  0.5257749916174926E-04   4   0 1  0 1  0 2  0 0
   224  -.7912812817254609E-05   4   0 0  1 1  0 2  0 0
   225  0.4877812412674175E-04   4   0 0  0 2  0 2  0 0
   226  -.2928776372911310E-04   4   2 0  0 0  0 1  1 0
   227  -.2079498767003951E-03   4   1 1  0 0  0 1  1 0
   228  0.1393542603224216E-03   4   0 2  0 0  0 1  1 0
   229  -.7678099717357355E-04   4   1 0  1 0  0 1  1 0
   230  0.7413549386183178E-05   4   0 1  1 0  0 1  1 0
   231  -.1013339315576510E-03   4   0 0  2 0  0 1  1 0
   232  -.9650040693048008E-04   4   1 0  0 1  0 1  1 0
   233  0.6010045706873845E-04   4   0 1  0 1  0 1  1 0
   234  -.1229498134819067E-04   4   0 0  1 1  0 1  1 0
   235  0.5609184733380350E-04   4   0 0  0 2  0 1  1 0
   236  -.6414570251439237E-04   4   2 0  0 0  0 0  2 0
   237  -.1764558437922301E-03   4   1 1  0 0  0 0  2 0
   238  0.1224291180523374E-03   4   0 2  0 0  0 0  2 0
   239  -.8828109432723800E-04   4   1 0  1 0  0 0  2 0
   240  0.1128252971796916E-04   4   0 1  1 0  0 0  2 0
   241  -.8287415098258163E-04   4   0 0  2 0  0 0  2 0
   242  -.8048314473010175E-04   4   1 0  0 1  0 0  2 0
   243  0.5230155815615001E-04   4   0 1  0 1  0 0  2 0
   244  -.7865857462283426E-05   4   0 0  1 1  0 0  2 0
   245  0.4852156491116769E-04   4   0 0  0 2  0 0  2 0
   246  0.2424728024476085E-04   4   2 0  0 0  0 1  0 1
   247  0.1101374684409844E-03   4   1 1  0 0  0 1  0 1
   248  0.2997428655563942E-04   4   0 2  0 0  0 1  0 1
   249  0.1237745602454154E-03   4   1 0  1 0  0 1  0 1
   250  -.8028456935470531E-05   4   0 1  1 0  0 1  0 1
   251  0.6881696111778132E-04   4   0 0  2 0  0 1  0 1
   252  0.6266120670351886E-04   4   1 0  0 1  0 1  0 1
   253  0.1163954784922268E-04   4   0 1  0 1  0 1  0 1
   254  0.7069541214820983E-05   4   0 0  1 1  0 1  0 1
   255  0.5208790927503293E-05   4   0 0  0 2  0 1  0 1
   256  0.2416630477707773E-04   4   2 0  0 0  0 0  1 1
   257  0.1097696567554503E-03   4   1 1  0 0  0 0  1 1
   258  0.2987418535468780E-04   4   0 2  0 0  0 0  1 1
   259  0.1233612065495791E-03   4   1 0  1 0  0 0  1 1
   260  -.8001645348828093E-05   4   0 1  1 0  0 0  1 1
   261  0.6858714212139108E-04   4   0 0  2 0  0 0  1 1
   262  0.6245194527431151E-04   4   1 0  0 1  0 0  1 1
   263  0.1160067677497453E-04   4   0 1  0 1  0 0  1 1
   264  0.7045931993481657E-05   4   0 0  1 1  0 0  1 1
   265  0.5191395810312392E-05   4   0 0  0 2  0 0  1 1
   266  0.4889365338345945E-04   4   2 0  0 0  0 0  0 2
   267  0.1418290395284386E-04   4   1 1  0 0  0 0  0 2
   268  0.7746010481150683E-06   4   0 2  0 0  0 0  0 2
   269  -.1356787811469752E-04   4   1 0  1 0  0 0  0 2
   270  -.3387197342016816E-05   4   0 1  1 0  0 0  0 2
   271  -.4013111413883729E-08   4   0 0  2 0  0 0  0 2
   272  0.1283151266813905E-05   4   1 0  0 1  0 0  0 2
   273  -.1036022998362951E-06   4   0 1  0 1  0 0  0 2
   274  -.8897502339107893E-09   4   0 0  1 1  0 0  0 2
   275  0.4806099255243223E-08   4   0 0  0 2  0 0  0 2
   276  0.5115670448705417E-01   4   1 0  0 0  0 3  0 0
   277  -.7951502169231907E-01   4   0 1  0 0  0 3  0 0
   278  0.7430352487651530E-05   4   0 0  1 0  0 3  0 0
   279  0.1822519482229118E-05   4   0 0  0 1  0 3  0 0
   280  0.2881592858693158E-01   4   1 0  0 0  0 2  1 0
   281  -.4230732275904207E-01   4   0 1  0 0  0 2  1 0
   282  0.4469744673104543E-05   4   0 0  1 0  0 2  1 0
   283  0.1813655357507286E-05   4   0 0  0 1  0 2  1 0
   284  0.2892698562924594E-01   4   1 0  0 0  0 1  2 0
   285  -.4249237906771956E-01   4   0 1  0 0  0 1  2 0
   286  0.4484451101652945E-05   4   0 0  1 0  0 1  2 0
   287  0.1813669271963773E-05   4   0 0  0 1  0 1  2 0
   288  0.5085248771173249E-01   4   1 0  0 0  0 0  3 0
   289  -.7904629611700870E-01   4   0 1  0 0  0 0  3 0
   290  0.7385692777081205E-05   4   0 0  1 0  0 0  3 0
   291  0.1810371571477736E-05   4   0 0  0 1  0 0  3 0
   292  -.5759410319066159E-01   4   1 0  0 0  0 2  0 1
   293  -.1359850126057682E-01   4   0 1  0 0  0 2  0 1
   294  -.8929992753049653E-05   4   0 0  1 0  0 2  0 1
   295  -.1821055270845836E-05   4   0 0  0 1  0 2  0 1
   296  -.3534444059317660E-01   4   1 0  0 0  0 1  1 1
   297  -.1356176016277301E-01   4   0 1  0 0  0 1  1 1
   298  -.5981522251546476E-05   4   0 0  1 0  0 1  1 1
   299  -.1821973973187614E-05   4   0 0  0 1  0 1  1 1
   300  -.5734274610303566E-01   4   1 0  0 0  0 0  2 1
   301  -.1353044290852243E-01   4   0 1  0 0  0 0  2 1
   302  -.8890182571836328E-05   4   0 0  1 0  0 0  2 1
   303  -.1811931426963412E-05   4   0 0  0 1  0 0  2 1
   304  -.4726169719562454E-02   4   1 0  0 0  0 1  0 2
   305  -.7363377411982727E-04   4   0 1  0 0  0 1  0 2
   306  0.1885648418576044E-07   4   0 0  1 0  0 1  0 2
   307  -.1911489523986687E-08   4   0 0  0 1  0 1  0 2
   308  -.4710386349240953E-02   4   1 0  0 0  0 0  1 2
   309  -.7338786904363758E-04   4   0 1  0 0  0 0  1 2
   310  0.1879351165396781E-07   4   0 0  1 0  0 0  1 2
   311  -.1905105972660972E-08   4   0 0  0 1  0 0  1 2
   312  -.3423087295851072E-04   4   1 0  0 0  0 0  0 3
   313  0.2323343215163708E-05   4   0 1  0 0  0 0  0 3
   314  -.4439103607330049E-08   4   0 0  1 0  0 0  0 3
   315  0.3170051236156109E-09   4   0 0  0 1  0 0  0 3
   316  0.1486919560292447E-04   4   0 0  0 0  0 4  0 0
   317  0.7288426730279720E-05   4   0 0  0 0  0 3  1 0
   318  0.6286236178763340E-05   4   0 0  0 0  0 2  2 0
   319  0.7342034310820302E-05   4   0 0  0 0  0 1  3 0
   320  0.1475785348536614E-04   4   0 0  0 0  0 0  4 0
   321  0.1944511936623026E-05   4   0 0  0 0  0 3  0 1
   322  0.2289098390742746E-05   4   0 0  0 0  0 2  1 1
   323  0.2287339705434148E-05   4   0 0  0 0  0 1  2 1
   324  0.1930961688610533E-05   4   0 0  0 0  0 0  3 1
   325  0.8867684403384627E-08   4   0 0  0 0  0 2  0 2
   326  0.1285224836633604E-07   4   0 0  0 0  0 1  1 2
   327  0.8816609672924794E-08   4   0 0  0 0  0 0  2 2
   328  -.2416880923228047E-09   4   0 0  0 0  0 1  0 3
   329  -.2408809582396529E-09   4   0 0  0 0  0 0  1 3
   330  0.1169724862703307E-15   4   0 0  0 0  0 0  0 4
   ----------------------------------------------------
     I  COEFFICIENT            ORDER EXPONENTS
     1  0.5852134416844016E-04   0   0 0  0 0  0 0  0 0
     2  -1.118326545475344       1   1 0  0 0  0 0  0 0
     3  0.8259392363034043       1   0 1  0 0  0 0  0 0
     4  -.1595858629735962E-03   1   0 0  1 0  0 0  0 0
     5  -.2371093349091868E-04   1   0 0  0 1  0 0  0 0
     6  0.1308789247289246E-05   1   0 0  0 0  0 1  0 0
     7  0.1304418455170481E-05   1   0 0  0 0  0 0  1 0
     8  0.5590813646598044E-04   1   0 0  0 0  0 0  0 1
     9  0.7628893450337056E-04   2   2 0  0 0  0 0  0 0
    10  0.2809692482487557E-03   2   1 1  0 0  0 0  0 0
    11  0.1404943862190278E-04   2   0 2  0 0  0 0  0 0
    12  0.2712875496038944E-03   2   1 0  1 0  0 0  0 0
    13  0.1971097443616728E-03   2   0 1  1 0  0 0  0 0
    14  -.7481668239852808E-05   2   0 0  2 0  0 0  0 0
    15  0.1694102929029267E-03   2   1 0  0 1  0 0  0 0
    16  0.5451027224031038E-04   2   0 1  0 1  0 0  0 0
    17  -.1930622369248800E-03   2   0 0  1 1  0 0  0 0
    18  -.3687782652553078E-05   2   0 0  0 2  0 0  0 0
    19  -.4045630488319571E-01   2   1 0  0 0  0 1  0 0
    20  0.8477010594622332E-01   2   0 1  0 0  0 1  0 0
    21  0.2690780508897915E-06   2   0 0  1 0  0 1  0 0
    22  0.1189320036685624E-04   2   0 0  0 1  0 1  0 0
    23  -.4032119825781012E-01   2   1 0  0 0  0 0  1 0
    24  0.8448701032043529E-01   2   0 1  0 0  0 0  1 0
    25  0.2681794461475336E-06   2   0 0  1 0  0 0  1 0
    26  0.1185348220249983E-04   2   0 0  0 1  0 0  1 0
    27  -1.037549042334339       2   1 0  0 0  0 0  0 1
    28  -.1692571162666583       2   0 1  0 0  0 0  0 1
    29  -.1601231204706335E-03   2   0 0  1 0  0 0  0 1
    30  -.2374668256935602E-04   2   0 0  0 1  0 0  0 1
    31  -.9695723651619184E-06   2   0 0  0 0  0 2  0 0
    32  -.6326052068626744E-06   2   0 0  0 0  0 1  1 0
    33  -.9652780967686215E-06   2   0 0  0 0  0 0  2 0
    34  0.2571746007137699E-05   2   0 0  0 0  0 1  0 1
    35  0.2563157483658441E-05   2   0 0  0 0  0 0  1 1
    36  -.2567450092097361E-05   2   0 0  0 0  0 0  0 2
    37  -.8836545116207203       3   3 0  0 0  0 0  0 0
    38  -.7374304656835992       3   2 1  0 0  0 0  0 0
    39  0.4155464571327297       3   1 2  0 0  0 0  0 0
    40  -.1193150231830572E-01   3   0 3  0 0  0 0  0 0
    41  0.6174401410131735E-03   3   2 0  1 0  0 0  0 0
    42  0.1999192181718946E-03   3   1 1  1 0  0 0  0 0
    43  0.1937982350472603E-04   3   0 2  1 0  0 0  0 0
    44  -4.273958456900355       3   1 0  2 0  0 0  0 0
    45  -.3815964982646649       3   0 1  2 0  0 0  0 0
    46  -.1621711541765668E-03   3   0 0  3 0  0 0  0 0
    47  0.7612352846357911E-04   3   2 0  0 1  0 0  0 0
    48  0.1912416081847685E-03   3   1 1  0 1  0 0  0 0
    49  0.1531795973554460E-04   3   0 2  0 1  0 0  0 0
    50  -1.819119362683427       3   1 0  1 1  0 0  0 0
    51  -.4196759227197946       3   0 1  1 1  0 0  0 0
    52  -.6721726036267488E-04   3   0 0  2 1  0 0  0 0
    53  -.6377664567448428       3   1 0  0 2  0 0  0 0
    54  -.2085391716361455       3   0 1  0 2  0 0  0 0
    55  -.1339289796749186E-04   3   0 0  1 2  0 0  0 0
    56  -.1281919077242875E-04   3   0 0  0 3  0 0  0 0
    57  -.1799138876883258E-04   3   2 0  0 0  0 1  0 0
    58  -.1490653138227591E-03   3   1 1  0 0  0 1  0 0
    59  -.1717832284897147E-04   3   0 2  0 0  0 1  0 0
    60  -.1328665567585859E-03   3   1 0  1 0  0 1  0 0
    61  -.1247035973422880E-03   3   0 1  1 0  0 1  0 0
    62  -.5332158444252594E-05   3   0 0  2 0  0 1  0 0
    63  -.9247119149385611E-04   3   1 0  0 1  0 1  0 0
    64  -.5953036189119000E-04   3   0 1  0 1  0 1  0 0
    65  0.6863540233516973E-04   3   0 0  1 1  0 1  0 0
    66  0.2406818891992665E-05   3   0 0  0 2  0 1  0 0
    67  -.1793130528296878E-04   3   2 0  0 0  0 0  1 0
    68  -.1485674999079500E-03   3   1 1  0 0  0 0  1 0
    69  -.1712095465292377E-04   3   0 2  0 0  0 0  1 0
    70  -.1324228397122044E-03   3   1 0  1 0  0 0  1 0
    71  -.1242871410628776E-03   3   0 1  1 0  0 0  1 0
    72  -.5314351332715884E-05   3   0 0  2 0  0 0  1 0
    73  -.9216237756079402E-04   3   1 0  0 1  0 0  1 0
    74  -.5933155613455177E-04   3   0 1  0 1  0 0  1 0
    75  0.6840618966687800E-04   3   0 0  1 1  0 0  1 0
    76  0.2398781154009427E-05   3   0 0  0 2  0 0  1 0
    77  0.1122116285551710E-03   3   2 0  0 0  0 0  0 1
    78  0.2976328137307111E-03   3   1 1  0 0  0 0  0 1
    79  0.2024983887999220E-04   3   0 2  0 0  0 0  0 1
    80  0.5365769460746846E-03   3   1 0  1 0  0 0  0 1
    81  0.2489907384051658E-03   3   0 1  1 0  0 0  0 1
    82  0.3164841537115097E-05   3   0 0  2 0  0 0  0 1
    83  0.1846335690546516E-03   3   1 0  0 1  0 0  0 1
    84  0.6435164578543138E-04   3   0 1  0 1  0 0  0 1
    85  -.1370415920020477E-03   3   0 0  1 1  0 0  0 1
    86  -.1117817393448896E-05   3   0 0  0 2  0 0  0 1
    87  0.2984015736491403E-01   3   1 0  0 0  0 2  0 0
    88  -.6234596207110739E-01   3   0 1  0 0  0 2  0 0
    89  -.2411613655061794E-06   3   0 0  1 0  0 2  0 0
    90  -.8891892221177733E-05   3   0 0  0 1  0 2  0 0
    91  0.1929446282505919E-01   3   1 0  0 0  0 1  1 0
    92  -.4007065274598543E-01   3   0 1  0 0  0 1  1 0
    93  -.2360447615390619E-06   3   0 0  1 0  0 1  1 0
    94  -.5931625810597602E-05   3   0 0  0 1  0 1  1 0
    95  0.2970828650180869E-01   3   1 0  0 0  0 0  2 0
    96  -.6207084406641755E-01   3   0 1  0 0  0 0  2 0
    97  -.2399618465685672E-06   3   0 0  1 0  0 0  2 0
    98  -.8852292595629067E-05   3   0 0  0 1  0 0  2 0
    99  -.7897477969160173E-01   3   1 0  0 0  0 1  0 1
   100  0.7999249096474745E-01   3   0 1  0 0  0 1  0 1
   101  0.7575256507803840E-06   3   0 0  1 0  0 1  0 1
   102  0.1188171691941499E-04   3   0 0  0 1  0 1  0 1
   103  -.7871103795825493E-01   3   1 0  0 0  0 0  1 1
   104  0.7972535051428772E-01   3   0 1  0 0  0 0  1 1
   105  0.7549958415301065E-06   3   0 0  1 0  0 0  1 1
   106  0.1184203710482471E-04   3   0 0  0 1  0 0  1 1
   107  0.7884290309890654E-01   3   1 0  0 0  0 0  0 2
   108  0.4769628724654898E-02   3   0 1  0 0  0 0  0 2
   109  -.7844007607648741E-06   3   0 0  1 0  0 0  0 2
   110  -.1164592260043197E-07   3   0 0  0 1  0 0  0 2
   111  0.8002938665045099E-06   3   0 0  0 0  0 3  0 0
   112  0.4623094510869288E-06   3   0 0  0 0  0 2  1 0
   113  0.4639891463659978E-06   3   0 0  0 0  0 1  2 0
   114  0.7955155472431264E-06   3   0 0  0 0  0 0  3 0
   115  -.1893624513505341E-05   3   0 0  0 0  0 2  0 1
   116  -.1220003605067636E-05   3   0 0  0 0  0 1  1 1
   117  -.1885263480441062E-05   3   0 0  0 0  0 0  2 1
   118  0.1217755668727897E-05   3   0 0  0 0  0 1  0 2
   119  0.1213688889534374E-05   3   0 0  0 0  0 0  1 2
   120  0.4533517794503301E-07   3   0 0  0 0  0 0  0 3
   121  -.2458541090667425E-03   4   4 0  0 0  0 0  0 0
   122  0.6508546424820565E-03   4   3 1  0 0  0 0  0 0
   123  0.3198664380258310E-03   4   2 2  0 0  0 0  0 0
   124  0.1075262365977882E-03   4   1 3  0 0  0 0  0 0
   125  0.7691381523175917E-05   4   0 4  0 0  0 0  0 0
   126  -.4042551826191640E-07   4   3 0  1 0  0 0  0 0
   127  0.3327032807867351E-03   4   2 1  1 0  0 0  0 0
   128  0.7097631545914080E-04   4   1 2  1 0  0 0  0 0
   129  -.8304217973583905E-05   4   0 3  1 0  0 0  0 0
   130  -.1872188732721442E-03   4   2 0  2 0  0 0  0 0
   131  0.2202038227148079E-02   4   1 1  2 0  0 0  0 0
   132  -.1782141871165136E-03   4   0 2  2 0  0 0  0 0
   133  -.1358419091269343E-06   4   1 0  3 0  0 0  0 0
   134  0.5371351412840024E-03   4   0 1  3 0  0 0  0 0
   135  0.4184745718217704E-03   4   0 0  4 0  0 0  0 0
   136  -.1372731264359162E-06   4   3 0  0 1  0 0  0 0
   137  -.1027970217014269E-06   4   2 1  0 1  0 0  0 0
   138  -.8017682472470141E-04   4   1 2  0 1  0 0  0 0
   139  -.2619853551131920E-04   4   0 3  0 1  0 0  0 0
   140  0.2011870964551722E-02   4   2 0  1 1  0 0  0 0
   141  0.1608995820445331E-02   4   1 1  1 1  0 0  0 0
   142  -.2534317729213689E-03   4   0 2  1 1  0 0  0 0
   143  0.1074282041582575E-02   4   1 0  2 1  0 0  0 0
   144  0.3245346145670744E-03   4   0 1  2 1  0 0  0 0
   145  0.5057417344505419E-03   4   0 0  3 1  0 0  0 0
   146  0.7836229119614282E-04   4   2 0  0 2  0 0  0 0
   147  0.7057360344499940E-03   4   1 1  0 2  0 0  0 0
   148  -.3338550431039183E-04   4   0 2  0 2  0 0  0 0
   149  0.1143678845683349E-03   4   1 0  1 2  0 0  0 0
   150  0.1767761403120463E-03   4   0 1  1 2  0 0  0 0
   151  0.1194118085056548E-03   4   0 0  2 2  0 0  0 0
   152  -.8008555330083559E-04   4   1 0  0 3  0 0  0 0
   153  -.2619682873152785E-04   4   0 1  0 3  0 0  0 0
   154  -.5109543081057741E-04   4   0 0  1 3  0 0  0 0
   155  -.4751939009774891E-04   4   0 0  0 4  0 0  0 0
   156  0.2629891156717687       4   3 0  0 0  0 1  0 0
   157  0.6479575676504210       4   2 1  0 0  0 1  0 0
   158  -.3386376600620968       4   1 2  0 0  0 1  0 0
   159  0.2321101585703923E-01   4   0 3  0 0  0 1  0 0
   160  -.3507752260726625E-03   4   2 0  1 0  0 1  0 0
   161  -.2216339207417792E-03   4   1 1  1 0  0 1  0 0
   162  -.3141592677542927E-04   4   0 2  1 0  0 1  0 0
   163   2.310701772461866       4   1 0  2 0  0 1  0 0
   164  0.4668451791813635       4   0 1  2 0  0 1  0 0
   165  0.7229670196376660E-04   4   0 0  3 0  0 1  0 0
   166  -.7494016347618963E-04   4   2 0  0 1  0 1  0 0
   167  -.2088429106466414E-03   4   1 1  0 1  0 1  0 0
   168  -.2488650590511255E-04   4   0 2  0 1  0 1  0 0
   169   1.784738672368740       4   1 0  1 1  0 1  0 0
   170  0.6457137746525536       4   0 1  1 1  0 1  0 0
   171  0.6130368142216699E-04   4   0 0  2 1  0 1  0 0
   172  0.6518014944739250       4   1 0  0 2  0 1  0 0
   173  0.3284636548671673       4   0 1  0 2  0 1  0 0
   174  0.1940914842663248E-04   4   0 0  1 2  0 1  0 0
   175  0.1970993628780424E-04   4   0 0  0 3  0 1  0 0
   176  0.2621108453494020       4   3 0  0 0  0 0  1 0
   177  0.6457936685842298       4   2 1  0 0  0 0  1 0
   178  -.3375067561989884       4   1 2  0 0  0 0  1 0
   179  0.2313350106587720E-01   4   0 3  0 0  0 0  1 0
   180  -.3496037879692473E-03   4   2 0  1 0  0 0  1 0
   181  -.2208937589502155E-03   4   1 1  1 0  0 0  1 0
   182  -.3131101111735680E-04   4   0 2  1 0  0 0  1 0
   183   2.302985024240518       4   1 0  2 0  0 0  1 0
   184  0.4652861174499768       4   0 1  2 0  0 0  1 0
   185  0.7205526213239794E-04   4   0 0  3 0  0 0  1 0
   186  -.7468989562245531E-04   4   2 0  0 1  0 0  1 0
   187  -.2081454653170533E-03   4   1 1  0 1  0 0  1 0
   188  -.2480339569917096E-04   4   0 2  0 1  0 0  1 0
   189   1.778778414260263       4   1 0  1 1  0 0  1 0
   190  0.6435573688881094       4   0 1  1 1  0 0  1 0
   191  0.6109895354243319E-04   4   0 0  2 1  0 0  1 0
   192  0.6496247583485183       4   1 0  0 2  0 0  1 0
   193  0.3273667277973564       4   0 1  0 2  0 0  1 0
   194  0.1934433023443510E-04   4   0 0  1 2  0 0  1 0
   195  0.1964411359376219E-04   4   0 0  0 3  0 0  1 0
   196  -1.408754472641891       4   3 0  0 0  0 0  0 1
   197  -1.293751236234648       4   2 1  0 0  0 0  0 1
   198  0.2605979591283510       4   1 2  0 0  0 0  0 1
   199  -.2248151228630463E-01   4   0 3  0 0  0 0  0 1
   200  0.1317819155055083E-02   4   2 0  1 0  0 0  0 1
   201  0.4425276796919936E-03   4   1 1  1 0  0 0  0 1
   202  0.4334711438806017E-04   4   0 2  1 0  0 0  0 1
   203  -8.887645253602736       4   1 0  2 0  0 0  0 1
   204  -.9321312966313386       4   0 1  2 0  0 0  0 1
   205  -.3065231182727318E-03   4   0 0  3 0  0 0  0 1
   206  0.1496300590986450E-03   4   2 0  0 1  0 0  0 1
   207  0.2257467677789268E-03   4   1 1  0 1  0 0  0 1
   208  0.1905398213319398E-04   4   0 2  0 1  0 0  0 1
   209  -3.563517086629004       4   1 0  1 1  0 0  0 1
   210  -.8695952208208695       4   0 1  1 1  0 0  0 1
   211  -.1224026349646021E-03   4   0 0  2 1  0 0  0 1
   212  -.6636597960776041       4   1 0  0 2  0 0  0 1
   213  -.2387520393922323       4   0 1  0 2  0 0  0 1
   214  -.2536058069357672E-04   4   0 0  1 2  0 0  0 1
   215  -.1371566833670889E-04   4   0 0  0 3  0 0  0 1
   216  -.1237671507588548E-03   4   2 0  0 0  0 2  0 0
   217  0.2085600906591487E-03   4   1 1  0 0  0 2  0 0
   218  0.3784036949741707E-05   4   0 2  0 0  0 2  0 0
   219  -.1407712423786857E-03   4   1 0  1 0  0 2  0 0
   220  -.7255228616573807E-06   4   0 1  1 0  0 2  0 0
   221  -.1383168863765361E-03   4   0 0  2 0  0 2  0 0
   222  -.1019610214502219E-03   4   1 0  0 1  0 2  0 0
   223  -.4785856104656614E-04   4   0 1  0 1  0 2  0 0
   224  -.2435150929190945E-03   4   0 0  1 1  0 2  0 0
   225  -.1031826930438721E-03   4   0 0  0 2  0 2  0 0
   226  -.1152366377872102E-03   4   2 0  0 0  0 1  1 0
   227  0.1536454863885546E-03   4   1 1  0 0  0 1  1 0
   228  -.1885779898512675E-05   4   0 2  0 0  0 1  1 0
   229  -.1669021409248891E-03   4   1 0  1 0  0 1  1 0
   230  -.4009537066461294E-04   4   0 1  1 0  0 1  1 0
   231  -.1387781998822193E-03   4   0 0  2 0  0 1  1 0
   232  -.1235519025132966E-03   4   1 0  0 1  0 1  1 0
   233  -.6933593609778593E-04   4   0 1  0 1  0 1  1 0
   234  -.2485475848503126E-03   4   0 0  1 1  0 1  1 0
   235  -.1225639630943031E-03   4   0 0  0 2  0 1  1 0
   236  -.1231614014505709E-03   4   2 0  0 0  0 0  2 0
   237  0.2076070349676752E-03   4   1 1  0 0  0 0  2 0
   238  0.3774548743031488E-05   4   0 2  0 0  0 0  2 0
   239  -.1400224364728672E-03   4   1 0  1 0  0 0  2 0
   240  -.6561492976203454E-06   4   0 1  1 0  0 0  2 0
   241  -.1376232378842979E-03   4   0 0  2 0  0 0  2 0
   242  -.1014142105168666E-03   4   1 0  0 1  0 0  2 0
   243  -.4758295800068600E-04   4   0 1  0 1  0 0  2 0
   244  -.2422868365250255E-03   4   0 0  1 1  0 0  2 0
   245  -.1026334518997959E-03   4   0 0  0 2  0 0  2 0
   246  0.2282033447610046E-03   4   2 0  0 0  0 1  0 1
   247  -.1662322533165825E-03   4   1 1  0 0  0 1  0 1
   248  -.1157802142334386E-05   4   0 2  0 0  0 1  0 1
   249  0.2242138345706652E-03   4   1 0  1 0  0 1  0 1
   250  -.6746957108056369E-06   4   0 1  1 0  0 1  0 1
   251  0.3184432429732034E-03   4   0 0  2 0  0 1  0 1
   252  0.8347769911839516E-04   4   1 0  0 1  0 1  0 1
   253  0.3003851335360776E-04   4   0 1  0 1  0 1  0 1
   254  0.3630157981094819E-03   4   0 0  1 1  0 1  0 1
   255  0.9336159116109271E-04   4   0 0  0 2  0 1  0 1
   256  0.2274412439240306E-03   4   2 0  0 0  0 0  1 1
   257  -.1656771092212261E-03   4   1 1  0 0  0 0  1 1
   258  -.1153935582084597E-05   4   0 2  0 0  0 0  1 1
   259  0.2234650569786172E-03   4   1 0  1 0  0 0  1 1
   260  -.6724425178630765E-06   4   0 1  1 0  0 0  1 1
   261  0.3173797797612468E-03   4   0 0  2 0  0 0  1 1
   262  0.8319891957450461E-04   4   1 0  0 1  0 0  1 1
   263  0.2993819766282675E-04   4   0 1  0 1  0 0  1 1
   264  0.3618034817700171E-03   4   0 0  1 1  0 0  1 1
   265  0.9304980367682200E-04   4   0 0  0 2  0 0  1 1
   266  -.9347940051353821E-04   4   2 0  0 0  0 0  0 2
   267  -.6526600702808338E-04   4   1 1  0 0  0 0  0 2
   268  -.3297893127061452E-05   4   0 2  0 0  0 0  0 2
   269  0.1692826450216202E-07   4   1 0  1 0  0 0  0 2
   270  -.9905787651351921E-05   4   0 1  1 0  0 0  0 2
   271  -.2211046959367283E-03   4   0 0  2 0  0 0  0 2
   272  0.2064796139789363E-08   4   1 0  0 1  0 0  0 2
   273  0.1484137972307529E-09   4   0 1  0 1  0 0  0 2
   274  -.7763739341738202E-04   4   0 0  1 1  0 0  0 2
   275  -.4425892426618944E-05   4   0 0  0 2  0 0  0 2
   276  -.2454378354701997E-01   4   1 0  0 0  0 3  0 0
   277  0.5115671234858216E-01   4   0 1  0 0  0 3  0 0
   278  0.2611704052500358E-06   4   0 0  1 0  0 3  0 0
   279  0.7427196853002240E-05   4   0 0  0 1  0 3  0 0
   280  -.1396887959159357E-01   4   1 0  0 0  0 2  1 0
   281  0.2881591783625984E-01   4   0 1  0 0  0 2  1 0
   282  0.2814898772763369E-06   4   0 0  1 0  0 2  1 0
   283  0.4483571684265906E-05   4   0 0  0 1  0 2  1 0
   284  -.1402144243022054E-01   4   1 0  0 0  0 1  2 0
   285  0.2892697497167774E-01   4   0 1  0 0  0 1  2 0
   286  0.2813837207139270E-06   4   0 0  1 0  0 1  2 0
   287  0.4498193093526597E-05   4   0 0  0 1  0 1  2 0
   288  -.2439758838891237E-01   4   1 0  0 0  0 0  3 0
   289  0.5085249555177104E-01   4   0 1  0 0  0 0  3 0
   290  0.2593936574359134E-06   4   0 0  1 0  0 0  3 0
   291  0.7382529939037935E-05   4   0 0  0 1  0 0  3 0
   292  0.5776006746998026E-01   4   1 0  0 0  0 2  0 1
   293  -.5759410854274084E-01   4   0 1  0 0  0 2  0 1
   294  -.7873478785292388E-06   4   0 0  1 0  0 2  0 1
   295  -.8925902772335511E-05   4   0 0  0 1  0 2  0 1
   296  0.3668617045910237E-01   4   1 0  0 0  0 1  1 1
   297  -.3534443587806066E-01   4   0 1  0 0  0 1  1 1
   298  -.8169624705612306E-06   4   0 0  1 0  0 1  1 1
   299  -.5989698402608100E-05   4   0 0  0 1  0 1  1 1
   300  0.5750591573338164E-01   4   1 0  0 0  0 0  2 1
   301  -.5734275144511482E-01   4   0 1  0 0  0 0  2 1
   302  -.7833543245807886E-06   4   0 0  1 0  0 0  2 1
   303  -.8886092597484699E-05   4   0 0  0 1  0 0  2 1
   304  -.3661576533729732E-01   4   1 0  0 0  0 1  0 2
   305  -.4726173706698439E-02   4   0 1  0 0  0 1  0 2
   306  0.7916064496906413E-06   4   0 0  1 0  0 1  0 2
   307  0.1818736175259466E-07   4   0 0  0 1  0 1  0 2
   308  -.3649348445907791E-01   4   1 0  0 0  0 0  1 2
   309  -.4710390323061669E-02   4   0 1  0 0  0 0  1 2
   310  0.7889628252577365E-06   4   0 0  1 0  0 0  1 2
   311  0.1812662380137233E-07   4   0 0  0 1  0 0  1 2
   312  -.1911217767510141E-02   4   1 0  0 0  0 0  0 3
   313  -.3423113984985118E-04   4   0 1  0 0  0 0  0 3
   314  -.2653895044422534E-06   4   0 0  1 0  0 0  0 3
   315  -.4340713252787810E-08   4   0 0  0 1  0 0  0 3
   316  -.9444200210047678E-05   4   0 0  0 0  0 4  0 0
   317  -.4974861714169188E-05   4   0 0  0 0  0 3  1 0
   318  -.4384151204783768E-05   4   0 0  0 0  0 2  2 0
   319  -.5006447363440813E-05   4   0 0  0 0  0 1  3 0
   320  -.9372906973321856E-05   4   0 0  0 0  0 0  4 0
   321  0.1025515097656790E-04   4   0 0  0 0  0 3  0 1
   322  0.5370626554314258E-05   4   0 0  0 0  0 2  1 1
   323  0.5394923305234998E-05   4   0 0  0 0  0 1  2 1
   324  0.1019484164901278E-04   4   0 0  0 0  0 0  3 1
   325  0.6150325805146036E-06   4   0 0  0 0  0 2  0 2
   326  0.7331262543306541E-06   4   0 0  0 0  0 1  1 2
   327  0.6117544738278848E-06   4   0 0  0 0  0 0  2 2
   328  0.3560991980111457E-08   4   0 0  0 0  0 1  0 3
   329  0.3549099801355950E-08   4   0 0  0 0  0 0  1 3
   330  -.1424567126058987E-14   4   0 0  0 0  0 0  0 4
   ----------------------------------------------------
     I  COEFFICIENT            ORDER EXPONENTS
     1  -.4008560831516696E-04   0   0 0  0 0  0 0  0 0
     2  -.2375908051466194E-04   1   1 0  0 0  0 0  0 0
     3  -.1830896541820654E-05   1   0 1  0 0  0 0  0 0
     4   1.183802390904537       1   0 0  1 0  0 0  0 0
     5  0.3116827264774965       1   0 0  0 1  0 0  0 0
     6  0.1341963304259827E-05   1   0 0  0 0  0 1  0 0
     7  0.1337481725085546E-05   1   0 0  0 0  0 0  1 0
     8  -.2679445029345445E-05   1   0 0  0 0  0 0  0 1
     9  -.7351557727696613E-04   2   2 0  0 0  0 0  0 0
    10  0.4889274185448537E-05   2   1 1  0 0  0 0  0 0
    11  -.3188617350092209E-05   2   0 2  0 0  0 0  0 0
    12  0.2654993558104775E-03   2   1 0  1 0  0 0  0 0
    13  0.4122860882644008E-05   2   0 1  1 0  0 0  0 0
    14  0.5717536936591692E-04   2   0 0  2 0  0 0  0 0
    15  -.5989158920158423E-04   2   1 0  0 1  0 0  0 0
    16  -.1765144409672878E-05   2   0 1  0 1  0 0  0 0
    17  -.4638019814344683E-04   2   0 0  1 1  0 0  0 0
    18  -.9450653081022556E-05   2   0 0  0 2  0 0  0 0
    19  0.1189091683199741E-04   2   1 0  0 0  0 1  0 0
    20  0.1829824138633134E-05   2   0 1  0 0  0 1  0 0
    21  -.9452757504052034E-01   2   0 0  1 0  0 1  0 0
    22  -.1630222956021690       2   0 0  0 1  0 1  0 0
    23  0.1185120629366351E-04   2   1 0  0 0  0 0  1 0
    24  0.1823713314494970E-05   2   0 1  0 0  0 0  1 0
    25  -.9421189367252379E-01   2   0 0  1 0  0 0  1 0
    26  -.1624778713823833       2   0 0  0 1  0 0  1 0
    27  -.2374212312566091E-04   2   1 0  0 0  0 0  0 1
    28  -.1822640911307507E-05   2   0 1  0 0  0 0  0 1
    29  0.1887394687130439       2   0 0  1 0  0 0  0 1
    30  0.1381744050705646E-01   2   0 0  0 1  0 0  0 1
    31  -.1013162814578489E-05   2   0 0  0 0  0 2  0 0
    32  -.6865456681741502E-06   2   0 0  0 0  0 1  1 0
    33  -.1008632904107524E-05   2   0 0  0 0  0 0  2 0
    34  0.1370916735978610E-05   2   0 0  0 0  0 1  0 1
    35  0.1366338464818642E-05   2   0 0  0 0  0 0  1 1
    36  -.2890564084619505E-07   2   0 0  0 0  0 0  0 2
    37  0.1734073656872926E-04   3   3 0  0 0  0 0  0 0
    38  -.4672584972302217E-04   3   2 1  0 0  0 0  0 0
    39  -.2843064590286617E-04   3   1 2  0 0  0 0  0 0
    40  -.4081956397466310E-05   3   0 3  0 0  0 0  0 0
    41  -.1883910303936538       3   2 0  1 0  0 0  0 0
    42  -.1784630190298865       3   1 1  1 0  0 0  0 0
    43  0.1816756608457144       3   0 2  1 0  0 0  0 0
    44  -.9845154524697237E-04   3   1 0  2 0  0 0  0 0
    45  -.1221109819552321E-03   3   0 1  2 0  0 0  0 0
    46  0.2893498075871235       3   0 0  3 0  0 0  0 0
    47  0.5923673364765619       3   2 0  0 1  0 0  0 0
    48  -.3176407797037794E-01   3   1 1  0 1  0 0  0 0
    49  0.1739970282758418       3   0 2  0 1  0 0  0 0
    50  -.8123580745266272E-04   3   1 0  1 1  0 0  0 0
    51  -.4035470113041824E-04   3   0 1  1 1  0 0  0 0
    52   1.035144463379575       3   0 0  2 1  0 0  0 0
    53  -.4369980838896856E-04   3   1 0  0 2  0 0  0 0
    54  -.7559159622304451E-05   3   0 1  0 2  0 0  0 0
    55  0.4528444260622010       3   0 0  1 2  0 0  0 0
    56  0.1940031282430895       3   0 0  0 3  0 0  0 0
    57  0.3647248273999142E-04   3   2 0  0 0  0 1  0 0
    58  -.7297244812617669E-05   3   1 1  0 0  0 1  0 0
    59  0.4691717059140897E-05   3   0 2  0 0  0 1  0 0
    60  -.1403712101562281E-03   3   1 0  1 0  0 1  0 0
    61  -.6379957354524373E-05   3   0 1  1 0  0 1  0 0
    62  -.1544591021429703E-04   3   0 0  2 0  0 1  0 0
    63  0.5963072299215385E-04   3   1 0  0 1  0 1  0 0
    64  0.2113466205789745E-05   3   0 1  0 1  0 1  0 0
    65  0.5666775426477211E-04   3   0 0  1 1  0 1  0 0
    66  0.1513002619283302E-04   3   0 0  0 2  0 1  0 0
    67  0.3635068036390546E-04   3   2 0  0 0  0 0  1 0
    68  -.7272875159381009E-05   3   1 1  0 0  0 0  1 0
    69  0.4676048745859441E-05   3   0 2  0 0  0 0  1 0
    70  -.1399024308013103E-03   3   1 0  1 0  0 0  1 0
    71  -.6358651046131519E-05   3   0 1  1 0  0 0  1 0
    72  -.1539432752993733E-04   3   0 0  2 0  0 0  1 0
    73  0.5943158207268445E-04   3   1 0  0 1  0 0  1 0
    74  0.2106408139371103E-05   3   0 1  0 1  0 0  1 0
    75  0.5647850838408862E-04   3   0 0  1 1  0 0  1 0
    76  0.1507949842499072E-04   3   0 0  0 2  0 0  1 0
    77  -.7282316310389708E-04   3   2 0  0 0  0 0  0 1
    78  0.9680845786550191E-05   3   1 1  0 0  0 0  0 1
    79  -.2990531104815986E-05   3   0 2  0 0  0 0  0 1
    80  0.2802736409575377E-03   3   1 0  1 0  0 0  0 1
    81  0.8615747518012372E-05   3   0 1  1 0  0 0  0 1
    82  0.3084023774423255E-04   3   0 0  2 0  0 0  0 1
    83  -.5917071586325392E-04   3   1 0  0 1  0 0  0 1
    84  -.6895855258154723E-06   3   0 1  0 1  0 0  0 1
    85  -.6676606450541694E-04   3   0 0  1 1  0 0  0 1
    86  -.1130821845577777E-04   3   0 0  0 2  0 0  0 1
    87  -.8916779618544539E-05   3   1 0  0 0  0 2  0 0
    88  -.1847453333100535E-05   3   0 1  0 0  0 2  0 0
    89  0.7210298024627294E-01   3   0 0  1 0  0 2  0 0
    90  0.1256729841570897       3   0 0  0 1  0 2  0 0
    91  -.5961364671563145E-05   3   1 0  0 0  0 1  1 0
    92  -.1850401863818210E-05   3   0 1  0 0  0 1  1 0
    93  0.4982713185367553E-01   3   0 0  1 0  0 1  1 0
    94  0.8857134330225901E-01   3   0 0  0 1  0 1  1 0
    95  -.8877047222322423E-05   3   1 0  0 0  0 0  2 0
    96  -.1838193862612866E-05   3   0 1  0 0  0 0  2 0
    97  0.7177898678720999E-01   3   0 0  1 0  0 0  2 0
    98  0.1251053954831461       3   0 0  0 1  0 0  2 0
    99  0.1190358997413438E-04   3   1 0  0 0  0 1  0 1
   100  0.1827455425406894E-05   3   0 1  0 0  0 1  0 1
   101  -.9950558839578166E-01   3   0 0  1 0  0 1  0 1
   102  -.1387283003467785E-01   3   0 0  0 1  0 1  0 1
   103  0.1186383711296663E-04   3   1 0  0 0  0 0  1 1
   104  0.1821352511750205E-05   3   0 1  0 0  0 0  1 1
   105  -.9917328260824081E-01   3   0 0  1 0  0 0  1 1
   106  -.1382650076026769E-01   3   0 0  0 1  0 0  1 1
   107  -.1253442252513934E-07   3   1 0  0 0  0 0  0 2
   108  0.9792260157970146E-09   3   0 1  0 0  0 0  0 2
   109  0.4969726596771142E-02   3   0 0  1 0  0 0  0 2
   110  0.3223257996723264E-04   3   0 0  0 1  0 0  0 2
   111  0.8490199273732325E-06   3   0 0  0 0  0 3  0 0
   112  0.5212846472934700E-06   3   0 0  0 0  0 2  1 0
   113  0.5229121860267216E-06   3   0 0  0 0  0 1  2 0
   114  0.8438993760842095E-06   3   0 0  0 0  0 0  3 0
   115  -.1042005846714849E-05   3   0 0  0 0  0 2  0 1
   116  -.7152765094480353E-06   3   0 0  0 0  0 1  1 1
   117  -.1037331638618063E-05   3   0 0  0 0  0 0  2 1
   118  0.2872659633412138E-07   3   0 0  0 0  0 1  0 2
   119  0.2863066188085527E-07   3   0 0  0 0  0 0  1 2
   120  0.1513411591393433E-09   3   0 0  0 0  0 0  0 3
   121  0.9250934630388156E-08   4   4 0  0 0  0 0  0 0
   122  0.3933207986463573E-07   4   3 1  0 0  0 0  0 0
   123  0.3725453159709147E-04   4   2 2  0 0  0 0  0 0
   124  -.1999947746259105E-05   4   1 3  0 0  0 0  0 0
   125  0.1582546973378538E-04   4   0 4  0 0  0 0  0 0
   126  -.4279049782901529E-03   4   3 0  1 0  0 0  0 0
   127  -.6853759627444115E-03   4   2 1  1 0  0 0  0 0
   128  -.7055048383590180E-04   4   1 2  1 0  0 0  0 0
   129  0.1258652633790105E-03   4   0 3  1 0  0 0  0 0
   130  -.4186413247038853E-03   4   2 0  2 0  0 0  0 0
   131  -.4426470735486974E-03   4   1 1  2 0  0 0  0 0
   132  0.2629691097336270E-03   4   0 2  2 0  0 0  0 0
   133  -.1954991152258491E-03   4   1 0  3 0  0 0  0 0
   134  -.2126906352931248E-03   4   0 1  3 0  0 0  0 0
   135  -.6678085550679656E-04   4   0 0  4 0  0 0  0 0
   136  0.1727848469232644E-03   4   3 0  0 1  0 0  0 0
   137  -.4900129053488911E-03   4   2 1  0 1  0 0  0 0
   138  -.2166268598910029E-03   4   1 2  0 1  0 0  0 0
   139  0.9657121884174368E-04   4   0 3  0 1  0 0  0 0
   140  0.8956302603183506E-04   4   2 0  1 1  0 0  0 0
   141  -.4955826466396384E-03   4   1 1  1 1  0 0  0 0
   142  0.1397962924218110E-03   4   0 2  1 1  0 0  0 0
   143  0.1862980980856698E-04   4   1 0  2 1  0 0  0 0
   144  -.5935490575057871E-04   4   0 1  2 1  0 0  0 0
   145  0.3327888613795397E-03   4   0 0  3 1  0 0  0 0
   146  0.1516973509788517E-03   4   2 0  0 2  0 0  0 0
   147  -.6362997073936622E-04   4   1 1  0 2  0 0  0 0
   148  0.1048830372822067E-03   4   0 2  0 2  0 0  0 0
   149  -.2172012105478304E-03   4   1 0  1 2  0 0  0 0
   150  0.1710754191951651E-03   4   0 1  1 2  0 0  0 0
   151  0.3763266073054407E-03   4   0 0  2 2  0 0  0 0
   152  -.1234907317491575E-03   4   1 0  0 3  0 0  0 0
   153  0.1139098608398434E-03   4   0 1  0 3  0 0  0 0
   154  0.2180489879452334E-03   4   0 0  1 3  0 0  0 0
   155  0.1022242858609831E-03   4   0 0  0 4  0 0  0 0
   156  -.1353398170994253E-04   4   3 0  0 0  0 1  0 0
   157  0.3218394489585792E-04   4   2 1  0 0  0 1  0 0
   158  0.3939077502805553E-04   4   1 2  0 0  0 1  0 0
   159  0.7985019312644519E-05   4   0 3  0 0  0 1  0 0
   160  0.1721385052208635       4   2 0  1 0  0 1  0 0
   161  0.2718308057864467       4   1 1  1 0  0 1  0 0
   162  -.2739503058283504       4   0 2  1 0  0 1  0 0
   163  0.1106895488267682E-03   4   1 0  2 0  0 1  0 0
   164  0.1464880136300820E-03   4   0 1  2 0  0 1  0 0
   165  -.3584089589441236       4   0 0  3 0  0 1  0 0
   166  -.5936897843403954       4   2 0  0 1  0 1  0 0
   167  0.6312930215520610E-01   4   1 1  0 1  0 1  0 0
   168  -.2731555352434815       4   0 2  0 1  0 1  0 0
   169  0.1261625943467255E-03   4   1 0  1 1  0 1  0 0
   170  0.6957316485580730E-04   4   0 1  1 1  0 1  0 0
   171  -1.290751004339790       4   0 0  2 1  0 1  0 0
   172  0.6995573791085687E-04   4   1 0  0 2  0 1  0 0
   173  0.1577222407466135E-04   4   0 1  0 2  0 1  0 0
   174  -.7324688552891129       4   0 0  1 2  0 1  0 0
   175  -.3165227948536655       4   0 0  0 3  0 1  0 0
   176  -.1348878404292519E-04   4   3 0  0 0  0 0  1 0
   177  0.3207646438820836E-04   4   2 1  0 0  0 0  1 0
   178  0.3925922681324132E-04   4   1 2  0 0  0 0  1 0
   179  0.7958352788944866E-05   4   0 3  0 0  0 0  1 0
   180  0.1715636367891943       4   2 0  1 0  0 0  1 0
   181  0.2709230080290463       4   1 1  1 0  0 0  1 0
   182  -.2730354298541190       4   0 2  1 0  0 0  1 0
   183  0.1103198934306426E-03   4   1 0  2 0  0 0  1 0
   184  0.1459988067873391E-03   4   0 1  2 0  0 0  1 0
   185  -.3572120274623582       4   0 0  3 0  0 0  1 0
   186  -.5917071162860665       4   2 0  0 1  0 0  1 0
   187  0.6291847748889710E-01   4   1 1  0 1  0 0  1 0
   188  -.2722433134605317       4   0 2  0 1  0 0  1 0
   189  0.1257412656460146E-03   4   1 0  1 1  0 0  1 0
   190  0.6934082046478671E-04   4   0 1  1 1  0 0  1 0
   191  -1.286440452179570       4   0 0  2 1  0 0  1 0
   192  0.6972211589068563E-04   4   1 0  0 2  0 0  1 0
   193  0.1571955164262127E-04   4   0 1  0 2  0 0  1 0
   194  -.7300227249387597       4   0 0  1 2  0 0  1 0
   195  -.3154657451108939       4   0 0  0 3  0 0  1 0
   196  0.2702276575286784E-04   4   3 0  0 0  0 0  0 1
   197  -.1753455956104444E-04   4   2 1  0 0  0 0  0 1
   198  -.2178871003556440E-04   4   1 2  0 0  0 0  0 1
   199  -.3697502909190468E-05   4   0 3  0 0  0 0  0 1
   200  -.3437021420100601       4   2 0  1 0  0 0  0 1
   201  -.3642907947856024       4   1 1  1 0  0 0  0 1
   202  0.1836344139910392       4   0 2  1 0  0 0  0 1
   203  -.2210094422574125E-03   4   1 0  2 0  0 0  0 1
   204  -.1703758384621897E-03   4   0 1  2 0  0 0  0 1
   205  0.7156209864064866       4   0 0  3 0  0 0  0 1
   206  0.5930295641499015       4   2 0  0 1  0 0  0 1
   207  -.6251962370334790E-01   4   1 1  0 1  0 0  0 1
   208  0.2340776387648878E-01   4   0 2  0 1  0 0  0 1
   209  -.1706680525400784E-03   4   1 0  1 1  0 0  0 1
   210  -.5820458305975940E-04   4   0 1  1 1  0 0  0 1
   211   1.542046993139798       4   0 0  2 1  0 0  0 1
   212  -.5227823702360626E-04   4   1 0  0 2  0 0  0 1
   213  -.8814296850368797E-05   4   0 1  0 2  0 0  0 1
   214  0.5568027281034827       4   0 0  1 2  0 0  0 1
   215  0.4997915523528884E-01   4   0 0  0 3  0 0  0 1
   216  0.4662738585708920E-04   4   2 0  0 0  0 2  0 0
   217  -.4487613299970552E-05   4   1 1  0 0  0 2  0 0
   218  0.4028825269895459E-04   4   0 2  0 0  0 2  0 0
   219  0.3083207202038039E-04   4   1 0  1 0  0 2  0 0
   220  0.1438933869617794E-03   4   0 1  1 0  0 2  0 0
   221  0.1975467023369831E-03   4   0 0  2 0  0 2  0 0
   222  -.5522581897675836E-04   4   1 0  0 1  0 2  0 0
   223  0.1425874097350802E-03   4   0 1  0 1  0 2  0 0
   224  0.1938741266148018E-03   4   0 0  1 1  0 2  0 0
   225  0.1441126844061178E-03   4   0 0  0 2  0 2  0 0
   226  0.5592584352783373E-04   4   2 0  0 0  0 1  1 0
   227  -.6945670032051949E-05   4   1 1  0 0  0 1  1 0
   228  0.4951572742707099E-04   4   0 2  0 0  0 1  1 0
   229  -.1503940901378520E-04   4   1 0  1 0  0 1  1 0
   230  0.1728616876731390E-03   4   0 1  1 0  0 1  1 0
   231  0.2120027311804009E-03   4   0 0  2 0  0 1  1 0
   232  -.6139625807714483E-04   4   1 0  0 1  0 1  1 0
   233  0.1748711932607995E-03   4   0 1  0 1  0 1  1 0
   234  0.2470732092666731E-03   4   0 0  1 1  0 1  1 0
   235  0.1801270679425386E-03   4   0 0  0 2  0 1  1 0
   236  0.4637828637115640E-04   4   2 0  0 0  0 0  2 0
   237  -.4461028832811882E-05   4   1 1  0 0  0 0  2 0
   238  0.4007102669899489E-04   4   0 2  0 0  0 0  2 0
   239  0.3075421875835887E-04   4   1 0  1 0  0 0  2 0
   240  0.1431242032793464E-03   4   0 1  1 0  0 0  2 0
   241  0.1965329825912396E-03   4   0 0  2 0  0 0  2 0
   242  -.5493887001565935E-04   4   1 0  0 1  0 0  2 0
   243  0.1418192320124531E-03   4   0 1  0 1  0 0  2 0
   244  0.1928141115470911E-03   4   0 0  1 1  0 0  2 0
   245  0.1433306367450210E-03   4   0 0  0 2  0 0  2 0
   246  -.3731605179436410E-04   4   2 0  0 0  0 1  0 1
   247  0.3945436029657597E-05   4   1 1  0 0  0 1  0 1
   248  -.2776305869941994E-05   4   0 2  0 0  0 1  0 1
   249  -.2608715237352341E-04   4   1 0  1 0  0 1  0 1
   250  -.1174033914511749E-03   4   0 1  1 0  0 1  0 1
   251  -.2619345676702685E-03   4   0 0  2 0  0 1  0 1
   252  0.6069202871867077E-04   4   1 0  0 1  0 1  0 1
   253  -.1632838084931976E-04   4   0 1  0 1  0 1  0 1
   254  -.1701148675961175E-03   4   0 0  1 1  0 1  0 1
   255  -.2546461837046928E-04   4   0 0  0 2  0 1  0 1
   256  -.3719143226113668E-04   4   2 0  0 0  0 0  1 1
   257  0.3932259973436429E-05   4   1 1  0 0  0 0  1 1
   258  -.2767034204667314E-05   4   0 2  0 0  0 0  1 1
   259  -.2600003252574459E-04   4   1 0  1 0  0 0  1 1
   260  -.1170113147137272E-03   4   0 1  1 0  0 0  1 1
   261  -.2610598190838133E-03   4   0 0  2 0  0 0  1 1
   262  0.6048934349539946E-04   4   1 0  0 1  0 0  1 1
   263  -.1627385109330436E-04   4   0 1  0 1  0 0  1 1
   264  -.1695467572421144E-03   4   0 0  1 1  0 0  1 1
   265  -.2537957751800620E-04   4   0 0  0 2  0 0  1 1
   266  0.5337929561743798E-08   4   2 0  0 0  0 0  0 2
   267  0.1217972903120933E-08   4   1 1  0 0  0 0  0 2
   268  0.2091586756524679E-08   4   0 2  0 0  0 0  0 2
   269  -.3153563721165558E-04   4   1 0  1 0  0 0  0 2
   270  0.1470553058755327E-05   4   0 1  1 0  0 0  0 2
   271  0.4696671487114464E-04   4   0 0  2 0  0 0  0 2
   272  -.5642741488372686E-05   4   1 0  0 1  0 0  0 2
   273  -.2307093605519528E-06   4   0 1  0 1  0 0  0 2
   274  0.1128411720605306E-04   4   0 0  1 1  0 0  0 2
   275  0.5291159778005438E-06   4   0 0  0 2  0 0  0 2
   276  0.7432934639646663E-05   4   1 0  0 0  0 3  0 0
   277  0.1831690107293383E-05   4   0 1  0 0  0 3  0 0
   278  -.6091328996261200E-01   4   0 0  1 0  0 3  0 0
   279  -.1070329102063788       4   0 0  0 1  0 3  0 0
   280  0.4469942845075743E-05   4   1 0  0 0  0 2  1 0
   281  0.1814721308523188E-05   4   0 1  0 0  0 2  1 0
   282  -.3857160038169111E-01   4   0 0  1 0  0 2  1 0
   283  -.6981558128586657E-01   4   0 0  0 1  0 2  1 0
   284  0.4484661172626128E-05   4   1 0  0 0  0 1  2 0
   285  0.1814775668741970E-05   4   0 1  0 0  0 1  2 0
   286  -.3868249878223158E-01   4   0 0  1 0  0 1  2 0
   287  -.7000022548552601E-01   4   0 0  0 1  0 1  2 0
   288  0.7388261664412520E-05   4   1 0  0 0  0 0  3 0
   289  0.1819494483844345E-05   4   0 1  0 0  0 0  3 0
   290  -.6054396371317435E-01   4   0 0  1 0  0 0  3 0
   291  -.1063805588395584       4   0 0  0 1  0 0  3 0
   292  -.8932933837792503E-05   4   1 0  0 0  0 2  0 1
   293  -.1825172136226794E-05   4   0 1  0 0  0 2  0 1
   294  0.7710543901944986E-01   4   0 0  1 0  0 2  0 1
   295  0.1389525115690050E-01   4   0 0  0 1  0 2  0 1
   296  -.5981986366710224E-05   4   1 0  0 0  0 1  1 1
   297  -.1822883716513185E-05   4   0 1  0 0  0 1  1 1
   298  0.5485379357802961E-01   4   0 0  1 0  0 1  1 1
   299  0.1391736780553669E-01   4   0 0  0 1  0 1  1 1
   300  -.8893113059651144E-05   4   1 0  0 0  0 0  2 1
   301  -.1816033024712639E-05   4   0 1  0 0  0 0  2 1
   302  0.7675634606161422E-01   4   0 0  1 0  0 0  2 1
   303  0.1382560799991760E-01   4   0 0  0 1  0 0  2 1
   304  0.1918595621472630E-07   4   1 0  0 0  0 1  0 2
   305  -.1954160315712142E-08   4   0 1  0 0  0 1  0 2
   306  -.5026722089368786E-02   4   0 0  1 0  0 1  0 2
   307  -.4468291191064766E-04   4   0 0  0 1  0 1  0 2
   308  0.1912188338832891E-07   4   1 0  0 0  0 0  1 2
   309  -.1947634262329236E-08   4   0 1  0 0  0 0  1 2
   310  -.5009935003642212E-02   4   0 0  1 0  0 0  1 2
   311  -.4453369023895379E-04   4   0 0  0 1  0 0  1 2
   312  -.4412998109265324E-08   4   1 0  0 0  0 0  0 3
   313  0.3213722271511832E-09   4   0 1  0 0  0 0  0 3
   314  0.3240129982286509E-04   4   0 0  1 0  0 0  0 3
   315  -.2493712584047905E-05   4   0 0  0 1  0 0  0 3
   316  0.1150966679871344E-04   4   0 0  0 0  0 4  0 0
   317  0.7326655699704933E-05   4   0 0  0 0  0 3  1 0
   318  0.6773435946713543E-05   4   0 0  0 0  0 2  2 0
   319  0.7356144540154253E-05   4   0 0  0 0  0 1  3 0
   320  0.1142068237938201E-04   4   0 0  0 0  0 0  4 0
   321  -.1199790154464265E-05   4   0 0  0 0  0 3  0 1
   322  -.1420600620460677E-05   4   0 0  0 0  0 2  1 1
   323  -.1419474431360791E-05   4   0 0  0 0  0 1  2 1
   324  -.1191415828450714E-05   4   0 0  0 0  0 0  3 1
   325  0.3317024289400051E-08   4   0 0  0 0  0 2  0 2
   326  0.4596725588605508E-08   4   0 0  0 0  0 1  1 2
   327  0.3298271316245660E-08   4   0 0  0 0  0 0  2 2
   328  0.1569134966535127E-09   4   0 0  0 0  0 1  0 3
   329  0.1563894731898891E-09   4   0 0  0 0  0 0  1 3
   ----------------------------------------------------
     I  COEFFICIENT            ORDER EXPONENTS
     1  -.2952992380157072E-04   0   0 0  0 0  0 0  0 0
     2  -.1595851598829297E-03   1   1 0  0 0  0 0  0 0
     3  -.2376345713544056E-04   1   0 1  0 0  0 0  0 0
     4   1.287809920763228       1   0 0  1 0  0 0  0 0
     5   1.183802396147546       1   0 0  0 1  0 0  0 0
     6  0.5331552961819112E-06   1   0 0  0 0  0 1  0 0
     7  0.5313747872331380E-06   1   0 0  0 0  0 0  1 0
     8  -.3059445388498568E-04   1   0 0  0 0  0 0  0 1
     9  -.5322478928118802E-04   2   2 0  0 0  0 0  0 0
    10  0.1707628819740106E-03   2   1 1  0 0  0 0  0 0
    11  0.9879368640498982E-05   2   0 2  0 0  0 0  0 0
    12  0.5333072929692714E-03   2   1 0  1 0  0 0  0 0
    13  -.1873864202811969E-03   2   0 1  1 0  0 0  0 0
    14  0.7266676170290317E-04   2   0 0  2 0  0 0  0 0
    15  -.1902387885925488E-03   2   1 0  0 1  0 0  0 0
    16  -.5537887634011947E-04   2   0 1  0 1  0 0  0 0
    17  -.1265408882942087E-03   2   0 0  1 1  0 0  0 0
    18  -.3750214596434228E-05   2   0 0  0 2  0 0  0 0
    19  0.2683095784678330E-06   2   1 0  0 0  0 1  0 0
    20  0.1189356606338599E-04   2   0 1  0 0  0 1  0 0
    21  -.4447538423181388E-01   2   0 0  1 0  0 1  0 0
    22  -.9452757424254679E-01   2   0 0  0 1  0 1  0 0
    23  0.2674135400923232E-06   2   1 0  0 0  0 0  1 0
    24  0.1185384667776076E-04   2   0 1  0 0  0 0  1 0
    25  -.4432685561325470E-01   2   0 0  1 0  0 0  1 0
    26  -.9421189287721415E-01   2   0 0  0 1  0 0  1 0
    27  -.1601208830014899E-03   2   1 0  0 0  0 0  0 1
    28  -.2374741274114673E-04   2   0 1  0 0  0 0  0 1
    29   1.376612160608297       2   0 0  1 0  0 0  0 1
    30  0.1887394671197606       2   0 0  0 1  0 0  0 1
    31  -.4032793941813519E-06   2   0 0  0 0  0 2  0 0
    32  -.2742658008503886E-06   2   0 0  0 0  0 1  1 0
    33  -.4014746499850211E-06   2   0 0  0 0  0 0  2 0
    34  0.1080827331856166E-05   2   0 0  0 0  0 1  0 1
    35  0.1077217834304135E-05   2   0 0  0 0  0 0  1 1
    36  -.1079023099003466E-05   2   0 0  0 0  0 0  0 2
    37  0.1678525919467069E-03   3   3 0  0 0  0 0  0 0
    38  0.8217800216873530E-04   3   2 1  0 0  0 0  0 0
    39  0.1533499013056226E-04   3   1 2  0 0  0 0  0 0
    40  -.1079556040599529E-04   3   0 3  0 0  0 0  0 0
    41  -3.414171204327709       3   2 0  1 0  0 0  0 0
    42  -1.910131742999167       3   1 1  1 0  0 0  0 0
    43  0.5431369509411813       3   0 2  1 0  0 0  0 0
    44  -.3721438953278736E-03   3   1 0  2 0  0 0  0 0
    45  -.7321725005934538E-04   3   0 1  2 0  0 0  0 0
    46  -1.831534476143446       3   0 0  3 0  0 0  0 0
    47  -.6611215028196109E-01   3   2 0  0 1  0 0  0 0
    48  -.3590092863505168       3   1 1  0 1  0 0  0 0
    49  0.1506107925173599       3   0 2  0 1  0 0  0 0
    50  -.9863064304885914E-04   3   1 0  1 1  0 0  0 0
    51  0.1340069692425642E-03   3   0 1  1 1  0 0  0 0
    52  -1.188629438398672       3   0 0  2 1  0 0  0 0
    53  -.9336686602494923E-05   3   1 0  0 2  0 0  0 0
    54  0.9126285999853837E-05   3   0 1  0 2  0 0  0 0
    55  -.8554672014763731       3   0 0  1 2  0 0  0 0
    56  -.1497861089881116E-01   3   0 0  0 3  0 0  0 0
    57  0.3143326787745217E-04   3   2 0  0 0  0 1  0 0
    58  -.9493323922999235E-04   3   1 1  0 0  0 1  0 0
    59  -.1074550053246898E-04   3   0 2  0 0  0 1  0 0
    60  -.2588332084271343E-03   3   1 0  1 0  0 1  0 0
    61  0.6075496386619893E-04   3   0 1  1 0  0 1  0 0
    62  -.5113664154755642E-04   3   0 0  2 0  0 1  0 0
    63  0.7191062446433687E-04   3   1 0  0 1  0 1  0 0
    64  0.4645218250562686E-04   3   0 1  0 1  0 1  0 0
    65  0.4636570133898021E-04   3   0 0  1 1  0 1  0 0
    66  0.1147434279067849E-05   3   0 0  0 2  0 1  0 0
    67  0.3132829430757235E-04   3   2 0  0 0  0 0  1 0
    68  -.9461620311840701E-04   3   1 1  0 0  0 0  1 0
    69  -.1070961519100688E-04   3   0 2  0 0  0 0  1 0
    70  -.2579688170441531E-03   3   1 0  1 0  0 0  1 0
    71  0.6055206846665602E-04   3   0 1  1 0  0 0  1 0
    72  -.5096586719994551E-04   3   0 0  2 0  0 0  1 0
    73  0.7167047396545186E-04   3   1 0  0 1  0 0  1 0
    74  0.4629705223265106E-04   3   0 1  0 1  0 0  1 0
    75  0.4621085987583685E-04   3   0 0  1 1  0 0  1 0
    76  0.1143602343015003E-05   3   0 0  0 2  0 0  1 0
    77  -.1159863514662128E-03   3   2 0  0 0  0 0  0 1
    78  0.1895494423484006E-03   3   1 1  0 0  0 0  0 1
    79  0.1157574708297604E-04   3   0 2  0 0  0 0  0 1
    80  0.1050109318440556E-02   3   1 0  1 0  0 0  0 1
    81  -.1213070323328532E-03   3   0 1  1 0  0 0  0 1
    82  0.1747692704504008E-03   3   0 0  2 0  0 0  0 1
    83  -.1435810984297871E-03   3   1 0  0 1  0 0  0 1
    84  -.3737035839816087E-04   3   0 1  0 1  0 0  0 1
    85  -.9257656121481963E-04   3   0 0  1 1  0 0  0 1
    86  0.1459177974350966E-05   3   0 0  0 2  0 0  0 1
    87  -.2491215830840175E-06   3   1 0  0 0  0 2  0 0
    88  -.8931226799291426E-05   3   0 1  0 0  0 2  0 0
    89  0.3385960473290180E-01   3   0 0  1 0  0 2  0 0
    90  0.7210300388117241E-01   3   0 0  0 1  0 2  0 0
    91  -.2458883964318069E-06   3   1 0  0 0  0 1  1 0
    92  -.5977968956389477E-05   3   0 1  0 0  0 1  1 0
    93  0.2331422934174050E-01   3   0 0  1 0  0 1  1 0
    94  0.4982716029113335E-01   3   0 0  0 1  0 1  1 0
    95  -.2478790437003725E-06   3   1 0  0 0  0 0  2 0
    96  -.8891418430054309E-05   3   0 1  0 0  0 0  2 0
    97  0.3370759850358787E-01   3   0 0  1 0  0 0  2 0
    98  0.7177901029569414E-01   3   0 0  0 1  0 0  2 0
    99  0.7734595249614508E-06   3   1 0  0 0  0 1  0 1
   100  0.1191428757879327E-04   3   0 1  0 0  0 1  0 1
   101  -.9103344149867554E-01   3   0 0  1 0  0 1  0 1
   102  -.9950561001804338E-01   3   0 0  0 1  0 1  0 1
   103  0.7708765034374554E-06   3   1 0  0 0  0 0  1 1
   104  0.1187449899223560E-04   3   0 1  0 0  0 0  1 1
   105  -.9072942903105886E-01   3   0 0  1 0  0 0  1 1
   106  -.9917330415829294E-01   3   0 0  0 1  0 0  1 1
   107  -.7920775123841648E-06   3   1 0  0 0  0 0  0 2
   108  -.1198024171038348E-07   3   0 1  0 0  0 0  0 2
   109  0.9088142802777534E-01   3   0 0  1 0  0 0  0 2
   110  0.4969724911526917E-02   3   0 0  0 1  0 0  0 2
   111  0.3384625464892347E-06   3   0 0  0 0  0 3  0 0
   112  0.2090460176906196E-06   3   0 0  0 0  0 2  1 0
   113  0.2096886486821796E-06   3   0 0  0 0  0 1  2 0
   114  0.3364191781097126E-06   3   0 0  0 0  0 0  3 0
   115  -.8211498551071111E-06   3   0 0  0 0  0 2  0 1
   116  -.5631947457695760E-06   3   0 0  0 0  0 1  1 1
   117  -.8174671545479759E-06   3   0 0  0 0  0 0  2 1
   118  0.5623325692452826E-06   3   0 0  0 0  0 1  0 2
   119  0.5604546207772343E-06   3   0 0  0 0  0 0  1 2
   120  -.1458803033968294E-07   3   0 0  0 0  0 0  0 3
   121  -.1487520634595623E-03   4   4 0  0 0  0 0  0 0
   122  0.6055991104971379E-04   4   3 1  0 0  0 0  0 0
   123  0.5034782388225142E-04   4   2 2  0 0  0 0  0 0
   124  -.2775656667476541E-04   4   1 3  0 0  0 0  0 0
   125  0.2198276722898617E-04   4   0 4  0 0  0 0  0 0
   126  -.2445913668360746E-07   4   3 0  1 0  0 0  0 0
   127  0.1418040775601703E-02   4   2 1  1 0  0 0  0 0
   128  0.1983101206360155E-03   4   1 2  1 0  0 0  0 0
   129  0.1128309821646778E-03   4   0 3  1 0  0 0  0 0
   130  -.1132752827419509E-03   4   2 0  2 0  0 0  0 0
   131  0.1653490188425662E-02   4   1 1  2 0  0 0  0 0
   132  0.8150995369604895E-04   4   0 2  2 0  0 0  0 0
   133  -.8219006126658658E-07   4   1 0  3 0  0 0  0 0
   134  0.7923593815087934E-07   4   0 1  3 0  0 0  0 0
   135  0.2531946946103160E-03   4   0 0  4 0  0 0  0 0
   136  0.7090980360379008E-03   4   3 0  0 1  0 0  0 0
   137  0.4241675139299049E-03   4   2 1  0 1  0 0  0 0
   138  -.2092761950938689E-03   4   1 2  0 1  0 0  0 0
   139  0.3128461024436540E-04   4   0 3  0 1  0 0  0 0
   140  0.5723424766733001E-03   4   2 0  1 1  0 0  0 0
   141  0.9057348108145389E-03   4   1 1  1 1  0 0  0 0
   142  -.3384978103525795E-03   4   0 2  1 1  0 0  0 0
   143  0.1141301624816656E-02   4   1 0  2 1  0 0  0 0
   144  0.4994824584368825E-07   4   0 1  2 1  0 0  0 0
   145  0.9964302524174116E-03   4   0 0  3 1  0 0  0 0
   146  -.1389785067532248E-03   4   2 0  0 2  0 0  0 0
   147  0.1490615456022557E-03   4   1 1  0 2  0 0  0 0
   148  0.1303234912547366E-04   4   0 2  0 2  0 0  0 0
   149  0.2953998579728535E-03   4   1 0  1 2  0 0  0 0
   150  0.1128046075964780E-03   4   0 1  1 2  0 0  0 0
   151  0.3202616874133490E-03   4   0 0  2 2  0 0  0 0
   152  0.6668684851703924E-05   4   1 0  0 3  0 0  0 0
   153  0.3128564291783505E-04   4   0 1  0 3  0 0  0 0
   154  -.8545350888582730E-04   4   0 0  1 3  0 0  0 0
   155  -.1284840381049053E-04   4   0 0  0 4  0 0  0 0
   156  -.7917084158748915E-04   4   3 0  0 0  0 1  0 0
   157  -.8408203686525285E-04   4   2 1  0 0  0 1  0 0
   158  -.2334504775905484E-04   4   1 2  0 0  0 1  0 0
   159  0.1565485771764414E-04   4   0 3  0 0  0 1  0 0
   160   1.456418460810118       4   2 0  1 0  0 1  0 0
   161   1.922364732760615       4   1 1  1 0  0 1  0 0
   162  -.5108736511071311       4   0 2  1 0  0 1  0 0
   163  0.1033382519088647E-03   4   1 0  2 0  0 1  0 0
   164  0.7038744472631707E-04   4   0 1  2 0  0 1  0 0
   165   1.222417791204286       4   0 0  3 0  0 1  0 0
   166  -.6939131386806917E-02   4   2 0  0 1  0 1  0 0
   167  0.5243046112838584       4   1 1  0 1  0 1  0 0
   168  -.2125115302954184       4   0 2  0 1  0 1  0 0
   169  0.6887358528033731E-04   4   1 0  1 1  0 1  0 0
   170  -.1235733021374318E-03   4   0 1  1 1  0 1  0 0
   171   1.328797933775239       4   0 0  2 1  0 1  0 0
   172  0.1132448076466536E-04   4   1 0  0 2  0 1  0 0
   173  -.1254167922072047E-04   4   0 1  0 2  0 1  0 0
   174   1.004807738781460       4   0 0  1 2  0 1  0 0
   175  0.3084682781766321E-01   4   0 0  0 3  0 1  0 0
   176  -.7890644509189435E-04   4   3 0  0 0  0 0  1 0
   177  -.8380123909370091E-04   4   2 1  0 0  0 0  1 0
   178  -.2326708535909493E-04   4   1 2  0 0  0 0  1 0
   179  0.1560257723866251E-04   4   0 3  0 0  0 0  1 0
   180   1.451554650732615       4   2 0  1 0  0 0  1 0
   181   1.915944862914537       4   1 1  1 0  0 0  1 0
   182  -.5091675532517156       4   0 2  1 0  0 0  1 0
   183  0.1029931466767168E-03   4   1 0  2 0  0 0  1 0
   184  0.7015238099140927E-04   4   0 1  2 0  0 0  1 0
   185   1.218335442530617       4   0 0  3 0  0 0  1 0
   186  -.6915957678103987E-02   4   2 0  0 1  0 0  1 0
   187  0.5225536598089495       4   1 1  0 1  0 0  1 0
   188  -.2118018333570396       4   0 2  0 1  0 0  1 0
   189  0.6864357718364662E-04   4   1 0  1 1  0 0  1 0
   190  -.1231606205569527E-03   4   0 1  1 1  0 0  1 0
   191   1.324360321265371       4   0 0  2 1  0 0  1 0
   192  0.1128666187871537E-04   4   1 0  0 2  0 0  1 0
   193  -.1249979541642594E-04   4   0 1  0 2  0 0  1 0
   194   1.001452113913091       4   0 0  1 2  0 0  1 0
   195  0.3074381270487741E-01   4   0 0  0 3  0 0  1 0
   196  0.3259298786260905E-03   4   3 0  0 0  0 0  0 1
   197  0.1678832759589532E-03   4   2 1  0 0  0 0  0 1
   198  0.3127714298758812E-04   4   1 2  0 0  0 0  0 1
   199  -.9666314144316458E-05   4   0 3  0 0  0 0  0 1
   200  -6.322144315870446       4   2 0  1 0  0 0  0 1
   201  -3.838309595675141       4   1 1  1 0  0 0  0 1
   202  0.4769042534176605       4   0 2  1 0  0 0  0 1
   203  -.5784752939134570E-03   4   1 0  2 0  0 0  0 1
   204  -.1405398257177276E-03   4   0 1  2 0  0 0  0 1
   205  -4.272287709878337       4   0 0  3 0  0 0  0 1
   206  0.1385508906491296E-01   4   2 0  0 1  0 0  0 1
   207  -.6878489847423008       4   1 1  0 1  0 0  0 1
   208  0.1230917786177448       4   0 2  0 1  0 0  0 1
   209  -.1375171624639865E-03   4   1 0  1 1  0 0  0 1
   210  0.1127269534518177E-03   4   0 1  1 1  0 0  0 1
   211  -2.653158255040579       4   0 0  2 1  0 0  0 1
   212  -.1327445604088732E-04   4   1 0  0 2  0 0  0 1
   213  0.6788902637439579E-05   4   0 1  0 2  0 0  0 1
   214  -1.150792651218170       4   0 0  1 2  0 0  0 1
   215  -.3163341872491731E-01   4   0 0  0 3  0 0  0 1
   216  -.2315003144726386E-04   4   2 0  0 0  0 2  0 0
   217  -.1452214370154345E-04   4   1 1  0 0  0 2  0 0
   218  0.4548798167064013E-04   4   0 2  0 0  0 2  0 0
   219  -.2493929706557316E-03   4   1 0  1 0  0 2  0 0
   220  0.1344159852664205E-03   4   0 1  1 0  0 2  0 0
   221  -.1505769124907402E-03   4   0 0  2 0  0 2  0 0
   222  -.1758938451192613E-03   4   1 0  0 1  0 2  0 0
   223  0.5201327477293499E-04   4   0 1  0 1  0 2  0 0
   224  -.3211869768243988E-03   4   0 0  1 1  0 2  0 0
   225  -.2248642151833066E-04   4   0 0  0 2  0 2  0 0
   226  -.8574567724059017E-05   4   2 0  0 0  0 1  1 0
   227  -.4826349188416480E-04   4   1 1  0 0  0 1  1 0
   228  0.5094258099603259E-04   4   0 2  0 0  0 1  1 0
   229  -.2997489445146438E-03   4   1 0  1 0  0 1  1 0
   230  0.1556636513936631E-03   4   0 1  1 0  0 1  1 0
   231  -.1668401246978669E-03   4   0 0  2 0  0 1  1 0
   232  -.1712853682225350E-03   4   1 0  0 1  0 1  1 0
   233  0.7254763097655330E-04   4   0 1  0 1  0 1  1 0
   234  -.3301415659053325E-03   4   0 0  1 1  0 1  1 0
   235  -.2714193077986619E-04   4   0 0  0 2  0 1  1 0
   236  -.2305840263707476E-04   4   2 0  0 0  0 0  2 0
   237  -.1439305636638392E-04   4   1 1  0 0  0 0  2 0
   238  0.4525100827847782E-04   4   0 2  0 0  0 0  2 0
   239  -.2480595894437290E-03   4   1 0  1 0  0 0  2 0
   240  0.1337071690369732E-03   4   0 1  1 0  0 0  2 0
   241  -.1497954634258204E-03   4   0 0  2 0  0 0  2 0
   242  -.1750204258096777E-03   4   1 0  0 1  0 0  2 0
   243  0.5171843393503007E-04   4   0 1  0 1  0 0  2 0
   244  -.3195630854388473E-03   4   0 0  1 1  0 0  2 0
   245  -.2236600538345410E-04   4   0 0  0 2  0 0  2 0
   246  0.5576409640570982E-04   4   2 0  0 0  0 1  0 1
   247  0.3087728186288347E-04   4   1 1  0 0  0 1  0 1
   248  -.3523078973765444E-04   4   0 2  0 0  0 1  0 1
   249  0.3992623132032783E-03   4   1 0  1 0  0 1  0 1
   250  -.9924493902254238E-04   4   0 1  1 0  0 1  0 1
   251  0.3009976668024537E-03   4   0 0  2 0  0 1  0 1
   252  0.2336439025318704E-03   4   1 0  0 1  0 1  0 1
   253  -.2561521851843231E-04   4   0 1  0 1  0 1  0 1
   254  0.4078367592459664E-03   4   0 0  1 1  0 1  0 1
   255  0.2488958141600875E-04   4   0 0  0 2  0 1  0 1
   256  0.5557786835288084E-04   4   2 0  0 0  0 0  1 1
   257  0.3077416504671305E-04   4   1 1  0 0  0 0  1 1
   258  -.3511313408114133E-04   4   0 2  0 0  0 0  1 1
   259  0.3979289491222958E-03   4   1 0  1 0  0 0  1 1
   260  -.9891350369159343E-04   4   0 1  1 0  0 0  1 1
   261  0.2999924642974789E-03   4   0 0  2 0  0 0  1 1
   262  0.2328636325763182E-03   4   1 0  0 1  0 0  1 1
   263  -.2552967472636993E-04   4   0 1  0 1  0 0  1 1
   264  0.4064747602099935E-03   4   0 0  1 1  0 0  1 1
   265  0.2480646093918574E-04   4   0 0  0 2  0 0  1 1
   266  -.5655896405447833E-04   4   2 0  0 0  0 0  0 2
   267  -.2958081995911195E-04   4   1 1  0 0  0 0  0 2
   268  -.1982792252869286E-05   4   0 2  0 0  0 0  0 2
   269  0.1024231112116676E-07   4   1 0  1 0  0 0  0 2
   270  0.1251548098106254E-08   4   0 1  1 0  0 0  0 2
   271  -.1337776288793236E-03   4   0 0  2 0  0 0  0 2
   272  -.1887439331490499E-04   4   1 0  0 1  0 0  0 2
   273  0.8979658166535402E-10   4   0 1  0 1  0 0  0 2
   274  -.5839444130525330E-04   4   0 0  1 1  0 0  0 2
   275  -.2665279212420456E-05   4   0 0  0 2  0 0  0 2
   276  0.2643037138470360E-06   4   1 0  0 0  0 3  0 0
   277  0.7435220819878780E-05   4   0 1  0 0  0 3  0 0
   278  -.2856358486149611E-01   4   0 0  1 0  0 3  0 0
   279  -.6091329498055827E-01   4   0 0  0 1  0 3  0 0
   280  0.2799145074644390E-06   4   1 0  0 0  0 2  1 0
   281  0.4459242481491606E-05   4   0 1  0 0  0 2  1 0
   282  -.1798938604295956E-01   4   0 0  1 0  0 2  1 0
   283  -.3857158592253882E-01   4   0 0  0 1  0 2  1 0
   284  0.2798318859199726E-06   4   1 0  0 0  0 1  2 0
   285  0.4474025824986809E-05   4   0 1  0 0  0 1  2 0
   286  -.1804187810171844E-01   4   0 0  1 0  0 1  2 0
   287  -.3868248442056289E-01   4   0 0  0 1  0 1  2 0
   288  0.2625138919837872E-06   4   1 0  0 0  0 0  3 0
   289  0.7390554200034638E-05   4   0 1  0 0  0 0  3 0
   290  -.2839056221215958E-01   4   0 0  1 0  0 0  3 0
   291  -.6054396873004722E-01   4   0 0  0 1  0 0  3 0
   292  -.7953093477760919E-06   4   1 0  0 0  0 2  0 1
   293  -.8935523822819801E-05   4   0 1  0 0  0 2  0 1
   294  0.6982052836297732E-01   4   0 0  1 0  0 2  0 1
   295  0.7710544339056913E-01   4   0 0  0 1  0 2  0 1
   296  -.8170046062921610E-06   4   1 0  0 0  0 1  1 1
   297  -.5976522764747511E-05   4   0 1  0 0  0 1  1 1
   298  0.4874828393477771E-01   4   0 0  1 0  0 1  1 1
   299  0.5485378081298998E-01   4   0 0  0 1  0 1  1 1
   300  -.7912891355934171E-06   4   1 0  0 0  0 0  2 1
   301  -.8895703518282647E-05   4   0 1  0 0  0 0  2 1
   302  0.6950595875326122E-01   4   0 0  1 0  0 0  2 1
   303  0.7675635043945082E-01   4   0 0  0 1  0 0  2 1
   304  0.7981197471013483E-06   4   1 0  0 0  0 1  0 2
   305  0.1878054548283276E-07   4   0 1  0 0  0 1  0 2
   306  -.4867795200236329E-01   4   0 0  1 0  0 1  0 2
   307  -.5026720207570903E-02   4   0 0  0 1  0 1  0 2
   308  0.7954543710617205E-06   4   1 0  0 0  0 0  1 2
   309  0.1871782655355861E-07   4   0 1  0 0  0 0  1 2
   310  -.4851538861836781E-01   4   0 0  1 0  0 0  1 2
   311  -.5009933128128368E-02   4   0 0  0 1  0 0  1 2
   312  -.2671655351401191E-06   4   1 0  0 0  0 0  0 3
   313  -.4512629452181189E-08   4   0 1  0 0  0 0  0 3
   314  0.2103970864318480E-02   4   0 0  1 0  0 0  0 3
   315  0.3240117088186586E-04   4   0 0  0 1  0 0  0 3
   316  0.6603355371719722E-05   4   0 0  0 0  0 4  0 0
   317  0.4043409068880290E-05   4   0 0  0 0  0 3  1 0
   318  0.3705063275577110E-05   4   0 0  0 0  0 2  2 0
   319  0.4061467394860074E-05   4   0 0  0 0  0 1  3 0
   320  0.6552568869111519E-05   4   0 0  0 0  0 0  4 0
   321  -.7888914544449663E-05   4   0 0  0 0  0 3  0 1
   322  -.5240149596108609E-05   4   0 0  0 0  0 2  1 1
   323  -.5253286222137988E-05   4   0 0  0 0  0 1  2 1
   324  -.7840675628732204E-05   4   0 0  0 0  0 0  3 1
   325  0.3941671740005019E-06   4   0 0  0 0  0 2  0 2
   326  0.4750095008976335E-06   4   0 0  0 0  0 1  1 2
   327  0.3920576619649611E-06   4   0 0  0 0  0 0  2 2
   328  -.2038780224150532E-08   4   0 0  0 0  0 1  0 3
   329  -.2031971576727514E-08   4   0 0  0 0  0 0  1 3
   330  -.8619229523652389E-15   4   0 0  0 0  0 0  0 4
   ----------------------------------------------------
     I  COEFFICIENT            ORDER EXPONENTS
     1  0.4340084214271813E-08   0   0 0  0 0  0 0  0 0
     2  0.2403965700371728E-05   1   1 0  0 0  0 0  0 0
     3  -.2945937254701034E-05   1   0 1  0 0  0 0  0 0
     4  0.1097571500073211E-05   1   0 0  1 0  0 0  0 0
     5  0.1422520345978071E-05   1   0 0  0 1  0 0  0 0
     6   1.000000000000000       1   0 0  0 0  1 0  0 0
     7  0.7422607583889025E-01   1   0 0  0 0  0 1  0 0
     8  -.7422607572829493E-01   1   0 0  0 0  0 0  1 0
     9  -.1105960162996167E-09   1   0 0  0 0  0 0  0 1
    10  -.3069309990244673E-01   2   2 0  0 0  0 0  0 0
    11  0.8151248246358958E-01   2   1 1  0 0  0 0  0 0
    12  -.6800091828766368E-01   2   0 2  0 0  0 0  0 0
    13  0.5083358494504151E-06   2   1 0  1 0  0 0  0 0
    14  0.1190860655396277E-04   2   0 1  1 0  0 0  0 0
    15  -.3454174243736747E-01   2   0 0  2 0  0 0  0 0
    16  0.1190869782049622E-04   2   1 0  0 1  0 0  0 0
    17  0.1825475994419724E-05   2   0 1  0 1  0 0  0 0
    18  -.9803976068474221E-01   2   0 0  1 1  0 0  0 0
    19  -.8176178605043934E-01   2   0 0  0 2  0 0  0 0
    20  -.3548828583508558E-05   2   1 0  0 0  0 1  0 0
    21  0.4279568472497194E-05   2   0 1  0 0  0 1  0 0
    22  -.1664804082393431E-05   2   0 0  1 0  0 1  0 0
    23  -.2187468778475125E-05   2   0 0  0 1  0 1  0 0
    24  -.1149039828445812E-05   2   1 0  0 0  0 0  1 0
    25  0.1338980938104721E-05   2   0 1  0 0  0 0  1 0
    26  -.5689926411957881E-06   2   0 0  1 0  0 0  1 0
    27  -.7671304975376423E-06   2   0 0  0 1  0 0  1 0
    28  0.4697864818245741E-05   2   1 0  0 0  0 0  0 1
    29  -.2672604456800540E-05   2   0 1  0 0  0 0  0 1
    30  0.2233800210889554E-05   2   0 0  1 0  0 0  0 1
    31  0.1532086575220314E-05   2   0 0  0 1  0 0  0 1
    32  -.5576266856217044E-01   2   0 0  0 0  0 2  0 0
    33  0.3729926112159472E-01   2   0 0  0 0  0 1  1 0
    34  0.1846340727662498E-01   2   0 0  0 0  0 0  2 0
    35  0.1638538929633769E-09   2   0 0  0 0  0 1  0 1
    36  0.5344812789612086E-10   2   0 0  0 0  0 0  1 1
    37  -.5335308654832275E-10   2   0 0  0 0  0 0  0 2
    38  -.1693973029894562E-04   3   3 0  0 0  0 0  0 0
    39  0.8872994461742463E-04   3   2 1  0 0  0 0  0 0
    40  -.6340733726358379E-05   3   1 2  0 0  0 0  0 0
    41  -.5730652422074340E-05   3   0 3  0 0  0 0  0 0
    42  0.2244965019626541E-04   3   2 0  1 0  0 0  0 0
    43  0.9384827494943324E-04   3   1 1  1 0  0 0  0 0
    44  -.9815245280673176E-05   3   0 2  1 0  0 0  0 0
    45  0.6196756883922660E-04   3   1 0  2 0  0 0  0 0
    46  -.3953068297922707E-04   3   0 1  2 0  0 0  0 0
    47  0.8056287347490222E-05   3   0 0  3 0  0 0  0 0
    48  0.4736567446562262E-04   3   2 0  0 1  0 0  0 0
    49  0.2166776900355198E-05   3   1 1  0 1  0 0  0 0
    50  0.1444242683352782E-05   3   0 2  0 1  0 0  0 0
    51  -.8025542528744019E-04   3   1 0  1 1  0 0  0 0
    52  0.5317365045478061E-05   3   0 1  1 1  0 0  0 0
    53  0.5405151440356261E-05   3   0 0  2 1  0 0  0 0
    54  0.3898810382488409E-04   3   1 0  0 2  0 0  0 0
    55  -.1236781616303639E-05   3   0 1  0 2  0 0  0 0
    56  0.3298319991581610E-04   3   0 0  1 2  0 0  0 0
    57  0.5539663113825855E-05   3   0 0  0 3  0 0  0 0
    58  0.4507697785687591E-01   3   2 0  0 0  0 1  0 0
    59  -.1182444901696240       3   1 1  0 0  0 1  0 0
    60  0.9878465064605110E-01   3   0 2  0 0  0 1  0 0
    61  -.1024668778739746E-05   3   1 0  1 0  0 1  0 0
    62  -.1788990751394708E-04   3   0 1  1 0  0 1  0 0
    63  0.5277188435232426E-01   3   0 0  2 0  0 1  0 0
    64  -.1787535716211533E-04   3   1 0  0 1  0 1  0 0
    65  -.3679790107547034E-05   3   0 1  0 1  0 1  0 0
    66  0.1512894626505091       3   0 0  1 1  0 1  0 0
    67  0.1262987266261014       3   0 0  0 2  0 1  0 0
    68  0.1443800736055049E-01   3   2 0  0 0  0 0  1 0
    69  -.3688066338621031E-01   3   1 1  0 0  0 0  1 0
    70  0.3090727377075001E-01   3   0 2  0 0  0 0  1 0
    71  -.5127754197182651E-06   3   1 0  1 0  0 0  1 0
    72  -.5995907542572277E-05   3   0 1  1 0  0 0  1 0
    73  0.1828423581955371E-01   3   0 0  2 0  0 0  1 0
    74  -.5986224662351056E-05   3   1 0  0 1  0 0  1 0
    75  -.1842439925653382E-05   3   0 1  0 1  0 0  1 0
    76  0.5339820726194271E-01   3   0 0  1 1  0 0  1 0
    77  0.4466035650050326E-01   3   0 0  0 2  0 0  1 0
    78  -.5951499423509383E-01   3   2 0  0 0  0 0  0 1
    79  0.7361272269255864E-01   3   1 1  0 0  0 0  0 1
    80  0.6309868624183774E-02   3   0 2  0 0  0 0  0 1
    81  0.1533715808655361E-05   3   1 0  1 0  0 0  0 1
    82  0.1196126028574214E-04   3   0 1  1 0  0 0  0 1
    83  -.7105612760478237E-01   3   0 0  2 0  0 0  0 1
    84  0.1195641781076950E-04   3   1 0  0 1  0 0  0 1
    85  0.1823807655109088E-05   3   0 1  0 1  0 0  0 1
    86  -.1066479649363489       3   0 0  1 1  0 0  0 1
    87  -.7435562228351876E-02   3   0 0  0 2  0 0  0 1
    88  0.4380553258880163E-05   3   1 0  0 0  0 2  0 0
    89  -.5212833267268319E-05   3   0 1  0 0  0 2  0 0
    90  0.2099992405458946E-05   3   0 0  1 0  0 2  0 0
    91  0.2788777846029064E-05   3   0 0  0 1  0 2  0 0
    92  0.1665572752876832E-05   3   1 0  0 0  0 1  1 0
    93  -.1869245229734925E-05   3   0 1  0 0  0 1  1 0
    94  0.8712675062698961E-06   3   0 0  1 0  0 1  1 0
    95  0.1203720352720512E-05   3   0 0  0 1  0 1  1 0
    96  0.8359045906001117E-06   3   1 0  0 0  0 0  2 0
    97  -.9386160092368699E-06   3   0 1  0 0  0 0  2 0
    98  0.4369460184808410E-06   3   0 0  1 0  0 0  2 0
    99  0.6034861762080498E-06   3   0 0  0 1  0 0  2 0
   100  -.6877863004099798E-05   3   1 0  0 0  0 1  0 1
   101  0.3735798844688064E-05   3   0 1  0 0  0 1  0 1
   102  -.3406439554175741E-05   3   0 0  1 0  0 1  0 1
   103  -.2406317019857316E-05   3   0 0  0 1  0 1  0 1
   104  -.2188354381459664E-05   3   1 0  0 0  0 0  1 1
   105  0.1068539317197093E-05   3   0 1  0 0  0 0  1 1
   106  -.1176158250369622E-05   3   0 0  1 0  0 0  1 1
   107  -.8764103137028495E-06   3   0 0  0 1  0 0  1 1
   108  0.2184178139847333E-05   3   1 0  0 0  0 0  0 2
   109  0.2704364499859088E-06   3   0 1  0 0  0 0  0 2
   110  0.1174397700965437E-05   3   0 0  1 0  0 0  0 2
   111  0.1092770761547636E-06   3   0 0  0 1  0 0  0 2
   112  0.4648453043274790E-01   3   0 0  0 0  0 3  0 0
   113  -.2792828283581748E-01   3   0 0  0 0  0 2  1 0
   114  -.9370983821501422E-02   3   0 0  0 0  0 1  2 0
   115  -.9185278762480485E-02   3   0 0  0 0  0 0  3 0
   116  -.9387569045856195E-09   3   0 0  0 0  0 2  0 1
   117  -.3984875638081876E-09   3   0 0  0 0  0 1  1 1
   118  -.1998079862649136E-09   3   0 0  0 0  0 0  2 1
   119  -.5471068098703545E-10   3   0 0  0 0  0 1  0 2
   120  -.4186249858283702E-10   3   0 0  0 0  0 0  1 2
   121  -.3054442270092811E-13   3   0 0  0 0  0 0  0 3
   122  -.9927367751201922E-01   4   4 0  0 0  0 0  0 0
   123  -.1755923443091202       4   3 1  0 0  0 0  0 0
   124  0.6195481952236283E-01   4   2 2  0 0  0 0  0 0
   125  0.1194671809278645       4   1 3  0 0  0 0  0 0
   126  -.3922848647854637E-01   4   0 4  0 0  0 0  0 0
   127  0.1018421804721025E-03   4   3 0  1 0  0 0  0 0
   128  0.3449450943904929E-04   4   2 1  1 0  0 0  0 0
   129  -.1812965854207137E-04   4   1 2  1 0  0 0  0 0
   130  0.1534914463843885E-04   4   0 3  1 0  0 0  0 0
   131  -.9660656053932940       4   2 0  2 0  0 0  0 0
   132  -.3347209826815368       4   1 1  2 0  0 0  0 0
   133  0.2091566644082561       4   0 2  2 0  0 0  0 0
   134  -.3864414883487407E-04   4   1 0  3 0  0 0  0 0
   135  0.2071361931027826E-04   4   0 1  3 0  0 0  0 0
   136  -.3376670011098949       4   0 0  4 0  0 0  0 0
   137  0.1347033942355716E-04   4   3 0  0 1  0 0  0 0
   138  0.5976064806845064E-04   4   2 1  0 1  0 0  0 0
   139  0.2164136203313166E-04   4   1 2  0 1  0 0  0 0
   140  0.4809082755604434E-05   4   0 3  0 1  0 0  0 0
   141  -.3782728834319252       4   2 0  1 1  0 0  0 0
   142  -.2168312106368422E-01   4   1 1  1 1  0 0  0 0
   143  -.1118682852779424       4   0 2  1 1  0 0  0 0
   144  0.5624948636101130E-04   4   1 0  2 1  0 0  0 0
   145  0.1224633098044104E-03   4   0 1  2 1  0 0  0 0
   146  -.6468953446539260       4   0 0  3 1  0 0  0 0
   147  -.3780586893655236       4   2 0  0 2  0 0  0 0
   148  0.7183145226244085E-01   4   1 1  0 2  0 0  0 0
   149  -.1146003341586734       4   0 2  0 2  0 0  0 0
   150  0.4448011098369370E-04   4   1 0  1 2  0 0  0 0
   151  0.4207086000842465E-04   4   0 1  1 2  0 0  0 0
   152  -.7242616859420780       4   0 0  2 2  0 0  0 0
   153  0.2213156677174684E-04   4   1 0  0 3  0 0  0 0
   154  0.6176460131502221E-05   4   0 1  0 3  0 0  0 0
   155  -.2618712640125001       4   0 0  1 3  0 0  0 0
   156  -.8049334613926656E-01   4   0 0  0 4  0 0  0 0
   157  0.9654202874738552E-04   4   3 0  0 0  0 1  0 0
   158  -.1347780344521397E-03   4   2 1  0 0  0 1  0 0
   159  -.1683380377655799E-03   4   1 2  0 0  0 1  0 0
   160  0.8353077153667151E-04   4   0 3  0 0  0 1  0 0
   161  0.7726775555451422E-04   4   2 0  1 0  0 1  0 0
   162  -.1356360405806295E-03   4   1 1  1 0  0 1  0 0
   163  0.5026110482580656E-04   4   0 2  1 0  0 1  0 0
   164  0.1006771060582887E-03   4   1 0  2 0  0 1  0 0
   165  -.9293162941507310E-04   4   0 1  2 0  0 1  0 0
   166  0.1741397357273975E-03   4   0 0  3 0  0 1  0 0
   167  0.1273864598678890E-03   4   2 0  0 1  0 1  0 0
   168  -.4814768125762273E-04   4   1 1  0 1  0 1  0 0
   169  0.7023183834879345E-04   4   0 2  0 1  0 1  0 0
   170  0.1380721595422527E-03   4   1 0  1 1  0 1  0 0
   171  0.1086980629751317E-03   4   0 1  1 1  0 1  0 0
   172  0.4135206063552292E-03   4   0 0  2 1  0 1  0 0
   173  -.8594062229858708E-04   4   1 0  0 2  0 1  0 0
   174  0.1192531180910580E-03   4   0 1  0 2  0 1  0 0
   175  0.2045999607104831E-03   4   0 0  1 2  0 1  0 0
   176  0.9726417871916299E-04   4   0 0  0 3  0 1  0 0
   177  0.3527989244912421E-04   4   3 0  0 0  0 0  1 0
   178  -.3108340712614854E-04   4   2 1  0 0  0 0  1 0
   179  -.9766849389349225E-04   4   1 2  0 0  0 0  1 0
   180  0.4756061649681592E-04   4   0 3  0 0  0 0  1 0
   181  0.4250587484205656E-04   4   2 0  1 0  0 0  1 0
   182  -.4799903934597837E-04   4   1 1  1 0  0 0  1 0
   183  0.2846671994704958E-04   4   0 2  1 0  0 0  1 0
   184  0.5446137448855806E-04   4   1 0  2 0  0 0  1 0
   185  -.5222053392764883E-04   4   0 1  2 0  0 0  1 0
   186  0.9410494998484986E-04   4   0 0  3 0  0 0  1 0
   187  0.7776181702954306E-04   4   2 0  0 1  0 0  1 0
   188  -.2799811846267685E-04   4   1 1  0 1  0 0  1 0
   189  0.4226939241384033E-04   4   0 2  0 1  0 0  1 0
   190  0.3839925572076676E-04   4   1 0  1 1  0 0  1 0
   191  0.6703896860248636E-04   4   0 1  1 1  0 0  1 0
   192  0.2270807412593146E-03   4   0 0  2 1  0 0  1 0
   193  -.4711873975300781E-04   4   1 0  0 2  0 0  1 0
   194  0.7176964097520218E-04   4   0 1  0 2  0 0  1 0
   195  0.1314284024813676E-03   4   0 0  1 2  0 0  1 0
   196  0.6095223625677032E-04   4   0 0  0 3  0 0  1 0
   197  -.9535410703167692E-04   4   3 0  0 0  0 0  0 1
   198  0.3618103152651514E-04   4   2 1  0 0  0 0  0 1
   199  0.5040991860499368E-04   4   1 2  0 0  0 0  0 1
   200  0.9290477167508681E-05   4   0 3  0 0  0 0  0 1
   201  -.7224563620077445E-04   4   2 0  1 0  0 0  0 1
   202  0.9859807959864024E-04   4   1 1  1 0  0 0  0 1
   203  -.2113618658848584E-04   4   0 2  1 0  0 0  0 1
   204  -.8562598290035771E-04   4   1 0  2 0  0 0  0 1
   205  0.1758359719916739E-04   4   0 1  2 0  0 0  0 1
   206  -.1869577183733898E-03   4   0 0  3 0  0 0  0 1
   207  -.6061468485375471E-04   4   2 0  0 1  0 0  0 1
   208  0.1783767558322342E-04   4   1 1  0 1  0 0  0 1
   209  0.4008394791832850E-07   4   0 2  0 1  0 0  0 1
   210  -.7210136980754039E-04   4   1 0  1 1  0 0  0 1
   211  -.4613219584877050E-04   4   0 1  1 1  0 0  0 1
   212  -.2722987996289548E-03   4   0 0  2 1  0 0  0 1
   213  0.4054493120773365E-04   4   1 0  0 2  0 0  0 1
   214  -.1217547386926083E-05   4   0 1  0 2  0 0  0 1
   215  -.9136417910538292E-04   4   0 0  1 2  0 0  0 1
   216  -.9071235382300868E-05   4   0 0  0 3  0 0  0 1
   217  -.5541097346044972E-01   4   2 0  0 0  0 2  0 0
   218  0.1438846976802187       4   1 1  0 0  0 2  0 0
   219  -.1203833655233173       4   0 2  0 0  0 2  0 0
   220  0.1542498681882032E-05   4   1 0  1 0  0 2  0 0
   221  0.2237611560475105E-04   4   0 1  1 0  0 2  0 0
   222  -.6694972516344255E-01   4   0 0  2 0  0 2  0 0
   223  0.2238238782837729E-04   4   1 0  0 1  0 2  0 0
   224  0.5481886645989154E-05   4   0 1  0 1  0 2  0 0
   225  -.1934376388423952       4   0 0  1 1  0 2  0 0
   226  -.1616428757172992       4   0 0  0 2  0 2  0 0
   227  -.2069539669604602E-01   4   2 0  0 0  0 1  1 0
   228  0.5135545683706006E-01   4   1 1  0 0  0 1  1 0
   229  -.4325958040951702E-01   4   0 2  0 0  0 1  1 0
   230  0.1030191262438764E-05   4   1 0  1 0  0 1  1 0
   231  0.8993130431520505E-05   4   0 1  1 0  0 1  1 0
   232  -.2838310899069193E-01   4   0 0  2 0  0 1  1 0
   233  0.9015912195681656E-05   4   1 0  0 1  0 1  1 0
   234  0.3627608970654876E-05   4   0 1  0 1  0 1  1 0
   235  -.8437146442814726E-01   4   0 0  1 1  0 1  1 0
   236  -.7075049908645431E-01   4   0 0  0 2  0 1  1 0
   237  -.1038807686602526E-01   4   2 0  0 0  0 0  2 0
   238  0.2578855404021944E-01   4   1 1  0 0  0 0  2 0
   239  -.2172178196989519E-01   4   0 2  0 0  0 0  2 0
   240  0.5196469931208458E-06   4   1 0  1 0  0 0  2 0
   241  0.4511365653259550E-05   4   0 1  1 0  0 0  2 0
   242  -.1423187847493236E-01   4   0 0  2 0  0 0  2 0
   243  0.4524802862139134E-05   4   1 0  0 1  0 0  2 0
   244  0.1814107012414677E-05   4   0 1  0 1  0 0  2 0
   245  -.4229632561163363E-01   4   0 0  1 1  0 0  2 0
   246  -.3546704886916230E-01   4   0 0  0 2  0 0  2 0
   247  0.8644035549849437E-01   4   2 0  0 0  0 1  0 1
   248  -.1026357682094121       4   1 1  0 0  0 1  0 1
   249  -.1232773249299966E-01   4   0 2  0 0  0 1  0 1
   250  -.3078970960800672E-05   4   1 0  1 0  0 1  0 1
   251  -.1799907405064360E-04   4   0 1  1 0  0 1  0 1
   252  0.1095106764691669       4   0 0  2 0  0 1  0 1
   253  -.1800243940880214E-04   4   1 0  0 1  0 1  0 1
   254  -.3645398380005141E-05   4   0 1  0 1  0 1  0 1
   255  0.1686677321123214       4   0 0  1 1  0 1  0 1
   256  0.1513997647420472E-01   4   0 0  0 2  0 1  0 1
   257  0.2703353284024029E-01   4   2 0  0 0  0 0  1 1
   258  -.2917113484238344E-01   4   1 1  0 0  0 0  1 1
   259  -.6018768666662930E-02   4   0 2  0 0  0 0  1 1
   260  -.1545199510604858E-05   4   1 0  1 0  0 0  1 1
   261  -.6057462123216155E-05   4   0 1  1 0  0 0  1 1
   262  0.3856263161989566E-01   4   0 0  2 0  0 0  1 1
   263  -.6065626427948526E-05   4   1 0  0 1  0 0  1 1
   264  -.1821577788068436E-05   4   0 1  0 1  0 0  1 1
   265  0.6216761671079152E-01   4   0 0  1 1  0 0  1 1
   266  0.7703433469208452E-02   4   0 0  0 2  0 0  1 1
   267  -.2697944299954307E-01   4   2 0  0 0  0 0  0 2
   268  -.7709285640078569E-02   4   1 1  0 0  0 0  0 2
   269  -.2915567381714918E-03   4   0 2  0 0  0 0  0 2
   270  0.1535702178327987E-05   4   1 0  1 0  0 0  0 2
   271  0.7173076392922232E-07   4   0 1  1 0  0 0  0 2
   272  -.3850859252058792E-01   4   0 0  2 0  0 0  0 2
   273  0.7108349801379877E-07   4   1 0  0 1  0 0  0 2
   274  -.2719126104803508E-08   4   0 1  0 1  0 0  0 2
   275  -.8769698142712432E-02   4   0 0  1 1  0 0  0 2
   276  -.2683608026782168E-03   4   0 0  0 2  0 0  0 2
   277  -.3657068143637423E-04   4   1 0  0 0  0 3  0 0
   278  0.5974727966068299E-04   4   0 1  0 0  0 3  0 0
   279  0.2722513534616662E-04   4   0 0  1 0  0 3  0 0
   280  0.4619983830315562E-04   4   0 0  0 1  0 3  0 0
   281  -.1357143265481173E-04   4   1 0  0 0  0 2  1 0
   282  0.2224115337194754E-04   4   0 1  0 0  0 2  1 0
   283  0.1306266479839243E-04   4   0 0  1 0  0 2  1 0
   284  0.2220343854944599E-04   4   0 0  0 1  0 2  1 0
   285  -.7831339589822561E-05   4   1 0  0 0  0 1  2 0
   286  0.1285578968903371E-04   4   0 1  0 0  0 1  2 0
   287  0.8062696555866106E-05   4   0 0  1 0  0 1  2 0
   288  0.1371516197752102E-04   4   0 0  0 1  0 1  2 0
   289  -.4556462700507079E-05   4   1 0  0 0  0 0  3 0
   290  0.7466883338394850E-05   4   0 1  0 0  0 0  3 0
   291  0.4371501359657970E-05   4   0 0  1 0  0 0  3 0
   292  0.7430373018261660E-05   4   0 0  0 1  0 0  3 0
   293  0.2929466834203503E-04   4   1 0  0 0  0 2  0 1
   294  0.5542883811913232E-05   4   0 1  0 0  0 2  0 1
   295  -.2468842175872279E-04   4   0 0  1 0  0 2  0 1
   296  -.3771679007226132E-05   4   0 0  0 1  0 2  0 1
   297  0.9127908864522304E-05   4   1 0  0 0  0 1  1 1
   298  0.4208712493384953E-05   4   0 1  0 0  0 1  1 1
   299  -.1162379207620523E-04   4   0 0  1 0  0 1  1 1
   300  -.3059844644565132E-05   4   0 0  0 1  0 1  1 1
   301  0.4589844397362063E-05   4   1 0  0 0  0 0  2 1
   302  0.2103039294681321E-05   4   0 1  0 0  0 0  2 1
   303  -.5823868869111337E-05   4   0 0  1 0  0 0  2 1
   304  -.1528535259406904E-05   4   0 0  0 1  0 0  2 1
   305  0.1540369435272383E-05   4   1 0  0 0  0 1  0 2
   306  0.7073214292040358E-07   4   0 1  0 0  0 1  0 2
   307  0.1023902437279124E-05   4   0 0  1 0  0 1  0 2
   308  0.3760182965640809E-07   4   0 0  0 1  0 1  0 2
   309  0.1042393361274490E-05   4   1 0  0 0  0 0  1 2
   310  0.6567193651996557E-07   4   0 1  0 0  0 0  1 2
   311  0.7097899987782868E-06   4   0 0  1 0  0 0  1 2
   312  0.3546098088281963E-07   4   0 0  0 1  0 0  1 2
   313  0.3561150949851670E-08   4   1 0  0 0  0 0  0 3
   314  -.2416761513215741E-09   4   0 1  0 0  0 0  0 3
   315  -.2038811915945555E-08   4   0 0  1 0  0 0  0 3
   316  0.1569134719853507E-09   4   0 0  0 1  0 0  0 3
   317  -.4067982506316509E-01   4   0 0  0 0  0 4  0 0
   318  0.2326566839797881E-01   4   0 0  0 0  0 3  1 0
   319  0.6993898141279021E-02   4   0 0  0 0  0 2  2 0
   320  0.4708377418368727E-02   4   0 0  0 0  0 1  3 0
   321  0.5711860828732727E-02   4   0 0  0 0  0 0  4 0
   322  0.2429611559338460E-09   4   0 0  0 0  0 3  0 1
   323  -.6188144871758330E-09   4   0 0  0 0  0 2  1 1
   324  -.3655513741620764E-09   4   0 0  0 0  0 1  2 1
   325  -.2393537566824161E-09   4   0 0  0 0  0 0  3 1
   326  0.1461337436652246E-10   4   0 0  0 0  0 2  0 2
   327  -.3097375525491243E-10   4   0 0  0 0  0 1  1 2
   328  -.4336405836996652E-11   4   0 0  0 0  0 0  2 2
   329  0.3046370911088137E-13   4   0 0  0 0  0 1  0 3
   ----------------------------------------------------
     I  COEFFICIENT            ORDER EXPONENTS
     1   1.000000000000000       1   0 0  0 0  0 1  0 0
     --------------------------------------------------
     I  COEFFICIENT            ORDER EXPONENTS
     1   1.000000000000000       1   0 0  0 0  0 0  1 0
     --------------------------------------------------
     I  COEFFICIENT            ORDER EXPONENTS
     1   1.000000000000000       1   0 0  0 0  0 0  0 1
     --------------------------------------------------
