     I  COEFFICIENT            ORDER EXPONENTS
     1   1.160457479507990       1   1 0  0 0  0 0  0 0
     2  0.3152256184834049       1   0 1  0 0  0 0  0 0
     3  -.8237385630713992E-01   2   1 0  0 0  0 1  0 0
     4  -.1649701397244296       2   0 1  0 0  0 1  0 0
     5  -.8209876312258468E-01   2   1 0  0 0  0 0  1 0
     6  -.1644192105446168       2   0 1  0 0  0 0  1 0
     7  0.1644726194297249       2   1 0  0 0  0 0  0 1
     8  0.1416373178564156E-01   2   0 1  0 0  0 0  0 1
     9  0.1921595810028716       3   3 0  0 0  0 0  0 0
    10  0.8386881593503039       3   2 1  0 0  0 0  0 0
    11  0.3870359088619061       3   1 2  0 0  0 0  0 0
    12  0.1921357400514501       3   0 3  0 0  0 0  0 0
    13  -.1675071506764438       3   1 0  2 0  0 0  0 0
    14  0.5189321449724891       3   0 1  2 0  0 0  0 0
    15  -.1469744615674946       3   1 0  1 1  0 0  0 0
    16  -.2390129800465168E-01   3   0 1  1 1  0 0  0 0
    17  0.1557322349398157       3   1 0  0 2  0 0  0 0
    18  0.1727948287971670       3   0 1  0 2  0 0  0 0
    19  0.6276220846014544E-01   3   1 0  0 0  0 2  0 0
    20  0.1272465208532751       3   0 1  0 0  0 2  0 0
    21  0.4328063082646083E-01   3   1 0  0 0  0 1  1 0
    22  0.8977302337934012E-01   3   0 1  0 0  0 1  1 0
    23  0.6248034040008707E-01   3   1 0  0 0  0 0  2 0
    24  0.1266716706979927       3   0 1  0 0  0 0  2 0
    25  -.8643119143961187E-01   3   1 0  0 0  0 1  0 1
    26  -.1432578563703149E-01   3   0 1  0 0  0 1  0 1
    27  -.8614254850405040E-01   3   1 0  0 0  0 0  1 1
    28  -.1427794368609192E-01   3   0 1  0 0  0 0  1 1
    29  0.4050560256968691E-02   3   1 0  0 0  0 0  0 2
    30  0.1381328759201001E-03   3   0 1  0 0  0 0  0 2
    31  -.2348581780763183       4   3 0  0 0  0 1  0 0
    32  -1.023633356123774       4   2 1  0 0  0 1  0 0
    33  -.6218801325794603       4   1 2  0 0  0 1  0 0
    34  -.3116516277054671       4   0 3  0 0  0 1  0 0
    35  0.1546482487003259       4   1 0  2 0  0 1  0 0
    36  -.5226326975948455       4   0 1  2 0  0 1  0 0
    37  0.2220927639748105       4   1 0  1 1  0 1  0 0
    38  0.4743446384455008E-01   4   0 1  1 1  0 1  0 0
    39  -.2334032613549762       4   1 0  0 2  0 1  0 0
    40  -.2700567227776637       4   0 1  0 2  0 1  0 0
    41  -.2340738529636885       4   3 0  0 0  0 0  1 0
    42  -1.020214861805589       4   2 1  0 0  0 0  1 0
    43  -.6198033209094451       4   1 2  0 0  0 0  1 0
    44  -.3106108455619476       4   0 3  0 0  0 0  1 0
    45  0.1541317901887541       4   1 0  2 0  0 0  1 0
    46  -.5208873295912163       4   0 1  2 0  0 0  1 0
    47  0.2213510698445658       4   1 0  1 1  0 0  1 0
    48  0.4727605317517469E-01   4   0 1  1 1  0 0  1 0
    49  -.2326237950372617       4   1 0  0 2  0 0  1 0
    50  -.2691548496930477       4   0 1  0 2  0 0  1 0
    51  0.4689320310400071       4   3 0  0 0  0 0  0 1
    52   1.205160058579059       4   2 1  0 0  0 0  0 1
    53  0.4676116357650922       4   1 2  0 0  0 0  0 1
    54  0.4585525311306421E-01   4   0 3  0 0  0 0  0 1
    55  -.3087800388890802       4   1 0  2 0  0 0  0 1
    56  0.5245878822135728       4   0 1  2 0  0 0  0 1
    57  -.2964693722518803       4   1 0  1 1  0 0  0 1
    58  -.4690792101042174E-01   4   0 1  1 1  0 0  0 1
    59  0.1545625865126064       4   1 0  0 2  0 0  0 1
    60  0.2082708607921079E-01   4   0 1  0 2  0 0  0 1
    61  -.5297702491668266E-01   4   1 0  0 0  0 3  0 0
    62  -.1084331745254665       4   0 1  0 0  0 3  0 0
    63  -.3343963264479728E-01   4   1 0  0 0  0 2  1 0
    64  -.7086982194566627E-01   4   0 1  0 0  0 2  1 0
    65  -.3353661609484175E-01   4   1 0  0 0  0 1  2 0
    66  -.7105617607506523E-01   4   0 1  0 0  0 1  2 0
    67  -.5265599474035243E-01   4   1 0  0 0  0 0  3 0
    68  -.1077720542896251       4   0 1  0 0  0 0  3 0
    69  0.6684629047455451E-01   4   1 0  0 0  0 2  0 1
    70  0.1442978296224036E-01   4   0 1  0 0  0 2  0 1
    71  0.4739123582635696E-01   4   1 0  0 0  0 1  1 1
    72  0.1453292590344268E-01   4   0 1  0 0  0 1  1 1
    73  0.6654391951572508E-01   4   1 0  0 0  0 0  2 1
    74  0.1435732684996235E-01   4   0 1  0 0  0 0  2 1
    75  -.4110716948121169E-02   4   1 0  0 0  0 1  0 2
    76  -.2075674584145204E-03   4   0 1  0 0  0 1  0 2
    77  -.4096988924853131E-02   4   1 0  0 0  0 0  1 2
    78  -.2068742725457847E-03   4   0 1  0 0  0 0  1 2
    79  0.3552845301226502E-04   4   1 0  0 0  0 0  0 3
    80  0.1436773334507865E-07   4   0 1  0 0  0 0  0 3
    ---------------------------------------------------
     I  COEFFICIENT            ORDER EXPONENTS
     1   1.099725671150526       1   1 0  0 0  0 0  0 0
     2   1.160457602940973       1   0 1  0 0  0 0  0 0
     3  -.3096480451445783E-01   2   1 0  0 0  0 1  0 0
     4  -.8237391827822131E-01   2   0 1  0 0  0 1  0 0
     5  -.3086139541034531E-01   2   1 0  0 0  0 0  1 0
     6  -.8209882488670932E-01   2   0 1  0 0  0 0  1 0
     7   1.161551871075330       2   1 0  0 0  0 0  0 1
     8  0.1644727431649306       2   0 1  0 0  0 0  0 1
     9  -1.367213270424876       3   3 0  0 0  0 0  0 0
    10  -.8958468106905680       3   2 1  0 0  0 0  0 0
    11  -.7152541488124183       3   1 2  0 0  0 0  0 0
    12  -.1169516842810242E-01   3   0 3  0 0  0 0  0 0
    13  -2.767327344536088       3   1 0  2 0  0 0  0 0
    14  -.9243198829547640E-01   3   0 1  2 0  0 0  0 0
    15  -1.474120472251082       3   1 0  1 1  0 0  0 0
    16  -.2761039939146259       3   0 1  1 1  0 0  0 0
    17  0.4631034498607903       3   1 0  0 2  0 0  0 0
    18  0.1338165769799272       3   0 1  0 2  0 0  0 0
    19  0.2349661081470597E-01   3   1 0  0 0  0 2  0 0
    20  0.6276225495497195E-01   3   0 1  0 0  0 2  0 0
    21  0.1607795287081953E-01   3   1 0  0 0  0 1  1 0
    22  0.4328066194770948E-01   3   0 1  0 0  0 1  1 0
    23  0.2339129554221100E-01   3   1 0  0 0  0 0  2 0
    24  0.6248038668767515E-01   3   0 1  0 0  0 0  2 0
    25  -.6307117450023161E-01   3   1 0  0 0  0 1  0 1
    26  -.8643125357943238E-01   3   0 1  0 0  0 1  0 1
    27  -.6286054395524159E-01   3   1 0  0 0  0 0  1 1
    28  -.8614261043635044E-01   3   0 1  0 0  0 0  1 1
    29  0.6296585922773666E-01   3   1 0  0 0  0 0  0 2
    30  0.4050560425426070E-02   3   0 1  0 0  0 0  0 2
    31  0.8769492908712789       4   3 0  0 0  0 1  0 0
    32  0.9871900287077426       4   2 1  0 0  0 1  0 0
    33  0.8282453661398238       4   1 2  0 0  0 1  0 0
    34  0.2404060194444246E-01   4   0 3  0 0  0 1  0 0
    35   1.226825740759113       4   1 0  2 0  0 1  0 0
    36  0.4442746373558547E-01   4   0 1  2 0  0 1  0 0
    37   1.478655044976810       4   1 0  1 1  0 1  0 0
    38  0.4046850395381526       4   0 1  1 1  0 1  0 0
    39  -.4330201200587517       4   1 0  0 2  0 1  0 0
    40  -.1900375843309778       4   0 1  0 2  0 1  0 0
    41  0.8740206581237764       4   3 0  0 0  0 0  1 0
    42  0.9838932393994235       4   2 1  0 0  0 0  1 0
    43  0.8254793835140386       4   1 2  0 0  0 0  1 0
    44  0.2396031669322300E-01   4   0 3  0 0  0 0  1 0
    45   1.222728671433363       4   1 0  2 0  0 0  1 0
    46  0.4427909515083618E-01   4   0 1  2 0  0 0  1 0
    47   1.473716974290105       4   1 0  1 1  0 0  1 0
    48  0.4033335658879055       4   0 1  1 1  0 0  1 0
    49  -.4315740194493634       4   1 0  0 2  0 0  1 0
    50  -.1894029406879280       4   0 1  0 2  0 0  1 0
    51  -3.118183219419930       4   3 0  0 0  0 0  0 1
    52  -1.971083268107160       4   2 1  0 0  0 0  0 1
    53  -.9384706008414443       4   1 2  0 0  0 0  0 1
    54  -.2461058178146081E-01   4   0 3  0 0  0 0  0 1
    55  -5.216881756728563       4   1 0  2 0  0 0  0 1
    56  -.8870655888642215E-01   4   0 1  2 0  0 0  0 1
    57  -2.952372019266912       4   1 0  1 1  0 0  0 1
    58  -.5319146115114322       4   0 1  1 1  0 0  0 1
    59  0.4014906896473228       4   1 0  0 2  0 0  0 1
    60  0.1118073710590523       4   0 1  0 2  0 0  0 1
    61  -.1977000021925957E-01   4   1 0  0 0  0 3  0 0
    62  -.5297706366907921E-01   4   0 1  0 0  0 3  0 0
    63  -.1232933972828270E-01   4   1 0  0 0  0 2  1 0
    64  -.3343965593856162E-01   4   0 1  0 0  0 2  1 0
    65  -.1236628189402170E-01   4   1 0  0 0  0 1  2 0
    66  -.3353663946539562E-01   4   0 1  0 0  0 1  2 0
    67  -.1965044707679582E-01   4   1 0  0 0  0 0  3 0
    68  -.5265603325985941E-01   4   0 1  0 0  0 0  3 0
    69  0.4814272957135567E-01   4   1 0  0 0  0 2  0 1
    70  0.6684633703585514E-01   4   0 1  0 0  0 2  0 1
    71  0.3331329037378962E-01   4   1 0  0 0  0 1  1 1
    72  0.4739126691249586E-01   4   0 1  0 0  0 1  1 1
    73  0.4792632758219841E-01   4   1 0  0 0  0 0  2 1
    74  0.6654396586962379E-01   4   0 1  0 0  0 0  2 1
    75  -.3326378750813473E-01   4   1 0  0 0  0 1  0 2
    76  -.4110716912670856E-02   4   0 1  0 0  0 1  0 2
    77  -.3315270079147239E-01   4   1 0  0 0  0 0  1 2
    78  -.4096988889521182E-02   4   0 1  0 0  0 0  1 2
    79  0.1150209690623445E-02   4   1 0  0 0  0 0  0 3
    80  0.3552831711325833E-04   4   0 1  0 0  0 0  0 3
    ---------------------------------------------------
     I  COEFFICIENT            ORDER EXPONENTS
     1  0.8474319882981816       1   0 0  1 0  0 0  0 0
     2  0.2874504885639670       1   0 0  0 1  0 0  0 0
     3  0.7447097400260527E-01   2   0 0  1 0  0 1  0 0
     4  -.1371484836356468       2   0 0  0 1  0 1  0 0
     5  0.7422227303953616E-01   2   0 0  1 0  0 0  1 0
     6  -.1366904667986112       2   0 0  0 1  0 0  1 0
     7  -.1486932470421415       2   0 0  1 0  0 0  0 1
     8  -.1361153812970906E-01   2   0 0  0 1  0 0  0 1
     9  -.2139788589973843       3   2 0  1 0  0 0  0 0
    10  -.1406706942613538       3   1 1  1 0  0 0  0 0
    11  -.1563750769902612       3   0 2  1 0  0 0  0 0
    12  0.5453457796787864E-01   3   0 0  3 0  0 0  0 0
    13  -.5330196848808895       3   2 0  0 1  0 0  0 0
    14  -.2572219940230153E-01   3   1 1  0 1  0 0  0 0
    15  0.1256527262929901       3   0 2  0 1  0 0  0 0
    16  -.2835680113674253       3   0 0  2 1  0 0  0 0
    17  -.2507882757186440       3   0 0  1 2  0 0  0 0
    18  0.1167817842329918       3   0 0  0 3  0 0  0 0
    19  -.5485908497244632E-01   3   0 0  1 0  0 2  0 0
    20  0.9942471687886771E-01   3   0 0  0 1  0 2  0 0
    21  -.3537735590514017E-01   3   0 0  1 0  0 1  1 0
    22  0.6195138279424464E-01   3   0 0  0 1  0 1  1 0
    23  -.5461680670565047E-01   3   0 0  1 0  0 0  2 0
    24  0.9898923570573696E-01   3   0 0  0 1  0 0  2 0
    25  0.7062455184742777E-01   3   0 0  1 0  0 1  0 1
    26  0.1349615071931375E-01   3   0 0  0 1  0 1  0 1
    27  0.7038869627690483E-01   3   0 0  1 0  0 0  1 1
    28  0.1345107939150350E-01   3   0 0  0 1  0 0  1 1
    29  0.3839999458904481E-02   3   0 0  1 0  0 0  0 2
    30  0.1379230743004537E-03   3   0 0  0 1  0 0  0 2
    31  0.2242433341696808       4   2 0  1 0  0 1  0 0
    32  0.2093011174143196       4   1 1  1 0  0 1  0 0
    33  0.2346677748325147       4   0 2  1 0  0 1  0 0
    34  -.2732052311873523E-01   4   0 0  3 0  0 1  0 0
    35  0.5439386039421383       4   2 0  0 1  0 1  0 0
    36  0.5194644845535024E-01   4   1 1  0 1  0 1  0 0
    37  -.1756090593907066       4   0 2  0 1  0 1  0 0
    38  0.1839983679151460       4   0 0  2 1  0 1  0 0
    39  0.3483821462848469       4   0 0  1 2  0 1  0 0
    40  -.1602444770543560       4   0 0  0 3  0 1  0 0
    41  0.2234944580616824       4   2 0  1 0  0 0  1 0
    42  0.2086021418715720       4   1 1  1 0  0 0  1 0
    43  0.2338840855846729       4   0 2  1 0  0 0  1 0
    44  -.2722928434413663E-01   4   0 0  3 0  0 0  1 0
    45  0.5421220833921839       4   2 0  0 1  0 0  1 0
    46  0.5177296970162232E-01   4   1 1  0 1  0 0  1 0
    47  -.1750226008035986       4   0 2  0 1  0 0  1 0
    48  0.1833838926525825       4   0 0  2 1  0 0  1 0
    49  0.3472187000367278       4   0 0  1 2  0 0  1 0
    50  -.1597093295515381       4   0 0  0 3  0 0  1 0
    51  -.4477377922313637       4   2 0  1 0  0 0  0 1
    52  -.2772325650245393       4   1 1  1 0  0 0  0 1
    53  -.1558017064366650       4   0 2  1 0  0 0  0 1
    54  0.5454980746287164E-01   4   0 0  3 0  0 0  0 1
    55  -.5530410024534331       4   2 0  0 1  0 0  0 1
    56  -.5227501935236956E-01   4   1 1  0 1  0 0  0 1
    57  -.2632651868466544E-01   4   0 2  0 1  0 0  0 1
    58  -.8381424920030311E-01   4   0 0  2 1  0 0  0 1
    59  -.1940242948842877       4   0 0  1 2  0 0  0 1
    60  -.3039154609308098E-01   4   0 0  0 3  0 0  0 1
    61  0.4507368228633107E-01   4   0 0  1 0  0 3  0 0
    62  -.8061130028492577E-01   4   0 0  0 1  0 3  0 0
    63  0.2553585341894352E-01   4   0 0  1 0  0 2  1 0
    64  -.4304780842248490E-01   4   0 0  0 1  0 2  1 0
    65  0.2563297127172089E-01   4   0 0  1 0  0 1  2 0
    66  -.4323462868403161E-01   4   0 0  0 1  0 1  2 0
    67  0.4480539613506676E-01   4   0 0  1 0  0 0  3 0
    68  -.8013585076057170E-01   4   0 0  0 1  0 0  3 0
    69  -.5103873033304392E-01   4   0 0  1 0  0 2  0 1
    70  -.1339244135934091E-01   4   0 0  0 1  0 2  0 1
    71  -.3158293757104880E-01   4   0 0  1 0  0 1  1 1
    72  -.1328927416970109E-01   4   0 0  0 1  0 1  1 1
    73  -.5081554626562057E-01   4   0 0  1 0  0 0  2 1
    74  -.1332552615146424E-01   4   0 0  0 1  0 0  2 1
    75  -.3794352728859359E-02   4   0 0  1 0  0 1  0 2
    76  -.2071476347791407E-03   4   0 0  0 1  0 1  0 2
    77  -.3781681225759923E-02   4   0 0  1 0  0 0  1 2
    78  -.2064558509404448E-03   4   0 0  0 1  0 0  1 2
    79  -.3465498772986395E-04   4   0 0  1 0  0 0  0 3
    80  -.5524572726959903E-07   4   0 0  0 1  0 0  0 3
    ---------------------------------------------------
     I  COEFFICIENT            ORDER EXPONENTS
     1  -.9805484429645860       1   0 0  1 0  0 0  0 0
     2  0.8474318659878936       1   0 0  0 1  0 0  0 0
     3  -.2874414441258003E-01   2   0 0  1 0  0 1  0 0
     4  0.7447103485326595E-01   2   0 0  0 1  0 1  0 0
     5  -.2864815135630872E-01   2   0 0  1 0  0 0  1 0
     6  0.7422233368698196E-01   2   0 0  0 1  0 0  1 0
     7  -.9231561471956972       2   0 0  1 0  0 0  0 1
     8  -.1486933685402480       2   0 0  0 1  0 0  0 1
     9  -3.328033375702439       3   2 0  1 0  0 0  0 0
    10  -1.438978360397474       3   1 1  1 0  0 0  0 0
    11  -.5642321689485236       3   0 2  1 0  0 0  0 0
    12  -.7465284797175157       3   0 0  3 0  0 0  0 0
    13  -.2981461943691062       3   2 0  0 1  0 0  0 0
    14  -.3176693757352570       3   1 1  0 1  0 0  0 0
    15  -.1804038964753996       3   0 2  0 1  0 0  0 0
    16  -.5951623607066959       3   0 0  2 1  0 0  0 0
    17  0.3718709253747068       3   0 0  1 2  0 0  0 0
    18  -.9483558775801100E-02   3   0 0  0 3  0 0  0 0
    19  0.2127582824277957E-01   3   0 0  1 0  0 2  0 0
    20  -.5485913035100777E-01   3   0 0  0 1  0 2  0 0
    21  0.1385707341324306E-01   3   0 0  1 0  0 1  1 0
    22  -.3537738591426395E-01   3   0 0  0 1  0 1  1 0
    23  0.2118163781732040E-01   3   0 0  1 0  0 0  2 0
    24  -.5461685188255826E-01   3   0 0  0 1  0 0  2 0
    25  -.5640872989880236E-01   3   0 0  1 0  0 1  0 1
    26  0.7062461176301367E-01   3   0 0  0 1  0 1  0 1
    27  -.5622034904788384E-01   3   0 0  1 0  0 0  1 1
    28  0.7038875599239859E-01   3   0 0  0 1  0 0  1 1
    29  0.5631453947334306E-01   3   0 0  1 0  0 0  0 2
    30  0.3840000392417832E-02   3   0 0  0 1  0 0  0 2
    31   1.782420608331233       4   2 0  1 0  0 1  0 0
    32   1.423915299044912       4   1 1  1 0  0 1  0 0
    33  0.5841734691973466       4   0 2  1 0  0 1  0 0
    34  0.2498191132467686       4   0 0  3 0  0 1  0 0
    35  0.3526661991841789       4   2 0  0 1  0 1  0 0
    36  0.4876202410404080       4   1 1  0 1  0 1  0 0
    37  0.2833277206907169       4   0 2  0 1  0 1  0 0
    38  0.5332742939580118       4   0 0  2 1  0 1  0 0
    39  -.3091504108097519       4   0 0  1 2  0 1  0 0
    40  0.1849112450204522E-01   4   0 0  0 3  0 1  0 0
    41   1.776468091557777       4   2 0  1 0  0 0  1 0
    42   1.419160035521854       4   1 1  1 0  0 0  1 0
    43  0.5822225815349431       4   0 2  1 0  0 0  1 0
    44  0.2489848250574493       4   0 0  3 0  0 0  1 0
    45  0.3514884460454057       4   2 0  0 1  0 0  1 0
    46  0.4859917995545421       4   1 1  0 1  0 0  1 0
    47  0.2823815281916437       4   0 2  0 1  0 0  1 0
    48  0.5314933876080735       4   0 0  2 1  0 0  1 0
    49  -.3081179816528718       4   0 0  1 2  0 0  1 0
    50  0.1842937211417217E-01   4   0 0  0 3  0 0  1 0
    51  -6.886922075591453       4   2 0  1 0  0 0  0 1
    52  -2.843075334566771       4   1 1  1 0  0 0  0 1
    53  -.6021638817837668       4   0 2  1 0  0 0  0 1
    54  -1.245332418021734       4   0 0  3 0  0 0  0 1
    55  -.7041546452295868       4   2 0  0 1  0 0  0 1
    56  -.6559426648596938       4   1 1  0 1  0 0  0 1
    57  -.2049014559315629       4   0 2  0 1  0 0  0 1
    58  -1.064767681566086       4   0 0  2 1  0 0  0 1
    59  0.2453974670879155       4   0 0  1 2  0 0  0 1
    60  -.1795337906461488E-01   4   0 0  0 3  0 0  0 1
    61  -.1754910136703272E-01   4   0 0  1 0  0 3  0 0
    62  0.4507371992662116E-01   4   0 0  0 1  0 3  0 0
    63  -.1010820915687671E-01   4   0 0  1 0  0 2  1 0
    64  0.2553587560889125E-01   4   0 0  0 1  0 2  1 0
    65  -.1014518963697936E-01   4   0 0  1 0  0 1  2 0
    66  0.2563299353843509E-01   4   0 0  0 1  0 1  2 0
    67  -.1744436987463441E-01   4   0 0  1 0  0 0  3 0
    68  0.4480543354987544E-01   4   0 0  0 1  0 0  3 0
    69  0.4147968501519533E-01   4   0 0  1 0  0 2  0 1
    70  -.5103877468673915E-01   4   0 0  0 1  0 2  0 1
    71  0.2664972417446942E-01   4   0 0  1 0  0 1  1 1
    72  -.3158296646612509E-01   4   0 0  0 1  0 1  1 1
    73  0.4129666144356245E-01   4   0 0  1 0  0 0  2 1
    74  -.5081559042294496E-01   4   0 0  0 1  0 0  2 1
    75  -.2660018215302897E-01   4   0 0  1 0  0 1  0 2
    76  -.3794353843211909E-02   4   0 0  0 1  0 1  0 2
    77  -.2651134900685528E-01   4   0 0  1 0  0 0  1 2
    78  -.3781682336391019E-02   4   0 0  0 1  0 0  1 2
    79  -.1067669437819695E-02   4   0 0  1 0  0 0  0 3
    80  -.3465486841088976E-04   4   0 0  0 1  0 0  0 3
    ---------------------------------------------------
     I  COEFFICIENT            ORDER EXPONENTS
     1   1.000000000000000       1   0 0  0 0  1 0  0 0
     2  0.7504832049793397E-01   1   0 0  0 0  0 1  0 0
     3  -.7504832049793411E-01   1   0 0  0 0  0 0  1 0
     4  -.2732765485102082E-01   2   2 0  0 0  0 0  0 0
     5  -.8583046918940679E-01   2   1 1  0 0  0 0  0 0
     6  -.8273724190951201E-01   2   0 2  0 0  0 0  0 0
     7  -.2433184629755035E-01   2   0 0  2 0  0 0  0 0
     8  0.7137159412571970E-01   2   0 0  1 1  0 0  0 0
     9  -.6881536548440462E-01   2   0 0  0 2  0 0  0 0
    10  -.5638038346647507E-01   2   0 0  0 0  0 2  0 0
    11  0.3771244643501619E-01   2   0 0  0 0  0 1  1 0
    12  0.1866793703145894E-01   2   0 0  0 0  0 0  2 0
    13  0.4175439754874488E-01   3   2 0  0 0  0 1  0 0
    14  0.1325294879033287       3   1 1  0 0  0 1  0 0
    15  0.1278799222592616       3   0 2  0 0  0 1  0 0
    16  0.3576217456106670E-01   3   0 0  2 0  0 1  0 0
    17  -.1036064519455463       3   0 0  1 1  0 1  0 0
    18  0.1000249574312257       3   0 0  0 2  0 1  0 0
    19  0.1446952140748664E-01   3   2 0  0 0  0 0  1 0
    20  0.4682874365313730E-01   3   1 1  0 0  0 0  1 0
    21  0.4526730724014634E-01   3   0 2  0 0  0 0  1 0
    22  0.1147314240807865E-01   3   0 0  2 0  0 0  1 0
    23  -.3236476166724757E-01   3   0 0  1 1  0 0  1 0
    24  0.3133441154720609E-01   3   0 0  0 2  0 0  1 0
    25  -.5622391895623152E-01   3   2 0  0 0  0 0  0 1
    26  -.9352776236705956E-01   3   1 1  0 0  0 0  0 1
    27  -.7672745680383800E-02   3   0 2  0 0  0 0  0 1
    28  -.4723531696914543E-01   3   0 0  2 0  0 0  0 1
    29  0.6459961948707404E-01   3   0 0  1 1  0 0  0 1
    30  0.6271361990377214E-02   3   0 0  0 2  0 0  0 1
    31  0.4699947462224070E-01   3   0 0  0 0  0 3  0 0
    32  -.2823765693377191E-01   3   0 0  0 0  0 2  1 0
    33  -.9474789501244264E-02   3   0 0  0 0  0 1  2 0
    34  -.9287028187224523E-02   3   0 0  0 0  0 0  3 0
    35  -.2300579505670971       4   4 0  0 0  0 0  0 0
    36  -.4492166969006918       4   3 1  0 0  0 0  0 0
    37  -.5701958824695901       4   2 2  0 0  0 0  0 0
    38  -.2207522774965032       4   1 3  0 0  0 0  0 0
    39  -.7899193436925686E-01   4   0 4  0 0  0 0  0 0
    40  -.7692869033631841       4   2 0  2 0  0 0  0 0
    41  -.2947494218231652       4   1 1  2 0  0 0  0 0
    42  -.3277639176794956       4   0 2  2 0  0 0  0 0
    43  -.8675030134344111E-01   4   0 0  4 0  0 0  0 0
    44  -.2429358255401346       4   2 0  1 1  0 0  0 0
    45  -.3096882194218553E-02   4   1 1  1 1  0 0  0 0
    46  0.6472262260779654E-01   4   0 2  1 1  0 0  0 0
    47  -.1474367148421608       4   0 0  3 1  0 0  0 0
    48  0.1867551348889954       4   2 0  0 2  0 0  0 0
    49  -.9456534469229211E-01   4   1 1  0 2  0 0  0 0
    50  -.1152792276233593       4   0 2  0 2  0 0  0 0
    51  0.7317440877137237E-01   4   0 0  2 2  0 0  0 0
    52  0.1091323306706416       4   0 0  1 3  0 0  0 0
    53  -.4082504411407958E-01   4   0 0  0 4  0 0  0 0
    54  -.5298088567101425E-01   4   2 0  0 0  0 2  0 0
    55  -.1695540107201622       4   1 1  0 0  0 2  0 0
    56  -.1637625100368283       4   0 2  0 0  0 2  0 0
    57  -.4399166764296986E-01   4   0 0  2 0  0 2  0 0
    58  0.1261616505251686       4   0 0  1 1  0 2  0 0
    59  -.1219633640914603       4   0 0  0 2  0 2  0 0
    60  -.2247463691198934E-01   4   2 0  0 0  0 1  1 0
    61  -.7411452937942925E-01   4   1 1  0 0  0 1  1 0
    62  -.7182785739325170E-01   4   0 2  0 0  0 1  1 0
    63  -.1648065094587966E-01   4   0 0  2 0  0 1  1 0
    64  0.4517591658664173E-01   4   0 0  1 1  0 1  1 0
    65  -.4393957053549671E-01   4   0 0  0 2  0 1  1 0
    66  -.1126919797750035E-01   4   2 0  0 0  0 0  2 0
    67  -.3715380491850556E-01   4   1 1  0 0  0 0  2 0
    68  -.3600655803689118E-01   4   0 2  0 0  0 0  2 0
    69  -.8272258061928002E-02   4   0 0  2 0  0 0  2 0
    70  0.2268476647373902E-01   4   0 0  1 1  0 0  2 0
    71  -.2206270327281377E-01   4   0 0  0 2  0 0  2 0
    72  0.8668201070527304E-01   4   2 0  0 0  0 1  0 1
    73  0.1481635750130970       4   1 1  0 0  0 1  0 1
    74  0.1571311068912347E-01   4   0 2  0 0  0 1  0 1
    75  0.6870181167075284E-01   4   0 0  2 0  0 1  0 1
    76  -.9028631374588669E-01   4   0 0  1 1  0 1  0 1
    77  -.1220857357525990E-01   4   0 0  0 2  0 1  0 1
    78  0.3054351145950351E-01   4   2 0  0 0  0 0  1 1
    79  0.5476465191016636E-01   4   1 1  0 0  0 0  1 1
    80  0.8039051746595340E-02   4   0 2  0 0  0 0  1 1
    81  0.2155202466165693E-01   4   0 0  2 0  0 0  1 1
    82  -.2581592619962488E-01   4   0 0  1 1  0 0  1 1
    83  -.5938257560493893E-02   4   0 0  0 2  0 0  1 1
    84  -.3050080160427243E-01   4   2 0  0 0  0 0  0 2
    85  -.7936351094571997E-02   4   1 1  0 0  0 0  0 2
    86  -.3669626972836312E-03   4   0 2  0 0  0 0  0 2
    87  -.2150925968163216E-01   4   0 0  2 0  0 0  0 2
    88  -.6548499514318289E-02   4   0 0  1 1  0 0  0 2
    89  -.3336274176890014E-03   4   0 0  0 2  0 0  0 2
    90  -.4113045723431474E-01   4   0 0  0 0  0 4  0 0
    91  0.2352340507053679E-01   4   0 0  0 0  0 3  1 0
    92  0.7071377794852632E-02   4   0 0  0 0  0 2  2 0
    93  0.4760537638009150E-02   4   0 0  0 0  0 1  3 0
    94  0.5775136730916101E-02   4   0 0  0 0  0 0  4 0
    ---------------------------------------------------
     I  COEFFICIENT            ORDER EXPONENTS
     1   1.000000000000000       1   0 0  0 0  0 1  0 0
     --------------------------------------------------
     I  COEFFICIENT            ORDER EXPONENTS
     1   1.000000000000000       1   0 0  0 0  0 0  1 0
     --------------------------------------------------
     I  COEFFICIENT            ORDER EXPONENTS
     1   1.000000000000000       1   0 0  0 0  0 0  0 1
     --------------------------------------------------
