     I  COEFFICIENT            ORDER EXPONENTS
     1  0.8985435734155001E-04   0   0 0  0 0  0 0  0 0
     2  0.9999970608964347       1   1 0  0 0  0 0  0 0
     3  0.2599997103700346       1   0 1  0 0  0 0  0 0
     4  0.2113085694289431E-05   1   0 0  1 0  0 0  0 0
     5  0.1791881541945219E-06   1   0 0  0 1  0 0  0 0
     6  0.2362466458654613E-10   1   0 0  0 0  0 1  0 0
     7  0.2354576844194719E-10   1   0 0  0 0  0 0  1 0
     8  -.4717040649138399E-10   1   0 0  0 0  0 0  0 1
     9  -.3082632797362650E-01   2   2 0  0 0  0 0  0 0
    10  -.3512523973917235E-02   2   1 1  0 0  0 0  0 0
    11  -.2283682528579515E-03   2   0 2  0 0  0 0  0 0
    12  0.3907453046831767E-04   2   1 0  1 0  0 0  0 0
    13  0.2296313870808173E-05   2   0 1  1 0  0 0  0 0
    14  0.3082635146674773E-01   2   0 0  2 0  0 0  0 0
    15  0.2225350862007892E-05   2   1 0  0 1  0 0  0 0
    16  0.3082564667208648E-06   2   0 1  0 1  0 0  0 0
    17  0.3512484578842998E-02   2   0 0  1 1  0 0  0 0
    18  0.2283574702843672E-03   2   0 0  0 2  0 0  0 0
    19  0.1472007516394997E-05   2   1 0  0 0  0 1  0 0
    20  -.1302171617434381       2   0 1  0 0  0 1  0 0
    21  -.1027187330817536E-05   2   0 0  1 0  0 1  0 0
    22  -.1713959735490030E-06   2   0 0  0 1  0 1  0 0
    23  0.1467091645589268E-05   2   1 0  0 0  0 0  1 0
    24  -.1297822925347637       2   0 1  0 0  0 0  1 0
    25  -.1023756967755280E-05   2   0 0  1 0  0 0  1 0
    26  -.1708235848530970E-06   2   0 0  0 1  0 0  1 0
    27  -.2939101918647869E-05   2   1 0  0 0  0 0  0 1
    28  -.2560929325376980E-06   2   0 1  0 0  0 0  0 1
    29  0.2050945619559461E-05   2   0 0  1 0  0 0  0 1
    30  0.1630317012590059E-06   2   0 0  0 1  0 0  0 1
    31  -.3051590080304136E-10   2   0 0  0 0  0 2  0 0
    32  -.2718680824827174E-10   2   0 0  0 0  0 1  1 0
    33  -.3036859462041770E-10   2   0 0  0 0  0 0  2 0
    34  0.2362465132323617E-10   2   0 0  0 0  0 1  0 1
    35  0.2354575516782809E-10   2   0 0  0 0  0 0  1 1
    36  0.3108000270774255E-03   3   3 0  0 0  0 0  0 0
    37  -.1961198004222334E-04   3   2 1  0 0  0 0  0 0
    38  -.1298377429112996E-04   3   1 2  0 0  0 0  0 0
    39  0.1299984229652388       3   0 3  0 0  0 0  0 0
    40  0.6398306798049865E-04   3   2 0  1 0  0 0  0 0
    41  -.1094161509804132E-04   3   1 1  1 0  0 0  0 0
    42  0.2499655310111751E-05   3   0 2  1 0  0 0  0 0
    43  0.1468336190179325E-03   3   1 0  2 0  0 0  0 0
    44  -.3432372251353377E-04   3   0 1  2 0  0 0  0 0
    45  -.2146318314643975E-04   3   0 0  3 0  0 0  0 0
    46  0.5536001147004354E-05   3   2 0  0 1  0 0  0 0
    47  0.2519798960624206E-05   3   1 1  0 1  0 0  0 0
    48  0.3801782657994708E-06   3   0 2  0 1  0 0  0 0
    49  0.4931632887270994E-04   3   1 0  1 1  0 0  0 0
    50  -.1368267288999356E-06   3   0 1  1 1  0 0  0 0
    51  0.1640706951470172E-04   3   0 0  2 1  0 0  0 0
    52  -.6432003644747890E-05   3   1 0  0 2  0 0  0 0
    53  0.1299992819213871       3   0 1  0 2  0 0  0 0
    54  0.5259893627651164E-05   3   0 0  1 2  0 0  0 0
    55  0.6340586740517633E-06   3   0 0  0 3  0 0  0 0
    56  0.1543891478231008E-01   3   2 0  0 0  0 1  0 0
    57  0.3518366713827003E-02   3   1 1  0 0  0 1  0 0
    58  0.3431177957430081E-03   3   0 2  0 0  0 1  0 0
    59  -.1957680184762577E-04   3   1 0  1 0  0 1  0 0
    60  -.2259565438013354E-05   3   0 1  1 0  0 1  0 0
    61  -.1543894494219082E-01   3   0 0  2 0  0 1  0 0
    62  -.2229132506518841E-05   3   1 0  0 1  0 1  0 0
    63  -.4532075823036337E-06   3   0 1  0 1  0 1  0 0
    64  -.3518354173640265E-02   3   0 0  1 1  0 1  0 0
    65  -.3431081546110577E-03   3   0 0  0 2  0 1  0 0
    66  0.1538735545968087E-01   3   2 0  0 0  0 0  1 0
    67  0.3506616885093324E-02   3   1 1  0 0  0 0  1 0
    68  0.3419719301570388E-03   3   0 2  0 0  0 0  1 0
    69  -.1951142376524484E-04   3   1 0  1 0  0 0  1 0
    70  -.2252019463114060E-05   3   0 1  1 0  0 0  1 0
    71  -.1538738551884061E-01   3   0 0  2 0  0 0  1 0
    72  -.2221688164496987E-05   3   1 0  0 1  0 0  1 0
    73  -.4516940642688924E-06   3   0 1  0 1  0 0  1 0
    74  -.3506604386785426E-02   3   0 0  1 1  0 0  1 0
    75  -.3419623212223794E-03   3   0 0  0 2  0 0  1 0
    76  -.3082629121480190E-01   3   2 0  0 0  0 0  0 1
    77  -.3512479983156301E-02   3   1 1  0 0  0 0  0 1
    78  -.2283575082050864E-03   3   0 2  0 0  0 0  0 1
    79  0.3909141456261787E-04   3   1 0  1 0  0 0  0 1
    80  0.2220331661980287E-05   3   0 1  1 0  0 0  0 1
    81  0.3082634346962032E-01   3   0 0  2 0  0 0  0 1
    82  0.2224730909243667E-05   3   1 0  0 1  0 0  0 1
    83  0.2890494267172796E-06   3   0 1  0 1  0 0  0 1
    84  0.3512482480194140E-02   3   0 0  1 1  0 0  0 1
    85  0.2283568952684439E-03   3   0 0  0 2  0 0  0 1
    86  -.1103395052247618E-05   3   1 0  0 0  0 2  0 0
    87  0.9760862578023193E-01   3   0 1  0 0  0 2  0 0
    88  0.7699643637146008E-06   3   0 0  1 0  0 2  0 0
    89  0.1390242952929061E-06   3   0 0  0 1  0 2  0 0
    90  -.7372280629537435E-06   3   1 0  0 0  0 1  1 0
    91  0.6521651024104214E-01   3   0 1  0 0  0 1  1 0
    92  0.5144480957621335E-06   3   0 0  1 0  0 1  1 0
    93  0.1309737341892906E-06   3   0 0  0 1  0 1  1 0
    94  -.1098479176203492E-05   3   1 0  0 0  0 0  2 0
    95  0.9717375750945152E-01   3   0 1  0 0  0 0  2 0
    96  0.7665339971332923E-06   3   0 0  1 0  0 0  2 0
    97  0.1383413162034408E-06   3   0 0  0 1  0 0  2 0
    98  0.1472008628702835E-05   3   1 0  0 0  0 1  0 1
    99  0.2565206850320639E-06   3   0 1  0 0  0 1  0 1
   100  -.1027187912395126E-05   3   0 0  1 0  0 1  0 1
   101  -.1633045727583758E-06   3   0 0  0 1  0 1  0 1
   102  0.1467092754182477E-05   3   1 0  0 0  0 0  1 1
   103  0.2556640164805530E-06   3   0 1  0 0  0 0  1 1
   104  -.1023757547390672E-05   3   0 0  1 0  0 0  1 1
   105  -.1627592058544714E-06   3   0 0  0 1  0 0  1 1
   106  -.5504354842026647E-10   3   0 0  0 0  0 3  0 0
   107  -.9112501238198533E-10   3   0 0  0 0  0 2  1 0
   108  -.9094334668479330E-10   3   0 0  0 0  0 1  2 0
   109  -.5461616572876683E-10   3   0 0  0 0  0 0  3 0
   110  0.4205385123434601E-10   3   0 0  0 0  0 2  0 1
   111  0.5437934290750172E-10   3   0 0  0 0  0 1  1 1
   112  0.4182260770609213E-10   3   0 0  0 0  0 0  2 1
   113  0.5204298881808369E-03   4   4 0  0 0  0 0  0 0
   114  -.1182242354624264       4   3 1  0 0  0 0  0 0
   115  -.6927710655612099E-01   4   2 2  0 0  0 0  0 0
   116  -.1376732737712552E-01   4   1 3  0 0  0 0  0 0
   117  -.1267004397020083E-02   4   0 4  0 0  0 0  0 0
   118  0.1077994975809686E-05   4   3 0  1 0  0 0  0 0
   119  0.7552279515159368E-04   4   2 1  1 0  0 0  0 0
   120  0.6835274530388916E-04   4   1 2  1 0  0 0  0 0
   121  0.5902675518416482E-05   4   0 3  1 0  0 0  0 0
   122  0.1049654092008125E-02   4   2 0  2 0  0 0  0 0
   123  -.1182249813807467       4   1 1  2 0  0 0  0 0
   124  0.3856030355627873E-01   4   0 2  2 0  0 0  0 0
   125  -.5072119387328994E-05   4   1 0  3 0  0 0  0 0
   126  0.7482112990154080E-04   4   0 1  3 0  0 0  0 0
   127  -.8765314774852922E-03   4   0 0  4 0  0 0  0 0
   128  0.7498016116137499E-04   4   3 0  0 1  0 0  0 0
   129  0.2926720137602738E-04   4   2 1  0 1  0 0  0 0
   130  0.1269521593539195E-04   4   1 2  0 1  0 0  0 0
   131  -.6862661717295127E-04   4   0 3  0 1  0 0  0 0
   132  0.1190460902766602       4   2 0  1 1  0 0  0 0
   133  0.3096750779628821E-01   4   1 1  1 1  0 0  0 0
   134  0.6545082258718639E-02   4   0 2  1 1  0 0  0 0
   135  0.7281375069887212E-04   4   1 0  2 1  0 0  0 0
   136  0.9561680855754240E-05   4   0 1  2 1  0 0  0 0
   137  0.1179478952712235       4   0 0  3 1  0 0  0 0
   138  -.2307624153369287E-01   4   2 0  0 2  0 0  0 0
   139  -.1242285172510388E-02   4   1 1  0 2  0 0  0 0
   140  0.1426290105874703E-03   4   0 2  0 2  0 0  0 0
   141  0.4845748807184973E-04   4   1 0  1 2  0 0  0 0
   142  0.9332084606620532E-05   4   0 1  1 2  0 0  0 0
   143  0.5379273091161634E-01   4   0 0  2 2  0 0  0 0
   144  0.4750270168478987E-05   4   1 0  0 3  0 0  0 0
   145  -.6892009379797671E-04   4   0 1  0 3  0 0  0 0
   146  0.1199967002446533E-01   4   0 0  1 3  0 0  0 0
   147  0.9499002150986152E-03   4   0 0  0 4  0 0  0 0
   148  -.3315787024594234E-03   4   3 0  0 0  0 1  0 0
   149  -.6535671607536760E-04   4   2 1  0 0  0 1  0 0
   150  -.1333347035112831E-04   4   1 2  0 0  0 1  0 0
   151  -.1953275099067551       4   0 3  0 0  0 1  0 0
   152  -.1055871583833858E-04   4   2 0  1 0  0 1  0 0
   153  0.1395344202138868E-04   4   1 1  1 0  0 1  0 0
   154  0.1280873609995928E-05   4   0 2  1 0  0 1  0 0
   155  -.2494603067599176E-03   4   1 0  2 0  0 1  0 0
   156  0.8399297396397275E-04   4   0 1  2 0  0 1  0 0
   157  0.3197443123375828E-04   4   0 0  3 0  0 1  0 0
   158  -.1524784759631492E-04   4   2 0  0 1  0 1  0 0
   159  -.3590866054673152E-05   4   1 1  0 1  0 1  0 0
   160  -.1775292436508456E-06   4   0 2  0 1  0 1  0 0
   161  -.4260929019524689E-04   4   1 0  1 1  0 1  0 0
   162  0.9964991922856657E-05   4   0 1  1 1  0 1  0 0
   163  0.2078206002294307E-04   4   0 0  2 1  0 1  0 0
   164  0.9057296408473712E-05   4   1 0  0 2  0 1  0 0
   165  -.1953241105375558       4   0 1  0 2  0 1  0 0
   166  0.8787120352622346E-05   4   0 0  1 2  0 1  0 0
   167  0.1046878156687595E-05   4   0 0  0 3  0 1  0 0
   168  -.3304713724728461E-03   4   3 0  0 0  0 0  1 0
   169  -.6513845280590670E-04   4   2 1  0 0  0 0  1 0
   170  -.1328894230593583E-04   4   1 2  0 0  0 0  1 0
   171  -.1946752001917511       4   0 3  0 0  0 0  1 0
   172  -.1052345427726823E-04   4   2 0  1 0  0 0  1 0
   173  0.1390684353767947E-04   4   1 1  1 0  0 0  1 0
   174  0.1276596044076821E-05   4   0 2  1 0  0 0  1 0
   175  -.2486272168296423E-03   4   1 0  2 0  0 0  1 0
   176  0.8371247362430468E-04   4   0 1  2 0  0 0  1 0
   177  0.3186765041145911E-04   4   0 0  3 0  0 0  1 0
   178  -.1519692635575487E-04   4   2 0  0 1  0 0  1 0
   179  -.3578874109381295E-05   4   1 1  0 1  0 0  1 0
   180  -.1769363724757794E-06   4   0 2  0 1  0 0  1 0
   181  -.4246699352656436E-04   4   1 0  1 1  0 0  1 0
   182  0.9931713144271523E-05   4   0 1  1 1  0 0  1 0
   183  0.2071265689761163E-04   4   0 0  2 1  0 0  1 0
   184  0.9027048941306432E-05   4   1 0  0 2  0 0  1 0
   185  -.1946718121749799       4   0 1  0 2  0 0  1 0
   186  0.8757775157080426E-05   4   0 0  1 2  0 0  1 0
   187  0.1043382034751846E-05   4   0 0  0 3  0 0  1 0
   188  0.6212088659853660E-03   4   3 0  0 0  0 0  0 1
   189  0.4442567279326998E-04   4   2 1  0 0  0 0  0 1
   190  0.2020878495197002E-05   4   1 2  0 0  0 0  0 1
   191  0.2120221484025271E-06   4   0 3  0 0  0 0  0 1
   192  0.4250881264233684E-04   4   2 0  1 0  0 0  0 1
   193  -.1112297980753346E-04   4   1 1  1 0  0 0  0 1
   194  -.4582508222935758E-06   4   0 2  1 0  0 0  0 1
   195  0.4572450618284286E-03   4   1 0  2 0  0 0  0 1
   196  -.8338219718837478E-04   4   0 1  2 0  0 0  0 1
   197  -.4261266617614024E-04   4   0 0  3 0  0 0  0 1
   198  0.1107903923443715E-04   4   2 0  0 1  0 0  0 1
   199  0.2243951574556839E-05   4   1 1  0 1  0 0  0 1
   200  0.1684430905155139E-06   4   0 2  0 1  0 0  0 1
   201  0.6386948858272904E-04   4   1 0  1 1  0 0  0 1
   202  -.4306655688579132E-05   4   0 1  1 1  0 0  0 1
   203  -.1107549024436051E-04   4   0 0  2 1  0 0  0 1
   204  -.9083295216477208E-05   4   1 0  0 2  0 0  0 1
   205  -.1071007297312479E-05   4   0 1  0 2  0 0  0 1
   206  -.3690070780483452E-05   4   0 0  1 2  0 0  0 1
   207  -.3335322001914263E-06   4   0 0  0 3  0 0  0 1
   208  -.1157280154724139E-01   4   2 0  0 0  0 2  0 0
   209  -.3518372535821760E-02   4   1 1  0 0  0 2  0 0
   210  -.6822487535680462E-03   4   0 2  0 0  0 2  0 0
   211  0.1465709656868844E-04   4   1 0  1 0  0 2  0 0
   212  0.2252955627234244E-05   4   0 1  1 0  0 2  0 0
   213  0.1157280976717608E-01   4   0 0  2 0  0 2  0 0
   214  0.2231932674620551E-05   4   1 0  0 1  0 2  0 0
   215  -.8725105187971761E-04   4   0 1  0 1  0 2  0 0
   216  0.3518363942655324E-02   4   0 0  1 1  0 2  0 0
   217  0.3446274058935300E-03   4   0 0  0 2  0 2  0 0
   218  -.7732312677356469E-02   4   2 0  0 0  0 1  1 0
   219  -.3518342883545926E-02   4   1 1  0 0  0 1  1 0
   220  -.8179623493539889E-03   4   0 2  0 0  0 1  1 0
   221  0.9790940501712589E-05   4   1 0  1 0  0 1  1 0
   222  0.2245038172340034E-05   4   0 1  1 0  0 1  1 0
   223  0.7732319108809432E-02   4   0 0  2 0  0 1  1 0
   224  0.2232659329774122E-05   4   1 0  0 1  0 1  1 0
   225  -.1046108702389184E-03   4   0 1  0 1  0 1  1 0
   226  0.3518336584672655E-02   4   0 0  1 1  0 1  1 0
   227  0.4131819830980837E-03   4   0 0  0 2  0 1  1 0
   228  -.1152124208066467E-01   4   2 0  0 0  0 0  2 0
   229  -.3500747813069593E-02   4   1 1  0 0  0 0  2 0
   230  -.6786045158269341E-03   4   0 2  0 0  0 0  2 0
   231  0.1459179942085824E-04   4   1 0  1 0  0 0  2 0
   232  0.2241682996222954E-05   4   0 1  1 0  0 0  2 0
   233  0.1152125026240920E-01   4   0 0  2 0  0 0  2 0
   234  0.2220750921197868E-05   4   1 0  0 1  0 0  2 0
   235  -.8678499334907407E-04   4   0 1  0 1  0 0  2 0
   236  0.3500739259118626E-02   4   0 0  1 1  0 0  2 0
   237  0.3427865739703464E-03   4   0 0  0 2  0 0  2 0
   238  0.1543895229122129E-01   4   2 0  0 0  0 1  0 1
   239  0.3518349046091069E-02   4   1 1  0 0  0 1  0 1
   240  0.3431078606102297E-03   4   0 2  0 0  0 1  0 1
   241  -.1955447449830697E-04   4   1 0  1 0  0 1  0 1
   242  -.2225752488796912E-05   4   0 1  1 0  0 1  0 1
   243  -.1543896169419022E-01   4   0 0  2 0  0 1  0 1
   244  -.2231701246701001E-05   4   1 0  0 1  0 1  0 1
   245  -.4345807339098956E-06   4   0 1  0 1  0 1  0 1
   246  -.3518354314843579E-02   4   0 0  1 1  0 1  0 1
   247  -.3431089793051240E-03   4   0 0  0 2  0 1  0 1
   248  0.1538739284332848E-01   4   2 0  0 0  0 0  1 1
   249  0.3506599276360013E-02   4   1 1  0 0  0 0  1 1
   250  0.3419620282032673E-03   4   0 2  0 0  0 0  1 1
   251  -.1948917097965175E-04   4   1 0  1 0  0 0  1 1
   252  -.2218319434577769E-05   4   0 1  1 0  0 0  1 1
   253  -.1538740221489554E-01   4   0 0  2 0  0 0  1 1
   254  -.2224248326193823E-05   4   1 0  0 1  0 0  1 1
   255  -.4331294215224312E-06   4   0 1  0 1  0 0  1 1
   256  -.3506604527517183E-02   4   0 0  1 1  0 0  1 1
   257  -.3419631431623230E-03   4   0 0  0 2  0 0  1 1
   258  -.3148630243488940E-13   4   2 0  0 0  0 0  0 2
   259  -.6858535069320973E-14   4   1 1  0 0  0 0  0 2
   260  -.4071637479085586E-15   4   0 2  0 0  0 0  0 2
   261  0.6751692173283090E-13   4   1 0  1 0  0 0  0 2
   262  0.9386141153294793E-14   4   0 1  1 0  0 0  0 2
   263  -.1811301564324458E-13   4   0 0  2 0  0 0  0 2
   264  0.6513720076925365E-14   4   1 0  0 1  0 0  0 2
   265  0.9145411552598840E-15   4   0 1  0 1  0 0  0 2
   266  -.5898434537240053E-14   4   0 0  1 1  0 0  0 2
   267  -.2969464681957794E-15   4   0 0  0 2  0 0  0 2
   268  -.8358831725021518E-06   4   1 0  0 0  0 3  0 0
   269  -.8133183650024800E-01   4   0 1  0 0  0 3  0 0
   270  0.4355013021083418E-06   4   0 0  1 0  0 3  0 0
   271  0.9782411630637178E-07   4   0 0  0 1  0 3  0 0
   272  -.9875596504545414E-06   4   1 0  0 0  0 2  1 0
   273  -.4883229304938264E-01   4   0 1  0 0  0 2  1 0
   274  0.5145262290731531E-06   4   0 0  1 0  0 2  1 0
   275  0.1249733403194093E-06   4   0 0  0 1  0 2  1 0
   276  -.9867858657791421E-06   4   1 0  0 0  0 1  2 0
   277  -.4899373414861743E-01   4   0 1  0 0  0 1  2 0
   278  0.5141230797301960E-06   4   0 0  1 0  0 1  2 0
   279  0.1248357037476307E-06   4   0 0  0 1  0 1  2 0
   280  -.8300524488028469E-06   4   1 0  0 0  0 0  3 0
   281  -.8084315098193549E-01   4   0 1  0 0  0 0  3 0
   282  0.4324634514238277E-06   4   0 0  1 0  0 0  3 0
   283  0.9712610087925632E-07   4   0 0  0 1  0 0  3 0
   284  0.7599165549024835E-06   4   1 0  0 0  0 2  0 1
   285  0.1383857078119925E-06   4   0 1  0 0  0 2  0 1
   286  -.3959221461425675E-06   4   0 0  1 0  0 2  0 1
   287  -.7209993808688332E-07   4   0 0  0 1  0 2  0 1
   288  0.9110802827852939E-06   4   1 0  0 0  0 1  1 1
   289  0.1973529856544394E-06   4   0 1  0 0  0 1  1 1
   290  -.4746800058592355E-06   4   0 0  1 0  0 1  1 1
   291  -.1028225319655809E-06   4   0 0  0 1  0 1  1 1
   292  0.7558574532862319E-06   4   1 0  0 0  0 0  2 1
   293  0.1375940221879259E-06   4   0 1  0 0  0 0  2 1
   294  -.3938073234417982E-06   4   0 0  1 0  0 0  2 1
   295  -.7168746388718350E-07   4   0 0  0 1  0 0  2 1
   296  -.2459174592752679E-04   4   0 0  0 0  0 4  0 0
   297  -.1405786965269572E-04   4   0 0  0 0  0 3  1 0
   298  -.1266353843681927E-04   4   0 0  0 0  0 2  2 0
   299  -.1413225641184052E-04   4   0 0  0 0  0 1  3 0
   300  -.2440427200061157E-04   4   0 0  0 0  0 0  4 0
   301  -.3589863740505748E-11   4   0 0  0 0  0 3  0 1
   302  0.3351146846278536E-10   4   0 0  0 0  0 2  1 1
   303  0.3332567482440905E-10   4   0 0  0 0  0 1  2 1
   304  -.3627650970487729E-11   4   0 0  0 0  0 0  3 1
   ----------------------------------------------------
     I  COEFFICIENT            ORDER EXPONENTS
     1  -.3889760405396736E-07   0   0 0  0 0  0 0  0 0
     2  -.3457444952053742E-04   1   1 0  0 0  0 0  0 0
     3  0.9999939497349751       1   0 1  0 0  0 0  0 0
     4  0.2201102706007650E-04   1   0 0  1 0  0 0  0 0
     5  0.3734061372132638E-05   1   0 0  0 1  0 0  0 0
     6  -.1900732738680439E-07   1   0 0  0 0  0 1  0 0
     7  -.1894385110372845E-07   1   0 0  0 0  0 0  1 0
     8  -.9464251853256171E-09   1   0 0  0 0  0 0  0 1
     9  -.2371309518030578       2   2 0  0 0  0 0  0 0
    10  -.6165573452740567E-01   2   1 1  0 0  0 0  0 0
    11  -.6258995704271601E-02   2   0 2  0 0  0 0  0 0
    12  0.3012227875865173E-03   2   1 0  1 0  0 0  0 0
    13  0.3904538302392105E-04   2   0 1  1 0  0 0  0 0
    14  0.2371320168682235       2   0 0  2 0  0 0  0 0
    15  0.3915856518151240E-04   2   1 0  0 1  0 0  0 0
    16  0.7937424644108737E-05   2   0 1  0 1  0 0  0 0
    17  0.6165609300237866E-01   2   0 0  1 1  0 0  0 0
    18  0.6259060662972796E-02   2   0 0  0 2  0 0  0 0
    19  -.4670358863123691E-10   2   1 0  0 0  0 1  0 0
    20  0.3030186228365113E-05   2   0 1  0 0  0 1  0 0
    21  -.7283611854137535E-11   2   0 0  1 0  0 1  0 0
    22  -.1839035387485914E-05   2   0 0  0 1  0 1  0 0
    23  -.4654761848953442E-10   2   1 0  0 0  0 0  1 0
    24  0.3020066712181632E-05   2   0 1  0 0  0 0  1 0
    25  -.7259287834614358E-11   2   0 0  1 0  0 0  1 0
    26  -.1832893801745884E-05   2   0 0  0 1  0 0  1 0
    27  -.3457435686041737E-04   2   1 0  0 0  0 0  0 1
    28  -.6050254045600295E-05   2   0 1  0 0  0 0  0 1
    29  0.2201104227463980E-04   2   0 0  1 0  0 0  0 1
    30  0.3671927598228671E-05   2   0 0  0 1  0 0  0 1
    31  0.4728037506793788E-08   2   0 0  0 0  0 2  0 0
    32  -.9456087863061638E-08   2   0 0  0 0  0 1  1 0
    33  0.4728037530200190E-08   2   0 0  0 0  0 0  2 0
    34  0.4644123622899888E-14   2   0 0  0 0  0 1  0 1
    35  0.4628614232452544E-14   2   0 0  0 0  0 0  1 1
    36  0.6181958303814062E-02   3   3 0  0 0  0 0  0 0
    37  0.1754231354418453E-02   3   2 1  0 0  0 0  0 0
    38  0.1981449335794311E-03   3   1 2  0 0  0 0  0 0
    39  0.1173614940021785E-04   3   0 3  0 0  0 0  0 0
    40  0.1413420934753215E-05   3   2 0  1 0  0 0  0 0
    41  -.1272764332793846E-03   3   1 1  1 0  0 0  0 0
    42  -.1107568397682851E-04   3   0 2  1 0  0 0  0 0
    43  0.6182032496676195E-02   3   1 0  2 0  0 0  0 0
    44  -.6748402183702427E-03   3   0 1  2 0  0 0  0 0
    45  -.2023622470170239E-05   3   0 0  3 0  0 0  0 0
    46  -.6358380459763603E-04   3   2 0  0 1  0 0  0 0
    47  -.4414500678261954E-04   3   1 1  0 1  0 0  0 0
    48  -.4137839701029515E-05   3   0 2  0 1  0 0  0 0
    49  0.2921146565313025E-02   3   1 0  1 1  0 0  0 0
    50  0.1550302692254575E-03   3   0 1  1 1  0 0  0 0
    51  0.6280656441870669E-04   3   0 0  2 1  0 0  0 0
    52  0.1018880118845341E-03   3   1 0  0 2  0 0  0 0
    53  0.1261818492860837E-04   3   0 1  0 2  0 0  0 0
    54  0.1092808887012120E-04   3   0 0  1 2  0 0  0 0
    55  0.2595652991959960E-05   3   0 0  0 3  0 0  0 0
    56  -.5690889295009584E-06   3   2 0  0 0  0 1  0 0
    57  0.3087931507241713E-01   3   1 1  0 0  0 1  0 0
    58  0.6269462109581844E-02   3   0 2  0 0  0 1  0 0
    59  -.3977428125536963E-06   3   1 0  1 0  0 1  0 0
    60  -.1954309057477577E-04   3   0 1  1 0  0 1  0 0
    61  0.5658428269168107E-07   3   0 0  2 0  0 1  0 0
    62  -.1968564605199967E-04   3   1 0  0 1  0 1  0 0
    63  -.7960449876988406E-05   3   0 1  0 1  0 1  0 0
    64  -.3087966333094734E-01   3   0 0  1 1  0 1  0 0
    65  -.6269525469444425E-02   3   0 0  0 2  0 1  0 0
    66  -.5671884177048046E-06   3   2 0  0 0  0 0  1 0
    67  0.3077619146620384E-01   3   1 1  0 0  0 0  1 0
    68  0.6248524807693764E-02   3   0 2  0 0  0 0  1 0
    69  -.3964145229501113E-06   3   1 0  1 0  0 0  1 0
    70  -.1947782507352038E-04   3   0 1  1 0  0 0  1 0
    71  0.5639531557360403E-07   3   0 0  2 0  0 0  1 0
    72  -.1961990447687860E-04   3   1 0  0 1  0 0  1 0
    73  -.7933865404616458E-05   3   0 1  0 1  0 0  1 0
    74  -.3077653856170041E-01   3   0 0  1 1  0 0  1 0
    75  -.6248587955961938E-02   3   0 0  0 2  0 0  1 0
    76  -.2371297999552816       3   2 0  0 0  0 0  0 1
    77  -.6165549645316466E-01   3   1 1  0 0  0 0  0 1
    78  -.6258994276589964E-02   3   0 2  0 0  0 0  0 1
    79  0.3020022741799091E-03   3   1 0  1 0  0 0  0 1
    80  0.3902549237556339E-04   3   0 1  1 0  0 0  0 1
    81  0.2371319090505281       3   0 0  2 0  0 0  0 1
    82  0.3927332444394440E-04   3   1 0  0 1  0 0  0 1
    83  0.7948073175934241E-05   3   0 1  0 1  0 0  0 1
    84  0.6165620526952053E-01   3   0 0  1 1  0 0  0 1
    85  0.6259050255345494E-02   3   0 0  0 2  0 0  0 1
    86  -.7116123386922364E-10   3   1 0  0 0  0 2  0 0
    87  -.2271404115395100E-05   3   0 1  0 0  0 2  0 0
    88  -.1043847985735700E-10   3   0 0  1 0  0 2  0 0
    89  0.1378503127551714E-05   3   0 0  0 1  0 2  0 0
    90  -.9126258826466721E-10   3   1 0  0 0  0 1  1 0
    91  -.1517638150539446E-05   3   0 1  0 0  0 1  1 0
    92  -.1326989453962985E-10   3   0 0  1 0  0 1  1 0
    93  0.9210340808523706E-06   3   0 0  0 1  0 1  1 0
    94  -.7077119414074524E-10   3   1 0  0 0  0 0  2 0
    95  -.2261284475635716E-05   3   0 1  0 0  0 0  2 0
    96  -.1038147135584134E-10   3   0 0  1 0  0 0  2 0
    97  0.1372361592764491E-05   3   0 0  0 1  0 0  2 0
    98  0.1024616941062284E-09   3   1 0  0 0  0 1  0 1
    99  0.3030212438995793E-05   3   0 1  0 0  0 1  0 1
   100  0.1425342747862684E-10   3   0 0  1 0  0 1  0 1
   101  -.1839024184985845E-05   3   0 0  0 1  0 1  0 1
   102  0.1021195164772046E-09   3   1 0  0 0  0 0  1 1
   103  0.3020092835190643E-05   3   0 1  0 0  0 0  1 1
   104  0.1420582706994206E-10   3   0 0  1 0  0 0  1 1
   105  -.1832882636657298E-05   3   0 0  0 1  0 0  1 1
   106  -.3020361086045866E-08   3   0 0  0 0  0 3  0 0
   107  0.1766156887067380E-08   3   0 0  0 0  0 2  1 0
   108  0.1742230051048688E-08   3   0 0  0 0  0 1  2 0
   109  -.3008170340223303E-08   3   0 0  0 0  0 0  3 0
   110  0.6737549185701189E-09   3   0 0  0 0  0 2  0 1
   111  0.6312315686510287E-09   3   0 0  0 0  0 1  1 1
   112  0.6704508500869283E-09   3   0 0  0 0  0 0  2 1
   113  0.5433638908103814E-02   4   4 0  0 0  0 0  0 0
   114  0.3651599171268295E-02   4   3 1  0 0  0 0  0 0
   115  0.1787668024469633       4   2 2  0 0  0 0  0 0
   116  0.1551685315850642E-01   4   1 3  0 0  0 0  0 0
   117  -.1561027321519020E-02   4   0 4  0 0  0 0  0 0
   118  -.4428601289713055E-05   4   3 0  1 0  0 0  0 0
   119  0.1063470810293315E-05   4   2 1  1 0  0 0  0 0
   120  -.7508031251990772E-04   4   1 2  1 0  0 0  0 0
   121  0.9771177077685701E-05   4   0 3  1 0  0 0  0 0
   122  0.1159277308716769E-01   4   2 0  2 0  0 0  0 0
   123  0.3752292035615808E-02   4   1 1  2 0  0 0  0 0
   124  0.5959482877408161E-01   4   0 2  2 0  0 0  0 0
   125  -.1420375649606624E-04   4   1 0  3 0  0 0  0 0
   126  -.1226879713802491E-05   4   0 1  3 0  0 0  0 0
   127  -.9271982785783169E-02   4   0 0  4 0  0 0  0 0
   128  -.5152027255720793E-06   4   3 0  0 1  0 0  0 0
   129  -.2257536449718642E-03   4   2 1  0 1  0 0  0 0
   130  -.4889253140546680E-04   4   1 2  0 1  0 0  0 0
   131  0.1354239560614070E-09   4   0 3  0 1  0 0  0 0
   132  0.4901089716589506E-02   4   2 0  1 1  0 0  0 0
   133  -.2355632866961072       4   1 1  1 1  0 0  0 0
   134  0.1554564202821323E-01   4   0 2  1 1  0 0  0 0
   135  -.5520160629926654E-05   4   1 0  2 1  0 0  0 0
   136  -.7615273332945659E-04   4   0 1  2 1  0 0  0 0
   137  -.6508344121651230E-02   4   0 0  3 1  0 0  0 0
   138  -.1773781965373661       4   2 0  0 2  0 0  0 0
   139  -.1077383977565934       4   1 1  0 2  0 0  0 0
   140  -.9377272788102050E-02   4   0 2  0 2  0 0  0 0
   141  0.7404322658493950E-04   4   1 0  1 2  0 0  0 0
   142  0.9547167286854940E-05   4   0 1  1 2  0 0  0 0
   143  -.6097827493297141E-01   4   0 0  2 2  0 0  0 0
   144  0.2922888756332744E-04   4   1 0  0 3  0 0  0 0
   145  0.7920528730540319E-05   4   0 1  0 3  0 0  0 0
   146  0.1521457079230213E-01   4   0 0  1 3  0 0  0 0
   147  0.4686818680364476E-02   4   0 0  0 4  0 0  0 0
   148  -.3094585591554730E-02   4   3 0  0 0  0 1  0 0
   149  -.1694411570186880E-02   4   2 1  0 0  0 1  0 0
   150  -.2664736970894533E-03   4   1 2  0 0  0 1  0 0
   151  -.2804462395937277E-04   4   0 3  0 0  0 1  0 0
   152  0.4381718350596852E-06   4   2 0  1 0  0 1  0 0
   153  0.2135907700371076E-04   4   1 1  1 0  0 1  0 0
   154  0.1805136916140332E-04   4   0 2  1 0  0 1  0 0
   155  -.3094567805583624E-02   4   1 0  2 0  0 1  0 0
   156  0.7790135096128564E-03   4   0 1  2 0  0 1  0 0
   157  -.5883164067763398E-06   4   0 0  3 0  0 1  0 0
   158  -.3205795443552211E-04   4   2 0  0 1  0 1  0 0
   159  -.1947172480037345E-04   4   1 1  0 1  0 1  0 0
   160  -.2110164517671089E-08   4   0 2  0 1  0 1  0 0
   161  -.2883828251994845E-02   4   1 0  1 1  0 1  0 0
   162  -.1999686900716613E-03   4   0 1  1 1  0 1  0 0
   163  -.5366947876255737E-04   4   0 0  2 1  0 1  0 0
   164  -.2158915400885039E-03   4   1 0  0 2  0 1  0 0
   165  -.4320868981135814E-04   4   0 1  0 2  0 1  0 0
   166  -.1420106323768481E-05   4   0 0  1 2  0 1  0 0
   167  0.3383961557374145E-05   4   0 0  0 3  0 1  0 0
   168  -.3084251009158719E-02   4   3 0  0 0  0 0  1 0
   169  -.1688752965676767E-02   4   2 1  0 0  0 0  1 0
   170  -.2655837897665726E-03   4   1 2  0 0  0 0  1 0
   171  -.2795096700058847E-04   4   0 3  0 0  0 0  1 0
   172  0.4367085299421578E-06   4   2 0  1 0  0 0  1 0
   173  0.2128774689030427E-04   4   1 1  1 0  0 0  1 0
   174  0.1799108536687447E-04   4   0 2  1 0  0 0  1 0
   175  -.3084233282584982E-02   4   1 0  2 0  0 0  1 0
   176  0.7764119401736073E-03   4   0 1  2 0  0 0  1 0
   177  -.5863516834877058E-06   4   0 0  3 0  0 0  1 0
   178  -.3195089468171985E-04   4   2 0  0 1  0 0  1 0
   179  -.1940669763005218E-04   4   1 1  0 1  0 0  1 0
   180  -.2103117477205954E-08   4   0 2  0 1  0 0  1 0
   181  -.2874197508296551E-02   4   1 0  1 1  0 0  1 0
   182  -.1993008808150080E-03   4   0 1  1 1  0 0  1 0
   183  -.5349024583007012E-04   4   0 0  2 1  0 0  1 0
   184  -.2151705553740104E-03   4   1 0  0 2  0 0  1 0
   185  -.4306439140655507E-04   4   0 1  0 2  0 0  1 0
   186  -.1415363780581502E-05   4   0 0  1 2  0 0  1 0
   187  0.3372660583946898E-05   4   0 0  0 3  0 0  1 0
   188  0.1236018742180914E-01   4   3 0  0 0  0 0  0 1
   189  0.3506676851944360E-02   4   2 1  0 0  0 0  0 1
   190  0.3760788261343096E-03   4   1 2  0 0  0 0  0 1
   191  0.2691936037092389E-04   4   0 3  0 0  0 0  0 1
   192  0.6675965454959850E-08   4   2 0  1 0  0 0  0 1
   193  -.8504673963587833E-04   4   1 1  1 0  0 0  0 1
   194  -.1661884515259037E-04   4   0 2  1 0  0 0  0 1
   195  0.1236018634537955E-01   4   1 0  2 0  0 0  0 1
   196  -.1514250217710931E-02   4   0 1  2 0  0 0  0 1
   197  0.5140236690792652E-08   4   0 0  3 0  0 0  0 1
   198  0.1565187513623036E-06   4   2 0  0 1  0 0  0 1
   199  0.5435912708846472E-07   4   1 1  0 1  0 0  0 1
   200  -.1122421395834500E-05   4   0 2  0 1  0 0  0 1
   201  0.5676645897752574E-02   4   1 0  1 1  0 0  0 1
   202  0.2591340595915540E-03   4   0 1  1 1  0 0  0 1
   203  0.8520862042299353E-04   4   0 0  2 1  0 0  0 1
   204  0.2448087879723115E-03   4   1 0  0 2  0 0  0 1
   205  0.3557218064661327E-04   4   0 1  0 2  0 0  0 1
   206  0.5522096814302328E-05   4   0 0  1 2  0 0  0 1
   207  -.1127899401453875E-05   4   0 0  0 3  0 0  0 1
   208  -.4060472214039694E-06   4   2 0  0 0  0 2  0 0
   209  -.2314696594433022E-01   4   1 1  0 0  0 2  0 0
   210  -.6269528522989523E-02   4   0 2  0 0  0 2  0 0
   211  -.3011246932319098E-06   4   1 0  1 0  0 2  0 0
   212  0.1464671358307815E-04   4   0 1  1 0  0 2  0 0
   213  0.1727444941959149E-06   4   0 0  2 0  0 2  0 0
   214  0.1464238779146332E-04   4   1 0  0 1  0 2  0 0
   215  0.7941349543016804E-05   4   0 1  0 1  0 2  0 0
   216  0.2314680613298645E-01   4   0 0  1 1  0 2  0 0
   217  0.6269523802601771E-02   4   0 0  0 2  0 2  0 0
   218  -.4712245112153914E-06   4   2 0  0 0  0 1  1 0
   219  -.1546560283741474E-01   4   1 1  0 0  0 1  1 0
   220  -.6269488274515834E-02   4   0 2  0 0  0 1  1 0
   221  -.3755691440340863E-06   4   1 0  1 0  0 1  1 0
   222  0.9775345465354847E-05   4   0 1  1 0  0 1  1 0
   223  0.2122120592979540E-06   4   0 0  2 0  0 1  1 0
   224  0.9745173531826642E-05   4   1 0  0 1  0 1  1 0
   225  0.7935633405125402E-05   4   0 1  0 1  0 1  1 0
   226  0.1546538371771738E-01   4   0 0  1 1  0 1  1 0
   227  0.6269465483986396E-02   4   0 0  0 2  0 1  1 0
   228  -.4039043552742329E-06   4   2 0  0 0  0 0  2 0
   229  -.2304384082766048E-01   4   1 1  0 0  0 0  2 0
   230  -.6238122304675141E-02   4   0 2  0 0  0 0  2 0
   231  -.2994919469606704E-06   4   1 0  1 0  0 0  2 0
   232  0.1458147715029671E-04   4   0 1  1 0  0 0  2 0
   233  0.1718132536214149E-06   4   0 0  2 0  0 0  2 0
   234  0.1457721618559020E-04   4   1 0  0 1  0 0  2 0
   235  0.7901578059505041E-05   4   0 1  0 1  0 0  2 0
   236  0.2304368191590037E-01   4   0 0  1 1  0 0  2 0
   237  0.6238117638107377E-02   4   0 0  0 2  0 0  2 0
   238  0.6494733718368933E-06   4   2 0  0 0  0 1  0 1
   239  0.3087969777742383E-01   4   1 1  0 0  0 1  0 1
   240  0.6269516308672042E-02   4   0 2  0 0  0 1  0 1
   241  0.4815763842381759E-06   4   1 0  1 0  0 1  0 1
   242  -.1954316340970009E-04   4   0 1  1 0  0 1  0 1
   243  -.2762755770136993E-06   4   0 0  2 0  0 1  0 1
   244  -.1953892592779730E-04   4   1 0  0 1  0 1  0 1
   245  -.7941837793484755E-05   4   0 1  0 1  0 1  0 1
   246  -.3087951505840892E-01   4   0 0  1 1  0 1  0 1
   247  -.6269499650370393E-02   4   0 0  0 2  0 1  0 1
   248  0.6473044106522925E-06   4   2 0  0 0  0 0  1 1
   249  0.3077657289314072E-01   4   1 1  0 0  0 0  1 1
   250  0.6248578825782353E-02   4   0 2  0 0  0 0  1 1
   251  0.4799681266297120E-06   4   1 0  1 0  0 0  1 1
   252  -.1947789766520742E-04   4   0 1  1 0  0 0  1 1
   253  -.2753529356272977E-06   4   0 0  2 0  0 0  1 1
   254  -.1947367433466821E-04   4   1 0  0 1  0 0  1 1
   255  -.7915315477451674E-05   4   0 1  0 1  0 0  1 1
   256  -.3077639078432836E-01   4   0 0  1 1  0 0  1 1
   257  -.6248562223112489E-02   4   0 0  0 2  0 0  1 1
   258  0.3679151120548697E-12   4   2 0  0 0  0 0  0 2
   259  0.1204098096626001E-12   4   1 1  0 0  0 0  0 2
   260  0.1070435817250773E-13   4   0 2  0 0  0 0  0 2
   261  0.3086824854234969E-12   4   1 0  1 0  0 0  0 2
   262  0.3798113245411990E-13   4   0 1  1 0  0 0  0 2
   263  0.2126115342610487E-12   4   0 0  2 0  0 0  0 2
   264  0.4227823995008017E-13   4   1 0  0 1  0 0  0 2
   265  0.8147529940518414E-14   4   0 1  0 1  0 0  0 2
   266  0.8002960420322517E-13   4   0 0  1 1  0 0  0 2
   267  0.6605103921678292E-14   4   0 0  0 2  0 0  0 2
   268  -.6662853960797197E-05   4   1 0  0 0  0 3  0 0
   269  -.2978984272450015E-05   4   0 1  0 0  0 3  0 0
   270  0.3471399972176009E-05   4   0 0  1 0  0 3  0 0
   271  0.1552073824223198E-05   4   0 0  0 1  0 3  0 0
   272  -.4000466762087389E-05   4   1 0  0 0  0 2  1 0
   273  -.3519556094762609E-05   4   0 1  0 0  0 2  1 0
   274  0.2084235905851800E-05   4   0 0  1 0  0 2  1 0
   275  0.1833704541120337E-05   4   0 0  0 1  0 2  1 0
   276  -.4013692137658416E-05   4   1 0  0 0  0 1  2 0
   277  -.3516798343580217E-05   4   0 1  0 0  0 1  2 0
   278  0.2091126627892601E-05   4   0 0  1 0  0 1  2 0
   279  0.1832267788496050E-05   4   0 0  0 1  0 1  2 0
   280  -.6622819883616670E-05   4   1 0  0 0  0 0  3 0
   281  -.2958204268244719E-05   4   0 1  0 0  0 0  3 0
   282  0.3450541964300270E-05   4   0 0  1 0  0 0  3 0
   283  0.1541247300364357E-05   4   0 0  0 1  0 0  3 0
   284  0.7996323178916846E-05   4   1 0  0 0  0 2  0 1
   285  0.2708248260147931E-05   4   0 1  0 0  0 2  0 1
   286  -.4166148680356572E-05   4   0 0  1 0  0 2  0 1
   287  -.1411018325197191E-05   4   0 0  0 1  0 2  0 1
   288  0.5342783934524481E-05   4   1 0  0 0  0 1  1 1
   289  0.3246994472691869E-05   4   0 1  0 0  0 1  1 1
   290  -.2783574522697089E-05   4   0 0  1 0  0 1  1 1
   291  -.1691697224210265E-05   4   0 0  0 1  0 1  1 1
   292  0.7960697607131721E-05   4   1 0  0 0  0 0  2 1
   293  0.2693782096771278E-05   4   0 1  0 0  0 0  2 1
   294  -.4147587569286820E-05   4   0 0  1 0  0 0  2 1
   295  -.1403481362130845E-05   4   0 0  0 1  0 0  2 1
   296  0.1519515224430541E-08   4   0 0  0 0  0 4  0 0
   297  -.1763595995696419E-08   4   0 0  0 0  0 3  1 0
   298  -.1158624336889997E-08   4   0 0  0 0  0 2  2 0
   299  -.1743712046752833E-08   4   0 0  0 0  0 1  3 0
   300  0.1512306424786629E-08   4   0 0  0 0  0 0  4 0
   301  -.4168138196051974E-10   4   0 0  0 0  0 3  0 1
   302  0.5883475323630136E-09   4   0 0  0 0  0 2  1 1
   303  0.5851921915859370E-09   4   0 0  0 0  0 1  2 1
   304  -.4245171740994424E-10   4   0 0  0 0  0 0  3 1
   ----------------------------------------------------
     I  COEFFICIENT            ORDER EXPONENTS
     1  0.4673410943114816E-04   0   0 0  0 0  0 0  0 0
     2  0.1988806538605049E-05   1   1 0  0 0  0 0  0 0
     3  0.1468754859454939E-06   1   0 1  0 0  0 0  0 0
     4   1.000002939104454       1   0 0  1 0  0 0  0 0
     5  0.2600002225559643       1   0 0  0 1  0 0  0 0
     6  -.5694402991294413E-10   1   0 0  0 0  0 1  0 0
     7  -.5675386136573838E-10   1   0 0  0 0  0 0  1 0
     8  0.1136979050883084E-09   1   0 0  0 0  0 0  0 1
     9  0.1952973192478588E-04   2   2 0  0 0  0 0  0 0
    10  0.2227125742082962E-05   2   1 1  0 0  0 0  0 0
    11  0.1447701853188426E-06   2   0 2  0 0  0 0  0 0
    12  0.6165273169913352E-01   2   1 0  1 0  0 0  0 0
    13  0.3512481126142375E-02   2   0 1  1 0  0 0  0 0
    14  -.1950847007121648E-04   2   0 0  2 0  0 0  0 0
    15  0.3512445230951228E-02   2   1 0  0 1  0 0  0 0
    16  0.4567055962134177E-03   2   0 1  0 1  0 0  0 0
    17  -.2152171161967551E-05   2   0 0  1 1  0 0  0 0
    18  -.1255824467469861E-06   2   0 0  0 2  0 0  0 0
    19  -.1027187138289764E-05   2   1 0  0 0  0 1  0 0
    20  -.1552121284448327E-06   2   0 1  0 0  0 1  0 0
    21  -.1472008431049730E-05   2   0 0  1 0  0 1  0 0
    22  -.1302176747846548       2   0 0  0 1  0 1  0 0
    23  -.1023756775870536E-05   2   1 0  0 0  0 0  1 0
    24  -.1546937868177930E-06   2   0 1  0 0  0 0  1 0
    25  -.1467092557089570E-05   2   0 0  1 0  0 0  1 0
    26  -.1297828038626438       2   0 0  0 1  0 0  1 0
    27  0.2050945827701260E-05   2   1 0  0 0  0 0  0 1
    28  0.1630314298181362E-06   2   0 1  0 0  0 0  0 1
    29  0.2939103685700352E-05   2   0 0  1 0  0 0  0 1
    30  0.2560924238513251E-06   2   0 0  0 1  0 0  0 1
    31  0.3602203159284144E-10   2   0 0  0 0  0 2  0 0
    32  0.2053169409595608E-10   2   0 0  0 0  0 1  1 0
    33  0.3586745008464260E-10   2   0 0  0 0  0 0  2 0
    34  -.5694403681685279E-10   2   0 0  0 0  0 1  0 1
    35  -.5675386827146400E-10   2   0 0  0 0  0 0  1 1
    36  0.2117883860915541E-04   3   3 0  0 0  0 0  0 0
    37  0.5454255631117805E-05   3   2 1  0 0  0 0  0 0
    38  0.4104564438659991E-05   3   1 2  0 0  0 0  0 0
    39  0.4328529932734559E-06   3   0 3  0 0  0 0  0 0
    40  0.1460694291392994E-03   3   2 0  1 0  0 0  0 0
    41  0.4903362924612937E-04   3   1 1  1 0  0 0  0 0
    42  -.5845073571600987E-06   3   0 2  1 0  0 0  0 0
    43  -.6394299059586059E-04   3   1 0  2 0  0 0  0 0
    44  0.1648881210599417E-04   3   0 1  2 0  0 0  0 0
    45  0.3105705244192108E-03   3   0 0  3 0  0 0  0 0
    46  0.1320824850056398E-06   3   2 0  0 1  0 0  0 0
    47  0.6031170335921796E-05   3   1 1  0 1  0 0  0 0
    48  0.1300008480925131       3   0 2  0 1  0 0  0 0
    49  0.1096404379877582E-04   3   1 0  1 1  0 0  0 0
    50  0.4830452432232367E-05   3   0 1  1 1  0 0  0 0
    51  0.1484380100946575E-04   3   0 0  2 1  0 0  0 0
    52  0.3654986079933073E-05   3   1 0  0 2  0 0  0 0
    53  0.9191671590410570E-06   3   0 1  0 2  0 0  0 0
    54  0.4972349831654836E-05   3   0 0  1 2  0 0  0 0
    55  0.1300005746735041       3   0 0  0 3  0 0  0 0
    56  -.9777836657843363E-05   3   2 0  0 0  0 1  0 0
    57  -.2225437775283611E-05   3   1 1  0 0  0 1  0 0
    58  -.2160047771422727E-06   3   0 2  0 0  0 1  0 0
    59  -.3087791614082813E-01   3   1 0  1 0  0 1  0 0
    60  -.3518345185777902E-02   3   0 1  1 0  0 1  0 0
    61  0.9768405867911948E-05   3   0 0  2 0  0 1  0 0
    62  -.3518331115570454E-02   3   1 0  0 1  0 1  0 0
    63  -.6862059124930222E-03   3   0 1  0 1  0 1  0 0
    64  0.2200611196233253E-05   3   0 0  1 1  0 1  0 0
    65  0.2000692322718944E-06   3   0 0  0 2  0 1  0 0
    66  -.9745182896749026E-05   3   2 0  0 0  0 0  1 0
    67  -.2218005772071982E-05   3   1 1  0 0  0 0  1 0
    68  -.2152834142645224E-06   3   0 2  0 0  0 0  1 0
    69  -.3077479720644249E-01   3   1 0  1 0  0 0  1 0
    70  -.3506595428938907E-02   3   0 1  1 0  0 0  1 0
    71  0.9735783601592224E-05   3   0 0  2 0  0 0  1 0
    72  -.3506581405719889E-02   3   1 0  0 1  0 0  1 0
    73  -.6839142804359311E-03   3   0 1  0 1  0 0  1 0
    74  0.2193262103097839E-05   3   0 0  1 1  0 0  1 0
    75  0.1994010872473489E-06   3   0 0  0 2  0 0  1 0
    76  0.1952764220243338E-04   3   2 0  0 0  0 0  0 1
    77  0.2224719977848209E-05   3   1 1  0 0  0 0  0 1
    78  0.1439892863005369E-06   3   0 2  0 0  0 0  0 1
    79  0.6165274192955550E-01   3   1 0  1 0  0 0  0 1
    80  0.3512473515319536E-02   3   0 1  1 0  0 0  0 1
    81  -.1949503574009769E-04   3   0 0  2 0  0 0  0 1
    82  0.3512477979533480E-02   3   1 0  0 1  0 0  0 1
    83  0.4567139765031831E-03   3   0 1  0 1  0 0  0 1
    84  -.2230447951330173E-05   3   0 0  1 1  0 0  0 1
    85  -.1455460284606849E-06   3   0 0  0 2  0 0  0 1
    86  0.7699640927244674E-06   3   1 0  0 0  0 2  0 0
    87  0.1268933709650669E-06   3   0 1  0 0  0 2  0 0
    88  0.1103396773483531E-05   3   0 0  1 0  0 2  0 0
    89  0.9760918137269281E-01   3   0 0  0 1  0 2  0 0
    90  0.5144481092497916E-06   3   1 0  0 0  0 1  1 0
    91  0.1228687763832345E-06   3   0 1  0 0  0 1  1 0
    92  0.7372306407355116E-06   3   0 0  1 0  0 1  1 0
    93  0.6521707429400024E-01   3   0 0  0 1  0 1  1 0
    94  0.7665337270240078E-06   3   1 0  0 0  0 0  2 0
    95  0.1262644375117761E-06   3   0 1  0 0  0 0  2 0
    96  0.1098480887390879E-05   3   0 0  1 0  0 0  2 0
    97  0.9717431030462627E-01   3   0 0  0 1  0 0  2 0
    98  -.1027187530253625E-05   3   1 0  0 0  0 1  0 1
    99  -.1633043878814485E-06   3   0 1  0 0  0 1  0 1
   100  -.1472010292696614E-05   3   0 0  1 0  0 1  0 1
   101  -.2565210548655725E-06   3   0 0  0 1  0 1  0 1
   102  -.1023757166525406E-05   3   1 0  0 0  0 0  1 1
   103  -.1627590215949112E-06   3   0 1  0 0  0 0  1 1
   104  -.1467094412619331E-05   3   0 0  1 0  0 0  1 1
   105  -.2556643850789755E-06   3   0 0  0 1  0 0  1 1
   106  0.8252769337831293E-10   3   0 0  0 0  0 3  0 0
   107  0.9976560413979433E-10   3   0 0  0 0  0 2  1 0
   108  0.9967787276925801E-10   3   0 0  0 0  0 1  2 0
   109  0.8194825384333438E-10   3   0 0  0 0  0 0  3 0
   110  -.7123457074066557E-10   3   0 0  0 0  0 2  0 1
   111  -.9106095865620287E-10   3   0 0  0 0  0 1  1 1
   112  -.7084462578833593E-10   3   0 0  0 0  0 0  2 1
   113  -.5517578618617585E-06   4   4 0  0 0  0 0  0 0
   114  0.7477203964939021E-04   4   3 1  0 0  0 0  0 0
   115  0.3409384644092476E-04   4   2 2  0 0  0 0  0 0
   116  0.7599577027809372E-05   4   1 3  0 0  0 0  0 0
   117  -.1690521758068512E-04   4   0 4  0 0  0 0  0 0
   118  -.2094011356644796E-02   4   3 0  1 0  0 0  0 0
   119  0.1174001476840173       4   2 1  1 0  0 0  0 0
   120  0.7686901794650272E-01   4   1 2  1 0  0 0  0 0
   121  0.7504769515543299E-02   4   0 3  1 0  0 0  0 0
   122  -.5710218287124180E-05   4   2 0  2 0  0 0  0 0
   123  0.7399553935585386E-04   4   1 1  2 0  0 0  0 0
   124  -.1468158388786424E-04   4   0 2  2 0  0 0  0 0
   125  -.7084546004025967E-03   4   1 0  3 0  0 0  0 0
   126  0.1184961863988621       4   0 1  3 0  0 0  0 0
   127  -.7761848170157605E-06   4   0 0  4 0  0 0  0 0
   128  0.1182248865891847       4   3 0  0 1  0 0  0 0
   129  0.1523299948479142E-01   4   2 1  0 1  0 0  0 0
   130  0.1472697058720130E-01   4   1 2  0 1  0 0  0 0
   131  0.1717469792510365E-02   4   0 3  0 1  0 0  0 0
   132  -.7610513506146329E-04   4   2 0  1 1  0 0  0 0
   133  0.1918860602731823E-04   4   1 1  1 1  0 0  0 0
   134  -.7833999004709366E-06   4   0 2  1 1  0 0  0 0
   135  0.1182190329339663       4   1 0  2 1  0 0  0 0
   136  0.4620004821272343E-01   4   0 1  2 1  0 0  0 0
   137  -.7539904150533186E-04   4   0 0  3 1  0 0  0 0
   138  0.2442399288661595E-04   4   2 0  0 2  0 0  0 0
   139  0.4116504568081014E-05   4   1 1  0 2  0 0  0 0
   140  -.1049328837477152E-03   4   0 2  0 2  0 0  0 0
   141  0.1078366955724679       4   1 0  1 2  0 0  0 0
   142  0.2002975426887195E-01   4   0 1  1 2  0 0  0 0
   143  -.4402160375354631E-04   4   0 0  2 2  0 0  0 0
   144  0.9272358562196220E-02   4   1 0  0 3  0 0  0 0
   145  0.2177200942130073E-02   4   0 1  0 3  0 0  0 0
   146  -.8706997145739840E-05   4   0 0  1 3  0 0  0 0
   147  -.8831653068939015E-04   4   0 0  0 4  0 0  0 0
   148  0.1068299323094994E-04   4   3 0  0 0  0 1  0 0
   149  0.1396734104659886E-05   4   2 1  0 0  0 1  0 0
   150  0.1811016279841235E-05   4   1 2  0 0  0 1  0 0
   151  0.2987942443364265E-06   4   0 3  0 0  0 1  0 0
   152  -.1676592514292828E-03   4   2 0  1 0  0 1  0 0
   153  0.2130684057670136E-04   4   1 1  1 0  0 1  0 0
   154  0.2188659115130672E-04   4   0 2  1 0  0 1  0 0
   155  0.5331566832218580E-04   4   1 0  2 0  0 1  0 0
   156  0.4137482782924194E-05   4   0 1  2 0  0 1  0 0
   157  -.2495889397916577E-03   4   0 0  3 0  0 1  0 0
   158  0.3061488523656554E-04   4   2 0  0 1  0 1  0 0
   159  0.1200139290895166E-04   4   1 1  0 1  0 1  0 0
   160  -.1953221420827673       4   0 2  0 1  0 1  0 0
   161  0.5272410757935971E-04   4   1 0  1 1  0 1  0 0
   162  0.1036134128053359E-04   4   0 1  1 1  0 1  0 0
   163  0.9286328259459713E-05   4   0 0  2 1  0 1  0 0
   164  0.8256986282179222E-05   4   1 0  0 2  0 1  0 0
   165  0.2163822205752761E-05   4   0 1  0 2  0 1  0 0
   166  0.1249572483280727E-04   4   0 0  1 2  0 1  0 0
   167  -.1953246931268334       4   0 0  0 3  0 1  0 0
   168  0.1064731663694026E-04   4   3 0  0 0  0 0  1 0
   169  0.1392069614613430E-05   4   2 1  0 0  0 0  1 0
   170  0.1804968265847209E-05   4   1 2  0 0  0 0  1 0
   171  0.2977964003129461E-06   4   0 3  0 0  0 0  1 0
   172  -.1670993417749492E-03   4   2 0  1 0  0 0  1 0
   173  0.2123568491067436E-04   4   1 1  1 0  0 0  1 0
   174  0.2181349936811592E-04   4   0 2  1 0  0 0  1 0
   175  0.5313761696410992E-04   4   1 0  2 0  0 0  1 0
   176  0.4123665373201725E-05   4   0 1  2 0  0 0  1 0
   177  -.2487554202822024E-03   4   0 0  3 0  0 0  1 0
   178  0.3051264471200672E-04   4   2 0  0 1  0 0  1 0
   179  0.1196131342844983E-04   4   1 1  0 1  0 0  1 0
   180  -.1946698502939825       4   0 2  0 1  0 0  1 0
   181  0.5254803177925704E-04   4   1 0  1 1  0 0  1 0
   182  0.1032673886543581E-04   4   0 1  1 1  0 0  1 0
   183  0.9255315924779366E-05   4   0 0  2 1  0 0  1 0
   184  0.8229411505993947E-05   4   1 0  0 2  0 0  1 0
   185  0.2156595971992593E-05   4   0 1  0 2  0 0  1 0
   186  0.1245399449649571E-04   4   0 0  1 2  0 0  1 0
   187  -.1946723928186605       4   0 0  0 3  0 0  1 0
   188  -.5148710080518417E-07   4   3 0  0 0  0 0  0 1
   189  -.1342058584579547E-07   4   2 1  0 0  0 0  0 1
   190  -.3202182318212716E-06   4   1 2  0 0  0 0  0 1
   191  -.4145801247355145E-07   4   0 3  0 0  0 0  0 1
   192  0.3753157605924587E-03   4   2 0  1 0  0 0  0 1
   193  0.2126633076388753E-04   4   1 1  1 0  0 0  0 1
   194  -.1488621471796390E-04   4   0 2  1 0  0 0  0 1
   195  -.8517480906877009E-04   4   1 0  2 0  0 0  0 1
   196  0.1696000117020154E-07   4   0 1  2 0  0 0  0 1
   197  0.5392806646939427E-03   4   0 0  3 0  0 0  0 1
   198  -.4078313083204945E-04   4   2 0  0 1  0 0  0 1
   199  -.3777633918472587E-05   4   1 1  0 1  0 0  0 1
   200  -.1633236569510324E-05   4   0 2  0 1  0 0  0 1
   201  -.3324712125428393E-04   4   1 0  1 1  0 0  0 1
   202  -.4495755073954057E-05   4   0 1  1 1  0 0  0 1
   203  0.1820018856376464E-05   4   0 0  2 1  0 0  0 1
   204  -.3828109595966916E-05   4   1 0  0 2  0 0  0 1
   205  -.7077793673674777E-06   4   0 1  0 2  0 0  0 1
   206  -.8107239753958703E-05   4   0 0  1 2  0 0  0 1
   207  -.6657967996365688E-06   4   0 0  0 3  0 0  0 1
   208  0.7333583873741758E-05   4   2 0  0 0  0 2  0 0
   209  0.2226117834196132E-05   4   1 1  0 0  0 2  0 0
   210  -.4363560824021295E-04   4   0 2  0 0  0 2  0 0
   211  0.2314559295374615E-01   4   1 0  1 0  0 2  0 0
   212  0.3518365662033954E-02   4   0 1  1 0  0 2  0 0
   213  -.7335020878105639E-05   4   0 0  2 0  0 2  0 0
   214  0.3518349865574442E-02   4   1 0  0 1  0 2  0 0
   215  0.6892442293740559E-03   4   0 1  0 1  0 2  0 0
   216  -.2204045638695360E-05   4   0 0  1 1  0 2  0 0
   217  -.1319737012538782E-03   4   0 0  0 2  0 2  0 0
   218  0.4904817803323353E-05   4   2 0  0 0  0 1  1 0
   219  0.2228302964046473E-05   4   1 1  0 0  0 1  1 0
   220  -.5231524866447754E-04   4   0 2  0 0  0 1  1 0
   221  0.1546460215051516E-01   4   1 0  1 0  0 1  1 0
   222  0.3518342087954145E-02   4   0 1  1 0  0 1  1 0
   223  -.4897601422999546E-05   4   0 0  2 0  0 1  1 0
   224  0.3518327944363940E-02   4   1 0  0 1  0 1  1 0
   225  0.8263537373831304E-03   4   0 1  0 1  0 1  1 0
   226  -.2209254696011424E-05   4   0 0  1 1  0 1  1 0
   227  -.1582294213302949E-03   4   0 0  0 2  0 1  1 0
   228  0.7300902874729488E-05   4   2 0  0 0  0 0  2 0
   229  0.2214962774027124E-05   4   1 1  0 0  0 0  2 0
   230  -.4340252891776772E-04   4   0 2  0 0  0 0  2 0
   231  0.2304247409320442E-01   4   1 0  1 0  0 0  2 0
   232  0.3500740963566243E-02   4   0 1  1 0  0 0  2 0
   233  -.7302347129918134E-05   4   0 0  2 0  0 0  2 0
   234  0.3500725243476846E-02   4   1 0  0 1  0 0  2 0
   235  0.6855626179485540E-03   4   0 1  0 1  0 0  2 0
   236  -.2192996096651893E-05   4   0 0  1 1  0 0  2 0
   237  -.1312687569176441E-03   4   0 0  0 2  0 0  2 0
   238  -.9783201463006480E-05   4   2 0  0 0  0 1  0 1
   239  -.2226307832110674E-05   4   1 1  0 0  0 1  0 1
   240  -.2168301157417050E-06   4   0 2  0 0  0 1  0 1
   241  -.3087789321406489E-01   4   1 0  1 0  0 1  0 1
   242  -.3518355681849919E-02   4   0 1  1 0  0 1  0 1
   243  0.9784696408944932E-05   4   0 0  2 0  0 1  0 1
   244  -.3518354483835674E-02   4   1 0  0 1  0 1  0 1
   245  -.6862173995340571E-03   4   0 1  0 1  0 1  0 1
   246  0.2231355306078489E-05   4   0 0  1 1  0 1  0 1
   247  0.2179178584129240E-06   4   0 0  0 2  0 1  0 1
   248  -.9750529785774629E-05   4   2 0  0 0  0 0  1 1
   249  -.2218872923284219E-05   4   1 1  0 0  0 0  1 1
   250  -.2161059965886712E-06   4   0 2  0 0  0 0  1 1
   251  -.3077477435624475E-01   4   1 0  1 0  0 0  1 1
   252  -.3506605889958566E-02   4   0 1  1 0  0 0  1 1
   253  0.9752019739237831E-05   4   0 0  2 0  0 0  1 1
   254  -.3506604695945173E-02   4   1 0  0 1  0 0  1 1
   255  -.6839257291152612E-03   4   0 1  0 1  0 0  1 1
   256  0.2223903540863980E-05   4   0 0  1 1  0 0  1 1
   257  0.2171901066681099E-06   4   0 0  0 2  0 0  1 1
   258  0.3430482913727035E-13   4   2 0  0 0  0 0  0 2
   259  0.5964732043059269E-14   4   1 1  0 0  0 0  0 2
   260  0.3659680845071257E-15   4   0 2  0 0  0 0  0 2
   261  -.2769044827674159E-13   4   1 0  1 0  0 0  0 2
   262  -.3937969617596601E-14   4   0 1  1 0  0 0  0 2
   263  -.6283696023088479E-13   4   0 0  2 0  0 0  0 2
   264  0.2191084091286928E-15   4   1 0  0 1  0 0  0 2
   265  -.2239148780093969E-15   4   0 1  0 1  0 0  0 2
   266  -.1331075809469351E-13   4   0 0  1 1  0 0  0 2
   267  -.7680328261901967E-15   4   0 0  0 2  0 0  0 2
   268  0.4355012856149253E-06   4   1 0  0 0  0 3  0 0
   269  0.1079320426985449E-06   4   0 1  0 0  0 3  0 0
   270  0.8358833785232476E-06   4   0 0  1 0  0 3  0 0
   271  -.8133146784764790E-01   4   0 0  0 1  0 3  0 0
   272  0.5145261418873623E-06   4   1 0  0 0  0 2  1 0
   273  0.1310423133062886E-06   4   0 1  0 0  0 2  1 0
   274  0.9875617974069984E-06   4   0 0  1 0  0 2  1 0
   275  -.4883169037471152E-01   4   0 0  0 1  0 2  1 0
   276  0.5141229928994481E-06   4   1 0  0 0  0 1  2 0
   277  0.1309247401841622E-06   4   0 1  0 0  0 1  2 0
   278  0.9867880030053927E-06   4   0 0  1 0  0 1  2 0
   279  -.4899313265241285E-01   4   0 0  0 1  0 1  2 0
   280  0.4324634351587928E-06   4   1 0  0 0  0 0  3 0
   281  0.1071732932472930E-06   4   0 1  0 0  0 0  3 0
   282  0.8300526502190380E-06   4   0 0  1 0  0 0  3 0
   283  -.8084278517901589E-01   4   0 0  0 1  0 0  3 0
   284  -.3959221495329536E-06   4   1 0  0 0  0 2  0 1
   285  -.7210001621971977E-07   4   0 1  0 0  0 2  0 1
   286  -.7599167546584662E-06   4   0 0  1 0  0 2  0 1
   287  -.1383857156018307E-06   4   0 0  0 1  0 2  0 1
   288  -.4746797931701824E-06   4   1 0  0 0  0 1  1 1
   289  -.1028226426702611E-06   4   0 1  0 0  0 1  1 1
   290  -.9110822985372146E-06   4   0 0  1 0  0 1  1 1
   291  -.1973533578348463E-06   4   0 0  0 1  0 1  1 1
   292  -.3938073271766616E-06   4   1 0  0 0  0 0  2 1
   293  -.7168754157418982E-07   4   0 1  0 0  0 0  2 1
   294  -.7558576490092940E-06   4   0 0  1 0  0 0  2 1
   295  -.1375940294381967E-06   4   0 0  0 1  0 0  2 1
   296  -.1279268685077183E-04   4   0 0  0 0  0 4  0 0
   297  -.7312849812511805E-05   4   0 0  0 0  0 3  1 0
   298  -.6587502427131152E-05   4   0 0  0 0  0 2  2 0
   299  -.7351546623388826E-05   4   0 0  0 0  0 1  3 0
   300  -.1269516259908435E-04   4   0 0  0 0  0 0  4 0
   301  0.8465548442105561E-11   4   0 0  0 0  0 3  0 1
   302  -.5121454701493164E-10   4   0 0  0 0  0 2  1 1
   303  -.5091572993241646E-10   4   0 0  0 0  0 1  2 1
   304  0.8508373342217867E-11   4   0 0  0 0  0 0  3 1
   ----------------------------------------------------
     I  COEFFICIENT            ORDER EXPONENTS
     1  0.7485751542568900E-07   0   0 0  0 0  0 0  0 0
     2  0.2201103946133054E-04   1   1 0  0 0  0 0  0 0
     3  0.3609782213651367E-05   1   0 1  0 0  0 0  0 0
     4  0.3457461623349358E-04   1   0 0  1 0  0 0  0 0
     5   1.000006050281734       1   0 0  0 1  0 0  0 0
     6  0.3654778335300286E-07   1   0 0  0 0  0 1  0 0
     7  0.3642572950531627E-07   1   0 0  0 0  0 0  1 0
     8  0.1884003400943574E-08   1   0 0  0 0  0 0  0 1
     9  0.1502270895161458E-03   2   2 0  0 0  0 0  0 0
    10  0.3914342970311012E-04   2   1 1  0 0  0 0  0 0
    11  0.3934111887508374E-05   2   0 2  0 0  0 0  0 0
    12  0.4742655091248345       2   1 0  1 0  0 0  0 0
    13  0.6165612170043598E-01   2   0 1  1 0  0 0  0 0
    14  -.1494652523794748E-03   2   0 0  2 0  0 0  0 0
    15  0.6165597332220158E-01   2   1 0  0 1  0 0  0 0
    16  0.1251808197420851E-01   2   0 1  0 1  0 0  0 0
    17  -.3890297761434817E-04   2   0 0  1 1  0 0  0 0
    18  -.3990525080409563E-05   2   0 0  0 2  0 0  0 0
    19  -.1354536957857666E-10   2   1 0  0 0  0 1  0 0
    20  -.1839032299650556E-05   2   0 1  0 0  0 1  0 0
    21  -.3627661380962079E-10   2   0 0  1 0  0 1  0 0
    22  -.3030202948240116E-05   2   0 0  0 1  0 1  0 0
    23  -.1350013402438718E-10   2   1 0  0 0  0 0  1 0
    24  -.1832890724222469E-05   2   0 1  0 0  0 0  1 0
    25  -.3615546582572535E-10   2   0 0  1 0  0 0  1 0
    26  -.3020083376381083E-05   2   0 0  0 1  0 0  1 0
    27  0.2201106714504359E-04   2   1 0  0 0  0 0  0 1
    28  0.3671926190504027E-05   2   0 1  0 0  0 0  0 1
    29  0.3457469000953929E-04   2   0 0  1 0  0 0  0 1
    30  0.6050287489185834E-05   2   0 0  0 1  0 0  0 1
    31  -.9091203506938951E-08   2   0 0  0 0  0 2  0 0
    32  0.1818239994988959E-07   2   0 0  0 0  0 1  1 0
    33  -.9091203492977666E-08   2   0 0  0 0  0 0  2 0
    34  0.2974243444453153E-14   2   0 0  0 0  0 1  0 1
    35  0.2964310766171819E-14   2   0 0  0 0  0 0  1 1
    36  -.1179600161850658E-05   3   3 0  0 0  0 0  0 0
    37  -.6449057387328487E-04   3   2 1  0 0  0 0  0 0
    38  -.1122470783602717E-04   3   1 2  0 0  0 0  0 0
    39  0.1060384059622809E-05   3   0 3  0 0  0 0  0 0
    40  0.6173986055624595E-02   3   2 0  1 0  0 0  0 0
    41  0.2918131927364350E-02   3   1 1  1 0  0 0  0 0
    42  0.1361823084779823E-03   3   0 2  1 0  0 0  0 0
    43  -.1123032785495723E-05   3   1 0  2 0  0 0  0 0
    44  0.6371299834440312E-04   3   0 1  2 0  0 0  0 0
    45  0.6179614775444352E-02   3   0 0  3 0  0 0  0 0
    46  -.6761731958893325E-03   3   2 0  0 1  0 0  0 0
    47  0.1545261283546467E-03   3   1 1  0 1  0 0  0 0
    48  0.2467618473262205E-04   3   0 2  0 1  0 0  0 0
    49  0.1273167018894800E-03   3   1 0  1 1  0 0  0 0
    50  0.1604504075527057E-06   3   0 1  1 1  0 0  0 0
    51  0.1753046978383998E-02   3   0 0  2 1  0 0  0 0
    52  0.1107705328127144E-04   3   1 0  0 2  0 0  0 0
    53  0.4679376590024477E-06   3   0 1  0 2  0 0  0 0
    54  0.1633723075604500E-03   3   0 0  1 2  0 0  0 0
    55  0.1172613025170276E-04   3   0 0  0 3  0 0  0 0
    56  -.6895272871444566E-08   3   2 0  0 0  0 1  0 0
    57  -.1964155355120544E-04   3   1 1  0 0  0 1  0 0
    58  -.3954769583251746E-05   3   0 2  0 0  0 1  0 0
    59  -.6263129885356102E-06   3   1 0  1 0  0 1  0 0
    60  -.3087967346938987E-01   3   0 1  1 0  0 1  0 0
    61  -.4046340346544715E-06   3   0 0  2 0  0 1  0 0
    62  -.3087954358913136E-01   3   1 0  0 1  0 1  0 0
    63  -.1253901745066810E-01   3   0 1  0 1  0 1  0 0
    64  0.1938278413482404E-04   3   0 0  1 1  0 1  0 0
    65  0.3972288764217430E-05   3   0 0  0 2  0 1  0 0
    66  -.6872245631236787E-08   3   2 0  0 0  0 0  1 0
    67  -.1957595922603725E-04   3   1 1  0 0  0 0  1 0
    68  -.3941562356983447E-05   3   0 2  0 0  0 0  1 0
    69  -.6242213730137346E-06   3   1 0  1 0  0 0  1 0
    70  -.3077654866628513E-01   3   0 1  1 0  0 0  1 0
    71  -.4032827313385163E-06   3   0 0  2 0  0 0  1 0
    72  -.3077641921977073E-01   3   1 0  0 1  0 0  1 0
    73  -.1249714253553900E-01   3   0 1  0 1  0 0  1 0
    74  0.1931805398800086E-04   3   0 0  1 1  0 0  1 0
    75  0.3959023031433571E-05   3   0 0  0 2  0 0  1 0
    76  0.1502334064164233E-03   3   2 0  0 0  0 0  0 1
    77  0.3922189357411475E-04   3   1 1  0 0  0 0  0 1
    78  0.3971639242755008E-05   3   0 2  0 0  0 0  0 1
    79  0.4742667697631324       3   1 0  1 0  0 0  0 1
    80  0.6165624947694976E-01   3   0 1  1 0  0 0  0 1
    81  -.1486794567808552E-03   3   0 0  2 0  0 0  0 1
    82  0.6165596606844781E-01   3   1 0  0 1  0 0  0 1
    83  0.1251809046290514E-01   3   0 1  0 1  0 0  0 1
    84  -.3872688188256286E-04   3   0 0  1 1  0 0  0 1
    85  -.3941629133649201E-05   3   0 0  0 2  0 0  0 1
    86  -.1822885627803951E-10   3   1 0  0 0  0 2  0 0
    87  0.1378502607451592E-05   3   0 1  0 0  0 2  0 0
    88  -.5263608799090198E-10   3   0 0  1 0  0 2  0 0
    89  0.2271381507295601E-05   3   0 0  0 1  0 2  0 0
    90  -.2264552716696098E-10   3   1 0  0 0  0 1  1 0
    91  0.9210364728627024E-06   3   0 1  0 0  0 1  1 0
    92  -.6557020758131327E-10   3   0 0  1 0  0 1  1 0
    93  0.1517604785351212E-05   3   0 0  0 1  0 1  1 0
    94  -.1813016134224319E-10   3   1 0  0 0  0 0  2 0
    95  0.1372361070272694E-05   3   0 1  0 0  0 0  2 0
    96  -.5235082074093715E-10   3   0 0  1 0  0 0  2 0
    97  0.2261261998819544E-05   3   0 0  0 1  0 0  2 0
    98  0.2670943144453914E-10   3   1 0  0 0  0 1  0 1
    99  -.1839022994079344E-05   3   0 1  0 0  0 1  0 1
   100  0.7758441398391310E-10   3   0 0  1 0  0 1  0 1
   101  -.3030188935289818E-05   3   0 0  0 1  0 1  0 1
   102  0.2662023330883741E-10   3   1 0  0 0  0 0  1 1
   103  -.1832881449727830E-05   3   0 1  0 0  0 0  1 1
   104  0.7732531520533060E-10   3   0 0  1 0  0 0  1 1
   105  -.3020069409976915E-05   3   0 0  0 1  0 0  1 1
   106  0.5582942844302058E-08   3   0 0  0 0  0 3  0 0
   107  -.3638739875899323E-08   3   0 0  0 0  0 2  1 0
   108  -.3592638603471978E-08   3   0 0  0 0  0 1  2 0
   109  0.5561031632156116E-08   3   0 0  0 0  0 0  3 0
   110  -.1079857772955264E-08   3   0 0  0 0  0 2  0 1
   111  -.9801119873678987E-09   3   0 0  0 0  0 1  1 1
   112  -.1074614934864519E-08   3   0 0  0 0  0 0  2 1
   113  -.8282521633079046E-06   4   4 0  0 0  0 0  0 0
   114  -.3908434205126024E-06   4   3 1  0 0  0 0  0 0
   115  -.3763914263483373E-04   4   2 2  0 0  0 0  0 0
   116  0.9731888852298441E-05   4   1 3  0 0  0 0  0 0
   117  0.2960303570865298E-05   4   0 4  0 0  0 0  0 0
   118  -.2242118116414419E-01   4   3 0  1 0  0 0  0 0
   119  -.1221384577864455E-01   4   2 1  1 0  0 0  0 0
   120  0.1163989730821713       4   1 2  1 0  0 0  0 0
   121  0.4611091446132918E-01   4   0 3  1 0  0 0  0 0
   122  0.1743292633714539E-04   4   2 0  2 0  0 0  0 0
   123  0.9054149391309046E-05   4   1 1  2 0  0 0  0 0
   124  -.1120180435276226E-03   4   0 2  2 0  0 0  0 0
   125  -.6990062593960509E-02   4   1 0  3 0  0 0  0 0
   126  -.8129517263716178E-03   4   0 1  3 0  0 0  0 0
   127  0.8488250474260721E-05   4   0 0  4 0  0 0  0 0
   128  -.3688349807967166E-02   4   3 0  0 1  0 0  0 0
   129  -.1205745427336337       4   2 1  0 1  0 0  0 0
   130  0.1504894807298475E-01   4   1 2  0 1  0 0  0 0
   131  0.1249936377387593E-01   4   0 3  0 1  0 0  0 0
   132  0.7216510831016066E-05   4   2 0  1 1  0 0  0 0
   133  -.1468773965453654E-03   4   1 1  1 1  0 0  0 0
   134  -.6809126554629270E-04   4   0 2  1 1  0 0  0 0
   135  -.3579111731297718E-02   4   1 0  2 1  0 0  0 0
   136  -.3561426911698866       4   0 1  2 1  0 0  0 0
   137  0.9375095623172211E-05   4   0 0  3 1  0 0  0 0
   138  0.3780378159824025E-04   4   2 0  0 2  0 0  0 0
   139  0.9942610639251404E-05   4   1 1  0 2  0 0  0 0
   140  -.5953300091006763E-05   4   0 2  0 2  0 0  0 0
   141  -.1191684929309285       4   1 0  1 2  0 0  0 0
   142  -.7714433398798425E-01   4   0 1  1 2  0 0  0 0
   143  0.1146564808401400E-03   4   0 0  2 2  0 0  0 0
   144  0.1537995765257794E-01   4   1 0  0 3  0 0  0 0
   145  -.3702415055480531E-05   4   0 1  0 3  0 0  0 0
   146  0.9942242420384901E-05   4   0 0  1 3  0 0  0 0
   147  -.9954906750774112E-06   4   0 0  0 4  0 0  0 0
   148  -.3337244384010221E-06   4   3 0  0 0  0 1  0 0
   149  0.1041925121829790E-04   4   2 1  0 0  0 1  0 0
   150  0.1800197020792489E-04   4   1 2  0 0  0 1  0 0
   151  0.4509976280353704E-05   4   0 3  0 0  0 1  0 0
   152  -.3097328433896583E-02   4   2 0  1 0  0 1  0 0
   153  -.2720725135879298E-02   4   1 1  1 0  0 1  0 0
   154  -.1093077795226736E-03   4   0 2  1 0  0 1  0 0
   155  -.3234081537416603E-06   4   1 0  2 0  0 1  0 0
   156  -.9614627224694314E-04   4   0 1  2 0  0 1  0 0
   157  -.3095354203633899E-02   4   0 0  3 0  0 1  0 0
   158  0.6965054541036565E-03   4   2 0  0 1  0 1  0 0
   159  -.2001356350864620E-03   4   1 1  0 1  0 1  0 0
   160  -.1723074690735824E-04   4   0 2  0 1  0 1  0 0
   161  -.1068172405091687E-03   4   1 0  1 1  0 1  0 0
   162  -.5831560547757556E-04   4   0 1  1 1  0 1  0 0
   163  -.1940978823759120E-02   4   0 0  2 1  0 1  0 0
   164  -.1370617966720121E-05   4   1 0  0 2  0 1  0 0
   165  -.3380132430917256E-05   4   0 1  0 2  0 1  0 0
   166  -.3092126149536864E-03   4   0 0  1 2  0 1  0 0
   167  -.2371643991493852E-04   4   0 0  0 3  0 1  0 0
   168  -.3326099425811144E-06   4   3 0  0 0  0 0  1 0
   169  0.1038445540896197E-04   4   2 1  0 0  0 0  1 0
   170  0.1794185138461430E-04   4   1 2  0 0  0 0  1 0
   171  0.4494914902959835E-05   4   0 3  0 0  0 0  1 0
   172  -.3086984691589040E-02   4   2 0  1 0  0 0  1 0
   173  -.2711639086306252E-02   4   1 1  1 0  0 0  1 0
   174  -.1089427386399814E-03   4   0 2  1 0  0 0  1 0
   175  -.3223281098672962E-06   4   1 0  2 0  0 0  1 0
   176  -.9582518512778597E-04   4   0 1  2 0  0 0  1 0
   177  -.3085017054404916E-02   4   0 0  3 0  0 0  1 0
   178  0.6941794260165396E-03   4   2 0  0 1  0 0  1 0
   179  -.1994672683053281E-03   4   1 1  0 1  0 0  1 0
   180  -.1717320363736059E-04   4   0 2  0 1  0 0  1 0
   181  -.1064605169542157E-03   4   1 0  1 1  0 0  1 0
   182  -.5812085648391163E-04   4   0 1  1 1  0 0  1 0
   183  -.1934496790869764E-02   4   0 0  2 1  0 0  1 0
   184  -.1366040693320828E-05   4   1 0  0 2  0 0  1 0
   185  -.3368844245122292E-05   4   0 1  0 2  0 0  1 0
   186  -.3081799780616787E-03   4   0 0  1 2  0 0  1 0
   187  -.2363723722519765E-04   4   0 0  0 3  0 0  1 0
   188  0.2947512174702647E-08   4   3 0  0 0  0 0  0 1
   189  -.4250604485613624E-04   4   2 1  0 0  0 0  0 1
   190  -.1661417586499698E-04   4   1 2  0 0  0 0  0 1
   191  -.2251258945371316E-05   4   0 3  0 0  0 0  0 1
   192  0.1236018254978631E-01   4   2 0  1 0  0 0  0 1
   193  0.5512786239353292E-02   4   1 1  1 0  0 0  0 1
   194  0.1809070519664759E-03   4   0 2  1 0  0 0  0 1
   195  0.4483339990496122E-08   4   1 0  2 0  0 0  0 1
   196  0.1278704165540019E-03   4   0 1  2 0  0 0  0 1
   197  0.1236018147314335E-01   4   0 0  3 0  0 0  0 1
   198  -.1432339034903775E-02   4   2 0  0 1  0 0  0 1
   199  0.2591291235350711E-03   4   1 1  0 1  0 0  0 1
   200  0.2476017469597672E-04   4   0 2  0 1  0 0  0 1
   201  0.1703803096007888E-03   4   1 0  1 1  0 0  0 1
   202  0.4432656775847726E-04   4   0 1  1 1  0 0  0 1
   203  0.3752442228601254E-02   4   0 0  2 1  0 0  0 1
   204  0.5517308539795155E-05   4   1 0  0 2  0 0  0 1
   205  0.2247629287748591E-05   4   0 1  0 2  0 0  0 1
   206  0.3973804613700713E-03   4   0 0  1 2  0 0  0 1
   207  0.2475732710154148E-04   4   0 0  0 3  0 0  0 1
   208  0.8986123196698321E-07   4   2 0  0 0  0 2  0 0
   209  0.1464672317965989E-04   4   1 1  0 0  0 2  0 0
   210  0.3952464375736777E-05   4   0 2  0 0  0 2  0 0
   211  -.5787380231442304E-06   4   1 0  1 0  0 2  0 0
   212  0.2314677556622326E-01   4   0 1  1 0  0 2  0 0
   213  -.2112644045586143E-06   4   0 0  2 0  0 2  0 0
   214  0.2314680613561519E-01   4   1 0  0 1  0 2  0 0
   215  0.1253902780480511E-01   4   0 1  0 1  0 2  0 0
   216  -.1472217768683176E-04   4   0 0  1 1  0 2  0 0
   217  -.3994012017011111E-05   4   0 0  0 2  0 2  0 0
   218  0.1002092948782704E-06   4   2 0  0 0  0 1  1 0
   219  0.9775266248591376E-05   4   1 1  0 0  0 1  1 0
   220  0.3958232387077052E-05   4   0 2  0 0  0 1  1 0
   221  -.6839650651171206E-06   4   1 0  1 0  0 1  1 0
   222  0.1546535567691094E-01   4   0 1  1 0  0 1  1 0
   223  -.2753578656397745E-06   4   0 0  2 0  0 1  1 0
   224  0.1546538366609512E-01   4   1 0  0 1  0 1  1 0
   225  0.1253892128297690E-01   4   0 1  0 1  0 1  1 0
   226  -.9897150450913115E-05   4   0 0  1 1  0 1  1 0
   227  -.3994098548230860E-05   4   0 0  0 2  0 1  1 0
   228  0.8939380624047603E-07   4   2 0  0 0  0 0  2 0
   229  0.1458148684710496E-04   4   1 1  0 0  0 0  2 0
   230  0.3932655452597627E-05   4   0 2  0 0  0 0  2 0
   231  -.5756632132352595E-06   4   1 0  1 0  0 0  2 0
   232  0.2304365149803915E-01   4   0 1  1 0  0 0  2 0
   233  -.2100990841745966E-06   4   0 0  2 0  0 0  2 0
   234  0.2304368191860658E-01   4   1 0  0 1  0 0  2 0
   235  0.1247621555811175E-01   4   0 1  0 1  0 0  2 0
   236  -.1465648584837929E-04   4   0 0  1 1  0 0  2 0
   237  -.3974004453891557E-05   4   0 0  0 2  0 0  2 0
   238  -.1437192203874007E-06   4   2 0  0 0  0 1  0 1
   239  -.1954316431776526E-04   4   1 1  0 0  0 1  0 1
   240  -.3966599115226614E-05   4   0 2  0 0  0 1  0 1
   241  0.9257489290641916E-06   4   1 0  1 0  0 1  0 1
   242  -.3087947953532068E-01   4   0 1  1 0  0 1  0 1
   243  0.3378574438496030E-06   4   0 0  2 0  0 1  0 1
   244  -.3087951505683644E-01   4   1 0  0 1  0 1  0 1
   245  -.1253899390912718E-01   4   0 1  0 1  0 1  0 1
   246  0.1962921060488843E-04   4   0 0  1 1  0 1  0 1
   247  0.3979433969255528E-05   4   0 0  0 2  0 1  0 1
   248  -.1432392601209916E-06   4   2 0  0 0  0 0  1 1
   249  -.1947789857024008E-04   4   1 1  0 0  0 0  1 1
   250  -.3953352383418861E-05   4   0 2  0 0  0 0  1 1
   251  0.9226573266270375E-06   4   1 0  1 0  0 0  1 1
   252  -.3077635537987217E-01   4   0 1  1 0  0 0  1 1
   253  0.3367291455724468E-06   4   0 0  2 0  0 0  1 1
   254  -.3077639078276136E-01   4   1 0  0 1  0 0  1 1
   255  -.1249711907261656E-01   4   0 1  0 1  0 0  1 1
   256  0.1956365749984219E-04   4   0 0  1 1  0 0  1 1
   257  0.3966144374566002E-05   4   0 0  0 2  0 0  1 1
   258  0.1913901204343312E-12   4   2 0  0 0  0 0  0 2
   259  0.6263739665301152E-13   4   1 1  0 0  0 0  0 2
   260  0.5568424852601935E-14   4   0 2  0 0  0 0  0 2
   261  0.1605764037910745E-12   4   1 0  1 0  0 0  0 2
   262  0.1975774531482273E-13   4   0 1  1 0  0 0  0 2
   263  0.1106010001117814E-12   4   0 0  2 0  0 0  0 2
   264  0.2199312197805637E-13   4   1 0  0 1  0 0  0 2
   265  0.4238339245253229E-14   4   0 1  0 1  0 0  0 2
   266  0.4163157982587957E-13   4   0 0  1 1  0 0  0 2
   267  0.3476996218340654E-14   4   0 0  0 2  0 0  0 2
   268  0.3471402300172041E-05   4   1 0  0 0  0 3  0 0
   269  0.1552073102580999E-05   4   0 1  0 0  0 3  0 0
   270  0.6662870283590015E-05   4   0 0  1 0  0 3  0 0
   271  0.2978985975619616E-05   4   0 0  0 1  0 3  0 0
   272  0.2084233565199136E-05   4   1 0  0 0  0 2  1 0
   273  0.1833704218703987E-05   4   0 1  0 0  0 2  1 0
   274  0.4000381920652768E-05   4   0 0  1 0  0 2  1 0
   275  0.3519537925810002E-05   4   0 0  0 1  0 2  1 0
   276  0.2091124310563867E-05   4   1 0  0 0  0 1  2 0
   277  0.1832267464087262E-05   4   0 1  0 0  0 1  2 0
   278  0.4013607802618219E-05   4   0 0  1 0  0 1  2 0
   279  0.3516780274130920E-05   4   0 0  0 1  0 1  2 0
   280  0.3450544284505926E-05   4   1 0  0 0  0 0  3 0
   281  0.1541246582869056E-05   4   0 1  0 0  0 0  3 0
   282  0.6622836265836960E-05   4   0 0  1 0  0 0  3 0
   283  0.2958205993147736E-05   4   0 0  0 1  0 0  3 0
   284  -.4166151778801247E-05   4   1 0  0 0  0 2  0 1
   285  -.1411017740154652E-05   4   0 1  0 0  0 2  0 1
   286  -.7996344964861046E-05   4   0 0  1 0  0 2  0 1
   287  -.2708249966464850E-05   4   0 0  0 1  0 2  0 1
   288  -.2783568325880955E-05   4   1 0  0 0  0 1  1 1
   289  -.1691696306384427E-05   4   0 1  0 0  0 1  1 1
   290  -.5342648752368412E-05   4   0 0  1 0  0 1  1 1
   291  -.3246974562205239E-05   4   0 0  0 1  0 1  1 1
   292  -.4147590667699368E-05   4   1 0  0 0  0 0  2 1
   293  -.1403480780570014E-05   4   0 1  0 0  0 0  2 1
   294  -.7960719546045321E-05   4   0 0  1 0  0 0  2 1
   295  -.2693783830636151E-05   4   0 0  0 1  0 0  2 1
   296  -.2939095530459864E-08   4   0 0  0 0  0 4  0 0
   297  0.3134803424059899E-08   4   0 0  0 0  0 3  1 0
   298  0.1964834125268624E-08   4   0 0  0 0  0 2  2 0
   299  0.3098190283598067E-08   4   0 0  0 0  0 1  3 0
   300  -.2924692822608279E-08   4   0 0  0 0  0 0  4 0
   301  0.9859728466230559E-10   4   0 0  0 0  0 3  0 1
   302  -.8795445767468271E-09   4   0 0  0 0  0 2  1 1
   303  -.8746463678737908E-09   4   0 0  0 0  0 1  2 1
   304  0.9956712365753533E-10   4   0 0  0 0  0 0  3 1
   ----------------------------------------------------
     I  COEFFICIENT            ORDER EXPONENTS
     1  0.1679648079753597E-07   0   0 0  0 0  0 0  0 0
     2  0.1900719698864805E-07   1   1 0  0 0  0 0  0 0
     3  0.4965518580550908E-08   1   0 1  0 0  0 0  0 0
     4  -.3654785136847588E-07   1   0 0  1 0  0 0  0 0
     5  -.9559372490556894E-08   1   0 0  0 1  0 0  0 0
     6   1.000000000000000       1   0 0  0 0  1 0  0 0
     7  0.6478273842156813E-01   1   0 0  0 0  0 1  0 0
     8  -.6478273842157282E-01   1   0 0  0 0  0 0  1 0
     9  -.6075428138421893E-09   2   2 0  0 0  0 0  0 0
    10  0.1471938983766732E-05   2   1 1  0 0  0 0  0 0
    11  -.6510858087599984E-01   2   0 2  0 0  0 0  0 0
    12  -.2267019099628722E-08   2   1 0  1 0  0 0  0 0
    13  -.1027316069167861E-05   2   0 1  1 0  0 0  0 0
    14  0.5757669191456518E-09   2   0 0  2 0  0 0  0 0
    15  -.1027316682305573E-05   2   1 0  0 1  0 0  0 0
    16  -.1633208055031790E-06   2   0 1  0 1  0 0  0 0
    17  -.1471943584486978E-05   2   0 0  1 1  0 0  0 0
    18  -.6510883738803921E-01   2   0 0  0 2  0 0  0 0
    19  -.9455953767692515E-08   2   1 0  0 0  0 1  0 0
    20  -.4994682190529678E-08   2   0 1  0 0  0 1  0 0
    21  0.1818247023407102E-07   2   0 0  1 0  0 1  0 0
    22  0.9558635272713969E-08   2   0 0  0 1  0 1  0 0
    23  0.9456082999737025E-08   2   1 0  0 0  0 0  1 0
    24  -.3541950863433469E-10   2   0 1  0 0  0 0  1 0
    25  -.1818240178583322E-07   2   0 0  1 0  0 0  1 0
    26  0.3637536236161289E-10   2   0 0  0 1  0 0  1 0
    27  -.1305691425854287E-12   2   1 0  0 0  0 0  0 1
    28  0.2361375278832054E-10   2   0 1  0 0  0 0  0 1
    29  -.6830620608736830E-13   2   0 0  1 0  0 0  0 1
    30  -.5695029038016591E-10   2   0 0  0 1  0 0  0 1
    31  -.4866831942384559E-01   2   0 0  0 0  0 2  0 0
    32  0.3255390042610998E-01   2   0 0  0 0  0 1  1 0
    33  0.1611441899772232E-01   2   0 0  0 0  0 0  2 0
    34  -.2587831574227008E-14   2   0 0  0 0  0 1  0 1
    35  -.5219060370335435E-15   2   0 0  0 0  0 0  1 1
    36  -.2210342882540395E-06   3   3 0  0 0  0 0  0 0
    37  0.1543888357390289E-01   3   2 1  0 0  0 0  0 0
    38  0.1759181268934195E-02   3   1 2  0 0  0 0  0 0
    39  0.1143743707094916E-03   3   0 3  0 0  0 0  0 0
    40  -.1405762284357491E-06   3   2 0  1 0  0 0  0 0
    41  -.1958472182211940E-04   3   1 1  1 0  0 0  0 0
    42  -.1129462475806039E-05   3   0 2  1 0  0 0  0 0
    43  -.2210345929469543E-06   3   1 0  2 0  0 0  0 0
    44  -.1543895666746604E-01   3   0 1  2 0  0 0  0 0
    45  -.1405921711968669E-06   3   0 0  3 0  0 0  0 0
    46  -.9785605469035338E-05   3   2 0  0 1  0 0  0 0
    47  -.2228487164121618E-05   3   1 1  0 1  0 0  0 0
    48  -.2261224462439037E-06   3   0 2  0 1  0 0  0 0
    49  -.3087794493391916E-01   3   1 0  1 1  0 0  0 0
    50  -.3518353254827770E-02   3   0 1  1 1  0 0  0 0
    51  0.9748882202768540E-05   3   0 0  2 1  0 0  0 0
    52  -.1759167347297832E-02   3   1 0  0 2  0 0  0 0
    53  -.3431032371489446E-03   3   0 1  0 2  0 0  0 0
    54  0.1099167672992214E-05   3   0 0  1 2  0 0  0 0
    55  0.6362539860099161E-07   3   0 0  0 3  0 0  0 0
    56  0.5676586541465440E-09   3   2 0  0 0  0 1  0 0
    57  -.2206691398691415E-05   3   1 1  0 0  0 1  0 0
    58  0.9760862578900918E-01   3   0 2  0 0  0 1  0 0
    59  0.2230487917706737E-08   3   1 0  1 0  0 1  0 0
    60  0.1540121723625259E-05   3   0 1  1 0  0 1  0 0
    61  -.5918195372472705E-09   3   0 0  2 0  0 1  0 0
    62  0.1540120944175302E-05   3   1 0  0 1  0 1  0 0
    63  0.2659509165648129E-06   3   0 1  0 1  0 1  0 0
    64  0.2206690720478124E-05   3   0 0  1 1  0 1  0 0
    65  0.9760918136409490E-01   3   0 0  0 2  0 1  0 0
    66  -.1428625573858194E-10   3   2 0  0 0  0 0  1 0
    67  -.7371955425358146E-06   3   1 1  0 0  0 0  1 0
    68  0.3260825512499507E-01   3   0 2  0 0  0 0  1 0
    69  -.7372963319884528E-11   3   1 0  1 0  0 0  1 0
    70  0.5145129412925539E-06   3   0 1  1 0  0 0  1 0
    71  -.3873526519753188E-11   3   0 0  2 0  0 0  1 0
    72  0.5145119178789168E-06   3   1 0  0 1  0 0  1 0
    73  0.1269378020349821E-06   3   0 1  0 1  0 0  1 0
    74  0.7371947264333456E-06   3   0 0  1 1  0 0  1 0
    75  0.3260853714266553E-01   3   0 0  0 2  0 0  1 0
    76  -.5777681165817074E-09   3   2 0  0 0  0 0  0 1
    77  0.1471942170885674E-05   3   1 1  0 0  0 0  0 1
    78  0.1282559812356208E-06   3   0 2  0 0  0 0  0 1
    79  -.2241540870306104E-08   3   1 0  1 0  0 0  0 1
    80  -.1027316771811195E-05   3   0 1  1 0  0 0  0 1
    81  0.5897279322959162E-09   3   0 0  2 0  0 0  0 1
    82  -.1027316389823463E-05   3   1 0  0 1  0 0  0 1
    83  -.1633210859752621E-06   3   0 1  0 1  0 0  0 1
    84  -.1471942320193718E-05   3   0 0  1 1  0 0  0 1
    85  -.1282562350152404E-06   3   0 0  0 2  0 0  0 1
    86  0.6324210893147175E-08   3   1 0  0 0  0 2  0 0
    87  0.4768501235202639E-08   3   0 1  0 0  0 2  0 0
    88  -.1225243692994023E-07   3   0 0  1 0  0 2  0 0
    89  -.9238982500973410E-08   3   0 0  0 1  0 2  0 0
    90  -.5186162707209377E-08   3   1 0  0 0  0 1  1 0
    91  -.1822314720634215E-09   3   0 1  0 0  0 1  1 0
    92  0.9874854689139389E-08   3   0 0  1 0  0 1  1 0
    93  0.1994752882343844E-09   3   0 0  0 1  0 1  1 0
    94  -.2569566807400661E-08   3   1 0  0 0  0 0  2 0
    95  -.8272371336822391E-10   3   0 1  0 0  0 0  2 0
    96  0.4892303485567860E-08   3   0 0  1 0  0 0  2 0
    97  0.8386296904851146E-10   3   0 0  0 1  0 0  2 0
    98  0.5625876323907375E-09   3   1 0  0 0  0 1  0 1
    99  0.8412398460307910E-10   3   0 1  0 0  0 1  0 1
   100  -.1038324068273277E-08   3   0 0  1 0  0 1  0 1
   101  -.1424598527266611E-09   3   0 0  0 1  0 1  0 1
   102  0.2387060068684196E-09   3   1 0  0 0  0 0  1 1
   103  0.5438470913211119E-10   3   0 1  0 0  0 0  1 1
   104  -.4194632582639005E-09   3   0 0  1 0  0 0  1 1
   105  -.9105789807817814E-10   3   0 0  0 1  0 0  1 1
   106  0.4057056879427557E-01   3   0 0  0 0  0 3  0 0
   107  -.2437514158231439E-01   3   0 0  0 0  0 2  1 0
   108  -.8178773663254002E-02   3   0 0  0 0  0 1  2 0
   109  -.8016693066881025E-02   3   0 0  0 0  0 0  3 0
   110  0.2879420590972540E-14   3   0 0  0 0  0 2  0 1
   111  0.1393866944651544E-14   3   0 0  0 0  0 1  1 1
   112  0.7776764997408192E-15   3   0 0  0 0  0 0  2 1
   113  -.1056679458390143E-02   4   4 0  0 0  0 0  0 0
   114  -.4787193412476355E-03   4   3 1  0 0  0 0  0 0
   115  -.6138044302625994E-04   4   2 2  0 0  0 0  0 0
   116  -.5279765182305385E-05   4   1 3  0 0  0 0  0 0
   117  -.4883179721853158E-01   4   0 4  0 0  0 0  0 0
   118  -.1874186829503665E-06   4   3 0  1 0  0 0  0 0
   119  -.1071032388132510E-04   4   2 1  1 0  0 0  0 0
   120  0.1250200925712592E-04   4   1 2  1 0  0 0  0 0
   121  0.9060193856948013E-06   4   0 3  1 0  0 0  0 0
   122  -.2113360118819687E-02   4   2 0  2 0  0 0  0 0
   123  -.3966005033750275E-03   4   1 1  2 0  0 0  0 0
   124  0.3242931570484087E-04   4   0 2  2 0  0 0  0 0
   125  -.6196461124943709E-07   4   1 0  3 0  0 0  0 0
   126  0.3201951031091397E-04   4   0 1  3 0  0 0  0 0
   127  -.1056922322751465E-02   4   0 0  4 0  0 0  0 0
   128  0.1067905586114552E-04   4   3 0  0 1  0 0  0 0
   129  -.4165922829641137E-05   4   2 1  0 1  0 0  0 0
   130  0.3642129117790884E-06   4   1 2  0 1  0 0  0 0
   131  0.1397714417841818E-06   4   0 3  0 1  0 0  0 0
   132  -.3145103323280409E-03   4   2 0  1 1  0 0  0 0
   133  -.5955239140695293E-04   4   1 1  1 1  0 0  0 0
   134  0.8860025227097568E-05   4   0 2  1 1  0 0  0 0
   135  0.5331088940628271E-04   4   1 0  2 1  0 0  0 0
   136  0.9698084815702317E-05   4   0 1  2 1  0 0  0 0
   137  -.3968202902085664E-03   4   0 0  3 1  0 0  0 0
   138  0.4292427788546628E-06   4   2 0  0 2  0 0  0 0
   139  0.4341310562673507E-05   4   1 1  0 2  0 0  0 0
   140  -.9766161330369830E-01   4   0 2  0 2  0 0  0 0
   141  0.2636600531340603E-04   4   1 0  1 2  0 0  0 0
   142  0.5904072386637262E-05   4   0 1  1 2  0 0  0 0
   143  -.1874685039661192E-04   4   0 0  2 2  0 0  0 0
   144  0.2752643694661073E-05   4   1 0  0 3  0 0  0 0
   145  0.7662194592356386E-06   4   0 1  0 3  0 0  0 0
   146  0.4251369845484715E-05   4   0 0  1 3  0 0  0 0
   147  -.4883102280765681E-01   4   0 0  0 4  0 0  0 0
   148  -.1422011594942581E-06   4   3 0  0 0  0 1  0 0
   149  -.2314561302747752E-01   4   2 1  0 0  0 1  0 0
   150  -.3518373032486186E-02   4   1 2  0 0  0 1  0 0
   151  -.4548357450589587E-03   4   0 3  0 0  0 1  0 0
   152  -.7392204374286329E-07   4   2 0  1 0  0 1  0 0
   153  0.2930788757295220E-04   4   1 1  1 0  0 1  0 0
   154  0.2254006815265755E-05   4   0 2  1 0  0 1  0 0
   155  -.1422011293095910E-06   4   1 0  2 0  0 1  0 0
   156  0.2314561622094765E-01   4   0 1  2 0  0 1  0 0
   157  -.7391007015427070E-07   4   0 0  3 0  0 1  0 0
   158  0.1466399568828070E-04   4   2 0  0 1  0 1  0 0
   159  0.4456085734464747E-05   4   1 1  0 1  0 1  0 0
   160  -.8725146914529853E-04   4   0 2  0 1  0 1  0 0
   161  0.4629117924914120E-01   4   1 0  1 1  0 1  0 0
   162  0.7036726790671635E-02   4   0 1  1 1  0 1  0 0
   163  -.1467376237427515E-04   4   0 0  2 1  0 1  0 0
   164  0.3518352597828821E-02   4   1 0  0 2  0 1  0 0
   165  0.6892445500144946E-03   4   0 1  0 2  0 1  0 0
   166  -.2204172980878761E-05   4   0 0  1 2  0 1  0 0
   167  -.8797609977321427E-04   4   0 0  0 3  0 1  0 0
   168  -.1004783645159526E-06   4   3 0  0 0  0 0  1 0
   169  -.7732321592180770E-02   4   2 1  0 0  0 0  1 0
   170  -.1759171553602415E-02   4   1 2  0 0  0 0  1 0
   171  -.2726556756687954E-03   4   0 3  0 0  0 0  1 0
   172  -.4226142688330105E-07   4   2 0  1 0  0 0  1 0
   173  0.9790345057566199E-05   4   1 1  1 0  0 0  1 0
   174  0.1123876972730288E-05   4   0 2  1 0  0 0  1 0
   175  -.1004786385566149E-06   4   1 0  2 0  0 0  1 0
   176  0.7732314819922292E-02   4   0 1  2 0  0 0  1 0
   177  -.4226537703824946E-07   4   0 0  3 0  0 0  1 0
   178  0.4900716493277373E-05   4   2 0  0 1  0 0  1 0
   179  0.2229095562016706E-05   4   1 1  0 1  0 0  1 0
   180  -.5230549125231351E-04   4   0 2  0 1  0 0  1 0
   181  0.1546458823807190E-01   4   1 0  1 1  0 0  1 0
   182  0.3518335760655224E-02   4   0 1  1 1  0 0  1 0
   183  -.4900369744777554E-05   4   0 0  2 1  0 0  1 0
   184  0.1759164594725316E-02   4   1 0  0 2  0 0  1 0
   185  0.4131767318985572E-03   4   0 1  0 2  0 0  1 0
   186  -.1104125871727471E-05   4   0 0  1 2  0 0  1 0
   187  -.5273987474687712E-04   4   0 0  0 3  0 0  1 0
   188  0.9334510669095911E-07   4   3 0  0 0  0 0  0 1
   189  0.1543895229312547E-01   4   2 1  0 0  0 0  0 1
   190  0.1759174523319873E-02   4   1 2  0 0  0 0  0 1
   191  0.1143692868917146E-03   4   0 3  0 0  0 0  0 1
   192  0.4853963360631902E-07   4   2 0  1 0  0 0  0 1
   193  -.1955255634648071E-04   4   1 1  1 0  0 0  0 1
   194  -.1113663408793925E-05   4   0 2  1 0  0 0  0 1
   195  0.9334510436823861E-07   4   1 0  2 0  0 0  0 1
   196  -.1543896169629955E-01   4   0 1  2 0  0 0  0 1
   197  0.4853161717096445E-07   4   0 0  3 0  0 0  0 1
   198  -.9782240232147572E-05   4   2 0  0 1  0 0  0 1
   199  -.2227888583008628E-05   4   1 1  0 1  0 0  0 1
   200  -.2171155563918211E-06   4   0 2  0 1  0 0  0 1
   201  -.3087789321249631E-01   4   1 0  1 1  0 0  0 1
   202  -.3518353273862155E-02   4   0 1  1 1  0 0  0 1
   203  0.9783736918808038E-05   4   0 0  2 1  0 0  0 1
   204  -.1759178966407253E-02   4   1 0  0 2  0 0  0 1
   205  -.3431087929422250E-03   4   0 1  0 2  0 0  0 1
   206  0.1115568635045567E-05   4   0 0  1 2  0 0  0 1
   207  0.7263220301071894E-07   4   0 0  0 3  0 0  0 1
   208  -.9994350154734295E-05   4   2 0  0 0  0 2  0 0
   209  -.2507776724896938E-05   4   1 1  0 0  0 2  0 0
   210  -.1219977547671183       4   0 2  0 0  0 2  0 0
   211  0.1041140756704362E-04   4   1 0  1 0  0 2  0 0
   212  0.1306263403374181E-05   4   0 1  1 0  0 2  0 0
   213  0.9994359324924991E-05   4   0 0  2 0  0 2  0 0
   214  0.1306265457639753E-05   4   1 0  0 1  0 2  0 0
   215  0.3085892252225751E-06   4   0 1  0 1  0 2  0 0
   216  0.2507777465745766E-05   4   0 0  1 1  0 2  0 0
   217  -.1219972017547851       4   0 0  0 2  0 2  0 0
   218  -.4000215876799462E-05   4   2 0  0 0  0 1  1 0
   219  -.1975171541684236E-05   4   1 1  0 0  0 1  1 0
   220  -.4883229306215028E-01   4   0 2  0 0  0 1  1 0
   221  0.4168261872184422E-05   4   1 0  1 0  0 1  1 0
   222  0.1028956911090941E-05   4   0 1  1 0  0 1  1 0
   223  0.4000206721574473E-05   4   0 0  2 0  0 1  1 0
   224  0.1028957580387740E-05   4   1 0  0 1  0 1  1 0
   225  0.2559879551706813E-06   4   0 1  0 1  0 1  1 0
   226  0.1975172126715334E-05   4   0 0  1 1  0 1  1 0
   227  -.4883169036185591E-01   4   0 0  0 2  0 1  1 0
   228  -.2006718302109230E-05   4   2 0  0 0  0 0  2 0
   229  -.9868116430371729E-06   4   1 1  0 0  0 0  2 0
   230  -.2449686708197783E-01   4   0 2  0 0  0 0  2 0
   231  0.2091019666820750E-05   4   1 0  1 0  0 0  2 0
   232  0.5140754227464345E-06   4   0 1  1 0  0 0  2 0
   233  0.2006718665587030E-05   4   0 0  2 0  0 0  2 0
   234  0.5140757592430357E-06   4   1 0  0 1  0 0  2 0
   235  0.1278681158936640E-06   4   0 1  0 1  0 0  2 0
   236  0.9868124614999362E-06   4   0 0  1 1  0 0  2 0
   237  -.2449656631850676E-01   4   0 0  0 2  0 0  2 0
   238  0.7996496935320856E-05   4   2 0  0 0  0 1  0 1
   239  0.1519934882496737E-05   4   1 1  0 0  0 1  0 1
   240  0.1383947397786134E-06   4   0 2  0 0  0 1  0 1
   241  -.8329613685886665E-05   4   1 0  1 0  0 1  0 1
   242  -.7916519104633995E-06   4   0 1  1 0  0 1  0 1
   243  -.7996504189627874E-05   4   0 0  2 0  0 1  0 1
   244  -.7916533658932474E-06   4   1 0  0 1  0 1  0 1
   245  -.1441669591621963E-06   4   0 1  0 1  0 1  0 1
   246  -.1519935192122841E-05   4   0 0  1 1  0 1  0 1
   247  -.1383947033795291E-06   4   0 0  0 2  0 1  0 1
   248  0.2671218068976001E-05   4   2 0  0 0  0 0  1 1
   249  0.9111146963388707E-06   4   1 1  0 0  0 0  1 1
   250  0.9868098670214973E-07   4   0 2  0 0  0 0  1 1
   251  -.2783430799134160E-05   4   1 0  1 0  0 0  1 1
   252  -.4746162867767197E-06   4   0 1  1 0  0 0  1 1
   253  -.2671213537513572E-05   4   0 0  2 0  0 0  1 1
   254  -.4746167144021476E-06   4   1 0  0 1  0 0  1 1
   255  -.1028060249544510E-06   4   0 1  0 1  0 0  1 1
   256  -.9111151538339945E-06   4   0 0  1 1  0 0  1 1
   257  -.9868120165232564E-07   4   0 0  0 2  0 0  1 1
   258  -.5763124523887937E-08   4   1 0  0 0  0 3  0 0
   259  -.9837191417736439E-04   4   0 1  0 0  0 3  0 0
   260  0.1101359493366785E-07   4   0 0  1 0  0 3  0 0
   261  -.5116126695900153E-04   4   0 0  0 1  0 3  0 0
   262  0.3002600335640833E-08   4   1 0  0 0  0 2  1 0
   263  -.4217360760705067E-04   4   0 1  0 0  0 2  1 0
   264  -.5960187280082586E-08   4   0 0  1 0  0 2  1 0
   265  -.2193855206532999E-04   4   0 0  0 1  0 2  1 0
   266  0.8553649464762997E-09   4   1 0  0 0  0 1  2 0
   267  -.2532707611250833E-04   4   0 1  0 0  0 1  2 0
   268  -.1782673547420309E-08   4   0 0  1 0  0 1  2 0
   269  -.1317500635799401E-04   4   0 0  0 1  0 1  2 0
   270  0.9864479033638232E-09   4   1 0  0 0  0 0  3 0
   271  -.1413226418036817E-04   4   0 1  0 0  0 0  3 0
   272  -.1958807924649447E-08   4   0 0  1 0  0 0  3 0
   273  -.7351531722825000E-05   4   0 0  0 1  0 0  3 0
   274  -.1270593928539870E-09   4   1 0  0 0  0 2  0 1
   275  -.1077380935193496E-10   4   0 1  0 0  0 2  0 1
   276  0.2985670613306572E-09   4   0 0  1 0  0 2  0 1
   277  0.2539495849557564E-10   4   0 0  0 1  0 2  0 1
   278  0.3917244854589355E-09   4   1 0  0 0  0 1  1 1
   279  0.6703314649978454E-10   4   0 1  0 0  0 1  1 1
   280  -.6377554462693581E-09   4   0 0  1 0  0 1  1 1
   281  -.1024222701869160E-09   4   0 0  0 1  0 1  1 1
   282  0.1947135880487436E-09   4   1 0  0 0  0 0  2 1
   283  0.3333762142039117E-10   4   0 1  0 0  0 0  2 1
   284  -.3167584505910293E-09   4   0 0  1 0  0 0  2 1
   285  -.5090820002498265E-10   4   0 0  0 1  0 0  2 1
   286  -.3550437692038567E-01   4   0 0  0 0  0 4  0 0
   287  0.2030570240403849E-01   4   0 0  0 0  0 3  1 0
   288  0.6104099539411844E-02   4   0 0  0 0  0 2  2 0
   289  0.4109354178336906E-02   4   0 0  0 0  0 1  3 0
   290  0.4985171400904906E-02   4   0 0  0 0  0 0  4 0
   291  -.1553211670697447E-14   4   0 0  0 0  0 3  0 1
   292  0.1955150221534032E-14   4   0 0  0 0  0 2  1 1
   293  0.2548559745948565E-14   4   0 0  0 0  0 1  2 1
   294  0.5935459112427311E-15   4   0 0  0 0  0 0  3 1
   ----------------------------------------------------
     I  COEFFICIENT            ORDER EXPONENTS
     1   1.000000000000000       1   0 0  0 0  0 1  0 0
     --------------------------------------------------
     I  COEFFICIENT            ORDER EXPONENTS
     1   1.000000000000000       1   0 0  0 0  0 0  1 0
     --------------------------------------------------
     I  COEFFICIENT            ORDER EXPONENTS
     1   1.000000000000000       1   0 0  0 0  0 0  0 1
     --------------------------------------------------
