     I  COEFFICIENT            ORDER EXPONENTS
     1   1.147144049107768       1   1 0  0 0  0 0  0 0
     2  0.3085599184108508       1   0 1  0 0  0 0  0 0
     3  -.7527741886831069E-01   2   1 0  0 0  0 1  0 0
     4  -.1599824257625919       2   0 1  0 0  0 1  0 0
     5  -.7502602472689307E-01   2   1 0  0 0  0 0  1 0
     6  -.1594481533981684       2   0 1  0 0  0 0  1 0
     7  0.1503034435952036       2   1 0  0 0  0 0  0 1
     8  0.1087066074990889E-01   2   0 1  0 0  0 0  0 1
     9  0.1719185257232890       3   3 0  0 0  0 0  0 0
    10  0.7567742644055051       3   2 1  0 0  0 0  0 0
    11  0.3482130227566006       3   1 2  0 0  0 0  0 0
    12  0.1840607710162737       3   0 3  0 0  0 0  0 0
    13  -.1241489830982645       3   1 0  2 0  0 0  0 0
    14  0.4766088884024610       3   0 1  2 0  0 0  0 0
    15  -.1133530922392096       3   1 0  1 1  0 0  0 0
    16  -.2075062760044610E-01   3   0 1  1 1  0 0  0 0
    17  0.1462218943464342       3   1 0  0 2  0 0  0 0
    18  0.1692686341390184       3   0 1  0 2  0 0  0 0
    19  0.5722316887116385E-01   3   1 0  0 0  0 2  0 0
    20  0.1226494668920857       3   0 1  0 0  0 2  0 0
    21  0.3928866615647034E-01   3   1 0  0 0  0 1  1 0
    22  0.8556407577325736E-01   3   0 1  0 0  0 1  1 0
    23  0.5696646453743390E-01   3   1 0  0 0  0 0  2 0
    24  0.1220969969517973       3   0 1  0 0  0 0  2 0
    25  -.7845758503048694E-01   3   1 0  0 0  0 1  0 1
    26  -.1089815803224546E-01   3   0 1  0 0  0 1  0 1
    27  -.7819557050444559E-01   3   1 0  0 0  0 0  1 1
    28  -.1086176288051571E-01   3   0 1  0 0  0 0  1 1
    29  0.3174855969864263E-02   3   1 0  0 0  0 0  0 2
    30  0.9299706471673852E-05   3   0 1  0 0  0 0  0 2
    31  -.2065089012939978       4   3 0  0 0  0 1  0 0
    32  -.9131508886717655       4   2 1  0 0  0 1  0 0
    33  -.5556037656041164       4   1 2  0 0  0 1  0 0
    34  -.2957201341484172       4   0 3  0 0  0 1  0 0
    35  0.1163070744346805       4   1 0  2 0  0 1  0 0
    36  -.4761428943064476       4   0 1  2 0  0 1  0 0
    37  0.1724418533336471       4   1 0  1 1  0 1  0 0
    38  0.4132628957597184E-01   4   0 1  1 1  0 1  0 0
    39  -.2205915645002755       4   1 0  0 2  0 1  0 0
    40  -.2640329949036110       4   0 1  0 2  0 1  0 0
    41  -.2058192505499076       4   3 0  0 0  0 0  1 0
    42  -.9101013581871507       4   2 1  0 0  0 0  1 0
    43  -.5537482884408205       4   1 2  0 0  0 0  1 0
    44  -.2947325563283790       4   0 3  0 0  0 0  1 0
    45  0.1159186589236562       4   1 0  2 0  0 0  1 0
    46  -.4745527822129985       4   0 1  2 0  0 0  1 0
    47  0.1718659718499982       4   1 0  1 1  0 0  1 0
    48  0.4118827757659571E-01   4   0 1  1 1  0 0  1 0
    49  -.2198548837293995       4   1 0  0 2  0 0  1 0
    50  -.2631512384744248       4   0 1  0 2  0 0  1 0
    51  0.4123281518439045       4   3 0  0 0  0 0  0 1
    52   1.066477982453411       4   2 1  0 0  0 0  0 1
    53  0.4129260085317363       4   1 2  0 0  0 0  0 1
    54  0.3827037742797493E-01   4   0 3  0 0  0 0  0 1
    55  -.2322257333583366       4   1 0  2 0  0 0  0 1
    56  0.4740867881169856       4   0 1  2 0  0 0  0 1
    57  -.2309547329444368       4   1 0  1 1  0 0  0 1
    58  -.4101331195167379E-01   4   0 1  1 1  0 0  0 1
    59  0.1480026595368069       4   1 0  0 2  0 0  0 1
    60  0.1937833096097921E-01   4   0 1  0 2  0 0  0 1
    61  -.4821286276510758E-01   4   1 0  0 0  0 3  0 0
    62  -.1040147636940373       4   0 1  0 0  0 3  0 0
    63  -.3022262866139688E-01   4   1 0  0 0  0 2  1 0
    64  -.6680820370852136E-01   4   0 1  0 0  0 2  1 0
    65  -.3031194154910402E-01   4   1 0  0 0  0 1  2 0
    66  -.6699284445359943E-01   4   0 1  0 0  0 1  2 0
    67  -.4792105163742710E-01   4   1 0  0 0  0 0  3 0
    68  -.1033825361366057       4   0 1  0 0  0 0  3 0
    69  0.6041487921439209E-01   4   1 0  0 0  0 2  0 1
    70  0.1090409411437573E-01   4   0 1  0 0  0 2  0 1
    71  0.4249180810806111E-01   4   1 0  0 0  0 1  1 1
    72  0.1090986900446921E-01   4   0 1  0 0  0 1  1 1
    73  0.6014216738651762E-01   4   1 0  0 0  0 0  2 1
    74  0.1084946200802410E-01   4   0 1  0 0  0 0  2 1
    75  -.3203198237934815E-02   4   1 0  0 0  0 1  0 2
    76  -.1179156824191244E-04   4   0 1  0 0  0 1  0 2
    77  -.3192500936102412E-02   4   1 0  0 0  0 0  1 2
    78  -.1175218948510888E-04   4   0 1  0 0  0 0  1 2
    79  0.1532907810292388E-04   4   1 0  0 0  0 0  0 3
    80  -.1451787229385529E-05   4   0 1  0 0  0 0  0 3
    ---------------------------------------------------
     I  COEFFICIENT            ORDER EXPONENTS
     1   1.023916065123547       1   1 0  0 0  0 0  0 0
     2   1.147144038604511       1   0 1  0 0  0 0  0 0
     3  -.2884205452921633E-01   2   1 0  0 0  0 1  0 0
     4  -.7527741217760789E-01   2   0 1  0 0  0 1  0 0
     5  -.2874573449534591E-01   2   1 0  0 0  0 0  1 0
     6  -.7502601805853432E-01   2   0 1  0 0  0 0  1 0
     7   1.081503854148110       2   1 0  0 0  0 0  0 1
     8  0.1503034302361417       2   0 1  0 0  0 0  0 1
     9  -1.107493871194393       3   3 0  0 0  0 0  0 0
    10  -.7339595311001048       3   2 1  0 0  0 0  0 0
    11  -.6433879395273224       3   1 2  0 0  0 0  0 0
    12  -.9468696875138578E-02   3   0 3  0 0  0 0  0 0
    13  -2.261026764099980       3   1 0  2 0  0 0  0 0
    14  -.5861342243006432E-01   3   0 1  2 0  0 0  0 0
    15  -1.232152459255426       3   1 0  1 1  0 0  0 0
    16  -.2365939900824324       3   0 1  1 1  0 0  0 0
    17  0.4490269714788752       3   1 0  0 2  0 0  0 0
    18  0.1256433586836430       3   0 1  0 2  0 0  0 0
    19  0.2189570237492615E-01   3   1 0  0 0  0 2  0 0
    20  0.5722316310487516E-01   3   0 1  0 0  0 2  0 0
    21  0.1499542419914814E-01   3   1 0  0 0  0 1  1 0
    22  0.3928866130849677E-01   3   0 1  0 0  0 1  1 0
    23  0.2179754103642302E-01   3   1 0  0 0  0 0  2 0
    24  0.5696645879849725E-01   3   0 1  0 0  0 0  2 0
    25  -.5878682894899941E-01   3   1 0  0 0  0 1  0 1
    26  -.7845757534063962E-01   3   0 1  0 0  0 1  0 1
    27  -.5859050627199515E-01   3   1 0  0 0  0 0  1 1
    28  -.7819556084695829E-01   3   0 1  0 0  0 0  1 1
    29  0.5868866761049734E-01   3   1 0  0 0  0 0  0 2
    30  0.3174852975727716E-02   3   0 1  0 0  0 0  0 2
    31  0.7063244130559733       4   3 0  0 0  0 1  0 0
    32  0.8044435730810087       4   2 1  0 0  0 1  0 0
    33  0.7346556474636385       4   1 2  0 0  0 1  0 0
    34  0.1939424146456248E-01   4   0 3  0 0  0 1  0 0
    35   1.003095954569290       4   1 0  2 0  0 1  0 0
    36  0.1986170787396166E-01   4   0 1  2 0  0 1  0 0
    37   1.240794742018355       4   1 0  1 1  0 1  0 0
    38  0.3475906747062825       4   0 1  1 1  0 1  0 0
    39  -.4299910742233584       4   1 0  0 2  0 1  0 0
    40  -.1797756053003123       4   0 1  0 2  0 1  0 0
    41  0.7039655938768361       4   3 0  0 0  0 0  1 0
    42  0.8017570781876621       4   2 1  0 0  0 0  1 0
    43  0.7322022141697186       4   1 2  0 0  0 0  1 0
    44  0.1932947305519273E-01   4   0 3  0 0  0 0  1 0
    45  0.9997460463225757       4   1 0  2 0  0 0  1 0
    46  0.1979537832822184E-01   4   0 1  2 0  0 0  1 0
    47   1.236651022247751       4   1 0  1 1  0 0  1 0
    48  0.3464298716321839       4   0 1  1 1  0 0  1 0
    49  -.4285550893218222       4   1 0  0 2  0 0  1 0
    50  -.1791752322452617       4   0 1  0 2  0 0  1 0
    51  -2.517783878127205       4   3 0  0 0  0 0  0 1
    52  -1.606200651268674       4   2 1  0 0  0 0  0 1
    53  -.8234699221060334       4   1 2  0 0  0 0  0 1
    54  -.1978632076947713E-01   4   0 3  0 0  0 0  0 1
    55  -4.263868764991848       4   1 0  2 0  0 0  0 1
    56  -.3965708620218178E-01   4   0 1  2 0  0 0  0 1
    57  -2.477445764266105       4   1 0  1 1  0 0  0 1
    58  -.4574265562560344       4   0 1  1 1  0 0  0 1
    59  0.4095191920663063       4   1 0  0 2  0 0  0 1
    60  0.1076641201782874       4   0 1  0 2  0 0  0 1
    61  -.1842960401232719E-01   4   1 0  0 0  0 3  0 0
    62  -.4821285744258703E-01   4   0 1  0 0  0 3  0 0
    63  -.1150908915629357E-01   4   1 0  0 0  0 2  1 0
    64  -.3022262422503338E-01   4   0 1  0 0  0 2  1 0
    65  -.1154344815220226E-01   4   1 0  0 0  0 1  2 0
    66  -.3031193710839035E-01   4   0 1  0 0  0 1  2 0
    67  -.1831813043123404E-01   4   1 0  0 0  0 0  3 0
    68  -.4792104634895199E-01   4   0 1  0 0  0 0  3 0
    69  0.4490219881834904E-01   4   1 0  0 0  0 2  0 1
    70  0.6041487034304383E-01   4   0 1  0 0  0 2  0 1
    71  0.3110965041784353E-01   4   1 0  0 0  0 1  1 1
    72  0.4249180004985386E-01   4   0 1  0 0  0 1  1 1
    73  0.4470029840948127E-01   4   1 0  0 0  0 0  2 1
    74  0.6014215855825115E-01   4   0 1  0 0  0 0  2 1
    75  -.3106360955276971E-01   4   1 0  0 0  0 1  0 2
    76  -.3203195027331055E-02   4   0 1  0 0  0 1  0 2
    77  -.3095987048240582E-01   4   1 0  0 0  0 0  1 2
    78  -.3192497736220634E-02   4   0 1  0 0  0 0  1 2
    79  0.1111604141559397E-02   4   1 0  0 0  0 0  0 3
    80  0.1532893736535596E-04   4   0 1  0 0  0 0  0 3
    ---------------------------------------------------
     I  COEFFICIENT            ORDER EXPONENTS
     1  0.8591118666790025       1   0 0  1 0  0 0  0 0
     2  0.2868672633008082       1   0 0  0 1  0 0  0 0
     3  0.6901128890951777E-01   2   0 0  1 0  0 1  0 0
     4  -.1382563228225287       2   0 0  0 1  0 1  0 0
     5  0.6878082094204044E-01   2   0 0  1 0  0 0  1 0
     6  -.1377946062799852       2   0 0  0 1  0 0  1 0
     7  -.1377921098515581       2   0 0  1 0  0 0  0 1
     8  -.1081633419829421E-01   2   0 0  0 1  0 0  0 1
     9  -.1502611209233846       3   2 0  1 0  0 0  0 0
    10  -.1036533951967549       3   1 1  1 0  0 0  0 0
    11  -.1408980591879095       3   0 2  1 0  0 0  0 0
    12  0.5903383617981584E-01   3   0 0  3 0  0 0  0 0
    13  -.4999949905592129       3   2 0  0 1  0 0  0 0
    14  -.2161968732838854E-01   3   1 1  0 1  0 0  0 0
    15  0.1264553808677131       3   0 2  0 1  0 0  0 0
    16  -.2760469489054991       3   0 0  2 1  0 0  0 0
    17  -.2361854948185269       3   0 0  1 2  0 0  0 0
    18  0.1192436388280420       3   0 0  0 3  0 0  0 0
    19  -.5095727118385965E-01   3   0 0  1 0  0 2  0 0
    20  0.1009261428001859       3   0 0  0 1  0 2  0 0
    21  -.3302306907368527E-01   3   0 0  1 0  0 1  1 0
    22  0.6384375427438964E-01   3   0 0  0 1  0 1  1 0
    23  -.5073195444556547E-01   3   0 0  1 0  0 0  2 0
    24  0.1004824876588004       3   0 0  0 1  0 0  2 0
    25  0.6592632253188660E-01   3   0 0  1 0  0 1  0 1
    26  0.1081660577029657E-01   3   0 0  0 1  0 1  0 1
    27  0.6570615702277557E-01   3   0 0  1 0  0 0  1 1
    28  0.1078048296798011E-01   3   0 0  0 1  0 0  1 1
    29  0.3079815148448063E-02   3   0 0  1 0  0 0  0 2
    30  0.1778982915582260E-04   3   0 0  0 1  0 0  0 2
    31  0.1555031410496555       4   2 0  1 0  0 1  0 0
    32  0.1530126762826576       4   1 1  1 0  0 1  0 0
    33  0.2099249677781660       4   0 2  1 0  0 1  0 0
    34  -.3633700276479745E-01   4   0 0  3 0  0 1  0 0
    35  0.5112813443276282       4   2 0  0 1  0 1  0 0
    36  0.4349641919071678E-01   4   1 1  0 1  0 1  0 0
    37  -.1783186714741522       4   0 2  0 1  0 1  0 0
    38  0.1870229215034184       4   0 0  2 1  0 1  0 0
    39  0.3308742626944540       4   0 0  1 2  0 1  0 0
    40  -.1656157706041578       4   0 0  0 3  0 1  0 0
    41  0.1549838275660143       4   2 0  1 0  0 0  1 0
    42  0.1525016798781818       4   1 1  1 0  0 0  1 0
    43  0.2092239088440251       4   0 2  1 0  0 0  1 0
    44  -.3621565283344885E-01   4   0 0  3 0  0 0  1 0
    45  0.5095738849525288       4   2 0  0 1  0 0  1 0
    46  0.4335115989355032E-01   4   1 1  0 1  0 0  1 0
    47  -.1777231639502769       4   0 2  0 1  0 0  1 0
    48  0.1863983455351720       4   0 0  2 1  0 0  1 0
    49  0.3297692852332493       4   0 0  1 2  0 0  1 0
    50  -.1650626852954143       4   0 0  0 3  0 0  1 0
    51  -.3104869686156690       4   2 0  1 0  0 0  0 1
    52  -.2018609609640820       4   1 1  1 0  0 0  0 1
    53  -.1373527582463712       4   0 2  1 0  0 0  0 1
    54  0.7255265559824498E-01   4   0 0  3 0  0 0  0 1
    55  -.5208602387209436       4   2 0  0 1  0 0  0 1
    56  -.4360820442748922E-01   4   1 1  0 1  0 0  0 1
    57  -.2332430717870856E-01   4   0 2  0 1  0 0  0 1
    58  -.9737431813309122E-01   4   0 0  2 1  0 0  0 1
    59  -.1882725582906498       4   0 0  1 2  0 0  0 1
    60  -.2705246058455302E-01   4   0 0  0 3  0 0  0 1
    61  0.4194721484528677E-01   4   0 0  1 0  0 3  0 0
    62  -.8229427901211224E-01   4   0 0  0 1  0 3  0 0
    63  0.2395747877808563E-01   4   0 0  1 0  0 2  1 0
    64  -.4509337942669558E-01   4   0 0  0 1  0 2  1 0
    65  0.2404689398949321E-01   4   0 0  1 0  0 1  2 0
    66  -.4527835518060983E-01   4   0 0  0 1  0 1  2 0
    67  0.4169721696084874E-01   4   0 0  1 0  0 0  3 0
    68  -.8180699462747969E-01   4   0 0  0 1  0 0  3 0
    69  -.4788458094622686E-01   4   0 0  1 0  0 2  0 1
    70  -.1080221193752541E-01   4   0 0  0 1  0 2  0 1
    71  -.2996260738778717E-01   4   0 0  1 0  0 1  1 1
    72  -.1078779360855821E-01   4   0 0  0 1  0 1  1 1
    73  -.4767463598090874E-01   4   0 0  1 0  0 0  2 1
    74  -.1074812391335216E-01   4   0 0  0 1  0 0  2 1
    75  -.3060437891766174E-02   4   0 0  1 0  0 1  0 2
    76  -.2879991364030917E-04   4   0 0  0 1  0 1  0 2
    77  -.3050217347973186E-02   4   0 0  1 0  0 0  1 2
    78  -.2870373433885636E-04   4   0 0  0 1  0 0  1 2
    79  -.1632501905225227E-04   4   0 0  1 0  0 0  0 3
    80  0.1378053503945360E-05   4   0 0  0 1  0 0  0 3
    ---------------------------------------------------
     I  COEFFICIENT            ORDER EXPONENTS
     1  -.9130592064882582       1   0 0  1 0  0 0  0 0
     2  0.8591118720050750       1   0 0  0 1  0 0  0 0
     3  -.2670006652655844E-01   2   0 0  1 0  0 1  0 0
     4  0.6901128740930895E-01   2   0 0  0 1  0 1  0 0
     5  -.2661089980961778E-01   2   0 0  1 0  0 0  1 0
     6  0.6878081944684153E-01   2   0 0  0 1  0 0  1 0
     7  -.8597482401520823       2   0 0  1 0  0 0  0 1
     8  -.1377921068561503       2   0 0  0 1  0 0  0 1
     9  -2.711509812231528       3   2 0  1 0  0 0  0 0
    10  -1.182557874292055       3   1 1  1 0  0 0  0 0
    11  -.5077203317207707       3   0 2  1 0  0 0  0 0
    12  -.6145056728541705       3   0 0  3 0  0 0  0 0
    13  -.2237511861310275       3   2 0  0 1  0 0  0 0
    14  -.2682388353070054       3   1 1  0 1  0 0  0 0
    15  -.1630316091433142       3   0 2  0 1  0 0  0 0
    16  -.4992918448062815       3   0 0  2 1  0 0  0 0
    17  0.3603443278484265       3   0 0  1 2  0 0  0 0
    18  -.7895265522866540E-02   3   0 0  0 3  0 0  0 0
    19  0.1975358328708630E-01   3   0 0  1 0  0 2  0 0
    20  -.5095727061273778E-01   3   0 0  0 1  0 2  0 0
    21  0.1285319879065885E-01   3   0 0  1 0  0 1  1 0
    22  -.3302306942546154E-01   3   0 0  0 1  0 1  1 0
    23  0.1966615275816368E-01   3   0 0  1 0  0 0  2 0
    24  -.5073195387576343E-01   3   0 0  0 1  0 0  2 0
    25  -.5236036536483164E-01   3   0 0  1 0  0 1  0 1
    26  0.6592632324162788E-01   3   0 0  0 1  0 1  0 1
    27  -.5218550430698574E-01   3   0 0  1 0  0 0  1 1
    28  0.6570615773014644E-01   3   0 0  0 1  0 0  1 1
    29  0.5227293483590889E-01   3   0 0  1 0  0 0  0 2
    30  0.3079812942188093E-02   3   0 0  0 1  0 0  0 2
    31   1.451943175149034       4   2 0  1 0  0 1  0 0
    32   1.165925986313165       4   1 1  1 0  0 1  0 0
    33  0.5176577164319389       4   0 2  1 0  0 1  0 0
    34  0.2090919806511442       4   0 0  3 0  0 1  0 0
    35  0.2678750259362835       4   2 0  0 1  0 1  0 0
    36  0.4109292653798260       4   1 1  0 1  0 1  0 0
    37  0.2546342074078243       4   0 2  0 1  0 1  0 0
    38  0.4508350973756508       4   0 0  2 1  0 1  0 0
    39  -.3072157001146409       4   0 0  1 2  0 1  0 0
    40  0.1545223727529957E-01   4   0 0  0 3  0 1  0 0
    41   1.447094310597210       4   2 0  1 0  0 0  1 0
    42   1.162032295925104       4   1 1  1 0  0 0  1 0
    43  0.5159289627216379       4   0 2  1 0  0 0  1 0
    44  0.2083937035350674       4   0 0  3 0  0 0  1 0
    45  0.2669804387790088       4   2 0  0 1  0 0  1 0
    46  0.4095569387059500       4   1 1  0 1  0 0  1 0
    47  0.2537838388788684       4   0 2  0 1  0 0  1 0
    48  0.4493295024186306       4   0 0  2 1  0 0  1 0
    49  -.3061897320578011       4   0 0  1 2  0 0  1 0
    50  0.1540063346128458E-01   4   0 0  0 3  0 0  1 0
    51  -5.610547297977774       4   2 0  1 0  0 0  0 1
    52  -2.327958282238270       4   1 1  1 0  0 0  0 1
    53  -.5258663474328052       4   0 2  1 0  0 0  0 1
    54  -1.031991357040381       4   0 0  3 0  0 0  0 1
    55  -.5348554647152932       4   2 0  0 1  0 0  0 1
    56  -.5522473687787719       4   1 1  0 1  0 0  0 1
    57  -.1823548280000640       4   0 2  0 1  0 0  0 1
    58  -.9001645997942821       4   0 0  2 1  0 0  0 1
    59  0.2530611043240147       4   0 0  1 2  0 0  0 1
    60  -.1506233969085069E-01   4   0 0  0 3  0 0  0 1
    61  -.1628735980939413E-01   4   0 0  1 0  0 3  0 0
    62  0.4194721472259116E-01   4   0 0  0 1  0 3  0 0
    63  -.9366595621600637E-02   4   0 0  1 0  0 2  1 0
    64  0.2395747955083199E-01   4   0 0  0 1  0 2  1 0
    65  -.9400991704280591E-02   4   0 0  1 0  0 1  2 0
    66  0.2404689475775604E-01   4   0 0  0 1  0 1  2 0
    67  -.1619018300247768E-01   4   0 0  1 0  0 0  3 0
    68  0.4169721683748173E-01   4   0 0  0 1  0 0  3 0
    69  0.3847509176269664E-01   4   0 0  1 0  0 2  0 1
    70  -.4788458249313005E-01   4   0 0  0 1  0 2  0 1
    71  0.2468197586110358E-01   4   0 0  1 0  0 1  1 1
    72  -.2996260976625289E-01   4   0 0  0 1  0 1  1 1
    73  0.3830538795355021E-01   4   0 0  1 0  0 0  2 1
    74  -.4767463751867444E-01   4   0 0  0 1  0 0  2 1
    75  -.2463589701083275E-01   4   0 0  1 0  0 1  0 2
    76  -.3060435865371435E-02   4   0 0  0 1  0 1  0 2
    77  -.2455362373060886E-01   4   0 0  1 0  0 0  1 2
    78  -.3050215328345770E-02   4   0 0  0 1  0 0  1 2
    79  -.1027804698155745E-02   4   0 0  1 0  0 0  0 3
    80  -.1632489688631426E-04   4   0 0  0 1  0 0  0 3
    ---------------------------------------------------
     I  COEFFICIENT            ORDER EXPONENTS
     1   1.000000000000000       1   0 0  0 0  1 0  0 0
     2  0.7417624506054105E-01   1   0 0  0 0  0 1  0 0
     3  -.7417624506054113E-01   1   0 0  0 0  0 0  1 0
     4  -.2199588369195313E-01   2   2 0  0 0  0 0  0 0
     5  -.7745454035458410E-01   2   1 1  0 0  0 0  0 0
     6  -.8014764691378737E-01   2   0 2  0 0  0 0  0 0
     7  -.2003652440438150E-01   2   0 0  2 0  0 0  0 0
     8  0.6694779256589195E-01   2   0 0  1 1  0 0  0 0
     9  -.6928736373259134E-01   2   0 0  0 2  0 0  0 0
    10  -.5572523292818604E-01   2   0 0  0 0  0 2  0 0
    11  0.3727422079583104E-01   2   0 0  0 0  0 1  1 0
    12  0.1845101213235503E-01   2   0 0  0 0  0 0  2 0
    13  0.3347419728057671E-01   3   2 0  0 0  0 1  0 0
    14  0.1188266293454477       3   1 1  0 0  0 1  0 0
    15  0.1230398302346501       3   0 2  0 0  0 1  0 0
    16  0.2955646786836011E-01   3   0 0  2 0  0 1  0 0
    17  -.9781820105102446E-01   3   0 0  1 1  0 1  0 0
    18  0.1013248202320494       3   0 0  0 2  0 1  0 0
    19  0.1151319242669957E-01   3   2 0  0 0  0 0  1 0
    20  0.4149172500128628E-01   3   1 1  0 0  0 0  1 0
    21  0.4301570665120212E-01   3   0 2  0 0  0 0  1 0
    22  0.9554840850865089E-02   3   0 0  2 0  0 0  1 0
    23  -.3099014475184705E-01   3   0 0  1 1  0 0  1 0
    24  0.3216108239566635E-01   3   0 0  0 2  0 0  1 0
    25  -.4498738970727700E-01   3   2 0  0 0  0 0  0 1
    26  -.8286381399215043E-01   3   1 1  0 0  0 0  0 1
    27  -.5760243058277104E-02   3   0 2  0 0  0 0  0 1
    28  -.3911130871922519E-01   3   0 0  2 0  0 0  0 1
    29  0.6186055323697945E-01   3   0 0  1 1  0 0  0 1
    30  0.5088824837467074E-02   3   0 0  0 2  0 0  0 1
    31  0.4645333198884810E-01   3   0 0  0 0  0 3  0 0
    32  -.2790953011017228E-01   3   0 0  0 0  0 2  1 0
    33  -.9364690685658750E-02   3   0 0  0 0  0 1  2 0
    34  -.9179111193017096E-02   3   0 0  0 0  0 0  3 0
    35  -.1891807493339815       4   4 0  0 0  0 0  0 0
    36  -.3777616069537488       4   3 1  0 0  0 0  0 0
    37  -.5021972799732894       4   2 2  0 0  0 0  0 0
    38  -.1958972521717566       4   1 3  0 0  0 0  0 0
    39  -.7477663592448941E-01   4   0 4  0 0  0 0  0 0
    40  -.6236224175183042       4   2 0  2 0  0 0  0 0
    41  -.2423096688622353       4   1 1  2 0  0 0  0 0
    42  -.2923390296227978       4   0 2  2 0  0 0  0 0
    43  -.6723815770608482E-01   4   0 0  4 0  0 0  0 0
    44  -.2222243337868504       4   2 0  1 1  0 0  0 0
    45  -.1628389161129085E-01   4   1 1  1 1  0 0  0 0
    46  0.6026560784458423E-01   4   0 2  1 1  0 0  0 0
    47  -.1330266504869549       4   0 0  3 1  0 0  0 0
    48  0.1843380283183097       4   2 0  0 2  0 0  0 0
    49  -.8637233208009759E-01   4   1 1  0 2  0 0  0 0
    50  -.1135725446885298       4   0 2  0 2  0 0  0 0
    51  0.7827381841882616E-01   4   0 0  2 2  0 0  0 0
    52  0.1044213808399926       4   0 0  1 3  0 0  0 0
    53  -.4203199397853286E-01   4   0 0  0 4  0 0  0 0
    54  -.4233786220658153E-01   4   2 0  0 0  0 2  0 0
    55  -.1512409015193777       4   1 1  0 0  0 2  0 0
    56  -.1567040581068802       4   0 2  0 0  0 2  0 0
    57  -.3646276888726724E-01   4   0 0  2 0  0 2  0 0
    58  0.1197359512616348       4   0 0  1 1  0 2  0 0
    59  -.1241399730698667       4   0 0  0 2  0 2  0 0
    60  -.1774502641231257E-01   4   2 0  0 0  0 1  1 0
    61  -.6488917390966209E-01   4   1 1  0 0  0 1  1 0
    62  -.6739091556346016E-01   4   0 2  0 0  0 1  1 0
    63  -.1383029200134041E-01   4   0 0  2 0  0 1  1 0
    64  0.4389609619803141E-01   4   0 0  1 1  0 1  1 0
    65  -.4569272843061910E-01   4   0 0  0 2  0 1  1 0
    66  -.8898526666678369E-02   4   2 0  0 0  0 0  2 0
    67  -.3253375689138577E-01   4   1 1  0 0  0 0  2 0
    68  -.3378745349386748E-01   4   0 2  0 0  0 0  2 0
    69  -.6941187227333542E-02   4   0 0  2 0  0 0  2 0
    70  0.2203736811458282E-01   4   0 0  1 1  0 0  2 0
    71  -.2293851345691265E-01   4   0 0  0 2  0 0  2 0
    72  0.6894655354489981E-01   4   2 0  0 0  0 1  0 1
    73  0.1297177182575227       4   1 1  0 0  0 1  0 1
    74  0.1167954107327153E-01   4   0 2  0 0  0 1  0 1
    75  0.5719936190751440E-01   4   0 0  2 0  0 1  0 1
    76  -.8773159661925292E-01   4   0 0  1 1  0 1  0 1
    77  -.1000178612579562E-01   4   0 0  0 2  0 1  0 1
    78  0.2402888731896988E-01   4   2 0  0 0  0 0  1 1
    79  0.4697323768986256E-01   4   1 1  0 0  0 0  1 1
    80  0.5918702597589309E-02   4   0 2  0 0  0 0  1 1
    81  0.1815782560514204E-01   4   0 0  2 0  0 0  1 1
    82  -.2599054292350349E-01   4   0 0  1 1  0 0  1 1
    83  -.4913491842554397E-02   4   0 0  0 2  0 0  1 1
    84  -.2399402557829672E-01   4   2 0  0 0  0 0  0 2
    85  -.5481663981542206E-02   4   1 1  0 0  0 0  0 2
    86  -.1587572480148732E-03   4   0 2  0 0  0 0  0 2
    87  -.1812293939671571E-01   4   0 0  2 0  0 0  0 2
    88  -.4999483465601175E-02   4   0 0  1 1  0 0  0 2
    89  -.1755982720256046E-03   4   0 0  0 2  0 0  0 2
    90  -.4065251367415505E-01   4   0 0  0 0  0 4  0 0
    91  0.2325005873007568E-01   4   0 0  0 0  0 3  1 0
    92  0.6989207070144872E-02   4   0 0  0 0  0 2  2 0
    93  0.4705219305562169E-02   4   0 0  0 0  0 1  3 0
    94  0.5708028568372275E-02   4   0 0  0 0  0 0  4 0
    ---------------------------------------------------
     I  COEFFICIENT            ORDER EXPONENTS
     1   1.000000000000000       1   0 0  0 0  0 1  0 0
     --------------------------------------------------
     I  COEFFICIENT            ORDER EXPONENTS
     1   1.000000000000000       1   0 0  0 0  0 0  1 0
     --------------------------------------------------
     I  COEFFICIENT            ORDER EXPONENTS
     1   1.000000000000000       1   0 0  0 0  0 0  0 1
     --------------------------------------------------
