     I  COEFFICIENT            ORDER EXPONENTS
     1  -.7609040472101209E-04   0   0 0  0 0  0 0  0 0
     2   1.117899975121466       1   1 0  0 0  0 0  0 0
     3  0.2580340250478944       1   0 1  0 0  0 0  0 0
     4  0.5789286051935040E-05   1   0 0  1 0  0 0  0 0
     5  0.4178442371258648E-06   1   0 0  0 1  0 0  0 0
     6  -.1488052565473355E-05   1   0 0  0 0  0 1  0 0
     7  -.1483083111117680E-05   1   0 0  0 0  0 0  1 0
     8  0.2971135676591160E-05   1   0 0  0 0  0 0  0 1
     9  0.1526407503245817E-03   2   2 0  0 0  0 0  0 0
    10  0.1095351418109822E-04   2   1 1  0 0  0 0  0 0
    11  0.2946912737845525E-05   2   0 2  0 0  0 0  0 0
    12  0.3413274658506368E-03   2   1 0  1 0  0 0  0 0
    13  -.5841014016560913E-04   2   0 1  1 0  0 0  0 0
    14  -.1531315322546472E-03   2   0 0  2 0  0 0  0 0
    15  0.3576289898434612E-05   2   1 0  0 1  0 0  0 0
    16  -.2048614019829680E-05   2   0 1  0 1  0 0  0 0
    17  -.1376594036624756E-06   2   0 0  1 1  0 0  0 0
    18  0.2228326936389308E-05   2   0 0  0 2  0 0  0 0
    19  -.6011413740921283E-01   2   1 0  0 0  0 1  0 0
    20  -.1332754818019451       2   0 1  0 0  0 1  0 0
    21  -.2845986834764699E-05   2   0 0  1 0  0 1  0 0
    22  -.4049065731347648E-06   2   0 0  0 1  0 1  0 0
    23  -.5991338209389735E-01   2   1 0  0 0  0 0  1 0
    24  -.1328303991221283       2   0 1  0 0  0 0  1 0
    25  -.2836482465093594E-05   2   0 0  1 0  0 0  1 0
    26  -.4035543596577613E-06   2   0 0  0 1  0 0  1 0
    27  0.1200275195031101       2   1 0  0 0  0 0  0 1
    28  0.8071855876178667E-02   2   0 1  0 0  0 0  0 1
    29  0.5682469299858287E-05   2   0 0  1 0  0 0  0 1
    30  0.3906166956666579E-06   2   0 0  0 1  0 0  0 1
    31  0.1137150093820766E-05   2   0 0  0 0  0 2  0 0
    32  0.7885616742432144E-06   2   0 0  0 0  0 1  1 0
    33  0.1132035774476573E-05   2   0 0  0 0  0 0  2 0
    34  -.1574754908750617E-05   2   0 0  0 0  0 1  0 1
    35  -.1569495905929072E-05   2   0 0  0 0  0 0  1 1
    36  0.8655741849802628E-07   2   0 0  0 0  0 0  0 2
    37  0.1742879146584600       3   3 0  0 0  0 0  0 0
    38  0.6746876290779659       3   2 1  0 0  0 0  0 0
    39  0.2716369464628948       3   1 2  0 0  0 0  0 0
    40  0.1492299166777154       3   0 3  0 0  0 0  0 0
    41  0.2981174510569849E-04   3   2 0  1 0  0 0  0 0
    42  0.1599240083725887E-04   3   1 1  1 0  0 0  0 0
    43  0.9874751804987838E-05   3   0 2  1 0  0 0  0 0
    44  -.2209047889331491       3   1 0  2 0  0 0  0 0
    45  0.4526008351898770       3   0 1  2 0  0 0  0 0
    46  -.7629907458661568E-05   3   0 0  3 0  0 0  0 0
    47  0.3060883922682579E-04   3   2 0  0 1  0 0  0 0
    48  0.8272851071540971E-05   3   1 1  0 1  0 0  0 0
    49  0.1353382515017664E-05   3   0 2  0 1  0 0  0 0
    50  -.1067070288230519       3   1 0  1 1  0 0  0 0
    51  -.1510911516045002E-01   3   0 1  1 1  0 0  0 0
    52  0.1577038107547125E-04   3   0 0  2 1  0 0  0 0
    53  0.1153290639058241       3   1 0  0 2  0 0  0 0
    54  0.1387552952124706       3   0 1  0 2  0 0  0 0
    55  0.7287484007689667E-05   3   0 0  1 2  0 0  0 0
    56  0.8209543307788735E-06   3   0 0  0 3  0 0  0 0
    57  -.7961736697312991E-04   3   2 0  0 0  0 1  0 0
    58  -.1381258133693189E-04   3   1 1  0 0  0 1  0 0
    59  -.4785617090746428E-05   3   0 2  0 0  0 1  0 0
    60  -.1774486332931690E-03   3   1 0  1 0  0 1  0 0
    61  0.5822348865937362E-04   3   0 1  1 0  0 1  0 0
    62  0.7927476879638754E-04   3   0 0  2 0  0 1  0 0
    63  -.4959214268033820E-05   3   1 0  0 1  0 1  0 0
    64  0.2797475737100211E-05   3   0 1  0 1  0 1  0 0
    65  0.2509714560059983E-06   3   0 0  1 1  0 1  0 0
    66  -.3450928971612565E-05   3   0 0  0 2  0 1  0 0
    67  -.7935147927515928E-04   3   2 0  0 0  0 0  1 0
    68  -.1376645326721175E-04   3   1 1  0 0  0 0  1 0
    69  -.4769635191821444E-05   3   0 2  0 0  0 0  1 0
    70  -.1768560313219127E-03   3   1 0  1 0  0 0  1 0
    71  0.5802904729618826E-04   3   0 1  1 0  0 0  1 0
    72  0.7901002522869826E-04   3   0 0  2 0  0 0  1 0
    73  -.4942652629341270E-05   3   1 0  0 1  0 0  1 0
    74  0.2788133373591518E-05   3   0 1  0 1  0 0  1 0
    75  0.2501333194884968E-06   3   0 0  1 1  0 0  1 0
    76  -.3439404355878452E-05   3   0 0  0 2  0 0  1 0
    77  0.1589688462482893E-03   3   2 0  0 0  0 0  0 1
    78  0.1662552042304597E-04   3   1 1  0 0  0 0  0 1
    79  0.3661426806876630E-05   3   0 2  0 0  0 0  0 1
    80  0.3543046646150818E-03   3   1 0  1 0  0 0  0 1
    81  -.5784239578995287E-04   3   0 1  1 0  0 0  0 1
    82  -.1582847940250857E-03   3   0 0  2 0  0 0  0 1
    83  0.6325576998940031E-05   3   1 0  0 1  0 0  0 1
    84  -.1488381071032267E-05   3   0 1  0 1  0 0  0 1
    85  -.3634453718319171E-06   3   0 0  1 1  0 0  0 1
    86  0.2433679454712476E-05   3   0 0  0 2  0 0  0 1
    87  0.4559721469770788E-01   3   1 0  0 0  0 2  0 0
    88  0.1019352775628364       3   0 1  0 0  0 2  0 0
    89  0.2128959574177029E-05   3   0 0  1 0  0 2  0 0
    90  0.3486163835550511E-06   3   0 0  0 1  0 2  0 0
    91  0.3117662210267837E-01   3   1 0  0 0  0 1  1 0
    92  0.7080299758001482E-01   3   0 1  0 0  0 1  1 0
    93  0.1422555465219428E-05   3   0 0  1 0  0 1  1 0
    94  0.3336127133280179E-06   3   0 0  0 1  0 1  1 0
    95  0.4539288140700686E-01   3   1 0  0 0  0 0  2 0
    96  0.1014766319092621       3   0 1  0 0  0 0  2 0
    97  0.2119474405451862E-05   3   0 0  1 0  0 0  2 0
    98  0.3468950937022347E-06   3   0 0  0 1  0 0  2 0
    99  -.6225705689848912E-01   3   1 0  0 0  0 1  0 1
   100  -.8122940639151810E-02   3   0 1  0 0  0 1  0 1
   101  -.2842790616328357E-05   3   0 0  1 0  0 1  0 1
   102  -.3911680073959746E-06   3   0 0  0 1  0 1  0 1
   103  -.6204914515547959E-01   3   1 0  0 0  0 0  1 1
   104  -.8095813517652864E-02   3   0 1  0 0  0 0  1 1
   105  -.2833296920649556E-05   3   0 0  1 0  0 0  1 1
   106  -.3898616748084906E-06   3   0 0  0 1  0 0  1 1
   107  0.2139382033746948E-02   3   1 0  0 0  0 0  0 2
   108  0.3752804463518948E-04   3   0 1  0 0  0 0  0 2
   109  0.2037490272844973E-08   3   0 0  1 0  0 0  0 2
   110  0.4349577513359670E-10   3   0 0  0 1  0 0  0 2
   111  -.9620362179871151E-06   3   0 0  0 0  0 3  0 0
   112  -.6124192534018522E-06   3   0 0  0 0  0 2  1 0
   113  -.6141545144323186E-06   3   0 0  0 0  0 1  2 0
   114  -.9561978631391925E-06   3   0 0  0 0  0 0  3 0
   115  0.1224312636399657E-05   3   0 0  0 0  0 2  0 1
   116  0.8761934536082132E-06   3   0 0  0 0  0 1  1 1
   117  0.1218760905471161E-05   3   0 0  0 0  0 0  2 1
   118  -.8765556206499061E-07   3   0 0  0 0  0 1  0 2
   119  -.8736283025912644E-07   3   0 0  0 0  0 0  1 2
   120  0.6345184426844923E-09   3   0 0  0 0  0 0  0 3
   121  -.9937198667050209E-04   4   4 0  0 0  0 0  0 0
   122  0.4270300000259927E-03   4   3 1  0 0  0 0  0 0
   123  0.5250149192596763E-03   4   2 2  0 0  0 0  0 0
   124  0.3115428655748985E-03   4   1 3  0 0  0 0  0 0
   125  0.1901341220267224E-03   4   0 4  0 0  0 0  0 0
   126  -.2132921740143585E-03   4   3 0  1 0  0 0  0 0
   127  0.2311857316859674E-05   4   2 1  1 0  0 0  0 0
   128  -.1800278594235703E-03   4   1 2  1 0  0 0  0 0
   129  -.1213149781767938E-03   4   0 3  1 0  0 0  0 0
   130  -.1125848975437887E-02   4   2 0  2 0  0 0  0 0
   131  -.1806978596786039E-04   4   1 1  2 0  0 0  0 0
   132  0.2535236380682602E-03   4   0 2  2 0  0 0  0 0
   133  -.8842146428488538E-03   4   1 0  3 0  0 0  0 0
   134  0.1925286256055186E-03   4   0 1  3 0  0 0  0 0
   135  -.1447186256010908E-07   4   0 0  4 0  0 0  0 0
   136  -.1958307103702030E-03   4   3 0  0 1  0 0  0 0
   137  -.1052113139345865E-03   4   2 1  0 1  0 0  0 0
   138  0.1738917319757964E-03   4   1 2  0 1  0 0  0 0
   139  0.1476397877925182E-03   4   0 3  0 1  0 0  0 0
   140  -.6335170631765429E-03   4   2 0  1 1  0 0  0 0
   141  -.8514076926554870E-03   4   1 1  1 1  0 0  0 0
   142  -.9679316875183441E-04   4   0 2  1 1  0 0  0 0
   143  -.8341490871046029E-03   4   1 0  2 1  0 0  0 0
   144  -.6977108462500669E-03   4   0 1  2 1  0 0  0 0
   145  -.1927476527479525E-07   4   0 0  3 1  0 0  0 0
   146  0.4562800023997143E-03   4   2 0  0 2  0 0  0 0
   147  0.2160904752965547E-03   4   1 1  0 2  0 0  0 0
   148  0.2059974088156482E-03   4   0 2  0 2  0 0  0 0
   149  0.2080181913773137E-04   4   1 0  1 2  0 0  0 0
   150  -.2311653112051584E-03   4   0 1  1 2  0 0  0 0
   151  0.7147535319952662E-04   4   0 0  2 2  0 0  0 0
   152  0.1404694954981521E-03   4   1 0  0 3  0 0  0 0
   153  0.1326542440539924E-03   4   0 1  0 3  0 0  0 0
   154  -.2384101663915012E-05   4   0 0  1 3  0 0  0 0
   155  0.3210705233712172E-04   4   0 0  0 4  0 0  0 0
   156  -.1829382488214235       4   3 0  0 0  0 1  0 0
   157  -.7892692569120102       4   2 1  0 0  0 1  0 0
   158  -.4289783500698049       4   1 2  0 0  0 1  0 0
   159  -.2372496058419832       4   0 3  0 0  0 1  0 0
   160  -.2682250485022591E-04   4   2 0  1 0  0 1  0 0
   161  -.2382139104978442E-04   4   1 1  1 0  0 1  0 0
   162  -.1549523484144119E-04   4   0 2  1 0  0 1  0 0
   163  0.1675767264489472       4   1 0  2 0  0 1  0 0
   164  -.4532373595944151       4   0 1  2 0  0 1  0 0
   165  0.5515419000295930E-05   4   0 0  3 0  0 1  0 0
   166  -.3472978436764516E-04   4   2 0  0 1  0 1  0 0
   167  -.1377771715426431E-04   4   1 1  0 1  0 1  0 0
   168  -.2853555772325983E-05   4   0 2  0 1  0 1  0 0
   169  0.1539375953821145       4   1 0  1 1  0 1  0 0
   170  0.2919405395249096E-01   4   0 1  1 1  0 1  0 0
   171  -.1285671592917668E-04   4   0 0  2 1  0 1  0 0
   172  -.1734148623263061       4   1 0  0 2  0 1  0 0
   173  -.2150734458202566       4   0 1  0 2  0 1  0 0
   174  -.1039652833181934E-04   4   0 0  1 2  0 1  0 0
   175  -.1632428037562782E-05   4   0 0  0 3  0 1  0 0
   176  -.1823273138998184       4   3 0  0 0  0 0  1 0
   177  -.7866334376959461       4   2 1  0 0  0 0  1 0
   178  -.4275457472305491       4   1 2  0 0  0 0  1 0
   179  -.2364572943911002       4   0 3  0 0  0 0  1 0
   180  -.2673292924204399E-04   4   2 0  1 0  0 0  1 0
   181  -.2374183786849348E-04   4   1 1  1 0  0 0  1 0
   182  -.1544348743408330E-04   4   0 2  1 0  0 0  1 0
   183  0.1670170923926721       4   1 0  2 0  0 0  1 0
   184  -.4517237421167373       4   0 1  2 0  0 0  1 0
   185  0.5496999877470223E-05   4   0 0  3 0  0 0  1 0
   186  -.3461380185318093E-04   4   2 0  0 1  0 0  1 0
   187  -.1373170551589035E-04   4   1 1  0 1  0 0  1 0
   188  -.2844026125664929E-05   4   0 2  0 1  0 0  1 0
   189  0.1534235101463987       4   1 0  1 1  0 0  1 0
   190  0.2909655839222547E-01   4   0 1  1 1  0 0  1 0
   191  -.1281378003802827E-04   4   0 0  2 1  0 0  1 0
   192  -.1728357314118971       4   1 0  0 2  0 0  1 0
   193  -.2143551931879731       4   0 1  0 2  0 0  1 0
   194  -.1036180840713288E-04   4   0 0  1 2  0 0  1 0
   195  -.1626976431342772E-05   4   0 0  0 3  0 0  1 0
   196  0.3652655627212413       4   3 0  0 0  0 0  0 1
   197  0.9012150655299898       4   2 1  0 0  0 0  0 1
   198  0.3132502043745631       4   1 2  0 0  0 0  0 1
   199  0.2601715019993742E-01   4   0 3  0 0  0 0  0 1
   200  0.5355543409226980E-04   4   2 0  1 0  0 0  0 1
   201  0.3157082808101903E-04   4   1 1  1 0  0 0  0 1
   202  0.1118921866554880E-04   4   0 2  1 0  0 0  0 1
   203  -.3345938188416182       4   1 0  2 0  0 0  0 1
   204  0.4523602665212753       4   0 1  2 0  0 0  0 1
   205  -.1101241887776612E-04   4   0 0  3 0  0 0  0 1
   206  0.3873474699400028E-04   4   2 0  0 1  0 0  0 1
   207  0.1096372052707262E-04   4   1 1  0 1  0 0  0 1
   208  0.1637434352937951E-05   4   0 2  0 1  0 0  0 1
   209  -.2006540767054624       4   1 0  1 1  0 0  0 1
   210  -.2807238202381690E-01   4   0 1  1 1  0 0  0 1
   211  0.9900114891733670E-05   4   0 0  2 1  0 0  0 1
   212  0.1155924659265555       4   1 0  0 2  0 0  0 1
   213  0.1316275337081772E-01   4   0 1  0 2  0 0  0 1
   214  0.6183368723572877E-05   4   0 0  1 2  0 0  0 1
   215  0.7965414765689270E-06   4   0 0  0 3  0 0  0 1
   216  0.3126237746182042E-03   4   2 0  0 0  0 2  0 0
   217  0.2876745809913989E-03   4   1 1  0 0  0 2  0 0
   218  0.2746559550348801E-03   4   0 2  0 0  0 2  0 0
   219  0.6422582995411736E-04   4   1 0  1 0  0 2  0 0
   220  -.5284744674434188E-04   4   0 1  1 0  0 2  0 0
   221  0.8952925446868053E-04   4   0 0  2 0  0 2  0 0
   222  0.1510234090932363E-03   4   1 0  0 1  0 2  0 0
   223  0.1852113545332144E-03   4   0 1  0 1  0 2  0 0
   224  -.5206230171766587E-05   4   0 0  1 1  0 2  0 0
   225  0.8143611282527694E-04   4   0 0  0 2  0 2  0 0
   226  0.3214666192295942E-03   4   2 0  0 0  0 1  1 0
   227  0.3626060890613716E-03   4   1 1  0 0  0 1  1 0
   228  0.3389784635136923E-03   4   0 2  0 0  0 1  1 0
   229  0.1165152440116095E-04   4   1 0  1 0  0 1  1 0
   230  -.5735284762040477E-04   4   0 1  1 0  0 1  1 0
   231  0.1073203767927939E-03   4   0 0  2 0  0 1  1 0
   232  0.1810193704673212E-03   4   1 0  0 1  0 1  1 0
   233  0.2256899562271959E-03   4   0 1  0 1  0 1  1 0
   234  -.8008915173075563E-05   4   0 0  1 1  0 1  1 0
   235  0.9933276507384179E-04   4   0 0  0 2  0 1  1 0
   236  0.3110429659299732E-03   4   2 0  0 0  0 0  2 0
   237  0.2861083978081208E-03   4   1 1  0 0  0 0  2 0
   238  0.2731727014964783E-03   4   0 2  0 0  0 0  2 0
   239  0.6399188782207582E-04   4   1 0  1 0  0 0  2 0
   240  -.5257519214593521E-04   4   0 1  1 0  0 0  2 0
   241  0.8905106343091286E-04   4   0 0  2 0  0 0  2 0
   242  0.1502167926366011E-03   4   1 0  0 1  0 0  2 0
   243  0.1842159748168768E-03   4   0 1  0 1  0 0  2 0
   244  -.5175470443608050E-05   4   0 0  1 1  0 0  2 0
   245  0.8099828698381291E-04   4   0 0  0 2  0 0  2 0
   246  -.3936502433185111E-03   4   2 0  0 0  0 1  0 1
   247  -.2424442197753359E-03   4   1 1  0 0  0 1  0 1
   248  -.3374875675683080E-04   4   0 2  0 0  0 1  0 1
   249  -.7587169546087211E-04   4   1 0  1 0  0 1  0 1
   250  0.5639728102354235E-04   4   0 1  1 0  0 1  0 1
   251  -.7157697242076142E-04   4   0 0  2 0  0 1  0 1
   252  -.1221625710497359E-03   4   1 0  0 1  0 1  0 1
   253  -.1483650126495627E-04   4   0 1  0 1  0 1  0 1
   254  0.4436538303586181E-05   4   0 0  1 1  0 1  0 1
   255  -.4005324177406835E-05   4   0 0  0 2  0 1  0 1
   256  -.3923356211326607E-03   4   2 0  0 0  0 0  1 1
   257  -.2416345605523135E-03   4   1 1  0 0  0 0  1 1
   258  -.3363605045185461E-04   4   0 2  0 0  0 0  1 1
   259  -.7561831669171365E-04   4   1 0  1 0  0 0  1 1
   260  0.5620893840693387E-04   4   0 1  1 0  0 0  1 1
   261  -.7133793617592871E-04   4   0 0  2 0  0 0  1 1
   262  -.1217546007031952E-03   4   1 0  0 1  0 0  1 1
   263  -.1478695374389065E-04   4   0 1  0 1  0 0  1 1
   264  0.4421722177389735E-05   4   0 0  1 1  0 0  1 1
   265  -.3991948120578430E-05   4   0 0  0 2  0 0  1 1
   266  0.5400006188736550E-04   4   2 0  0 0  0 0  0 2
   267  0.1144853179529442E-04   4   1 1  0 0  0 0  0 2
   268  0.4996356922102424E-06   4   0 2  0 0  0 0  0 2
   269  -.2506322660099545E-04   4   1 0  1 0  0 0  0 2
   270  -.3894467479841735E-05   4   0 1  1 0  0 0  0 2
   271  -.1674410225708879E-08   4   0 0  2 0  0 0  0 2
   272  0.8130327412753131E-06   4   1 0  0 1  0 0  0 2
   273  -.1336559805532987E-06   4   0 1  0 1  0 0  0 2
   274  -.3225882363983076E-09   4   0 0  1 1  0 0  0 2
   275  0.5912962026322875E-08   4   0 0  0 2  0 0  0 2
   276  -.3835229811375600E-01   4   1 0  0 0  0 3  0 0
   277  -.8629585353850835E-01   4   0 1  0 0  0 3  0 0
   278  -.1774581915998770E-05   4   0 0  1 0  0 3  0 0
   279  -.3930836530975085E-06   4   0 0  0 1  0 3  0 0
   280  -.2388684007513859E-01   4   1 0  0 0  0 2  1 0
   281  -.5506963424055059E-01   4   0 1  0 0  0 2  1 0
   282  -.1065825075383941E-05   4   0 0  1 0  0 2  1 0
   283  -.4378641415137893E-06   4   0 0  0 1  0 2  1 0
   284  -.2395866107123849E-01   4   1 0  0 0  0 1  2 0
   285  -.5522461376535553E-01   4   0 1  0 0  0 1  2 0
   286  -.1069345801915060E-05   4   0 0  1 0  0 1  2 0
   287  -.4376332442822972E-06   4   0 0  0 1  0 1  2 0
   288  -.3812042592908901E-01   4   1 0  0 0  0 0  3 0
   289  -.8577192136156010E-01   4   0 1  0 0  0 0  3 0
   290  -.1763918685853291E-05   4   0 0  1 0  0 0  3 0
   291  -.3903858683013746E-06   4   0 0  0 1  0 0  3 0
   292  0.4774913890989099E-01   4   1 0  0 0  0 2  0 1
   293  0.8150994762920485E-02   4   0 1  0 0  0 2  0 1
   294  0.2132423509556368E-05   4   0 0  1 0  0 2  0 1
   295  0.3926108986559786E-06   4   0 0  0 1  0 2  0 1
   296  0.3333742697467725E-01   4   1 0  0 0  0 1  1 1
   297  0.8178770916422889E-02   4   0 1  0 0  0 1  1 1
   298  0.1426769338030034E-05   4   0 0  1 0  0 1  1 1
   299  0.3940397904140792E-06   4   0 0  0 1  0 1  1 1
   300  0.4753401104101854E-01   4   1 0  0 0  0 0  2 1
   301  0.8110117167453317E-02   4   0 1  0 0  0 0  2 1
   302  0.2122919736519964E-05   4   0 0  1 0  0 0  2 1
   303  0.3906417858807949E-06   4   0 0  0 1  0 0  2 1
   304  -.2160741873594182E-02   4   1 0  0 0  0 1  0 2
   305  -.5595753892327877E-04   4   0 1  0 0  0 1  0 2
   306  -.2857923847256720E-08   4   0 0  1 0  0 1  0 2
   307  -.4309069898915729E-10   4   0 0  0 1  0 1  0 2
   308  -.2153525926816157E-02   4   1 0  0 0  0 0  1 2
   309  -.5577066485580307E-04   4   0 1  0 0  0 0  1 2
   310  -.2848379613106732E-08   4   0 0  1 0  0 0  1 2
   311  -.4294679462297111E-10   4   0 0  0 1  0 0  1 2
   312  0.1183457763955272E-04   4   1 0  0 0  0 0  0 3
   313  -.2853100420256795E-06   4   0 1  0 0  0 0  0 3
   314  0.5437742995963625E-09   4   0 0  1 0  0 0  0 3
   315  -.1481661507213052E-10   4   0 0  0 1  0 0  0 3
   316  0.2347217325519831E-04   4   0 0  0 0  0 4  0 0
   317  0.1451896633832452E-04   4   0 0  0 0  0 3  1 0
   318  0.1333532652466195E-04   4   0 0  0 0  0 2  2 0
   319  0.1458211437123119E-04   4   0 0  0 0  0 1  3 0
   320  0.2329140535921378E-04   4   0 0  0 0  0 0  4 0
   321  -.1768505009179496E-05   4   0 0  0 0  0 3  0 1
   322  -.2099049531340606E-05   4   0 0  0 0  0 2  1 1
   323  -.2097364131469399E-05   4   0 0  0 0  0 1  2 1
   324  -.1756152719699183E-05   4   0 0  0 0  0 0  3 1
   325  0.1033021972632627E-07   4   0 0  0 0  0 2  0 2
   326  0.1469355812779815E-07   4   0 0  0 0  0 1  1 2
   327  0.1027118616751884E-07   4   0 0  0 0  0 0  2 2
   328  0.4514007332275881E-10   4   0 0  0 0  0 1  0 3
   329  0.4498932492905595E-10   4   0 0  0 0  0 0  1 3
   ----------------------------------------------------
     I  COEFFICIENT            ORDER EXPONENTS
     1  0.7258365182507077E-05   0   0 0  0 0  0 0  0 0
     2  0.9677033049798506       1   1 0  0 0  0 0  0 0
     3   1.117899996986034       1   0 1  0 0  0 0  0 0
     4  0.4532298426059353E-04   1   0 0  1 0  0 0  0 0
     5  0.5747307749924148E-05   1   0 0  0 1  0 0  0 0
     6  -.6359965845400899E-06   1   0 0  0 0  0 1  0 0
     7  -.6338726300035047E-06   1   0 0  0 0  0 0  1 0
     8  0.8528234397050638E-05   1   0 0  0 0  0 0  0 1
     9  -.9575532125867462E-04   2   2 0  0 0  0 0  0 0
    10  -.3400042956532099E-03   2   1 1  0 0  0 0  0 0
    11  -.4216551279892332E-04   2   0 2  0 0  0 0  0 0
    12  0.6082449366290075E-03   2   1 0  1 0  0 0  0 0
    13  -.2514945015262108E-03   2   0 1  1 0  0 0  0 0
    14  -.2266443589716095E-03   2   0 0  2 0  0 0  0 0
    15  -.2558966409775575E-03   2   1 0  0 1  0 0  0 0
    16  -.6441593115788624E-04   2   0 1  0 1  0 0  0 0
    17  0.2544696070696727E-03   2   0 0  1 1  0 0  0 0
    18  0.3982033945562681E-04   2   0 0  0 2  0 0  0 0
    19  -.2105176699696963E-01   2   1 0  0 0  0 1  0 0
    20  -.6011414601920146E-01   2   0 1  0 0  0 1  0 0
    21  -.4329467077782476E-07   2   0 0  1 0  0 1  0 0
    22  -.2825254606885103E-05   2   0 0  0 1  0 1  0 0
    23  -.2098146316656351E-01   2   1 0  0 0  0 0  1 0
    24  -.5991339067513207E-01   2   0 1  0 0  0 0  1 0
    25  -.4315008523342720E-07   2   0 0  1 0  0 0  1 0
    26  -.2815819473921448E-05   2   0 0  0 1  0 0  1 0
    27   1.009736535143383       2   1 0  0 0  0 0  0 1
    28  0.1200275366943331       2   0 1  0 0  0 0  0 1
    29  0.4540942901660476E-04   2   0 0  1 0  0 0  0 1
    30  0.5641074080806548E-05   2   0 0  0 1  0 0  0 1
    31  0.4807127598915783E-06   2   0 0  0 0  0 2  0 0
    32  0.3264538515104798E-06   2   0 0  0 0  0 1  1 0
    33  0.4785622788197679E-06   2   0 0  0 0  0 0  2 0
    34  -.1287864091303168E-05   2   0 0  0 0  0 1  0 1
    35  -.1283563180188528E-05   2   0 0  0 0  0 0  1 1
    36  0.1285709007674945E-05   2   0 0  0 0  0 0  0 2
    37  -.8853764326413964       3   3 0  0 0  0 0  0 0
    38  -.5519129532521827       3   2 1  0 0  0 0  0 0
    39  -.5669394065768186       3   1 2  0 0  0 0  0 0
    40  -.4986020862888796E-02   3   0 3  0 0  0 0  0 0
    41  0.1915068006264918E-03   3   2 0  1 0  0 0  0 0
    42  0.4526241096344334E-04   3   1 1  1 0  0 0  0 0
    43  0.3733587735404361E-05   3   0 2  1 0  0 0  0 0
    44  -3.376870811765604       3   1 0  2 0  0 0  0 0
    45  -.1667542290788839       3   0 1  2 0  0 0  0 0
    46  -.6981756968502230E-04   3   0 0  3 0  0 0  0 0
    47  0.2646543321506453E-04   3   2 0  0 1  0 0  0 0
    48  -.3667890771308133E-04   3   1 1  0 1  0 0  0 0
    49  -.2098783220219661E-05   3   0 2  0 1  0 0  0 0
    50  -1.336905999741932       3   1 0  1 1  0 0  0 0
    51  -.2149570152757292       3   0 1  1 1  0 0  0 0
    52  -.2680997538271312E-04   3   0 0  2 1  0 0  0 0
    53  0.4148743117785380       3   1 0  0 2  0 0  0 0
    54  0.1005450005262769       3   0 1  0 2  0 0  0 0
    55  -.4330899979336480E-05   3   0 0  1 2  0 0  0 0
    56  0.2536682811705374E-05   3   0 0  0 3  0 0  0 0
    57  0.5868308264401776E-04   3   2 0  0 0  0 1  0 0
    58  0.1951269005252900E-03   3   1 1  0 0  0 1  0 0
    59  0.4352212555777663E-04   3   0 2  0 0  0 1  0 0
    60  -.2521294295110635E-03   3   1 0  1 0  0 1  0 0
    61  0.1030687205119876E-03   3   0 1  1 0  0 1  0 0
    62  0.1094751346389535E-03   3   0 0  2 0  0 1  0 0
    63  0.1033851645085379E-03   3   1 0  0 1  0 1  0 0
    64  0.5851927286528900E-04   3   0 1  0 1  0 1  0 0
    65  -.1069649761814967E-03   3   0 0  1 1  0 1  0 0
    66  -.3981686664542455E-04   3   0 0  0 2  0 1  0 0
    67  0.5848710643496471E-04   3   2 0  0 0  0 0  1 0
    68  0.1944752607591769E-03   3   1 1  0 0  0 0  1 0
    69  0.4337678041242306E-04   3   0 2  0 0  0 0  1 0
    70  -.2512874258609544E-03   3   1 0  1 0  0 0  1 0
    71  0.1027245153985603E-03   3   0 1  1 0  0 0  1 0
    72  0.1091095348629138E-03   3   0 0  2 0  0 0  1 0
    73  0.1030399026085196E-03   3   1 0  0 1  0 0  1 0
    74  0.5832384371031079E-04   3   0 1  0 1  0 0  1 0
    75  -.1066077592530581E-03   3   0 0  1 1  0 0  1 0
    76  -.3968389546821461E-04   3   0 0  0 2  0 0  1 0
    77  -.2129255103376576E-03   3   2 0  0 0  0 0  0 1
    78  -.3896021612844666E-03   3   1 1  0 0  0 0  0 1
    79  -.4473339317127715E-04   3   0 2  0 0  0 0  0 1
    80  0.1111661792001026E-02   3   1 0  1 0  0 0  0 1
    81  -.2057932359105465E-03   3   0 1  1 0  0 0  0 1
    82  -.4452290284734771E-03   3   0 0  2 0  0 0  0 1
    83  -.2064250671170574E-03   3   1 0  0 1  0 0  0 1
    84  -.5242718541771349E-04   3   0 1  0 1  0 0  0 1
    85  0.2135727354345560E-03   3   0 0  1 1  0 0  0 1
    86  0.3968042265801238E-04   3   0 0  0 2  0 0  0 1
    87  0.1593277784706678E-01   3   1 0  0 0  0 2  0 0
    88  0.4559724403034997E-01   3   0 1  0 0  0 2  0 0
    89  0.5911873342648826E-07   3   0 0  1 0  0 2  0 0
    90  0.2093849017119978E-05   3   0 0  0 1  0 2  0 0
    91  0.1084773261515076E-01   3   1 0  0 0  0 1  1 0
    92  0.3117666047983691E-01   3   0 1  0 0  0 1  1 0
    93  0.6303782649214384E-07   3   0 0  1 0  0 1  1 0
    94  0.1385274142558544E-05   3   0 0  0 1  0 1  1 0
    95  0.1586145585832851E-01   3   1 0  0 0  0 0  2 0
    96  0.4539291057760911E-01   3   0 1  0 0  0 0  2 0
    97  0.5881604274304635E-07   3   0 0  1 0  0 0  2 0
    98  0.2084543354241615E-05   3   0 0  0 1  0 0  2 0
    99  -.4271326525413931E-01   3   1 0  0 0  0 1  0 1
   100  -.6225707522177894E-01   3   0 1  0 0  0 1  0 1
   101  -.1341634998603910E-06   3   0 0  1 0  0 1  0 1
   102  -.2814173173279003E-05   3   0 0  0 1  0 1  0 1
   103  -.4257062135365570E-01   3   1 0  0 0  0 0  1 1
   104  -.6204916341757733E-01   3   0 1  0 0  0 0  1 1
   105  -.1337154515829086E-06   3   0 0  1 0  0 0  1 1
   106  -.2804775047528516E-05   3   0 0  0 1  0 0  1 1
   107  0.4264192782336776E-01   3   1 0  0 0  0 0  0 2
   108  0.2139377520154409E-02   3   0 1  0 0  0 0  0 2
   109  0.1102545745879012E-06   3   0 0  1 0  0 0  0 2
   110  0.4370918453330048E-08   3   0 0  0 1  0 0  0 2
   111  -.4042710329517308E-06   3   0 0  0 0  0 3  0 0
   112  -.2516458698205523E-06   3   0 0  0 0  0 2  1 0
   113  -.2524036601534773E-06   3   0 0  0 0  0 1  2 0
   114  -.4018271127940819E-06   3   0 0  0 0  0 0  3 0
   115  0.9837691550134509E-06   3   0 0  0 0  0 2  0 1
   116  0.6816909476345492E-06   3   0 0  0 0  0 1  1 1
   117  0.9793455129394205E-06   3   0 0  0 0  0 0  2 1
   118  -.6806894412008760E-06   3   0 0  0 0  0 1  0 2
   119  -.6784162317814232E-06   3   0 0  0 0  0 0  1 2
   120  0.2446555510238658E-07   3   0 0  0 0  0 0  0 3
   121  0.2360264189838944E-03   4   4 0  0 0  0 0  0 0
   122  0.1160453172029378E-02   4   3 1  0 0  0 0  0 0
   123  0.3524793599971240E-03   4   2 2  0 0  0 0  0 0
   124  -.1646571900786969E-03   4   1 3  0 0  0 0  0 0
   125  -.1812719776080710E-04   4   0 4  0 0  0 0  0 0
   126  0.2730697138228270E-07   4   3 0  1 0  0 0  0 0
   127  0.9130865570456517E-03   4   2 1  1 0  0 0  0 0
   128  0.1496725152399068E-03   4   1 2  1 0  0 0  0 0
   129  -.8393611750033447E-05   4   0 3  1 0  0 0  0 0
   130  -.8170991954939705E-04   4   2 0  2 0  0 0  0 0
   131  0.1810206574157337E-02   4   1 1  2 0  0 0  0 0
   132  -.1859286600463630E-03   4   0 2  2 0  0 0  0 0
   133  0.1302159710059361E-07   4   1 0  3 0  0 0  0 0
   134  0.1161084162027876E-02   4   0 1  3 0  0 0  0 0
   135  -.1743056325148398E-03   4   0 0  4 0  0 0  0 0
   136  -.8920982951610531E-07   4   3 0  0 1  0 0  0 0
   137  -.4884069054894177E-07   4   2 1  0 1  0 0  0 0
   138  0.1426464999476322E-03   4   1 2  0 1  0 0  0 0
   139  0.3456759354520355E-04   4   0 3  0 1  0 0  0 0
   140  0.3629337683226542E-02   4   2 0  1 1  0 0  0 0
   141  0.1632895152517579E-02   4   1 1  1 1  0 0  0 0
   142  0.3011682432612167E-03   4   0 2  1 1  0 0  0 0
   143  0.2322286214762595E-02   4   1 0  2 1  0 0  0 0
   144  0.5743539545964542E-03   4   0 1  2 1  0 0  0 0
   145  0.1331386738075447E-03   4   0 0  3 1  0 0  0 0
   146  0.2355054435561392E-03   4   2 0  0 2  0 0  0 0
   147  -.6397182479205313E-03   4   1 1  0 2  0 0  0 0
   148  0.2560329147379104E-04   4   0 2  0 2  0 0  0 0
   149  0.2298769341520175E-03   4   1 0  1 2  0 0  0 0
   150  -.2720422586156712E-03   4   0 1  1 2  0 0  0 0
   151  0.4772915564701358E-04   4   0 0  2 2  0 0  0 0
   152  0.1426288377430461E-03   4   1 0  0 3  0 0  0 0
   153  0.3456827991063894E-04   4   0 1  0 3  0 0  0 0
   154  -.4356436649041880E-04   4   0 0  1 3  0 0  0 0
   155  0.3686362682064083E-04   4   0 0  0 4  0 0  0 0
   156  0.6946149595273046       4   3 0  0 0  0 1  0 0
   157  0.6489770748715891       4   2 1  0 0  0 1  0 0
   158  0.6342012531634655       4   1 2  0 0  0 1  0 0
   159  0.1073530563484654E-01   4   0 3  0 0  0 1  0 0
   160  -.4655201011004390E-04   4   2 0  1 0  0 1  0 0
   161  -.3219924406475333E-04   4   1 1  1 0  0 1  0 0
   162  -.4505987118971827E-05   4   0 2  1 0  0 1  0 0
   163   1.204732592682339       4   1 0  2 0  0 1  0 0
   164  0.9137735555602666E-01   4   0 1  2 0  0 1  0 0
   165  0.2222690414135501E-04   4   0 0  3 0  0 1  0 0
   166  -.2159550854484768E-04   4   2 0  0 1  0 1  0 0
   167  0.3439313068861985E-04   4   1 1  0 1  0 1  0 0
   168  0.2941014288966010E-05   4   0 2  0 1  0 1  0 0
   169   1.248705881475024       4   1 0  1 1  0 1  0 0
   170  0.3019331412717944       4   0 1  1 1  0 1  0 0
   171  0.2258766067444418E-04   4   0 0  2 1  0 1  0 0
   172  -.3980640041896888       4   1 0  0 2  0 1  0 0
   173  -.1451090117782536       4   0 1  0 2  0 1  0 0
   174  0.5765243163007516E-05   4   0 0  1 2  0 1  0 0
   175  -.3728102932692395E-05   4   0 0  0 3  0 1  0 0
   176  0.6922952448772655       4   3 0  0 0  0 0  1 0
   177  0.6468097710905961       4   2 1  0 0  0 0  1 0
   178  0.6320832942599602       4   1 2  0 0  0 0  1 0
   179  0.1069945433994896E-01   4   0 3  0 0  0 0  1 0
   180  -.4639654645588551E-04   4   2 0  1 0  0 0  1 0
   181  -.3209171246447192E-04   4   1 1  1 0  0 0  1 0
   182  -.4490939063658031E-05   4   0 2  1 0  0 0  1 0
   183   1.200709304951066       4   1 0  2 0  0 0  1 0
   184  0.9107219456365459E-01   4   0 1  2 0  0 0  1 0
   185  0.2215267585926211E-04   4   0 0  3 0  0 0  1 0
   186  -.2152338885197392E-04   4   2 0  0 1  0 0  1 0
   187  0.3427827245237695E-04   4   1 1  0 1  0 0  1 0
   188  0.2931192568545918E-05   4   0 2  0 1  0 0  1 0
   189   1.244535741907603       4   1 0  1 1  0 0  1 0
   190  0.3009248146851944       4   0 1  1 1  0 0  1 0
   191  0.2251222762098345E-04   4   0 0  2 1  0 0  1 0
   192  -.3967346419444517       4   1 0  0 2  0 0  1 0
   193  -.1446244102074721       4   0 1  0 2  0 0  1 0
   194  0.5745989735129435E-05   4   0 0  1 2  0 0  1 0
   195  -.3715652675364615E-05   4   0 0  0 3  0 0  1 0
   196  -2.272286637045967       4   3 0  0 0  0 0  0 1
   197  -1.295786845962184       4   2 1  0 0  0 0  0 1
   198  -.6993451408466089       4   1 2  0 0  0 0  0 1
   199  -.1146271824901587E-01   4   0 3  0 0  0 0  0 1
   200  0.2844553571924209E-03   4   2 0  1 0  0 0  0 1
   201  0.6429095652922515E-04   4   1 1  1 0  0 0  0 1
   202  0.5263338447225617E-05   4   0 2  1 0  0 0  0 1
   203  -5.782312709399005       4   1 0  2 0  0 0  0 1
   204  -.1824495501196794       4   0 1  2 0  0 0  0 1
   205  -.1141971496856393E-03   4   0 0  3 0  0 0  0 1
   206  0.4311889739682175E-04   4   2 0  0 1  0 0  0 1
   207  -.3199249542791543E-04   4   1 1  0 1  0 0  0 1
   208  -.1674640417072545E-05   4   0 2  0 1  0 0  0 1
   209  -2.493241623382631       4   1 0  1 1  0 0  0 1
   210  -.3879009406812650       4   0 1  1 1  0 0  0 1
   211  -.4509988829542775E-04   4   0 0  2 1  0 0  0 1
   212  0.3799243343556022       4   1 0  0 2  0 0  0 1
   213  0.8864342093317168E-01   4   0 1  0 2  0 0  0 1
   214  -.7180332918800571E-05   4   0 0  1 2  0 0  0 1
   215  0.2370389984646258E-05   4   0 0  0 3  0 0  0 1
   216  -.1880872115711711E-03   4   2 0  0 0  0 2  0 0
   217  -.5296311493414276E-03   4   1 1  0 0  0 2  0 0
   218  -.2884480333337758E-04   4   0 2  0 0  0 2  0 0
   219  -.2722909474150350E-03   4   1 0  1 0  0 2  0 0
   220  -.1952200813186586E-03   4   0 1  1 0  0 2  0 0
   221  -.6072960511114198E-04   4   0 0  2 0  0 2  0 0
   222  0.1726196890465748E-03   4   1 0  0 1  0 2  0 0
   223  0.5858530045966925E-04   4   0 1  0 1  0 2  0 0
   224  0.1091293228631473E-04   4   0 0  1 1  0 2  0 0
   225  0.7751746417669450E-04   4   0 0  0 2  0 2  0 0
   226  -.2082057710132515E-03   4   2 0  0 0  0 1  1 0
   227  -.5231738936012861E-03   4   1 1  0 0  0 1  1 0
   228  -.3313704518163094E-04   4   0 2  0 0  0 1  1 0
   229  -.3140858126923134E-03   4   1 0  1 0  0 1  1 0
   230  -.1796410542187091E-03   4   0 1  1 0  0 1  1 0
   231  -.3867400681673848E-04   4   0 0  2 0  0 1  1 0
   232  0.2021746166458331E-03   4   1 0  0 1  0 1  1 0
   233  0.8238621971270839E-04   4   0 1  0 1  0 1  1 0
   234  -.4680590183349027E-04   4   0 0  1 1  0 1  1 0
   235  0.8761619035675725E-04   4   0 0  0 2  0 1  1 0
   236  -.1871114225538299E-03   4   2 0  0 0  0 0  2 0
   237  -.5269888218421075E-03   4   1 1  0 0  0 0  2 0
   238  -.2869314239373237E-04   4   0 2  0 0  0 0  2 0
   239  -.2708571573466412E-03   4   1 0  1 0  0 0  2 0
   240  -.1942681685126388E-03   4   0 1  1 0  0 0  2 0
   241  -.6046221713998714E-04   4   0 0  2 0  0 0  2 0
   242  0.1717056256177528E-03   4   1 0  0 1  0 0  2 0
   243  0.5825208356447680E-04   4   0 1  0 1  0 0  2 0
   244  0.1095464356649804E-04   4   0 0  1 1  0 0  2 0
   245  0.7711228908853939E-04   4   0 0  0 2  0 0  2 0
   246  0.3793727676111118E-03   4   2 0  0 0  0 1  0 1
   247  0.6456041727576838E-03   4   1 1  0 0  0 1  0 1
   248  0.3160479567519032E-04   4   0 2  0 0  0 1  0 1
   249  0.4293356331641923E-03   4   1 0  1 0  0 1  0 1
   250  0.2553688471582429E-03   4   0 1  1 0  0 1  0 1
   251  0.1312588964746213E-03   4   0 0  2 0  0 1  0 1
   252  -.1308278541957530E-03   4   1 0  0 1  0 1  0 1
   253  -.3052508754066454E-04   4   0 1  0 1  0 1  0 1
   254  -.1386887169854458E-05   4   0 0  1 1  0 1  0 1
   255  -.6210646650089616E-04   4   0 0  0 2  0 1  0 1
   256  0.3781058260418535E-03   4   2 0  0 0  0 0  1 1
   257  0.6434481330163386E-03   4   1 1  0 0  0 0  1 1
   258  0.3149924927637797E-04   4   0 2  0 0  0 0  1 1
   259  0.4279018371533588E-03   4   1 0  1 0  0 0  1 1
   260  0.2545160252490803E-03   4   0 1  1 0  0 0  1 1
   261  0.1308205483208364E-03   4   0 0  2 0  0 0  1 1
   262  -.1303909455374400E-03   4   1 0  0 1  0 0  1 1
   263  -.3042314690176725E-04   4   0 1  0 1  0 0  1 1
   264  -.1382255564327094E-05   4   0 0  1 1  0 0  1 1
   265  -.6189905766492405E-04   4   0 0  0 2  0 0  1 1
   266  -.1740741908188289E-03   4   2 0  0 0  0 0  0 2
   267  -.6746877789361999E-04   4   1 1  0 0  0 0  0 2
   268  -.2693077526366267E-05   4   0 2  0 0  0 0  0 2
   269  -.3552741053147558E-08   4   1 0  1 0  0 0  0 2
   270  -.1466192481099024E-04   4   0 1  1 0  0 0  0 2
   271  -.1022136141655100E-03   4   0 0  2 0  0 0  0 2
   272  -.3695998981945156E-09   4   1 0  0 1  0 0  0 2
   273  -.2550337861297638E-10   4   0 1  0 1  0 0  0 2
   274  -.4020139115097524E-04   4   0 0  1 1  0 0  0 2
   275  -.2208783229070338E-05   4   0 0  0 2  0 0  0 2
   276  -.1337804519828498E-01   4   1 0  0 0  0 3  0 0
   277  -.3835229376126589E-01   4   0 1  0 0  0 3  0 0
   278  -.3273070401031349E-07   4   0 0  1 0  0 3  0 0
   279  -.1766895897456550E-05   4   0 0  0 1  0 3  0 0
   280  -.8277204629271111E-02   4   1 0  0 0  0 2  1 0
   281  -.2388679781968787E-01   4   0 1  0 0  0 2  1 0
   282  -.3670070753530590E-08   4   0 0  1 0  0 2  1 0
   283  -.1089841093388821E-05   4   0 0  0 1  0 2  1 0
   284  -.8302532741113188E-02   4   1 0  0 0  0 1  2 0
   285  -.2395861900572991E-01   4   0 1  0 0  0 1  2 0
   286  -.3815098187834555E-08   4   0 0  1 0  0 1  2 0
   287  -.1093203141787845E-05   4   0 0  0 1  0 1  2 0
   288  -.1329725509632932E-01   4   1 0  0 0  0 0  3 0
   289  -.3812042166872378E-01   4   0 1  0 0  0 0  3 0
   290  -.3256063718681841E-07   4   0 0  1 0  0 0  3 0
   291  -.1756231201499137E-05   4   0 0  0 1  0 0  3 0
   292  0.3247859018668137E-01   4   1 0  0 0  0 2  0 1
   293  0.4774913297684279E-01   4   0 1  0 0  0 2  0 1
   294  0.9918904507867169E-07   4   0 0  1 0  0 2  0 1
   295  0.2122815485067203E-05   4   0 0  0 1  0 2  0 1
   296  0.2231179755911940E-01   4   1 0  0 0  0 1  1 1
   297  0.3333739694710713E-01   4   0 1  0 0  0 1  1 1
   298  0.6444669489821570E-07   4   0 0  1 0  0 1  1 1
   299  0.1436044085111989E-05   4   0 0  0 1  0 1  1 1
   300  0.3233286979596236E-01   4   1 0  0 0  0 0  2 1
   301  0.4753400517792405E-01   4   0 1  0 0  0 0  2 1
   302  0.9875018431422322E-07   4   0 0  1 0  0 0  2 1
   303  0.2113328311863084E-05   4   0 0  0 1  0 0  2 1
   304  -.2227787655363775E-01   4   1 0  0 0  0 1  0 2
   305  -.2160736929603542E-02   4   0 1  0 0  0 1  0 2
   306  -.9729471168922921E-07   4   0 0  1 0  0 1  0 2
   307  -.5099354304090001E-08   4   0 0  0 1  0 1  0 2
   308  -.2220347804565210E-01   4   1 0  0 0  0 0  1 2
   309  -.2153520999336390E-02   4   0 1  0 0  0 0  1 2
   310  -.9696978927720278E-07   4   0 0  1 0  0 0  1 2
   311  -.5082324658064783E-08   4   0 0  0 1  0 0  1 2
   312  0.6131422586422635E-03   4   1 0  0 0  0 0  0 3
   313  0.1183429621099012E-04   4   0 1  0 0  0 0  0 3
   314  0.2800330999544019E-07   4   0 0  1 0  0 0  0 3
   315  0.4799476622001880E-09   4   0 0  0 1  0 0  0 3
   316  0.1050120348899967E-04   4   0 0  0 0  0 4  0 0
   317  0.6293129054445978E-05   4   0 0  0 0  0 3  1 0
   318  0.5736794263022441E-05   4   0 0  0 0  0 2  2 0
   319  0.6322823956802638E-05   4   0 0  0 0  0 1  3 0
   320  0.1042066620147961E-04   4   0 0  0 0  0 0  4 0
   321  -.1237136210321754E-04   4   0 0  0 0  0 3  0 1
   322  -.7972226349609333E-05   4   0 0  0 0  0 2  1 1
   323  -.7994056214765907E-05   4   0 0  0 0  0 1  2 1
   324  -.1229612236148970E-04   4   0 0  0 0  0 0  3 1
   325  0.4260623322847568E-06   4   0 0  0 0  0 2  0 2
   326  0.5130509181119669E-06   4   0 0  0 0  0 1  1 2
   327  0.4237827831938663E-06   4   0 0  0 0  0 0  2 2
   328  -.1872513021718916E-08   4   0 0  0 0  0 1  0 3
   329  -.1866259635106240E-08   4   0 0  0 0  0 0  1 3
   330  -.9867802384107145E-15   4   0 0  0 0  0 0  0 4
   ----------------------------------------------------
     I  COEFFICIENT            ORDER EXPONENTS
     1  -.8071913581397263E-04   0   0 0  0 0  0 0  0 0
     2  0.5571396821675662E-05   1   1 0  0 0  0 0  0 0
     3  0.3638022034487507E-06   1   0 1  0 0  0 0  0 0
     4  0.8863077680049398       1   0 0  1 0  0 0  0 0
     5  0.2420426680284954       1   0 0  0 1  0 0  0 0
     6  -.2593359309983069E-05   1   0 0  0 0  0 1  0 0
     7  -.2584698607385632E-05   1   0 0  0 0  0 0  1 0
     8  0.5178057917368788E-05   1   0 0  0 0  0 0  0 1
     9  0.1706197405375468E-03   2   2 0  0 0  0 0  0 0
    10  0.7699759075919200E-05   2   1 1  0 0  0 0  0 0
    11  0.6399791625641307E-05   2   0 2  0 0  0 0  0 0
    12  -.3031574736289064E-03   2   1 0  1 0  0 0  0 0
    13  -.3772768670874566E-05   2   0 1  1 0  0 0  0 0
    14  -.1749341857875531E-03   2   0 0  2 0  0 0  0 0
    15  -.6196687877700634E-05   2   1 0  0 1  0 0  0 0
    16  0.2132194568761529E-05   2   0 1  0 1  0 0  0 0
    17  0.3947901867939594E-04   2   0 0  1 1  0 0  0 0
    18  0.1225326655711482E-04   2   0 0  0 2  0 0  0 0
    19  -.2845348743316569E-05   2   1 0  0 0  0 1  0 0
    20  -.3781041096697013E-06   2   0 1  0 0  0 1  0 0
    21  0.5589935665670472E-01   2   0 0  1 0  0 1  0 0
    22  -.1172579303148358       2   0 0  0 1  0 1  0 0
    23  -.2835846504595942E-05   2   1 0  0 0  0 0  1 0
    24  -.3768414048712896E-06   2   0 1  0 0  0 0  1 0
    25  0.5571267689292213E-01   2   0 0  1 0  0 0  1 0
    26  -.1168663393549034       2   0 0  0 1  0 0  1 0
    27  0.5681195247912505E-05   2   1 0  0 0  0 0  0 1
    28  0.3911433110922370E-06   2   0 1  0 0  0 0  0 1
    29  -.1116120335496267       2   0 0  1 0  0 0  0 1
    30  -.7918398358756421E-02   2   0 0  0 1  0 0  0 1
    31  0.1929161766045237E-05   2   0 0  0 0  0 2  0 0
    32  0.1269361579896726E-05   2   0 0  0 0  0 1  1 0
    33  0.1920599636687127E-05   2   0 0  0 0  0 0  2 0
    34  -.2534283919833415E-05   2   0 0  0 0  0 1  0 1
    35  -.2525820503583067E-05   2   0 0  0 0  0 0  1 1
    36  -.5897297015460815E-07   2   0 0  0 0  0 0  0 2
    37  0.1025781052528328E-04   3   3 0  0 0  0 0  0 0
    38  0.3054294620722391E-04   3   2 1  0 0  0 0  0 0
    39  0.9817779371976815E-05   3   1 2  0 0  0 0  0 0
    40  0.9169833052148505E-06   3   0 3  0 0  0 0  0 0
    41  -.2453788854602499       3   2 0  1 0  0 0  0 0
    42  -.1022293127529770       3   1 1  1 0  0 0  0 0
    43  -.1157857117774894       3   0 2  1 0  0 0  0 0
    44  -.2380223665367497E-04   3   1 0  2 0  0 0  0 0
    45  0.1588252216892840E-04   3   0 1  2 0  0 0  0 0
    46  0.8758913949282077E-01   3   0 0  3 0  0 0  0 0
    47  -.4805106959688604       3   2 0  0 1  0 0  0 0
    48  -.1585183200543411E-01   3   1 1  0 1  0 0  0 0
    49  0.1098164231849950       3   0 2  0 1  0 0  0 0
    50  -.1409871714791076E-04   3   1 0  1 1  0 0  0 0
    51  0.3322033883165347E-05   3   0 1  1 1  0 0  0 0
    52  -.2933717802533171       3   0 0  2 1  0 0  0 0
    53  0.7197603299273291E-05   3   1 0  0 2  0 0  0 0
    54  0.1017723594140672E-05   3   0 1  0 2  0 0  0 0
    55  -.1962464180656246       3   0 0  1 2  0 0  0 0
    56  0.1041564565862767       3   0 0  0 3  0 0  0 0
    57  -.8948703247430731E-04   3   2 0  0 0  0 1  0 0
    58  -.1111154836022533E-04   3   1 1  0 0  0 1  0 0
    59  -.9705855109814113E-05   3   0 2  0 0  0 1  0 0
    60  0.1556510078841041E-03   3   1 0  1 0  0 1  0 0
    61  0.5605921408199015E-05   3   0 1  1 0  0 1  0 0
    62  0.9007019274177046E-04   3   0 0  2 0  0 1  0 0
    63  0.6326264551679158E-05   3   1 0  0 1  0 1  0 0
    64  -.3003234121757238E-05   3   0 1  0 1  0 1  0 0
    65  -.3062592045099719E-04   3   0 0  1 1  0 1  0 0
    66  -.1752151412063183E-04   3   0 0  0 2  0 1  0 0
    67  -.8918818434647453E-04   3   2 0  0 0  0 0  1 0
    68  -.1107444057675144E-04   3   1 1  0 0  0 0  1 0
    69  -.9673441736072902E-05   3   0 2  0 0  0 0  1 0
    70  0.1551312005889551E-03   3   1 0  1 0  0 0  1 0
    71  0.5587200046328838E-05   3   0 1  1 0  0 0  1 0
    72  0.8976939710993260E-04   3   0 0  2 0  0 0  1 0
    73  0.6305137554111307E-05   3   1 0  0 1  0 0  1 0
    74  -.2993204613906565E-05   3   0 1  0 1  0 0  1 0
    75  -.3052364307362893E-04   3   0 0  1 1  0 0  1 0
    76  -.1746299981362040E-04   3   0 0  0 2  0 0  1 0
    77  0.1786752168207814E-03   3   2 0  0 0  0 0  0 1
    78  0.1448622986105739E-04   3   1 1  0 0  0 0  0 1
    79  0.6579713594604546E-05   3   0 2  0 0  0 0  0 1
    80  -.3107822084730592E-03   3   1 0  1 0  0 0  0 1
    81  -.7420352783653300E-05   3   0 1  1 0  0 0  0 1
    82  -.1798395898517032E-03   3   0 0  2 0  0 0  0 1
    83  -.6434714228089995E-05   3   1 0  0 1  0 0  0 1
    84  0.1732049598140981E-05   3   0 1  0 1  0 0  0 1
    85  0.2167054484522975E-04   3   0 0  1 1  0 0  0 1
    86  0.1047798082002258E-04   3   0 0  0 2  0 0  0 1
    87  0.2123502252457405E-05   3   1 0  0 0  0 2  0 0
    88  0.3427502642246555E-06   3   0 1  0 0  0 2  0 0
    89  -.4138241643734542E-01   3   0 0  1 0  0 2  0 0
    90  0.8591827035915486E-01   3   0 0  0 1  0 2  0 0
    91  0.1417843322038792E-05   3   1 0  0 0  0 1  1 0
    92  0.3397687815558176E-06   3   0 1  0 0  0 1  1 0
    93  -.2696186494456804E-01   3   0 0  1 0  0 1  1 0
    94  0.5478668700184466E-01   3   0 0  0 1  0 1  1 0
    95  0.2114043177099044E-05   3   1 0  0 0  0 0  2 0
    96  0.3410382853750565E-06   3   0 1  0 0  0 0  2 0
    97  -.4119919649301469E-01   3   0 0  1 0  0 0  2 0
    98  0.8553985839568413E-01   3   0 0  0 1  0 0  2 0
    99  -.2838673204558045E-05   3   1 0  0 0  0 1  0 1
   100  -.4001129357999241E-06   3   0 1  0 0  0 1  0 1
   101  0.5382749476997507E-01   3   0 0  1 0  0 1  0 1
   102  0.7892375492014042E-02   3   0 0  0 1  0 1  0 1
   103  -.2829193259260333E-05   3   1 0  0 0  0 0  1 1
   104  -.3987767310060074E-06   3   0 1  0 0  0 0  1 1
   105  0.5364773413211335E-01   3   0 0  1 0  0 0  1 1
   106  0.7866018358754341E-02   3   0 0  0 1  0 0  1 1
   107  0.3149132823005971E-08   3   1 0  0 0  0 0  0 2
   108  -.3070955771018280E-10   3   0 1  0 0  0 0  0 2
   109  0.2068356188794580E-02   3   0 0  1 0  0 0  0 2
   110  0.3918039992287036E-04   3   0 0  0 1  0 0  0 2
   111  -.1597608769349231E-05   3   0 0  0 0  0 3  0 0
   112  -.9356368947730753E-06   3   0 0  0 0  0 2  1 0
   113  -.9389262194627425E-06   3   0 0  0 0  0 1  2 0
   114  -.1588048717220040E-05   3   0 0  0 0  0 0  3 0
   115  0.1870204733230820E-05   3   0 0  0 0  0 2  0 1
   116  0.1210532759117622E-05   3   0 0  0 0  0 1  1 1
   117  0.1861937726413108E-05   3   0 0  0 0  0 0  2 1
   118  0.5881774735390121E-07   3   0 0  0 0  0 1  0 2
   119  0.5862132142274341E-07   3   0 0  0 0  0 0  1 2
   120  0.1689571775823805E-09   3   0 0  0 0  0 0  0 3
   121  0.3489197097100746E-07   4   4 0  0 0  0 0  0 0
   122  0.3507836926917625E-07   4   3 1  0 0  0 0  0 0
   123  -.8259641609908831E-04   4   2 2  0 0  0 0  0 0
   124  -.2717934850490789E-05   4   1 3  0 0  0 0  0 0
   125  0.2928303993710772E-04   4   0 4  0 0  0 0  0 0
   126  -.1527538878939106E-02   4   3 0  1 0  0 0  0 0
   127  -.1175124219933047E-02   4   2 1  1 0  0 0  0 0
   128  -.6179340783297539E-03   4   1 2  1 0  0 0  0 0
   129  -.1645322726609573E-03   4   0 3  1 0  0 0  0 0
   130  -.1201457694510210E-02   4   2 0  2 0  0 0  0 0
   131  -.4905052908952178E-03   4   1 1  2 0  0 0  0 0
   132  -.3022299471325820E-03   4   0 2  2 0  0 0  0 0
   133  -.2502625977819033E-03   4   1 0  3 0  0 0  0 0
   134  -.1987211161176942E-03   4   0 1  3 0  0 0  0 0
   135  -.2959570492749078E-03   4   0 0  4 0  0 0  0 0
   136  0.1653270646200356E-03   4   3 0  0 1  0 0  0 0
   137  0.7880664871009444E-03   4   2 1  0 1  0 0  0 0
   138  0.1829581159264223E-03   4   1 2  0 1  0 0  0 0
   139  0.1108941442442490E-03   4   0 3  0 1  0 0  0 0
   140  -.1588873783255131E-03   4   2 0  1 1  0 0  0 0
   141  0.3701166488137180E-03   4   1 1  1 1  0 0  0 0
   142  -.2026341626163343E-03   4   0 2  1 1  0 0  0 0
   143  0.1092935098051157E-03   4   1 0  2 1  0 0  0 0
   144  0.1827128941702242E-03   4   0 1  2 1  0 0  0 0
   145  0.1457706423977608E-03   4   0 0  3 1  0 0  0 0
   146  -.2198088993843272E-03   4   2 0  0 2  0 0  0 0
   147  0.5237566922120110E-04   4   1 1  0 2  0 0  0 0
   148  0.1620130124105306E-03   4   0 2  0 2  0 0  0 0
   149  -.1281482849480437E-03   4   1 0  1 2  0 0  0 0
   150  -.1339362916668241E-03   4   0 1  1 2  0 0  0 0
   151  -.2840545934288079E-04   4   0 0  2 2  0 0  0 0
   152  0.7321411202035403E-04   4   1 0  0 3  0 0  0 0
   153  0.1015672961483733E-03   4   0 1  0 3  0 0  0 0
   154  -.1945546557694644E-03   4   0 0  1 3  0 0  0 0
   155  0.1244762272121842E-03   4   0 0  0 4  0 0  0 0
   156  -.9457632409417231E-05   4   3 0  0 0  0 1  0 0
   157  -.3457896846568500E-04   4   2 1  0 0  0 1  0 0
   158  -.1542940825933147E-04   4   1 2  0 0  0 1  0 0
   159  -.1893691846466361E-05   4   0 3  0 0  0 1  0 0
   160  0.2039635812984718       4   2 0  1 0  0 1  0 0
   161  0.1449819254764288       4   1 1  1 0  0 1  0 0
   162  0.1734062236483504       4   0 2  1 0  0 1  0 0
   163  0.1806803299060822E-04   4   1 0  2 0  0 1  0 0
   164  -.1308349165386591E-04   4   0 1  2 0  0 1  0 0
   165  -.5486062040579089E-01   4   0 0  3 0  0 1  0 0
   166  0.4878607596087247       4   2 0  0 1  0 1  0 0
   167  0.3097818417271725E-01   4   1 1  0 1  0 1  0 0
   168  -.1571073731728546       4   0 2  0 1  0 1  0 0
   169  0.2014040035054716E-04   4   1 0  1 1  0 1  0 0
   170  -.3883560615070667E-05   4   0 1  1 1  0 1  0 0
   171  0.2216961252776884       4   0 0  2 1  0 1  0 0
   172  -.1025670333485229E-04   4   1 0  0 2  0 1  0 0
   173  -.2028969287445348E-05   4   0 1  0 2  0 1  0 0
   174  0.2787150063054643       4   0 0  1 2  0 1  0 0
   175  -.1468176028257868       4   0 0  0 3  0 1  0 0
   176  -.9426047992534281E-05   4   3 0  0 0  0 0  1 0
   177  -.3446348961134558E-04   4   2 1  0 0  0 0  1 0
   178  -.1537788068439267E-04   4   1 2  0 0  0 0  1 0
   179  -.1887367731705140E-05   4   0 3  0 0  0 0  1 0
   180  0.2032824308263674       4   2 0  1 0  0 0  1 0
   181  0.1444977483191313       4   1 1  1 0  0 0  1 0
   182  0.1728271215834037       4   0 2  1 0  0 0  1 0
   183  0.1800769354607010E-04   4   1 0  2 0  0 0  1 0
   184  -.1303979842951644E-04   4   0 1  2 0  0 0  1 0
   185  -.5467740957348695E-01   4   0 0  3 0  0 0  1 0
   186  0.4862315148944811       4   2 0  0 1  0 0  1 0
   187  0.3087473038631170E-01   4   1 1  0 1  0 0  1 0
   188  -.1565827022451992       4   0 2  0 1  0 0  1 0
   189  0.2007314009202540E-04   4   1 0  1 1  0 0  1 0
   190  -.3870591196071646E-05   4   0 1  1 1  0 0  1 0
   191  0.2209557557497791       4   0 0  2 1  0 0  1 0
   192  -.1022245036540405E-04   4   1 0  0 2  0 0  1 0
   193  -.2022193404323320E-05   4   0 1  0 2  0 0  1 0
   194  0.2777842182847847       4   0 0  1 2  0 0  1 0
   195  -.1463272952971516       4   0 0  0 3  0 0  1 0
   196  0.1888368040195148E-04   4   3 0  0 0  0 0  0 1
   197  0.3849951186980663E-04   4   2 1  0 0  0 0  0 1
   198  0.1117173019977046E-04   4   1 2  0 0  0 0  0 1
   199  0.1030109662526963E-05   4   0 3  0 0  0 0  0 1
   200  -.4072460121248387       4   2 0  1 0  0 0  0 1
   201  -.1872503610425832       4   1 1  1 0  0 0  0 1
   202  -.1146619216767753       4   0 2  1 0  0 0  0 1
   203  -.3607572653667825E-04   4   1 0  2 0  0 0  0 1
   204  0.1024076791445394E-04   4   0 1  2 0  0 0  0 1
   205  0.1095380299792777       4   0 0  3 0  0 0  0 1
   206  -.4935815785343442       4   2 0  0 1  0 0  0 1
   207  -.3014925054816017E-01   4   1 1  0 1  0 0  0 1
   208  -.1575919413693158E-01   4   0 2  0 1  0 0  0 1
   209  -.2611482329466179E-04   4   1 0  1 1  0 0  0 1
   210  0.1110084044811592E-05   4   0 1  1 1  0 0  0 1
   211  -.1492801007741501       4   0 0  2 1  0 0  0 1
   212  0.6083947101709763E-05   4   1 0  0 2  0 0  0 1
   213  0.9979919093466247E-06   4   0 1  0 2  0 0  0 1
   214  -.1640063884589995       4   0 0  1 2  0 0  0 1
   215  -.1932447163589166E-01   4   0 0  0 3  0 0  0 1
   216  -.1045797587339471E-03   4   2 0  0 0  0 2  0 0
   217  -.6003645419693535E-05   4   1 1  0 0  0 2  0 0
   218  0.7224846915575352E-04   4   0 2  0 0  0 2  0 0
   219  -.1565250947294057E-03   4   1 0  1 0  0 2  0 0
   220  -.1354645739431703E-03   4   0 1  1 0  0 2  0 0
   221  -.1238335910302535E-03   4   0 0  2 0  0 2  0 0
   222  0.2442490657293850E-04   4   1 0  0 1  0 2  0 0
   223  0.1247016521093682E-03   4   0 1  0 1  0 2  0 0
   224  -.2120575142835779E-03   4   0 0  1 1  0 2  0 0
   225  0.1934644845977088E-03   4   0 0  0 2  0 2  0 0
   226  -.1262812601016780E-03   4   2 0  0 0  0 1  1 0
   227  -.9262828856178679E-05   4   1 1  0 0  0 1  1 0
   228  0.8450340604975776E-04   4   0 2  0 0  0 1  1 0
   229  -.1305285195883757E-03   4   1 0  1 0  0 1  1 0
   230  -.1622532802773340E-03   4   0 1  1 0  0 1  1 0
   231  -.8525434228588118E-04   4   0 0  2 0  0 1  1 0
   232  0.2010064535121151E-04   4   1 0  0 1  0 1  1 0
   233  0.1455701182178395E-03   4   0 1  0 1  0 1  1 0
   234  -.2530501862609663E-03   4   0 0  1 1  0 1  1 0
   235  0.2238913706563155E-03   4   0 0  0 2  0 1  1 0
   236  -.1040196449073757E-03   4   2 0  0 0  0 0  2 0
   237  -.5968128902528761E-05   4   1 1  0 0  0 0  2 0
   238  0.7186608791965072E-04   4   0 2  0 0  0 0  2 0
   239  -.1557844138559881E-03   4   1 0  1 0  0 0  2 0
   240  -.1347412526189108E-03   4   0 1  1 0  0 0  2 0
   241  -.1232776838137822E-03   4   0 0  2 0  0 0  2 0
   242  0.2430977416288245E-04   4   1 0  0 1  0 0  2 0
   243  0.1240421315923998E-03   4   0 1  0 1  0 0  2 0
   244  -.2109267942725927E-03   4   0 0  1 1  0 0  2 0
   245  0.1924445462336827E-03   4   0 0  0 2  0 0  2 0
   246  0.8497920337198956E-04   4   2 0  0 0  0 1  0 1
   247  0.5183646630262640E-05   4   1 1  0 0  0 1  0 1
   248  0.4751075082462802E-05   4   0 2  0 0  0 1  0 1
   249  0.2150767993596787E-03   4   1 0  1 0  0 1  0 1
   250  0.1066349841906801E-03   4   0 1  1 0  0 1  0 1
   251  0.9402940809262479E-04   4   0 0  2 0  0 1  0 1
   252  -.2117370899639699E-04   4   1 0  0 1  0 1  0 1
   253  0.1536504354072094E-04   4   0 1  0 1  0 1  0 1
   254  0.1439306689746649E-03   4   0 0  1 1  0 1  0 1
   255  0.2911474786408772E-04   4   0 0  0 2  0 1  0 1
   256  0.8469540945090139E-04   4   2 0  0 0  0 0  1 1
   257  0.5166335484189661E-05   4   1 1  0 0  0 0  1 1
   258  0.4735208538961160E-05   4   0 2  0 0  0 0  1 1
   259  0.2143585355280184E-03   4   1 0  1 0  0 0  1 1
   260  0.1062788692932954E-03   4   0 1  1 0  0 0  1 1
   261  0.9371539038757053E-04   4   0 0  2 0  0 0  1 1
   262  -.2110299793225852E-04   4   1 0  0 1  0 0  1 1
   263  0.1531373091620712E-04   4   0 1  0 1  0 0  1 1
   264  0.1434500025610911E-03   4   0 0  1 1  0 0  1 1
   265  0.2901751715198427E-04   4   0 0  0 2  0 0  1 1
   266  0.1783147126902061E-08   4   2 0  0 0  0 0  0 2
   267  0.3372713531773602E-09   4   1 1  0 0  0 0  0 2
   268  0.6750289729764709E-08   4   0 2  0 0  0 0  0 2
   269  -.1889695325412992E-04   4   1 0  1 0  0 0  0 2
   270  0.1015598340736295E-05   4   0 1  1 0  0 0  0 2
   271  0.4375576042558483E-04   4   0 0  2 0  0 0  0 2
   272  -.3556234280852687E-05   4   1 0  0 1  0 0  0 2
   273  -.1055219023044399E-06   4   0 1  0 1  0 0  0 2
   274  0.1037639802488138E-04   4   0 0  1 1  0 0  0 2
   275  0.4946808902102555E-06   4   0 0  0 2  0 0  0 2
   276  -.1771995810889341E-05   4   1 0  0 0  0 3  0 0
   277  -.3795367884259834E-06   4   0 1  0 0  0 3  0 0
   278  0.3413749900077340E-01   4   0 0  1 0  0 3  0 0
   279  -.7027937411129197E-01   4   0 0  0 1  0 3  0 0
   280  -.1066317432105896E-05   4   1 0  0 0  0 2  1 0
   281  -.4197276683520349E-06   4   0 1  0 0  0 2  1 0
   282  0.1967203978389881E-01   4   0 0  1 0  0 2  1 0
   283  -.3905423152960413E-01   4   0 0  0 1  0 2  1 0
   284  -.1069822780796204E-05   4   1 0  0 0  0 1  2 0
   285  -.4195199887191517E-06   4   0 1  0 0  0 1  2 0
   286  0.1974393129562348E-01   4   0 0  1 0  0 1  2 0
   287  -.3920947360176365E-01   4   0 0  0 1  0 1  2 0
   288  -.1761344716026656E-05   4   1 0  0 0  0 0  3 0
   289  -.3769370472804975E-06   4   0 1  0 0  0 0  3 0
   290  0.3393375446203349E-01   4   0 0  1 0  0 0  3 0
   291  -.6986232680985778E-01   4   0 0  0 1  0 0  3 0
   292  0.2130955486943837E-05   4   1 0  0 0  0 2  0 1
   293  0.3962244973787195E-06   4   0 1  0 0  0 2  0 1
   294  -.3931955164818655E-01   4   0 0  1 0  0 2  0 1
   295  -.7862723004199714E-02   4   0 0  0 1  0 2  0 1
   296  0.1427933055902692E-05   4   1 0  0 0  0 1  1 1
   297  0.3923575700825060E-06   4   0 1  0 0  0 1  1 1
   298  -.2490790876021372E-01   4   0 0  1 0  0 1  1 1
   299  -.7833180547978697E-02   4   0 0  0 1  0 1  1 1
   300  0.2121454673312258E-05   4   1 0  0 0  0 0  2 1
   301  0.3942461256864416E-06   4   0 1  0 0  0 0  2 1
   302  -.3914665044764296E-01   4   0 0  1 0  0 0  2 1
   303  -.7823385173644715E-02   4   0 0  0 1  0 0  2 1
   304  -.3999051048021846E-08   4   1 0  0 0  0 1  0 2
   305  0.6932816028993309E-10   4   0 1  0 0  0 1  0 2
   306  -.2054034833993443E-02   4   0 0  1 0  0 1  0 2
   307  -.5926837504333862E-04   4   0 0  0 1  0 1  0 2
   308  -.3985695940741551E-08   4   1 0  0 0  0 0  1 2
   309  0.6909663410825370E-10   4   0 1  0 0  0 0  1 2
   310  -.2047175242746861E-02   4   0 0  1 0  0 0  1 2
   311  -.5907044420987228E-04   4   0 0  0 1  0 0  1 2
   312  0.5621611290371366E-09   4   1 0  0 0  0 0  0 3
   313  -.1543214016364880E-10   4   0 1  0 0  0 0  0 3
   314  -.1183410028432989E-04   4   0 0  1 0  0 0  0 3
   315  0.2658731611241615E-06   4   0 0  0 1  0 0  0 3
   316  0.2154475156038743E-04   4   0 0  0 0  0 4  0 0
   317  0.1115586808083802E-04   4   0 0  0 0  0 3  1 0
   318  0.9782409430924764E-05   4   0 0  0 0  0 2  2 0
   319  0.1122930085485967E-04   4   0 0  0 0  0 1  3 0
   320  0.2138243337016787E-04   4   0 0  0 0  0 0  4 0
   321  0.1861845114813194E-05   4   0 0  0 0  0 3  0 1
   322  0.2188610153388401E-05   4   0 0  0 0  0 2  1 1
   323  0.2186942124792696E-05   4   0 0  0 0  0 1  2 1
   324  0.1848876205953011E-05   4   0 0  0 0  0 0  3 1
   325  0.1188481044111151E-07   4   0 0  0 0  0 2  0 2
   326  0.1698799126414080E-07   4   0 0  0 0  0 1  1 2
   327  0.1181675401020571E-07   4   0 0  0 0  0 0  2 2
   328  -.4577377921086002E-10   4   0 0  0 0  0 1  0 3
   329  -.4562091451255952E-10   4   0 0  0 0  0 0  1 3
   ----------------------------------------------------
     I  COEFFICIENT            ORDER EXPONENTS
     1  0.5859062033887087E-04   0   0 0  0 0  0 0  0 0
     2  0.4527523255796378E-04   1   1 0  0 0  0 0  0 0
     3  0.5529329055050817E-05   1   0 1  0 0  0 0  0 0
     4  -.8860361989873411       1   0 0  1 0  0 0  0 0
     5  0.8863077395550006       1   0 0  0 1  0 0  0 0
     6  0.7989611385024397E-06   1   0 0  0 0  0 1  0 0
     7  0.7962929525780346E-06   1   0 0  0 0  0 0  1 0
     8  0.5699536624779055E-04   1   0 0  0 0  0 0  0 1
     9  0.2670664627819640E-04   2   2 0  0 0  0 0  0 0
    10  -.2611193418002091E-03   2   1 1  0 0  0 0  0 0
    11  -.6169616274258913E-05   2   0 2  0 0  0 0  0 0
    12  0.6577635645913203E-04   2   1 0  1 0  0 0  0 0
    13  0.2580999413739432E-03   2   0 1  1 0  0 0  0 0
    14  0.4083133406885049E-04   2   0 0  2 0  0 0  0 0
    15  0.3273150816551057E-03   2   1 0  0 1  0 0  0 0
    16  0.7212655184764613E-04   2   0 1  0 1  0 0  0 0
    17  0.3327028849595536E-03   2   0 0  1 1  0 0  0 0
    18  0.1343997935470339E-04   2   0 0  0 2  0 0  0 0
    19  -.1965644899076426E-07   2   1 0  0 0  0 1  0 0
    20  -.2824486272116788E-05   2   0 1  0 0  0 1  0 0
    21  -.1985885910040738E-01   2   0 0  1 0  0 1  0 0
    22  0.5589937152853850E-01   2   0 0  0 1  0 1  0 0
    23  -.1959080492124562E-07   2   1 0  0 0  0 0  1 0
    24  -.2815053705060171E-05   2   0 1  0 0  0 0  1 0
    25  -.1979253906834285E-01   2   0 0  1 0  0 0  1 0
    26  0.5571269171509060E-01   2   0 0  0 1  0 0  1 0
    27  0.4531447981187578E-04   2   1 0  0 0  0 0  0 1
    28  0.5639539977176944E-05   2   0 1  0 0  0 0  0 1
    29  -.8463848008185908       2   0 0  1 0  0 0  0 1
    30  -.1116120632436292       2   0 0  0 1  0 0  0 1
    31  -.5927214267166998E-06   2   0 0  0 0  0 2  0 0
    32  -.3878444809719086E-06   2   0 0  0 0  0 1  1 0
    33  -.5900943758388970E-06   2   0 0  0 0  0 0  2 0
    34  0.1573268287358647E-05   2   0 0  0 0  0 1  0 1
    35  0.1568014249211898E-05   2   0 0  0 0  0 0  1 1
    36  -.1570635248039593E-05   2   0 0  0 0  0 0  0 2
    37  0.7058158284153906E-04   3   3 0  0 0  0 0  0 0
    38  0.2594883470644320E-04   3   2 1  0 0  0 0  0 0
    39  0.4447460573558546E-05   3   1 2  0 0  0 0  0 0
    40  0.3151394891710349E-05   3   0 3  0 0  0 0  0 0
    41  -3.772619190364247       3   2 0  1 0  0 0  0 0
    42  -1.306825604539601       3   1 1  1 0  0 0  0 0
    43  -.5036742862130336       3   0 2  1 0  0 0  0 0
    44  -.2283176367364833E-03   3   1 0  2 0  0 0  0 0
    45  -.2598102733162572E-04   3   0 1  2 0  0 0  0 0
    46  -.5358035789225459       3   0 0  3 0  0 0  0 0
    47  -.3045256178227986       3   2 0  0 1  0 0  0 0
    48  -.2388058303930547       3   1 1  0 1  0 0  0 0
    49  -.1315459115375116       3   0 2  0 1  0 0  0 0
    50  -.5971920988235416E-04   3   1 0  1 1  0 0  0 0
    51  -.5463600093217767E-04   3   0 1  1 1  0 0  0 0
    52  -.4084548066645035       3   0 0  2 1  0 0  0 0
    53  -.5043551759813276E-05   3   1 0  0 2  0 0  0 0
    54  -.3663718801670730E-05   3   0 1  0 2  0 0  0 0
    55  0.3780127826640857       3   0 0  1 2  0 0  0 0
    56  -.4298464430912776E-02   3   0 0  0 3  0 0  0 0
    57  0.5236459516799801E-05   3   2 0  0 0  0 1  0 0
    58  0.1094953621638931E-03   3   1 1  0 0  0 1  0 0
    59  0.5159937496601495E-05   3   0 2  0 0  0 1  0 0
    60  -.2645205582978190E-04   3   1 0  1 0  0 1  0 0
    61  -.1106468125255782E-03   3   0 1  1 0  0 1  0 0
    62  -.3148136620662292E-04   3   0 0  2 0  0 1  0 0
    63  -.1792859650303926E-03   3   1 0  0 1  0 1  0 0
    64  -.7132637261141567E-04   3   0 1  0 1  0 1  0 0
    65  -.1773244318811738E-03   3   0 0  1 1  0 1  0 0
    66  -.1575898658238109E-04   3   0 0  0 2  0 1  0 0
    67  0.5218971998443560E-05   3   2 0  0 0  0 0  1 0
    68  0.1091296948366353E-03   3   1 1  0 0  0 0  1 0
    69  0.5142705528818433E-05   3   0 2  0 0  0 0  1 0
    70  -.2636371736169808E-04   3   1 0  1 0  0 0  1 0
    71  -.1102772998502820E-03   3   0 1  1 0  0 0  1 0
    72  -.3137623200904926E-04   3   0 0  2 0  0 0  1 0
    73  -.1786872271628549E-03   3   1 0  0 1  0 0  1 0
    74  -.7108817326196071E-04   3   0 1  0 1  0 0  1 0
    75  -.1767322446891139E-03   3   0 0  1 1  0 0  1 0
    76  -.1570635835786119E-04   3   0 0  0 2  0 0  1 0
    77  0.1625121476295338E-04   3   2 0  0 0  0 0  0 1
    78  -.2186250570005277E-03   3   1 1  0 0  0 0  0 1
    79  -.4133026751160871E-05   3   0 2  0 0  0 0  0 1
    80  0.1185921296506104E-03   3   1 0  1 0  0 0  0 1
    81  0.2209241123758599E-03   3   0 1  1 0  0 0  0 1
    82  0.1036889322845222E-03   3   0 0  2 0  0 0  0 1
    83  0.3579731921932477E-03   3   1 0  0 1  0 0  0 1
    84  0.7028799402573018E-04   3   0 1  0 1  0 0  0 1
    85  0.3540566765702879E-03   3   0 0  1 1  0 0  0 1
    86  0.1802536558553880E-04   3   0 0  0 2  0 0  0 1
    87  0.6521819518305485E-07   3   1 0  0 0  0 2  0 0
    88  0.2173848167931945E-05   3   0 1  0 0  0 2  0 0
    89  0.1473981702713267E-01   3   0 0  1 0  0 2  0 0
    90  -.4138246814691109E-01   3   0 0  0 1  0 2  0 0
    91  0.7697578911832168E-07   3   1 0  0 0  0 1  1 0
    92  0.1483046443909447E-05   3   0 1  0 0  0 1  1 0
    93  0.9654739641502728E-02   3   0 0  1 0  0 1  1 0
    94  -.2696191590077664E-01   3   0 0  0 1  0 1  1 0
    95  0.6487186153105593E-07   3   1 0  0 0  0 0  2 0
    96  0.2164112083807434E-05   3   0 1  0 0  0 0  2 0
    97  0.1467447105470794E-01   3   0 0  1 0  0 0  2 0
    98  -.4119924794480666E-01   3   0 0  0 1  0 0  2 0
    99  -.1326888748062042E-06   3   1 0  0 0  0 1  0 1
   100  -.2871151199959367E-05   3   0 1  0 0  0 1  0 1
   101  -.3913436085028572E-01   3   0 0  1 0  0 1  0 1
   102  0.5382753189917764E-01   3   0 0  0 1  0 1  0 1
   103  -.1322457511409773E-06   3   1 0  0 0  0 0  1 1
   104  -.2861562792152025E-05   3   0 1  0 0  0 0  1 1
   105  -.3900366894833457E-01   3   0 0  1 0  0 0  1 1
   106  0.5364777113732052E-01   3   0 0  0 1  0 0  1 1
   107  0.8380740828436180E-07   3   1 0  0 0  0 0  0 2
   108  0.6590144058450079E-09   3   0 1  0 0  0 0  0 2
   109  0.3906900765741004E-01   3   0 0  1 0  0 0  0 2
   110  0.2068363726453198E-02   3   0 0  0 1  0 0  0 2
   111  0.4907408993491645E-06   3   0 0  0 0  0 3  0 0
   112  0.2871268327934933E-06   3   0 0  0 0  0 2  1 0
   113  0.2881385980137358E-06   3   0 0  0 0  0 1  2 0
   114  0.4878047749528327E-06   3   0 0  0 0  0 0  3 0
   115  -.1166658302482305E-05   3   0 0  0 0  0 2  0 1
   116  -.7627465756590429E-06   3   0 0  0 0  0 1  1 1
   117  -.1161488544029064E-05   3   0 0  0 0  0 0  2 1
   118  0.7614075333780227E-06   3   0 0  0 0  0 1  0 2
   119  0.7588647603127402E-06   3   0 0  0 0  0 0  1 2
   120  0.1678765144953874E-07   3   0 0  0 0  0 0  0 3
   121  0.2569032186545849E-03   4   4 0  0 0  0 0  0 0
   122  0.3497283113815983E-03   4   3 1  0 0  0 0  0 0
   123  0.4662657851541896E-04   4   2 2  0 0  0 0  0 0
   124  -.5390501200823864E-04   4   1 3  0 0  0 0  0 0
   125  -.4972771674010359E-04   4   0 4  0 0  0 0  0 0
   126  0.2972230342007689E-07   4   3 0  1 0  0 0  0 0
   127  0.2383449303617852E-02   4   2 1  1 0  0 0  0 0
   128  0.2063721117332049E-03   4   1 2  1 0  0 0  0 0
   129  -.1591409224736087E-03   4   0 3  1 0  0 0  0 0
   130  -.8893725295082033E-04   4   2 0  2 0  0 0  0 0
   131  0.3403689385928351E-02   4   1 1  2 0  0 0  0 0
   132  0.2054187502668317E-03   4   0 2  2 0  0 0  0 0
   133  0.1417337186877774E-07   4   1 0  3 0  0 0  0 0
   134  0.9486290192181397E-07   4   0 1  3 0  0 0  0 0
   135  -.1897231598711043E-03   4   0 0  4 0  0 0  0 0
   136  0.1191756524045517E-02   4   3 0  0 1  0 0  0 0
   137  0.6052149788938278E-03   4   2 1  0 1  0 0  0 0
   138  0.3367858434946881E-03   4   1 2  0 1  0 0  0 0
   139  -.4155955194407820E-04   4   0 3  0 1  0 0  0 0
   140  0.2925459920540522E-02   4   2 0  1 1  0 0  0 0
   141  0.1861767904216974E-02   4   1 1  1 1  0 0  0 0
   142  0.9023340782095437E-03   4   0 2  1 1  0 0  0 0
   143  0.5080344785117747E-03   4   1 0  2 1  0 0  0 0
   144  0.5537315515269001E-07   4   0 1  2 1  0 0  0 0
   145  0.6975124139926504E-03   4   0 0  3 1  0 0  0 0
   146  -.1608023918748918E-03   4   2 0  0 2  0 0  0 0
   147  -.3072843300203753E-03   4   1 1  0 2  0 0  0 0
   148  -.3159012427548633E-04   4   0 2  0 2  0 0  0 0
   149  0.5167995857891333E-04   4   1 0  1 2  0 0  0 0
   150  -.1590975274566071E-03   4   0 1  1 2  0 0  0 0
   151  0.2912590725760112E-03   4   0 0  2 2  0 0  0 0
   152  -.1719240886039519E-04   4   1 0  0 3  0 0  0 0
   153  -.4155880486885526E-04   4   0 1  0 3  0 0  0 0
   154  0.1418612397902079E-03   4   0 0  1 3  0 0  0 0
   155  0.1066334842109671E-04   4   0 0  0 4  0 0  0 0
   156  -.2215731838451634E-04   4   3 0  0 0  0 1  0 0
   157  -.2072933409017003E-04   4   2 1  0 0  0 1  0 0
   158  -.5771735714186672E-05   4   1 2  0 0  0 1  0 0
   159  -.4815296783557499E-05   4   0 3  0 0  0 1  0 0
   160   1.599887707148429       4   2 0  1 0  0 1  0 0
   161   1.204142382685565       4   1 1  1 0  0 1  0 0
   162  0.5150630866960926       4   0 2  1 0  0 1  0 0
   163  0.8585024769697754E-04   4   1 0  2 0  0 1  0 0
   164  0.2140005171065920E-04   4   0 1  2 0  0 1  0 0
   165  0.3003905404380153       4   0 0  3 0  0 1  0 0
   166  0.2898036382801428       4   2 0  0 1  0 1  0 0
   167  0.3476459579523271       4   1 1  0 1  0 1  0 0
   168  0.2040863861436146       4   0 2  0 1  0 1  0 0
   169  0.5387926009256050E-04   4   1 0  1 1  0 1  0 0
   170  0.5776457187762356E-04   4   0 1  1 1  0 1  0 0
   171  0.4174766373276729       4   0 0  2 1  0 1  0 0
   172  0.7024914679353783E-05   4   1 0  0 2  0 1  0 0
   173  0.5781894364307719E-05   4   0 1  0 2  0 1  0 0
   174  -.3332195374238459       4   0 0  1 2  0 1  0 0
   175  0.8927369841293437E-02   4   0 0  0 3  0 1  0 0
   176  -.2208332248886619E-04   4   3 0  0 0  0 0  1 0
   177  -.2066010704673374E-04   4   2 1  0 0  0 0  1 0
   178  -.5752460603985480E-05   4   1 2  0 0  0 0  1 0
   179  -.4799215767247827E-05   4   0 3  0 0  0 0  1 0
   180   1.594544771610130       4   2 0  1 0  0 0  1 0
   181   1.200121066001349       4   1 1  1 0  0 0  1 0
   182  0.5133429979310633       4   0 2  1 0  0 0  1 0
   183  0.8556354486318336E-04   4   1 0  2 0  0 0  1 0
   184  0.2132858475938775E-04   4   0 1  2 0  0 0  1 0
   185  0.2993873654734827       4   0 0  3 0  0 0  1 0
   186  0.2888358190068411       4   2 0  0 1  0 0  1 0
   187  0.3464849702560113       4   1 1  0 1  0 0  1 0
   188  0.2034048255562448       4   0 2  0 1  0 0  1 0
   189  0.5369932658082735E-04   4   1 0  1 1  0 0  1 0
   190  0.5757166309873836E-04   4   0 1  1 1  0 0  1 0
   191  0.4160824452528047       4   0 0  2 1  0 0  1 0
   192  0.7001454491413034E-05   4   1 0  0 2  0 0  1 0
   193  0.5762585328592458E-05   4   0 1  0 2  0 0  1 0
   194  -.3321067277556409       4   0 0  1 2  0 0  1 0
   195  0.8897556272893686E-02   4   0 0  0 3  0 0  1 0
   196  0.1148222237149215E-03   4   3 0  0 0  0 0  0 1
   197  0.4138944113690372E-04   4   2 1  0 0  0 0  0 1
   198  0.7076735744613581E-05   4   1 2  0 0  0 0  0 1
   199  0.3311722767384678E-05   4   0 3  0 0  0 0  0 1
   200  -6.967051669122807       4   2 0  1 0  0 0  0 1
   201  -2.404263448686910       4   1 1  1 0  0 0  0 1
   202  -.5247317984141221       4   0 2  1 0  0 0  0 1
   203  -.3997314292966441E-03   4   1 0  2 0  0 0  0 1
   204  -.4272863647004679E-04   4   0 1  2 0  0 0  0 1
   205  -1.135581484834045       4   0 0  3 0  0 0  0 1
   206  -.5786394572869845       4   2 0  0 1  0 0  0 1
   207  -.4553250978152847       4   1 1  0 1  0 0  0 1
   208  -.1443993886248361       4   0 2  0 1  0 0  0 1
   209  -.1075785866733879E-03   4   1 0  1 1  0 0  0 1
   210  -.6070023404436346E-04   4   0 1  1 1  0 0  0 1
   211  -.8335590825804758       4   0 0  2 1  0 0  0 1
   212  -.8982817411132618E-05   4   1 0  0 2  0 0  0 1
   213  -.4217042089558718E-05   4   0 1  0 2  0 0  0 1
   214  0.2873134825154007       4   0 0  1 2  0 0  0 1
   215  -.9227997252361453E-02   4   0 0  0 3  0 0  0 1
   216  -.1322706946765793E-03   4   2 0  0 0  0 2  0 0
   217  -.2455410662185511E-03   4   1 1  0 0  0 2  0 0
   218  -.1058782503557483E-03   4   0 2  0 0  0 2  0 0
   219  -.2419597612274360E-03   4   1 0  1 0  0 2  0 0
   220  -.2026524567818840E-03   4   0 1  1 0  0 2  0 0
   221  -.1326073785356306E-03   4   0 0  2 0  0 2  0 0
   222  0.3287188307678939E-04   4   1 0  0 1  0 2  0 0
   223  -.7494017187368856E-04   4   0 1  0 1  0 2  0 0
   224  0.3261093033020293E-03   4   0 0  1 1  0 2  0 0
   225  0.1001632399190493E-04   4   0 0  0 2  0 2  0 0
   226  -.1245200518426943E-03   4   2 0  0 0  0 1  1 0
   227  -.2356313422918107E-03   4   1 1  0 0  0 1  1 0
   228  -.1249696556191204E-03   4   0 2  0 0  0 1  1 0
   229  -.2769093493275942E-03   4   1 0  1 0  0 1  1 0
   230  -.2456099311872348E-03   4   0 1  1 0  0 1  1 0
   231  -.1333213025658528E-03   4   0 0  2 0  0 1  1 0
   232  -.2995418906837103E-04   4   1 0  0 1  0 1  1 0
   233  -.1080267515861414E-03   4   0 1  0 1  0 1  1 0
   234  0.2645457311900551E-03   4   0 0  1 1  0 1  1 0
   235  0.6178842348858058E-05   4   0 0  0 2  0 1  1 0
   236  -.1316210458945247E-03   4   2 0  0 0  0 0  2 0
   237  -.2443276112888901E-03   4   1 1  0 0  0 0  2 0
   238  -.1053159902235855E-03   4   0 2  0 0  0 0  2 0
   239  -.2406893409349840E-03   4   1 0  1 0  0 0  2 0
   240  -.2015655692331868E-03   4   0 1  1 0  0 0  2 0
   241  -.1319419091821211E-03   4   0 0  2 0  0 0  2 0
   242  0.3281212219405506E-04   4   1 0  0 1  0 0  2 0
   243  -.7450952259152962E-04   4   0 1  0 1  0 0  2 0
   244  0.3245785043782180E-03   4   0 0  1 1  0 0  2 0
   245  0.9972556450413036E-05   4   0 0  0 2  0 0  2 0
   246  0.2894247954533318E-03   4   2 0  0 0  0 1  0 1
   247  0.3516714033399865E-03   4   1 1  0 0  0 1  0 1
   248  0.9324465685213244E-04   4   0 2  0 0  0 1  0 1
   249  0.3804163726844095E-03   4   1 0  1 0  0 1  0 1
   250  0.1660691109995812E-03   4   0 1  1 0  0 1  0 1
   251  0.2549883326667631E-03   4   0 0  2 0  0 1  0 1
   252  -.4949796044948797E-04   4   1 0  0 1  0 1  0 1
   253  0.4569814366008611E-04   4   0 1  0 1  0 1  0 1
   254  -.2995582588405836E-03   4   0 0  1 1  0 1  0 1
   255  -.7662893176390723E-05   4   0 0  0 2  0 1  0 1
   256  0.2884582413518262E-03   4   2 0  0 0  0 0  1 1
   257  0.3504969723906683E-03   4   1 1  0 0  0 0  1 1
   258  0.9293325987806624E-04   4   0 2  0 0  0 0  1 1
   259  0.3791459459239034E-03   4   1 0  1 0  0 0  1 1
   260  0.1655145117292643E-03   4   0 1  1 0  0 0  1 1
   261  0.2541367815120354E-03   4   0 0  2 0  0 0  1 1
   262  -.4933265859062788E-04   4   1 0  0 1  0 0  1 1
   263  0.4554553155193325E-04   4   0 1  0 1  0 0  1 1
   264  -.2985578633379498E-03   4   0 0  1 1  0 0  1 1
   265  -.7637302415179578E-05   4   0 0  0 2  0 0  1 1
   266  -.1894712468992769E-03   4   2 0  0 0  0 0  0 2
   267  -.5877420593941469E-04   4   1 1  0 0  0 0  0 2
   268  -.2943510278331818E-05   4   0 2  0 0  0 0  0 2
   269  -.3866984956750268E-08   4   1 0  1 0  0 0  0 2
   270  -.4155588421489134E-09   4   0 1  1 0  0 0  0 2
   271  -.1112545221949464E-03   4   0 0  2 0  0 0  0 2
   272  -.1234244381717649E-04   4   1 0  0 1  0 0  0 2
   273  -.2775918085700814E-10   4   0 1  0 1  0 0  0 2
   274  -.5719030045308109E-04   4   0 0  1 1  0 0  0 2
   275  -.2416379610981085E-05   4   0 0  0 2  0 0  0 2
   276  -.2782151900491745E-07   4   1 0  0 0  0 3  0 0
   277  -.1773853942981150E-05   4   0 1  0 0  0 3  0 0
   278  -.1218504918616223E-01   4   0 0  1 0  0 3  0 0
   279  0.3413751472373477E-01   4   0 0  0 1  0 3  0 0
   280  0.9383301505032839E-08   4   1 0  0 0  0 2  1 0
   281  -.1020504279035843E-05   4   0 1  0 0  0 2  1 0
   282  -.7084133398698168E-02   4   0 0  1 0  0 2  1 0
   283  0.1967201611888699E-01   4   0 0  0 1  0 2  1 0
   284  0.9197394830521098E-08   4   1 0  0 0  0 1  2 0
   285  -.1024248398967095E-05   4   0 1  0 0  0 1  2 0
   286  -.7109481845064916E-02   4   0 0  1 0  0 1  2 0
   287  0.1974390782765680E-01   4   0 0  0 1  0 1  2 0
   288  -.2769776746273200E-07   4   1 0  0 0  0 0  3 0
   289  -.1763269782736646E-05   4   0 1  0 0  0 0  3 0
   290  -.1211222071981204E-01   4   0 0  1 0  0 0  3 0
   291  0.3393377014561669E-01   4   0 0  0 1  0 0  3 0
   292  0.8411102917173810E-07   4   1 0  0 0  0 2  0 1
   293  0.2129257878004476E-05   4   0 1  0 0  0 2  0 1
   294  0.2889948239807339E-01   4   0 0  1 0  0 2  0 1
   295  -.3931956338456929E-01   4   0 0  0 1  0 2  0 1
   296  0.3585616431868012E-07   4   1 0  0 0  0 1  1 1
   297  0.1392287743915903E-05   4   0 1  0 0  0 1  1 1
   298  0.1873252765871592E-01   4   0 0  1 0  0 1  1 1
   299  -.2490789527296964E-01   4   0 0  0 1  0 1  1 1
   300  0.8377026250932214E-07   4   1 0  0 0  0 0  2 1
   301  0.2119822253646354E-05   4   0 1  0 0  0 0  2 1
   302  0.2877169129466989E-01   4   0 0  1 0  0 0  2 1
   303  -.3914666216735213E-01   4   0 0  0 1  0 0  2 1
   304  -.8483498544851509E-07   4   1 0  0 0  0 1  0 2
   305  -.1427678705439089E-08   4   0 1  0 0  0 1  0 2
   306  -.1869857864800529E-01   4   0 0  1 0  0 1  0 2
   307  -.2054041958050139E-02   4   0 0  0 1  0 1  0 2
   308  -.8455167315314396E-07   4   1 0  0 0  0 0  1 2
   309  -.1422910873760844E-08   4   0 1  0 0  0 0  1 2
   310  -.1863613345267833E-01   4   0 0  1 0  0 0  1 2
   311  -.2047182343012292E-02   4   0 0  0 1  0 0  1 2
   312  0.2852641850956318E-07   4   1 0  0 0  0 0  0 3
   313  0.5108542646364027E-09   4   0 1  0 0  0 0  0 3
   314  -.5780985189075750E-03   4   0 0  1 0  0 0  0 3
   315  -.1183438394763955E-04   4   0 0  0 1  0 0  0 3
   316  -.1037516521946222E-04   4   0 0  0 0  0 4  0 0
   317  -.5626048913747901E-05   4   0 0  0 0  0 3  1 0
   318  -.4998123131901575E-05   4   0 0  0 0  0 2  2 0
   319  -.5659603123803924E-05   4   0 0  0 0  0 1  3 0
   320  -.1029657715135541E-04   4   0 0  0 0  0 0  4 0
   321  0.1147052599994800E-04   4   0 0  0 0  0 3  0 1
   322  0.6321320973981063E-05   4   0 0  0 0  0 2  1 1
   323  0.6346923271537965E-05   4   0 0  0 0  0 1  2 1
   324  0.1140254629829550E-04   4   0 0  0 0  0 0  3 1
   325  0.4423093976225389E-06   4   0 0  0 0  0 2  0 2
   326  0.5278626192149443E-06   4   0 0  0 0  0 1  1 2
   327  0.4399508579847930E-06   4   0 0  0 0  0 0  2 2
   328  0.2037775581526973E-08   4   0 0  0 0  0 1  0 3
   329  0.2030970289177413E-08   4   0 0  0 0  0 0  1 3
   330  -.1109002158956733E-14   4   0 0  0 0  0 0  0 4
   ----------------------------------------------------
     I  COEFFICIENT            ORDER EXPONENTS
     1  0.1011086148924084E-07   0   0 0  0 0  0 0  0 0
     2  -.7291346790090068E-06   1   1 0  0 0  0 0  0 0
     3  -.1499399830841725E-05   1   0 1  0 0  0 0  0 0
     4  0.1589620985092098E-05   1   0 0  1 0  0 0  0 0
     5  -.2491905402799277E-05   1   0 0  0 1  0 0  0 0
     6   1.000000000000000       1   0 0  0 0  1 0  0 0
     7  0.6229109768906683E-01   1   0 0  0 0  0 1  0 0
     8  -.6229109759270762E-01   1   0 0  0 0  0 0  1 0
     9  -.9636699420077096E-10   1   0 0  0 0  0 0  0 1
    10  -.1731943967401594E-01   2   2 0  0 0  0 0  0 0
    11  -.6176952065917098E-01   2   1 1  0 0  0 0  0 0
    12  -.6673858274422990E-01   2   0 2  0 0  0 0  0 0
    13  -.6479017146112241E-07   2   1 0  1 0  0 0  0 0
    14  -.2854375786098520E-05   2   0 1  1 0  0 0  0 0
    15  -.1596389583843260E-01   2   0 0  2 0  0 0  0 0
    16  -.2854255843721501E-05   2   1 0  0 1  0 0  0 0
    17  -.3924214533836634E-06   2   0 1  0 1  0 0  0 0
    18  0.5435072241753818E-01   2   0 0  1 1  0 0  0 0
    19  -.5872832219387569E-01   2   0 0  0 2  0 0  0 0
    20  0.1119343505535942E-05   2   1 0  0 0  0 1  0 0
    21  0.2299076701701869E-05   2   0 1  0 0  0 1  0 0
    22  -.2361014624834330E-05   2   0 0  1 0  0 1  0 0
    23  0.3655325127616248E-05   2   0 0  0 1  0 1  0 0
    24  0.3913268348976325E-06   2   1 0  0 0  0 0  1 0
    25  0.8019844345766846E-06   2   0 1  0 0  0 0  1 0
    26  -.7741039532227283E-06   2   0 0  1 0  0 0  1 0
    27  0.1167817804633632E-05   2   0 0  0 1  0 0  1 0
    28  -.1510652028144573E-05   2   1 0  0 0  0 0  0 1
    29  -.1601609563442223E-05   2   0 1  0 0  0 0  0 1
    30  0.3135103956767649E-05   2   0 0  1 0  0 0  0 1
    31  -.2331192403230694E-05   2   0 0  0 1  0 0  0 1
    32  -.4679646331391489E-01   2   0 0  0 0  0 2  0 0
    33  0.3130182879471314E-01   2   0 0  0 0  0 1  1 0
    34  0.1549463437507506E-01   2   0 0  0 0  0 0  2 0
    35  0.1440176345728560E-09   2   0 0  0 0  0 1  0 1
    36  0.4781225724736331E-10   2   0 0  0 0  0 0  1 1
    37  -.4773207538408863E-10   2   0 0  0 0  0 0  0 2
    38  -.4014279966669547E-04   3   3 0  0 0  0 0  0 0
    39  -.8222630459196228E-04   3   2 1  0 0  0 0  0 0
    40  -.6295700768786507E-05   3   1 2  0 0  0 0  0 0
    41  -.1559841661450643E-05   3   0 3  0 0  0 0  0 0
    42  0.5524339017109042E-04   3   2 0  1 0  0 0  0 0
    43  -.1303950897599377E-03   3   1 1  1 0  0 0  0 0
    44  0.3543080295509260E-04   3   0 2  1 0  0 0  0 0
    45  -.4312392723959480E-04   3   1 0  2 0  0 0  0 0
    46  0.7526289882936346E-04   3   0 1  2 0  0 0  0 0
    47  -.1677431452897826E-04   3   0 0  3 0  0 0  0 0
    48  -.6395018090787933E-04   3   2 0  0 1  0 0  0 0
    49  0.2428992450463307E-05   3   1 1  0 1  0 0  0 0
    50  -.1136183049080868E-05   3   0 2  0 1  0 0  0 0
    51  0.1491513680361649E-03   3   1 0  1 1  0 0  0 0
    52  0.2212205482217623E-05   3   0 1  1 1  0 0  0 0
    53  0.1081250695161580E-03   3   0 0  2 1  0 0  0 0
    54  0.2593125352314526E-05   3   1 0  0 2  0 0  0 0
    55  -.2221655227627319E-05   3   0 1  0 2  0 0  0 0
    56  -.1255043938222964E-04   3   0 0  1 2  0 0  0 0
    57  -.5484378301982731E-05   3   0 0  0 3  0 0  0 0
    58  0.2631336446837461E-01   3   2 0  0 0  0 1  0 0
    59  0.9453192467568711E-01   3   1 1  0 0  0 1  0 0
    60  0.1021878156022934       3   0 2  0 0  0 1  0 0
    61  0.1409729913479204E-06   3   1 0  1 0  0 1  0 0
    62  0.4294852370145695E-05   3   0 1  1 0  0 1  0 0
    63  0.2360232349503748E-01   3   0 0  2 0  0 1  0 0
    64  0.4224164023712220E-05   3   1 0  0 1  0 1  0 0
    65  0.6886506088041268E-06   3   0 1  0 1  0 1  0 0
    66  -.7969432306616030E-01   3   0 0  1 1  0 1  0 0
    67  0.8616634451148261E-01   3   0 0  0 2  0 1  0 0
    68  0.9021544809242958E-02   3   2 0  0 0  0 0  1 0
    69  0.3285861602118854E-01   3   1 1  0 0  0 0  1 0
    70  0.3555302232293622E-01   3   0 2  0 0  0 0  1 0
    71  0.7006107923415465E-07   3   1 0  1 0  0 0  1 0
    72  0.1441276966495629E-05   3   0 1  1 0  0 0  1 0
    73  0.7666071046045993E-02   3   0 0  2 0  0 0  1 0
    74  0.1400512279402687E-05   3   1 0  0 1  0 0  1 0
    75  0.3346737401400300E-06   3   0 1  0 1  0 0  1 0
    76  -.2543990444469007E-01   3   0 0  1 1  0 0  1 0
    77  0.2754189556735330E-01   3   0 0  0 2  0 0  1 0
    78  -.3533493632512023E-01   3   2 0  0 0  0 0  0 1
    79  -.6562113002885153E-01   3   1 1  0 0  0 0  0 1
    80  -.4263841719759792E-02   3   0 2  0 0  0 0  0 1
    81  -.2069373028650710E-06   3   1 0  1 0  0 0  0 1
    82  -.2863078864245667E-05   3   0 1  1 0  0 0  0 1
    83  -.3126842645007555E-01   3   0 0  2 0  0 0  0 1
    84  -.2836642055936466E-05   3   1 0  0 1  0 0  0 1
    85  -.3947857485595199E-06   3   0 1  0 1  0 0  0 1
    86  0.5078362014006139E-01   3   0 0  1 1  0 0  0 1
    87  0.3748271135261327E-02   3   0 0  0 2  0 0  0 1
    88  -.1422118984973245E-05   3   1 0  0 0  0 2  0 0
    89  -.2925083723212394E-05   3   0 1  0 0  0 2  0 0
    90  0.2926133069705095E-05   3   0 0  1 0  0 2  0 0
    91  -.4488933925965123E-05   3   0 0  0 1  0 2  0 0
    92  -.6061598103603919E-06   3   1 0  0 0  0 1  1 0
    93  -.1253227904496609E-05   3   0 1  0 0  0 1  1 0
    94  0.1131647948987792E-05   3   0 0  1 0  0 1  1 0
    95  -.1669484139772862E-05   3   0 0  0 1  0 1  1 0
    96  -.3039287800898955E-06   3   1 0  0 0  0 0  2 0
    97  -.6283432147215904E-06   3   0 1  0 0  0 0  2 0
    98  0.5678589233025452E-06   3   0 0  1 0  0 0  2 0
    99  -.8380310069000162E-06   3   0 0  0 1  0 0  2 0
   100  0.2331108976686805E-05   3   1 0  0 0  0 1  0 1
   101  0.2505400615780956E-05   3   0 1  0 0  0 1  0 1
   102  -.4622947368378288E-05   3   0 0  1 0  0 1  0 1
   103  0.3336843578544135E-05   3   0 0  0 1  0 1  0 1
   104  0.8227450548161626E-06   3   1 0  0 0  0 0  1 1
   105  0.9061036031648998E-06   3   0 1  0 0  0 0  1 1
   106  -.1493309587072575E-05   3   0 0  1 0  0 0  1 1
   107  0.1010051912688835E-05   3   0 0  0 1  0 0  1 1
   108  -.8216091400965606E-06   3   1 0  0 0  0 0  0 2
   109  -.1041421937209272E-06   3   0 1  0 0  0 0  0 2
   110  0.1490583616884114E-05   3   0 0  1 0  0 0  0 2
   111  0.1577482567116851E-06   3   0 0  0 1  0 0  0 2
   112  0.3901015813018906E-01   3   0 0  0 0  0 3  0 0
   113  -.2343763982058706E-01   3   0 0  0 0  0 2  1 0
   114  -.7864207360728161E-02   3   0 0  0 0  0 1  2 0
   115  -.7708359945707463E-02   3   0 0  0 0  0 0  3 0
   116  -.2559211362855667E-08   3   0 0  0 0  0 2  0 1
   117  -.1018404393796356E-08   3   0 0  0 0  0 1  1 1
   118  -.5109104835185061E-09   3   0 0  0 0  0 0  2 1
   119  -.7289043788542056E-11   3   0 0  0 0  0 1  0 2
   120  -.1077996809592485E-10   3   0 0  0 0  0 0  1 2
   121  -.1294884169756776E-12   3   0 0  0 0  0 0  0 3
   122  -.1957158819966163       4   4 0  0 0  0 0  0 0
   123  -.3363600058360601       4   3 1  0 0  0 0  0 0
   124  -.4280342896597764       4   2 2  0 0  0 0  0 0
   125  -.1496999508241351       4   1 3  0 0  0 0  0 0
   126  -.5977134390645424E-01   4   0 4  0 0  0 0  0 0
   127  0.1539178150159032E-04   4   3 0  1 0  0 0  0 0
   128  -.1234157740182350E-04   4   2 1  1 0  0 0  0 0
   129  -.7890707771378324E-05   4   1 2  1 0  0 0  0 0
   130  -.4937153555662475E-05   4   0 3  1 0  0 0  0 0
   131  -.7088835131154205       4   2 0  2 0  0 0  0 0
   132  -.1790540327472048       4   1 1  2 0  0 0  0 0
   133  -.2708645050447469       4   0 2  2 0  0 0  0 0
   134  -.2734867182501430E-04   4   1 0  3 0  0 0  0 0
   135  -.6210748158220043E-06   4   0 1  3 0  0 0  0 0
   136  -.7556651679315041E-01   4   0 0  4 0  0 0  0 0
   137  -.4409552859457008E-05   4   3 0  0 1  0 0  0 0
   138  -.3023205691477194E-04   4   2 1  0 1  0 0  0 0
   139  -.8966843887717276E-05   4   1 2  0 1  0 0  0 0
   140  -.1148992062209810E-05   4   0 3  0 1  0 0  0 0
   141  -.1549087048881243       4   2 0  1 1  0 0  0 0
   142  0.7758205284304042E-02   4   1 1  1 1  0 0  0 0
   143  0.5159278852074576E-01   4   0 2  1 1  0 0  0 0
   144  -.9769281900341298E-06   4   1 0  2 1  0 0  0 0
   145  -.1795399096615612E-04   4   0 1  2 1  0 0  0 0
   146  -.1499892385999760       4   0 0  3 1  0 0  0 0
   147  0.1898973944561938       4   2 0  0 2  0 0  0 0
   148  -.6538267960848063E-01   4   1 1  0 2  0 0  0 0
   149  -.9473732998094617E-01   4   0 2  0 2  0 0  0 0
   150  0.4639190942990866E-05   4   1 0  1 2  0 0  0 0
   151  -.5678672852314227E-05   4   0 1  1 2  0 0  0 0
   152  0.9710224399478339E-01   4   0 0  2 2  0 0  0 0
   153  -.3760141201352413E-05   4   1 0  0 3  0 0  0 0
   154  -.9637352564139907E-06   4   0 1  0 3  0 0  0 0
   155  0.8881838337148772E-01   4   0 0  1 3  0 0  0 0
   156  -.3706028419112814E-01   4   0 0  0 4  0 0  0 0
   157  0.2280899299091846E-03   4   3 0  0 0  0 1  0 0
   158  0.6422720684180553E-03   4   2 1  0 0  0 1  0 0
   159  0.2977610280223669E-03   4   1 2  0 0  0 1  0 0
   160  0.1841118666188646E-03   4   0 3  0 0  0 1  0 0
   161  0.7627924939271994E-04   4   2 0  1 0  0 1  0 0
   162  0.1904899721998505E-03   4   1 1  1 0  0 1  0 0
   163  -.9203775300081228E-04   4   0 2  1 0  0 1  0 0
   164  0.8912707912456934E-04   4   1 0  2 0  0 1  0 0
   165  0.2246415150198894E-03   4   0 1  2 0  0 1  0 0
   166  0.1261317092332132E-03   4   0 0  3 0  0 1  0 0
   167  -.1509934071070117E-03   4   2 0  0 1  0 1  0 0
   168  0.1086840124371447E-03   4   1 1  0 1  0 1  0 0
   169  0.1632970191445916E-03   4   0 2  0 1  0 1  0 0
   170  -.2577618473327130E-03   4   1 0  1 1  0 1  0 0
   171  -.8400830214724070E-04   4   0 1  1 1  0 1  0 0
   172  -.2486396516564419E-03   4   0 0  2 1  0 1  0 0
   173  0.8098134648322634E-04   4   1 0  0 2  0 1  0 0
   174  0.1480676499533437E-03   4   0 1  0 2  0 1  0 0
   175  -.2049905171895814E-03   4   0 0  1 2  0 1  0 0
   176  0.1298833399823634E-03   4   0 0  0 3  0 1  0 0
   177  0.1176747465327293E-03   4   3 0  0 0  0 0  1 0
   178  0.3359143607192213E-03   4   2 1  0 0  0 0  1 0
   179  0.1886999089161940E-03   4   1 2  0 0  0 0  1 0
   180  0.1137628306601662E-03   4   0 3  0 0  0 0  1 0
   181  0.4700524100798176E-04   4   2 0  1 0  0 0  1 0
   182  0.5514866122232751E-04   4   1 1  1 0  0 0  1 0
   183  -.5075720638626838E-04   4   0 2  1 0  0 0  1 0
   184  0.5458729131987046E-04   4   1 0  2 0  0 0  1 0
   185  0.1368342476297138E-03   4   0 1  2 0  0 0  1 0
   186  0.5121697589936180E-04   4   0 0  3 0  0 0  1 0
   187  -.8769286807472952E-04   4   2 0  0 1  0 0  1 0
   188  0.6623920973171972E-04   4   1 1  0 1  0 0  1 0
   189  0.9803709928928538E-04   4   0 2  0 1  0 0  1 0
   190  -.9214970189021111E-04   4   1 0  1 1  0 0  1 0
   191  -.4950991090309930E-04   4   0 1  1 1  0 0  1 0
   192  -.8391547664741181E-04   4   0 0  2 1  0 0  1 0
   193  0.4541174446330778E-04   4   1 0  0 2  0 0  1 0
   194  0.8889595416570506E-04   4   0 1  0 2  0 0  1 0
   195  -.1215264604123812E-03   4   0 0  1 2  0 0  1 0
   196  0.7531263185768447E-04   4   0 0  0 3  0 0  1 0
   197  -.2395054556511278E-03   4   3 0  0 0  0 0  0 1
   198  -.4014849668063849E-03   4   2 1  0 0  0 0  0 1
   199  -.1270007304852898E-03   4   1 2  0 0  0 0  0 1
   200  -.1173920919507595E-04   4   0 3  0 0  0 0  0 1
   201  -.7001844219685101E-04   4   2 0  1 0  0 0  0 1
   202  -.1126917671455186E-03   4   1 1  1 0  0 0  0 1
   203  0.4256403468482212E-04   4   0 2  1 0  0 0  0 1
   204  -.8715005823561718E-04   4   1 0  2 0  0 0  0 1
   205  -.1026934222583568E-03   4   0 1  2 0  0 0  0 1
   206  -.1257776917812757E-03   4   0 0  3 0  0 0  0 1
   207  0.4489325168854641E-04   4   2 0  0 1  0 0  0 1
   208  -.4522777052422827E-04   4   1 1  0 1  0 0  0 1
   209  -.7389392117376948E-06   4   0 2  0 1  0 0  0 1
   210  0.1816000955663048E-03   4   1 0  1 1  0 0  0 1
   211  0.3203013095883324E-04   4   0 1  1 1  0 0  0 1
   212  0.1007934531761859E-03   4   0 0  2 1  0 0  0 1
   213  -.3466228723943488E-04   4   1 0  0 2  0 0  0 1
   214  0.1066521574729043E-06   4   0 1  0 2  0 0  0 1
   215  0.6823313745486468E-04   4   0 0  1 2  0 0  0 1
   216  0.9275172538686965E-05   4   0 0  0 3  0 0  0 1
   217  -.3323854822457750E-01   4   2 0  0 0  0 2  0 0
   218  -.1200964256611347       4   1 1  0 0  0 2  0 0
   219  -.1298862843665259       4   0 2  0 0  0 2  0 0
   220  -.1888385757168448E-06   4   1 0  1 0  0 2  0 0
   221  -.5339724206599427E-05   4   0 1  1 0  0 2  0 0
   222  -.2917209504249641E-01   4   0 0  2 0  0 2  0 0
   223  -.5336656895547948E-05   4   1 0  0 1  0 2  0 0
   224  -.1159099341110634E-05   4   0 1  0 1  0 2  0 0
   225  0.9784008827947577E-01   4   0 0  1 1  0 2  0 0
   226  -.1058526539892505       4   0 0  0 2  0 2  0 0
   227  -.1386435018180691E-01   4   2 0  0 0  0 1  1 0
   228  -.5117765167666555E-01   4   1 1  0 0  0 1  1 0
   229  -.5544931504062579E-01   4   0 2  0 0  0 1  1 0
   230  -.1120195539098308E-06   4   1 0  1 0  0 1  1 0
   231  -.2115776008092047E-05   4   0 1  1 0  0 1  1 0
   232  -.1115351739932199E-01   4   0 0  2 0  0 1  1 0
   233  -.2182611413728521E-05   4   1 0  0 1  0 1  1 0
   234  -.8600552048155965E-06   4   0 1  0 1  0 1  1 0
   235  0.3634017633237815E-01   4   0 0  1 1  0 1  1 0
   236  -.3942501913209885E-01   4   0 0  0 2  0 1  1 0
   237  -.6952761396673820E-02   4   2 0  0 0  0 0  2 0
   238  -.2566050229352920E-01   4   1 1  0 0  0 0  2 0
   239  -.2780193148067085E-01   4   0 2  0 0  0 0  2 0
   240  -.5002160222253546E-07   4   1 0  1 0  0 0  2 0
   241  -.1057132543178042E-05   4   0 1  1 0  0 0  2 0
   242  -.5597368896547834E-02   4   0 0  2 0  0 0  2 0
   243  -.1096781729647411E-05   4   1 0  0 1  0 0  2 0
   244  -.4302000718593888E-06   4   0 1  0 1  0 0  2 0
   245  0.1824189250689424E-01   4   0 0  1 1  0 0  2 0
   246  -.1978992358407827E-01   4   0 0  0 2  0 0  2 0
   247  0.5402803194871898E-01   4   2 0  0 0  0 1  0 1
   248  0.1023064216457484       4   1 1  0 0  0 1  0 1
   249  0.8658090918823764E-02   4   0 2  0 0  0 1  0 1
   250  0.3820771533409670E-06   4   1 0  1 0  0 1  0 1
   251  0.4284280615664825E-05   4   0 1  1 0  0 1  0 1
   252  0.4589533152986928E-01   4   0 0  2 0  0 1  0 1
   253  0.4286993351476389E-05   4   1 0  0 1  0 1  0 1
   254  0.7891627324992309E-06   4   0 1  0 1  0 1  0 1
   255  -.7263148929530495E-01   4   0 0  1 1  0 1  0 1
   256  -.7368985536756306E-02   4   0 0  0 2  0 1  0 1
   257  0.1874827811973602E-01   4   2 0  0 0  0 0  1 1
   258  0.3678119299432119E-01   4   1 1  0 0  0 0  1 1
   259  0.4393766140836363E-02   4   0 2  0 0  0 0  1 1
   260  0.1752437323509538E-06   4   1 0  1 0  0 0  1 1
   261  0.1425985068538521E-05   4   0 1  1 0  0 0  1 1
   262  0.1468213186215548E-01   4   0 0  2 0  0 0  1 1
   263  0.1454949273037111E-05   4   1 0  0 1  0 0  1 1
   264  0.3943739461017970E-06   4   0 1  0 1  0 0  1 1
   265  -.2194393571931778E-01   4   0 0  1 1  0 0  1 1
   266  -.3621098582595599E-02   4   0 0  0 2  0 0  1 1
   267  -.1872067580857701E-01   4   2 0  0 0  0 0  0 2
   268  -.3922646825084673E-02   4   1 1  0 0  0 0  0 2
   269  -.1301640851750663E-03   4   0 2  0 0  0 0  0 2
   270  -.1942326133446963E-06   4   1 0  1 0  0 0  0 2
   271  -.8423914713180368E-08   4   0 1  1 0  0 0  0 2
   272  -.1465450285964556E-01   4   0 0  2 0  0 0  0 2
   273  -.1080266224253067E-07   4   1 0  0 1  0 0  0 2
   274  0.5727179341216939E-10   4   0 1  0 1  0 0  0 2
   275  -.3495938539014607E-02   4   0 0  1 1  0 0  0 2
   276  -.1273723861984325E-03   4   0 0  0 2  0 0  0 2
   277  0.4296301106738315E-04   4   1 0  0 0  0 3  0 0
   278  0.9405143473754310E-04   4   0 1  0 0  0 3  0 0
   279  -.4054654149839800E-04   4   0 0  1 0  0 3  0 0
   280  0.8635475871469219E-04   4   0 0  0 1  0 3  0 0
   281  0.1998497408444646E-04   4   1 0  0 0  0 2  1 0
   282  0.4378474594248209E-04   4   0 1  0 0  0 2  1 0
   283  -.1580875041714757E-04   4   0 0  1 0  0 2  1 0
   284  0.3371005718024558E-04   4   0 0  0 1  0 2  1 0
   285  0.1224670398801584E-04   4   1 0  0 0  0 1  2 0
   286  0.2684245398968677E-04   4   0 1  0 0  0 1  2 0
   287  -.9254385108135480E-05   4   0 0  1 0  0 1  2 0
   288  0.1974742329814679E-04   4   0 0  0 1  0 1  2 0
   289  0.6690423641329113E-05   4   1 0  0 0  0 0  3 0
   290  0.1465779311766358E-04   4   0 1  0 0  0 0  3 0
   291  -.5303981176078640E-05   4   0 0  1 0  0 0  3 0
   292  0.1130983577478225E-04   4   0 0  0 1  0 0  3 0
   293  -.3832314022840307E-04   4   1 0  0 0  0 2  0 1
   294  -.5481844883319165E-05   4   0 1  0 0  0 2  0 1
   295  0.3324707486522808E-04   4   0 0  1 0  0 2  0 1
   296  0.5398591143758700E-05   4   0 0  0 1  0 2  0 1
   297  -.1729808768481134E-04   4   1 0  0 0  0 1  1 1
   298  -.4422459182626139E-05   4   0 1  0 0  0 1  1 1
   299  0.1136191736747766E-04   4   0 0  1 0  0 1  1 1
   300  0.4139906286157076E-05   4   0 0  0 1  0 1  1 1
   301  -.8669495406819948E-05   4   1 0  0 0  0 0  2 1
   302  -.2209275691439490E-05   4   0 1  0 0  0 0  2 1
   303  0.5707830806816213E-05   4   0 0  1 0  0 0  2 1
   304  0.2068568395340161E-05   4   0 0  0 1  0 0  2 1
   305  0.1130876616373878E-05   4   1 0  0 0  0 1  0 2
   306  0.5299512421351253E-07   4   0 1  0 0  0 1  0 2
   307  0.1132933956487407E-05   4   0 0  1 0  0 1  0 2
   308  0.5743176452299141E-07   4   0 0  0 1  0 1  0 2
   309  0.7908802598642981E-06   4   1 0  0 0  0 0  1 2
   310  0.4692037438790518E-07   4   0 1  0 0  0 0  1 2
   311  0.7753389304772670E-06   4   0 0  1 0  0 0  1 2
   312  0.5053744364496636E-07   4   0 0  0 1  0 0  1 2
   313  -.1872443255863116E-08   4   1 0  0 0  0 0  0 3
   314  0.4514594417967233E-10   4   0 1  0 0  0 0  0 3
   315  0.2038036049878146E-08   4   0 0  1 0  0 0  0 3
   316  -.4575835509526552E-10   4   0 0  0 1  0 0  0 3
   317  -.3413882817155427E-01   4   0 0  0 0  0 4  0 0
   318  0.1952470605000570E-01   4   0 0  0 0  0 3  1 0
   319  0.5869322640279032E-02   4   0 0  0 0  0 2  2 0
   320  0.3951299537127022E-02   4   0 0  0 0  0 1  3 0
   321  0.4793432115243607E-02   4   0 0  0 0  0 0  4 0
   322  0.1233387405179459E-08   4   0 0  0 0  0 3  0 1
   323  -.8104408244574535E-09   4   0 0  0 0  0 2  1 1
   324  -.2965556189046050E-09   4   0 0  0 0  0 1  2 1
   325  -.2939207431588342E-09   4   0 0  0 0  0 0  3 1
   326  -.1071808664774412E-10   4   0 0  0 0  0 2  0 2
   327  -.2474547876048442E-10   4   0 0  0 0  0 1  1 2
   328  -.5175135894575700E-11   4   0 0  0 0  0 0  2 2
   329  0.6516668799850331E-13   4   0 0  0 0  0 1  0 3
   330  -.6367593075221401E-13   4   0 0  0 0  0 0  1 3
   ----------------------------------------------------
     I  COEFFICIENT            ORDER EXPONENTS
     1   1.000000000000000       1   0 0  0 0  0 1  0 0
     --------------------------------------------------
     I  COEFFICIENT            ORDER EXPONENTS
     1   1.000000000000000       1   0 0  0 0  0 0  1 0
     --------------------------------------------------
     I  COEFFICIENT            ORDER EXPONENTS
     1   1.000000000000000       1   0 0  0 0  0 0  0 1
     --------------------------------------------------
