     I  COEFFICIENT            ORDER EXPONENTS
     1  -.9641507021892966E-04   0   0 0  0 0  0 0  0 0
     2   1.240718620049308       1   1 0  0 0  0 0  0 0
     3  0.3674038181143895       1   0 1  0 0  0 0  0 0
     4  0.4385349884860049E-04   1   0 0  1 0  0 0  0 0
     5  0.3897419878795558E-05   1   0 0  0 1  0 0  0 0
     6  -.2814490611541541E-05   1   0 0  0 0  0 1  0 0
     7  -.2805091425684189E-05   1   0 0  0 0  0 0  1 0
     8  0.5619582037225797E-05   1   0 0  0 0  0 0  0 1
     9  0.2015872688072910E-03   2   2 0  0 0  0 0  0 0
    10  0.1784665538469251E-05   2   1 1  0 0  0 0  0 0
    11  0.2885216731879560E-05   2   0 2  0 0  0 0  0 0
    12  0.9694545164530475E-04   2   1 0  1 0  0 0  0 0
    13  -.1303792311005606E-04   2   0 1  1 0  0 0  0 0
    14  -.2044413683511162E-03   2   0 0  2 0  0 0  0 0
    15  -.1780384055695427E-06   2   1 0  0 1  0 0  0 0
    16  -.1237136960666561E-05   2   0 1  0 1  0 0  0 0
    17  0.3320402353410345E-05   2   0 0  1 1  0 0  0 0
    18  0.3283506922642552E-05   2   0 0  0 2  0 0  0 0
    19  -.1247363545491314       2   1 0  0 0  0 1  0 0
    20  -.1944042647736244       2   0 1  0 0  0 1  0 0
    21  -.2196665669892765E-04   2   0 0  1 0  0 1  0 0
    22  -.3899140547969980E-05   2   0 0  0 1  0 1  0 0
    23  -.1243197888747657       2   1 0  0 0  0 0  1 0
    24  -.1937550382995316       2   0 1  0 0  0 0  1 0
    25  -.2189329753114991E-04   2   0 0  1 0  0 0  1 0
    26  -.3886119098708560E-05   2   0 0  0 1  0 0  1 0
    27  0.2490561434238953       2   1 0  0 0  0 0  0 1
    28  0.2075548495876605E-01   2   0 1  0 0  0 0  0 1
    29  0.4385995423007737E-04   2   0 0  1 0  0 0  0 1
    30  0.3887839767882955E-05   2   0 0  0 1  0 0  0 1
    31  0.2205500151912601E-05   2   0 0  0 0  0 2  0 0
    32  0.1600538377951437E-05   2   0 0  0 0  0 1  1 0
    33  0.2195462177609106E-05   2   0 0  0 0  0 0  2 0
    34  -.3197015850398123E-05   2   0 0  0 0  0 1  0 1
    35  -.3186339195075950E-05   2   0 0  0 0  0 0  1 1
    36  0.3818860531853083E-06   2   0 0  0 0  0 0  0 2
    37  0.4144851909998633       3   3 0  0 0  0 0  0 0
    38   1.333222059705721       3   2 1  0 0  0 0  0 0
    39  0.6296579889082781       3   1 2  0 0  0 0  0 0
    40  0.2435409890418388       3   0 3  0 0  0 0  0 0
    41  0.1875474646415157E-03   3   2 0  1 0  0 0  0 0
    42  0.1725967714749561E-03   3   1 1  1 0  0 0  0 0
    43  0.8551296220497319E-04   3   0 2  1 0  0 0  0 0
    44  -.2208113613580963       3   1 0  2 0  0 0  0 0
    45  0.6618773444925816       3   0 1  2 0  0 0  0 0
    46  -.2671031291746287E-04   3   0 0  3 0  0 0  0 0
    47  0.2173146308293523E-03   3   2 0  0 1  0 0  0 0
    48  0.8433158535123590E-04   3   1 1  0 1  0 0  0 0
    49  0.1687865664180977E-04   3   0 2  0 1  0 0  0 0
    50  -.2609872504756066       3   1 0  1 1  0 0  0 0
    51  -.5316318166422120E-01   3   0 1  1 1  0 0  0 0
    52  0.6087772017462051E-04   3   0 0  2 1  0 0  0 0
    53  0.2370176851831653       3   1 0  0 2  0 0  0 0
    54  0.2104935509220118       3   0 1  0 2  0 0  0 0
    55  0.4899164629844369E-04   3   0 0  1 2  0 0  0 0
    56  0.8485987224654169E-05   3   0 0  0 3  0 0  0 0
    57  -.1064395588573757E-03   3   2 0  0 0  0 1  0 0
    58  -.7298096068176158E-05   3   1 1  0 0  0 1  0 0
    59  -.5506227659334900E-05   3   0 2  0 0  0 1  0 0
    60  -.5026972706104061E-04   3   1 0  1 0  0 1  0 0
    61  0.1288147990701895E-04   3   0 1  1 0  0 1  0 0
    62  0.1074333767059420E-03   3   0 0  2 0  0 1  0 0
    63  0.2030469841415142E-06   3   1 0  0 1  0 1  0 0
    64  0.1761749222639210E-05   3   0 1  0 1  0 1  0 0
    65  -.4343908703967185E-05   3   0 0  1 1  0 1  0 0
    66  -.5480096472071847E-05   3   0 0  0 2  0 1  0 0
    67  -.1060840965963981E-03   3   2 0  0 0  0 0  1 0
    68  -.7273723572119690E-05   3   1 1  0 0  0 0  1 0
    69  -.5487839231632429E-05   3   0 2  0 0  0 0  1 0
    70  -.5010184783425786E-04   3   1 0  1 0  0 0  1 0
    71  0.1283846131485572E-04   3   0 1  1 0  0 0  1 0
    72  0.1070745955215898E-03   3   0 0  2 0  0 0  1 0
    73  0.2023688947087780E-06   3   1 0  0 1  0 0  1 0
    74  0.1755865739386638E-05   3   0 1  0 1  0 0  1 0
    75  -.4329401920718332E-05   3   0 0  1 1  0 0  1 0
    76  -.5461795311269370E-05   3   0 0  0 2  0 0  1 0
    77  0.2125236554537717E-03   3   2 0  0 0  0 0  0 1
    78  0.1278715410182275E-04   3   1 1  0 0  0 0  0 1
    79  0.5223633427208715E-05   3   0 2  0 0  0 0  0 1
    80  0.1003715748952983E-03   3   1 0  1 0  0 0  0 1
    81  -.1268201811171117E-04   3   0 1  1 0  0 0  0 1
    82  -.2145079722275313E-03   3   0 0  2 0  0 0  0 1
    83  -.2273774734762785E-06   3   1 0  0 1  0 0  0 1
    84  -.1043341040692790E-05   3   0 1  0 1  0 0  0 1
    85  0.5352908271275992E-05   3   0 0  1 1  0 0  0 1
    86  0.4374877938056011E-05   3   0 0  0 2  0 0  0 1
    87  0.9560895516748415E-01   3   1 0  0 0  0 2  0 0
    88  0.1509398783412292       3   0 1  0 0  0 2  0 0
    89  0.1647833893741753E-04   3   0 0  1 0  0 2  0 0
    90  0.3882194580138900E-05   3   0 0  0 1  0 2  0 0
    91  0.6667475696484755E-01   3   1 0  0 0  0 1  1 0
    92  0.1077637094588558       3   0 1  0 0  0 1  1 0
    93  0.1102478476841323E-04   3   0 0  1 0  0 1  1 0
    94  0.3876566038084097E-05   3   0 0  0 1  0 1  1 0
    95  0.9517832997703336E-01   3   1 0  0 0  0 0  2 0
    96  0.1502558620119894       3   0 1  0 0  0 0  2 0
    97  0.1640489937077392E-04   3   0 0  1 0  0 0  2 0
    98  0.3862756693044925E-05   3   0 0  0 1  0 0  2 0
    99  -.1331564936769446       3   1 0  0 0  0 1  0 1
   100  -.2083528386965652E-01   3   0 1  0 0  0 1  0 1
   101  -.2200937765190438E-04   3   0 0  1 0  0 1  0 1
   102  -.3890327205786521E-05   3   0 0  0 1  0 1  0 1
   103  -.1327118083661924       3   1 0  0 0  0 0  1 1
   104  -.2076570299961108E-01   3   0 1  0 0  0 0  1 1
   105  -.2193587581455242E-04   3   0 0  1 0  0 0  1 1
   106  -.3877335189290225E-05   3   0 0  0 1  0 0  1 1
   107  0.8406130769444430E-02   3   1 0  0 0  0 0  0 2
   108  0.4502121411786102E-04   3   0 1  0 0  0 0  0 2
   109  0.4039647405512245E-07   3   0 0  1 0  0 0  0 2
   110  -.3550768581743933E-08   3   0 0  0 1  0 0  0 2
   111  -.1902135330381658E-05   3   0 0  0 0  0 3  0 0
   112  -.1296436993788410E-05   3   0 0  0 0  0 2  1 0
   113  -.1299439329968265E-05   3   0 0  0 0  0 1  2 0
   114  -.1890449356201252E-05   3   0 0  0 0  0 0  3 0
   115  0.2591895345624885E-05   3   0 0  0 0  0 2  0 1
   116  0.1990780869257401E-05   3   0 0  0 0  0 1  1 1
   117  0.2579915356991316E-05   3   0 0  0 0  0 0  2 1
   118  -.3902718166937979E-06   3   0 0  0 0  0 1  0 2
   119  -.3889684769970953E-06   3   0 0  0 0  0 0  1 2
   120  0.5156062420667920E-08   3   0 0  0 0  0 0  0 3
   121  -.3215242852538815E-04   4   4 0  0 0  0 0  0 0
   122  0.1180158087458116E-02   4   3 1  0 0  0 0  0 0
   123  0.1279453125330040E-02   4   2 2  0 0  0 0  0 0
   124  0.7411625556190346E-03   4   1 3  0 0  0 0  0 0
   125  0.3092422456014573E-03   4   0 4  0 0  0 0  0 0
   126  -.6212160929857786E-04   4   3 0  1 0  0 0  0 0
   127  -.4406261606176567E-05   4   2 1  1 0  0 0  0 0
   128  -.1111328980990260E-03   4   1 2  1 0  0 0  0 0
   129  -.5809026132943643E-04   4   0 3  1 0  0 0  0 0
   130  -.9626344158777061E-03   4   2 0  2 0  0 0  0 0
   131  0.3394622152149909E-03   4   1 1  2 0  0 0  0 0
   132  0.4346807101261449E-03   4   0 2  2 0  0 0  0 0
   133  -.1228898725410207E-03   4   1 0  3 0  0 0  0 0
   134  0.6956021343155682E-04   4   0 1  3 0  0 0  0 0
   135  -.2143595845207446E-08   4   0 0  4 0  0 0  0 0
   136  -.8598213394385880E-04   4   3 0  0 1  0 0  0 0
   137  -.1218608547821556E-04   4   2 1  0 1  0 0  0 0
   138  0.7816452258998019E-04   4   1 2  0 1  0 0  0 0
   139  0.4715874114553602E-04   4   0 3  0 1  0 0  0 0
   140  -.1355928827604228E-02   4   2 0  1 1  0 0  0 0
   141  -.1448388067238577E-02   4   1 1  1 1  0 0  0 0
   142  -.2084455971994153E-03   4   0 2  1 1  0 0  0 0
   143  -.2532044358788652E-03   4   1 0  2 1  0 0  0 0
   144  -.1661409518234587E-03   4   0 1  2 1  0 0  0 0
   145  -.1915292267679236E-07   4   0 0  3 1  0 0  0 0
   146  0.7473563834783411E-03   4   2 0  0 2  0 0  0 0
   147  0.4393553625515655E-03   4   1 1  0 2  0 0  0 0
   148  0.3016423363207084E-03   4   0 2  0 2  0 0  0 0
   149  -.5565956285970933E-04   4   1 0  1 2  0 0  0 0
   150  -.9512103920245351E-04   4   0 1  1 2  0 0  0 0
   151  0.9701532886926635E-04   4   0 0  2 2  0 0  0 0
   152  0.5227527569454631E-04   4   1 0  0 3  0 0  0 0
   153  0.3786054830557476E-04   4   0 1  0 3  0 0  0 0
   154  -.7792741271608849E-05   4   0 0  1 3  0 0  0 0
   155  0.4432805603442172E-04   4   0 0  0 4  0 0  0 0
   156  -.5344494290022296       4   3 0  0 0  0 1  0 0
   157  -1.738524834438602       4   2 1  0 0  0 1  0 0
   158  -1.038577683073537       4   1 2  0 0  0 1  0 0
   159  -.4060478338728181       4   0 3  0 0  0 1  0 0
   160  -.2175342259265185E-03   4   2 0  1 0  0 1  0 0
   161  -.2708674984559744E-03   4   1 1  1 0  0 1  0 0
   162  -.1391358958942055E-03   4   0 2  1 0  0 1  0 0
   163  0.1930868231547525       4   1 0  2 0  0 1  0 0
   164  -.6669557107201443       4   0 1  2 0  0 1  0 0
   165  0.1830120071365631E-04   4   0 0  3 0  0 1  0 0
   166  -.2713687322350794E-03   4   2 0  0 1  0 1  0 0
   167  -.1490457137564118E-03   4   1 1  0 1  0 1  0 0
   168  -.3567102536262210E-04   4   0 2  0 1  0 1  0 0
   169  0.3988338295759318       4   1 0  1 1  0 1  0 0
   170  0.1053739044597406       4   0 1  1 1  0 1  0 0
   171  -.3288141292547113E-04   4   0 0  2 1  0 1  0 0
   172  -.3575045234980867       4   1 0  0 2  0 1  0 0
   173  -.3332420118531128       4   0 1  0 2  0 1  0 0
   174  -.6598732543041958E-04   4   0 0  1 2  0 1  0 0
   175  -.1650201185163295E-04   4   0 0  0 3  0 1  0 0
   176  -.5326645982076027       4   3 0  0 0  0 0  1 0
   177  -1.732718910634910       4   2 1  0 0  0 0  1 0
   178  -1.035109281142946       4   1 2  0 0  0 0  1 0
   179  -.4046918090767241       4   0 3  0 0  0 0  1 0
   180  -.2168077553490445E-03   4   2 0  1 0  0 0  1 0
   181  -.2699629177299577E-03   4   1 1  1 0  0 0  1 0
   182  -.1386712419566152E-03   4   0 2  1 0  0 0  1 0
   183  0.1924419963679726       4   1 0  2 0  0 0  1 0
   184  -.6647283660425430       4   0 1  2 0  0 0  1 0
   185  0.1824008258939706E-04   4   0 0  3 0  0 0  1 0
   186  -.2704624776042283E-03   4   2 0  0 1  0 0  1 0
   187  -.1485479652973752E-03   4   1 1  0 1  0 0  1 0
   188  -.3555189950882055E-04   4   0 2  0 1  0 0  1 0
   189  0.3975018964456246       4   1 0  1 1  0 0  1 0
   190  0.1050220010252468       4   0 1  1 1  0 0  1 0
   191  -.3277160317514713E-04   4   0 0  2 1  0 0  1 0
   192  -.3563106124409745       4   1 0  0 2  0 0  1 0
   193  -.3321291271299990       4   0 1  0 2  0 0  1 0
   194  -.6576695619791412E-04   4   0 0  1 2  0 0  1 0
   195  -.1644690224288884E-04   4   0 0  0 3  0 0  1 0
   196   1.067114027209818       4   3 0  0 0  0 0  0 1
   197   2.138021685367781       4   2 1  0 0  0 0  0 1
   198  0.8143709863999317       4   1 2  0 0  0 0  0 1
   199  0.8011667582402497E-01   4   0 3  0 0  0 0  0 1
   200  0.4343419812755604E-03   4   2 0  1 0  0 0  0 1
   201  0.3682336447109742E-03   4   1 1  1 0  0 0  0 1
   202  0.1067812134410200E-03   4   0 2  1 0  0 0  0 1
   203  -.3855288195227306       4   1 0  2 0  0 0  0 1
   204  0.6698067322701028       4   0 1  2 0  0 0  0 1
   205  -.3654128330305398E-04   4   0 0  3 0  0 0  0 1
   206  0.3245165790099546E-03   4   2 0  0 1  0 0  0 1
   207  0.1289305083514611E-03   4   1 1  0 1  0 0  0 1
   208  0.2058695494601320E-04   4   0 2  0 1  0 0  0 1
   209  -.5353484755459516       4   1 0  1 1  0 0  0 1
   210  -.1040695421565481       4   0 1  1 1  0 0  0 1
   211  0.4775295925810785E-05   4   0 0  2 1  0 0  0 1
   212  0.2397797655727300       4   1 0  0 2  0 0  0 1
   213  0.3389048621707633E-01   4   0 1  0 2  0 0  0 1
   214  0.3377098903144567E-04   4   0 0  1 2  0 0  0 1
   215  0.7490952420559411E-05   4   0 0  0 3  0 0  0 1
   216  0.6052070872384368E-03   4   2 0  0 0  0 2  0 0
   217  0.6361014359720032E-03   4   1 1  0 0  0 2  0 0
   218  0.4268524552950688E-03   4   0 2  0 0  0 2  0 0
   219  0.4079314387355829E-05   4   1 0  1 0  0 2  0 0
   220  -.2631534087770915E-04   4   0 1  1 0  0 2  0 0
   221  0.1221269148579570E-03   4   0 0  2 0  0 2  0 0
   222  0.6340541569961097E-04   4   1 0  0 1  0 2  0 0
   223  0.5867412018927954E-04   4   0 1  0 1  0 2  0 0
   224  -.1740679623508664E-04   4   0 0  1 1  0 2  0 0
   225  0.1132557967209845E-03   4   0 0  0 2  0 2  0 0
   226  0.6691151057748466E-03   4   2 0  0 0  0 1  1 0
   227  0.8180332307594175E-03   4   1 1  0 0  0 1  1 0
   228  0.5390728611500542E-03   4   0 2  0 0  0 1  1 0
   229  -.1497242506671718E-04   4   1 0  1 0  0 1  1 0
   230  -.2976438656779207E-04   4   0 1  1 0  0 1  1 0
   231  0.1468805494878295E-03   4   0 0  2 0  0 1  1 0
   232  0.7619263998695707E-04   4   1 0  0 1  0 1  1 0
   233  0.7226358707827023E-04   4   0 1  0 1  0 1  1 0
   234  -.2695018141141504E-04   4   0 0  1 1  0 1  1 0
   235  0.1399387542187624E-03   4   0 0  0 2  0 1  1 0
   236  0.6020686782920253E-03   4   2 0  0 0  0 0  2 0
   237  0.6326111920296674E-03   4   1 1  0 0  0 0  2 0
   238  0.4245268164954378E-03   4   0 2  0 0  0 0  2 0
   239  0.4090691959105752E-05   4   1 0  1 0  0 0  2 0
   240  -.2617775886593498E-04   4   0 1  1 0  0 0  2 0
   241  0.1214738047160513E-03   4   0 0  2 0  0 0  2 0
   242  0.6306644364025296E-04   4   1 0  0 1  0 0  2 0
   243  0.5835750929000384E-04   4   0 1  0 1  0 0  2 0
   244  -.1730366403994016E-04   4   0 0  1 1  0 0  2 0
   245  0.1126439035934886E-03   4   0 0  0 2  0 0  2 0
   246  -.8288847819860052E-03   4   2 0  0 0  0 1  0 1
   247  -.5752892661298154E-03   4   1 1  0 0  0 1  0 1
   248  -.9397495283970786E-04   4   0 2  0 0  0 1  0 1
   249  0.2308255789568323E-05   4   1 0  1 0  0 1  0 1
   250  0.2943447348020673E-04   4   0 1  1 0  0 1  0 1
   251  -.9836465498116136E-04   4   0 0  2 0  0 1  0 1
   252  -.5197942476004441E-04   4   1 0  0 1  0 1  0 1
   253  -.8083195766856695E-05   4   0 1  0 1  0 1  0 1
   254  0.1527740786754374E-04   4   0 0  1 1  0 1  0 1
   255  -.9557861286128394E-05   4   0 0  0 2  0 1  0 1
   256  -.8261166639868230E-03   4   2 0  0 0  0 0  1 1
   257  -.5733680478773879E-03   4   1 1  0 0  0 0  1 1
   258  -.9366111699173276E-04   4   0 2  0 0  0 0  1 1
   259  0.2300547209875852E-05   4   1 0  1 0  0 0  1 1
   260  0.2933617502231764E-04   4   0 1  1 0  0 0  1 1
   261  -.9803615941958968E-04   4   0 0  2 0  0 0  1 1
   262  -.5180583587966867E-04   4   1 0  0 1  0 0  1 1
   263  -.8056201376104874E-05   4   0 1  0 1  0 0  1 1
   264  0.1522638790841545E-04   4   0 0  1 1  0 0  1 1
   265  -.9525942147986566E-05   4   0 0  0 2  0 0  1 1
   266  0.1695469879807450E-03   4   2 0  0 0  0 0  0 2
   267  0.4614357071354977E-04   4   1 1  0 0  0 0  0 2
   268  0.2444283755668338E-05   4   0 2  0 0  0 0  0 2
   269  -.1597612405904454E-04   4   1 0  1 0  0 0  0 2
   270  -.3196618163713981E-05   4   0 1  1 0  0 0  0 2
   271  -.3588259012922244E-08   4   0 0  2 0  0 0  0 2
   272  0.8013614316346324E-06   4   1 0  0 1  0 0  0 2
   273  -.1572588256013006E-06   4   0 1  0 1  0 0  0 2
   274  -.9498049196357357E-09   4   0 0  1 1  0 0  0 2
   275  0.6538903567761336E-08   4   0 0  0 2  0 0  0 2
   276  -.8107790368970012E-01   4   1 0  0 0  0 3  0 0
   277  -.1292484860754551       4   0 1  0 0  0 3  0 0
   278  -.1373718366904636E-04   4   0 0  1 0  0 3  0 0
   279  -.3893727848294239E-05   4   0 0  0 1  0 3  0 0
   280  -.5206468856158138E-01   4   1 0  0 0  0 2  1 0
   281  -.8593873986499091E-01   4   0 1  0 0  0 2  1 0
   282  -.8265998296419100E-05   4   0 0  1 0  0 2  1 0
   283  -.3904219316712043E-05   4   0 0  0 1  0 2  1 0
   284  -.5220866965741019E-01   4   1 0  0 0  0 1  2 0
   285  -.8615353149116767E-01   4   0 1  0 0  0 1  2 0
   286  -.8293175588293888E-05   4   0 0  1 0  0 1  2 0
   287  -.3904101622741829E-05   4   0 0  0 1  0 1  2 0
   288  -.8058511082683761E-01   4   1 0  0 0  0 0  3 0
   289  -.1284580171540482       4   0 1  0 0  0 0  3 0
   290  -.1365461317184447E-04   4   0 0  1 0  0 0  3 0
   291  -.3867725427295999E-05   4   0 0  0 1  0 0  3 0
   292  0.1040802636701512       4   1 0  0 0  0 2  0 1
   293  0.2086417992146367E-01   4   0 1  0 0  0 2  0 1
   294  0.1652679464689164E-04   4   0 0  1 0  0 2  0 1
   295  0.3887577156168917E-05   4   0 0  0 1  0 2  0 1
   296  0.7519675276414819E-01   4   1 0  0 0  0 1  1 1
   297  0.2089265060242374E-01   4   0 1  0 0  0 1  1 1
   298  0.1108058510694390E-04   4   0 0  1 0  0 1  1 1
   299  0.3884802086802010E-05   4   0 0  0 1  0 1  1 1
   300  0.1036071180627613       4   1 0  0 0  0 0  2 1
   301  0.2075961632594994E-01   4   0 1  0 0  0 0  2 1
   302  0.1645310008451522E-04   4   0 0  1 0  0 0  2 1
   303  0.3868107541163470E-05   4   0 0  0 1  0 0  2 1
   304  -.8522068893249935E-02   4   1 0  0 0  0 1  0 2
   305  -.5755454013229818E-04   4   0 1  0 0  0 1  0 2
   306  -.6041345882263469E-07   4   0 0  1 0  0 1  0 2
   307  0.7158493026677112E-08   4   0 0  0 1  0 1  0 2
   308  -.8493608855369785E-02   4   1 0  0 0  0 0  1 2
   309  -.5736233276891764E-04   4   0 1  0 0  0 0  1 2
   310  -.6021170390278748E-07   4   0 0  1 0  0 0  1 2
   311  0.7134586744615449E-08   4   0 0  0 1  0 0  1 2
   312  0.6780540324291163E-04   4   1 0  0 0  0 0  0 3
   313  -.6715589817658914E-05   4   0 1  0 0  0 0  0 3
   314  0.1327740488567217E-07   4   0 0  1 0  0 0  0 3
   315  -.1213591333189085E-08   4   0 0  0 1  0 0  0 3
   316  0.3225363821775272E-04   4   0 0  0 0  0 4  0 0
   317  0.2105646200580749E-04   4   0 0  0 0  0 3  1 0
   318  0.1957577340381649E-04   4   0 0  0 0  0 2  2 0
   319  0.2113535750476645E-04   4   0 0  0 0  0 1  3 0
   320  0.3200340451209418E-04   4   0 0  0 0  0 0  4 0
   321  -.4204978488529710E-05   4   0 0  0 0  0 3  0 1
   322  -.4977458792024380E-05   4   0 0  0 0  0 2  1 1
   323  -.4973518819572700E-05   4   0 0  0 0  0 1  2 1
   324  -.4175630814880689E-05   4   0 0  0 0  0 0  3 1
   325  0.1009607773052857E-07   4   0 0  0 0  0 2  0 2
   326  0.1355760194402802E-07   4   0 0  0 0  0 1  1 2
   327  0.1003972290717051E-07   4   0 0  0 0  0 0  2 2
   328  0.9862482371831531E-09   4   0 0  0 0  0 1  0 3
   329  0.9829545930527015E-09   4   0 0  0 0  0 0  1 3
   330  0.7193745886905693E-15   4   0 0  0 0  0 0  0 4
   ----------------------------------------------------
     I  COEFFICIENT            ORDER EXPONENTS
     1  -.1591461487131168E-05   0   0 0  0 0  0 0  0 0
     2   1.468092279323125       1   1 0  0 0  0 0  0 0
     3   1.240718631036757       1   0 1  0 0  0 0  0 0
     4  0.2534844489656504E-03   1   0 0  1 0  0 0  0 0
     5  0.4384593257525940E-04   1   0 0  0 1  0 0  0 0
     6  -.1864699291602079E-05   1   0 0  0 0  0 1  0 0
     7  -.1858471999481306E-05   1   0 0  0 0  0 0  1 0
     8  0.2131709803952160E-05   1   0 0  0 0  0 0  0 1
     9  -.1557510170919868E-03   2   2 0  0 0  0 0  0 0
    10  -.4933053439474715E-03   2   1 1  0 0  0 0  0 0
    11  -.7051715459424482E-04   2   0 2  0 0  0 0  0 0
    12  0.1524337425679403E-03   2   1 0  1 0  0 0  0 0
    13  -.6723211276205132E-04   2   0 1  1 0  0 0  0 0
    14  -.3744800444085778E-03   2   0 0  2 0  0 0  0 0
    15  -.8647367050751535E-04   2   1 0  0 1  0 0  0 0
    16  -.2689507334916251E-04   2   0 1  0 1  0 0  0 0
    17  0.3146211151334798E-03   2   0 0  1 1  0 0  0 0
    18  0.6687415719557218E-04   2   0 0  0 2  0 0  0 0
    19  -.6565538709963033E-01   2   1 0  0 0  0 1  0 0
    20  -.1247363564374857       2   0 1  0 0  0 1  0 0
    21  -.7230739449779167E-06   2   0 0  1 0  0 1  0 0
    22  -.2196271987764834E-04   2   0 0  0 1  0 1  0 0
    23  -.6543612639811570E-01   2   1 0  0 0  0 0  1 0
    24  -.1243197907568127       2   0 1  0 0  0 0  1 0
    25  -.7206591895797981E-06   2   0 0  1 0  0 0  1 0
    26  -.2188937385715715E-04   2   0 0  0 1  0 0  1 0
    27   1.599183792820867       2   1 0  0 0  0 0  0 1
    28  0.2490561471942978       2   0 1  0 0  0 0  0 1
    29  0.2549281821002076E-03   2   0 0  1 0  0 0  0 1
    30  0.4385209373480545E-04   2   0 0  0 1  0 0  0 1
    31  0.1438122709073233E-05   2   0 0  0 0  0 2  0 0
    32  0.1014371421081119E-05   2   0 0  0 0  0 1  1 0
    33  0.1431626217165184E-05   2   0 0  0 0  0 0  2 0
    34  -.3890610776244942E-05   2   0 0  0 0  0 1  0 1
    35  -.3877617812745924E-05   2   0 0  0 0  0 0  1 1
    36  0.3884111220972071E-05   2   0 0  0 0  0 0  0 2
    37  -2.160925985399198       3   3 0  0 0  0 0  0 0
    38  -1.585598416340291       3   2 1  0 0  0 0  0 0
    39  -1.057703050707596       3   1 2  0 0  0 0  0 0
    40  -.2611665277326526E-01   3   0 3  0 0  0 0  0 0
    41  0.4848146339028416E-03   3   2 0  1 0  0 0  0 0
    42  0.1410148722649799E-03   3   1 1  1 0  0 0  0 0
    43  0.1585940199843935E-04   3   0 2  1 0  0 0  0 0
    44  -3.479965604588227       3   1 0  2 0  0 0  0 0
    45  -.2650880205351502E-01   3   0 1  2 0  0 0  0 0
    46  -.2495689803088559E-03   3   0 0  3 0  0 0  0 0
    47  0.1258592563473513E-03   3   2 0  0 1  0 0  0 0
    48  -.2030249758383804E-03   3   1 1  0 1  0 0  0 0
    49  -.1565111525254058E-04   3   0 2  0 1  0 0  0 0
    50  -2.383483900903833       3   1 0  1 1  0 0  0 0
    51  -.5077197340769144       3   0 1  1 1  0 0  0 0
    52  -.1468426414565358E-03   3   0 0  2 1  0 0  0 0
    53  0.5845363618758808       3   1 0  0 2  0 0  0 0
    54  0.1851448304512680       3   0 1  0 2  0 0  0 0
    55  -.3187937324586282E-04   3   0 0  1 2  0 0  0 0
    56  0.1927288810851577E-04   3   0 0  0 3  0 0  0 0
    57  0.1012337205696583E-03   3   2 0  0 0  0 1  0 0
    58  0.3038510488045563E-03   3   1 1  0 0  0 1  0 0
    59  0.7361632797988397E-04   3   0 2  0 0  0 1  0 0
    60  -.7842673127052285E-04   3   1 0  1 0  0 1  0 0
    61  0.2207826660514477E-04   3   0 1  1 0  0 1  0 0
    62  0.1834916244905670E-03   3   0 0  2 0  0 1  0 0
    63  0.3859228799411660E-04   3   1 0  0 1  0 1  0 0
    64  0.2420626764445319E-04   3   0 1  0 1  0 1  0 0
    65  -.1152999943235599E-03   3   0 0  1 1  0 1  0 0
    66  -.6727781317322605E-04   3   0 0  0 2  0 1  0 0
    67  0.1008956435653159E-03   3   2 0  0 0  0 0  1 0
    68  0.3028363172332294E-03   3   1 1  0 0  0 0  1 0
    69  0.7337048116625518E-04   3   0 2  0 0  0 0  1 0
    70  -.7816481978274361E-04   3   1 0  1 0  0 0  1 0
    71  0.2200453470837435E-04   3   0 1  1 0  0 0  1 0
    72  0.1828788415326820E-03   3   0 0  2 0  0 0  1 0
    73  0.3846340638192134E-04   3   1 0  0 1  0 0  1 0
    74  0.2412542914118250E-04   3   0 1  0 1  0 0  1 0
    75  -.1149149420261476E-03   3   0 0  1 1  0 0  1 0
    76  -.6705313426773991E-04   3   0 0  0 2  0 0  1 0
    77  -.3578803812269659E-03   3   2 0  0 0  0 0  0 1
    78  -.6066873660377893E-03   3   1 1  0 0  0 0  0 1
    79  -.7646965455178315E-04   3   0 2  0 0  0 0  0 1
    80  0.3090252936212064E-03   3   1 0  1 0  0 0  0 1
    81  -.4408280131351799E-04   3   0 1  1 0  0 0  0 1
    82  -.7408505104318262E-03   3   0 0  2 0  0 0  0 1
    83  -.7705569437564191E-04   3   1 0  0 1  0 0  0 1
    84  -.2143662343647355E-04   3   0 1  0 1  0 0  0 1
    85  0.2302149363497108E-03   3   0 0  1 1  0 0  0 1
    86  0.6745679024549731E-04   3   0 0  0 2  0 0  0 1
    87  0.5021576342197773E-01   3   1 0  0 0  0 2  0 0
    88  0.9560900722504255E-01   3   0 1  0 0  0 2  0 0
    89  0.7331287163658880E-06   3   0 0  1 0  0 2  0 0
    90  0.1646374217994806E-04   3   0 0  0 1  0 2  0 0
    91  0.3487846320930642E-01   3   1 0  0 0  0 1  1 0
    92  0.6667483130118232E-01   3   0 1  0 0  0 1  1 0
    93  0.7356231187666326E-06   3   0 0  1 0  0 1  1 0
    94  0.1100835467265270E-04   3   0 0  0 1  0 1  1 0
    95  0.4998982489163236E-01   3   1 0  0 0  0 0  2 0
    96  0.9517838173661498E-01   3   0 1  0 0  0 0  2 0
    97  0.7294520502483161E-06   3   0 0  1 0  0 0  2 0
    98  0.1639037879490441E-04   3   0 0  0 1  0 0  2 0
    99  -.1353098235590692       3   1 0  0 0  0 1  0 1
   100  -.1331565185585513       3   0 1  0 0  0 1  0 1
   101  -.2179571094997223E-05   3   0 0  1 0  0 1  0 1
   102  -.2199810640690239E-04   3   0 0  0 1  0 1  0 1
   103  -.1348579470543967       3   1 0  0 0  0 0  1 1
   104  -.1327118331647039       3   0 1  0 0  0 0  1 1
   105  -.2172292266733395E-05   3   0 0  1 0  0 0  1 1
   106  -.2192464221065175E-04   3   0 0  0 1  0 0  1 1
   107  0.1350838071820250       3   1 0  0 0  0 0  0 2
   108  0.8406119739444410E-02   3   0 1  0 0  0 0  0 2
   109  0.2164051437726510E-05   3   0 0  1 0  0 0  0 2
   110  0.4107110132103428E-07   3   0 0  0 1  0 0  0 2
   111  -.1226404472681482E-05   3   0 0  0 0  0 3  0 0
   112  -.8036770125293902E-06   3   0 0  0 0  0 2  1 0
   113  -.8057740871982656E-06   3   0 0  0 0  0 1  2 0
   114  -.1218923515899773E-05   3   0 0  0 0  0 0  3 0
   115  0.3044772889704085E-05   3   0 0  0 0  0 2  0 1
   116  0.2204541080362998E-05   3   0 0  0 0  0 1  1 1
   117  0.3030923551575217E-05   3   0 0  0 0  0 0  2 1
   118  -.2201740808773229E-05   3   0 0  0 0  0 1  0 2
   119  -.2194387943218664E-05   3   0 0  0 0  0 0  1 2
   120  0.1706725103399628E-06   3   0 0  0 0  0 0  0 3
   121  0.7599315608001469E-03   4   4 0  0 0  0 0  0 0
   122  0.2793958512271735E-02   4   3 1  0 0  0 0  0 0
   123  0.9998962104473259E-03   4   2 2  0 0  0 0  0 0
   124  -.2302914402280351E-03   4   1 3  0 0  0 0  0 0
   125  -.4336326200854987E-04   4   0 4  0 0  0 0  0 0
   126  0.3639167698278844E-06   4   3 0  1 0  0 0  0 0
   127  0.4523298014947559E-03   4   2 1  1 0  0 0  0 0
   128  0.1381299601170906E-03   4   1 2  1 0  0 0  0 0
   129  0.4832572646538513E-05   4   0 3  1 0  0 0  0 0
   130  -.4101194000821240E-03   4   2 0  2 0  0 0  0 0
   131  0.1099746633482429E-02   4   1 1  2 0  0 0  0 0
   132  -.4197953529496142E-03   4   0 2  2 0  0 0  0 0
   133  0.6587980409377415E-07   4   1 0  3 0  0 0  0 0
   134  0.2429463340107983E-03   4   0 1  3 0  0 0  0 0
   135  -.3798143471600647E-03   4   0 0  4 0  0 0  0 0
   136  -.2648654129227750E-06   4   3 0  0 1  0 0  0 0
   137  -.1927605994905506E-06   4   2 1  0 1  0 0  0 0
   138  0.4080732677368095E-04   4   1 2  0 1  0 0  0 0
   139  0.1290517243906735E-04   4   0 3  0 1  0 0  0 0
   140  0.4235644204392730E-02   4   2 0  1 1  0 0  0 0
   141  0.2591106659559778E-02   4   1 1  1 1  0 0  0 0
   142  0.3861932080094876E-03   4   0 2  1 1  0 0  0 0
   143  0.4865098203334996E-03   4   1 0  2 1  0 0  0 0
   144  0.1701710309175637E-03   4   0 1  2 1  0 0  0 0
   145  0.9150185753450740E-04   4   0 0  3 1  0 0  0 0
   146  0.2420154752674185E-03   4   2 0  0 2  0 0  0 0
   147  -.8594788461441722E-03   4   1 1  0 2  0 0  0 0
   148  0.3565071925657448E-04   4   0 2  0 2  0 0  0 0
   149  0.8341334600522664E-04   4   1 0  1 2  0 0  0 0
   150  -.7426451569167273E-04   4   0 1  1 2  0 0  0 0
   151  0.1412322879306564E-03   4   0 0  2 2  0 0  0 0
   152  0.4072306386023187E-04   4   1 0  0 3  0 0  0 0
   153  0.1291092365923235E-04   4   0 1  0 3  0 0  0 0
   154  -.9226677581254970E-04   4   0 0  1 3  0 0  0 0
   155  0.6377584351393805E-04   4   0 0  0 4  0 0  0 0
   156   1.540996979782842       4   3 0  0 0  0 1  0 0
   157   1.826007057178229       4   2 1  0 0  0 1  0 0
   158   1.293159756326336       4   1 2  0 0  0 1  0 0
   159  0.5420719606468939E-01   4   0 3  0 0  0 1  0 0
   160  -.6429479711546151E-04   4   2 0  1 0  0 1  0 0
   161  -.6898697112788838E-04   4   1 1  1 0  0 1  0 0
   162  -.1636077831124277E-04   4   0 2  1 0  0 1  0 0
   163   1.377174519576947       4   1 0  2 0  0 1  0 0
   164  -.8908226195319484E-01   4   0 1  2 0  0 1  0 0
   165  0.1121817835080789E-03   4   0 0  3 0  0 1  0 0
   166  -.1176723790606055E-03   4   2 0  0 1  0 1  0 0
   167  0.1844689169459423E-03   4   1 1  0 1  0 1  0 0
   168  0.2101839586654791E-04   4   0 2  0 1  0 1  0 0
   169   2.396367073450732       4   1 0  1 1  0 1  0 0
   170  0.7344582147545052       4   0 1  1 1  0 1  0 0
   171  0.1499817561710295E-03   4   0 0  2 1  0 1  0 0
   172  -.5344457124754384       4   1 0  0 2  0 1  0 0
   173  -.2553539386686220       4   0 1  0 2  0 1  0 0
   174  0.4852982290254295E-04   4   0 0  1 2  0 1  0 0
   175  -.2758695298792170E-04   4   0 0  0 3  0 1  0 0
   176   1.535850713897516       4   3 0  0 0  0 0  1 0
   177   1.819908980447389       4   2 1  0 0  0 0  1 0
   178   1.288841159972436       4   1 2  0 0  0 0  1 0
   179  0.5402616738812312E-01   4   0 3  0 0  0 0  1 0
   180  -.6408008019819801E-04   4   2 0  1 0  0 0  1 0
   181  -.6875658437131453E-04   4   1 1  1 0  0 0  1 0
   182  -.1630614036166173E-04   4   0 2  1 0  0 0  1 0
   183   1.372575350116361       4   1 0  2 0  0 0  1 0
   184  -.8878476558448418E-01   4   0 1  2 0  0 0  1 0
   185  0.1118071446911316E-03   4   0 0  3 0  0 0  1 0
   186  -.1172794040204470E-03   4   2 0  0 1  0 0  1 0
   187  0.1838528702523834E-03   4   1 1  0 1  0 0  1 0
   188  0.2094820348133851E-04   4   0 2  0 1  0 0  1 0
   189   2.388364240037891       4   1 0  1 1  0 0  1 0
   190  0.7320054408007561       4   0 1  1 1  0 0  1 0
   191  0.1494808817336776E-03   4   0 0  2 1  0 0  1 0
   192  -.5326608940924220       4   1 0  0 2  0 0  1 0
   193  -.2545011665473910       4   0 1  0 2  0 0  1 0
   194  0.4836775420591169E-04   4   0 0  1 2  0 0  1 0
   195  -.2749482445236633E-04   4   0 0  0 3  0 0  1 0
   196  -5.237773679079547       4   3 0  0 0  0 0  0 1
   197  -3.645916037625593       4   2 1  0 0  0 0  0 1
   198  -1.524297865591162       4   1 2  0 0  0 0  0 1
   199  -.5600005790628843E-01   4   0 3  0 0  0 0  0 1
   200  0.6131895112165009E-03   4   2 0  1 0  0 0  0 1
   201  0.1377435554992074E-03   4   1 1  1 0  0 0  0 1
   202  0.1680751667446714E-04   4   0 2  1 0  0 0  0 1
   203  -6.229715474281531       4   1 0  2 0  0 0  0 1
   204  0.1778670275376786       4   0 1  2 0  0 0  0 1
   205  -.4735579085080661E-03   4   0 0  3 0  0 0  0 1
   206  0.2349517830810548E-03   4   2 0  0 1  0 0  0 1
   207  -.1652968113599413E-03   4   1 1  0 1  0 0  0 1
   208  -.1066436884280778E-04   4   0 2  0 1  0 0  0 1
   209  -4.784731313488618       4   1 0  1 1  0 0  0 1
   210  -.9587439214783575       4   0 1  1 1  0 0  0 1
   211  -.2994626379043285E-03   4   0 0  2 1  0 0  0 1
   212  0.4825702446919783       4   1 0  0 2  0 0  0 1
   213  0.1395654443134799       4   0 1  0 2  0 0  0 1
   214  -.6501820386259371E-04   4   0 0  1 2  0 0  0 1
   215  0.1653600122325705E-04   4   0 0  0 3  0 0  0 1
   216  -.4810957923056911E-03   4   2 0  0 0  0 2  0 0
   217  -.9442442414035236E-03   4   1 1  0 0  0 2  0 0
   218  -.7979272841802471E-04   4   0 2  0 0  0 2  0 0
   219  -.1045223991771020E-03   4   1 0  1 0  0 2  0 0
   220  -.7440148022946135E-04   4   0 1  1 0  0 2  0 0
   221  -.4483644625668686E-04   4   0 0  2 0  0 2  0 0
   222  0.4744665174161865E-04   4   1 0  0 1  0 2  0 0
   223  0.2104376497644644E-04   4   0 1  0 1  0 2  0 0
   224  -.8436594501924485E-04   4   0 0  1 1  0 2  0 0
   225  0.1312455179538530E-03   4   0 0  0 2  0 2  0 0
   226  -.5424152873071496E-03   4   2 0  0 0  0 1  1 0
   227  -.9975512238277202E-03   4   1 1  0 0  0 1  1 0
   228  -.9893335923805079E-04   4   0 2  0 0  0 1  1 0
   229  -.1255662102759699E-03   4   1 0  1 0  0 1  1 0
   230  -.7509356889680169E-04   4   0 1  1 0  0 1  1 0
   231  0.2663002957675811E-05   4   0 0  2 0  0 1  1 0
   232  0.5407965086922972E-04   4   1 0  0 1  0 1  1 0
   233  0.2911670494563895E-04   4   0 1  0 1  0 1  1 0
   234  -.1806528368004559E-03   4   0 0  1 1  0 1  1 0
   235  0.1453562945817596E-03   4   0 0  0 2  0 1  1 0
   236  -.4785834230027697E-03   4   2 0  0 0  0 0  2 0
   237  -.9394251769014974E-03   4   1 1  0 0  0 0  2 0
   238  -.7936105769402798E-04   4   0 2  0 0  0 0  2 0
   239  -.1039636708858824E-03   4   1 0  1 0  0 0  2 0
   240  -.7402762126478200E-04   4   0 1  1 0  0 0  2 0
   241  -.4469115848773485E-04   4   0 0  2 0  0 0  2 0
   242  0.4719789900462988E-04   4   1 0  0 1  0 0  2 0
   243  0.2092486924538455E-04   4   0 1  0 1  0 0  2 0
   244  -.8378254780166853E-04   4   0 0  1 1  0 0  2 0
   245  0.1305645007841677E-03   4   0 0  0 2  0 0  2 0
   246  0.9692017019034744E-03   4   2 0  0 0  0 1  0 1
   247  0.1237109240456475E-02   4   1 1  0 0  0 1  0 1
   248  0.8978874707809340E-04   4   0 2  0 0  0 1  0 1
   249  0.1673332754294994E-03   4   1 0  1 0  0 1  0 1
   250  0.9892734210906757E-04   4   0 1  1 0  0 1  0 1
   251  0.1131196652113484E-03   4   0 0  2 0  0 1  0 1
   252  -.3363576435922874E-04   4   1 0  0 1  0 1  0 1
   253  -.9729619696734343E-05   4   0 1  0 1  0 1  0 1
   254  0.1465918258431189E-03   4   0 0  1 1  0 1  0 1
   255  -.9889075135120853E-04   4   0 0  0 2  0 1  0 1
   256  0.9659649858553790E-03   4   2 0  0 0  0 0  1 1
   257  0.1232977828672971E-02   4   1 1  0 0  0 0  1 1
   258  0.8948889135349472E-04   4   0 2  0 0  0 0  1 1
   259  0.1667744543947246E-03   4   1 0  1 0  0 0  1 1
   260  0.9859696741495481E-04   4   0 1  1 0  0 0  1 1
   261  0.1127418942736523E-03   4   0 0  2 0  0 0  1 1
   262  -.3352343540017134E-04   4   1 0  0 1  0 0  1 1
   263  -.9697126959513134E-05   4   0 1  0 1  0 0  1 1
   264  0.1461022723123167E-03   4   0 0  1 1  0 0  1 1
   265  -.9856049885445945E-04   4   0 0  0 2  0 0  1 1
   266  -.4330722230638342E-03   4   2 0  0 0  0 0  0 2
   267  -.2091502992703954E-03   4   1 1  0 0  0 0  0 2
   268  -.1091937280758189E-04   4   0 2  0 0  0 0  0 2
   269  -.5544941143256803E-07   4   1 0  1 0  0 0  0 2
   270  -.9437870915307445E-05   4   0 1  1 0  0 0  0 2
   271  -.1389969363082623E-03   4   0 0  2 0  0 0  0 2
   272  -.7871302508265012E-08   4   1 0  0 1  0 0  0 2
   273  -.6565910337838217E-09   4   0 1  0 1  0 0  0 2
   274  -.9276837784139274E-04   4   0 0  1 1  0 0  0 2
   275  -.7439885528594932E-05   4   0 0  0 2  0 0  0 2
   276  -.4251635442076609E-01   4   1 0  0 0  0 3  0 0
   277  -.8107788553526483E-01   4   0 1  0 0  0 3  0 0
   278  -.7209360737639662E-06   4   0 0  1 0  0 3  0 0
   279  -.1373445494342335E-04   4   0 0  0 1  0 3  0 0
   280  -.2714353739989865E-01   4   1 0  0 0  0 2  1 0
   281  -.5206459242133877E-01   4   0 1  0 0  0 2  1 0
   282  -.7077801550971669E-06   4   0 0  1 0  0 2  1 0
   283  -.8276133975519670E-05   4   0 0  0 1  0 2  1 0
   284  -.2721983401717666E-01   4   1 0  0 0  0 1  2 0
   285  -.5220857390812918E-01   4   0 1  0 0  0 1  2 0
   286  -.7078339971471879E-06   4   0 0  1 0  0 1  2 0
   287  -.8303246870690867E-05   4   0 0  0 1  0 1  2 0
   288  -.4225820326068611E-01   4   1 0  0 0  0 0  3 0
   289  -.8058509292334129E-01   4   0 1  0 0  0 0  3 0
   290  -.7161467699177208E-06   4   0 0  1 0  0 0  3 0
   291  -.1365188124744213E-04   4   0 0  0 1  0 0  3 0
   292  0.1044770293868436       4   1 0  0 0  0 2  0 1
   293  0.1040802370487631       4   0 1  0 0  0 2  0 1
   294  0.2163691593652597E-05   4   0 0  1 0  0 2  0 1
   295  0.1652368135355600E-04   4   0 0  0 1  0 2  0 1
   296  0.7384866263471675E-01   4   1 0  0 0  0 1  1 1
   297  0.7519667498348942E-01   4   0 1  0 0  0 1  1 1
   298  0.2147893846271286E-05   4   0 0  1 0  0 1  1 1
   299  0.1108557540307920E-04   4   0 0  0 1  0 1  1 1
   300  0.1040048097729944       4   1 0  0 0  0 0  2 1
   301  0.1036070916601534       4   0 1  0 0  0 0  2 1
   302  0.2152879276129167E-05   4   0 0  1 0  0 0  2 1
   303  0.1644998885551837E-04   4   0 0  0 1  0 0  2 1
   304  -.7374655251162879E-01   4   1 0  0 0  0 1  0 2
   305  -.8522055553552454E-02   4   0 1  0 0  0 1  0 2
   306  -.2163631759781393E-05   4   0 0  1 0  0 1  0 2
   307  -.6108118684334452E-07   4   0 0  0 1  0 1  0 2
   308  -.7350027080418156E-01   4   1 0  0 0  0 0  1 2
   309  -.8493595560220633E-02   4   0 1  0 0  0 0  1 2
   310  -.2156406162028869E-05   4   0 0  1 0  0 0  1 2
   311  -.6087720199959132E-07   4   0 0  0 1  0 0  1 2
   312  0.4054338711261607E-02   4   1 0  0 0  0 0  0 3
   313  0.6780387829465005E-04   4   0 1  0 0  0 0  0 3
   314  0.7186621618406606E-06   4   0 0  1 0  0 0  0 3
   315  0.1327206221043449E-07   4   0 0  0 1  0 0  0 3
   316  0.2043567328910418E-04   4   0 0  0 0  0 4  0 0
   317  0.1274242590673461E-04   4   0 0  0 0  0 3  1 0
   318  0.1172673110091921E-04   4   0 0  0 0  0 2  2 0
   319  0.1279667526895427E-04   4   0 0  0 0  0 1  3 0
   320  0.2027812164662751E-04   4   0 0  0 0  0 0  4 0
   321  -.2470611807103668E-04   4   0 0  0 0  0 3  0 1
   322  -.1682473132478338E-04   4   0 0  0 0  0 2  1 1
   323  -.1686379866746968E-04   4   0 0  0 0  0 1  2 1
   324  -.2455435699308238E-04   4   0 0  0 0  0 0  3 1
   325  0.1558561765151813E-05   4   0 0  0 0  0 2  0 2
   326  0.1880480607882386E-05   4   0 0  0 0  0 1  1 2
   327  0.1550216842993476E-05   4   0 0  0 0  0 0  2 2
   328  -.9957705936811110E-08   4   0 0  0 0  0 1  0 3
   329  -.9924451489832109E-08   4   0 0  0 0  0 0  1 3
   330  -.2327062398427360E-14   4   0 0  0 0  0 0  0 4
   ----------------------------------------------------
     I  COEFFICIENT            ORDER EXPONENTS
     1  -.2321214813974439E-04   0   0 0  0 0  0 0  0 0
     2  0.4381224095701326E-04   1   1 0  0 0  0 0  0 0
     3  0.3883374057956128E-05   1   0 1  0 0  0 0  0 0
     4  0.7756759298142516       1   0 0  1 0  0 0  0 0
     5  0.3261255164717041       1   0 0  0 1  0 0  0 0
     6  -.5000301738913488E-06   1   0 0  0 0  0 1  0 0
     7  -.4983602885773060E-06   1   0 0  0 0  0 0  1 0
     8  0.9983904624686745E-06   1   0 0  0 0  0 0  0 1
     9  0.4916389059453267E-04   2   2 0  0 0  0 0  0 0
    10  0.3520955054896766E-05   2   1 1  0 0  0 0  0 0
    11  0.1848046225257102E-05   2   0 2  0 0  0 0  0 0
    12  -.4062831816386853E-03   2   1 0  1 0  0 0  0 0
    13  -.1075815219029165E-04   2   0 1  1 0  0 0  0 0
    14  -.4874796663525584E-04   2   0 0  2 0  0 0  0 0
    15  0.4478782260739526E-05   2   1 0  0 1  0 0  0 0
    16  0.4558072122176022E-05   2   0 1  0 1  0 0  0 0
    17  0.5952473919017793E-05   2   0 0  1 1  0 0  0 0
    18  0.3165245472249992E-05   2   0 0  0 2  0 0  0 0
    19  -.2196634705875379E-04   2   1 0  0 0  0 1  0 0
    20  -.3892253889545532E-05   2   0 1  0 0  0 1  0 0
    21  0.1083158259621206       2   0 0  1 0  0 1  0 0
    22  -.1530698044819802       2   0 0  0 1  0 1  0 0
    23  -.2189298892504079E-04   2   1 0  0 0  0 0  1 0
    24  -.3879255438755734E-05   2   0 1  0 0  0 0  1 0
    25  0.1079540977775064       2   0 0  1 0  0 0  1 0
    26  -.1525586172939337       2   0 0  0 1  0 0  1 0
    27  0.4385933598379438E-04   2   1 0  0 0  0 0  0 1
    28  0.3888135270345132E-05   2   0 1  0 0  0 0  0 1
    29  -.2162699237396267       2   0 0  1 0  0 0  0 1
    30  -.2049709469579052E-01   2   0 0  0 1  0 0  0 1
    31  0.3773658261901407E-06   2   0 0  0 0  0 2  0 0
    32  0.2555140618794531E-06   2   0 0  0 0  0 1  1 0
    33  0.3756789333475103E-06   2   0 0  0 0  0 0  2 0
    34  -.5102109113641284E-06   2   0 0  0 0  0 1  0 1
    35  -.5085070267738586E-06   2   0 0  0 0  0 0  1 1
    36  0.1016422465028246E-07   2   0 0  0 0  0 0  0 2
    37  0.6770313716207533E-04   3   3 0  0 0  0 0  0 0
    38  0.2141416232835472E-03   3   2 1  0 0  0 0  0 0
    39  0.8582706851009671E-04   3   1 2  0 0  0 0  0 0
    40  0.1067456120468093E-04   3   0 3  0 0  0 0  0 0
    41  -.3040668828843817       3   2 0  1 0  0 0  0 0
    42  -.2271685895022200       3   1 1  1 0  0 0  0 0
    43  -.2242307808950857       3   0 2  1 0  0 0  0 0
    44  -.9574437339212290E-04   3   1 0  2 0  0 0  0 0
    45  0.6405912321556816E-04   3   0 1  2 0  0 0  0 0
    46  0.6232995929764723E-01   3   0 0  3 0  0 0  0 0
    47  -.7123929600731714       3   2 0  0 1  0 0  0 0
    48  -.5695352224045023E-01   3   1 1  0 1  0 0  0 0
    49  0.1301524178704418       3   0 2  0 1  0 0  0 0
    50  -.1341101933310179E-03   3   1 0  1 1  0 0  0 0
    51  0.1069998740977429E-04   3   0 1  1 1  0 0  0 0
    52  -.2447052858413974       3   0 0  2 1  0 0  0 0
    53  0.4861193448856643E-04   3   1 0  0 2  0 0  0 0
    54  0.1031119933512232E-04   3   0 1  0 2  0 0  0 0
    55  -.3357879609113757       3   0 0  1 2  0 0  0 0
    56  0.1203870180107688       3   0 0  0 3  0 0  0 0
    57  -.2633962271288313E-04   3   2 0  0 0  0 1  0 0
    58  -.5363323616946952E-05   3   1 1  0 0  0 1  0 0
    59  -.2884589644706018E-05   3   0 2  0 0  0 1  0 0
    60  0.2122127619145661E-03   3   1 0  1 0  0 1  0 0
    61  0.1607071638794459E-04   3   0 1  1 0  0 1  0 0
    62  0.2370524850987607E-04   3   0 0  2 0  0 1  0 0
    63  -.3621073964506740E-05   3   1 0  0 1  0 1  0 0
    64  -.6041570923821640E-05   3   0 1  0 1  0 1  0 0
    65  -.2796219244884310E-05   3   0 0  1 1  0 1  0 0
    66  -.4347236836309340E-05   3   0 0  0 2  0 1  0 0
    67  -.2625165972296252E-04   3   2 0  0 0  0 0  1 0
    68  -.5345412427162595E-05   3   1 1  0 0  0 0  1 0
    69  -.2874956358284018E-05   3   0 2  0 0  0 0  1 0
    70  0.2115040627338384E-03   3   1 0  1 0  0 0  1 0
    71  0.1601704712020082E-04   3   0 1  1 0  0 0  1 0
    72  0.2362608319462198E-04   3   0 0  2 0  0 0  1 0
    73  -.3608981137813190E-05   3   1 0  0 1  0 0  1 0
    74  -.6021394680294750E-05   3   0 1  0 1  0 0  1 0
    75  -.2786881077518335E-05   3   0 0  1 1  0 0  1 0
    76  -.4332718938532856E-05   3   0 0  0 2  0 0  1 0
    77  0.5259128243584545E-04   3   2 0  0 0  0 0  0 1
    78  0.7187780989212695E-05   3   1 1  0 0  0 0  0 1
    79  0.2063453552475855E-05   3   0 2  0 0  0 0  0 1
    80  -.4237168246484076E-03   3   1 0  1 0  0 0  0 1
    81  -.2132961131785181E-04   3   0 1  1 0  0 0  0 1
    82  -.4733133170449791E-04   3   0 0  2 0  0 0  0 1
    83  0.2751272841579803E-05   3   1 0  0 1  0 0  0 1
    84  0.2946821359764516E-05   3   0 1  0 1  0 0  0 1
    85  -.3693735965111007E-06   3   0 0  1 1  0 0  0 1
    86  0.2349464830342402E-05   3   0 0  0 2  0 0  0 1
    87  0.1647399501878457E-04   3   1 0  0 0  0 2  0 0
    88  0.3883095938522754E-05   3   0 1  0 0  0 2  0 0
    89  -.7918986227436607E-01   3   0 0  1 0  0 2  0 0
    90  0.1096182967316701       3   0 0  0 1  0 2  0 0
    91  0.1102072915433554E-04   3   1 0  0 0  0 1  1 0
    92  0.3881705862883793E-05   3   0 1  0 0  0 1  1 0
    93  -.5025725355785459E-01   3   0 0  1 0  0 1  1 0
    94  0.6645531755842710E-01   3   0 0  0 1  0 1  1 0
    95  0.1640057673095913E-04   3   1 0  0 0  0 0  2 0
    96  0.3863646458880173E-05   3   0 1  0 0  0 0  2 0
    97  -.7884148347254513E-01   3   0 0  1 0  0 0  2 0
    98  0.1091412527936542       3   0 0  0 1  0 0  2 0
    99  -.2200542244658655E-04   3   1 0  0 0  0 1  0 1
   100  -.3893896684146348E-05   3   0 1  0 0  0 1  0 1
   101  0.1003212358182348       3   0 0  1 0  0 1  0 1
   102  0.2044762751830280E-01   3   0 0  0 1  0 1  0 1
   103  -.2193193381791603E-04   3   1 0  0 0  0 0  1 1
   104  -.3880892747130446E-05   3   0 1  0 0  0 0  1 1
   105  0.9998620611977257E-01   3   0 0  1 0  0 0  1 1
   106  0.2037934125342713E-01   3   0 0  0 1  0 0  1 1
   107  0.4072742864470691E-07   3   1 0  0 0  0 0  0 2
   108  -.3596027673038473E-08   3   0 1  0 0  0 0  0 2
   109  0.7981216911287677E-02   3   0 0  1 0  0 0  0 2
   110  0.8360185190502129E-04   3   0 0  0 1  0 0  0 2
   111  -.3160600219595582E-06   3   0 0  0 0  0 3  0 0
   112  -.1936574220845971E-06   3   0 0  0 0  0 2  1 0
   113  -.1942652924970746E-06   3   0 0  0 0  0 1  2 0
   114  -.3141544850552966E-06   3   0 0  0 0  0 0  3 0
   115  0.3871127779525908E-06   3   0 0  0 0  0 2  0 1
   116  0.2648311436141159E-06   3   0 0  0 0  0 1  1 1
   117  0.3853777770680475E-06   3   0 0  0 0  0 0  2 1
   118  -.9316723249628467E-08   3   0 0  0 0  0 1  0 2
   119  -.9285609408622389E-08   3   0 0  0 0  0 0  1 2
   120  -.5753722141094008E-09   3   0 0  0 0  0 0  0 3
   121  0.2162073248606535E-06   4   4 0  0 0  0 0  0 0
   122  0.3255291598280832E-06   4   3 1  0 0  0 0  0 0
   123  -.2472091400293132E-04   4   2 2  0 0  0 0  0 0
   124  -.1914730476869410E-05   4   1 3  0 0  0 0  0 0
   125  0.7403366399895911E-05   4   0 4  0 0  0 0  0 0
   126  -.2326144151910553E-02   4   3 0  1 0  0 0  0 0
   127  -.2565606140325285E-02   4   2 1  1 0  0 0  0 0
   128  -.1275680876804104E-02   4   1 2  1 0  0 0  0 0
   129  -.3316128179885983E-03   4   0 3  1 0  0 0  0 0
   130  -.2988293497809750E-03   4   2 0  2 0  0 0  0 0
   131  -.1799335225423758E-03   4   1 1  2 0  0 0  0 0
   132  -.6347012492999780E-04   4   0 2  2 0  0 0  0 0
   133  -.5553582063147052E-03   4   1 0  3 0  0 0  0 0
   134  -.4249126621745009E-03   4   0 1  3 0  0 0  0 0
   135  -.9980060581040689E-04   4   0 0  4 0  0 0  0 0
   136  0.2919429747760080E-03   4   3 0  0 1  0 0  0 0
   137  0.1107520568452839E-02   4   2 1  0 1  0 0  0 0
   138  0.3031766677834365E-03   4   1 2  0 1  0 0  0 0
   139  0.1274205525513181E-03   4   0 3  0 1  0 0  0 0
   140  -.5498606531507029E-04   4   2 0  1 1  0 0  0 0
   141  0.4902099701381697E-04   4   1 1  1 1  0 0  0 0
   142  -.7489094624129090E-04   4   0 2  1 1  0 0  0 0
   143  0.3098155933703474E-03   4   1 0  2 1  0 0  0 0
   144  0.2647393101353988E-03   4   0 1  2 1  0 0  0 0
   145  0.1932707323797250E-04   4   0 0  3 1  0 0  0 0
   146  -.5644221634027564E-04   4   2 0  0 2  0 0  0 0
   147  0.1302762762016078E-04   4   1 1  0 2  0 0  0 0
   148  0.3707202653939681E-04   4   0 2  0 2  0 0  0 0
   149  -.2840372951647239E-03   4   1 0  1 2  0 0  0 0
   150  -.2272544822011404E-03   4   0 1  1 2  0 0  0 0
   151  0.2391133856946592E-04   4   0 0  2 2  0 0  0 0
   152  0.1081245416135215E-03   4   1 0  0 3  0 0  0 0
   153  0.1090821528723405E-03   4   0 1  0 3  0 0  0 0
   154  -.5958775362988988E-04   4   0 0  1 3  0 0  0 0
   155  0.2685059474689644E-04   4   0 0  0 4  0 0  0 0
   156  -.8028979709968875E-04   4   3 0  0 0  0 1  0 0
   157  -.2650138068224241E-03   4   2 1  0 0  0 1  0 0
   158  -.1399616224107366E-03   4   1 2  0 0  0 1  0 0
   159  -.2199082429332681E-04   4   0 3  0 0  0 1  0 0
   160  0.3176351839249364       4   2 0  1 0  0 1  0 0
   161  0.3311385803856755       4   1 1  1 0  0 1  0 0
   162  0.3318715228689535       4   0 2  1 0  0 1  0 0
   163  0.7831678693666190E-04   4   1 0  2 0  0 1  0 0
   164  -.3925499576591820E-04   4   0 1  2 0  0 1  0 0
   165  -.8698256567254707E-03   4   0 0  3 0  0 1  0 0
   166  0.7429017050817127       4   2 0  0 1  0 1  0 0
   167  0.1148422652312233       4   1 1  0 1  0 1  0 0
   168  -.1725407270261863       4   0 2  0 1  0 1  0 0
   169  0.1935878663670722E-03   4   1 0  1 1  0 1  0 0
   170  -.1159106638862117E-05   4   0 1  1 1  0 1  0 0
   171  0.8053746322143321E-01   4   0 0  2 1  0 1  0 0
   172  -.6506720916170256E-04   4   1 0  0 2  0 1  0 0
   173  -.1921535780964018E-04   4   0 1  0 2  0 1  0 0
   174  0.4477689509883414       4   0 0  1 2  0 1  0 0
   175  -.1580534774118129       4   0 0  0 3  0 1  0 0
   176  -.8002166377484824E-04   4   3 0  0 0  0 0  1 0
   177  -.2641287749040662E-03   4   2 1  0 0  0 0  1 0
   178  -.1394942109023929E-03   4   1 2  0 0  0 0  1 0
   179  -.2191738441619719E-04   4   0 3  0 0  0 0  1 0
   180  0.3165744192820020       4   2 0  1 0  0 0  1 0
   181  0.3300327202172753       4   1 1  1 0  0 0  1 0
   182  0.3307632149884915       4   0 2  1 0  0 0  1 0
   183  0.7805524261558257E-04   4   1 0  2 0  0 0  1 0
   184  -.3912390099533157E-04   4   0 1  2 0  0 0  1 0
   185  -.8669208138467594E-03   4   0 0  3 0  0 0  1 0
   186  0.7404207335086405       4   2 0  0 1  0 0  1 0
   187  0.1144587415517417       4   1 1  0 1  0 0  1 0
   188  -.1719645153470073       4   0 2  0 1  0 0  1 0
   189  0.1929413663118650E-03   4   1 0  1 1  0 0  1 0
   190  -.1155235722156506E-05   4   0 1  1 1  0 0  1 0
   191  0.8026850279846863E-01   4   0 0  2 1  0 0  1 0
   192  -.6484991272104947E-04   4   1 0  0 2  0 0  1 0
   193  -.1915118679459712E-04   4   0 1  0 2  0 0  1 0
   194  0.4462735956390308       4   0 0  1 2  0 0  1 0
   195  -.1575256469036831       4   0 0  0 3  0 0  1 0
   196  0.1603114608745363E-03   4   3 0  0 0  0 0  0 1
   197  0.3150009584429410E-03   4   2 1  0 0  0 0  0 1
   198  0.1078016962929363E-03   4   1 2  0 0  0 0  0 1
   199  0.1188452509548113E-04   4   0 3  0 0  0 0  0 1
   200  -.6342096032069457       4   2 0  1 0  0 0  0 1
   201  -.4340027111007201       4   1 1  1 0  0 0  0 1
   202  -.2141731760672758       4   0 2  1 0  0 0  0 1
   203  -.1563720295522466E-03   4   1 0  2 0  0 0  0 1
   204  0.1431977354581958E-04   4   0 1  2 0  0 0  0 1
   205  0.1736746470573340E-02   4   0 0  3 0  0 0  0 1
   206  -.7709294785171793       4   2 0  0 1  0 0  0 1
   207  -.1153939623020632       4   1 1  0 1  0 0  0 1
   208  -.4595201123813237E-01   4   0 2  0 1  0 0  0 1
   209  -.2524190393479175E-03   4   1 0  1 1  0 0  0 1
   210  -.1908563245853112E-04   4   0 1  1 1  0 0  0 1
   211  0.8389931982149371E-01   4   0 0  2 1  0 0  0 1
   212  0.3269325290561880E-04   4   1 0  0 2  0 0  0 1
   213  0.7432946598870516E-05   4   0 1  0 2  0 0  0 1
   214  -.2224666248046172       4   0 0  1 2  0 0  0 1
   215  -.4558192971681154E-01   4   0 0  0 3  0 0  0 1
   216  -.3207802309320062E-04   4   2 0  0 0  0 2  0 0
   217  -.4428624978554870E-05   4   1 1  0 0  0 2  0 0
   218  0.1796217209210291E-04   4   0 2  0 0  0 2  0 0
   219  -.2521742237568136E-03   4   1 0  1 0  0 2  0 0
   220  -.2411512069750999E-03   4   0 1  1 0  0 2  0 0
   221  -.1496643609566154E-04   4   0 0  2 0  0 2  0 0
   222  0.2419318807632910E-04   4   1 0  0 1  0 2  0 0
   223  0.1274831137806111E-03   4   0 1  0 1  0 2  0 0
   224  -.7010693262821727E-04   4   0 0  1 1  0 2  0 0
   225  0.4302905079676253E-04   4   0 0  0 2  0 2  0 0
   226  -.3928567524779619E-04   4   2 0  0 0  0 1  1 0
   227  -.6907301627994018E-05   4   1 1  0 0  0 1  1 0
   228  0.2030025463184153E-04   4   0 2  0 0  0 1  1 0
   229  -.2250642320712174E-03   4   1 0  1 0  0 1  1 0
   230  -.2868658108087427E-03   4   0 1  1 0  0 1  1 0
   231  -.7105326118206872E-06   4   0 0  2 0  0 1  1 0
   232  0.8700589886312492E-05   4   1 0  0 1  0 1  1 0
   233  0.1422407338427719E-03   4   0 1  0 1  0 1  1 0
   234  -.8074980396828535E-04   4   0 0  1 1  0 1  1 0
   235  0.4767643997744159E-04   4   0 0  0 2  0 1  1 0
   236  -.3190529770531120E-04   4   2 0  0 0  0 0  2 0
   237  -.4402301573939309E-05   4   1 1  0 0  0 0  2 0
   238  0.1786828912588012E-04   4   0 2  0 0  0 0  2 0
   239  -.2509562617365960E-03   4   1 0  1 0  0 0  2 0
   240  -.2398668617599223E-03   4   0 1  1 0  0 0  2 0
   241  -.1491526821187644E-04   4   0 0  2 0  0 0  2 0
   242  0.2409786514264457E-04   4   1 0  0 1  0 0  2 0
   243  0.1268198637347911E-03   4   0 1  0 1  0 0  2 0
   244  -.6973797090806080E-04   4   0 0  1 1  0 0  2 0
   245  0.4280574292594608E-04   4   0 0  0 2  0 0  2 0
   246  0.2683348858110925E-04   4   2 0  0 0  0 1  0 1
   247  0.3962617194123228E-05   4   1 1  0 0  0 1  0 1
   248  0.2664946750446925E-05   4   0 2  0 0  0 1  0 1
   249  0.3528408145821582E-03   4   1 0  1 0  0 1  0 1
   250  0.1842945814461037E-03   4   0 1  1 0  0 1  0 1
   251  -.4285536777985667E-05   4   0 0  2 0  0 1  0 1
   252  -.1117238701402963E-04   4   1 0  0 1  0 1  0 1
   253  0.4185388780989606E-04   4   0 1  0 1  0 1  0 1
   254  0.3965999786616911E-04   4   0 0  1 1  0 1  0 1
   255  0.1442368415559714E-04   4   0 0  0 2  0 1  0 1
   256  0.2674387629199925E-04   4   2 0  0 0  0 0  1 1
   257  0.3949383760216239E-05   4   1 1  0 0  0 0  1 1
   258  0.2656046976645910E-05   4   0 2  0 0  0 0  1 1
   259  0.3516624783031995E-03   4   1 0  1 0  0 0  1 1
   260  0.1836791169579868E-03   4   0 1  1 0  0 0  1 1
   261  -.4271224931817027E-05   4   0 0  2 0  0 0  1 1
   262  -.1113507605566797E-04   4   1 0  0 1  0 0  1 1
   263  0.4171411385976430E-04   4   0 1  0 1  0 0  1 1
   264  0.3952755056308577E-04   4   0 0  1 1  0 0  1 1
   265  0.1437551526579079E-04   4   0 0  0 2  0 0  1 1
   266  0.2002250010826605E-07   4   2 0  0 0  0 0  0 2
   267  0.5098587581911903E-08   4   1 1  0 0  0 0  0 2
   268  0.3189349283607088E-08   4   0 2  0 0  0 0  0 2
   269  -.4292730521176682E-04   4   1 0  1 0  0 0  0 2
   270  0.5343414936033806E-05   4   0 1  1 0  0 0  0 2
   271  0.2208411968078639E-04   4   0 0  2 0  0 0  0 2
   272  -.1331904297428553E-04   4   1 0  0 1  0 0  0 2
   273  -.4462460867222107E-06   4   0 1  0 1  0 0  0 2
   274  0.7701783368662105E-05   4   0 0  1 1  0 0  0 2
   275  0.4985936215634404E-06   4   0 0  0 2  0 0  0 2
   276  -.1373498931961807E-04   4   1 0  0 0  0 3  0 0
   277  -.3890180218102309E-05   4   0 1  0 0  0 3  0 0
   278  0.6466021389029603E-01   4   0 0  1 0  0 3  0 0
   279  -.8793972883417500E-01   4   0 0  0 1  0 3  0 0
   280  -.8266015843257802E-05   4   1 0  0 0  0 2  1 0
   281  -.3896859245121718E-05   4   0 1  0 0  0 2  1 0
   282  0.3564983469082079E-01   4   0 0  1 0  0 2  1 0
   283  -.4465562060428858E-01   4   0 0  0 1  0 2  1 0
   284  -.8293182091671458E-05   4   1 0  0 0  0 1  2 0
   285  -.3896760708367310E-05   4   0 1  0 0  0 1  2 0
   286  0.3579407623336792E-01   4   0 0  1 0  0 1  2 0
   287  -.4487097485836519E-01   4   0 0  0 1  0 1  2 0
   288  -.1365242978544605E-04   4   1 0  0 0  0 0  3 0
   289  -.3864207817063619E-05   4   0 1  0 0  0 0  3 0
   290  0.6427698047000384E-01   4   0 0  1 0  0 0  3 0
   291  -.8742489302188235E-01   4   0 0  0 1  0 0  3 0
   292  0.1652494997141773E-04   4   1 0  0 0  0 2  0 1
   293  0.3888639525516471E-05   4   0 1  0 0  0 2  0 1
   294  -.7125066410783870E-01   4   0 0  1 0  0 2  0 1
   295  -.2038015435256982E-01   4   0 0  0 1  0 2  0 1
   296  0.1108083690916114E-04   4   1 0  0 0  0 1  1 1
   297  0.3883374052928375E-05   4   0 1  0 0  0 1  1 1
   298  -.4237313990818615E-01   4   0 0  1 0  0 1  1 1
   299  -.2031290380273442E-01   4   0 0  0 1  0 1  1 1
   300  0.1645126114900707E-04   4   1 0  0 0  0 0  2 1
   301  0.3869168747164084E-05   4   0 1  0 0  0 0  2 1
   302  -.7094196357796718E-01   4   0 0  1 0  0 0  2 1
   303  -.2027817524613360E-01   4   0 0  0 1  0 0  2 1
   304  -.6082373376971888E-07   4   1 0  0 0  0 1  0 2
   305  0.7227134017291087E-08   4   0 1  0 0  0 1  0 2
   306  -.7884028068460400E-02   4   0 0  1 0  0 1  0 2
   307  -.1348430314875665E-03   4   0 0  0 1  0 1  0 2
   308  -.6062060870833861E-07   4   1 0  0 0  0 0  1 2
   309  0.7202998503898696E-08   4   0 1  0 0  0 0  1 2
   310  -.7857698811998390E-02   4   0 0  1 0  0 0  1 2
   311  -.1343927138672404E-03   4   0 0  0 1  0 0  1 2
   312  0.1332982859105436E-07   4   1 0  0 0  0 0  0 3
   313  -.1214016480828114E-08   4   0 1  0 0  0 0  0 3
   314  -.7356898070551247E-04   4   0 0  1 0  0 0  0 3
   315  0.6143396546617341E-05   4   0 0  0 1  0 0  0 3
   316  0.5583994220703966E-05   4   0 0  0 0  0 4  0 0
   317  0.2582121106631156E-05   4   0 0  0 0  0 3  1 0
   318  0.2185539796799777E-05   4   0 0  0 0  0 2  2 0
   319  0.2603356490352293E-05   4   0 0  0 0  0 1  3 0
   320  0.5542438112654379E-05   4   0 0  0 0  0 0  4 0
   321  0.9789359723324891E-06   4   0 0  0 0  0 3  0 1
   322  0.1151506197248877E-05   4   0 0  0 0  0 2  1 1
   323  0.1150625355264022E-05   4   0 0  0 0  0 1  2 1
   324  0.9721158080487223E-06   4   0 0  0 0  0 0  3 1
   325  0.5440754254992870E-08   4   0 0  0 0  0 2  0 2
   326  0.7942018158990066E-08   4   0 0  0 0  0 1  1 2
   327  0.5409323021053901E-08   4   0 0  0 0  0 0  2 2
   328  -.2146273115895004E-09   4   0 0  0 0  0 1  0 3
   329  -.2139105488533050E-09   4   0 0  0 0  0 0  1 3
   ----------------------------------------------------
     I  COEFFICIENT            ORDER EXPONENTS
     1  0.1323928177742897E-04   0   0 0  0 0  0 0  0 0
     2  0.2534692584821879E-03   1   1 0  0 0  0 0  0 0
     3  0.4380461063343121E-04   1   0 1  0 0  0 0  0 0
     4  -1.221391291912904       1   0 0  1 0  0 0  0 0
     5  0.7756759104875430       1   0 0  0 1  0 0  0 0
     6  0.1791257145193914E-06   1   0 0  0 0  0 1  0 0
     7  0.1785275118195298E-06   1   0 0  0 0  0 0  1 0
     8  0.1288162855109004E-04   1   0 0  0 0  0 0  0 1
     9  -.4709092827065344E-04   2   2 0  0 0  0 0  0 0
    10  -.8835416909515287E-04   2   1 1  0 0  0 0  0 0
    11  -.8398848993717891E-05   2   0 2  0 0  0 0  0 0
    12  0.2157102901071591E-03   2   1 0  1 0  0 0  0 0
    13  0.3162224115433051E-03   2   0 1  1 0  0 0  0 0
    14  0.2380004178802566E-05   2   0 0  2 0  0 0  0 0
    15  0.4899241914003037E-03   2   1 0  0 1  0 0  0 0
    16  0.1365351089628915E-03   2   0 1  0 1  0 0  0 0
    17  0.9012699840639196E-04   2   0 0  1 1  0 0  0 0
    18  0.1098421849402508E-04   2   0 0  0 2  0 0  0 0
    19  -.7152750841866797E-06   2   1 0  0 0  0 1  0 0
    20  -.2196231282172863E-04   2   0 1  0 0  0 1  0 0
    21  -.5802110668537754E-01   2   0 0  1 0  0 1  0 0
    22  0.1083158361943464       2   0 0  0 1  0 1  0 0
    23  -.7128863736229572E-06   2   1 0  0 0  0 0  1 0
    24  -.2188896816062880E-04   2   0 1  0 0  0 0  1 0
    25  -.5782734119077702E-01   2   0 0  1 0  0 0  1 0
    26  0.1079541079755608       2   0 0  0 1  0 0  1 0
    27  0.2548974199399970E-03   2   1 0  0 0  0 0  0 1
    28  0.4385128098235734E-04   2   0 1  0 0  0 0  0 1
    29  -1.105542844036749       2   0 0  1 0  0 0  0 1
    30  -.2162699441699071       2   0 0  0 1  0 0  0 1
    31  -.1278822444668097E-06   2   0 0  0 0  0 2  0 0
    32  -.7697723137025142E-07   2   0 0  0 0  0 1  1 0
    33  -.1273266373778214E-06   2   0 0  0 0  0 0  2 0
    34  0.3327355078712957E-06   2   0 0  0 0  0 1  0 1
    35  0.3316243146532446E-06   2   0 0  0 0  0 0  1 1
    36  -.3321780991443610E-06   2   0 0  0 0  0 0  0 2
    37  0.2364848894323964E-03   3   3 0  0 0  0 0  0 0
    38  0.1117169690582664E-03   3   2 1  0 0  0 0  0 0
    39  0.2667435607946825E-04   3   1 2  0 0  0 0  0 0
    40  0.2420157864101260E-04   3   0 3  0 0  0 0  0 0
    41  -4.669939599871692       3   2 0  1 0  0 0  0 0
    42  -2.232710347668328       3   1 1  1 0  0 0  0 0
    43  -.7181982221272585       3   0 2  1 0  0 0  0 0
    44  -.9729044615315554E-03   3   1 0  2 0  0 0  0 0
    45  -.1326001567265784E-03   3   0 1  2 0  0 0  0 0
    46  -.8328122544756965       3   0 0  3 0  0 0  0 0
    47  -.5376178858964725       3   2 0  0 1  0 0  0 0
    48  -.6218723831656122       3   1 1  0 1  0 0  0 0
    49  -.2826686306819362       3   0 2  0 1  0 0  0 0
    50  -.3758561449043080E-03   3   1 0  1 1  0 0  0 0
    51  -.3202169258949193E-03   3   0 1  1 1  0 0  0 0
    52  -.8521160216870534       3   0 0  2 1  0 0  0 0
    53  -.4267845201153557E-04   3   1 0  0 2  0 0  0 0
    54  -.3033531112761650E-04   3   0 1  0 2  0 0  0 0
    55  0.4151783954962366       3   0 0  1 2  0 0  0 0
    56  -.1944798290719720E-01   3   0 0  0 3  0 0  0 0
    57  0.2098308214359360E-04   3   2 0  0 0  0 1  0 0
    58  0.4110609612667016E-04   3   1 1  0 0  0 1  0 0
    59  0.7870123010283121E-05   3   0 2  0 0  0 1  0 0
    60  -.6774322457683554E-04   3   1 0  1 0  0 1  0 0
    61  -.1165708612500238E-03   3   0 1  1 0  0 1  0 0
    62  0.2077408476034137E-05   3   0 0  2 0  0 1  0 0
    63  -.2895754019228895E-03   3   1 0  0 1  0 1  0 0
    64  -.1358778233485814E-03   3   0 1  0 1  0 1  0 0
    65  -.4162033483351808E-04   3   0 0  1 1  0 1  0 0
    66  -.1158201769895978E-04   3   0 0  0 2  0 1  0 0
    67  0.2091300769100090E-04   3   2 0  0 0  0 0  1 0
    68  0.4096881947853159E-04   3   1 1  0 0  0 0  1 0
    69  0.7843840190723495E-05   3   0 2  0 0  0 0  1 0
    70  -.6751699139781152E-04   3   1 0  1 0  0 0  1 0
    71  -.1161815648047027E-03   3   0 1  1 0  0 0  1 0
    72  0.2070470826895096E-05   3   0 0  2 0  0 0  1 0
    73  -.2886083448606716E-03   3   1 0  0 1  0 0  1 0
    74  -.1354240499693681E-03   3   0 1  0 1  0 0  1 0
    75  -.4148134084968775E-04   3   0 0  1 1  0 0  1 0
    76  -.1154333875062310E-04   3   0 0  0 2  0 0  1 0
    77  -.8898701810524723E-04   3   2 0  0 0  0 0  0 1
    78  -.8207491560520147E-04   3   1 1  0 0  0 0  0 1
    79  -.7315114207607262E-05   3   0 2  0 0  0 0  0 1
    80  0.3509705060818071E-03   3   1 0  1 0  0 0  0 1
    81  0.2327524260547251E-03   3   0 1  1 0  0 0  0 1
    82  -.1767875124126322E-05   3   0 0  2 0  0 0  0 1
    83  0.5781837467835599E-03   3   1 0  0 1  0 0  0 1
    84  0.1347667643550571E-03   3   0 1  0 1  0 0  0 1
    85  0.8310167568304050E-04   3   0 0  1 1  0 0  0 1
    86  0.1214113795523992E-04   3   0 0  0 2  0 0  0 1
    87  0.7356920452011282E-06   3   1 0  0 0  0 2  0 0
    88  0.1649194943565966E-04   3   0 1  0 0  0 2  0 0
    89  0.4258027686936569E-01   3   0 0  1 0  0 2  0 0
    90  -.7918986663274981E-01   3   0 0  0 1  0 2  0 0
    91  0.7415973212639420E-06   3   1 0  0 0  0 1  1 0
    92  0.1104335878451174E-04   3   0 1  0 0  0 1  1 0
    93  0.2724189465130158E-01   3   0 0  1 0  0 1  1 0
    94  -.5025725284359040E-01   3   0 0  0 1  0 1  1 0
    95  0.7319968430387819E-06   3   1 0  0 0  0 0  2 0
    96  0.1641843340125629E-04   3   0 1  0 0  0 0  2 0
    97  0.4239258899808218E-01   3   0 0  1 0  0 0  2 0
    98  -.7884148781756645E-01   3   0 0  0 1  0 0  2 0
    99  -.2179291678639269E-05   3   1 0  0 0  0 1  0 1
   100  -.2201748260007456E-04   3   0 1  0 0  0 1  0 1
   101  -.1124023556160801       3   0 0  1 0  0 1  0 1
   102  0.1003212428853234       3   0 0  0 1  0 1  0 1
   103  -.2172013783505709E-05   3   1 0  0 0  0 0  1 1
   104  -.2194395369568805E-04   3   0 1  0 0  0 0  1 1
   105  -.1120269801833378       3   0 0  1 0  0 0  1 1
   106  0.9998621316325990E-01   3   0 0  0 1  0 0  1 1
   107  0.2154747075881067E-05   3   1 0  0 0  0 0  0 2
   108  0.3951024887506223E-07   3   0 1  0 0  0 0  0 2
   109  0.1122146350109501       3   0 0  1 0  0 0  0 2
   110  0.7981216555306057E-02   3   0 0  0 1  0 0  0 2
   111  0.1057499873657615E-06   3   0 0  0 0  0 3  0 0
   112  0.6154029982128945E-07   3   0 0  0 0  0 2  1 0
   113  0.6175999267508778E-07   3   0 0  0 0  0 1  2 0
   114  0.1051178343753105E-06   3   0 0  0 0  0 0  3 0
   115  -.2509182381206934E-06   3   0 0  0 0  0 2  0 1
   116  -.1696437265057162E-06   3   0 0  0 0  0 1  1 1
   117  -.2497970108515307E-06   3   0 0  0 0  0 0  2 1
   118  0.1693755952769799E-06   3   0 0  0 0  0 1  0 2
   119  0.1688099537739617E-06   3   0 0  0 0  0 0  1 2
   120  -.2002483302188754E-08   3   0 0  0 0  0 0  0 3
   121  0.1810117643293368E-03   4   4 0  0 0  0 0  0 0
   122  0.2125258421925650E-03   4   3 1  0 0  0 0  0 0
   123  0.5324058412113646E-04   4   2 2  0 0  0 0  0 0
   124  -.2532960732105025E-04   4   1 3  0 0  0 0  0 0
   125  -.2151033601522875E-04   4   0 4  0 0  0 0  0 0
   126  0.8668309091705785E-07   4   3 0  1 0  0 0  0 0
   127  0.2738553503726396E-02   4   2 1  1 0  0 0  0 0
   128  0.3272938748371028E-03   4   1 2  1 0  0 0  0 0
   129  -.2106192994440587E-03   4   0 3  1 0  0 0  0 0
   130  -.9768831829591251E-04   4   2 0  2 0  0 0  0 0
   131  0.6712529016036161E-03   4   1 1  2 0  0 0  0 0
   132  0.2704489913756169E-04   4   0 2  2 0  0 0  0 0
   133  0.1569222833668210E-07   4   1 0  3 0  0 0  0 0
   134  0.6765775821875915E-07   4   0 1  3 0  0 0  0 0
   135  -.9046981155072634E-04   4   0 0  4 0  0 0  0 0
   136  0.1369268617977657E-02   4   3 0  0 1  0 0  0 0
   137  0.9699219884482939E-03   4   2 1  0 1  0 0  0 0
   138  0.4808229864104276E-03   4   1 2  0 1  0 0  0 0
   139  -.8288865907586146E-04   4   0 3  0 1  0 0  0 0
   140  0.8494123248336445E-03   4   2 0  1 1  0 0  0 0
   141  0.6781498560622032E-03   4   1 1  1 1  0 0  0 0
   142  0.2748460866965880E-03   4   0 2  1 1  0 0  0 0
   143  0.7328099684629824E-03   4   1 0  2 1  0 0  0 0
   144  0.6169595657560357E-07   4   0 1  2 1  0 0  0 0
   145  0.1962066169755978E-03   4   0 0  3 1  0 0  0 0
   146  -.7209123210971437E-04   4   2 0  0 2  0 0  0 0
   147  -.9584701725511031E-04   4   1 1  0 2  0 0  0 0
   148  -.1525788833545123E-04   4   0 2  0 2  0 0  0 0
   149  0.1724131835759016E-03   4   1 0  1 2  0 0  0 0
   150  -.2105665367823518E-03   4   0 1  1 2  0 0  0 0
   151  0.1237768027113491E-03   4   0 0  2 2  0 0  0 0
   152  -.3385214127459552E-04   4   1 0  0 3  0 0  0 0
   153  -.8288728916498689E-04   4   0 1  0 3  0 0  0 0
   154  0.3834247487335104E-04   4   0 0  1 3  0 0  0 0
   155  0.2622802140998377E-05   4   0 0  0 4  0 0  0 0
   156  -.9539875875166559E-04   4   3 0  0 0  0 1  0 0
   157  -.9620088576898123E-04   4   2 1  0 0  0 1  0 0
   158  -.3795768266755358E-04   4   1 2  0 0  0 1  0 0
   159  -.3737940977521726E-04   4   0 3  0 0  0 1  0 0
   160   2.553005852037284       4   2 0  1 0  0 1  0 0
   161   2.167673114856876       4   1 1  1 0  0 1  0 0
   162  0.7322185395154368       4   0 2  1 0  0 1  0 0
   163  0.5581589221677457E-03   4   1 0  2 0  0 1  0 0
   164  0.1283983462048218E-03   4   0 1  2 0  0 1  0 0
   165  0.1871573699242022       4   0 0  3 0  0 1  0 0
   166  0.6783394741303403       4   2 0  0 1  0 1  0 0
   167  0.9628229275429477       4   1 1  0 1  0 1  0 0
   168  0.4504432966262956       4   0 2  0 1  0 1  0 0
   169  0.4230984569709145E-03   4   1 0  1 1  0 1  0 0
   170  0.3574850250219482E-03   4   0 1  1 1  0 1  0 0
   171  0.7160762255197654       4   0 0  2 1  0 1  0 0
   172  0.7009791020543093E-04   4   1 0  0 2  0 1  0 0
   173  0.5024077001851779E-04   4   0 1  0 2  0 1  0 0
   174  -.3150677862513690       4   0 0  1 2  0 1  0 0
   175  0.3749183739170366E-01   4   0 0  0 3  0 1  0 0
   176  -.9508016800547118E-04   4   3 0  0 0  0 0  1 0
   177  -.9587961626419063E-04   4   2 1  0 0  0 0  1 0
   178  -.3783092036369073E-04   4   1 2  0 0  0 0  1 0
   179  -.3725457865363498E-04   4   0 3  0 0  0 0  1 0
   180   2.544479912600794       4   2 0  1 0  0 0  1 0
   181   2.160434020719809       4   1 1  1 0  0 0  1 0
   182  0.7297732451118956       4   0 2  1 0  0 0  1 0
   183  0.5562949118825591E-03   4   1 0  2 0  0 0  1 0
   184  0.1279695510563053E-03   4   0 1  2 0  0 0  1 0
   185  0.1865323449561655       4   0 0  3 0  0 0  1 0
   186  0.6760741125883003       4   2 0  0 1  0 0  1 0
   187  0.9596075138525504       4   1 1  0 1  0 0  1 0
   188  0.4489390101149500       4   0 2  0 1  0 0  1 0
   189  0.4216854904409202E-03   4   1 0  1 1  0 0  1 0
   190  0.3562911790813441E-03   4   0 1  1 1  0 0  1 0
   191  0.7136848394891299       4   0 0  2 1  0 0  1 0
   192  0.6986381339105834E-04   4   1 0  0 2  0 0  1 0
   193  0.5007298749577977E-04   4   0 1  0 2  0 0  1 0
   194  -.3140155956103549       4   0 0  1 2  0 0  1 0
   195  0.3736663081032762E-01   4   0 0  0 3  0 0  1 0
   196  0.4269638161895317E-03   4   3 0  0 0  0 0  0 1
   197  0.1920805020331740E-03   4   2 1  0 0  0 0  0 1
   198  0.4911424695177701E-04   4   1 2  0 0  0 0  0 1
   199  0.2623083114682625E-04   4   0 3  0 0  0 0  0 1
   200  -9.767425364509743       4   2 0  1 0  0 0  0 1
   201  -4.328107135576682       4   1 1  1 0  0 0  0 1
   202  -.7437935625000721       4   0 2  1 0  0 0  0 1
   203  -.2087358295581855E-02   4   1 0  2 0  0 0  0 1
   204  -.2563678972611259E-03   4   0 1  2 0  0 0  0 1
   205  -1.206501969356063       4   0 0  3 0  0 0  0 1
   206  -1.354413586718643       4   2 0  0 1  0 0  0 1
   207  -1.300558058229884       4   1 1  0 1  0 0  0 1
   208  -.3340450453773707       4   0 2  0 1  0 0  0 1
   209  -.8447839474118334E-03   4   1 0  1 1  0 0  0 1
   210  -.3935592782083745E-03   4   0 1  1 1  0 0  0 1
   211  -1.429761065008899       4   0 0  2 1  0 0  0 1
   212  -.9728327158495432E-04   4   1 0  0 2  0 0  0 1
   213  -.3964313525906319E-04   4   0 1  0 2  0 0  0 1
   214  0.2139049863654932       4   0 0  1 2  0 0  0 1
   215  -.3596250238763967E-01   4   0 0  0 3  0 0  0 1
   216  -.6530213523241741E-04   4   2 0  0 0  0 2  0 0
   217  -.1108288253231367E-03   4   1 1  0 0  0 2  0 0
   218  -.4709816561152666E-04   4   0 2  0 0  0 2  0 0
   219  -.3999110749585114E-03   4   1 0  1 0  0 2  0 0
   220  -.2675572330963461E-03   4   0 1  1 0  0 2  0 0
   221  -.4603620377621020E-04   4   0 0  2 0  0 2  0 0
   222  -.5067989188982329E-04   4   1 0  0 1  0 2  0 0
   223  -.1529595626963529E-03   4   0 1  0 1  0 2  0 0
   224  0.6621660848904931E-04   4   0 0  1 1  0 2  0 0
   225  -.3787126707957709E-08   4   0 0  0 2  0 2  0 0
   226  -.6738152529613780E-04   4   2 0  0 0  0 1  1 0
   227  -.1176449723901271E-03   4   1 1  0 0  0 1  1 0
   228  -.5631568847176709E-04   4   0 2  0 0  0 1  1 0
   229  -.4714400538411210E-03   4   1 0  1 0  0 1  1 0
   230  -.3237653803545985E-03   4   0 1  1 0  0 1  1 0
   231  -.4114973906119491E-04   4   0 0  2 0  0 1  1 0
   232  -.1715634875058169E-03   4   1 0  0 1  0 1  1 0
   233  -.2224213640812653E-03   4   0 1  0 1  0 1  1 0
   234  0.4418255516450863E-04   4   0 0  1 1  0 1  1 0
   235  -.3073738875101232E-05   4   0 0  0 2  0 1  1 0
   236  -.6497154161027675E-04   4   2 0  0 0  0 0  2 0
   237  -.1102622630466846E-03   4   1 1  0 0  0 0  2 0
   238  -.4684684296701368E-04   4   0 2  0 0  0 0  2 0
   239  -.3977883409764308E-03   4   1 0  1 0  0 0  2 0
   240  -.2661230888014856E-03   4   0 1  1 0  0 0  2 0
   241  -.4581375149457501E-04   4   0 0  2 0  0 0  2 0
   242  -.5022416882911509E-04   4   1 0  0 1  0 0  2 0
   243  -.1520773479118656E-03   4   0 1  0 1  0 0  2 0
   244  0.6592169820209965E-04   4   0 0  1 1  0 0  2 0
   245  0.1358002336322689E-08   4   0 0  0 2  0 0  2 0
   246  0.1506569421494158E-03   4   2 0  0 0  0 1  0 1
   247  0.1681414462369097E-03   4   1 1  0 0  0 1  0 1
   248  0.4346152448664617E-04   4   0 2  0 0  0 1  0 1
   249  0.6356377168147795E-03   4   1 0  1 0  0 1  0 1
   250  0.2184907096965543E-03   4   0 1  1 0  0 1  0 1
   251  0.8319293938392319E-04   4   0 0  2 0  0 1  0 1
   252  0.6161483604433626E-04   4   1 0  0 1  0 1  0 1
   253  0.9812017286136031E-04   4   0 1  0 1  0 1  0 1
   254  -.4433098416085106E-04   4   0 0  1 1  0 1  0 1
   255  0.1387851130892416E-05   4   0 0  0 2  0 1  0 1
   256  0.1501538128818399E-03   4   2 0  0 0  0 0  1 1
   257  0.1675799262598847E-03   4   1 1  0 0  0 0  1 1
   258  0.4331638172275654E-04   4   0 2  0 0  0 0  1 1
   259  0.6335149607416634E-03   4   1 0  1 0  0 0  1 1
   260  0.2177610448754487E-03   4   0 1  1 0  0 0  1 1
   261  0.8291511081484068E-04   4   0 0  2 0  0 0  1 1
   262  0.6140906904224175E-04   4   1 0  0 1  0 0  1 1
   263  0.9779249376471958E-04   4   0 1  0 1  0 0  1 1
   264  -.4418293777630650E-04   4   0 0  1 1  0 0  1 1
   265  0.1383216306150638E-05   4   0 0  0 2  0 0  1 1
   266  -.1031555619249096E-03   4   2 0  0 0  0 0  0 2
   267  -.4038457697997064E-04   4   1 1  0 0  0 0  0 2
   268  -.2615887277251313E-05   4   0 2  0 0  0 0  0 2
   269  -.1320776279361702E-07   4   1 0  1 0  0 0  0 2
   270  -.1875362510946455E-08   4   0 1  1 0  0 0  0 2
   271  -.3310835077179781E-04   4   0 0  2 0  0 0  0 2
   272  -.3290477418170656E-04   4   1 0  0 1  0 0  0 2
   273  -.1563965856914548E-09   4   0 1  0 1  0 0  0 2
   274  -.2993097118954487E-04   4   0 0  1 1  0 0  0 2
   275  -.1787091417440260E-05   4   0 0  0 2  0 0  0 2
   276  -.7184565458768750E-06   4   1 0  0 0  0 3  0 0
   277  -.1373590573414639E-04   4   0 1  0 0  0 3  0 0
   278  -.3487976550550129E-01   4   0 0  1 0  0 3  0 0
   279  0.6466022197411005E-01   4   0 0  0 1  0 3  0 0
   280  -.7009384775768623E-06   4   1 0  0 0  0 2  1 0
   281  -.8249574725265419E-05   4   0 1  0 0  0 2  1 0
   282  -.1950471451456787E-01   4   0 0  1 0  0 2  1 0
   283  0.3564984592777364E-01   4   0 0  0 1  0 2  1 0
   284  -.7010142126572144E-06   4   1 0  0 0  0 1  2 0
   285  -.8276827908452994E-05   4   0 1  0 0  0 1  2 0
   286  -.1958115007571795E-01   4   0 0  1 0  0 1  2 0
   287  0.3579408745439037E-01   4   0 0  0 1  0 1  2 0
   288  -.7136910487922038E-06   4   1 0  0 0  0 0  3 0
   289  -.1365336897087587E-04   4   0 1  0 0  0 0  3 0
   290  -.3467258116925083E-01   4   0 0  1 0  0 0  3 0
   291  0.6427698849462236E-01   4   0 0  0 1  0 0  3 0
   292  0.2157228416790436E-05   4   1 0  0 0  0 2  0 1
   293  0.1652475597410941E-04   4   0 1  0 0  0 2  0 1
   294  0.8156384215337659E-01   4   0 0  1 0  0 2  0 1
   295  -.7125067375913144E-01   4   0 0  0 1  0 2  0 1
   296  0.2135288213848716E-05   4   1 0  0 0  0 1  1 1
   297  0.1106847047366416E-04   4   0 1  0 0  0 1  1 1
   298  0.5093004979131866E-01   4   0 0  1 0  0 1  1 1
   299  -.4237315212634674E-01   4   0 0  0 1  0 1  1 1
   300  0.2146458732182870E-05   4   1 0  0 0  0 0  2 1
   301  0.1645108844893157E-04   4   0 1  0 0  0 0  2 1
   302  0.8120641185697171E-01   4   0 0  1 0  0 0  2 1
   303  -.7094197317662747E-01   4   0 0  0 1  0 0  2 1
   304  -.2159028785065046E-05   4   1 0  0 0  0 1  0 2
   305  -.5947255583303487E-07   4   0 1  0 0  0 1  0 2
   306  -.5082773722215845E-01   4   0 0  1 0  0 1  0 2
   307  -.7884028059999460E-02   4   0 0  0 1  0 1  0 2
   308  -.2151818559264619E-05   4   1 0  0 0  0 0  1 2
   309  -.5927394312368591E-07   4   0 1  0 0  0 0  1 2
   310  -.5065799448188870E-01   4   0 0  1 0  0 0  1 2
   311  -.7857698803565655E-02   4   0 0  0 1  0 0  1 2
   312  0.7187000897318786E-06   4   1 0  0 0  0 0  0 3
   313  0.1324200044541914E-07   4   0 1  0 0  0 0  0 3
   314  -.3576301102300924E-02   4   0 0  1 0  0 0  0 3
   315  -.7356874901570962E-04   4   0 0  0 1  0 0  0 3
   316  -.4029905645088721E-05   4   0 0  0 0  0 4  0 0
   317  -.2063959034095187E-05   4   0 0  0 0  0 3  1 0
   318  -.1805055746215980E-05   4   0 0  0 0  0 2  2 0
   319  -.2077853090379738E-05   4   0 0  0 0  0 1  3 0
   320  -.3999582080579420E-05   4   0 0  0 0  0 0  4 0
   321  0.4301861044752044E-05   4   0 0  0 0  0 3  0 1
   322  0.2141422883430981E-05   4   0 0  0 0  0 2  1 1
   323  0.2152173316007092E-05   4   0 0  0 0  0 1  2 1
   324  0.4276747808095002E-05   4   0 0  0 0  0 0  3 1
   325  0.3450915248757705E-06   4   0 0  0 0  0 2  0 2
   326  0.4106701146293165E-06   4   0 0  0 0  0 1  1 2
   327  0.3432533372741834E-06   4   0 0  0 0  0 0  2 2
   328  0.2570373208097879E-08   4   0 0  0 0  0 1  0 3
   329  0.2561789269175870E-08   4   0 0  0 0  0 0  1 3
   330  -.5540624594874178E-15   4   0 0  0 0  0 0  0 4
   ----------------------------------------------------
     I  COEFFICIENT            ORDER EXPONENTS
     1  0.8980429906278580E-09   0   0 0  0 0  0 0  0 0
     2  -.1818499344592880E-05   1   1 0  0 0  0 0  0 0
     3  -.2806915890976906E-05   1   0 1  0 0  0 0  0 0
     4  0.4711573614234551E-06   1   0 0  1 0  0 0  0 0
     5  -.4463949570640754E-06   1   0 0  0 1  0 0  0 0
     6   1.000000000000000       1   0 0  0 0  1 0  0 0
     7  0.8638530075633333E-01   1   0 0  0 0  0 1  0 0
     8  -.8638530071826889E-01   1   0 0  0 0  0 0  1 0
     9  -.3806688608738250E-10   1   0 0  0 0  0 0  0 1
    10  -.5083231195060466E-01   2   2 0  0 0  0 0  0 0
    11  -.1306406792419810       2   1 1  0 0  0 0  0 0
    12  -.9768618971487301E-01   2   0 2  0 0  0 0  0 0
    13  -.1355464424683962E-05   2   1 0  1 0  0 0  0 0
    14  -.2201872115473243E-04   2   0 1  1 0  0 0  0 0
    15  -.4364521807174230E-01   2   0 0  2 0  0 0  0 0
    16  -.2201879473133850E-04   2   1 0  0 1  0 0  0 0
    17  -.3894338988914494E-05   2   0 1  0 1  0 0  0 0
    18  0.1029401380234627       2   0 0  1 1  0 0  0 0
    19  -.7702855926928984E-01   2   0 0  0 2  0 0  0 0
    20  0.2859530731917316E-05   2   1 0  0 0  0 1  0 0
    21  0.4404673680485716E-05   2   0 1  0 0  0 1  0 0
    22  -.7128712134398329E-06   2   0 0  1 0  0 1  0 0
    23  0.6423325456842980E-06   2   0 0  0 1  0 1  0 0
    24  0.1043604122137802E-05   2   1 0  0 0  0 0  1 0
    25  0.1601757115634865E-05   2   0 1  0 0  0 0  1 0
    26  -.2424741706466714E-06   2   0 0  1 0  0 0  1 0
    27  0.1967676975827299E-06   2   0 0  0 1  0 0  1 0
    28  -.3903119707234404E-05   2   1 0  0 0  0 0  0 1
    29  -.3199482643807394E-05   2   0 1  0 0  0 0  0 1
    30  0.9553433942212717E-06   2   0 0  1 0  0 0  0 1
    31  -.3926995152522952E-06   2   0 0  0 1  0 0  0 1
    32  -.6489734015838694E-01   2   0 0  0 0  0 2  0 0
    33  0.4340937949840036E-01   2   0 0  0 0  0 1  1 0
    34  0.2148796059792427E-01   2   0 0  0 0  0 0  2 0
    35  0.6203040832740250E-10   2   0 0  0 0  0 1  0 1
    36  0.2401019684861425E-10   2   0 0  0 0  0 0  1 1
    37  -.2398681035238085E-10   2   0 0  0 0  0 0  0 2
    38  -.6532701241333119E-04   3   3 0  0 0  0 0  0 0
    39  -.1006556270899169E-03   3   2 1  0 0  0 0  0 0
    40  0.8528373342994929E-06   3   1 2  0 0  0 0  0 0
    41  -.1386098042226279E-05   3   0 3  0 0  0 0  0 0
    42  0.5597431382822137E-05   3   2 0  1 0  0 0  0 0
    43  -.3422154845510588E-04   3   1 1  1 0  0 0  0 0
    44  0.9255563310713203E-05   3   0 2  1 0  0 0  0 0
    45  -.6076263459918915E-04   3   1 0  2 0  0 0  0 0
    46  0.1008180223183707E-03   3   0 1  2 0  0 0  0 0
    47  -.1148429960447241E-04   3   0 0  3 0  0 0  0 0
    48  -.1611887254450140E-04   3   2 0  0 1  0 0  0 0
    49  0.2811572976947326E-05   3   1 1  0 1  0 0  0 0
    50  0.3871143767600110E-06   3   0 2  0 1  0 0  0 0
    51  0.2072209454257451E-03   3   1 0  1 1  0 0  0 0
    52  0.6117216441475459E-05   3   0 1  1 1  0 0  0 0
    53  0.2828517398956672E-04   3   0 0  2 1  0 0  0 0
    54  -.1253642703685491E-05   3   1 0  0 2  0 0  0 0
    55  -.3602725360211584E-05   3   0 1  0 2  0 0  0 0
    56  -.2937596633032305E-06   3   0 0  1 2  0 0  0 0
    57  -.1226414366299775E-05   3   0 0  0 3  0 0  0 0
    58  0.7805920954669542E-01   3   2 0  0 0  0 1  0 0
    59  0.2031442499958844       3   1 1  0 0  0 1  0 0
    60  0.1521468237755379       3   0 2  0 0  0 1  0 0
    61  0.2713295789015336E-05   3   1 0  1 0  0 1  0 0
    62  0.3309027718986329E-04   3   0 1  1 0  0 1  0 0
    63  0.6369331398184885E-01   3   0 0  2 0  0 1  0 0
    64  0.3305860536945509E-04   3   1 0  0 1  0 1  0 0
    65  0.7758703996382517E-05   3   0 1  0 1  0 1  0 0
    66  -.1477733274704331       3   0 0  1 1  0 1  0 0
    67  0.1108541101593755       3   0 0  0 2  0 1  0 0
    68  0.2730521444543293E-01   3   2 0  0 0  0 0  1 0
    69  0.7269631582237582E-01   3   1 1  0 0  0 0  1 0
    70  0.5460394008507823E-01   3   0 2  0 0  0 0  1 0
    71  0.1355610340962737E-05   3   1 0  1 0  0 0  1 0
    72  0.1110326735117939E-04   3   0 1  1 0  0 0  1 0
    73  0.2012644691266807E-01   3   0 0  2 0  0 0  1 0
    74  0.1108520506651910E-04   3   1 0  0 1  0 0  1 0
    75  0.3874539900283290E-05   3   0 1  0 1  0 0  1 0
    76  -.4502610253274053E-01   3   0 0  1 1  0 0  1 0
    77  0.3396898151058472E-01   3   0 0  0 2  0 0  1 0
    78  -.1053645555048971       3   2 0  0 0  0 0  0 1
    79  -.1452000779002341       3   1 1  0 0  0 0  0 1
    80  -.1137855980110343E-01   3   0 2  0 0  0 0  0 1
    81  -.4066930995807909E-05   3   1 0  1 0  0 0  0 1
    82  -.2216189154692387E-04   3   0 1  1 0  0 0  0 1
    83  -.8381983050950986E-01   3   0 0  2 0  0 0  0 1
    84  -.2214936799022042E-04   3   1 0  0 1  0 0  0 1
    85  -.3886221210306023E-05   3   0 1  0 1  0 0  0 1
    86  0.8985932048944655E-01   3   0 0  1 1  0 0  0 1
    87  0.9233982560626344E-02   3   0 0  0 2  0 0  0 1
    88  -.3706817241300713E-05   3   1 0  0 0  0 2  0 0
    89  -.5707049311843011E-05   3   0 1  0 0  0 2  0 0
    90  0.8876235866051851E-06   3   0 0  1 0  0 2  0 0
    91  -.7767424638841161E-06   3   0 0  0 1  0 2  0 0
    92  -.1695898693666326E-05   3   1 0  0 0  0 1  1 0
    93  -.2606775371033739E-05   3   0 1  0 0  0 1  1 0
    94  0.3499592337613927E-06   3   0 0  1 0  0 1  1 0
    95  -.2692407861454292E-06   3   0 0  0 1  0 1  1 0
    96  -.8498708980344000E-06   3   1 0  0 0  0 0  2 0
    97  -.1306356350379177E-05   3   0 1  0 0  0 0  2 0
    98  0.1755801805013903E-06   3   0 0  1 0  0 0  2 0
    99  -.1352386701424352E-06   3   0 0  0 1  0 0  2 0
   100  0.6250058067924491E-05   3   1 0  0 0  0 1  0 1
   101  0.5211631661760137E-05   3   0 1  0 0  0 1  0 1
   102  -.1412341813574032E-05   3   0 0  1 0  0 1  0 1
   103  0.5380792992073481E-06   3   0 0  0 1  0 1  0 1
   104  0.2352091805409115E-05   3   1 0  0 0  0 0  1 1
   105  0.2016078517692737E-05   3   0 1  0 0  0 0  1 1
   106  -.4586520221492229E-06   3   0 0  1 0  0 0  1 1
   107  0.1462013456172672E-06   3   0 0  0 1  0 0  1 1
   108  -.2349522699972203E-05   3   1 0  0 0  0 0  0 2
   109  -.4143742166447494E-06   3   0 1  0 0  0 0  0 2
   110  0.4578263907491881E-06   3   0 0  1 0  0 0  0 2
   111  0.5055942146346227E-07   3   0 0  0 1  0 0  0 2
   112  0.5409931172233950E-01   3   0 0  0 0  0 3  0 0
   113  -.3250331368651316E-01   3   0 0  0 0  0 2  1 0
   114  -.1090607914125541E-01   3   0 0  0 0  0 1  2 0
   115  -.1068995180503509E-01   3   0 0  0 0  0 0  3 0
   116  -.8887218407558956E-09   3   0 0  0 0  0 2  0 1
   117  0.1737123619218426E-09   3   0 0  0 0  0 1  1 1
   118  0.8494206948816070E-10   3   0 0  0 0  0 0  2 1
   119  0.1437246977682315E-09   3   0 0  0 0  0 1  0 2
   120  0.8718568376467083E-10   3   0 0  0 0  0 0  1 2
   121  -.7370391575328066E-12   3   0 0  0 0  0 0  0 3
   122  -.4515723811813019       4   4 0  0 0  0 0  0 0
   123  -.9439545388387801       4   3 1  0 0  0 0  0 0
   124  -1.003402342148209       4   2 2  0 0  0 0  0 0
   125  -.3792085170721431       4   1 3  0 0  0 0  0 0
   126  -.1043350545555718       4   0 4  0 0  0 0  0 0
   127  0.2314405894627350E-04   4   3 0  1 0  0 0  0 0
   128  -.1392901063526479E-03   4   2 1  1 0  0 0  0 0
   129  -.1025803755808295E-03   4   1 2  1 0  0 0  0 0
   130  -.4401176138750838E-04   4   0 3  1 0  0 0  0 0
   131  -1.026268988988640       4   2 0  2 0  0 0  0 0
   132  -.4746593588810222       4   1 1  2 0  0 0  0 0
   133  -.4443322384951749       4   0 2  2 0  0 0  0 0
   134  -.1553962709837909E-03   4   1 0  3 0  0 0  0 0
   135  -.2886083238268741E-04   4   0 1  3 0  0 0  0 0
   136  -.1009708505946516       4   0 0  4 0  0 0  0 0
   137  -.5070588379307317E-04   4   3 0  0 1  0 0  0 0
   138  -.2239111820624514E-03   4   2 1  0 1  0 0  0 0
   139  -.8619790755060125E-04   4   1 2  0 1  0 0  0 0
   140  -.1376869702242978E-04   4   0 3  0 1  0 0  0 0
   141  -.4056032216141801       4   2 0  1 1  0 0  0 0
   142  -.3006994846393147E-01   4   1 1  1 1  0 0  0 0
   143  0.8763879678077700E-01   4   0 2  1 1  0 0  0 0
   144  -.7363367708855317E-04   4   1 0  2 1  0 0  0 0
   145  -.9008900553564063E-04   4   0 1  2 1  0 0  0 0
   146  -.1682072476865406       4   0 0  3 1  0 0  0 0
   147  0.1998914263641592       4   2 0  0 2  0 0  0 0
   148  -.1551245671659139       4   1 1  0 2  0 0  0 0
   149  -.1355192793332530       4   0 2  0 2  0 0  0 0
   150  0.3134299699685513E-04   4   1 0  1 2  0 0  0 0
   151  -.3680428215158693E-04   4   0 1  1 2  0 0  0 0
   152  0.1842707090637216E-01   4   0 0  2 2  0 0  0 0
   153  -.2750993053766934E-04   4   1 0  0 3  0 0  0 0
   154  -.9983302839071055E-05   4   0 1  0 3  0 0  0 0
   155  0.1367834639643223       4   0 0  1 3  0 0  0 0
   156  -.4125352033931411E-01   4   0 0  0 4  0 0  0 0
   157  0.5790545093791932E-03   4   3 0  0 0  0 1  0 0
   158  0.1288966916355319E-02   4   2 1  0 0  0 1  0 0
   159  0.6822816878906424E-03   4   1 2  0 0  0 1  0 0
   160  0.2902469714278569E-03   4   0 3  0 0  0 1  0 0
   161  0.4025106406599154E-04   4   2 0  1 0  0 1  0 0
   162  0.4562245918755430E-04   4   1 1  1 0  0 1  0 0
   163  -.3780877205016146E-04   4   0 2  1 0  0 1  0 0
   164  0.2297133333826610E-03   4   1 0  2 0  0 1  0 0
   165  0.3546180163877361E-03   4   0 1  2 0  0 1  0 0
   166  0.3259640918152511E-04   4   0 0  3 0  0 1  0 0
   167  -.2689522007595777E-04   4   2 0  0 1  0 1  0 0
   168  0.4985447474964870E-04   4   1 1  0 1  0 1  0 0
   169  0.4728626697509099E-04   4   0 2  0 1  0 1  0 0
   170  -.3672234908818719E-03   4   1 0  1 1  0 1  0 0
   171  -.1392026350687655E-03   4   0 1  1 1  0 1  0 0
   172  -.3449182034953702E-04   4   0 0  2 1  0 1  0 0
   173  0.1527280394776858E-03   4   1 0  0 2  0 1  0 0
   174  0.1914678598012475E-03   4   0 1  0 2  0 1  0 0
   175  -.6551263445511276E-04   4   0 0  1 2  0 1  0 0
   176  0.2962902491189616E-04   4   0 0  0 3  0 1  0 0
   177  0.3216185055750336E-03   4   3 0  0 0  0 0  1 0
   178  0.7323697286658819E-03   4   2 1  0 0  0 0  1 0
   179  0.4431899292854264E-03   4   1 2  0 0  0 0  1 0
   180  0.1840492078275055E-03   4   0 3  0 0  0 0  1 0
   181  0.2159206124308740E-04   4   2 0  1 0  0 0  1 0
   182  0.1123487439305699E-04   4   1 1  1 0  0 0  1 0
   183  -.2067538940650884E-04   4   0 2  1 0  0 0  1 0
   184  0.1261607482105082E-03   4   1 0  2 0  0 0  1 0
   185  0.2169009615102348E-03   4   0 1  2 0  0 0  1 0
   186  0.1021805275673936E-04   4   0 0  3 0  0 0  1 0
   187  -.1434333519382023E-04   4   2 0  0 1  0 0  1 0
   188  0.3099630434278798E-04   4   1 1  0 1  0 0  1 0
   189  0.2853447977599450E-04   4   0 2  0 1  0 0  1 0
   190  -.1310390714889781E-03   4   1 0  1 1  0 0  1 0
   191  -.8021080657202158E-04   4   0 1  1 1  0 0  1 0
   192  -.2742384344225430E-05   4   0 0  2 1  0 0  1 0
   193  0.8712088786907860E-04   4   1 0  0 2  0 0  1 0
   194  0.1155471997747264E-03   4   0 1  0 2  0 0  1 0
   195  -.3721436807534321E-04   4   0 0  1 2  0 0  1 0
   196  0.1659453070959537E-04   4   0 0  0 3  0 0  1 0
   197  -.6238874626388012E-03   4   3 0  0 0  0 0  0 1
   198  -.8768949041398382E-03   4   2 1  0 0  0 0  0 1
   199  -.3150904051157503E-03   4   1 2  0 0  0 0  0 1
   200  -.3412011416355472E-04   4   0 3  0 0  0 0  0 1
   201  -.3348585977786364E-04   4   2 0  1 0  0 0  0 1
   202  -.2023286882495980E-04   4   1 1  1 0  0 0  0 1
   203  0.1816196894072748E-04   4   0 2  1 0  0 0  0 1
   204  -.2166914519745103E-03   4   1 0  2 0  0 0  0 1
   205  -.1734932809897560E-03   4   0 1  2 0  0 0  0 1
   206  -.3106291252562933E-04   4   0 0  3 0  0 0  0 1
   207  0.8483980607972567E-06   4   2 0  0 1  0 0  0 1
   208  -.2150642798574963E-04   4   1 1  0 1  0 0  0 1
   209  -.7304962759780270E-06   4   0 2  0 1  0 0  0 1
   210  0.2705398064236469E-03   4   1 0  1 1  0 0  0 1
   211  0.5018480005358223E-04   4   0 1  1 1  0 0  0 1
   212  0.2841117177274482E-05   4   0 0  2 1  0 0  0 1
   213  -.6329010164124058E-04   4   1 0  0 2  0 0  0 1
   214  -.1805532640864032E-06   4   0 1  0 2  0 0  0 1
   215  0.1755397792987032E-04   4   0 0  1 2  0 0  0 1
   216  0.4366666105892221E-05   4   0 0  0 3  0 0  0 1
   217  -.9942526847686949E-01   4   2 0  0 0  0 2  0 0
   218  -.2612660148274600       4   1 1  0 0  0 2  0 0
   219  -.1959794662764487       4   0 2  0 0  0 2  0 0
   220  -.4057268866362392E-05   4   1 0  1 0  0 2  0 0
   221  -.4142999369847446E-04   4   0 1  1 0  0 2  0 0
   222  -.7788874666423357E-01   4   0 0  2 0  0 2  0 0
   223  -.4142508156313107E-04   4   1 0  0 1  0 2  0 0
   224  -.1166487178896924E-04   4   0 1  0 1  0 2  0 0
   225  0.1782547723335722       4   0 0  1 1  0 2  0 0
   226  -.1340742114893542       4   0 0  0 2  0 2  0 0
   227  -.4277165928163828E-01   4   2 0  0 0  0 1  1 0
   228  -.1163407397971559       4   1 1  0 0  0 1  1 0
   229  -.8773713614670244E-01   4   0 2  0 0  0 1  1 0
   230  -.2695283247569783E-05   4   1 0  1 0  0 1  1 0
   231  -.1670969437311400E-04   4   0 1  1 0  0 1  1 0
   232  -.2843041513938580E-01   4   0 0  2 0  0 1  1 0
   233  -.1673483355475237E-04   4   1 0  0 1  0 1  1 0
   234  -.7791012712320920E-05   4   0 1  0 1  0 1  1 0
   235  0.6106002188612036E-01   4   0 0  1 1  0 1  1 0
   236  -.4651197117304594E-01   4   0 0  0 2  0 1  1 0
   237  -.2144416288850479E-01   4   2 0  0 0  0 0  2 0
   238  -.5831377208934201E-01   4   1 1  0 0  0 0  2 0
   239  -.4397496503877457E-01   4   0 2  0 0  0 0  2 0
   240  -.1345000310197680E-05   4   1 0  1 0  0 0  2 0
   241  -.8380173022736351E-05   4   0 1  1 0  0 0  2 0
   242  -.1427361917310473E-01   4   0 0  2 0  0 0  2 0
   243  -.8394959105211397E-05   4   1 0  0 1  0 0  2 0
   244  -.3895372807111426E-05   4   0 1  0 1  0 0  2 0
   245  0.3067372550043940E-01   4   0 0  1 1  0 0  2 0
   246  -.2336261614236573E-01   4   0 0  0 2  0 0  2 0
   247  0.1635627003264279       4   2 0  0 0  0 1  0 1
   248  0.2325838091362613       4   1 1  0 0  0 1  0 1
   249  0.2325521255534971E-01   4   0 2  0 0  0 1  0 1
   250  0.8110681982081674E-05   4   1 0  1 0  0 1  0 1
   251  0.3342435060800599E-04   4   0 1  1 0  0 1  0 1
   252  0.1205144630658654       4   0 0  2 0  0 1  0 1
   253  0.3342248369048229E-04   4   1 0  0 1  0 1  0 1
   254  0.7759390269563026E-05   4   0 1  0 1  0 1  0 1
   255  -.1220228679204017       4   0 0  1 1  0 1  0 1
   256  -.1790203944089371E-01   4   0 0  0 2  0 1  0 1
   257  0.5835448520728746E-01   4   2 0  0 0  0 0  1 1
   258  0.8757519354432756E-01   4   1 1  0 0  0 0  1 1
   259  0.1187486243650340E-01   4   0 2  0 0  0 0  1 1
   260  0.4043783040167725E-05   4   1 0  1 0  0 0  1 1
   261  0.1129861130352869E-04   4   0 1  1 0  0 0  1 1
   262  0.3685107559167353E-01   4   0 0  2 0  0 0  1 1
   263  0.1130919067051443E-04   4   1 0  0 1  0 0  1 1
   264  0.3873169305873485E-05   4   0 1  0 1  0 0  1 1
   265  -.3235522427543472E-01   4   0 0  1 1  0 0  1 1
   266  -.8669843844140346E-02   4   0 0  0 2  0 0  1 1
   267  -.5827623585621453E-01   4   2 0  0 0  0 0  0 2
   268  -.1487934814406248E-01   4   1 1  0 0  0 0  0 2
   269  -.4971857281440795E-03   4   0 2  0 0  0 0  0 2
   270  -.4052538333164721E-05   4   1 0  1 0  0 0  0 2
   271  -.2074493238761729E-06   4   0 1  1 0  0 0  0 2
   272  -.3677282369762277E-01   4   0 0  2 0  0 0  0 2
   273  -.2081732766888888E-06   4   1 0  0 1  0 0  0 2
   274  0.1288941429879045E-07   4   0 1  0 1  0 0  0 2
   275  -.1267027905861851E-01   4   0 0  1 1  0 0  0 2
   276  -.5650324062252091E-03   4   0 0  0 2  0 0  0 2
   277  0.8493161060916934E-04   4   1 0  0 0  0 3  0 0
   278  0.1297379144403541E-03   4   0 1  0 0  0 3  0 0
   279  -.1544840592667787E-04   4   0 0  1 0  0 3  0 0
   280  0.2251731645936145E-04   4   0 0  0 1  0 3  0 0
   281  0.4190130677763344E-04   4   1 0  0 0  0 2  1 0
   282  0.6417284358040615E-04   4   0 1  0 0  0 2  1 0
   283  -.5453348926848208E-05   4   0 0  1 0  0 2  1 0
   284  0.7992363765210788E-05   4   0 0  0 1  0 2  1 0
   285  0.2602616717165110E-04   4   1 0  0 0  0 1  2 0
   286  0.3990682501078803E-04   4   0 1  0 0  0 1  2 0
   287  -.3097887743701188E-05   4   0 0  1 0  0 1  2 0
   288  0.4556568849276364E-05   4   0 0  0 1  0 1  2 0
   289  0.1401826589403334E-04   4   1 0  0 0  0 0  3 0
   290  0.2146866705545577E-04   4   0 1  0 0  0 0  3 0
   291  -.1832238861071762E-05   4   0 0  1 0  0 0  3 0
   292  0.2685074413734325E-05   4   0 0  0 1  0 0  3 0
   293  -.7814408757020841E-04   4   1 0  0 0  0 2  0 1
   294  -.1338727191750722E-04   4   0 1  0 0  0 2  0 1
   295  0.1210129534507050E-04   4   0 0  1 0  0 2  0 1
   296  0.2746827022839214E-05   4   0 0  0 1  0 2  0 1
   297  -.3816202970568900E-04   4   1 0  0 0  0 1  1 1
   298  -.1093394383412293E-04   4   0 1  0 0  0 1  1 1
   299  0.3400673955150015E-05   4   0 0  1 0  0 1  1 1
   300  0.2060987612673237E-05   4   0 0  0 1  0 1  1 1
   301  -.1911547933185994E-04   4   1 0  0 0  0 0  2 1
   302  -.5461865128908290E-05   4   0 1  0 0  0 0  2 1
   303  0.1711958463116456E-05   4   0 0  1 0  0 0  2 1
   304  0.1029902990453392E-05   4   0 0  0 1  0 0  2 1
   305  0.4050675008970614E-05   4   1 0  0 0  0 1  0 2
   306  0.1577660735686337E-06   4   0 1  0 0  0 1  0 2
   307  0.8577204975684897E-06   4   0 0  1 0  0 1  0 2
   308  0.4568105269155310E-07   4   0 0  0 1  0 1  0 2
   309  0.2810940950612005E-05   4   1 0  0 0  0 0  1 2
   310  0.1506722295667485E-06   4   0 1  0 0  0 0  1 2
   311  0.5775380607975653E-06   4   0 0  1 0  0 0  1 2
   312  0.4262418804704395E-07   4   0 0  0 1  0 0  1 2
   313  -.9957515374844852E-08   4   1 0  0 0  0 0  0 3
   314  0.9862408801771309E-09   4   0 1  0 0  0 0  0 3
   315  0.2571430158381821E-08   4   0 0  1 0  0 0  0 3
   316  -.2147074926553273E-09   4   0 0  0 1  0 0  0 3
   317  -.4734372738978641E-01   4   0 0  0 0  0 4  0 0
   318  0.2707688642627060E-01   4   0 0  0 0  0 3  1 0
   319  0.8139586325850793E-02   4   0 0  0 0  0 2  2 0
   320  0.5479668691184485E-02   4   0 0  0 0  0 1  3 0
   321  0.6647537624952964E-02   4   0 0  0 0  0 0  4 0
   322  0.1753956919156579E-08   4   0 0  0 0  0 3  0 1
   323  0.1684916253336990E-08   4   0 0  0 0  0 2  1 1
   324  0.1450991133467224E-08   4   0 0  0 0  0 1  2 1
   325  0.5443958453877564E-09   4   0 0  0 0  0 0  3 1
   326  -.7728280912776561E-10   4   0 0  0 0  0 2  0 2
   327  0.1804645194387434E-10   4   0 0  0 0  0 1  1 2
   328  0.8131888520706512E-11   4   0 0  0 0  0 0  2 2
   329  0.2293502215584043E-12   4   0 0  0 0  0 1  0 3
   330  -.5035403004973556E-12   4   0 0  0 0  0 0  1 3
   ----------------------------------------------------
     I  COEFFICIENT            ORDER EXPONENTS
     1   1.000000000000000       1   0 0  0 0  0 1  0 0
     --------------------------------------------------
     I  COEFFICIENT            ORDER EXPONENTS
     1   1.000000000000000       1   0 0  0 0  0 0  1 0
     --------------------------------------------------
     I  COEFFICIENT            ORDER EXPONENTS
     1   1.000000000000000       1   0 0  0 0  0 0  0 1
     --------------------------------------------------
