     I  COEFFICIENT            ORDER EXPONENTS
     1  -.4330542292864333E-04   0   0 0  0 0  0 0  0 0
     2  0.9071214372901379       1   1 0  0 0  0 0  0 0
     3  0.3374977199448471       1   0 1  0 0  0 0  0 0
     4  -.5231670977095169E-05   1   0 0  1 0  0 0  0 0
     5  -.1181148292152955E-06   1   0 0  0 1  0 0  0 0
     6  0.1465439540745857E-05   1   0 0  0 0  0 1  0 0
     7  0.1460545604148623E-05   1   0 0  0 0  0 0  1 0
     8  -.2925985145075788E-05   1   0 0  0 0  0 0  0 1
     9  -.3065398666852912E-04   2   2 0  0 0  0 0  0 0
    10  -.4557708373573511E-05   2   1 1  0 0  0 0  0 0
    11  -.3746859014681293E-05   2   0 2  0 0  0 0  0 0
    12  0.2089136834615648E-04   2   1 0  1 0  0 0  0 0
    13  0.3472158206850018E-05   2   0 1  1 0  0 0  0 0
    14  0.3358831106160490E-04   2   0 0  2 0  0 0  0 0
    15  0.3355112289809698E-06   2   1 0  0 1  0 0  0 0
    16  0.2822349177516834E-07   2   0 1  0 1  0 0  0 0
    17  0.4601106582455414E-06   2   0 0  1 1  0 0  0 0
    18  -.1311138129191825E-05   2   0 0  0 2  0 0  0 0
    19  0.4613863128611789E-01   2   1 0  0 0  0 1  0 0
    20  -.1677722941528291       2   0 1  0 0  0 1  0 0
    21  0.2616879061880988E-05   2   0 0  1 0  0 1  0 0
    22  0.1174961753593575E-06   2   0 0  0 1  0 1  0 0
    23  0.4598454813910356E-01   2   1 0  0 0  0 0  1 0
    24  -.1672120069846948       2   0 1  0 0  0 0  1 0
    25  0.2608139813447067E-05   2   0 0  1 0  0 0  1 0
    26  0.1171037887636687E-06   2   0 0  0 1  0 0  1 0
    27  -.9212317942522143E-01   2   1 0  0 0  0 0  0 1
    28  -.2513418807323815E-02   2   0 1  0 0  0 0  0 1
    29  -.5225018875328031E-05   2   0 0  1 0  0 0  0 1
    30  -.1164851349077269E-06   2   0 0  0 1  0 0  0 1
    31  -.1085423148768647E-05   2   0 0  0 0  0 2  0 0
    32  -.7079290937628975E-06   2   0 0  0 0  0 1  1 0
    33  -.1080616214115784E-05   2   0 0  0 0  0 0  2 0
    34  0.1413337789585240E-05   2   0 0  0 0  0 1  0 1
    35  0.1408617850385827E-05   2   0 0  0 0  0 0  1 1
    36  0.5201472078883979E-07   2   0 0  0 0  0 0  0 2
    37  0.3101685119376238E-01   3   3 0  0 0  0 0  0 0
    38  -.1903711923953520       3   2 1  0 0  0 0  0 0
    39  -.1676294487005696       3   1 2  0 0  0 0  0 0
    40  0.1523462109598287       3   0 3  0 0  0 0  0 0
    41  0.4332765632695428E-05   3   2 0  1 0  0 0  0 0
    42  0.6605439164630445E-05   3   1 1  1 0  0 0  0 0
    43  -.7199454923974988E-05   3   0 2  1 0  0 0  0 0
    44  -.1939003184360024E-01   3   1 0  2 0  0 0  0 0
    45  -.2887231444010552       3   0 1  2 0  0 0  0 0
    46  -.2142474528121897E-05   3   0 0  3 0  0 0  0 0
    47  -.1221630682020096E-04   3   2 0  0 1  0 0  0 0
    48  -.3957786175848253E-05   3   1 1  0 1  0 0  0 0
    49  -.1010045516434991E-05   3   0 2  0 1  0 0  0 0
    50  -.1688642552504281E-01   3   1 0  1 1  0 0  0 0
    51  -.8854761173078256E-02   3   0 1  1 1  0 0  0 0
    52  -.1900943287587587E-04   3   0 0  2 1  0 0  0 0
    53  -.8783603176703578E-01   3   1 0  0 2  0 0  0 0
    54  0.1538933339038537       3   0 1  0 2  0 0  0 0
    55  -.8500241138768224E-05   3   0 0  1 2  0 0  0 0
    56  -.9588907740942155E-06   3   0 0  0 3  0 0  0 0
    57  0.1470751725608365E-04   3   2 0  0 0  0 1  0 0
    58  0.2952908634448381E-05   3   1 1  0 0  0 1  0 0
    59  0.5367106968322682E-05   3   0 2  0 0  0 1  0 0
    60  -.1080900344723082E-04   3   1 0  1 0  0 1  0 0
    61  -.3633678250707125E-05   3   0 1  1 0  0 1  0 0
    62  -.1735939862549946E-04   3   0 0  2 0  0 1  0 0
    63  -.4899746460800217E-06   3   1 0  0 1  0 1  0 0
    64  -.9389876802314271E-07   3   0 1  0 1  0 1  0 0
    65  -.7329866814006411E-06   3   0 0  1 1  0 1  0 0
    66  0.1869821707811893E-05   3   0 0  0 2  0 1  0 0
    67  0.1465840048602747E-04   3   2 0  0 0  0 0  1 0
    68  0.2943047192039567E-05   3   1 1  0 0  0 0  1 0
    69  0.5349183143774893E-05   3   0 2  0 0  0 0  1 0
    70  -.1077290603339792E-04   3   1 0  1 0  0 0  1 0
    71  -.3621543331128777E-05   3   0 1  1 0  0 0  1 0
    72  -.1730142571438489E-04   3   0 0  2 0  0 0  1 0
    73  -.4883383418956151E-06   3   1 0  0 1  0 0  1 0
    74  -.9358518659973706E-07   3   0 1  0 1  0 0  1 0
    75  -.7305388217349084E-06   3   0 0  1 1  0 0  1 0
    76  0.1863577309028214E-05   3   0 0  0 2  0 0  1 0
    77  -.2936591774211120E-04   3   2 0  0 0  0 0  0 1
    78  -.1338247452914542E-05   3   1 1  0 0  0 0  0 1
    79  -.3222572082864107E-05   3   0 2  0 0  0 0  0 1
    80  0.2158190948062874E-04   3   1 0  1 0  0 0  0 1
    81  0.3783063374693981E-05   3   0 1  1 0  0 0  0 1
    82  0.3466082433988543E-04   3   0 0  2 0  0 0  0 1
    83  0.6428017589945991E-06   3   1 0  0 1  0 0  0 1
    84  0.1310369710723220E-06   3   0 1  0 1  0 0  0 1
    85  0.1003414844889385E-05   3   0 0  1 1  0 0  0 1
    86  -.1111122758586234E-05   3   0 0  0 2  0 0  0 1
    87  -.3439040437276625E-01   3   1 0  0 0  0 2  0 0
    88  0.1250764605416522       3   0 1  0 0  0 2  0 0
    89  -.1959938244295403E-05   3   0 0  1 0  0 2  0 0
    90  -.1144455621622445E-06   3   0 0  0 1  0 2  0 0
    91  -.2272013313040577E-01   3   1 0  0 0  0 1  1 0
    92  0.8266393851242604E-01   3   0 1  0 0  0 1  1 0
    93  -.1308133293853767E-05   3   0 0  1 0  0 1  1 0
    94  -.1136865768213804E-06   3   0 0  0 1  0 1  1 0
    95  -.3423761751405355E-01   3   1 0  0 0  0 0  2 0
    96  0.1245207280927643       3   0 1  0 0  0 0  2 0
    97  -.1951208594358491E-05   3   0 0  1 0  0 0  2 0
    98  -.1138735312110193E-06   3   0 0  0 1  0 0  2 0
    99  0.4536231871890904E-01   3   1 0  0 0  0 1  0 1
   100  0.2727684661708671E-02   3   0 1  0 0  0 1  0 1
   101  0.2612634298524344E-05   3   0 0  1 0  0 1  0 1
   102  0.1164004876740608E-06   3   0 0  0 1  0 1  0 1
   103  0.4521082812135006E-01   3   1 0  0 0  0 0  1 1
   104  0.2718575370318409E-02   3   0 1  0 0  0 0  1 1
   105  0.2603909225771070E-05   3   0 0  1 0  0 0  1 1
   106  0.1160117602031526E-06   3   0 0  0 1  0 0  1 1
   107  0.7750140253612180E-03   3   1 0  0 0  0 0  0 2
   108  -.2097110149617851E-03   3   0 1  0 0  0 0  0 2
   109  0.3465392467928563E-08   3   0 0  1 0  0 0  0 2
   110  0.2185732907134490E-09   3   0 0  0 1  0 0  0 2
   111  0.8956665508087957E-06   3   0 0  0 0  0 3  0 0
   112  0.5167930884083347E-06   3   0 0  0 0  0 2  1 0
   113  0.5186760158978031E-06   3   0 0  0 0  0 1  2 0
   114  0.8903198057167684E-06   3   0 0  0 0  0 0  3 0
   115  -.1032943663258871E-05   3   0 0  0 0  0 2  0 1
   116  -.6550744794369204E-06   3   0 0  0 0  0 1  1 1
   117  -.1028400243292063E-05   3   0 0  0 0  0 0  2 1
   118  -.5285689916587084E-07   3   0 0  0 0  0 1  0 2
   119  -.5268037989907709E-07   3   0 0  0 0  0 0  1 2
   120  0.5026124685379718E-09   3   0 0  0 0  0 0  0 3
   121  -.2591492856243244E-04   4   4 0  0 0  0 0  0 0
   122  0.1933958510186631E-04   4   3 1  0 0  0 0  0 0
   123  -.1204229006143787E-04   4   2 2  0 0  0 0  0 0
   124  -.5825762156001885E-04   4   1 3  0 0  0 0  0 0
   125  0.6333547993534047E-04   4   0 4  0 0  0 0  0 0
   126  0.8489093128359639E-05   4   3 0  1 0  0 0  0 0
   127  -.5234786143940177E-05   4   2 1  1 0  0 0  0 0
   128  0.5735173504231770E-05   4   1 2  1 0  0 0  0 0
   129  -.7480668823888224E-05   4   0 3  1 0  0 0  0 0
   130  -.7430216286627836E-04   4   2 0  2 0  0 0  0 0
   131  0.1911610854430578E-05   4   1 1  2 0  0 0  0 0
   132  -.4382097685220543E-04   4   0 2  2 0  0 0  0 0
   133  0.2923065339740619E-04   4   1 0  3 0  0 0  0 0
   134  -.7017160762827955E-05   4   0 1  3 0  0 0  0 0
   135  0.6887010300271272E-09   4   0 0  4 0  0 0  0 0
   136  0.7867401990005656E-05   4   3 0  0 1  0 0  0 0
   137  -.1175026098129135E-04   4   2 1  0 1  0 0  0 0
   138  0.1231261281413890E-04   4   1 2  0 1  0 0  0 0
   139  -.1643999342920768E-04   4   0 3  0 1  0 0  0 0
   140  -.6599251125944484E-04   4   2 0  1 1  0 0  0 0
   141  0.9340297454761588E-04   4   1 1  1 1  0 0  0 0
   142  0.1741900769226038E-04   4   0 2  1 1  0 0  0 0
   143  0.4126915688314328E-04   4   1 0  2 1  0 0  0 0
   144  -.5455809122594909E-04   4   0 1  2 1  0 0  0 0
   145  0.1407285906099764E-08   4   0 0  3 1  0 0  0 0
   146  -.6657035530837377E-04   4   2 0  0 2  0 0  0 0
   147  -.5704979942278539E-04   4   1 1  0 2  0 0  0 0
   148  0.8054055072119746E-04   4   0 2  0 2  0 0  0 0
   149  0.3539876969505883E-04   4   1 0  1 2  0 0  0 0
   150  -.1730350463127305E-04   4   0 1  1 2  0 0  0 0
   151  -.1713267830976023E-04   4   0 0  2 2  0 0  0 0
   152  0.1413991185387993E-04   4   1 0  0 3  0 0  0 0
   153  -.1743562532701024E-04   4   0 1  0 3  0 0  0 0
   154  -.5247733752655622E-06   4   0 0  1 3  0 0  0 0
   155  0.1413925683176371E-04   4   0 0  0 4  0 0  0 0
   156  -.2530619293151264E-01   4   3 0  0 0  0 1  0 0
   157  0.1515830396285687       4   2 1  0 0  0 1  0 0
   158  0.2423095139702462       4   1 2  0 0  0 1  0 0
   159  -.2203399371867658       4   0 3  0 0  0 1  0 0
   160  -.3795127449935012E-05   4   2 0  1 0  0 1  0 0
   161  -.9747483542973879E-05   4   1 1  1 0  0 1  0 0
   162  0.1050452209852611E-04   4   0 2  1 0  0 1  0 0
   163  0.1802250650629464E-01   4   1 0  2 0  0 1  0 0
   164  0.2961828349597225       4   0 1  2 0  0 1  0 0
   165  0.2315738466133297E-05   4   0 0  3 0  0 1  0 0
   166  0.1080155237604379E-04   4   2 0  0 1  0 1  0 0
   167  0.5326312745590186E-05   4   1 1  0 1  0 1  0 0
   168  0.2002229226291081E-05   4   0 2  0 1  0 1  0 0
   169  0.2379545519825896E-01   4   1 0  1 1  0 1  0 0
   170  0.1762601662456534E-01   4   0 1  1 1  0 1  0 0
   171  0.2093091869478000E-04   4   0 0  2 1  0 1  0 0
   172  0.1290201319993933       4   1 0  0 2  0 1  0 0
   173  -.2231837209815347       4   0 1  0 2  0 1  0 0
   174  0.1310357142935474E-04   4   0 0  1 2  0 1  0 0
   175  0.1927693303788274E-05   4   0 0  0 3  0 1  0 0
   176  -.2522168115174955E-01   4   3 0  0 0  0 0  1 0
   177  0.1510768175944743       4   2 1  0 0  0 0  1 0
   178  0.2415003046065678       4   1 2  0 0  0 0  1 0
   179  -.2196040967426882       4   0 3  0 0  0 0  1 0
   180  -.3782453359601185E-05   4   2 0  1 0  0 0  1 0
   181  -.9714931148203592E-05   4   1 1  1 0  0 0  1 0
   182  0.1046944152119404E-04   4   0 2  1 0  0 0  1 0
   183  0.1796231910059921E-01   4   1 0  2 0  0 0  1 0
   184  0.2951937119183555       4   0 1  2 0  0 0  1 0
   185  0.2308004897527463E-05   4   0 0  3 0  0 0  1 0
   186  0.1076547984557779E-04   4   2 0  0 1  0 0  1 0
   187  0.5308525156167731E-05   4   1 1  0 1  0 0  1 0
   188  0.1995542643450979E-05   4   0 2  0 1  0 0  1 0
   189  0.2371598863152655E-01   4   1 0  1 1  0 0  1 0
   190  0.1756715332422469E-01   4   0 1  1 1  0 0  1 0
   191  0.2086101844563577E-04   4   0 0  2 1  0 0  1 0
   192  0.1285892603542569       4   1 0  0 2  0 0  1 0
   193  -.2224383835249923       4   0 1  0 2  0 0  1 0
   194  0.1305981114721228E-04   4   0 0  1 2  0 0  1 0
   195  0.1921255638812595E-05   4   0 0  0 3  0 0  1 0
   196  0.5052787408326316E-01   4   3 0  0 0  0 0  0 1
   197  -.1122886648276897       4   2 1  0 0  0 0  0 1
   198  -.1485509211756737       4   1 2  0 0  0 0  0 1
   199  -.1709459895003449E-01   4   0 3  0 0  0 0  0 1
   200  0.7577580809536203E-05   4   2 0  1 0  0 0  0 1
   201  0.1285697552654758E-04   4   1 1  1 0  0 0  0 1
   202  -.6575053771770321E-05   4   0 2  1 0  0 0  0 1
   203  -.3598482560689286E-01   4   1 0  2 0  0 0  0 1
   204  -.3026534024770318       4   0 1  2 0  0 0  0 1
   205  -.4623743363656395E-05   4   0 0  3 0  0 0  0 1
   206  -.9350725401420566E-05   4   2 0  0 1  0 0  0 1
   207  -.2719265550061418E-05   4   1 1  0 1  0 0  0 1
   208  -.9676353204370564E-06   4   0 2  0 1  0 0  0 1
   209  -.3062501830474226E-01   4   1 0  1 1  0 0  0 1
   210  -.1748364760262813E-01   4   0 1  1 1  0 0  0 1
   211  -.2278250426452962E-04   4   0 0  2 1  0 0  0 1
   212  -.8193732881957942E-01   4   1 0  0 2  0 0  0 1
   213  -.1605789720503637E-01   4   0 1  0 2  0 0  0 1
   214  -.9162900299019895E-05   4   0 0  1 2  0 0  0 1
   215  -.9722766203162733E-06   4   0 0  0 3  0 0  0 1
   216  -.2780480896462661E-04   4   2 0  0 0  0 2  0 0
   217  -.6284037022661613E-04   4   1 1  0 0  0 2  0 0
   218  0.9890729365256747E-04   4   0 2  0 0  0 2  0 0
   219  0.8899318266047198E-05   4   1 0  1 0  0 2  0 0
   220  -.2519031106626556E-05   4   0 1  1 0  0 2  0 0
   221  -.2187321438098308E-04   4   0 0  2 0  0 2  0 0
   222  0.1186710619865792E-04   4   1 0  0 1  0 2  0 0
   223  -.2001356910298466E-04   4   0 1  0 1  0 2  0 0
   224  -.1177640326310078E-05   4   0 0  1 1  0 2  0 0
   225  0.3546894233259770E-04   4   0 0  0 2  0 2  0 0
   226  -.2030515856311873E-04   4   2 0  0 0  0 1  1 0
   227  -.7573604102032914E-04   4   1 1  0 0  0 1  1 0
   228  0.1161326769818404E-03   4   0 2  0 0  0 1  1 0
   229  0.6564669343690064E-05   4   1 0  1 0  0 1  1 0
   230  -.2209175008559862E-05   4   0 1  1 0  0 1  1 0
   231  -.2655395193126766E-04   4   0 0  2 0  0 1  1 0
   232  0.1405713135842317E-04   4   1 0  0 1  0 1  1 0
   233  -.2352523213065656E-04   4   0 1  0 1  0 1  1 0
   234  -.1825316023505810E-05   4   0 0  1 1  0 1  1 0
   235  0.4176128809968943E-04   4   0 0  0 2  0 1  1 0
   236  -.2767804764400676E-04   4   2 0  0 0  0 0  2 0
   237  -.6250404759755419E-04   4   1 1  0 0  0 0  2 0
   238  0.9838306936232016E-04   4   0 2  0 0  0 0  2 0
   239  0.8858636794399811E-05   4   1 0  1 0  0 0  2 0
   240  -.2506929781910175E-05   4   0 1  1 0  0 0  2 0
   241  -.2175582789170527E-04   4   0 0  2 0  0 0  2 0
   242  0.1180400279687226E-04   4   1 0  0 1  0 0  2 0
   243  -.1990745033711845E-04   4   0 1  0 1  0 0  2 0
   244  -.1170659630586311E-05   4   0 0  1 1  0 0  2 0
   245  0.3528075899553861E-04   4   0 0  0 2  0 0  2 0
   246  0.2257044316367964E-04   4   2 0  0 0  0 1  0 1
   247  0.4418637348747622E-04   4   1 1  0 0  0 1  0 1
   248  0.9199735093652139E-05   4   0 2  0 0  0 1  0 1
   249  -.1224046067934729E-04   4   1 0  1 0  0 1  0 1
   250  0.2228892821669835E-05   4   0 1  1 0  0 1  0 1
   251  0.1798865063056053E-04   4   0 0  2 0  0 1  0 1
   252  -.9009812416411804E-05   4   1 0  0 1  0 1  0 1
   253  -.2242653563665761E-05   4   0 1  0 1  0 1  0 1
   254  0.1038452894183193E-05   4   0 0  1 1  0 1  0 1
   255  0.1190896122707022E-05   4   0 0  0 2  0 1  0 1
   256  0.2249506760928572E-04   4   2 0  0 0  0 0  1 1
   257  0.4403881004026684E-04   4   1 1  0 0  0 0  1 1
   258  0.9169011942674011E-05   4   0 2  0 0  0 0  1 1
   259  -.1219958281518443E-04   4   1 0  1 0  0 0  1 1
   260  0.2221449280092205E-05   4   0 1  1 0  0 0  1 1
   261  0.1792857628889854E-04   4   0 0  2 0  0 0  1 1
   262  -.8979723525336613E-05   4   1 0  0 1  0 0  1 1
   263  -.2235164067139220E-05   4   0 1  0 1  0 0  1 1
   264  0.1034984908993738E-05   4   0 0  1 1  0 0  1 1
   265  0.1186919042823233E-05   4   0 0  0 2  0 0  1 1
   266  0.8129242437067867E-05   4   2 0  0 0  0 0  0 2
   267  0.2256207898921340E-05   4   1 1  0 0  0 0  0 2
   268  0.2350134270009752E-07   4   0 2  0 0  0 0  0 2
   269  0.7371229848396453E-06   4   1 0  1 0  0 0  0 2
   270  0.2964336367891882E-06   4   0 1  1 0  0 0  0 2
   271  0.1112168297422531E-09   4   0 0  2 0  0 0  0 2
   272  -.2902147335222216E-06   4   1 0  0 1  0 0  0 2
   273  0.3139262405816850E-08   4   0 1  0 1  0 0  0 2
   274  0.2092227399107504E-10   4   0 0  1 1  0 0  0 2
   275  -.1244427296432241E-07   4   0 0  0 2  0 0  0 2
   276  0.2852357063936900E-01   4   1 0  0 0  0 3  0 0
   277  -.1037376321178261       4   0 1  0 0  0 3  0 0
   278  0.1632600673822889E-05   4   0 0  1 0  0 3  0 0
   279  0.1164669975223941E-06   4   0 0  0 1  0 3  0 0
   280  0.1680970464856907E-01   4   1 0  0 0  0 2  1 0
   281  -.6113211263023989E-01   4   0 1  0 0  0 2  1 0
   282  0.9786695364049286E-06   4   0 0  1 0  0 2  1 0
   283  0.1183779433535312E-06   4   0 0  0 1  0 2  1 0
   284  0.1686790637262537E-01   4   1 0  0 0  0 1  2 0
   285  -.6134380330890260E-01   4   0 1  0 0  0 1  2 0
   286  0.9819179968242545E-06   4   0 0  1 0  0 1  2 0
   287  0.1183664223640276E-06   4   0 0  0 1  0 1  2 0
   288  0.2835271167010959E-01   4   1 0  0 0  0 0  3 0
   289  -.1031162390025369       4   0 1  0 0  0 0  3 0
   290  0.1622793720254974E-05   4   0 0  1 0  0 0  3 0
   291  0.1156865697712797E-06   4   0 0  0 1  0 0  3 0
   292  -.3359959831599928E-01   4   1 0  0 0  0 2  0 1
   293  -.2884414184327749E-02   4   0 1  0 0  0 2  0 1
   294  -.1955949391011969E-05   4   0 0  1 0  0 2  0 1
   295  -.1161274069714306E-06   4   0 0  0 1  0 2  0 1
   296  -.2191493683477525E-01   4   1 0  0 0  0 1  1 1
   297  -.3040066467699651E-02   4   0 1  0 0  0 1  1 1
   298  -.1303621434962120E-05   4   0 0  1 0  0 1  1 1
   299  -.1158548520947506E-06   4   0 0  0 1  0 1  1 1
   300  -.3345079691308302E-01   4   1 0  0 0  0 0  2 1
   301  -.2869705227860477E-02   4   0 1  0 0  0 0  2 1
   302  -.1947240596055594E-05   4   0 0  1 0  0 0  2 1
   303  -.1155461388643865E-06   4   0 0  0 1  0 0  2 1
   304  -.8052548207995677E-03   4   1 0  0 0  0 1  0 2
   305  0.3129198681941492E-03   4   0 1  0 0  0 1  0 2
   306  -.5211491910175532E-08   4   0 0  1 0  0 1  0 2
   307  -.4426842483500316E-09   4   0 0  0 1  0 1  0 2
   308  -.8025656166881969E-03   4   1 0  0 0  0 0  1 2
   309  0.3118748506738495E-03   4   0 1  0 0  0 0  1 2
   310  -.5194087772694971E-08   4   0 0  1 0  0 0  1 2
   311  -.4412058736512418E-09   4   0 0  0 1  0 0  1 2
   312  0.1926412892190327E-04   4   1 0  0 0  0 0  0 3
   313  0.1446108672484885E-05   4   0 1  0 0  0 0  0 3
   314  0.1158264916037704E-08   4   0 0  1 0  0 0  0 3
   315  0.7605674997119716E-10   4   0 0  0 1  0 0  0 3
   316  0.1082050485638173E-04   4   0 0  0 0  0 4  0 0
   317  0.6042873063657377E-05   4   0 0  0 0  0 3  1 0
   318  0.5407401115765253E-05   4   0 0  0 0  0 2  2 0
   319  0.6076630675674357E-05   4   0 0  0 0  0 1  3 0
   320  0.1073825225588789E-04   4   0 0  0 0  0 0  4 0
   321  0.2303910861375155E-06   4   0 0  0 0  0 3  0 1
   322  0.2924376654060335E-06   4   0 0  0 0  0 2  1 1
   323  0.2921229979168949E-06   4   0 0  0 0  0 1  2 1
   324  0.2287503028458408E-06   4   0 0  0 0  0 0  3 1
   325  -.2170083963211610E-07   4   0 0  0 0  0 2  0 2
   326  -.3087453132180401E-07   4   0 0  0 0  0 1  1 2
   327  -.2157681436352220E-07   4   0 0  0 0  0 0  2 2
   328  -.8595560351934662E-10   4   0 0  0 0  0 1  0 3
   329  -.8566854884250432E-10   4   0 0  0 0  0 0  1 3
   ----------------------------------------------------
     I  COEFFICIENT            ORDER EXPONENTS
     1  -.7345158886512267E-05   0   0 0  0 0  0 0  0 0
     2  -.5248351800778239       1   1 0  0 0  0 0  0 0
     3  0.9071214610981300       1   0 1  0 0  0 0  0 0
     4  -.3079832654192142E-04   1   0 0  1 0  0 0  0 0
     5  -.5231351833712071E-05   1   0 0  0 1  0 0  0 0
     6  -.4053045005748655E-06   1   0 0  0 0  0 1  0 0
     7  -.4039509581916685E-06   1   0 0  0 0  0 0  1 0
     8  -.6535903427745781E-05   1   0 0  0 0  0 0  0 1
     9  -.1424133030435225E-04   2   2 0  0 0  0 0  0 0
    10  0.5334788921888149E-04   2   1 1  0 0  0 0  0 0
    11  0.1437081139925350E-04   2   0 2  0 0  0 0  0 0
    12  0.2505329664846152E-05   2   1 0  1 0  0 0  0 0
    13  -.2196819851255202E-04   2   0 1  1 0  0 0  0 0
    14  -.3633745409831981E-04   2   0 0  2 0  0 0  0 0
    15  -.1568360831998236E-04   2   1 0  0 1  0 0  0 0
    16  -.6187049840330819E-05   2   0 1  0 1  0 0  0 0
    17  -.7463664871123293E-04   2   0 0  1 1  0 0  0 0
    18  -.1463089261752449E-04   2   0 0  0 2  0 0  0 0
    19  -.1287750193406654E-01   2   1 0  0 0  0 1  0 0
    20  0.4613862060498301E-01   2   0 1  0 0  0 1  0 0
    21  0.2523214710712566E-07   2   0 0  1 0  0 1  0 0
    22  0.2616638133436782E-05   2   0 0  0 1  0 1  0 0
    23  -.1283449662661868E-01   2   1 0  0 0  0 0  1 0
    24  0.4598453749363903E-01   2   0 1  0 0  0 0  1 0
    25  0.2514788260852518E-07   2   0 0  1 0  0 0  1 0
    26  0.2607899689600057E-05   2   0 0  0 1  0 0  1 0
    27  -.4991231815171391       2   1 0  0 0  0 0  0 1
    28  -.9212315809862169E-01   2   0 1  0 0  0 0  0 1
    29  -.3084870657163712E-04   2   0 0  1 0  0 0  0 1
    30  -.5224537823036814E-05   2   0 0  0 1  0 0  0 1
    31  0.2995914579946187E-06   2   0 0  0 0  0 2  0 0
    32  0.1945801086079890E-06   2   0 0  0 0  0 1  1 0
    33  0.2982660447331178E-06   2   0 0  0 0  0 0  2 0
    34  -.7937633280762467E-06   2   0 0  0 0  0 1  0 1
    35  -.7911125005990291E-06   2   0 0  0 0  0 0  1 1
    36  0.7924380551317274E-06   2   0 0  0 0  0 0  0 2
    37  -.1504811811930989       3   3 0  0 0  0 0  0 0
    38  -.1508680601591907       3   2 1  0 0  0 0  0 0
    39  0.2312259599991996       3   1 2  0 0  0 0  0 0
    40  -.3590646254008370E-02   3   0 3  0 0  0 0  0 0
    41  0.3647903380282360E-04   3   2 0  1 0  0 0  0 0
    42  0.1323991288728491E-04   3   1 1  1 0  0 0  0 0
    43  0.1522367073270898E-05   3   0 2  1 0  0 0  0 0
    44  -.6136686658611460       3   1 0  2 0  0 0  0 0
    45  -.4188019207350933E-01   3   0 1  2 0  0 0  0 0
    46  -.1041476348903062E-04   3   0 0  3 0  0 0  0 0
    47  0.5177273265561531E-05   3   2 0  0 1  0 0  0 0
    48  0.3338804965297709E-04   3   1 1  0 1  0 0  0 0
    49  0.2946477641748559E-05   3   0 2  0 1  0 0  0 0
    50  -.3334804044515596       3   1 0  1 1  0 0  0 0
    51  -.1020629722711172       3   0 1  1 1  0 0  0 0
    52  -.4918916619914112E-05   3   0 0  2 1  0 0  0 0
    53  -.2685913896171856       3   1 0  0 2  0 0  0 0
    54  -.1011327278306968       3   0 1  0 2  0 0  0 0
    55  -.1197875229225995E-05   3   0 0  1 2  0 0  0 0
    56  -.2715715077535864E-05   3   0 0  0 3  0 0  0 0
    57  0.5618625064809465E-05   3   2 0  0 0  0 1  0 0
    58  -.2120523625852256E-04   3   1 1  0 0  0 1  0 0
    59  -.1402163620904560E-04   3   0 2  0 0  0 1  0 0
    60  -.1954457324719803E-05   3   1 0  1 0  0 1  0 0
    61  0.1172638046633832E-04   3   0 1  1 0  0 1  0 0
    62  0.1853893877200245E-04   3   0 0  2 0  0 1  0 0
    63  0.5618148383542518E-05   3   1 0  0 1  0 1  0 0
    64  0.5832567258389741E-05   3   0 1  0 1  0 1  0 0
    65  0.4171333229253455E-04   3   0 0  1 1  0 1  0 0
    66  0.1434525287560026E-04   3   0 0  0 2  0 1  0 0
    67  0.5599861278200559E-05   3   2 0  0 0  0 0  1 0
    68  -.2113441990691314E-04   3   1 1  0 0  0 0  1 0
    69  -.1397480998613573E-04   3   0 2  0 0  0 0  1 0
    70  -.1947930279445693E-05   3   1 0  1 0  0 0  1 0
    71  0.1168721940856563E-04   3   0 1  1 0  0 0  1 0
    72  0.1847702670507131E-04   3   0 0  2 0  0 0  1 0
    73  0.5599386188843890E-05   3   1 0  0 1  0 0  1 0
    74  0.5813088997043817E-05   3   0 1  0 1  0 0  1 0
    75  0.4157402773726473E-04   3   0 0  1 1  0 0  1 0
    76  0.1429734591247229E-04   3   0 0  0 2  0 0  1 0
    77  -.2545981664736181E-04   3   2 0  0 0  0 0  0 1
    78  0.4233965616543383E-04   3   1 1  0 0  0 0  0 1
    79  0.1362563479592876E-04   3   0 2  0 0  0 0  0 1
    80  0.6407717269011549E-05   3   1 0  1 0  0 0  0 1
    81  -.2341359987490362E-04   3   0 1  1 0  0 0  0 1
    82  -.7335341957539477E-04   3   0 0  2 0  0 0  0 1
    83  -.1121753457238559E-04   3   1 0  0 1  0 0  0 1
    84  -.5458606415102927E-05   3   0 1  0 1  0 0  0 1
    85  -.8328736002980137E-04   3   0 0  1 1  0 0  0 1
    86  -.1401170617054751E-04   3   0 0  0 2  0 0  0 1
    87  0.9541609088589219E-02   3   1 0  0 0  0 2  0 0
    88  -.3439039776131424E-01   3   0 1  0 0  0 2  0 0
    89  -.2576387686768940E-07   3   0 0  1 0  0 2  0 0
    90  -.1961395295469836E-05   3   0 0  0 1  0 2  0 0
    91  0.6227857165445838E-02   3   1 0  0 0  0 1  1 0
    92  -.2272013071091838E-01   3   0 1  0 0  0 1  1 0
    93  -.2591327920572163E-07   3   0 0  1 0  0 1  1 0
    94  -.1309912516328285E-05   3   0 0  0 1  0 1  1 0
    95  0.9499345046133050E-02   3   1 0  0 0  0 0  2 0
    96  -.3423761092872102E-01   3   0 1  0 0  0 0  2 0
    97  -.2563456704445191E-07   3   0 0  1 0  0 0  2 0
    98  -.1952657808693285E-05   3   0 0  0 1  0 0  2 0
    99  -.2531108189477564E-01   3   1 0  0 0  0 1  0 1
   100  0.4536231071172634E-01   3   0 1  0 0  0 1  0 1
   101  0.7665720255514488E-07   3   0 0  1 0  0 1  0 1
   102  0.2613665424316494E-05   3   0 0  0 1  0 1  0 1
   103  -.2522655378798131E-01   3   1 0  0 0  0 0  1 1
   104  0.4521082014090819E-01   3   0 1  0 0  0 0  1 1
   105  0.7640120053097852E-07   3   0 0  1 0  0 0  1 1
   106  0.2604936908047407E-05   3   0 0  0 1  0 0  1 1
   107  0.2526882148661419E-01   3   1 0  0 0  0 0  0 2
   108  0.7750112872116666E-03   3   0 1  0 0  0 0  0 2
   109  -.7619066730963875E-07   3   0 0  1 0  0 0  0 2
   110  0.3558267021870050E-08   3   0 0  0 1  0 0  0 2
   111  -.2467165952297031E-06   3   0 0  0 0  0 3  0 0
   112  -.1411457637078331E-06   3   0 0  0 0  0 2  1 0
   113  -.1416704779602490E-06   3   0 0  0 0  0 1  2 0
   114  -.2452458131806768E-06   3   0 0  0 0  0 0  3 0
   115  0.5817037451404104E-06   3   0 0  0 0  0 2  0 1
   116  0.3710516847640648E-06   3   0 0  0 0  0 1  1 1
   117  0.5791415288845774E-06   3   0 0  0 0  0 0  2 1
   118  -.3703477737658648E-06   3   0 0  0 0  0 1  0 2
   119  -.3691109717871000E-06   3   0 0  0 0  0 0  1 2
   120  -.1765976985960986E-07   3   0 0  0 0  0 0  0 3
   121  -.1049897697548639E-04   4   4 0  0 0  0 0  0 0
   122  0.6816384271653365E-04   4   3 1  0 0  0 0  0 0
   123  0.3732768805196519E-04   4   2 2  0 0  0 0  0 0
   124  0.2927388981229965E-04   4   1 3  0 0  0 0  0 0
   125  0.3159463613147186E-05   4   0 4  0 0  0 0  0 0
   126  -.9170314850736099E-09   4   3 0  1 0  0 0  0 0
   127  -.1656021247017231E-04   4   2 1  1 0  0 0  0 0
   128  -.4950091182065038E-05   4   1 2  1 0  0 0  0 0
   129  0.7290285085838040E-06   4   0 3  1 0  0 0  0 0
   130  -.4574517773842325E-05   4   2 0  2 0  0 0  0 0
   131  0.1703360524850470E-03   4   1 1  2 0  0 0  0 0
   132  -.2525998433050572E-04   4   0 2  2 0  0 0  0 0
   133  -.1914444755515157E-08   4   1 0  3 0  0 0  0 0
   134  -.2249031293998025E-04   4   0 1  3 0  0 0  0 0
   135  0.1485053044529012E-04   4   0 0  4 0  0 0  0 0
   136  -.4982448184091693E-08   4   3 0  0 1  0 0  0 0
   137  -.4058238347597316E-08   4   2 1  0 1  0 0  0 0
   138  0.9841796358120446E-05   4   1 2  0 1  0 0  0 0
   139  0.3707627213707883E-05   4   0 3  0 1  0 0  0 0
   140  0.1836222570322548E-03   4   2 0  1 1  0 0  0 0
   141  0.1678111738293511E-03   4   1 1  1 1  0 0  0 0
   142  -.6806118424546826E-04   4   0 2  1 1  0 0  0 0
   143  -.4497842566143210E-04   4   1 0  2 1  0 0  0 0
   144  -.1529135400951654E-04   4   0 1  2 1  0 0  0 0
   145  0.3237496616873617E-04   4   0 0  3 1  0 0  0 0
   146  0.4482125981765051E-05   4   2 0  0 2  0 0  0 0
   147  0.1711972023366873E-03   4   1 1  0 2  0 0  0 0
   148  -.9241174086427682E-05   4   0 2  0 2  0 0  0 0
   149  -.6108264163682145E-05   4   1 0  1 2  0 0  0 0
   150  -.2133408584457779E-04   4   0 1  1 2  0 0  0 0
   151  0.1026410450931122E-04   4   0 0  2 2  0 0  0 0
   152  0.9850314094583935E-05   4   1 0  0 3  0 0  0 0
   153  0.3707729113121251E-05   4   0 1  0 3  0 0  0 0
   154  -.8168837347294388E-05   4   0 0  1 3  0 0  0 0
   155  -.1330974674080757E-04   4   0 0  0 4  0 0  0 0
   156  0.5653968730586980E-01   4   3 0  0 0  0 1  0 0
   157  0.1404618820273890       4   2 1  0 0  0 1  0 0
   158  -.2113125185325791       4   1 2  0 0  0 1  0 0
   159  0.7113041303777322E-02   4   0 3  0 0  0 1  0 0
   160  -.2018827750203505E-04   4   2 0  1 0  0 1  0 0
   161  -.1437676611162795E-04   4   1 1  1 0  0 1  0 0
   162  -.2421736491081718E-05   4   0 2  1 0  0 1  0 0
   163  0.3252481927500296       4   1 0  2 0  0 1  0 0
   164  0.5233712518718796E-01   4   0 1  2 0  0 1  0 0
   165  0.4969536503683595E-05   4   0 0  3 0  0 1  0 0
   166  -.5022478067082066E-05   4   2 0  0 1  0 1  0 0
   167  -.3480080611150186E-04   4   1 1  0 1  0 1  0 0
   168  -.4598596542238933E-05   4   0 2  0 1  0 1  0 0
   169  0.3266711131053606       4   1 0  1 1  0 1  0 0
   170  0.1553987559895837       4   0 1  1 1  0 1  0 0
   171  0.4629613732010781E-05   4   0 0  2 1  0 1  0 0
   172  0.2646606494172378       4   1 0  0 2  0 1  0 0
   173  0.1556784846393738       4   0 1  0 2  0 1  0 0
   174  0.1771309695058744E-05   4   0 0  1 2  0 1  0 0
   175  0.4127398913700564E-05   4   0 0  0 3  0 1  0 0
   176  0.5635086911364412E-01   4   3 0  0 0  0 0  1 0
   177  0.1399927998674946       4   2 1  0 0  0 0  1 0
   178  -.2106068257768274       4   1 2  0 0  0 0  1 0
   179  0.7089286810886317E-02   4   0 3  0 0  0 0  1 0
   180  -.2012085735445811E-04   4   2 0  1 0  0 0  1 0
   181  -.1432875390787106E-04   4   1 1  1 0  0 0  1 0
   182  -.2413648934745841E-05   4   0 2  1 0  0 0  1 0
   183  0.3241620039381277       4   1 0  2 0  0 0  1 0
   184  0.5216234174152345E-01   4   0 1  2 0  0 0  1 0
   185  0.4952940393173859E-05   4   0 0  3 0  0 0  1 0
   186  -.5005705154561325E-05   4   2 0  0 1  0 0  1 0
   187  -.3468458641501737E-04   4   1 1  0 1  0 0  1 0
   188  -.4583239211357564E-05   4   0 2  0 1  0 0  1 0
   189  0.3255801723526128       4   1 0  1 1  0 0  1 0
   190  0.1548797911070620       4   0 1  1 1  0 0  1 0
   191  0.4614152817088122E-05   4   0 0  2 1  0 0  1 0
   192  0.2637767968924404       4   1 0  0 2  0 0  1 0
   193  0.1551585855837046       4   0 1  0 2  0 0  1 0
   194  0.1765394283952192E-05   4   0 0  1 2  0 0  1 0
   195  0.4113615179857504E-05   4   0 0  0 3  0 0  1 0
   196  -.2633717376126146       4   3 0  0 0  0 0  0 1
   197  -.2804546818948891       4   2 1  0 0  0 0  0 1
   198  0.1906933843102139       4   1 2  0 0  0 0  0 1
   199  -.7021035606648530E-02   4   0 3  0 0  0 0  0 1
   200  0.7678816865931595E-04   4   2 0  1 0  0 0  0 1
   201  0.2870552001949797E-04   4   1 1  1 0  0 0  0 1
   202  0.3313018352556278E-05   4   0 2  1 0  0 0  0 1
   203  -1.263078862549290       4   1 0  2 0  0 0  0 1
   204  -.1044994669286977       4   0 1  2 0  0 0  0 1
   205  -.2033724038588289E-04   4   0 0  3 0  0 0  0 1
   206  0.1002818322164312E-04   4   2 0  0 1  0 0  0 1
   207  0.3609734287354136E-04   4   1 1  0 1  0 0  0 1
   208  0.3288880470099174E-05   4   0 2  0 1  0 0  0 1
   209  -.6522512854579676       4   1 0  1 1  0 0  0 1
   210  -.2082155748255099       4   0 1  1 1  0 0  0 1
   211  -.9243766549085627E-05   4   0 0  2 1  0 0  0 1
   212  -.2598460566924801       4   1 0  0 2  0 0  0 1
   213  -.1085716145616848       4   0 1  0 2  0 0  0 1
   214  -.2338828749773531E-05   4   0 0  1 2  0 0  0 1
   215  -.2809583938483704E-05   4   0 0  0 3  0 0  0 1
   216  -.1573021403562809E-04   4   2 0  0 0  0 2  0 0
   217  0.6942444844167751E-04   4   1 1  0 0  0 2  0 0
   218  0.3101055313696753E-05   4   0 2  0 0  0 2  0 0
   219  0.7520549890444025E-05   4   1 0  1 0  0 2  0 0
   220  -.3315161264412823E-05   4   0 1  1 0  0 2  0 0
   221  -.1237670101707335E-04   4   0 0  2 0  0 2  0 0
   222  0.1217476655032129E-04   4   1 0  0 1  0 2  0 0
   223  0.6640916627426997E-05   4   0 1  0 1  0 2  0 0
   224  -.4535613057120897E-04   4   0 0  1 1  0 2  0 0
   225  -.2851077924864742E-04   4   0 0  0 2  0 2  0 0
   226  -.1511220434924866E-04   4   2 0  0 0  0 1  1 0
   227  0.5773189491612325E-04   4   1 1  0 0  0 1  1 0
   228  0.2115780451625757E-05   4   0 2  0 0  0 1  1 0
   229  0.8909142573295193E-05   4   1 0  1 0  0 1  1 0
   230  0.6298685379297386E-06   4   0 1  1 0  0 1  1 0
   231  -.1139321643445963E-04   4   0 0  2 0  0 1  1 0
   232  0.1446747165607832E-04   4   1 0  0 1  0 1  1 0
   233  0.9547743475091155E-05   4   0 1  0 1  0 1  1 0
   234  -.4201139142753345E-04   4   0 0  1 1  0 1  1 0
   235  -.3343031059163487E-04   4   0 0  0 2  0 1  1 0
   236  -.1565244777373372E-04   4   2 0  0 0  0 0  2 0
   237  0.6909620087343931E-04   4   1 1  0 0  0 0  2 0
   238  0.3087166227715464E-05   4   0 2  0 0  0 0  2 0
   239  0.7480558145881778E-05   4   1 0  1 0  0 0  2 0
   240  -.3305141799068313E-05   4   0 1  1 0  0 0  2 0
   241  -.1231634395215507E-04   4   0 0  2 0  0 0  2 0
   242  0.1210995051564649E-04   4   1 0  0 1  0 0  2 0
   243  0.6602796153005783E-05   4   0 1  0 1  0 0  2 0
   244  -.4513451066722451E-04   4   0 0  1 1  0 0  2 0
   245  -.2835974411546273E-04   4   0 0  0 2  0 0  2 0
   246  0.2990209554937006E-04   4   2 0  0 0  0 1  0 1
   247  -.6522920352640371E-04   4   1 1  0 0  0 1  0 1
   248  -.2664819278561350E-05   4   0 2  0 0  0 1  0 1
   249  -.1197541417992357E-04   4   1 0  1 0  0 1  0 1
   250  0.4410054914342313E-05   4   0 1  1 0  0 1  0 1
   251  0.2993529232283702E-04   4   0 0  2 0  0 1  0 1
   252  -.9545701780596040E-05   4   1 0  0 1  0 1  0 1
   253  -.3987650993051816E-05   4   0 1  0 1  0 1  0 1
   254  0.6555787177501182E-04   4   0 0  1 1  0 1  0 1
   255  0.2486021885541697E-04   4   0 0  0 2  0 1  0 1
   256  0.2980223543527174E-04   4   2 0  0 0  0 0  1 1
   257  -.6501136609437716E-04   4   1 1  0 0  0 0  1 1
   258  -.2655919930461505E-05   4   0 2  0 0  0 0  1 1
   259  -.1193542145685816E-04   4   1 0  1 0  0 0  1 1
   260  0.4395327231254064E-05   4   0 1  1 0  0 0  1 1
   261  0.2983532134582057E-04   4   0 0  2 0  0 0  1 1
   262  -.9513823249963139E-05   4   1 0  0 1  0 0  1 1
   263  -.3974333957043657E-05   4   0 1  0 1  0 0  1 1
   264  0.6533893673266187E-04   4   0 0  1 1  0 0  1 1
   265  0.2477719643689481E-04   4   0 0  0 2  0 0  1 1
   266  -.1320946500642011E-04   4   2 0  0 0  0 0  0 2
   267  -.1112829620472765E-04   4   1 1  0 0  0 0  0 2
   268  -.5410617332303273E-06   4   0 2  0 0  0 0  0 2
   269  0.5850274518655888E-09   4   1 0  1 0  0 0  0 2
   270  0.9262170058888941E-06   4   0 1  1 0  0 0  0 2
   271  -.2368435202579725E-04   4   0 0  2 0  0 0  0 2
   272  0.7548606845670674E-10   4   1 0  0 1  0 0  0 2
   273  0.1795621368158389E-11   4   0 1  0 1  0 0  0 2
   274  -.1050776725388243E-04   4   0 0  1 1  0 0  0 2
   275  -.5738270616050256E-06   4   0 0  0 2  0 0  0 2
   276  -.7876914583021985E-02   4   1 0  0 0  0 3  0 0
   277  0.2852356401451304E-01   4   0 1  0 0  0 3  0 0
   278  0.2533339325701314E-07   4   0 0  1 0  0 3  0 0
   279  0.1632738148868736E-05   4   0 0  0 1  0 3  0 0
   280  -.4553133895669150E-02   4   1 0  0 0  0 2  1 0
   281  0.1680969960117434E-01   4   0 1  0 0  0 2  1 0
   282  0.2486719092633700E-07   4   0 0  1 0  0 2  1 0
   283  0.9774405726040693E-06   4   0 0  0 1  0 2  1 0
   284  -.4569652114994884E-02   4   1 0  0 0  0 1  2 0
   285  0.1686790131743916E-01   4   0 1  0 0  0 1  2 0
   286  0.2486910251083213E-07   4   0 0  1 0  0 1  2 0
   287  0.9806958757048938E-06   4   0 0  0 1  0 1  2 0
   288  -.7829879116283545E-02   4   1 0  0 0  0 0  3 0
   289  0.2835270508683946E-01   4   0 1  0 0  0 0  3 0
   290  0.2516510563701911E-07   4   0 0  1 0  0 0  3 0
   291  0.1622932551899740E-05   4   0 0  0 1  0 0  3 0
   292  0.1864226264944891E-01   4   1 0  0 0  0 2  0 1
   293  -.3359959290031071E-01   4   0 1  0 0  0 2  0 1
   294  -.7617320180735950E-07   4   0 0  1 0  0 2  0 1
   295  -.1956032541387450E-05   4   0 0  0 1  0 2  0 1
   296  0.1201770308194062E-01   4   1 0  0 0  0 1  1 1
   297  -.2191493399336159E-01   4   0 1  0 0  0 1  1 1
   298  -.7569157886302622E-07   4   0 0  1 0  0 1  1 1
   299  -.1302762929901788E-05   4   0 0  0 1  0 1  1 1
   300  0.1855993855040270E-01   4   1 0  0 0  0 0  2 1
   301  -.3345079152022509E-01   4   0 1  0 0  0 0  2 1
   302  -.7579242752461413E-07   4   0 0  1 0  0 0  2 1
   303  -.1947324902174431E-05   4   0 0  0 1  0 0  2 1
   304  -.1199557024701683E-01   4   1 0  0 0  0 1  0 2
   305  -.8052522272521458E-03   4   0 1  0 0  0 1  0 2
   306  0.7631358178273822E-07   4   0 0  1 0  0 1  0 2
   307  -.5314631320145195E-08   4   0 0  0 1  0 1  0 2
   308  -.1195551021137256E-01   4   1 0  0 0  0 0  1 2
   309  -.8025630318023811E-03   4   0 1  0 0  0 0  1 2
   310  0.7605872730399821E-07   4   0 0  1 0  0 0  1 2
   311  -.5296882741498220E-08   4   0 0  0 1  0 0  1 2
   312  -.4392470094083333E-03   4   1 0  0 0  0 0  0 3
   313  0.1926422821056473E-04   4   0 1  0 0  0 0  0 3
   314  -.2539388059203721E-07   4   0 0  1 0  0 0  0 3
   315  0.1164993340183357E-08   4   0 0  0 1  0 0  0 3
   316  -.2975605433224792E-05   4   0 0  0 0  0 4  0 0
   317  -.1661111530832506E-05   4   0 0  0 0  0 3  1 0
   318  -.1486856671129109E-05   4   0 0  0 0  0 2  2 0
   319  -.1670397518237841E-05   4   0 0  0 0  0 1  3 0
   320  -.2952987319767191E-05   4   0 0  0 0  0 0  4 0
   321  0.3350021657636486E-05   4   0 0  0 0  0 3  0 1
   322  0.1935678117991719E-05   4   0 0  0 0  0 2  1 1
   323  0.1942707022159556E-05   4   0 0  0 0  0 1  2 1
   324  0.3330018905473803E-05   4   0 0  0 0  0 0  3 1
   325  0.5932354634433185E-07   4   0 0  0 0  0 2  0 2
   326  0.7249107401729052E-07   4   0 0  0 0  0 1  1 2
   327  0.5900438678736856E-07   4   0 0  0 0  0 0  2 2
   328  -.1145052739334230E-08   4   0 0  0 0  0 1  0 3
   329  -.1141228756596639E-08   4   0 0  0 0  0 0  1 3
   ----------------------------------------------------
     I  COEFFICIENT            ORDER EXPONENTS
     1  0.1139222996476692E-04   0   0 0  0 0  0 0  0 0
     2  -.5222955031505259E-05   1   1 0  0 0  0 0  0 0
     3  -.1151565253897698E-06   1   0 1  0 0  0 0  0 0
     4   1.094307832398467       1   0 0  1 0  0 0  0 0
     5  0.3416744754825762       1   0 0  0 1  0 0  0 0
     6  0.5404393903991207E-06   1   0 0  0 0  0 1  0 0
     7  0.5386345557145288E-06   1   0 0  0 0  0 0  1 0
     8  -.1079073946113662E-05   1   0 0  0 0  0 0  0 1
     9  0.9949397257361842E-05   2   2 0  0 0  0 0  0 0
    10  -.6052691032713399E-07   2   1 1  0 0  0 0  0 0
    11  -.6481351880722515E-06   2   0 2  0 0  0 0  0 0
    12  0.6334749971565606E-04   2   1 0  1 0  0 0  0 0
    13  -.1179420811052568E-05   2   0 1  1 0  0 0  0 0
    14  -.1149035779423682E-04   2   0 0  2 0  0 0  0 0
    15  0.7502845824545310E-05   2   1 0  0 1  0 0  0 0
    16  -.5451887658271894E-06   2   0 1  0 1  0 0  0 0
    17  -.4792493806049968E-05   2   0 0  1 1  0 0  0 0
    18  -.1753868073554900E-05   2   0 0  0 2  0 0  0 0
    19  0.2616860809616383E-05   2   1 0  0 0  0 1  0 0
    20  0.1160115990578113E-06   2   0 1  0 0  0 1  0 0
    21  -.4756953532626849E-01   2   0 0  1 0  0 1  0 0
    22  -.1719533068272783       2   0 0  0 1  0 1  0 0
    23  0.2608121622137162E-05   2   1 0  0 0  0 0  1 0
    24  0.1156241703072532E-06   2   0 1  0 0  0 0  1 0
    25  -.4741067357634741E-01   2   0 0  1 0  0 0  1 0
    26  -.1713790568784420       2   0 0  0 1  0 0  1 0
    27  -.5224982431753507E-05   2   1 0  0 0  0 0  0 1
    28  -.1164792439752912E-06   2   0 1  0 0  0 0  0 1
    29  0.9498020890261506E-01   2   0 0  1 0  0 0  0 1
    30  0.1657888223143658E-02   2   0 0  0 1  0 0  0 1
    31  -.4090661741105330E-06   2   0 0  0 0  0 2  0 0
    32  -.2785642446764314E-06   2   0 0  0 0  0 1  1 0
    33  -.4072349271189154E-06   2   0 0  0 0  0 0  2 0
    34  0.5562566127226304E-06   2   0 0  0 0  0 1  0 1
    35  0.5543989553312300E-06   2   0 0  0 0  0 0  1 1
    36  -.1579080924469331E-07   2   0 0  0 0  0 0  0 2
    37  0.1518105960451291E-05   3   3 0  0 0  0 0  0 0
    38  -.1204273413057147E-04   3   2 1  0 0  0 0  0 0
    39  -.7193991957334953E-05   3   1 2  0 0  0 0  0 0
    40  -.9261112462060914E-06   3   0 3  0 0  0 0  0 0
    41  -.2330019940843375E-01   3   2 0  1 0  0 0  0 0
    42  -.2311046353190275E-01   3   1 1  1 0  0 0  0 0
    43  0.9911051827988143E-01   3   0 2  1 0  0 0  0 0
    44  -.6650225328453056E-05   3   1 0  2 0  0 0  0 0
    45  -.1918209895166633E-04   3   0 1  2 0  0 0  0 0
    46  0.5738921245015779E-01   3   0 0  3 0  0 0  0 0
    47  0.2638755779261229       3   2 0  0 1  0 0  0 0
    48  -.9208745247493075E-02   3   1 1  0 1  0 0  0 0
    49  0.1856040375499619       3   0 2  0 1  0 0  0 0
    50  -.7341521868314022E-05   3   1 0  1 1  0 0  0 0
    51  -.6566721018089971E-05   3   0 1  1 1  0 0  0 0
    52  0.3753407386861150       3   0 0  2 1  0 0  0 0
    53  -.8514735938663830E-05   3   1 0  0 2  0 0  0 0
    54  -.1102697740524060E-05   3   0 1  0 2  0 0  0 0
    55  0.2077945772821964       3   0 0  1 2  0 0  0 0
    56  0.1882936390996814       3   0 0  0 3  0 0  0 0
    57  -.4932885634996926E-05   3   2 0  0 0  0 1  0 0
    58  0.7474433366432936E-07   3   1 1  0 0  0 1  0 0
    59  0.1008485871866195E-05   3   0 2  0 0  0 1  0 0
    60  -.3074480254529843E-04   3   1 0  1 0  0 1  0 0
    61  0.1808397835650420E-05   3   0 1  1 0  0 1  0 0
    62  0.6646222276148939E-05   3   0 0  2 0  0 1  0 0
    63  -.7218581659700185E-05   3   1 0  0 1  0 1  0 0
    64  0.9664665905544452E-06   3   0 1  0 1  0 1  0 0
    65  0.5691178371531114E-05   3   0 0  1 1  0 1  0 0
    66  0.2742504338072598E-05   3   0 0  0 2  0 1  0 0
    67  -.4916411922593366E-05   3   2 0  0 0  0 0  1 0
    68  0.7449471979783392E-07   3   1 1  0 0  0 0  1 0
    69  0.1005117963618208E-05   3   0 2  0 0  0 0  1 0
    70  -.3064212815296237E-04   3   1 0  1 0  0 0  1 0
    71  0.1802358566130982E-05   3   0 1  1 0  0 0  1 0
    72  0.6624026757646570E-05   3   0 0  2 0  0 0  1 0
    73  -.7194474707497820E-05   3   1 0  0 1  0 0  1 0
    74  0.9632390086000530E-06   3   0 1  0 1  0 0  1 0
    75  0.5672172288135894E-05   3   0 0  1 1  0 0  1 0
    76  0.2733345555344943E-05   3   0 0  0 2  0 0  1 0
    77  0.9849297557590228E-05   3   2 0  0 0  0 0  0 1
    78  -.8871214313507254E-07   3   1 1  0 0  0 0  0 1
    79  -.7173334593400323E-06   3   0 2  0 0  0 0  0 1
    80  0.6138693069826082E-04   3   1 0  1 0  0 0  0 1
    81  -.2431335590728808E-05   3   0 1  1 0  0 0  0 1
    82  -.1327024903380374E-04   3   0 0  2 0  0 0  0 1
    83  0.6910210542652674E-05   3   1 0  0 1  0 0  0 1
    84  -.8393280674994103E-06   3   0 1  0 1  0 0  0 1
    85  -.6570856853635642E-05   3   0 0  1 1  0 0  0 1
    86  -.1968113746311078E-05   3   0 0  0 2  0 0  0 1
    87  -.1961414089104172E-05   3   1 0  0 0  0 2  0 0
    88  -.1134660761550752E-06   3   0 1  0 0  0 2  0 0
    89  0.3582055509510965E-01   3   0 0  1 0  0 2  0 0
    90  0.1292547592520855       3   0 0  0 1  0 2  0 0
    91  -.1309607487758120E-05   3   1 0  0 0  0 1  1 0
    92  -.1129927305002777E-06   3   0 1  0 0  0 1  1 0
    93  0.2414951972108674E-01   3   0 0  1 0  0 1  1 0
    94  0.8683948878036768E-01   3   0 0  0 1  0 1  1 0
    95  -.1952677048967847E-05   3   1 0  0 0  0 0  2 0
    96  -.1128984748742396E-06   3   0 1  0 0  0 0  2 0
    97  0.3566060538160792E-01   3   0 0  1 0  0 0  2 0
    98  0.1286781008166570       3   0 0  0 1  0 0  2 0
    99  0.2614088029417963E-05   3   1 0  0 0  0 1  0 1
   100  0.1166212824259572E-06   3   0 1  0 0  0 1  0 1
   101  -.4822110183509102E-01   3   0 0  1 0  0 1  0 1
   102  -.1442414627688995E-02   3   0 0  0 1  0 1  0 1
   103  0.2605358101829928E-05   3   1 0  0 0  0 0  1 1
   104  0.1162318175957198E-06   3   0 1  0 0  0 0  1 1
   105  -.4806006413380043E-01   3   0 0  1 0  0 0  1 1
   106  -.1437597584382596E-02   3   0 0  0 1  0 0  1 1
   107  0.3488453559885129E-08   3   1 0  0 0  0 0  0 2
   108  0.2150108185190948E-09   3   0 1  0 0  0 0  0 2
   109  0.6504809797075336E-03   3   0 0  1 0  0 0  0 2
   110  -.2178813371766540E-03   3   0 0  0 1  0 0  0 2
   111  0.3434598722697110E-06   3   0 0  0 0  0 3  0 0
   112  0.2124689589247675E-06   3   0 0  0 0  0 2  1 0
   113  0.2131193930113591E-06   3   0 0  0 0  0 1  2 0
   114  0.3413857741707957E-06   3   0 0  0 0  0 0  3 0
   115  -.4247171312063663E-06   3   0 0  0 0  0 2  0 1
   116  -.2940500163504768E-06   3   0 0  0 0  0 1  1 1
   117  -.4228077588596763E-06   3   0 0  0 0  0 0  2 1
   118  0.1548553135868321E-07   3   0 0  0 0  0 1  0 2
   119  0.1543381635676024E-07   3   0 0  0 0  0 0  1 2
   120  0.2207568312586733E-09   3   0 0  0 0  0 0  0 3
   121  0.5719026570946043E-09   4   4 0  0 0  0 0  0 0
   122  0.2525342652449245E-08   4   3 1  0 0  0 0  0 0
   123  -.4833061818526635E-05   4   2 2  0 0  0 0  0 0
   124  0.1677594660082376E-06   4   1 3  0 0  0 0  0 0
   125  -.4967197134857172E-05   4   0 4  0 0  0 0  0 0
   126  -.4639243667788603E-04   4   3 0  1 0  0 0  0 0
   127  -.9381837473910180E-04   4   2 1  1 0  0 0  0 0
   128  0.2010170116720949E-04   4   1 2  1 0  0 0  0 0
   129  0.4290754739098810E-04   4   0 3  1 0  0 0  0 0
   130  0.1856507882382806E-04   4   2 0  2 0  0 0  0 0
   131  0.2419907727635626E-04   4   1 1  2 0  0 0  0 0
   132  -.3054644068147279E-04   4   0 2  2 0  0 0  0 0
   133  -.1683431353528262E-04   4   1 0  3 0  0 0  0 0
   134  -.2557603653309200E-04   4   0 1  3 0  0 0  0 0
   135  0.4560146659756161E-05   4   0 0  4 0  0 0  0 0
   136  0.2270970122519341E-04   4   3 0  0 1  0 0  0 0
   137  -.1448743906082849E-03   4   2 1  0 1  0 0  0 0
   138  -.6481746895060976E-04   4   1 2  0 1  0 0  0 0
   139  0.6329239097553959E-04   4   0 3  0 1  0 0  0 0
   140  -.5799177405504331E-05   4   2 0  1 1  0 0  0 0
   141  0.5221007998862711E-04   4   1 1  1 1  0 0  0 0
   142  -.2014953349721357E-04   4   0 2  1 1  0 0  0 0
   143  0.1349196016085019E-04   4   1 0  2 1  0 0  0 0
   144  -.2411659403558338E-04   4   0 1  2 1  0 0  0 0
   145  -.1614758240338879E-04   4   0 0  3 1  0 0  0 0
   146  -.1727646995368983E-04   4   2 0  0 2  0 0  0 0
   147  0.8232138150296617E-05   4   1 1  0 2  0 0  0 0
   148  -.3104307076069713E-04   4   0 2  0 2  0 0  0 0
   149  -.2218035709233550E-04   4   1 0  1 2  0 0  0 0
   150  0.4963315015343080E-04   4   0 1  1 2  0 0  0 0
   151  -.3169458573414603E-04   4   0 0  2 2  0 0  0 0
   152  -.3143178415595724E-04   4   1 0  0 3  0 0  0 0
   153  0.6810365009719772E-04   4   0 1  0 3  0 0  0 0
   154  -.2728853882924179E-04   4   0 0  1 3  0 0  0 0
   155  -.2762464973263305E-04   4   0 0  0 4  0 0  0 0
   156  -.1375429977181424E-05   4   3 0  0 0  0 1  0 0
   157  0.1045397658525689E-04   4   2 1  0 0  0 1  0 0
   158  0.1048600458463630E-04   4   1 2  0 0  0 1  0 0
   159  0.1846881422194073E-05   4   0 3  0 0  0 1  0 0
   160  0.2390642751147125E-01   4   2 0  1 0  0 1  0 0
   161  0.3625510875623244E-01   4   1 1  1 0  0 1  0 0
   162  -.1515866815472631       4   0 2  1 0  0 1  0 0
   163  0.7280788498160565E-05   4   1 0  2 0  0 1  0 0
   164  0.2127709610704073E-04   4   0 1  2 0  0 1  0 0
   165  -.6496519539739799E-01   4   0 0  3 0  0 1  0 0
   166  -.2589419508553035       4   2 0  0 1  0 1  0 0
   167  0.1851383253982335E-01   4   1 1  0 1  0 1  0 0
   168  -.2866116557361713       4   0 2  0 1  0 1  0 0
   169  0.1122000848965780E-04   4   1 0  1 1  0 1  0 0
   170  0.1055594631745392E-04   4   0 1  1 1  0 1  0 0
   171  -.4298086486497817       4   0 0  2 1  0 1  0 0
   172  0.1313548797879760E-04   4   1 0  0 2  0 1  0 0
   173  0.2236234972814536E-05   4   0 1  0 2  0 1  0 0
   174  -.3227353044296346       4   0 0  1 2  0 1  0 0
   175  -.2923128680879162       4   0 0  0 3  0 1  0 0
   176  -.1370836633740682E-05   4   3 0  0 0  0 0  1 0
   177  0.1041906480815890E-04   4   2 1  0 0  0 0  1 0
   178  0.1045098584782135E-04   4   1 2  0 0  0 0  1 0
   179  0.1840713634079017E-05   4   0 3  0 0  0 0  1 0
   180  0.2382659034504026E-01   4   2 0  1 0  0 0  1 0
   181  0.3613403231558214E-01   4   1 1  1 0  0 0  1 0
   182  -.1510804473507281       4   0 2  1 0  0 0  1 0
   183  0.7256473801928789E-05   4   1 0  2 0  0 0  1 0
   184  0.2120603977451019E-04   4   0 1  2 0  0 0  1 0
   185  -.6474823963882906E-01   4   0 0  3 0  0 0  1 0
   186  -.2580771963194708       4   2 0  0 1  0 0  1 0
   187  0.1845200431688997E-01   4   1 1  0 1  0 0  1 0
   188  -.2856544963091198       4   0 2  0 1  0 0  1 0
   189  0.1118253849610194E-04   4   1 0  1 1  0 0  1 0
   190  0.1052069400539909E-04   4   0 1  1 1  0 0  1 0
   191  -.4283732729713105       4   0 0  2 1  0 0  1 0
   192  0.1309162110913301E-04   4   1 0  0 2  0 0  1 0
   193  0.2228766911620254E-05   4   0 1  0 2  0 0  1 0
   194  -.3216575075820577       4   0 0  1 2  0 0  1 0
   195  -.2913366690683592       4   0 0  0 3  0 0  1 0
   196  0.2746266610922122E-05   4   3 0  0 0  0 0  0 1
   197  -.8830307262844276E-05   4   2 1  0 0  0 0  0 1
   198  -.6549006517787690E-05   4   1 2  0 0  0 0  0 1
   199  -.9092613176547757E-06   4   0 3  0 0  0 0  0 1
   200  -.4773301785651100E-01   4   2 0  1 0  0 0  0 1
   201  -.4927867753991097E-01   4   1 1  1 0  0 0  0 1
   202  0.1044460923382283       4   0 2  1 0  0 0  0 1
   203  -.1453726230007628E-04   4   1 0  2 0  0 0  0 1
   204  -.2330103692987433E-04   4   0 1  2 0  0 0  0 1
   205  0.1297134350360717       4   0 0  3 0  0 0  0 1
   206  0.2531435692486499       4   2 0  0 1  0 0  0 1
   207  -.1854834636172806E-01   4   1 1  0 1  0 0  0 1
   208  0.1545403939540172E-01   4   0 2  0 1  0 0  0 1
   209  -.1506102511742471E-04   4   1 0  1 1  0 0  0 1
   210  -.7943198286651875E-05   4   0 1  1 1  0 0  0 1
   211  0.4828411829346008       4   0 0  2 1  0 0  0 1
   212  -.9197637210592422E-05   4   1 0  0 2  0 0  0 1
   213  -.1156908662856842E-05   4   0 1  0 2  0 0  0 1
   214  0.2288036574469217       4   0 0  1 2  0 0  0 1
   215  0.1876861985715931E-01   4   0 0  0 3  0 0  0 1
   216  -.5960036464554817E-05   4   2 0  0 0  0 2  0 0
   217  0.3793193258957976E-06   4   1 1  0 0  0 2  0 0
   218  -.1240714263130966E-04   4   0 2  0 0  0 2  0 0
   219  0.1871685874081623E-04   4   1 0  1 0  0 2  0 0
   220  0.4496028085902206E-04   4   0 1  1 0  0 2  0 0
   221  -.2029286654165534E-04   4   0 0  2 0  0 2  0 0
   222  -.1414917291911581E-04   4   1 0  0 1  0 2  0 0
   223  0.8651096153090511E-04   4   0 1  0 1  0 2  0 0
   224  -.2543176373821604E-04   4   0 0  1 1  0 2  0 0
   225  -.3980333738085303E-04   4   0 0  0 2  0 2  0 0
   226  -.7066507334484923E-05   4   2 0  0 0  0 1  1 0
   227  0.5901783101590513E-06   4   1 1  0 0  0 1  1 0
   228  -.1510130948235865E-04   4   0 2  0 0  0 1  1 0
   229  0.9380516524274319E-05   4   1 0  1 0  0 1  1 0
   230  0.5441483078711302E-04   4   0 1  1 0  0 1  1 0
   231  -.2052072904096170E-04   4   0 0  2 0  0 1  1 0
   232  -.1518725238124468E-04   4   1 0  0 1  0 1  1 0
   233  0.1051825380779099E-03   4   0 1  0 1  0 1  1 0
   234  -.3178538610116559E-04   4   0 0  1 1  0 1  1 0
   235  -.4853632396092753E-04   4   0 0  0 2  0 1  1 0
   236  -.5928332966244343E-05   4   2 0  0 0  0 0  2 0
   237  0.3770670921770125E-06   4   1 1  0 0  0 0  2 0
   238  -.1234049218804975E-04   4   0 2  0 0  0 0  2 0
   239  0.1863868905632837E-04   4   1 0  1 0  0 0  2 0
   240  0.4471927185113830E-04   4   0 1  1 0  0 0  2 0
   241  -.2019083191552836E-04   4   0 0  2 0  0 0  2 0
   242  -.1407656133922384E-04   4   1 0  0 1  0 0  2 0
   243  0.8604642002099347E-04   4   0 1  0 1  0 0  2 0
   244  -.2529375785956504E-04   4   0 0  1 1  0 0  2 0
   245  -.3958936618187770E-04   4   0 0  0 2  0 0  2 0
   246  0.4648550277361541E-05   4   2 0  0 0  0 1  0 1
   247  -.3386565262256863E-06   4   1 1  0 0  0 1  0 1
   248  0.3258166802467985E-06   4   0 2  0 0  0 1  0 1
   249  -.2300100096787640E-04   4   1 0  1 0  0 1  0 1
   250  -.3747014441469569E-04   4   0 1  1 0  0 1  0 1
   251  0.2528737986743123E-04   4   0 0  2 0  0 1  0 1
   252  0.1508136292081048E-04   4   1 0  0 1  0 1  0 1
   253  -.7033553331963521E-05   4   0 1  0 1  0 1  0 1
   254  0.2091951512921709E-04   4   0 0  1 1  0 1  0 1
   255  0.2967408697230128E-05   4   0 0  0 2  0 1  0 1
   256  0.4633026122530230E-05   4   2 0  0 0  0 0  1 1
   257  -.3375255593577222E-06   4   1 1  0 0  0 0  1 1
   258  0.3247285929316702E-06   4   0 2  0 0  0 0  1 1
   259  -.2292418753594779E-04   4   1 0  1 0  0 0  1 1
   260  -.3734501027851631E-04   4   0 1  1 0  0 0  1 1
   261  0.2520293091519552E-04   4   0 0  2 0  0 0  1 1
   262  0.1503099766732706E-04   4   1 0  0 1  0 0  1 1
   263  -.7010064294645694E-05   4   0 1  0 1  0 0  1 1
   264  0.2084965296306142E-04   4   0 0  1 1  0 0  1 1
   265  0.2957498830860215E-05   4   0 0  0 2  0 0  1 1
   266  0.3262246443322475E-09   4   2 0  0 0  0 0  0 2
   267  0.6350994406740916E-10   4   1 1  0 0  0 0  0 2
   268  0.3994730333700962E-08   4   0 2  0 0  0 0  0 2
   269  -.3553410136436806E-05   4   1 0  1 0  0 0  0 2
   270  0.9265271341370309E-06   4   0 1  1 0  0 0  0 2
   271  -.3245116971885766E-05   4   0 0  2 0  0 0  0 2
   272  -.9449585210444944E-06   4   1 0  0 1  0 0  0 2
   273  -.2951336298419589E-07   4   0 1  0 1  0 0  0 2
   274  -.7418072334840779E-06   4   0 0  1 1  0 0  0 2
   275  -.1186445725667841E-08   4   0 0  0 2  0 0  0 2
   276  0.1633325863042600E-05   4   1 0  0 0  0 3  0 0
   277  0.1159078251560674E-06   4   0 1  0 0  0 3  0 0
   278  -.2995296334339277E-01   4   0 0  1 0  0 3  0 0
   279  -.1079131930825358       4   0 0  0 1  0 3  0 0
   280  0.9786445192520318E-06   4   1 0  0 0  0 2  1 0
   281  0.1184872167555297E-06   4   0 1  0 0  0 2  1 0
   282  -.1823758685241341E-01   4   0 0  1 0  0 2  1 0
   283  -.6530222183538044E-01   4   0 0  0 1  0 2  1 0
   284  0.9818967257001485E-06   4   1 0  0 0  0 1  2 0
   285  0.1184723566940693E-06   4   0 1  0 0  0 1  2 0
   286  -.1829577223067165E-01   4   0 0  1 0  0 1  2 0
   287  -.6551386997052946E-01   4   0 0  0 1  0 1  2 0
   288  0.1623515318503831E-05   4   1 0  0 0  0 0  3 0
   289  0.1151300166876387E-06   4   0 1  0 0  0 0  3 0
   290  -.2977256777396092E-01   4   0 0  1 0  0 0  3 0
   291  -.1072639432536244       4   0 0  0 1  0 0  3 0
   292  -.1956649283290646E-05   4   1 0  0 0  0 2  0 1
   293  -.1164346630649077E-06   4   0 1  0 0  0 2  0 1
   294  0.3645535920107373E-01   4   0 0  1 0  0 2  0 1
   295  0.1277502742333810E-02   4   0 0  0 1  0 2  0 1
   296  -.1303572507365528E-05   4   1 0  0 0  0 1  1 1
   297  -.1162479895280378E-06   4   0 1  0 0  0 1  1 1
   298  0.2476766379143032E-01   4   0 0  1 0  0 1  1 1
   299  0.1113676239402185E-02   4   0 0  0 1  0 1  1 1
   300  -.1947938232674482E-05   4   1 0  0 0  0 0  2 1
   301  -.1158517123699962E-06   4   0 1  0 0  0 0  2 1
   302  0.3629225734798852E-01   4   0 0  1 0  0 0  2 1
   303  0.1271376834288706E-02   4   0 0  0 1  0 0  2 1
   304  -.5241244549236292E-08   4   1 0  0 0  0 1  0 2
   305  -.4370427216482906E-09   4   0 1  0 0  0 1  0 2
   306  -.6180866995920883E-03   4   0 0  1 0  0 1  0 2
   307  0.3292815738026783E-03   4   0 0  0 1  0 1  0 2
   308  -.5223741050761908E-08   4   1 0  0 0  0 0  1 2
   309  -.4355831872177261E-09   4   0 1  0 0  0 0  1 2
   310  -.6160225563595457E-03   4   0 0  1 0  0 0  1 2
   311  0.3281819152336909E-03   4   0 0  0 1  0 0  1 2
   312  0.1162692827198424E-08   4   1 0  0 0  0 0  0 3
   313  0.7586448443917305E-10   4   0 1  0 0  0 0  0 3
   314  -.2228423448672093E-04   4   0 0  1 0  0 0  0 3
   315  -.1273159168366336E-05   4   0 0  0 1  0 0  0 3
   316  -.3452896985408418E-05   4   0 0  0 0  0 4  0 0
   317  -.1995195005656675E-05   4   0 0  0 0  0 3  1 0
   318  -.1801247861135254E-05   4   0 0  0 0  0 2  2 0
   319  -.2005490754175727E-05   4   0 0  0 0  0 1  3 0
   320  -.3426538539839016E-05   4   0 0  0 0  0 0  4 0
   321  0.3383787256540832E-07   4   0 0  0 0  0 3  0 1
   322  0.3341440557011588E-07   4   0 0  0 0  0 2  1 1
   323  0.3341596078953895E-07   4   0 0  0 0  0 1  2 1
   324  0.3361275880572074E-07   4   0 0  0 0  0 0  3 1
   325  0.7039408998065454E-08   4   0 0  0 0  0 2  0 2
   326  0.1005889289186768E-07   4   0 0  0 0  0 1  1 2
   327  0.6999104221398960E-08   4   0 0  0 0  0 0  2 2
   328  -.2337551739937445E-10   4   0 0  0 0  0 1  0 3
   329  -.2329745324394580E-10   4   0 0  0 0  0 0  1 3
   ----------------------------------------------------
     I  COEFFICIENT            ORDER EXPONENTS
     1  -.3476781094308825E-05   0   0 0  0 0  0 0  0 0
     2  -.3079826972946698E-04   1   1 0  0 0  0 0  0 0
     3  -.5222636258110002E-05   1   0 1  0 0  0 0  0 0
     4  0.5780636678166799       1   0 0  1 0  0 0  0 0
     5   1.094307803767441       1   0 0  0 1  0 0  0 0
     6  0.1547764288956373E-06   1   0 0  0 0  0 1  0 0
     7  0.1542595423174418E-06   1   0 0  0 0  0 0  1 0
     8  -.3785817065392605E-05   1   0 0  0 0  0 0  0 1
     9  0.1130527487230503E-04   2   2 0  0 0  0 0  0 0
    10  -.1657638653081075E-04   2   1 1  0 0  0 0  0 0
    11  -.5168961453446726E-05   2   0 2  0 0  0 0  0 0
    12  0.5438590202955725E-05   2   1 0  1 0  0 0  0 0
    13  -.7872288400686635E-04   2   0 1  1 0  0 0  0 0
    14  0.7480507715934045E-05   2   0 0  2 0  0 0  0 0
    15  -.5768604423352343E-04   2   1 0  0 1  0 0  0 0
    16  -.2368813831836999E-04   2   0 1  0 1  0 0  0 0
    17  0.2512031692556667E-04   2   0 0  1 1  0 0  0 0
    18  0.5391388901120147E-05   2   0 0  0 2  0 0  0 0
    19  0.2524793218796885E-07   2   1 0  0 0  0 1  0 0
    20  0.2616620449456345E-05   2   0 1  0 0  0 1  0 0
    21  -.1378930161358231E-01   2   0 0  1 0  0 1  0 0
    22  -.4756951982487066E-01   2   0 0  0 1  0 1  0 0
    23  0.2516361497400613E-07   2   1 0  0 0  0 0  1 0
    24  0.2607882064676491E-05   2   0 1  0 0  0 0  1 0
    25  -.1374325128810681E-01   2   0 0  1 0  0 0  1 0
    26  -.4741065812671795E-01   2   0 0  0 1  0 0  1 0
    27  -.3084868127662899E-04   2   1 0  0 0  0 0  0 1
    28  -.5224502514132797E-05   2   0 1  0 0  0 0  0 1
    29  0.6055962207183702       2   0 0  1 0  0 0  0 1
    30  0.9498017795158743E-01   2   0 0  0 1  0 0  0 1
    31  -.1167947647066350E-06   2   0 0  0 0  0 2  0 0
    32  -.7906503088208566E-07   2   0 0  0 0  0 1  1 0
    33  -.1162726990001249E-06   2   0 0  0 0  0 0  2 0
    34  0.3126544274910038E-06   2   0 0  0 0  0 1  0 1
    35  0.3116102964282026E-06   2   0 0  0 0  0 0  1 1
    36  -.3121323341672396E-06   2   0 0  0 0  0 0  0 2
    37  0.1060663323273930E-04   3   3 0  0 0  0 0  0 0
    38  0.5878252386833169E-05   3   2 1  0 0  0 0  0 0
    39  0.1290298866617467E-05   3   1 2  0 0  0 0  0 0
    40  -.2499979030621989E-05   3   0 3  0 0  0 0  0 0
    41  -.5302912932543604       3   2 0  1 0  0 0  0 0
    42  -.3585962852760614       3   1 1  1 0  0 0  0 0
    43  0.2787726366930945       3   0 2  1 0  0 0  0 0
    44  -.2659143304969159E-04   3   1 0  2 0  0 0  0 0
    45  -.5620853322309271E-05   3   0 1  2 0  0 0  0 0
    46  -.2406048554520079       3   0 0  3 0  0 0  0 0
    47  -.2880681710503930E-02   3   2 0  0 1  0 0  0 0
    48  -.9371808272285752E-01   3   1 1  0 1  0 0  0 0
    49  0.8597491957423388E-01   3   0 2  0 1  0 0  0 0
    50  -.8357656223045309E-05   3   1 0  1 1  0 0  0 0
    51  0.2839594550499061E-04   3   0 1  1 1  0 0  0 0
    52  -.1992665838056645       3   0 0  2 1  0 0  0 0
    53  -.9661961510295211E-06   3   1 0  0 2  0 0  0 0
    54  0.2304353516534629E-05   3   0 1  0 2  0 0  0 0
    55  -.3277908460473972       3   0 0  1 2  0 0  0 0
    56  -.3914759511457497E-02   3   0 0  0 3  0 0  0 0
    57  -.5466840681436739E-05   3   2 0  0 0  0 1  0 0
    58  0.6411405811766198E-05   3   1 1  0 0  0 1  0 0
    59  0.5241119387671410E-05   3   0 2  0 0  0 1  0 0
    60  -.4991335522940855E-05   3   1 0  1 0  0 1  0 0
    61  0.4607332036284576E-04   3   0 1  1 0  0 1  0 0
    62  -.4499679930609729E-05   3   0 0  2 0  0 1  0 0
    63  0.2467011803161708E-04   3   1 0  0 1  0 1  0 0
    64  0.2438351168708463E-04   3   0 1  0 1  0 1  0 0
    65  -.1529338957387921E-04   3   0 0  1 1  0 1  0 0
    66  -.5605681151844978E-05   3   0 0  0 2  0 1  0 0
    67  -.5448583789263206E-05   3   2 0  0 0  0 0  1 0
    68  0.6389994479077700E-05   3   1 1  0 0  0 0  1 0
    69  0.5223616307354136E-05   3   0 2  0 0  0 0  1 0
    70  -.4974666613097785E-05   3   1 0  1 0  0 0  1 0
    71  0.4591945532617231E-04   3   0 1  1 0  0 0  1 0
    72  -.4484652938593943E-05   3   0 0  2 0  0 0  1 0
    73  0.2458773046792981E-04   3   1 0  0 1  0 0  1 0
    74  0.2430208126508746E-04   3   0 1  0 1  0 0  1 0
    75  -.1524231624274387E-04   3   0 0  1 1  0 0  1 0
    76  -.5586960592332013E-05   3   0 0  0 2  0 0  1 0
    77  0.2222069934300493E-04   3   2 0  0 0  0 0  0 1
    78  -.1280140029084384E-04   3   1 1  0 0  0 0  0 1
    79  -.5295774241578793E-05   3   0 2  0 0  0 0  0 1
    80  0.1540459233899498E-04   3   1 0  1 0  0 0  0 1
    81  -.9199277568901895E-04   3   0 1  1 0  0 0  0 1
    82  0.1646484058512720E-04   3   0 0  2 0  0 0  0 1
    83  -.4925784849954713E-04   3   1 0  0 1  0 0  0 1
    84  -.2499745463380227E-04   3   0 1  0 1  0 0  0 1
    85  0.3053570581660648E-04   3   0 0  1 1  0 0  0 1
    86  0.5801252843050980E-05   3   0 0  0 2  0 0  0 1
    87  -.2571146763301960E-07   3   1 0  0 0  0 2  0 0
    88  -.1959866899564542E-05   3   0 1  0 0  0 2  0 0
    89  0.1045345326944014E-01   3   0 0  1 0  0 2  0 0
    90  0.3582054278501171E-01   3   0 0  0 1  0 2  0 0
    91  -.2586996167908592E-07   3   1 0  0 0  0 1  1 0
    92  -.1307786576148469E-05   3   0 1  0 0  0 1  1 0
    93  0.7139736502774583E-02   3   0 0  1 0  0 1  1 0
    94  0.2414951083961800E-01   3   0 0  0 1  0 1  1 0
    95  -.2558240512768020E-07   3   1 0  0 0  0 0  2 0
    96  -.1951138066825991E-05   3   0 1  0 0  0 0  2 0
    97  0.1040662141831560E-01   3   0 0  1 0  0 0  2 0
    98  0.3566059312745252E-01   3   0 0  0 1  0 0  2 0
    99  0.7658920533213586E-07   3   1 0  0 0  0 1  0 1
   100  0.2612779466722420E-05   3   0 1  0 0  0 1  0 1
   101  -.2804665167194500E-01   3   0 0  1 0  0 1  0 1
   102  -.4822108354169732E-01   3   0 0  0 1  0 1  0 1
   103  0.7633343038939835E-07   3   1 0  0 0  0 0  1 1
   104  0.2604053909169931E-05   3   0 1  0 0  0 0  1 1
   105  -.2795298794087983E-01   3   0 0  1 0  0 0  1 1
   106  -.4806004590149898E-01   3   0 0  0 1  0 0  1 1
   107  -.7616648596252725E-07   3   1 0  0 0  0 0  0 2
   108  0.3528649742492044E-08   3   0 1  0 0  0 0  0 2
   109  0.2799982493610530E-01   3   0 0  1 0  0 0  0 2
   110  0.6504784278467177E-03   3   0 0  0 1  0 0  0 2
   111  0.9825947441430040E-07   3   0 0  0 0  0 3  0 0
   112  0.6124865835676149E-07   3   0 0  0 0  0 2  1 0
   113  0.6143241486617029E-07   3   0 0  0 0  0 1  2 0
   114  0.9766532930370009E-07   3   0 0  0 0  0 0  3 0
   115  -.2392325562193676E-06   3   0 0  0 0  0 2  0 1
   116  -.1662975930075444E-06   3   0 0  0 0  0 1  1 1
   117  -.2381559414396730E-06   3   0 0  0 0  0 0  2 1
   118  0.1660542064869438E-06   3   0 0  0 0  0 1  0 2
   119  0.1654996569912113E-06   3   0 0  0 0  0 0  1 2
   120  -.6473843103630493E-08   3   0 0  0 0  0 0  0 3
   121  0.3242009963058739E-05   4   4 0  0 0  0 0  0 0
   122  -.4507658637160070E-05   4   3 1  0 0  0 0  0 0
   123  -.3181227779888766E-05   4   2 2  0 0  0 0  0 0
   124  0.2296696591789000E-05   4   1 3  0 0  0 0  0 0
   125  -.3607115137224113E-05   4   0 4  0 0  0 0  0 0
   126  0.2831728479805934E-09   4   3 0  1 0  0 0  0 0
   127  0.1258752735831635E-03   4   2 1  1 0  0 0  0 0
   128  0.2128056290673202E-04   4   1 2  1 0  0 0  0 0
   129  0.3308384712444436E-04   4   0 3  1 0  0 0  0 0
   130  0.1412578790639649E-05   4   2 0  2 0  0 0  0 0
   131  -.6897706751118481E-04   4   1 1  2 0  0 0  0 0
   132  -.2458959172543909E-05   4   0 2  2 0  0 0  0 0
   133  0.5911670237686384E-09   4   1 0  3 0  0 0  0 0
   134  -.1536189513213946E-08   4   0 1  3 0  0 0  0 0
   135  -.4585738950828322E-05   4   0 0  4 0  0 0  0 0
   136  0.6293643956756150E-04   4   3 0  0 1  0 0  0 0
   137  0.4324322482164125E-04   4   2 1  0 1  0 0  0 0
   138  -.6182631688691664E-04   4   1 2  0 1  0 0  0 0
   139  0.1020344884533479E-04   4   0 3  0 1  0 0  0 0
   140  -.3115091587976485E-04   4   2 0  1 1  0 0  0 0
   141  -.4987955897073442E-04   4   1 1  1 1  0 0  0 0
   142  0.4853885222676563E-04   4   0 2  1 1  0 0  0 0
   143  0.8566407090888785E-04   4   1 0  2 1  0 0  0 0
   144  -.1125885152577208E-08   4   0 1  2 1  0 0  0 0
   145  -.3645340040985870E-04   4   0 0  3 1  0 0  0 0
   146  0.8127010771304505E-05   4   2 0  0 2  0 0  0 0
   147  -.1947344160713578E-04   4   1 1  0 2  0 0  0 0
   148  -.2273722320382457E-05   4   0 2  0 2  0 0  0 0
   149  0.2601883449969216E-04   4   1 0  1 2  0 0  0 0
   150  0.3308574645296863E-04   4   0 1  1 2  0 0  0 0
   151  -.1489257136757232E-04   4   0 0  2 2  0 0  0 0
   152  -.9619061798130065E-06   4   1 0  0 3  0 0  0 0
   153  0.1020341737951539E-04   4   0 1  0 3  0 0  0 0
   154  0.1124734391296333E-04   4   0 0  1 3  0 0  0 0
   155  0.1614119270061103E-05   4   0 0  0 4  0 0  0 0
   156  -.5180026465572554E-05   4   3 0  0 0  0 1  0 0
   157  -.6075953642211796E-05   4   2 1  0 0  0 1  0 0
   158  -.1955349354095387E-05   4   1 2  0 0  0 1  0 0
   159  0.3696879538998701E-05   4   0 3  0 0  0 1  0 0
   160  0.2420250273614987       4   2 0  1 0  0 1  0 0
   161  0.3644036135866505       4   1 1  1 0  0 1  0 0
   162  -.2799879901332332       4   0 2  1 0  0 1  0 0
   163  0.1026167445030598E-04   4   1 0  2 0  0 1  0 0
   164  0.5683766523578812E-05   4   0 1  2 0  0 1  0 0
   165  0.1472386783924996       4   0 0  3 0  0 1  0 0
   166  -.6260626099941657E-02   4   2 0  0 1  0 1  0 0
   167  0.1386872895009943       4   1 1  0 1  0 1  0 0
   168  -.1253329611173483       4   0 2  0 1  0 1  0 0
   169  0.7036206792984620E-05   4   1 0  1 1  0 1  0 0
   170  -.2733107594285896E-04   4   0 1  1 1  0 1  0 0
   171  0.2132814341049244       4   0 0  2 1  0 1  0 0
   172  0.1305472836722961E-05   4   1 0  0 2  0 1  0 0
   173  -.3314560697705101E-05   4   0 1  0 2  0 1  0 0
   174  0.3566778139142239       4   0 0  1 2  0 1  0 0
   175  0.7924200005681992E-02   4   0 0  0 3  0 1  0 0
   176  -.5162727409289621E-05   4   3 0  0 0  0 0  1 0
   177  -.6055662575220602E-05   4   2 1  0 0  0 0  1 0
   178  -.1948819329827457E-05   4   1 2  0 0  0 0  1 0
   179  0.3684533554351517E-05   4   0 3  0 0  0 0  1 0
   180  0.2412167680605052       4   2 0  1 0  0 0  1 0
   181  0.3631866625415111       4   1 1  1 0  0 0  1 0
   182  -.2790529508951081       4   0 2  1 0  0 0  1 0
   183  0.1022740487948031E-04   4   1 0  2 0  0 0  1 0
   184  0.5664785192574608E-05   4   0 1  2 0  0 0  1 0
   185  0.1467469646528449       4   0 0  3 0  0 0  1 0
   186  -.6239718306516841E-02   4   2 0  0 1  0 0  1 0
   187  0.1382241337154528       4   1 1  0 1  0 0  1 0
   188  -.1249144030341270       4   0 2  0 1  0 0  1 0
   189  0.7012708894264258E-05   4   1 0  1 1  0 0  1 0
   190  -.2723980192636613E-04   4   0 1  1 1  0 0  1 0
   191  0.2125691660193261       4   0 0  2 1  0 0  1 0
   192  0.1301113119990795E-05   4   1 0  0 2  0 0  1 0
   193  -.3303491493239040E-05   4   0 1  0 2  0 0  1 0
   194  0.3554866637107320       4   0 0  1 2  0 0  1 0
   195  0.7897736592204439E-02   4   0 0  0 3  0 0  1 0
   196  0.2094938710760148E-04   4   3 0  0 0  0 0  0 1
   197  0.1213161621743247E-04   4   2 1  0 0  0 0  0 1
   198  0.2613869817305501E-05   4   1 2  0 0  0 0  0 1
   199  -.2381455032106302E-05   4   0 3  0 0  0 0  0 1
   200  -1.013533088676366       4   2 0  1 0  0 0  0 1
   201  -.7275902761281680       4   1 1  1 0  0 0  0 1
   202  0.2802683043352491       4   0 2  1 0  0 0  0 1
   203  -.4708051237946319E-04   4   1 0  2 0  0 0  0 1
   204  -.1134855171614047E-04   4   0 1  2 0  0 0  0 1
   205  -.5345904984975245       4   0 0  3 0  0 0  0 1
   206  0.1250034440645664E-01   4   2 0  0 1  0 0  0 1
   207  -.1831933404935896       4   1 1  0 1  0 0  0 1
   208  0.7829752500300798E-01   4   0 2  0 1  0 0  0 1
   209  -.1404891568722351E-04   4   1 0  1 1  0 0  0 1
   210  0.2617493236425620E-04   4   0 1  1 1  0 0  0 1
   211  -.4258506001247065       4   0 0  2 1  0 0  0 1
   212  -.1640389805673357E-05   4   1 0  0 2  0 0  0 1
   213  0.2009345157882847E-05   4   0 1  0 2  0 0  0 1
   214  -.3843736315779360       4   0 0  1 2  0 0  0 1
   215  -.7992417575065920E-02   4   0 0  0 3  0 0  0 1
   216  0.1489050921229879E-05   4   2 0  0 0  0 2  0 0
   217  -.1959111131178180E-05   4   1 1  0 0  0 2  0 0
   218  -.7527891749453920E-05   4   0 2  0 0  0 2  0 0
   219  -.2696230890445666E-04   4   1 0  1 0  0 2  0 0
   220  0.4152743559075871E-04   4   0 1  1 0  0 2  0 0
   221  0.7494609941645767E-05   4   0 0  2 0  0 2  0 0
   222  -.3744598783571864E-04   4   1 0  0 1  0 2  0 0
   223  0.1744156896419905E-04   4   0 1  0 1  0 2  0 0
   224  0.3536790151335172E-04   4   0 0  1 1  0 2  0 0
   225  0.2539675037286984E-05   4   0 0  0 2  0 2  0 0
   226  0.6502253360103755E-06   4   2 0  0 0  0 1  1 0
   227  0.1757550214725071E-05   4   1 1  0 0  0 1  1 0
   228  -.8572074513908998E-05   4   0 2  0 0  0 1  1 0
   229  -.3257163062248176E-04   4   1 0  1 0  0 1  1 0
   230  0.4985939617460880E-04   4   0 1  1 0  0 1  1 0
   231  0.7969570415252505E-05   4   0 0  2 0  0 1  1 0
   232  -.3335094899014947E-04   4   1 0  0 1  0 1  1 0
   233  0.2461448533516559E-04   4   0 1  0 1  0 1  1 0
   234  0.3441739409077281E-04   4   0 0  1 1  0 1  1 0
   235  0.2879394829589999E-05   4   0 0  0 2  0 1  1 0
   236  0.1482992396578514E-05   4   2 0  0 0  0 0  2 0
   237  -.1955503274383474E-05   4   1 1  0 0  0 0  2 0
   238  -.7488438317282939E-05   4   0 2  0 0  0 0  2 0
   239  -.2681787880551622E-04   4   1 0  1 0  0 0  2 0
   240  0.4130549740115000E-04   4   0 1  1 0  0 0  2 0
   241  0.7456273708399811E-05   4   0 0  2 0  0 0  2 0
   242  -.3726524547287695E-04   4   1 0  0 1  0 0  2 0
   243  0.1734222075233435E-04   4   0 1  0 1  0 0  2 0
   244  0.3519231832980950E-04   4   0 0  1 1  0 0  2 0
   245  0.2526385648035433E-05   4   0 0  0 2  0 0  2 0
   246  -.3857069539109582E-05   4   2 0  0 0  0 1  0 1
   247  0.1543591641155450E-05   4   1 1  0 0  0 1  0 1
   248  0.6079618094597102E-05   4   0 2  0 0  0 1  0 1
   249  0.4324821469290367E-04   4   1 0  1 0  0 1  0 1
   250  -.3331690226881434E-04   4   0 1  1 0  0 1  0 1
   251  -.1514229177649957E-04   4   0 0  2 0  0 1  0 1
   252  0.5021518464950560E-04   4   1 0  0 1  0 1  0 1
   253  -.9307621363530179E-05   4   0 1  0 1  0 1  0 1
   254  -.4267971071624913E-04   4   0 0  1 1  0 1  0 1
   255  -.2691747651946201E-05   4   0 0  0 2  0 1  0 1
   256  -.3844188588889069E-05   4   2 0  0 0  0 0  1 1
   257  0.1538436710219178E-05   4   1 1  0 0  0 0  1 1
   258  0.6059314789914155E-05   4   0 2  0 0  0 0  1 1
   259  0.4310378429180848E-04   4   1 0  1 0  0 0  1 1
   260  -.3320563817173883E-04   4   0 1  1 0  0 0  1 1
   261  -.1509172304689300E-04   4   0 0  2 0  0 0  1 1
   262  0.5004748757087564E-04   4   1 0  0 1  0 0  1 1
   263  -.9276537918899633E-05   4   0 1  0 1  0 0  1 1
   264  -.4253717887346404E-04   4   0 0  1 1  0 0  1 1
   265  -.2682758374683020E-05   4   0 0  0 2  0 0  1 1
   266  0.4078989529882820E-05   4   2 0  0 0  0 0  0 2
   267  0.2510289391437488E-05   4   1 1  0 0  0 0  0 2
   268  0.1693570093608997E-06   4   0 2  0 0  0 0  0 2
   269  -.1806523466090635E-09   4   1 0  1 0  0 0  0 2
   270  -.2327066167525538E-10   4   0 1  1 0  0 0  0 2
   271  0.7313560684579734E-05   4   0 0  2 0  0 0  0 2
   272  -.3323106651705746E-05   4   1 0  0 1  0 0  0 2
   273  -.5545301259673390E-12   4   0 1  0 1  0 0  0 2
   274  0.4270970668082657E-05   4   0 0  1 1  0 0  0 2
   275  0.1794747114266994E-06   4   0 0  0 2  0 0  0 2
   276  0.2533943627649599E-07   4   1 0  0 0  0 3  0 0
   277  0.1633005674501997E-05   4   0 1  0 0  0 3  0 0
   278  -.8788803218600056E-02   4   0 0  1 0  0 3  0 0
   279  -.2995295231820926E-01   4   0 0  0 1  0 3  0 0
   280  0.2494971438541446E-07   4   1 0  0 0  0 2  1 0
   281  0.9796034133352564E-06   4   0 1  0 0  0 2  1 0
   282  -.5465110078867728E-02   4   0 0  1 0  0 2  1 0
   283  -.1823757867091556E-01   4   0 0  0 1  0 2  1 0
   284  0.2495124271239426E-07   4   1 0  0 0  0 1  2 0
   285  0.9828492176415670E-06   4   0 1  0 0  0 1  2 0
   286  -.5481612604577480E-02   4   0 0  1 0  0 1  2 0
   287  -.1829576403511356E-01   4   0 0  0 1  0 1  2 0
   288  0.2517098101005298E-07   4   1 0  0 0  0 0  3 0
   289  0.1623195137974821E-05   4   0 1  0 0  0 0  3 0
   290  -.8735682077964017E-02   4   0 0  1 0  0 0  3 0
   291  -.2977255681762106E-01   4   0 0  0 1  0 0  3 0
   292  -.7621330568217439E-07   4   1 0  0 0  0 2  0 1
   293  -.1956230109718276E-05   4   0 1  0 0  0 2  0 1
   294  0.2137805867257173E-01   4   0 0  1 0  0 2  0 1
   295  0.3645534395523523E-01   4   0 0  0 1  0 2  0 1
   296  -.7583906249518876E-07   4   1 0  0 0  0 1  1 1
   297  -.1304036796989542E-05   4   0 1  0 0  0 1  1 1
   298  0.1475369333083854E-01   4   0 0  1 0  0 1  1 1
   299  0.2476765157299836E-01   4   0 0  0 1  0 1  1 1
   300  -.7583215116359153E-07   4   1 0  0 0  0 0  2 1
   301  -.1947519683613282E-05   4   0 1  0 0  0 0  2 1
   302  0.2128202967945093E-01   4   0 0  1 0  0 0  2 1
   303  0.3629224217346661E-01   4   0 0  0 1  0 0  2 1
   304  0.7638502027570599E-07   4   1 0  0 0  0 1  0 2
   305  -.5272508639198130E-08   4   0 1  0 0  0 1  0 2
   306  -.1473157521438337E-01   4   0 0  1 0  0 1  0 2
   307  -.6180840409373280E-03   4   0 0  0 1  0 1  0 2
   308  0.7612992722318236E-07   4   1 0  0 0  0 0  1 2
   309  -.5254900732154581E-08   4   0 1  0 0  0 0  1 2
   310  -.1468237810112459E-01   4   0 0  1 0  0 0  1 2
   311  -.6160199065831283E-03   4   0 0  0 1  0 0  1 2
   312  -.2544948718116522E-07   4   1 0  0 0  0 0  0 3
   313  0.1156703295522895E-08   4   0 1  0 0  0 0  0 3
   314  0.4713761264693258E-03   4   0 0  1 0  0 0  0 3
   315  -.2228430272352567E-04   4   0 0  0 1  0 0  0 3
   316  -.9573246227420761E-06   4   0 0  0 0  0 4  0 0
   317  -.5571720610596553E-06   4   0 0  0 0  0 3  1 0
   318  -.5041863697932578E-06   4   0 0  0 0  0 2  2 0
   319  -.5599972241482152E-06   4   0 0  0 0  0 1  3 0
   320  -.9500100335658833E-06   4   0 0  0 0  0 0  4 0
   321  0.1106786878240431E-05   4   0 0  0 0  0 3  0 1
   322  0.6828700358110618E-06   4   0 0  0 0  0 2  1 1
   323  0.6849750696592808E-06   4   0 0  0 0  0 1  2 1
   324  0.1100106174072450E-05   4   0 0  0 0  0 0  3 1
   325  -.1431576439732392E-07   4   0 0  0 0  0 2  0 2
   326  -.1667515867245814E-07   4   0 0  0 0  0 1  1 2
   327  -.1424011199084979E-07   4   0 0  0 0  0 0  2 2
   328  -.4091330526234273E-09   4   0 0  0 0  0 1  0 3
   329  -.4077667245261576E-09   4   0 0  0 0  0 0  1 3
   ----------------------------------------------------
     I  COEFFICIENT            ORDER EXPONENTS
     1  -.9941011165691763E-09   0   0 0  0 0  0 0  0 0
     2  -.4014696557036624E-06   1   1 0  0 0  0 0  0 0
     3  0.1466118195891016E-05   1   0 1  0 0  0 0  0 0
     4  0.1429880640054778E-06   1   0 0  1 0  0 0  0 0
     5  0.5385161735191534E-06   1   0 0  0 1  0 0  0 0
     6   1.000000000000000       1   0 0  0 0  1 0  0 0
     7  0.8466606725104682E-01   1   0 0  0 0  0 1  0 0
     8  -.8466606723874837E-01   1   0 0  0 0  0 0  1 0
     9  -.1229863797062614E-10   1   0 0  0 0  0 0  0 1
    10  -.6266859586740316E-02   2   2 0  0 0  0 0  0 0
    11  0.4619947022559504E-01   2   1 1  0 0  0 0  0 0
    12  -.8388076390511733E-01   2   0 2  0 0  0 0  0 0
    13  -.3275062929912858E-08   2   1 0  1 0  0 0  0 0
    14  0.2612088669340660E-05   2   0 1  1 0  0 0  0 0
    15  -.6204239871506847E-02   2   0 0  2 0  0 0  0 0
    16  0.2612081009227678E-05   2   1 0  0 1  0 0  0 0
    17  0.1160237596333130E-06   2   0 1  0 1  0 0  0 0
    18  -.4734426142198035E-01   2   0 0  1 1  0 0  0 0
    19  -.8595827741513394E-01   2   0 0  0 2  0 0  0 0
    20  0.5956575866028842E-06   2   1 0  0 0  0 1  0 0
    21  -.2171823989652138E-05   2   0 1  0 0  0 1  0 0
    22  -.2173323311361191E-06   2   0 0  1 0  0 1  0 0
    23  -.8145558726659642E-06   2   0 0  0 1  0 1  0 0
    24  0.1948757454615673E-06   2   1 0  0 0  0 0  1 0
    25  -.7082293852201463E-06   2   0 1  0 0  0 0  1 0
    26  -.7457184143870454E-07   2   0 0  1 0  0 0  1 0
    27  -.2769100917141426E-06   2   0 0  0 1  0 0  1 0
    28  -.7905336089289567E-06   2   1 0  0 0  0 0  0 1
    29  0.1413937108561860E-05   2   0 1  0 0  0 0  0 1
    30  0.2919039988382585E-06   2   0 0  1 0  0 0  0 1
    31  0.5529491756710525E-06   2   0 0  0 1  0 0  0 1
    32  -.6360575835512797E-01   2   0 0  0 0  0 2  0 0
    33  0.4254544944117417E-01   2   0 0  0 0  0 1  1 0
    34  0.2106030889590814E-01   2   0 0  0 0  0 0  2 0
    35  0.1803466741090722E-10   2   0 0  0 0  0 1  0 1
    36  0.5757808561606281E-11   2   0 0  0 0  0 0  1 1
    37  -.5746917081219152E-11   2   0 0  0 0  0 0  0 2
    38  -.5181041838657805E-05   3   3 0  0 0  0 0  0 0
    39  0.1354967903116844E-04   3   2 1  0 0  0 0  0 0
    40  0.1433370924441472E-05   3   1 2  0 0  0 0  0 0
    41  0.1764679447648701E-05   3   0 3  0 0  0 0  0 0
    42  0.3232173114336687E-05   3   2 0  1 0  0 0  0 0
    43  -.9516727355516489E-05   3   1 1  1 0  0 0  0 0
    44  -.1491879420523055E-05   3   0 2  1 0  0 0  0 0
    45  -.7998838019685269E-05   3   1 0  2 0  0 0  0 0
    46  -.1845386539792481E-04   3   0 1  2 0  0 0  0 0
    47  0.2440351961371184E-05   3   0 0  3 0  0 0  0 0
    48  -.4292137782249460E-05   3   2 0  0 1  0 0  0 0
    49  0.1726118533129062E-06   3   1 1  0 1  0 0  0 0
    50  0.3672656501438876E-06   3   0 2  0 1  0 0  0 0
    51  -.3302448944955668E-04   3   1 0  1 1  0 0  0 0
    52  -.2962989295974337E-06   3   0 1  1 1  0 0  0 0
    53  0.7383488215482326E-05   3   0 0  2 1  0 0  0 0
    54  -.4147267500018528E-05   3   1 0  0 2  0 0  0 0
    55  0.8161686207581927E-06   3   0 1  0 2  0 0  0 0
    56  0.2962874257101690E-05   3   0 0  1 2  0 0  0 0
    57  0.9338904102555865E-06   3   0 0  0 3  0 0  0 0
    58  0.9393896943650733E-02   3   2 0  0 0  0 1  0 0
    59  -.6886480803952198E-01   3   1 1  0 0  0 1  0 0
    60  0.1250662219257773       3   0 2  0 0  0 1  0 0
    61  0.6586900603987515E-08   3   1 0  1 0  0 1  0 0
    62  -.3907000750944067E-05   3   0 1  1 0  0 1  0 0
    63  0.9267265790896671E-02   3   0 0  2 0  0 1  0 0
    64  -.3911995745257736E-05   3   1 0  0 1  0 1  0 0
    65  -.2256759612770598E-06   3   0 1  0 1  0 1  0 0
    66  0.7114581485338028E-01   3   0 0  1 1  0 1  0 0
    67  0.1292055264198320       3   0 0  0 2  0 1  0 0
    68  0.3137451785489667E-02   3   2 0  0 0  0 0  1 0
    69  -.2274341840666238E-01   3   1 1  0 0  0 0  1 0
    70  0.4132711210697641E-01   3   0 2  0 0  0 0  1 0
    71  0.3358965287603714E-08   3   1 0  1 0  0 0  1 0
    72  -.1300483106301384E-05   3   0 1  1 0  0 0  1 0
    73  0.3073445324882012E-02   3   0 0  2 0  0 0  1 0
    74  -.1303180080220535E-05   3   1 0  0 1  0 0  1 0
    75  -.1118557776622378E-06   3   0 1  0 1  0 0  1 0
    76  0.2387964873266053E-01   3   0 0  1 1  0 0  1 0
    77  0.4338892938645129E-01   3   0 0  0 2  0 0  1 0
    78  -.1253134646555469E-01   3   2 0  0 0  0 0  0 1
    79  0.4540876376699045E-01   3   1 1  0 0  0 0  0 1
    80  0.1368171721788771E-02   3   0 2  0 0  0 0  0 1
    81  -.1010704343275217E-07   3   1 0  1 0  0 0  0 1
    82  0.2598216698778380E-05   3   0 1  1 0  0 0  0 1
    83  -.1234070775609206E-01   3   0 0  2 0  0 0  0 1
    84  0.2600493563586143E-05   3   1 0  0 1  0 0  0 1
    85  0.1143031906455685E-06   3   0 1  0 1  0 0  0 1
    86  -.4768120489521258E-01   3   0 0  1 1  0 0  0 1
    87  -.6779110776826334E-03   3   0 0  0 2  0 0  0 1
    88  -.7385017905436582E-06   3   1 0  0 0  0 2  0 0
    89  0.2687888892531974E-05   3   0 1  0 0  0 2  0 0
    90  0.2732325823675674E-06   3   0 0  1 0  0 2  0 0
    91  0.1024916302636032E-05   3   0 0  0 1  0 2  0 0
    92  -.2860356516014811E-06   3   1 0  0 0  0 1  1 0
    93  0.1033411874640843E-05   3   0 1  0 0  0 1  1 0
    94  0.1119253877915053E-06   3   0 0  1 0  0 1  1 0
    95  0.4211658136451994E-06   3   0 0  0 1  0 1  1 0
    96  -.1435304230082034E-06   3   1 0  0 0  0 0  2 0
    97  0.5185907802783382E-06   3   0 1  0 0  0 0  2 0
    98  0.5613707165735780E-07   3   0 0  1 0  0 0  2 0
    99  0.2112336930276438E-06   3   0 0  0 1  0 0  2 0
   100  0.1167380639327992E-05   3   1 0  0 0  0 1  0 1
   101  -.2065536118077644E-05   3   0 1  0 0  0 1  0 1
   102  -.4410586615690051E-06   3   0 0  1 0  0 1  0 1
   103  -.8418884781241595E-06   3   0 0  0 1  0 1  0 1
   104  0.3782197487092700E-06   3   1 0  0 0  0 0  1 1
   105  -.6541291210222389E-06   3   0 1  0 0  0 0  1 1
   106  -.1496281284779894E-06   3   0 0  1 0  0 0  1 1
   107  -.2898148147775600E-06   3   0 0  0 1  0 0  1 1
   108  -.3775332415731975E-06   3   1 0  0 0  0 0  0 2
   109  -.5410449754794327E-07   3   0 1  0 0  0 0  0 2
   110  0.1493914864163609E-06   3   0 0  1 0  0 0  0 2
   111  0.1290248868801459E-07   3   0 0  0 1  0 0  0 2
   112  0.5302264479960288E-01   3   0 0  0 0  0 3  0 0
   113  -.3185642855986568E-01   3   0 0  0 0  0 2  1 0
   114  -.1068902300837994E-01   3   0 0  0 0  0 1  2 0
   115  -.1047719897264826E-01   3   0 0  0 0  0 0  3 0
   116  0.2536563728219531E-09   3   0 0  0 0  0 2  0 1
   117  0.7538513796140407E-10   3   0 0  0 0  0 1  1 1
   118  0.3792589058156458E-10   3   0 0  0 0  0 0  2 1
   119  0.9375662269235989E-11   3   0 0  0 0  0 1  0 2
   120  0.5985255973488146E-11   3   0 0  0 0  0 0  1 2
   121  -.2582380493892210E-13   3   0 0  0 0  0 0  0 3
   122  -.1440942387110241E-01   4   4 0  0 0  0 0  0 0
   123  -.5145009291423076E-01   4   3 1  0 0  0 0  0 0
   124  0.7060663146821755E-01   4   2 2  0 0  0 0  0 0
   125  0.7813064857769711E-01   4   1 3  0 0  0 0  0 0
   126  -.5538890482554161E-01   4   0 4  0 0  0 0  0 0
   127  0.6300557215486630E-05   4   3 0  1 0  0 0  0 0
   128  0.2195631829250425E-05   4   2 1  1 0  0 0  0 0
   129  -.2169226753122720E-05   4   1 2  1 0  0 0  0 0
   130  0.3694600005460297E-05   4   0 3  1 0  0 0  0 0
   131  -.1416276505053433       4   2 0  2 0  0 0  0 0
   132  -.8233313063643095E-01   4   1 1  2 0  0 0  0 0
   133  0.1237843700400788       4   0 2  2 0  0 0  0 0
   134  -.3385386261803381E-05   4   1 0  3 0  0 0  0 0
   135  0.6794014839002582E-06   4   0 1  3 0  0 0  0 0
   136  -.4049203233078354E-01   4   0 0  4 0  0 0  0 0
   137  0.4710301932265255E-06   4   3 0  0 1  0 0  0 0
   138  0.1298716008549535E-04   4   2 1  0 1  0 0  0 0
   139  0.5789325969489964E-05   4   1 2  0 1  0 0  0 0
   140  0.9880391180485555E-06   4   0 3  0 1  0 0  0 0
   141  -.6836132318186200E-01   4   2 0  1 1  0 0  0 0
   142  -.2859616678016674E-01   4   1 1  1 1  0 0  0 0
   143  -.5421520050986466E-01   4   0 2  1 1  0 0  0 0
   144  0.2825858542560946E-05   4   1 0  2 1  0 0  0 0
   145  0.1878843415228850E-04   4   0 1  2 1  0 0  0 0
   146  -.1067448247470979       4   0 0  3 1  0 0  0 0
   147  -.1476112757695602       4   2 0  0 2  0 0  0 0
   148  0.4070638669495747E-01   4   1 1  0 2  0 0  0 0
   149  -.1285193456764420       4   0 2  0 2  0 0  0 0
   150  0.3640236184679588E-05   4   1 0  1 2  0 0  0 0
   151  0.7435259521869204E-05   4   0 1  1 2  0 0  0 0
   152  -.2270899952834576       4   0 0  2 2  0 0  0 0
   153  0.4248393935872347E-05   4   1 0  0 3  0 0  0 0
   154  0.1019769285208681E-05   4   0 1  0 3  0 0  0 0
   155  -.1113975509110885       4   0 0  1 3  0 0  0 0
   156  -.7342429189123019E-01   4   0 0  0 4  0 0  0 0
   157  0.1587066085408745E-04   4   3 0  0 0  0 1  0 0
   158  -.5587159260562145E-04   4   2 1  0 0  0 1  0 0
   159  -.6086082516068609E-04   4   1 2  0 0  0 1  0 0
   160  0.6623822516361693E-04   4   0 3  0 0  0 1  0 0
   161  -.4735089277794584E-05   4   2 0  1 0  0 1  0 0
   162  0.1529985452341365E-04   4   1 1  1 0  0 1  0 0
   163  -.7944313874879050E-05   4   0 2  1 0  0 1  0 0
   164  0.1672707159299748E-04   4   1 0  2 0  0 1  0 0
   165  -.3400611764284918E-04   4   0 1  2 0  0 1  0 0
   166  -.9013415149250633E-05   4   0 0  3 0  0 1  0 0
   167  -.1427313651561421E-04   4   2 0  0 1  0 1  0 0
   168  0.7669814241609523E-05   4   1 1  0 1  0 1  0 0
   169  -.2289271845713996E-04   4   0 2  0 1  0 1  0 0
   170  0.4854656695528937E-04   4   1 0  1 1  0 1  0 0
   171  0.3132426249841072E-04   4   0 1  1 1  0 1  0 0
   172  -.4135431816659729E-04   4   0 0  2 1  0 1  0 0
   173  -.2439276060430606E-04   4   1 0  0 2  0 1  0 0
   174  0.7794801492943237E-04   4   0 1  0 2  0 1  0 0
   175  -.2626924556495898E-04   4   0 0  1 2  0 1  0 0
   176  -.2663553645848183E-04   4   0 0  0 3  0 1  0 0
   177  0.6609605696238455E-05   4   3 0  0 0  0 0  1 0
   178  -.2021205681125127E-04   4   2 1  0 0  0 0  1 0
   179  -.3651084819680649E-04   4   1 2  0 0  0 0  1 0
   180  0.3893415519988948E-04   4   0 3  0 0  0 0  1 0
   181  -.2396310664244567E-05   4   2 0  1 0  0 0  1 0
   182  0.4873281122297067E-05   4   1 1  1 0  0 0  1 0
   183  -.4473716292140675E-05   4   0 2  1 0  0 0  1 0
   184  0.8867071042648025E-05   4   1 0  2 0  0 0  1 0
   185  -.2017542423562712E-04   4   0 1  2 0  0 0  1 0
   186  -.4603222376113369E-05   4   0 0  3 0  0 0  1 0
   187  -.8553985127146351E-05   4   2 0  0 1  0 0  1 0
   188  0.4511247184149143E-05   4   1 1  0 1  0 0  1 0
   189  -.1373935114725992E-04   4   0 2  0 1  0 0  1 0
   190  0.1696215920069906E-04   4   1 0  1 1  0 0  1 0
   191  0.1913646645979616E-04   4   0 1  1 1  0 0  1 0
   192  -.2116115167650932E-04   4   0 0  2 1  0 0  1 0
   193  -.1336842751392248E-04   4   1 0  0 2  0 0  1 0
   194  0.4678061463736964E-04   4   0 1  0 2  0 0  1 0
   195  -.1648390077939310E-04   4   0 0  1 2  0 0  1 0
   196  -.1625391247356340E-04   4   0 0  0 3  0 0  1 0
   197  -.1637402892848913E-04   4   3 0  0 0  0 0  0 1
   198  0.2361352735542605E-04   4   2 1  0 0  0 0  0 1
   199  0.2093604979838642E-04   4   1 2  0 0  0 0  0 1
   200  0.2916397361921008E-05   4   0 3  0 0  0 0  0 1
   201  0.4625565830700652E-05   4   2 0  1 0  0 0  0 1
   202  -.1077559829995661E-04   4   1 1  1 0  0 0  0 1
   203  0.3495251261746638E-05   4   0 2  1 0  0 0  0 1
   204  -.1582254575088140E-04   4   1 0  2 0  0 0  0 1
   205  0.1099097388866154E-04   4   0 1  2 0  0 0  0 1
   206  0.9704154462521750E-05   4   0 0  3 0  0 0  0 1
   207  0.6295552235564854E-05   4   2 0  0 1  0 0  0 1
   208  -.2890533018638152E-05   4   1 1  0 1  0 0  0 1
   209  -.2027828626785301E-06   4   0 2  0 1  0 0  0 1
   210  -.3048138361313452E-04   4   1 0  1 1  0 0  0 1
   211  -.1326280734544932E-04   4   0 1  1 1  0 0  0 1
   212  0.2567698764177275E-04   4   0 0  2 1  0 0  0 1
   213  0.1089786717124893E-04   4   1 0  0 2  0 0  0 1
   214  -.8788730304006348E-06   4   0 1  0 2  0 0  0 1
   215  0.1097803375224888E-04   4   0 0  1 2  0 0  0 1
   216  0.1039469439998759E-05   4   0 0  0 3  0 0  0 1
   217  -.1173597032302152E-01   4   2 0  0 0  0 2  0 0
   218  0.8565048317875422E-01   4   1 1  0 0  0 2  0 0
   219  -.1555933555630676       4   0 2  0 0  0 2  0 0
   220  -.1027625594827550E-07   4   1 0  1 0  0 2  0 0
   221  0.4877443281690026E-05   4   0 1  1 0  0 2  0 0
   222  -.1154393239753893E-01   4   0 0  2 0  0 2  0 0
   223  0.4879605204283455E-05   4   1 0  0 1  0 2  0 0
   224  0.3441809284256997E-06   4   0 1  0 1  0 2  0 0
   225  -.8905910921227114E-01   4   0 0  1 1  0 2  0 0
   226  -.1617786975840980       4   0 0  0 2  0 2  0 0
   227  -.4689461367948565E-02   4   2 0  0 0  0 1  1 0
   228  0.3361113733317302E-01   4   1 1  0 0  0 1  1 0
   229  -.6112639122996123E-01   4   0 2  0 0  0 1  1 0
   230  -.7222371278240336E-08   4   1 0  1 0  0 1  1 0
   231  0.1941226571086623E-05   4   0 1  1 0  0 1  1 0
   232  -.4558658473489372E-02   4   0 0  2 0  0 1  1 0
   233  0.1939121754148444E-05   4   1 0  0 1  0 1  1 0
   234  0.2325346668872555E-06   4   0 1  0 1  0 1  1 0
   235  -.3586643770542913E-01   4   0 0  1 1  0 1  1 0
   236  -.6521857752520786E-01   4   0 0  0 2  0 1  1 0
   237  -.2352516239259161E-02   4   2 0  0 0  0 0  2 0
   238  0.1686392387115884E-01   4   1 1  0 0  0 0  2 0
   239  -.3066903349039249E-01   4   0 2  0 0  0 0  2 0
   240  -.3607083914506233E-08   4   1 0  1 0  0 0  2 0
   241  0.9739974332785138E-06   4   0 1  1 0  0 0  2 0
   242  -.2287122716342567E-02   4   0 0  2 0  0 0  2 0
   243  0.9727434699683838E-06   4   1 0  0 1  0 0  2 0
   244  0.1162729356565505E-06   4   0 1  0 1  0 0  2 0
   245  -.1799159752692111E-01   4   0 0  1 1  0 0  2 0
   246  -.3271517070855540E-01   4   0 0  0 2  0 0  2 0
   247  0.1876750894442905E-01   4   2 0  0 0  0 1  0 1
   248  -.6718246967265816E-01   4   1 1  0 0  0 1  0 1
   249  -.2885605132131974E-02   4   0 2  0 0  0 1  0 1
   250  0.2102650807734989E-07   4   1 0  1 0  0 1  0 1
   251  -.3877266056877465E-05   4   0 1  1 0  0 1  0 1
   252  0.1837926420701070E-01   4   0 0  2 0  0 1  0 1
   253  -.3878643088259251E-05   4   1 0  0 1  0 1  0 1
   254  -.2260256361985005E-06   4   0 1  0 1  0 1  0 1
   255  0.7169302264820973E-01   4   0 0  1 1  0 1  0 1
   256  0.1159374526563300E-02   4   0 0  0 2  0 1  0 1
   257  0.6257045922127676E-02   4   2 0  0 0  0 0  1 1
   258  -.2185213038309489E-01   4   1 1  0 0  0 0  1 1
   259  -.1516919681783177E-02   4   0 2  0 0  0 0  1 1
   260  0.1091663878716908E-07   4   1 0  1 0  0 0  1 1
   261  -.1283425831389635E-05   4   0 1  1 0  0 0  1 1
   262  0.6059465288147050E-02   4   0 0  2 0  0 0  1 1
   263  -.1282536581373656E-05   4   1 0  0 1  0 0  1 1
   264  -.1117297893377056E-06   4   0 1  0 1  0 0  1 1
   265  0.2409033153151164E-01   4   0 0  1 1  0 0  1 1
   266  0.4821119387545380E-03   4   0 0  0 2  0 0  1 1
   267  -.6246604974731179E-02   4   2 0  0 0  0 0  0 2
   268  -.8914664236062121E-03   4   1 1  0 0  0 0  0 2
   269  0.1490045505722468E-03   4   0 2  0 0  0 0  0 2
   270  -.1080024482471723E-07   4   1 0  1 0  0 0  0 2
   271  -.1895974502586367E-07   4   0 1  1 0  0 0  0 2
   272  -.6049012685126631E-02   4   0 0  2 0  0 0  0 2
   273  -.1900418191858794E-07   4   1 0  0 1  0 0  0 2
   274  -.2608395750403875E-08   4   0 1  0 1  0 0  0 2
   275  -.2104720667997133E-03   4   0 0  1 1  0 0  0 2
   276  0.1961234131739158E-03   4   0 0  0 2  0 0  0 2
   277  -.1190858659053148E-04   4   1 0  0 0  0 3  0 0
   278  0.4328025144004961E-04   4   0 1  0 0  0 3  0 0
   279  -.3810648540387905E-05   4   0 0  1 0  0 3  0 0
   280  -.1380714069317624E-04   4   0 0  0 1  0 3  0 0
   281  -.4985170077836218E-05   4   1 0  0 0  0 2  1 0
   282  0.1812692817987925E-04   4   0 1  0 0  0 2  1 0
   283  -.1650136596917531E-05   4   0 0  1 0  0 2  1 0
   284  -.5979880622491532E-05   4   0 0  0 1  0 2  1 0
   285  -.2973157741968095E-05   4   1 0  0 0  0 1  2 0
   286  0.1081384612303857E-04   4   0 1  0 0  0 1  2 0
   287  -.9925737027221967E-06   4   0 0  1 0  0 1  2 0
   288  -.3598096954425255E-05   4   0 0  0 1  0 1  2 0
   289  -.1671018487594618E-05   4   1 0  0 0  0 0  3 0
   290  0.6076067545138022E-05   4   0 1  0 0  0 0  3 0
   291  -.5528898782106890E-06   4   0 0  1 0  0 0  3 0
   292  -.2003595592466332E-05   4   0 0  0 1  0 0  3 0
   293  0.1004980636218758E-04   4   1 0  0 0  0 2  0 1
   294  0.6914456619071785E-06   4   0 1  0 0  0 2  0 1
   295  0.3295382391218607E-05   4   0 0  1 0  0 2  0 1
   296  0.9677660066172048E-07   4   0 0  0 1  0 2  0 1
   297  0.3865259249379276E-05   4   1 0  0 0  0 1  1 1
   298  0.5843916568566426E-06   4   0 1  0 0  0 1  1 1
   299  0.1335955219256707E-05   4   0 0  1 0  0 1  1 1
   300  0.6055204146809166E-07   4   0 0  0 1  0 1  1 1
   301  0.1939673369456402E-05   4   1 0  0 0  0 0  2 1
   302  0.2918828257222659E-06   4   0 1  0 0  0 0  2 1
   303  0.6701156759082989E-06   4   0 0  1 0  0 0  2 1
   304  0.3028541385035144E-07   4   0 0  0 1  0 0  2 1
   305  0.1237722410275262E-06   4   1 0  0 0  0 1  0 2
   306  -.4251563016860132E-07   4   0 1  0 0  0 1  0 2
   307  -.2114684878371175E-07   4   0 0  1 0  0 1  0 2
   308  0.1523404847893803E-07   4   0 0  0 1  0 1  0 2
   309  0.7759857667868405E-07   4   1 0  0 0  0 0  1 2
   310  -.2999133395181346E-07   4   0 1  0 0  0 0  1 2
   311  -.9216498119663357E-08   4   0 0  1 0  0 0  1 2
   312  0.1121062514161336E-07   4   0 0  0 1  0 0  1 2
   313  -.1145057870480064E-08   4   1 0  0 0  0 0  0 3
   314  -.8595653359468068E-10   4   0 1  0 0  0 0  0 3
   315  -.4090954664596436E-09   4   0 0  1 0  0 0  0 3
   316  -.2337343917739092E-10   4   0 0  0 1  0 0  0 3
   317  -.4640149237466761E-01   4   0 0  0 0  0 4  0 0
   318  0.2653802175305382E-01   4   0 0  0 0  0 3  1 0
   319  0.7977602155017948E-02   4   0 0  0 0  0 2  2 0
   320  0.5370618917110152E-02   4   0 0  0 0  0 1  3 0
   321  0.6515243159942660E-02   4   0 0  0 0  0 0  4 0
   322  -.1567041687859384E-09   4   0 0  0 0  0 3  0 1
   323  0.3614668476061604E-10   4   0 0  0 0  0 2  1 1
   324  -.1056868309052227E-10   4   0 0  0 0  0 1  2 1
   325  0.1174702218643403E-10   4   0 0  0 0  0 0  3 1
   326  -.2018137729719733E-11   4   0 0  0 0  0 2  0 2
   327  0.6174991623100982E-11   4   0 0  0 0  0 1  1 2
   328  0.3055411926536304E-11   4   0 0  0 0  0 0  2 2
   329  0.1752751237813976E-13   4   0 0  0 0  0 1  0 3
   330  -.8182634143448823E-14   4   0 0  0 0  0 0  1 3
   ----------------------------------------------------
     I  COEFFICIENT            ORDER EXPONENTS
     1   1.000000000000000       1   0 0  0 0  0 1  0 0
     --------------------------------------------------
     I  COEFFICIENT            ORDER EXPONENTS
     1   1.000000000000000       1   0 0  0 0  0 0  1 0
     --------------------------------------------------
     I  COEFFICIENT            ORDER EXPONENTS
     1   1.000000000000000       1   0 0  0 0  0 0  0 1
     --------------------------------------------------
