     I  COEFFICIENT            ORDER EXPONENTS
     1   1.000000000000000       1   1 0  0 0  0 0  0 0
     2   1.750011000000000       1   0 1  0 0  0 0  0 0
     3  -.8764690144155476       2   0 1  0 0  0 1  0 0
     4  -.8735419855844524       2   0 1  0 0  0 0  1 0
     5  0.8750055000000000       3   0 3  0 0  0 0  0 0
     6  0.8750055000000000       3   0 1  0 2  0 0  0 0
     7  0.6569877180886149       3   0 1  0 0  0 2  0 0
     8  0.4389625926538651       3   0 1  0 0  0 1  1 0
     9  0.6540606892575198       3   0 1  0 0  0 0  2 0
    10  -1.314703521623321       4   0 3  0 0  0 1  0 0
    11  -1.314703521623321       4   0 1  0 2  0 1  0 0
    12  -1.310312978376678       4   0 3  0 0  0 0  1 0
    13  -1.310312978376678       4   0 1  0 2  0 0  1 0
    14  -.5474281759051283       4   0 1  0 0  0 3  0 0
    15  -.3286786265504602       4   0 1  0 0  0 2  1 0
    16  -.3297652624303377       4   0 1  0 0  0 1  2 0
    17  -.5441389351140739       4   0 1  0 0  0 0  3 0
    ---------------------------------------------------
     I  COEFFICIENT            ORDER EXPONENTS
     1   1.000000000000000       1   0 1  0 0  0 0  0 0
     --------------------------------------------------
     I  COEFFICIENT            ORDER EXPONENTS
     1   1.000000000000000       1   0 0  1 0  0 0  0 0
     2   1.750011000000000       1   0 0  0 1  0 0  0 0
     3  -.8764690144155476       2   0 0  0 1  0 1  0 0
     4  -.8735419855844524       2   0 0  0 1  0 0  1 0
     5  0.8750055000000000       3   0 2  0 1  0 0  0 0
     6  0.8750055000000000       3   0 0  0 3  0 0  0 0
     7  0.6569877180886149       3   0 0  0 1  0 2  0 0
     8  0.4389625926538651       3   0 0  0 1  0 1  1 0
     9  0.6540606892575198       3   0 0  0 1  0 0  2 0
    10  -1.314703521623321       4   0 2  0 1  0 1  0 0
    11  -1.314703521623321       4   0 0  0 3  0 1  0 0
    12  -1.310312978376678       4   0 2  0 1  0 0  1 0
    13  -1.310312978376678       4   0 0  0 3  0 0  1 0
    14  -.5474281759051283       4   0 0  0 1  0 3  0 0
    15  -.3286786265504602       4   0 0  0 1  0 2  1 0
    16  -.3297652624303377       4   0 0  0 1  0 1  2 0
    17  -.5441389351140739       4   0 0  0 1  0 0  3 0
    ---------------------------------------------------
     I  COEFFICIENT            ORDER EXPONENTS
     1   1.000000000000000       1   0 0  0 1  0 0  0 0
     --------------------------------------------------
     I  COEFFICIENT            ORDER EXPONENTS
     1   1.000000000000000       1   0 0  0 0  1 0  0 0
     2  0.4360404595050132       1   0 0  0 0  0 1  0 0
     3  -.4360404595050131       1   0 0  0 0  0 0  1 0
     4  -.4382345072077739       2   0 2  0 0  0 0  0 0
     5  -.4382345072077739       2   0 0  0 2  0 0  0 0
     6  -.3275773281890754       2   0 0  0 0  0 2  0 0
     7  0.2191141968731378       2   0 0  0 0  0 1  1 0
     8  0.1084631313159376       2   0 0  0 0  0 0  2 0
     9  0.6569877180886150       3   0 2  0 0  0 1  0 0
    10  0.6569877180886150       3   0 0  0 2  0 1  0 0
    11  0.2194812963269327       3   0 2  0 0  0 0  1 0
    12  0.2194812963269327       3   0 0  0 2  0 0  1 0
    13  0.2730730331445620       3   0 0  0 0  0 3  0 0
    14  -.1640644430555348       3   0 0  0 0  0 2  1 0
    15  -.5504975381760273E-01   3   0 0  0 0  0 1  2 0
    16  -.5395883627142423E-01   3   0 0  0 0  0 0  3 0
    17  -.3286758804058304       4   0 4  0 0  0 0  0 0
    18  -.6573517608116608       4   0 2  0 2  0 0  0 0
    19  -.3286758804058304       4   0 0  0 4  0 0  0 0
    20  -.8211422638576925       4   0 2  0 0  0 2  0 0
    21  -.8211422638576925       4   0 0  0 2  0 2  0 0
    22  -.3286786265504602       4   0 2  0 0  0 1  1 0
    23  -.3286786265504602       4   0 0  0 2  0 1  1 0
    24  -.1648826312151691       4   0 2  0 0  0 0  2 0
    25  -.1648826312151691       4   0 0  0 2  0 0  2 0
    26  -.2389732821881817       4   0 0  0 0  0 4  0 0
    27  0.1366740293190410       4   0 0  0 0  0 3  1 0
    28  0.4108562060474055E-01   4   0 0  0 0  0 2  2 0
    29  0.2765934008110891E-01   4   0 0  0 0  0 1  3 0
    30  0.3355429218329087E-01   4   0 0  0 0  0 0  4 0
    ---------------------------------------------------
     I  COEFFICIENT            ORDER EXPONENTS
     1   1.000000000000000       1   0 0  0 0  0 1  0 0
     --------------------------------------------------
     I  COEFFICIENT            ORDER EXPONENTS
     1   1.000000000000000       1   0 0  0 0  0 0  1 0
     --------------------------------------------------
     I  COEFFICIENT            ORDER EXPONENTS
     1   1.000000000000000       1   0 0  0 0  0 0  0 1
     --------------------------------------------------
