     I  COEFFICIENT            ORDER EXPONENTS
     1   1.000000000000000       1   1 0  0 0  0 0  0 0
     2  0.3516430000000000       1   0 1  0 0  0 0  0 0
     3  -.1761155750656004       2   0 1  0 0  0 1  0 0
     4  -.1755274249343996       2   0 1  0 0  0 0  1 0
     5  0.1758215000000000       3   0 3  0 0  0 0  0 0
     6  0.1758215000000000       3   0 1  0 2  0 0  0 0
     7  0.1320135314302795       3   0 1  0 0  0 2  0 0
     8  0.8820408727064177E-01   3   0 1  0 0  0 1  1 0
     9  0.1314253812990787       3   0 1  0 0  0 0  2 0
    10  -.2641733625984006       4   0 3  0 0  0 1  0 0
    11  -.2641733625984006       4   0 1  0 2  0 1  0 0
    12  -.2632911374015994       4   0 3  0 0  0 0  1 0
    13  -.2632911374015994       4   0 1  0 2  0 0  1 0
    14  -.1099989006125144       4   0 1  0 0  0 3  0 0
    15  -.6604389245329512E-01   4   0 1  0 0  0 2  1 0
    16  -.6626223845266757E-01   4   0 1  0 0  0 1  2 0
    17  -.1093379684815228       4   0 1  0 0  0 0  3 0
    ---------------------------------------------------
     I  COEFFICIENT            ORDER EXPONENTS
     1   1.000000000000000       1   0 1  0 0  0 0  0 0
     --------------------------------------------------
     I  COEFFICIENT            ORDER EXPONENTS
     1   1.000000000000000       1   0 0  1 0  0 0  0 0
     2  0.3516430000000000       1   0 0  0 1  0 0  0 0
     3  -.1761155750656004       2   0 0  0 1  0 1  0 0
     4  -.1755274249343996       2   0 0  0 1  0 0  1 0
     5  0.1758215000000000       3   0 2  0 1  0 0  0 0
     6  0.1758215000000000       3   0 0  0 3  0 0  0 0
     7  0.1320135314302795       3   0 0  0 1  0 2  0 0
     8  0.8820408727064177E-01   3   0 0  0 1  0 1  1 0
     9  0.1314253812990787       3   0 0  0 1  0 0  2 0
    10  -.2641733625984006       4   0 2  0 1  0 1  0 0
    11  -.2641733625984006       4   0 0  0 3  0 1  0 0
    12  -.2632911374015994       4   0 2  0 1  0 0  1 0
    13  -.2632911374015994       4   0 0  0 3  0 0  1 0
    14  -.1099989006125144       4   0 0  0 1  0 3  0 0
    15  -.6604389245329512E-01   4   0 0  0 1  0 2  1 0
    16  -.6626223845266757E-01   4   0 0  0 1  0 1  2 0
    17  -.1093379684815228       4   0 0  0 1  0 0  3 0
    ---------------------------------------------------
     I  COEFFICIENT            ORDER EXPONENTS
     1   1.000000000000000       1   0 0  0 1  0 0  0 0
     --------------------------------------------------
     I  COEFFICIENT            ORDER EXPONENTS
     1   1.000000000000000       1   0 0  0 0  1 0  0 0
     2  0.8761692086605247E-01   1   0 0  0 0  0 1  0 0
     3  -.8761692086605245E-01   1   0 0  0 0  0 0  1 0
     4  -.8805778753280021E-01   2   0 2  0 0  0 0  0 0
     5  -.8805778753280021E-01   2   0 0  0 2  0 0  0 0
     6  -.6582260021016499E-01   2   0 0  0 0  0 2  0 0
     7  0.4402827955427753E-01   2   0 0  0 0  0 1  1 0
     8  0.2179432065588745E-01   2   0 0  0 0  0 0  2 0
     9  0.1320135314302795       3   0 2  0 0  0 1  0 0
    10  0.1320135314302795       3   0 0  0 2  0 1  0 0
    11  0.4410204363532093E-01   3   0 2  0 0  0 0  1 0
    12  0.4410204363532093E-01   3   0 0  0 2  0 0  1 0
    13  0.5487063829544683E-01   3   0 0  0 0  0 3  0 0
    14  -.3296671446601047E-01   3   0 0  0 0  0 2  1 0
    15  -.1106156508826703E-01   3   0 0  0 0  0 1  2 0
    16  -.1084235874116930E-01   3   0 0  0 0  0 0  3 0
    17  -.6604334064960016E-01   4   0 4  0 0  0 0  0 0
    18  -.1320866812992003       4   0 2  0 2  0 0  0 0
    19  -.6604334064960016E-01   4   0 0  0 4  0 0  0 0
    20  -.1649983509187717       4   0 2  0 0  0 2  0 0
    21  -.1649983509187717       4   0 0  0 2  0 2  0 0
    22  -.6604389245329513E-01   4   0 2  0 0  0 1  1 0
    23  -.6604389245329513E-01   4   0 0  0 2  0 1  1 0
    24  -.3313111922633382E-01   4   0 2  0 0  0 0  2 0
    25  -.3313111922633382E-01   4   0 0  0 2  0 0  2 0
    26  -.4801871637863921E-01   4   0 0  0 0  0 4  0 0
    27  0.2746295062821636E-01   4   0 0  0 0  0 3  1 0
    28  0.8255645756691112E-02   4   0 0  0 0  0 2  2 0
    29  0.5557801250472933E-02   4   0 0  0 0  0 1  3 0
    30  0.6742318743258726E-02   4   0 0  0 0  0 0  4 0
    ---------------------------------------------------
     I  COEFFICIENT            ORDER EXPONENTS
     1   1.000000000000000       1   0 0  0 0  0 1  0 0
     --------------------------------------------------
     I  COEFFICIENT            ORDER EXPONENTS
     1   1.000000000000000       1   0 0  0 0  0 0  1 0
     --------------------------------------------------
     I  COEFFICIENT            ORDER EXPONENTS
     1   1.000000000000000       1   0 0  0 0  0 0  0 1
     --------------------------------------------------
